0.422316  4.39237  6.30911  6.08002  1.79769e+308  1.79769e+308  0.422316  4.39237  
0.955473  3.77427  6.30911  6.08002  1.79769e+308  1.79769e+308  0.955473  3.77427  
0.871454  3.67553  6.30911  6.08002  1.79769e+308  1.79769e+308  0.871454  3.67553  
2.89165  1.17778  6.30911  6.08002  1.79769e+308  1.79769e+308  2.89165  1.17778  
2.44823  1.90935  6.30911  6.08002  1.79769e+308  1.79769e+308  2.44823  1.90935  
1.86279  2.87317  6.30911  6.08002  1.79769e+308  1.79769e+308  1.86279  2.87317  
1.83789  2.24603  6.30911  6.08002  1.79769e+308  1.79769e+308  1.83789  2.24603  
2.21813  1.67037  6.30911  6.08002  1.79769e+308  1.79769e+308  2.21813  1.67037  
0.837554  4.10328  6.30911  6.08002  1.79769e+308  1.79769e+308  0.837554  4.10328  
1.14831  3.7273  6.30911  6.08002  1.79769e+308  1.79769e+308  1.14831  3.7273  
2.18253  2.14254  6.30911  6.08002  1.79769e+308  1.79769e+308  2.18253  2.14254  
1.22802  3.68341  6.30911  6.08002  1.79769e+308  1.79769e+308  1.22802  3.68341  
1.63241  3.9152  6.30911  6.08002  1.79769e+308  1.79769e+308  1.63241  3.9152  
4.33132  0.339919  6.30911  6.08002  1.79769e+308  1.79769e+308  4.33132  0.339919  
1.24585  3.78979  6.30911  6.08002  1.79769e+308  1.79769e+308  1.24585  3.78979  
2.29227  1.11244  6.30911  6.08002  1.79769e+308  1.79769e+308  2.29227  1.11244  
4.35052  0.126739  6.30911  6.08002  1.79769e+308  1.79769e+308  4.35052  0.126739  
1.70114  2.76903  6.30911  6.08002  1.79769e+308  1.79769e+308  1.70114  2.76903  
1.42802  3.51678  6.30911  6.08002  1.79769e+308  1.79769e+308  1.42802  3.51678  
2.70711  1.57699  6.30911  6.08002  1.79769e+308  1.79769e+308  2.70711  1.57699  
2.6346  1.28567  6.30911  6.08002  1.79769e+308  1.79769e+308  2.6346  1.28567  
1.4244  4.03889  6.30911  6.08002  1.79769e+308  1.79769e+308  1.4244  4.03889  
1.01786  2.94158  6.30911  6.08002  1.79769e+308  1.79769e+308  1.01786  2.94158  
3.52261  0.806229  6.30911  6.08002  1.79769e+308  1.79769e+308  3.52261  0.806229  
0.733393  4.52778  6.30911  6.08002  1.79769e+308  1.79769e+308  0.733393  4.52778  
2.74418  1.08628  6.30911  6.08002  1.79769e+308  1.79769e+308  2.74418  1.08628  
0.223649  3.93682  6.30911  6.08002  1.79769e+308  1.79769e+308  0.223649  3.93682  
1.78212  2.87344  6.30911  6.08002  1.79769e+308  1.79769e+308  1.78212  2.87344  
1.37432  3.61883  6.30911  6.08002  1.79769e+308  1.79769e+308  1.37432  3.61883  
4.37164  0.27082  6.30911  6.08002  1.79769e+308  1.79769e+308  4.37164  0.27082  
2.91851  0.796633  6.30911  6.08002  1.79769e+308  1.79769e+308  2.91851  0.796633  
0.192231  3.34167  6.30911  6.08002  1.79769e+308  1.79769e+308  0.192231  3.34167  
4.47657  0.0210137  6.30911  6.08002  1.79769e+308  1.79769e+308  4.47657  0.0210137  
4.76771  0.573973  6.30911  6.08002  1.79769e+308  1.79769e+308  4.76771  0.573973  
0.163979  4.38355  6.30911  6.08002  1.79769e+308  1.79769e+308  0.163979  4.38355  
2.1899  1.25397  6.30911  6.08002  1.79769e+308  1.79769e+308  2.1899  1.25397  
0.960578  4.03578  6.30911  6.08002  1.79769e+308  1.79769e+308  0.960578  4.03578  
3.97056  0.710212  6.30911  6.08002  1.79769e+308  1.79769e+308  3.97056  0.710212  
3.72954  0.272204  6.30911  6.08002  1.79769e+308  1.79769e+308  3.72954  0.272204  
2.21496  1.68308  6.30911  6.08002  1.79769e+308  1.79769e+308  2.21496  1.68308  
0.781585  4.0521  6.30911  6.08002  1.79769e+308  1.79769e+308  0.781585  4.0521  
0.042669  4.28115  6.30911  6.08002  1.79769e+308  1.79769e+308  0.042669  4.28115  
1.59071  3.85612  6.30911  6.08002  1.79769e+308  1.79769e+308  1.59071  3.85612  
4.71282  0.227412  6.30911  6.08002  1.79769e+308  1.79769e+308  4.71282  0.227412  
1.84092  3.18323  6.30911  6.08002  1.79769e+308  1.79769e+308  1.84092  3.18323  
2.42225  2.56905  6.30911  6.08002  1.79769e+308  1.79769e+308  2.42225  2.56905  
0.860396  4.55115  6.30911  6.08002  1.79769e+308  1.79769e+308  0.860396  4.55115  
4.13788  0.0370046  6.30911  6.08002  1.79769e+308  1.79769e+308  4.13788  0.0370046  
2.78173  1.5112  6.30911  6.08002  1.79769e+308  1.79769e+308  2.78173  1.5112  
2.91608  0.833604  6.30911  6.08002  1.79769e+308  1.79769e+308  2.91608  0.833604  
2.13325  1.5666  6.30911  6.08002  1.79769e+308  1.79769e+308  2.13325  1.5666  
2.4637  1.00579  6.30911  6.08002  1.79769e+308  1.79769e+308  2.4637  1.00579  
1.70218  3.09185  6.30911  6.08002  1.79769e+308  1.79769e+308  1.70218  3.09185  
1.55452  3.59354  6.30911  6.08002  1.79769e+308  1.79769e+308  1.55452  3.59354  
3.99213  0.990078  6.30911  6.08002  1.79769e+308  1.79769e+308  3.99213  0.990078  
3.45069  0.762797  6.30911  6.08002  1.79769e+308  1.79769e+308  3.45069  0.762797  
0.934992  3.84657  6.30911  6.08002  1.79769e+308  1.79769e+308  0.934992  3.84657  
0.187204  3.41744  6.30911  6.08002  1.79769e+308  1.79769e+308  0.187204  3.41744  
2.56663  1.44054  6.30911  6.08002  1.79769e+308  1.79769e+308  2.56663  1.44054  
0.270006  5.08002  6.30911  6.08002  1.79769e+308  1.79769e+308  0.270006  5.08002  
2.35501  1.38785  6.30911  6.08002  1.79769e+308  1.79769e+308  2.35501  1.38785  
0.158286  5.02744  6.30911  6.08002  1.79769e+308  1.79769e+308  0.158286  5.02744  
1.7946  1.65314  6.30911  6.08002  1.79769e+308  1.79769e+308  1.7946  1.65314  
2.88653  1.38419  6.30911  6.08002  1.79769e+308  1.79769e+308  2.88653  1.38419  
5.17439  0.346517  6.30911  6.08002  1.79769e+308  1.79769e+308  5.17439  0.346517  
2.97645  0.767546  6.30911  6.08002  1.79769e+308  1.79769e+308  2.97645  0.767546  
2.3039  1.09491  6.30911  6.08002  1.79769e+308  1.79769e+308  2.3039  1.09491  
0.829932  4.06954  6.30911  6.08002  1.79769e+308  1.79769e+308  0.829932  4.06954  
0.276775  4.1993  6.30911  6.08002  1.79769e+308  1.79769e+308  0.276775  4.1993  
2.66996  1.69325  6.30911  6.08002  1.79769e+308  1.79769e+308  2.66996  1.69325  
0.445641  4.47734  6.30911  6.08002  1.79769e+308  1.79769e+308  0.445641  4.47734  
0.954342  4.61764  6.30911  6.08002  1.79769e+308  1.79769e+308  0.954342  4.61764  
3.71269  0.670557  6.30911  6.08002  1.79769e+308  1.79769e+308  3.71269  0.670557  
3.32817  0.837064  6.30911  6.08002  1.79769e+308  1.79769e+308  3.32817  0.837064  
1.06546  2.73683  6.30911  6.08002  1.79769e+308  1.79769e+308  1.06546  2.73683  
2.93091  1.26329  6.30911  6.08002  1.79769e+308  1.79769e+308  2.93091  1.26329  
4.55858  0.881665  6.30911  6.08002  1.79769e+308  1.79769e+308  4.55858  0.881665  
0.579346  3.89136  6.30911  6.08002  1.79769e+308  1.79769e+308  0.579346  3.89136  
0.105047  4.01007  6.30911  6.08002  1.79769e+308  1.79769e+308  0.105047  4.01007  
1.46073  2.08866  6.30911  6.08002  1.79769e+308  1.79769e+308  1.46073  2.08866  
2.34329  1.74593  6.30911  6.08002  1.79769e+308  1.79769e+308  2.34329  1.74593  
3.5578  0.690544  6.30911  6.08002  1.79769e+308  1.79769e+308  3.5578  0.690544  
1.94089  3.5446  6.30911  6.08002  1.79769e+308  1.79769e+308  1.94089  3.5446  
2.19575  2.32643  6.30911  6.08002  1.79769e+308  1.79769e+308  2.19575  2.32643  
0.575591  3.97154  6.30911  6.08002  1.79769e+308  1.79769e+308  0.575591  3.97154  
2.54034  1.40508  6.30911  6.08002  1.79769e+308  1.79769e+308  2.54034  1.40508  
0.118538  3.59417  6.30911  6.08002  1.79769e+308  1.79769e+308  0.118538  3.59417  
0.580676  3.54274  6.30911  6.08002  1.79769e+308  1.79769e+308  0.580676  3.54274  
5.30911  0.237758  6.30911  6.08002  1.79769e+308  1.79769e+308  5.30911  0.237758  
3.82032  0.493068  6.30911  6.08002  1.79769e+308  1.79769e+308  3.82032  0.493068  
2.88831  1.4925  6.30911  6.08002  1.79769e+308  1.79769e+308  2.88831  1.4925  
0.149273  4.96601  6.30911  6.08002  1.79769e+308  1.79769e+308  0.149273  4.96601  
0.688551  3.13123  6.30911  6.08002  1.79769e+308  1.79769e+308  0.688551  3.13123  
0.514298  4.99832  6.30911  6.08002  1.79769e+308  1.79769e+308  0.514298  4.99832  
2.37058  2.51724  6.30911  6.08002  1.79769e+308  1.79769e+308  2.37058  2.51724  
0.745623  3.30809  6.30911  6.08002  1.79769e+308  1.79769e+308  0.745623  3.30809  
0.398786  3.67659  6.30911  6.08002  1.79769e+308  1.79769e+308  0.398786  3.67659  
0.512303  4.18198  6.30911  6.08002  1.79769e+308  1.79769e+308  0.512303  4.18198  
2.27072  2.61549  6.30911  6.08002  1.79769e+308  1.79769e+308  2.27072  2.61549  
1.86819  3.2779  6.30911  6.08002  1.79769e+308  1.79769e+308  1.86819  3.2779  
3.52441  7.45385e-10  7.06153  6.91681  5.11482  5.69695  0.47428  4.14597  
1.1389  1.55895e-08  7.06153  6.91681  5.11482  5.69695  0.639803  4.04626  
1.18566e-11  3.79796  7.06153  6.91681  5.11482  5.69695  3.55371  0.795918  
0.551632  2.51925  7.06153  6.91681  5.11482  5.69695  5.9299  0.0210626  
1.11228e-11  1.02161  7.06153  6.91681  5.11482  5.69695  0.713352  3.92544  
3.71269  0.670557  7.06153  6.91681  5.11482  5.69695  0.0151605  4.69695  
0.641962  0.392686  7.06153  6.91681  5.11482  5.69695  1.31194  4.51713  
4.11482  7.11797e-12  7.06153  6.91681  5.11482  5.69695  0.0106241  4.52681  
1.24845e-11  1.14668  7.06153  6.91681  5.11482  5.69695  5.30103  0.644786  
1.30467e-11  1.19832  7.06153  6.91681  5.11482  5.69695  1.34642  0.351252  
3.71274  1.69632e-11  7.06153  6.91681  5.11482  5.69695  1.23166  0.330387  
0.641962  0.392686  7.06153  6.91681  5.11482  5.69695  0.150372  4.98598  
3.71269  0.670557  7.06153  6.91681  5.11482  5.69695  1.14583  4.45264  
4.67047e-12  1.02238  7.06153  6.91681  5.11482  5.69695  0.915799  0.290272  
1.15329e-11  1.05927  7.06153  6.91681  5.11482  5.69695  5.15669  0.856164  
0.551632  2.51925  7.06153  6.91681  5.11482  5.69695  0.149416  5.47667  
1.02037  0.00138779  7.06153  6.91681  5.11482  5.69695  0.935149  5.52272  
0.0152001  1.00471  7.06153  6.91681  5.11482  5.69695  2.27727  0.722949  
0.0131691  1.00844  7.06153  6.91681  5.11482  5.69695  0.0179522  5.02753  
1.01014  0.0116157  7.06153  6.91681  5.11482  5.69695  1.21778  4.26671  
0.0204014  1.00151  7.06153  6.91681  5.11482  5.69695  1.07442  0.288643  
1.01189  0.0098666  7.06153  6.91681  5.11482  5.69695  1.5981  4.17207  
0.960035  0.0795773  7.06153  6.91681  5.11482  5.69695  0.200338  4.76818  
0.0829637  0.943799  7.06153  6.91681  5.11482  5.69695  1.69073  0.454218  
1.01944  0.0023163  7.06153  6.91681  5.11482  5.69695  4.27965  1.06108  
0.972325  0.0539212  7.06153  6.91681  5.11482  5.69695  5.21557  0.162492  
0.0181757  1.00374  7.06153  6.91681  5.11482  5.69695  0.937863  0.247233  
0.990269  0.0314892  7.06153  6.91681  5.11482  5.69695  1.64338  0.428722  
0.0102742  1.01134  7.06153  6.91681  5.11482  5.69695  1.88945  3.24927  
2.30712e-11  1.02533  7.06153  6.91681  5.11482  5.69695  2.25062  0.59324  
0.0293157  0.992597  7.06153  6.91681  5.11482  5.69695  2.22893  0.598806  
0.0583107  0.963602  7.06153  6.91681  5.11482  5.69695  4.4391  7.25779e-09  
0.0560488  0.964918  7.06153  6.91681  5.11482  5.69695  1.02176  1.76748e-12  
0.983022  0.0470189  7.06153  6.91681  5.11482  5.69695  1.1666  0.311144  
3.7127  0.0642228  7.06153  6.91681  5.11482  5.69695  0.42306  3.81929  
1.00593  0.01583  7.06153  6.91681  5.11482  5.69695  1.6991  0.443259  
0.99798  0.023779  7.06153  6.91681  5.11482  5.69695  1.08023  0.284736  
0.0487058  0.971204  7.06153  6.91681  5.11482  5.69695  0.643963  3.78452  
0.980693  0.0487458  7.06153  6.91681  5.11482  5.69695  0.975898  0.250255  
0.999736  0.0220225  7.06153  6.91681  5.11482  5.69695  1.26856  0.328764  
0.00431515  1.0173  7.06153  6.91681  5.11482  5.69695  4.7379  0.000197442  
0.00770141  1.01421  7.06153  6.91681  5.11482  5.69695  0.671231  3.6853  
1.02176  1.76748e-12  7.06153  6.91681  5.11482  5.69695  0.723893  3.51417  
0.0131191  1.00879  7.06153  6.91681  5.11482  5.69695  1.62751  0.417605  
0.0151753  1.00473  7.06153  6.91681  5.11482  5.69695  1.58463  3.9198  
0.020044  1.00157  7.06153  6.91681  5.11482  5.69695  1.44464  4.43859  
0.0547854  0.965125  7.06153  6.91681  5.11482  5.69695  6.82926e-06  4.10278  
0.551844  1.3698  7.06153  6.91681  5.11482  5.69695  0.00430162  5.8096  
0.1735  0.850174  7.06153  6.91681  5.11482  5.69695  0.18156  4.32126  
1.00615  0.0156116  7.06153  6.91681  5.11482  5.69695  0.00352597  4.76204  
0.00856912  1.01134  7.06153  6.91681  5.11482  5.69695  0.314827  5.91681  
0.999108  0.0226502  7.06153  6.91681  5.11482  5.69695  0.116057  5.61381  
0.950423  0.0801655  7.06153  6.91681  5.11482  5.69695  4.24537  0.157922  
0.92023  0.195311  7.06153  6.91681  5.11482  5.69695  4.61197  0.000796182  
0.00433489  1.01728  7.06153  6.91681  5.11482  5.69695  1.41031  0.378881  
0.352931  0.669355  7.06153  6.91681  5.11482  5.69695  1.14015  0.306499  
0.073213  0.946697  7.06153  6.91681  5.11482  5.69695  5.68065  0.0563171  
0.933711  0.0950308  7.06153  6.91681  5.11482  5.69695  5.78805  0.0205588  
0.995757  0.026001  7.06153  6.91681  5.11482  5.69695  0.0617035  4.90656  
1.00098  0.0207762  7.06153  6.91681  5.11482  5.69695  1.04743  0.33252  
1.01997  0.00179154  7.06153  6.91681  5.11482  5.69695  5.54217  0.0165072  
1.15888  2.00468e-12  7.06153  6.91681  5.11482  5.69695  3.9672  0.70433  
0.0116872  1.00993  7.06153  6.91681  5.11482  5.69695  0.637846  0.390169  
1.02095  0.000808892  7.06153  6.91681  5.11482  5.69695  4.7248  0.311455  
0.00480293  1.01681  7.06153  6.91681  5.11482  5.69695  4.95797  0.341356  
1.00149  0.0202658  7.06153  6.91681  5.11482  5.69695  1.08895  0.345154  
0.0221217  0.999492  7.06153  6.91681  5.11482  5.69695  7.88866e-05  4.92367  
1.02169  6.38249e-05  7.06153  6.91681  5.11482  5.69695  1.20461  0.322943  
0.0763142  0.945299  7.06153  6.91681  5.11482  5.69695  0.109536  5.35655  
1.2733  5.01503e-12  7.06153  6.91681  5.11482  5.69695  1.06749  0.278453  
0.00793141  1.01368  7.06153  6.91681  5.11482  5.69695  0.36472  4.16854  
0.000212711  1.0197  7.06153  6.91681  5.11482  5.69695  2.29928  0.83338  
1.01515  0.00660952  7.06153  6.91681  5.11482  5.69695  5.26423  0.362441  
0.892685  0.282947  7.06153  6.91681  5.11482  5.69695  1.05813  4.11187  
0.00458115  1.01703  7.06153  6.91681  5.11482  5.69695  0.00434265  5.86502  
0.637846  0.390169  7.06153  6.91681  5.11482  5.69695  1.11043e-11  1.01991  
0.0421699  0.979443  7.06153  6.91681  5.11482  5.69695  0.308732  3.92543  
0.00525046  1.01666  7.06153  6.91681  5.11482  5.69695  1.31534  0.34671  
0.909378  0.196877  7.06153  6.91681  5.11482  5.69695  0.367258  4.02834  
0.0644928  0.957888  7.06153  6.91681  5.11482  5.69695  0.958438  3.72446  
1.02163  0.000126518  7.06153  6.91681  5.11482  5.69695  0.0721574  5.34524  
0.981245  0.0474968  7.06153  6.91681  5.11482  5.69695  4.30263  0.00395716  
0.00707199  1.01454  7.06153  6.91681  5.11482  5.69695  1.21871  0.314436  
0.0356269  0.985986  7.06153  6.91681  5.11482  5.69695  0.0914115  5.72552  
0.128739  0.892874  7.06153  6.91681  5.11482  5.69695  1.57605  0.465682  
0.988164  0.0335949  7.06153  6.91681  5.11482  5.69695  1.32711  3.74694  
0.031279  0.990633  7.06153  6.91681  5.11482  5.69695  0.0130807  5.5808  
1.01174  0.0100194  7.06153  6.91681  5.11482  5.69695  3.84509  0.099591  
0.0319943  0.987916  7.06153  6.91681  5.11482  5.69695  6.06153  0.00971479  
0.0312442  0.990668  7.06153  6.91681  5.11482  5.69695  4.07646  0.905359  
0.90892  0.236677  7.06153  6.91681  5.11482  5.69695  0.435519  4.17356  
0.119003  0.91161  7.06153  6.91681  5.11482  5.69695  0.0635215  5.05112  
0.0251359  0.996777  7.06153  6.91681  5.11482  5.69695  0.944509  0.253744  
0.985638  0.0401991  7.06153  6.91681  5.11482  5.69695  1.66751  4.12481  
1.01765  0.00411165  7.06153  6.91681  5.11482  5.69695  2.4168  0.637043  
0.0247602  0.997152  7.06153  6.91681  5.11482  5.69695  0.395317  4.23929  
0.0013745  1.01854  7.06153  6.91681  5.11482  5.69695  1.39861  0.368147  
0.0410513  0.980861  7.06153  6.91681  5.11482  5.69695  4.48944  0.0814122  
0.610955  1.18208  7.06153  6.91681  5.11482  5.69695  0.944976  0.246524  
0.0056051  1.01631  7.06153  6.91681  5.11482  5.69695  4.641  0.23834  
0.000660341  1.0138  7.21909  7.2164  3.22767  4.58863  1.93428  0.49414  
1.10442e-11  1.01439  7.21909  7.2164  3.22767  4.58863  0.132468  6.06212  
0.00670191  1.00769  7.21909  7.2164  3.22767  4.58863  1.2723  0.335394  
0.983525  0.0295734  7.21909  7.2164  3.22767  4.58863  0.756306  4.10465  
0.0125118  1.00188  7.21909  7.2164  3.22767  4.58863  0.991205  0.606317  
0.00399674  1.01039  7.21909  7.2164  3.22767  4.58863  2.12766  0.542831  
0.993315  0.0196829  7.21909  7.2164  3.22767  4.58863  0.0797706  5.73627  
0.954759  0.0556127  7.21909  7.2164  3.22767  4.58863  1.05755  0.278783  
0.00200243  1.01239  7.21909  7.2164  3.22767  4.58863  0.545556  4.94555  
0.00770598  1.00668  7.21909  7.2164  3.22767  4.58863  2.83826  1.71445  
0.0589114  0.960999  7.21909  7.2164  3.22767  4.58863  4.97147  2.76141e-05  
0.0362631  0.978127  7.21909  7.2164  3.22767  4.58863  0.11269  5.27502  
1.00225  0.010848  7.21909  7.2164  3.22767  4.58863  0.00620024  5.48844  
1.00843  0.00467214  7.21909  7.2164  3.22767  4.58863  0.905957  0.287153  
0.0443553  0.97173  7.21909  7.2164  3.22767  4.58863  5.6799  0.153782  
0.97271  0.0490481  7.21909  7.2164  3.22767  4.58863  1.75657  0.448741  
0.198412  0.821482  7.21909  7.2164  3.22767  4.58863  2.23467  0.609644  
0.983067  0.0300316  7.21909  7.2164  3.22767  4.58863  0.458478  5.92604  
0.00296594  1.01142  7.21909  7.2164  3.22767  4.58863  1.57213  0.410709  
1.00379  0.00920446  7.21909  7.2164  3.22767  4.58863  0.373366  5.22978  
0.00351128  1.01088  7.21909  7.2164  3.22767  4.58863  0.319192  6.2164  
0.00917487  1.00528  7.21909  7.2164  3.22767  4.58863  5.45113  2.17361e-05  
0.954373  0.0586257  7.21909  7.2164  3.22767  4.58863  5.07177  0.226038  
0.850475  0.171326  7.21909  7.2164  3.22767  4.58863  0.991607  4.78009  
0.984025  0.0290732  7.21909  7.2164  3.22767  4.58863  1.18421  0.323067  
0.958984  0.0513876  7.21909  7.2164  3.22767  4.58863  1.34763  0.427145  
0.0167406  0.997719  7.21909  7.2164  3.22767  4.58863  0.932417  0.245797  
0.984818  0.0261114  7.21909  7.2164  3.22767  4.58863  0.0343733  4.29726  
0.999352  0.013746  7.21909  7.2164  3.22767  4.58863  0.809523  0.495183  
0.961156  0.0497739  7.21909  7.2164  3.22767  4.58863  4.61391  0.000107061  
0.0295232  0.984867  7.21909  7.2164  3.22767  4.58863  6.21909  0.26032  
0.0532183  0.961241  7.21909  7.2164  3.22767  4.58863  4.02275  1.53624e-06  
0.0950544  0.917418  7.21909  7.2164  3.22767  4.58863  1.01037  1.74778e-12  
0.973945  0.0391531  7.21909  7.2164  3.22767  4.58863  0.00721134  6.01906  
0.130795  0.88244  7.21909  7.2164  3.22767  4.58863  0.537644  3.60059  
0.00268838  1.01177  7.21909  7.2164  3.22767  4.58863  0.961607  3.62153  
0.63532  0.388623  7.21909  7.2164  3.22767  4.58863  4.3201  7.49622e-05  
0.0487058  0.971204  7.21909  7.2164  3.22767  4.58863  1.15465  0.301358  
0.972859  0.040239  7.21909  7.2164  3.22767  4.58863  0.936011  0.239118  
0.0281121  0.986278  7.21909  7.2164  3.22767  4.58863  2.86482  0.745039  
0.974035  0.0390638  7.21909  7.2164  3.22767  4.58863  0.471387  3.80989  
0.987433  0.0255655  7.21909  7.2164  3.22767  4.58863  5.59614  0.00963904  
1.01037  1.74778e-12  7.21909  7.2164  3.22767  4.58863  4.3931  1.75173e-05  
0.01601  0.998449  7.21909  7.2164  3.22767  4.58863  1.95227  0.820396  
0.998925  0.0140734  7.21909  7.2164  3.22767  4.58863  1.27599e-05  4.96069  
0.997967  0.0151315  7.21909  7.2164  3.22767  4.58863  4.24221  0.000104203  
0.031719  0.98274  7.21909  7.2164  3.22767  4.58863  5.89106  0.0119035  
0.995177  0.0179213  7.21909  7.2164  3.22767  4.58863  4.73191  0.0543666  
0.165332  0.849127  7.21909  7.2164  3.22767  4.58863  0.00330041  5.81177  
0.0341537  0.980306  7.21909  7.2164  3.22767  4.58863  1.54142  0.414311  
0.00726121  1.0072  7.21909  7.2164  3.22767  4.58863  0.697322  3.69729  
0.995601  0.0174972  7.21909  7.2164  3.22767  4.58863  2.54687  1.67943  
0.944899  0.0681995  7.21909  7.2164  3.22767  4.58863  0.000618338  4.66974  
0.0254955  0.988964  7.21909  7.2164  3.22767  4.58863  5.20863  0.0391291  
1.00869  0.00430459  7.21909  7.2164  3.22767  4.58863  1.75702  0.472261  
0.352931  0.669355  7.21909  7.2164  3.22767  4.58863  1.40798  0.378365  
0.071456  0.941011  7.21909  7.2164  3.22767  4.58863  4.73364  1.88752e-05  
0.918465  0.0945328  7.21909  7.2164  3.22767  4.58863  1.46836  0.383234  
0.990843  0.0200864  7.21909  7.2164  3.22767  4.58863  1.19847  0.322313  
0.124451  0.888603  7.21909  7.2164  3.22767  4.58863  3.72318  0.0178873  
0.00995286  1.00451  7.21909  7.2164  3.22767  4.58863  1.07152  0.273735  
0.0104932  1.00397  7.21909  7.2164  3.22767  4.58863  0.0275693  5.32076  
0.00566412  1.0088  7.21909  7.2164  3.22767  4.58863  0.63532  0.388623  
0.0178881  0.996571  7.21909  7.2164  3.22767  4.58863  2.04923  0.716661  
1.01029  0.00270683  7.21909  7.2164  3.22767  4.58863  5.2298  0.000274206  
1.00667  0.00632583  7.21909  7.2164  3.22767  4.58863  0.964427  0.260052  
0.0201493  0.99431  7.21909  7.2164  3.22767  4.58863  0.635565  4.52363  
0.0221461  0.992244  7.21909  7.2164  3.22767  4.58863  2.36401e-06  4.0613  
0.0752592  0.9392  7.21909  7.2164  3.22767  4.58863  3.98386e-11  3.65911  
0.0187435  0.995716  7.21909  7.2164  3.22767  4.58863  3.74033  0.763002  
0.0260589  0.9884  7.21909  7.2164  3.22767  4.58863  0.479762  5.47434  
0.00873918  1.00572  7.21909  7.2164  3.22767  4.58863  0.607809  4.07048  
0.0117342  1.00266  7.21909  7.2164  3.22767  4.58863  0.537598  6.06116  
0.883481  0.136664  7.21909  7.2164  3.22767  4.58863  4.50419  2.50186e-05  
2.22767  3.85351e-12  7.21909  7.2164  3.22767  4.58863  1.22874  0.3139  
0.0676118  0.946848  7.21909  7.2164  3.22767  4.58863  1.10442e-11  1.01439  
0.0213674  0.993092  7.21909  7.2164  3.22767  4.58863  4.16768  0.587597  
1.00045  0.0126497  7.21909  7.2164  3.22767  4.58863  2.74357  1.09861  
0.0140445  1.00041  7.21909  7.2164  3.22767  4.58863  1.0378  3.77951  
0.063803  0.950656  7.21909  7.2164  3.22767  4.58863  3.95652  0.0243807  
0.0383174  0.976142  7.21909  7.2164  3.22767  4.58863  1.69388  0.446138  
0.980142  0.0322941  7.21909  7.2164  3.22767  4.58863  1.57555  0.419094  
0.0267845  0.987605  7.21909  7.2164  3.22767  4.58863  4.73485  1.77139e-05  
0.0321977  0.982262  7.21909  7.2164  3.22767  4.58863  0.000103642  5.02891  
1.00767  0.00532872  7.21909  7.2164  3.22767  4.58863  1.69566  0.45577  
0.214935  0.800896  7.21909  7.2164  3.22767  4.58863  0.254115  4.47346  
0.0238987  0.990491  7.21909  7.2164  3.22767  4.58863  1.2411  0.33352  
0.0837679  0.930871  7.21909  7.2164  3.22767  4.58863  1.42103  0.381951  
0.0284874  0.985972  7.21909  7.2164  3.22767  4.58863  0.980526  0.269513  
0.0252394  0.989151  7.21909  7.2164  3.22767  4.58863  0.0373415  5.02982  
0.981219  0.0317797  7.21909  7.2164  3.22767  4.58863  0.638082  3.46992  
0.119003  0.91161  7.21909  7.2164  3.22767  4.58863  1.58434  4.02491  
1.00395  0.00642378  7.21909  7.2164  3.22767  4.58863  0.930975  0.250233  
0.0523823  0.963414  7.21909  7.2164  3.22767  4.58863  0.27509  3.58863  
0.00153826  1.01285  7.21909  7.2164  3.22767  4.58863  2.50043  0.867668  
0.00458675  1.00987  7.21909  7.2164  3.22767  4.58863  0.364584  4.08596  
0.0139149  1.00054  7.21909  7.2164  3.22767  4.58863  4.17876  2.3211e-05  
0.0154095  0.99905  7.21909  7.2164  3.22767  4.58863  0.622456  3.38494  
0.010941  1.00345  7.21909  7.2164  3.22767  4.58863  0.934963  0.243679  
1.00331  0.00968543  7.21909  7.2164  3.22767  4.58863  3.90321  0.0736271  
0.00223752  1.0054  6.18006  6.77691  2.00699  3.40001  0.547348  2.98407  
1.09707e-11  1.00764  6.18006  6.77691  2.00699  3.40001  3.40435e-05  4.83333  
0.988646  0.0183486  6.18006  6.77691  2.00699  3.40001  6.30467e-05  3.32515  
0.00688418  1.00076  6.18006  6.77691  2.00699  3.40001  4.75608  0  
1.00649  0.000509075  6.18006  6.77691  2.00699  3.40001  0.242081  2.66983  
0.00525412  1.00239  6.18006  6.77691  2.00699  3.40001  0.00398264  3.98275  
0.932716  0.0773178  6.18006  6.77691  2.00699  3.40001  4.01927  1.33869e-15  
0.0356909  0.97195  6.18006  6.77691  2.00699  3.40001  2.79184  9.76671e-13  
0.0103082  0.998515  6.18006  6.77691  2.00699  3.40001  0.411574  2.49892  
0.0193421  0.988299  6.18006  6.77691  2.00699  3.40001  3.47997  1.15906e-15  
0.975328  0.0321031  6.18006  6.77691  2.00699  3.40001  1.0591  0.28558  
0.0340454  0.974778  6.18006  6.77691  2.00699  3.40001  3.06782  1.60811e-05  
0.00427401  1.00337  6.18006  6.77691  2.00699  3.40001  2.57263  0.00546737  
0.0119553  0.995686  6.18006  6.77691  2.00699  3.40001  0.905957  0.287153  
0.0168454  0.990796  6.18006  6.77691  2.00699  3.40001  4.3152  9.58168e-16  
0.994673  0.0137241  6.18006  6.77691  2.00699  3.40001  0.00349818  4.73442  
0.198412  0.821482  6.18006  6.77691  2.00699  3.40001  2.95832e-06  4.26608  
0.982011  0.0263858  6.18006  6.77691  2.00699  3.40001  1.00685  2.49922  
0.0292495  0.978392  6.18006  6.77691  2.00699  3.40001  0.210217  2.86055  
0.970438  0.0372782  6.18006  6.77691  2.00699  3.40001  3.30806  0.0360445  
0.0474551  0.961368  6.18006  6.77691  2.00699  3.40001  1.0614  0.286201  
0.0231158  0.985708  6.18006  6.77691  2.00699  3.40001  3.17744  0  
0.952274  0.0547205  6.18006  6.77691  2.00699  3.40001  0.553672  3.20085  
0.850475  0.171326  6.18006  6.77691  2.00699  3.40001  0.000259399  4.70542  
1.00477  0.00222182  6.18006  6.77691  2.00699  3.40001  0.000412992  3.17136  
0.956865  0.050851  6.18006  6.77691  2.00699  3.40001  1.05641  0.269875  
0.0154836  0.99334  6.18006  6.77691  2.00699  3.40001  0.928756  0.244804  
0.947039  0.0632248  6.18006  6.77691  2.00699  3.40001  3.27914  2.6092e-12  
0.0883259  0.926064  6.18006  6.77691  2.00699  3.40001  0.801428  0.490231  
0.959914  0.0474828  6.18006  6.77691  2.00699  3.40001  4.40716  1.01773e-13  
0.0307175  0.976924  6.18006  6.77691  2.00699  3.40001  3.79653  2.92558e-05  
0.894027  0.112968  6.18006  6.77691  2.00699  3.40001  4.59233  4.14387e-06  
0.0950544  0.917418  6.18006  6.77691  2.00699  3.40001  1.00699  8.01262e-13  
1.00395  0.00304101  6.18006  6.77691  2.00699  3.40001  0.622728  2.40001  
0.130795  0.88244  6.18006  6.77691  2.00699  3.40001  2.21749  0.000264737  
1.00169  0.00530478  6.18006  6.77691  2.00699  3.40001  0.588526  2.26819  
0.632711  0.387027  6.18006  6.77691  2.00699  3.40001  0.292069  3.81187  
0.0443902  0.964433  6.18006  6.77691  2.00699  3.40001  4.66225e-06  2.24055  
0.971477  0.0369199  6.18006  6.77691  2.00699  3.40001  0.930765  0.237778  
0.0245528  0.983088  6.18006  6.77691  2.00699  3.40001  1.07253  0.273995  
0.986992  0.020003  6.18006  6.77691  2.00699  3.40001  3.73833  2.02691e-05  
0.0262098  0.982614  6.18006  6.77691  2.00699  3.40001  1.38236e-07  5.77691  
0.997738  0.0106591  6.18006  6.77691  2.00699  3.40001  2.68136  0.000126941  
1.00516  0.00183196  6.18006  6.77691  2.00699  3.40001  4.52983  0.000837963  
0.0528715  0.954734  6.18006  6.77691  2.00699  3.40001  0.46167  2.92692  
0.00257926  1.00506  6.18006  6.77691  2.00699  3.40001  0.695165  2.87832  
0.0123057  0.995336  6.18006  6.77691  2.00699  3.40001  4.06553  0.000485366  
0.0106101  0.998213  6.18006  6.77691  2.00699  3.40001  7.74641e-07  5.57519  
0.165332  0.849127  6.18006  6.77691  2.00699  3.40001  3.37473  0.0176975  
0.0111373  0.997686  6.18006  6.77691  2.00699  3.40001  1.05964  0.276174  
0.988549  0.0184458  6.18006  6.77691  2.00699  3.40001  7.35119e-07  5.29075  
0.0313063  0.976335  6.18006  6.77691  2.00699  3.40001  2.21703  3.58134e-13  
0.943837  0.0635938  6.18006  6.77691  2.00699  3.40001  3.04541  0.124871  
0.05806  0.950763  6.18006  6.77691  2.00699  3.40001  0.73769  1.97967  
0.933685  0.0733099  6.18006  6.77691  2.00699  3.40001  0.309501  3.40748  
0.352931  0.669355  6.18006  6.77691  2.00699  3.40001  0.708091  2.26079  
0.0691128  0.939711  6.18006  6.77691  2.00699  3.40001  0.739513  2.15957  
0.918465  0.0945328  6.18006  6.77691  2.00699  3.40001  0.000484654  3.72165  
0.990512  0.0178851  6.18006  6.77691  2.00699  3.40001  3.14694  0  
0.124451  0.888603  6.18006  6.77691  2.00699  3.40001  1.06781e-06  3.51164  
0.00563189  1.00201  6.18006  6.77691  2.00699  3.40001  1.05935  0.270626  
0.96195  0.0464462  6.18006  6.77691  2.00699  3.40001  4.00135  0.049406  
0.983515  0.024882  6.18006  6.77691  2.00699  3.40001  0.632711  0.387027  
0.844347  0.231418  6.18006  6.77691  2.00699  3.40001  3.8497  0  
0.0133677  0.994274  6.18006  6.77691  2.00699  3.40001  4.08444e-06  4.47114  
0.0149178  0.993906  6.18006  6.77691  2.00699  3.40001  0.935801  0.252334  
0.0158722  0.991769  6.18006  6.77691  2.00699  3.40001  0.00253619  3.70795  
0.021694  0.985947  6.18006  6.77691  2.00699  3.40001  5.18006  1.1502e-15  
0.0738935  0.93493  6.18006  6.77691  2.00699  3.40001  0.000313082  5.6792  
0.981657  0.0267397  6.18006  6.77691  2.00699  3.40001  0.407845  2.56697  
0.995278  0.0117168  6.18006  6.77691  2.00699  3.40001  0.1111  3.01331  
0.98559  0.0221265  6.18006  6.77691  2.00699  3.40001  0.973029  0.595199  
0.0289363  0.979887  6.18006  6.77691  2.00699  3.40001  0.132215  3.52843  
0.87975  0.129348  6.18006  6.77691  2.00699  3.40001  3.35366  0.0906159  
0.969478  0.0405559  6.18006  6.77691  2.00699  3.40001  2.35157  5.4304e-14  
0.0664606  0.941181  6.18006  6.77691  2.00699  3.40001  1.09707e-11  1.00764  
1.00055  0.00785157  6.18006  6.77691  2.00699  3.40001  3.43596  0.0129965  
0.998886  0.00854556  6.18006  6.77691  2.00699  3.40001  4.91466  0  
0.871015  0.170214  6.18006  6.77691  2.00699  3.40001  0.027488  3.25739  
0.0594306  0.948001  6.18006  6.77691  2.00699  3.40001  0.762916  3.01202  
0.936111  0.0713205  6.18006  6.77691  2.00699  3.40001  2.52158  2.00642e-12  
0.976317  0.0306775  6.18006  6.77691  2.00699  3.40001  3.07702  1.04059e-06  
0.00753095  1.00011  6.18006  6.77691  2.00699  3.40001  0.118185  3.20549  
0.991771  0.0152236  6.18006  6.77691  2.00699  3.40001  3.65425  0.000117297  
0.826159  0.26186  6.18006  6.77691  2.00699  3.40001  3.42128  0.0503215  
0.214935  0.800896  6.18006  6.77691  2.00699  3.40001  0.00171679  4.57481  
0.0457947  0.961847  6.18006  6.77691  2.00699  3.40001  2.03945  0.158776  
0.0820396  0.927913  6.18006  6.77691  2.00699  3.40001  0.000571797  4.39083  
1.00699  8.01262e-13  6.18006  6.77691  2.00699  3.40001  0.927424  0.254112  
0.0215338  0.98729  6.18006  6.77691  2.00699  3.40001  0.786391  2.19941  
0.978893  0.028538  6.18006  6.77691  2.00699  3.40001  0.00753404  4.01195  
0.1136  0.895224  6.18006  6.77691  2.00699  3.40001  0.856436  2.29833  
0.000524983  1.00712  6.18006  6.77691  2.00699  3.40001  0.928603  0.249595  
0.0490359  0.959776  6.18006  6.77691  2.00699  3.40001  3.07401  0.0229046  
0.0357752  0.971866  6.18006  6.77691  2.00699  3.40001  0.00876125  3.78874  
0.0526984  0.954943  6.18006  6.77691  2.00699  3.40001  3.78994e-06  5.46532  
0.99804  0.00895495  6.18006  6.77691  2.00699  3.40001  0.0130579  3.67062  
1.00118  0.00625496  6.18006  6.77691  2.00699  3.40001  1.05231  0.282847  
0.010007  0.998816  6.18006  6.77691  2.00699  3.40001  0.93257  0.243055  
0.0393034  0.96952  6.18006  6.77691  2.00699  3.40001  0.00176931  3.17961  
0.266929  0.748789  4.25098  3.69588  2.97538  2.00697  0.0832746  2.05484  
1.09634e-11  1.00697  4.25098  3.69588  2.97538  2.00697  2.04211  3.33278e-14  
0.354385  0.661332  4.25098  3.69588  2.97538  2.00697  0.461964  1.65151  
0.00610613  1.00086  4.25098  3.69588  2.97538  2.00697  0.816155  0.49924  
0.0555879  0.951456  4.25098  3.69588  2.97538  2.00697  1.97771  0.00373827  
0.33776  0.669173  4.25098  3.69588  2.97538  2.00697  0.537688  1.47847  
0.932716  0.0773178  4.25098  3.69588  2.97538  2.00697  0.185943  1.88962  
0.179337  0.827616  4.25098  3.69588  2.97538  2.00697  3.25098  1.84075e-14  
0.0956324  0.911508  4.25098  3.69588  2.97538  2.00697  0.042611  2.23661  
0.0198017  0.987242  4.25098  3.69588  2.97538  2.00697  1.51428  0  
0.250787  0.768587  4.25098  3.69588  2.97538  2.00697  0.260748  1.62525  
0.034126  0.972868  4.25098  3.69588  2.97538  2.00697  0.947265  0.584987  
0.00351454  1.00345  4.25098  3.69588  2.97538  2.00697  1.93744  0.155902  
0.500511  0.514543  4.25098  3.69588  2.97538  2.00697  0.90382  0.286475  
0.0161249  0.990844  4.25098  3.69588  2.97538  2.00697  2.01406  7.91565e-14  
0.369579  0.644569  4.25098  3.69588  2.97538  2.00697  0  2.69588  
0.198412  0.821482  4.25098  3.69588  2.97538  2.00697  2.53226  2.01491e-12  
0.417607  0.61056  4.25098  3.69588  2.97538  2.00697  0.555514  1.68432  
0.301345  0.714482  4.25098  3.69588  2.97538  2.00697  0.623623  1.3553  
0.352839  0.662879  4.25098  3.69588  2.97538  2.00697  1.50917  0.106091  
0.219266  0.788327  4.25098  3.69588  2.97538  2.00697  1.57772  2.0494e-14  
0.938274  0.0687204  4.25098  3.69588  2.97538  2.00697  1.14421  0.298214  
0.952274  0.0547205  4.25098  3.69588  2.97538  2.00697  1.6946  1.78355e-13  
0.850475  0.171326  4.25098  3.69588  2.97538  2.00697  2.30724  0  
0.986555  0.0204394  4.25098  3.69588  2.97538  2.00697  1.69802  0  
0.957383  0.0496118  4.25098  3.69588  2.97538  2.00697  0.17954  1.33248  
0.298474  0.717244  4.25098  3.69588  2.97538  2.00697  0.928596  0.244762  
0.945013  0.0619815  4.25098  3.69588  2.97538  2.00697  0.136558  1.9912  
0.0883259  0.926064  4.25098  3.69588  2.97538  2.00697  0.799951  0.489327  
0.388412  0.622695  4.25098  3.69588  2.97538  2.00697  0  1.75399  
0.96855  0.0384449  4.25098  3.69588  2.97538  2.00697  0.44527  1.23226  
0.894027  0.112968  4.25098  3.69588  2.97538  2.00697  1.88022  0.234958  
0.0106096  0.99636  4.25098  3.69588  2.97538  2.00697  1.00692  8.01201e-13  
0.409446  0.618721  4.25098  3.69588  2.97538  2.00697  1.92827  0.0463852  
0.130795  0.88244  4.25098  3.69588  2.97538  2.00697  1.271  0.21165  
1.00223  0.00468341  4.25098  3.69588  2.97538  2.00697  1.786  0.0369625  
0.630994  0.385977  4.25098  3.69588  2.97538  2.00697  0.739592  1.38715  
0.0444188  0.962551  4.25098  3.69588  2.97538  2.00697  0.625414  1.44913  
0.97235  0.0345674  4.25098  3.69588  2.97538  2.00697  0.925888  0.236532  
0.0235162  0.983453  4.25098  3.69588  2.97538  2.00697  0.38885  1.71393  
0.92169  0.0853047  4.25098  3.69588  2.97538  2.00697  1.7113  0.289883  
0.0374206  0.969566  4.25098  3.69588  2.97538  2.00697  0  2.05832  
0.996224  0.0106361  4.25098  3.69588  2.97538  2.00697  0.8044  0.216211  
0.464497  0.579061  4.25098  3.69588  2.97538  2.00697  2.12301  0.000152011  
0.0529687  0.954299  4.25098  3.69588  2.97538  2.00697  2.07957  1.8909e-13  
0.295469  0.722317  4.25098  3.69588  2.97538  2.00697  1.9493  0.0739409  
0.203411  0.803536  4.25098  3.69588  2.97538  2.00697  0.637373  0.88816  
0.94807  0.0588472  4.25098  3.69588  2.97538  2.00697  0.261133  1.34276  
0.165332  0.849127  4.25098  3.69588  2.97538  2.00697  2.01096  0.0170205  
0.293891  0.733331  4.25098  3.69588  2.97538  2.00697  8.10121e-05  2.17243  
0.10909  0.897976  4.25098  3.69588  2.97538  2.00697  1.89273e-12  1.6864  
0.0317292  0.975227  4.25098  3.69588  2.97538  2.00697  0  2.29848  
0.941196  0.0657365  4.25098  3.69588  2.97538  2.00697  2.21307  0  
0.380215  0.627566  4.25098  3.69588  2.97538  2.00697  0.159253  1.75447  
0.933685  0.0733099  4.25098  3.69588  2.97538  2.00697  0.169014  1.93752  
0.330329  0.676483  4.25098  3.69588  2.97538  2.00697  0.901409  0.551389  
0.319423  0.687388  4.25098  3.69588  2.97538  2.00697  2.22832  1.77307e-12  
0.918465  0.0945328  4.25098  3.69588  2.97538  2.00697  2.14307  3.33099e-15  
0.990797  0.0161207  4.25098  3.69588  2.97538  2.00697  1.87582  0.00886653  
0.124451  0.888603  4.25098  3.69588  2.97538  2.00697  7.52978e-05  2.0192  
0.8044  0.216211  4.25098  3.69588  2.97538  2.00697  1.05433  0.269343  
0.962222  0.0446956  4.25098  3.69588  2.97538  2.00697  1.41325  0.124391  
0.983846  0.0230715  4.25098  3.69588  2.97538  2.00697  0.630994  0.385977  
0.882301  0.125267  4.25098  3.69588  2.97538  2.00697  0.107872  1.44011  
0.0970837  0.909886  4.25098  3.69588  2.97538  2.00697  2.8497  1.11998e-13  
0.893028  0.113942  4.25098  3.69588  2.97538  2.00697  0.930685  0.250954  
0.812562  0.200195  4.25098  3.69588  2.97538  2.00697  0.920369  1.10603  
0.0579816  0.948988  4.25098  3.69588  2.97538  2.00697  0.647883  1.50214  
0.0716583  0.935311  4.25098  3.69588  2.97538  2.00697  0.383431  1.65143  
0.313558  0.693253  4.25098  3.69588  2.97538  2.00697  0.020897  1.45793  
0.0135871  0.993382  4.25098  3.69588  2.97538  2.00697  0.424494  1.74863  
0.306511  0.709207  4.25098  3.69588  2.97538  2.00697  0.447113  1.66367  
0.0266819  0.980287  4.25098  3.69588  2.97538  2.00697  2.0409  0.00378315  
0.87975  0.129348  4.25098  3.69588  2.97538  2.00697  0  2.09903  
0.965857  0.0411376  4.25098  3.69588  2.97538  2.00697  1.65131  0.00731564  
0.0668047  0.940165  4.25098  3.69588  2.97538  2.00697  4.89232e-08  1.00696  
0.91898  0.0880142  4.25098  3.69588  2.97538  2.00697  1.5331  6.02536e-14  
0.999524  0.00747087  4.25098  3.69588  2.97538  2.00697  0.652843  1.17519  
0.871624  0.156545  4.25098  3.69588  2.97538  2.00697  2.1924  0  
0.0612256  0.945744  4.25098  3.69588  2.97538  2.00697  0.184762  1.8073  
0.9894  0.0175171  4.25098  3.69588  2.97538  2.00697  1.47186  0.0101132  
0.976317  0.0306775  4.25098  3.69588  2.97538  2.00697  1.13842e-11  2.22032  
0.142984  0.874005  4.25098  3.69588  2.97538  2.00697  0.754681  0.868179  
0.322666  0.685115  4.25098  3.69588  2.97538  2.00697  0.199629  1.96945  
0.810402  0.202522  4.25098  3.69588  2.97538  2.00697  3.54778e-10  1.65391  
0.214935  0.800896  4.25098  3.69588  2.97538  2.00697  0.0741236  1.91395  
0.358931  0.648849  4.25098  3.69588  2.97538  2.00697  0.455332  1.67251  
0.0820396  0.927913  4.25098  3.69588  2.97538  2.00697  8.45856e-10  2.30318  
1.00692  8.01201e-13  4.25098  3.69588  2.97538  2.00697  0.92652  0.253864  
0.039691  0.967278  4.25098  3.69588  2.97538  2.00697  0.927554  0.567382  
0.434784  0.580933  4.25098  3.69588  2.97538  2.00697  0  1.82106  
0.1136  0.895224  4.25098  3.69588  2.97538  2.00697  1.57993  0.424664  
0.99344  0.0134774  4.25098  3.69588  2.97538  2.00697  0.926926  0.249145  
0.18009  0.826822  4.25098  3.69588  2.97538  2.00697  0.102242  2.03554  
0.117237  0.889699  4.25098  3.69588  2.97538  2.00697  0.573966  1.02602  
0.0501449  0.956899  4.25098  3.69588  2.97538  2.00697  0.149826  2.00019  
0.311563  0.706223  4.25098  3.69588  2.97538  2.00697  0.581013  1.44434  
0.979204  0.0277905  4.25098  3.69588  2.97538  2.00697  0.313558  0.693253  
0.376281  0.631499  4.25098  3.69588  2.97538  2.00697  0.930812  0.242597  
0.332115  0.674818  4.25098  3.69588  2.97538  2.00697  1.3699  0.19573  
0.14307  0.858469  2.00128  2.00163  2.00128  2.00163  0.807863  0.193763  
1.47034e-09  1.00163  2.00128  2.00163  2.00128  2.00163  0.0714945  0.930577  
0.915272  0.0859902  2.00128  2.00163  2.00128  2.00163  0.888224  0.113392  
0.0049761  0.996612  2.00128  2.00163  2.00128  2.00163  0.857494  0.144353  
0.895198  0.107006  2.00128  2.00163  2.00128  2.00163  0.951447  0.0503492  
0.330179  0.671768  2.00128  2.00163  2.00128  2.00163  0.923457  0.0778052  
0.271864  0.730065  2.00128  2.00163  2.00128  2.00163  0.365033  0.636083  
0.0896252  0.911983  2.00128  2.00163  2.00128  2.00163  0.17377  0.828102  
0.102725  0.899272  2.00128  2.00163  2.00128  2.00163  0.908815  0.0924472  
0.215554  0.786472  2.00128  2.00163  2.00128  2.00163  0.265453  0.736296  
0.337205  0.664361  2.00128  2.00163  2.00128  2.00163  0.157429  0.843793  
0.0512973  0.950025  2.00128  2.00163  2.00128  2.00163  0.0191742  0.982571  
0.410547  0.590809  2.00128  2.00163  2.00128  2.00163  0.419675  0.582069  
0.300289  0.701277  2.00128  2.00163  2.00128  2.00163  0.0253729  0.97621  
0.252128  0.749264  2.00128  2.00163  2.00128  2.00163  0.915272  0.0859902  
0.0348371  0.966745  2.00128  2.00163  2.00128  2.00163  0.22445  0.777291  
0.19337  0.808414  2.00128  2.00163  2.00128  2.00163  0.964928  0.0363431  
0.390323  0.611176  2.00128  2.00163  2.00128  2.00163  0.403297  0.598489  
0.161183  0.840633  2.00128  2.00163  2.00128  2.00163  0.135902  0.866034  
0.345156  0.656741  2.00128  2.00163  2.00128  2.00163  0.489991  0.511515  
0.888224  0.113392  2.00128  2.00163  2.00128  2.00163  0.943238  0.0582364  
0.184297  0.817525  2.00128  2.00163  2.00128  2.00163  0.451493  0.550333  
0.951447  0.0503492  2.00128  2.00163  2.00128  2.00163  0.182101  0.819733  
0.836933  0.164781  2.00128  2.00163  2.00128  2.00163  0.282322  0.718798  
0.820701  0.18069  2.00128  2.00163  2.00128  2.00163  0.0344213  0.967159  
0.208165  0.793614  2.00128  2.00163  2.00128  2.00163  0.832113  0.16949  
0.309188  0.692602  2.00128  2.00163  2.00128  2.00163  0.0512973  0.950025  
0.943238  0.0582364  2.00128  2.00163  2.00128  2.00163  0.410547  0.590809  
0.464124  0.537704  2.00128  2.00163  2.00128  2.00163  0.149426  0.852298  
0.377985  0.623742  2.00128  2.00163  2.00128  2.00163  0.458334  0.543358  
0.293978  0.707984  2.00128  2.00163  2.00128  2.00163  0.818193  0.183444  
0.828616  0.173413  2.00128  2.00163  2.00128  2.00163  0.24581  0.756071  
0.0114341  0.990252  2.00128  2.00163  2.00128  2.00163  1.00128  0  
0.384367  0.61761  2.00128  2.00163  2.00128  2.00163  0.801223  0.200085  
0.127087  0.874788  2.00128  2.00163  2.00128  2.00163  0.398843  0.602991  
0.863259  0.138092  2.00128  2.00163  2.00128  2.00163  0.18949  0.812421  
0.628323  0.384343  2.00128  2.00163  2.00128  2.00163  0.330183  0.671774  
0.451493  0.550333  2.00128  2.00163  2.00128  2.00163  0.116855  0.884671  
0.324214  0.677464  2.00128  2.00163  2.00128  2.00163  0.316585  0.684981  
0.201073  0.80043  2.00128  2.00163  2.00128  2.00163  0.4713  0.530109  
0.398843  0.602991  2.00128  2.00163  2.00128  2.00163  0.0812184  0.920559  
0.246336  0.755288  2.00128  2.00163  2.00128  2.00163  0.980342  0.0209311  
0.868653  0.133164  2.00128  2.00163  2.00128  2.00163  0.799484  0.21489  
0.801223  0.200085  2.00128  2.00163  2.00128  2.00163  0.900468  0.101427  
0.425503  0.576117  2.00128  2.00163  2.00128  2.00163  0.957348  0.0439303  
0.847476  0.153809  2.00128  2.00163  2.00128  2.00163  0.988407  0.0133094  
0.964928  0.0363431  2.00128  2.00163  2.00128  2.00163  0.500723  0.500783  
0.405714  0.595652  2.00128  2.00163  2.00128  2.00163  0.211697  0.789929  
0.16733  0.834238  2.00128  2.00163  2.00128  2.00163  0.994294  0.00740604  
0.419675  0.582069  2.00128  2.00163  2.00128  2.00163  0.840063  0.161744  
0.110003  0.891897  2.00128  2.00163  2.00128  2.00163  0.345156  0.656741  
0.813737  0.188149  2.00128  2.00163  2.00128  2.00163  0.360603  0.640696  
0.4713  0.530109  2.00128  2.00163  2.00128  2.00163  0.444903  0.556506  
0.370721  0.630357  2.00128  2.00163  2.00128  2.00163  0.377985  0.623742  
0.0730943  0.929304  2.00128  2.00163  2.00128  2.00163  0.337205  0.664361  
0.0967088  0.905157  2.00128  2.00163  2.00128  2.00163  0.23035  0.771427  
0.316585  0.684981  2.00128  2.00163  2.00128  2.00163  0.863259  0.138092  
0.500723  0.500783  2.00128  2.00163  2.00128  2.00163  0.0457875  0.955957  
0.175515  0.826425  2.00128  2.00163  2.00128  2.00163  0.324214  0.677464  
0.354483  0.646912  2.00128  2.00163  2.00128  2.00163  0.931156  0.0701259  
0.799484  0.21489  2.00128  2.00163  2.00128  2.00163  0.252128  0.749264  
0.223546  0.778259  2.00128  2.00163  2.00128  2.00163  0.219059  0.782813  
0.980342  0.0209311  2.00128  2.00163  2.00128  2.00163  0.628323  0.384343  
0.875274  0.126597  2.00128  2.00163  2.00128  2.00163  0.936888  0.0649994  
0.441113  0.560602  2.00128  2.00163  2.00128  2.00163  0.433219  0.568443  
0.880247  0.120913  2.00128  2.00163  2.00128  2.00163  0.972687  0.0286233  
0.135982  0.865924  2.00128  2.00163  2.00128  2.00163  0.124376  0.877499  
0.0569665  0.944778  2.00128  2.00163  2.00128  2.00163  0.201073  0.80043  
0.0658471  0.935869  2.00128  2.00163  2.00128  2.00163  0.0569665  0.944778  
0.258398  0.743399  2.00128  2.00163  2.00128  2.00163  0.0896252  0.911983  
0.287171  0.714703  2.00128  2.00163  2.00128  2.00163  0.436293  0.564986  
0.265453  0.736296  2.00128  2.00163  2.00128  2.00163  0.895198  0.107006  
0.0222648  0.979737  2.00128  2.00163  2.00128  2.00163  0.354483  0.646912  
0.936888  0.0649994  2.00128  2.00163  2.00128  2.00163  0.238368  0.763666  
0.279987  0.721751  2.00128  2.00163  2.00128  2.00163  0.196706  0.805199  
0.923457  0.0778052  2.00128  2.00163  2.00128  2.00163  1.47034e-09  1.00163  
0.0174188  0.984246  2.00128  2.00163  2.00128  2.00163  0.0114341  0.990252  
0.994294  0.00740604  2.00128  2.00163  2.00128  2.00163  0.309188  0.692602  
0.855391  0.146454  2.00128  2.00163  2.00128  2.00163  0.165832  0.835796  
0.118054  0.883528  2.00128  2.00163  2.00128  2.00163  0.0989271  0.902681  
0.988407  0.0133094  2.00128  2.00163  2.00128  2.00163  0.14307  0.858469  
0.972687  0.0286233  2.00128  2.00163  2.00128  2.00163  0.0400313  0.961202  
0.900468  0.101427  2.00128  2.00163  2.00128  2.00163  0.822807  0.179  
0.0284198  0.973178  2.00128  2.00163  2.00128  2.00163  0.10848  0.893395  
0.807863  0.193763  2.00128  2.00163  2.00128  2.00163  0.274137  0.727777  
0.485715  0.516045  2.00128  2.00163  2.00128  2.00163  0.880247  0.120913  
0.152487  0.849206  2.00128  2.00163  2.00128  2.00163  0.370721  0.630357  
0.0812184  0.920559  2.00128  2.00163  2.00128  2.00163  0.129307  0.872458  
1.00128  0  2.00128  2.00163  2.00128  2.00163  0.0658471  0.935869  
0.493149  0.508901  2.00128  2.00163  2.00128  2.00163  0.292101  0.709863  
0.433219  0.568443  2.00128  2.00163  2.00128  2.00163  0.393705  0.60766  
0.360783  0.640481  2.00128  2.00163  2.00128  2.00163  0.386036  0.615709  
0.931156  0.0701259  2.00128  2.00163  2.00128  2.00163  0.300289  0.701277  
0.908815  0.0924472  2.00128  2.00163  2.00128  2.00163  0.847476  0.153809  
0.957348  0.0439303  2.00128  2.00163  2.00128  2.00163  0.258398  0.743399  
0.0425627  0.959102  2.00128  2.00163  2.00128  2.00163  0.480114  0.521529  
0.238406  0.763569  2.00128  2.00163  2.00128  2.00163  0.464124  0.537704  
0.458334  0.543358  2.00128  2.00163  2.00128  2.00163  0.00702613  0.994766  
0.480114  0.521529  2.00128  2.00163  2.00128  2.00163  0.425503  0.576117  
0.23035  0.771427  2.00128  2.00163  2.00128  2.00163  0.871977  0.129469  
0.139914  0.860087  3.50744  2.98708  3.50744  2.98708  0.807304  0.192697  
2.9126e-14  1  3.50744  2.98708  3.50744  2.98708  0.0770254  0.922975  
0.915475  0.0845255  3.50744  2.98708  3.50744  2.98708  0.886953  0.113048  
0.00663422  0.993366  3.50744  2.98708  3.50744  2.98708  0.858269  0.141732  
0.894189  0.105811  3.50744  2.98708  3.50744  2.98708  0.949792  0.0502092  
0.331291  0.66871  3.50744  2.98708  3.50744  2.98708  0.922209  0.0777915  
0.271741  0.72826  3.50744  2.98708  3.50744  2.98708  0.362697  0.637305  
0.0932902  0.90671  3.50744  2.98708  3.50744  2.98708  0.171202  0.828798  
0.101175  0.898827  3.50744  2.98708  3.50744  2.98708  0.908487  0.0915133  
0.216136  0.783864  3.50744  2.98708  3.50744  2.98708  0.269077  0.730924  
0.338981  0.661022  3.50744  2.98708  3.50744  2.98708  0.156788  0.843213  
0.0485142  0.95149  3.50744  2.98708  3.50744  2.98708  0.0201934  0.979807  
0.412068  0.587934  3.50744  2.98708  3.50744  2.98708  0.415206  0.584795  
0.300998  0.699002  3.50744  2.98708  3.50744  2.98708  0.0271394  0.972861  
0.25126  0.748742  3.50744  2.98708  3.50744  2.98708  0.915475  0.0845254  
0.0341286  0.965872  3.50744  2.98708  3.50744  2.98708  0.223816  0.776184  
0.193663  0.806338  3.50744  2.98708  3.50744  2.98708  0.963976  0.0360246  
0.390343  0.609658  3.50744  2.98708  3.50744  2.98708  0.400942  0.599059  
0.15537  0.844631  3.50744  2.98708  3.50744  2.98708  0.135062  0.864939  
0.346379  0.653623  3.50744  2.98708  3.50744  2.98708  0.492835  0.507167  
0.886953  0.113048  3.50744  2.98708  3.50744  2.98708  0.942881  0.0571193  
0.178522  0.821479  3.50744  2.98708  3.50744  2.98708  0.450487  0.549514  
0.949792  0.0502092  3.50744  2.98708  3.50744  2.98708  0.178615  0.821386  
0.836685  0.163316  3.50744  2.98708  3.50744  2.98708  0.284594  0.715407  
0.821945  0.178055  3.50744  2.98708  3.50744  2.98708  0.0341286  0.965872  
0.20873  0.791271  3.50744  2.98708  3.50744  2.98708  0.836685  0.163316  
0.308577  0.691426  3.50744  2.98708  3.50744  2.98708  0.0481844  0.951816  
0.942881  0.0571193  3.50744  2.98708  3.50744  2.98708  0.408188  0.591813  
0.464001  0.536  3.50744  2.98708  3.50744  2.98708  0.149436  0.850565  
0.375687  0.624314  3.50744  2.98708  3.50744  2.98708  0.457542  0.542459  
0.293423  0.706578  3.50744  2.98708  3.50744  2.98708  0.821945  0.178055  
0.829396  0.170605  3.50744  2.98708  3.50744  2.98708  0.246295  0.753706  
0.0133132  0.986687  3.50744  2.98708  3.50744  2.98708  1  0  
0.382888  0.617114  3.50744  2.98708  3.50744  2.98708  0.800069  0.199933  
0.124475  0.875526  3.50744  2.98708  3.50744  2.98708  0.814522  0.185478  
0.0704068  0.929594  3.50744  2.98708  3.50744  2.98708  0.186072  0.813929  
0.626968  0.383515  3.50744  2.98708  3.50744  2.98708  0.331745  0.668256  
0.449413  0.550588  3.50744  2.98708  3.50744  2.98708  0.113565  0.886437  
0.323887  0.676115  3.50744  2.98708  3.50744  2.98708  0.316254  0.683747  
0.201225  0.798776  3.50744  2.98708  3.50744  2.98708  0.471578  0.528423  
0.397723  0.602278  3.50744  2.98708  3.50744  2.98708  0.0843815  0.91562  
0.24428  0.755724  3.50744  2.98708  3.50744  2.98708  0.978468  0.0215324  
0.865343  0.134658  3.50744  2.98708  3.50744  2.98708  0.799171  0.214806  
0.800069  0.199933  3.50744  2.98708  3.50744  2.98708  0.901201  0.0987996  
0.427109  0.572892  3.50744  2.98708  3.50744  2.98708  0.956752  0.0432488  
0.85118  0.148822  3.50744  2.98708  3.50744  2.98708  0.985649  0.0143516  
0.963976  0.0360246  3.50744  2.98708  3.50744  2.98708  0.499912  0.500089  
0.404881  0.595119  3.50744  2.98708  3.50744  2.98708  0.20873  0.791271  
0.163001  0.837001  3.50744  2.98708  3.50744  2.98708  0.992851  0.00715064  
0.419572  0.580429  3.50744  2.98708  3.50744  2.98708  0.843829  0.156172  
0.109028  0.890974  3.50744  2.98708  3.50744  2.98708  0.347041  0.65296  
0.814522  0.185478  3.50744  2.98708  3.50744  2.98708  0.485699  0.514302  
0.471305  0.528697  3.50744  2.98708  3.50744  2.98708  0.443364  0.556637  
0.368297  0.631704  3.50744  2.98708  3.50744  2.98708  0.378305  0.621696  
0.0780014  0.922  3.50744  2.98708  3.50744  2.98708  0.339274  0.660727  
0.186072  0.813929  3.50744  2.98708  3.50744  2.98708  0.231234  0.768767  
0.316254  0.683747  3.50744  2.98708  3.50744  2.98708  0.865343  0.134658  
0.499912  0.500089  3.50744  2.98708  3.50744  2.98708  0.0410878  0.958913  
0.170755  0.829246  3.50744  2.98708  3.50744  2.98708  0.324103  0.675897  
0.353884  0.646117  3.50744  2.98708  3.50744  2.98708  0.929164  0.0708373  
0.799171  0.214806  3.50744  2.98708  3.50744  2.98708  0.253812  0.746189  
0.223309  0.776691  3.50744  2.98708  3.50744  2.98708  0.216136  0.783864  
0.978468  0.0215324  3.50744  2.98708  3.50744  2.98708  0.626968  0.383515  
0.872448  0.127553  3.50744  2.98708  3.50744  2.98708  0.935963  0.0640385  
0.442073  0.557929  3.50744  2.98708  3.50744  2.98708  0.429327  0.570674  
0.879613  0.120388  3.50744  2.98708  3.50744  2.98708  0.971188  0.0288132  
0.132115  0.867886  3.50744  2.98708  3.50744  2.98708  0.120716  0.879284  
0.0556795  0.944321  3.50744  2.98708  3.50744  2.98708  0.201225  0.798776  
0.0629769  0.937024  3.50744  2.98708  3.50744  2.98708  0.0553176  0.944683  
0.258209  0.741792  3.50744  2.98708  3.50744  2.98708  0.0918551  0.908146  
0.285995  0.714006  3.50744  2.98708  3.50744  2.98708  0.436321  0.56368  
0.264988  0.735013  3.50744  2.98708  3.50744  2.98708  0.894189  0.105811  
0.0271394  0.972861  3.50744  2.98708  3.50744  2.98708  0.354822  0.645179  
0.935963  0.0640385  3.50744  2.98708  3.50744  2.98708  0.238717  0.761284  
0.278701  0.721314  3.50744  2.98708  3.50744  2.98708  0.193663  0.806338  
0.922209  0.0777915  3.50744  2.98708  3.50744  2.98708  2.9126e-14  1  
0.0201934  0.979807  3.50744  2.98708  3.50744  2.98708  0.0133132  0.986687  
0.992851  0.00715064  3.50744  2.98708  3.50744  2.98708  0.308499  0.691502  
0.858269  0.141732  3.50744  2.98708  3.50744  2.98708  0.163953  0.836047  
0.116865  0.883136  3.50744  2.98708  3.50744  2.98708  0.0991583  0.900842  
0.985649  0.0143516  3.50744  2.98708  3.50744  2.98708  0.142244  0.857757  
0.971188  0.0288132  3.50744  2.98708  3.50744  2.98708  0.0697749  0.930226  
0.901201  0.0987996  3.50744  2.98708  3.50744  2.98708  0.829396  0.170605  
0.843829  0.156172  3.50744  2.98708  3.50744  2.98708  0.106407  0.893595  
0.807304  0.192697  3.50744  2.98708  3.50744  2.98708  0.276772  0.723229  
0.485699  0.514302  3.50744  2.98708  3.50744  2.98708  0.879613  0.120388  
0.147777  0.852226  3.50744  2.98708  3.50744  2.98708  0.37051  0.629492  
0.0854439  0.91456  3.50744  2.98708  3.50744  2.98708  0.127899  0.872102  
1  0  3.50744  2.98708  3.50744  2.98708  0.0624905  0.93751  
0.492835  0.507167  3.50744  2.98708  3.50744  2.98708  0.292605  0.707396  
0.434675  0.565326  3.50744  2.98708  3.50744  2.98708  0.393594  0.606407  
0.361155  0.638846  3.50744  2.98708  3.50744  2.98708  0.386058  0.613942  
0.929164  0.0708373  3.50744  2.98708  3.50744  2.98708  0.300534  0.699467  
0.908487  0.0915133  3.50744  2.98708  3.50744  2.98708  0.85118  0.148822  
0.956752  0.0432488  3.50744  2.98708  3.50744  2.98708  0.261425  0.738576  
0.0412394  0.958765  3.50744  2.98708  3.50744  2.98708  0.478542  0.521459  
0.237406  0.762595  3.50744  2.98708  3.50744  2.98708  0.464617  0.535384  
0.456786  0.543215  3.50744  2.98708  3.50744  2.98708  0.00663422  0.993366  
0.478542  0.521459  3.50744  2.98708  3.50744  2.98708  0.422212  0.577789  
0.230549  0.769453  3.50744  2.98708  3.50744  2.98708  0.872448  0.127553  
0.139875  0.860125  2  2  2  2  0.807283  0.192717  
2.9126e-14  1  2  2  2  2  0.0771264  0.922874  
0.915294  0.0847055  2  2  2  2  0.886909  0.113091  
0.00673135  0.993269  2  2  2  2  0.858184  0.141816  
0.894087  0.105913  2  2  2  2  0.950046  0.0499537  
0.331498  0.668502  2  2  2  2  0.922269  0.0777308  
0.272247  0.727753  2  2  2  2  0.362657  0.637343  
0.0934666  0.906533  2  2  2  2  0.171356  0.828644  
0.101232  0.898768  2  2  2  2  0.908256  0.0917444  
0.215767  0.784233  2  2  2  2  0.269206  0.730794  
0.338971  0.661029  2  2  2  2  0.156794  0.843206  
0.0486621  0.951338  2  2  2  2  0.0203412  0.979659  
0.412393  0.587607  2  2  2  2  0.414931  0.585069  
0.301226  0.698774  2  2  2  2  0.027273  0.972727  
0.251202  0.748798  2  2  2  2  0.915294  0.0847055  
0.0342736  0.965726  2  2  2  2  0.223674  0.776326  
0.19354  0.80646  2  2  2  2  0.964073  0.0359268  
0.390285  0.609715  2  2  2  2  0.40038  0.59962  
0.155362  0.844638  2  2  2  2  0.135087  0.864913  
0.346443  0.653557  2  2  2  2  0.492834  0.507166  
0.886909  0.113091  2  2  2  2  0.943001  0.0569994  
0.178324  0.821676  2  2  2  2  0.450437  0.549563  
0.950046  0.0499537  2  2  2  2  0.178768  0.821232  
0.836485  0.163515  2  2  2  2  0.284747  0.715253  
0.821876  0.178124  2  2  2  2  0.0342736  0.965726  
0.20842  0.79158  2  2  2  2  0.836485  0.163515  
0.308702  0.691298  2  2  2  2  0.0483213  0.951679  
0.943002  0.0569975  2  2  2  2  0.407676  0.592324  
0.463913  0.536087  2  2  2  2  0.149516  0.850484  
0.375565  0.624436  2  2  2  2  0.457512  0.542488  
0.293856  0.706144  2  2  2  2  0.821876  0.178124  
0.829182  0.170818  2  2  2  2  0.246285  0.753715  
0.013499  0.986501  2  2  2  2  1  0  
0.382924  0.617076  2  2  2  2  0.800004  0.199996  
0.124433  0.875567  2  2  2  2  0.814572  0.185428  
0.0706152  0.929385  2  2  2  2  0.186205  0.813795  
0.626665  0.383329  2  2  2  2  0.331745  0.668255  
0.449302  0.550698  2  2  2  2  0.113538  0.886462  
0.323877  0.676123  2  2  2  2  0.316187  0.683813  
0.200995  0.799005  2  2  2  2  0.471578  0.528422  
0.397668  0.602332  2  2  2  2  0.0844583  0.915542  
0.244235  0.755765  2  2  2  2  0.978439  0.0215615  
0.865342  0.134658  2  2  2  2  0.797184  0.214272  
0.800004  0.199996  2  2  2  2  0.90123  0.0987699  
0.427164  0.572836  2  2  2  2  0.956961  0.0430392  
0.851005  0.148995  2  2  2  2  0.985648  0.0143516  
0.964073  0.0359268  2  2  2  2  0.499997  0.500003  
0.405029  0.594971  2  2  2  2  0.20872  0.79128  
0.163032  0.836968  2  2  2  2  0.992831  0.00716887  
0.419818  0.580182  2  2  2  2  0.843828  0.156172  
0.108946  0.891054  2  2  2  2  0.347205  0.652795  
0.814572  0.185428  2  2  2  2  0.485698  0.514302  
0.471234  0.528766  2  2  2  2  0.443364  0.556636  
0.368275  0.631725  2  2  2  2  0.377971  0.622029  
0.0782531  0.921747  2  2  2  2  0.33944  0.66056  
0.185976  0.814024  2  2  2  2  0.231166  0.768834  
0.316271  0.683729  2  2  2  2  0.865342  0.134658  
0.499997  0.500003  2  2  2  2  0.0413294  0.958671  
0.170648  0.829352  2  2  2  2  0.323986  0.676014  
0.353857  0.646143  2  2  2  2  0.929232  0.0707679  
0.797184  0.214272  2  2  2  2  0.253884  0.746116  
0.222973  0.777027  2  2  2  2  0.216208  0.783792  
0.978439  0.0215615  2  2  2  2  0.626665  0.383329  
0.872552  0.127448  2  2  2  2  0.936104  0.0638958  
0.441936  0.558064  2  2  2  2  0.429327  0.570673  
0.87973  0.12027  2  2  2  2  0.971224  0.028776  
0.132149  0.867851  2  2  2  2  0.120716  0.879284  
0.0558459  0.944154  2  2  2  2  0.201196  0.798804  
0.0631346  0.936866  2  2  2  2  0.0554962  0.944504  
0.258154  0.741846  2  2  2  2  0.0917863  0.908214  
0.28666  0.71334  2  2  2  2  0.436336  0.563664  
0.265221  0.734779  2  2  2  2  0.894087  0.105913  
0.027273  0.972727  2  2  2  2  0.35496  0.64504  
0.936104  0.0638958  2  2  2  2  0.238717  0.761283  
0.27937  0.72063  2  2  2  2  0.193717  0.806283  
0.922269  0.0777308  2  2  2  2  2.9015e-14  1  
0.0203412  0.979659  2  2  2  2  0.013499  0.986501  
0.992831  0.00716887  2  2  2  2  0.308338  0.691662  
0.858184  0.141816  2  2  2  2  0.164048  0.835952  
0.116679  0.883321  2  2  2  2  0.0990888  0.900911  
0.985648  0.0143516  2  2  2  2  0.142264  0.857736  
0.971224  0.028776  2  2  2  2  0.0698535  0.930146  
0.90123  0.0987699  2  2  2  2  0.829182  0.170818  
0.843828  0.156172  2  2  2  2  0.106294  0.893706  
0.807283  0.192717  2  2  2  2  0.277024  0.722976  
0.485698  0.514302  2  2  2  2  0.87973  0.12027  
0.147642  0.852358  2  2  2  2  0.370333  0.629667  
0.0858071  0.914193  2  2  2  2  0.127899  0.872101  
1  0  2  2  2  2  0.0625936  0.937406  
0.49284  0.50716  2  2  2  2  0.292605  0.707395  
0.434561  0.565439  2  2  2  2  0.392992  0.607008  
0.361048  0.638952  2  2  2  2  0.385514  0.614486  
0.929232  0.0707679  2  2  2  2  0.300481  0.699519  
0.908256  0.0917444  2  2  2  2  0.851005  0.148995  
0.956961  0.0430392  2  2  2  2  0.261532  0.738468  
0.0413992  0.958601  2  2  2  2  0.478643  0.521357  
0.237226  0.762774  2  2  2  2  0.464558  0.535442  
0.456615  0.543385  2  2  2  2  0.00673135  0.993269  
0.478517  0.521483  2  2  2  2  0.42218  0.57782  
0.230107  0.769893  2  2  2  2  0.872552  0.127448  
0.139875  0.860125  2  2  2  2  0.807283  0.192717  
2.9126e-14  1  2  2  2  2  0.0771402  0.92286  
0.915227  0.0847729  2  2  2  2  0.886909  0.113091  
0.00674643  0.993254  2  2  2  2  0.858098  0.141902  
0.894034  0.105966  2  2  2  2  0.950046  0.0499537  
0.331374  0.668626  2  2  2  2  0.922269  0.0777308  
0.272247  0.727753  2  2  2  2  0.362616  0.637384  
0.0935175  0.906482  2  2  2  2  0.171464  0.828536  
0.101232  0.898768  2  2  2  2  0.908184  0.0918156  
0.215539  0.784461  2  2  2  2  0.269282  0.730718  
0.338862  0.661138  2  2  2  2  0.156794  0.843206  
0.0487877  0.951212  2  2  2  2  0.0204608  0.979539  
0.412437  0.587563  2  2  2  2  0.414785  0.585215  
0.301411  0.698589  2  2  2  2  0.0273839  0.972616  
0.251202  0.748798  2  2  2  2  0.915227  0.0847729  
0.0344131  0.965587  2  2  2  2  0.223674  0.776326  
0.193405  0.806595  2  2  2  2  0.964158  0.0358423  
0.390285  0.609715  2  2  2  2  0.400205  0.599795  
0.15534  0.84466  2  2  2  2  0.135087  0.864913  
0.346303  0.653697  2  2  2  2  0.492834  0.507166  
0.886894  0.113106  2  2  2  2  0.943079  0.0569208  
0.178285  0.821715  2  2  2  2  0.450437  0.549563  
0.950046  0.0499537  2  2  2  2  0.178903  0.821097  
0.836423  0.163577  2  2  2  2  0.284821  0.715179  
0.821876  0.178124  2  2  2  2  0.0343581  0.965642  
0.208211  0.791789  2  2  2  2  0.836423  0.163577  
0.308865  0.691135  2  2  2  2  0.048422  0.951578  
0.943079  0.0569208  2  2  2  2  0.407597  0.592403  
0.463913  0.536087  2  2  2  2  0.149542  0.850458  
0.375666  0.624334  2  2  2  2  0.457512  0.542488  
0.294011  0.705989  2  2  2  2  0.821876  0.178124  
0.829182  0.170818  2  2  2  2  0.246289  0.753711  
0.0135146  0.986485  2  2  2  2  1  0  
0.382969  0.617031  2  2  2  2  0.800004  0.199996  
0.124402  0.875598  2  2  2  2  0.814572  0.185428  
0.0708508  0.929149  2  2  2  2  0.18623  0.81377  
0.626665  0.383329  2  2  2  2  0.331745  0.668255  
0.449261  0.550739  2  2  2  2  0.113517  0.886483  
0.323877  0.676123  2  2  2  2  0.316187  0.683813  
0.20085  0.79915  2  2  2  2  0.471578  0.528422  
0.397668  0.602332  2  2  2  2  0.0844583  0.915542  
0.244169  0.755831  2  2  2  2  0.978439  0.0215615  
0.865352  0.134648  2  2  2  2  0.795947  0.213939  
0.800004  0.199996  2  2  2  2  0.901131  0.0988688  
0.427183  0.572817  2  2  2  2  0.957074  0.0429265  
0.850886  0.149114  2  2  2  2  0.985648  0.0143516  
0.964158  0.0358423  2  2  2  2  0.499997  0.500003  
0.405029  0.594971  2  2  2  2  0.208713  0.791287  
0.162998  0.837002  2  2  2  2  0.992831  0.00716887  
0.419818  0.580182  2  2  2  2  0.843623  0.156377  
0.108946  0.891054  2  2  2  2  0.347205  0.652795  
0.814572  0.185428  2  2  2  2  0.485728  0.514272  
0.471169  0.528831  2  2  2  2  0.443387  0.556613  
0.368363  0.631637  2  2  2  2  0.377819  0.622181  
0.0783623  0.921638  2  2  2  2  0.339465  0.660535  
0.185852  0.814148  2  2  2  2  0.231207  0.768793  
0.31636  0.68364  2  2  2  2  0.865352  0.134648  
0.499997  0.500003  2  2  2  2  0.041358  0.958642  
0.170671  0.829329  2  2  2  2  0.323986  0.676014  
0.353697  0.646303  2  2  2  2  0.929232  0.0707679  
0.795947  0.213939  2  2  2  2  0.253884  0.746116  
0.222851  0.777149  2  2  2  2  0.216208  0.783792  
0.978439  0.0215615  2  2  2  2  0.626665  0.383329  
0.872542  0.127458  2  2  2  2  0.936176  0.063824  
0.441929  0.558071  2  2  2  2  0.429185  0.570815  
0.87973  0.12027  2  2  2  2  0.971306  0.0286942  
0.132149  0.867851  2  2  2  2  0.120716  0.879284  
0.055993  0.944007  2  2  2  2  0.201196  0.798804  
0.0633514  0.936649  2  2  2  2  0.0555315  0.944469  
0.258208  0.741792  2  2  2  2  0.091751  0.908249  
0.286709  0.713291  2  2  2  2  0.436318  0.563682  
0.265221  0.734779  2  2  2  2  0.894034  0.105966  
0.02746  0.97254  2  2  2  2  0.35496  0.64504  
0.936176  0.063824  2  2  2  2  0.238717  0.761283  
0.27942  0.72058  2  2  2  2  0.193717  0.806283  
0.922269  0.0777308  2  2  2  2  2.9015e-14  1  
0.0204608  0.979539  2  2  2  2  0.0135146  0.986485  
0.992831  0.00716887  2  2  2  2  0.308338  0.691662  
0.858098  0.141902  2  2  2  2  0.164085  0.835915  
0.116679  0.883321  2  2  2  2  0.0990371  0.900963  
0.985648  0.0143516  2  2  2  2  0.142323  0.857677  
0.971306  0.0286942  2  2  2  2  0.0699233  0.930077  
0.901131  0.0988688  2  2  2  2  0.829182  0.170818  
0.843623  0.156377  2  2  2  2  0.106294  0.893706  
0.807283  0.192717  2  2  2  2  0.277048  0.722952  
0.485698  0.514302  2  2  2  2  0.87973  0.12027  
0.147624  0.852376  2  2  2  2  0.370261  0.629739  
0.0859725  0.914028  2  2  2  2  0.127899  0.872101  
1  0  2  2  2  2  0.0627153  0.937285  
0.49284  0.50716  2  2  2  2  0.292668  0.707332  
0.434561  0.565439  2  2  2  2  0.392817  0.607183  
0.361048  0.638952  2  2  2  2  0.385346  0.614654  
0.929232  0.0707679  2  2  2  2  0.300481  0.699519  
0.908184  0.0918156  2  2  2  2  0.850886  0.149114  
0.957074  0.0429265  2  2  2  2  0.261532  0.738468  
0.0415856  0.958414  2  2  2  2  0.478643  0.521357  
0.237085  0.762915  2  2  2  2  0.464558  0.535442  
0.456615  0.543385  2  2  2  2  0.00674643  0.993254  
0.478403  0.521597  2  2  2  2  0.421978  0.578022  
0.229948  0.770052  2  2  2  2  0.872542  0.127458  
0.1399  0.8601  2  2  2  2  0.807283  0.192717  
2.9126e-14  1  2  2  2  2  0.077199  0.922801  
0.915197  0.0848028  2  2  2  2  0.886909  0.113091  
0.006878  0.993122  2  2  2  2  0.858098  0.141902  
0.894034  0.105966  2  2  2  2  0.950148  0.0498524  
0.331336  0.668664  2  2  2  2  0.922211  0.0777886  
0.272681  0.727319  2  2  2  2  0.362559  0.637441  
0.0936032  0.906397  2  2  2  2  0.171464  0.828536  
0.101232  0.898768  2  2  2  2  0.908184  0.0918156  
0.215417  0.784583  2  2  2  2  0.269311  0.730689  
0.338766  0.661234  2  2  2  2  0.156794  0.843206  
0.0490135  0.950986  2  2  2  2  0.0204855  0.979514  
0.412437  0.587563  2  2  2  2  0.414785  0.585215  
0.301544  0.698456  2  2  2  2  0.0273938  0.972606  
0.251202  0.748798  2  2  2  2  0.915197  0.0848028  
0.0347132  0.965287  2  2  2  2  0.223674  0.776326  
0.193307  0.806693  2  2  2  2  0.964243  0.0357569  
0.390317  0.609683  2  2  2  2  0.400174  0.599826  
0.15534  0.84466  2  2  2  2  0.135087  0.864913  
0.346232  0.653768  2  2  2  2  0.492877  0.507123  
0.886894  0.113106  2  2  2  2  0.943124  0.0568761  
0.178285  0.821715  2  2  2  2  0.450435  0.549565  
0.950148  0.0498524  2  2  2  2  0.178862  0.821138  
0.836403  0.163597  2  2  2  2  0.284855  0.715145  
0.821876  0.178124  2  2  2  2  0.0343581  0.965642  
0.208125  0.791875  2  2  2  2  0.836403  0.163597  
0.308892  0.691108  2  2  2  2  0.0484937  0.951506  
0.943124  0.0568761  2  2  2  2  0.407464  0.592536  
0.463913  0.536087  2  2  2  2  0.149542  0.850458  
0.375666  0.624334  2  2  2  2  0.457512  0.542488  
0.294271  0.705729  2  2  2  2  0.821876  0.178124  
0.829157  0.170843  2  2  2  2  0.246308  0.753692  
0.0137755  0.986224  2  2  2  2  1  0  
0.382969  0.617031  2  2  2  2  0.800004  0.199996  
0.124402  0.875598  2  2  2  2  0.814572  0.185428  
0.0710813  0.928919  2  2  2  2  0.186284  0.813716  
0.626665  0.383329  2  2  2  2  0.331745  0.668255  
0.449261  0.550739  2  2  2  2  0.113517  0.886483  
0.323877  0.676123  2  2  2  2  0.316152  0.683848  
0.200776  0.799224  2  2  2  2  0.471619  0.528381  
0.397683  0.602317  2  2  2  2  0.0844583  0.915542  
0.244142  0.755858  2  2  2  2  0.978475  0.0215253  
0.865319  0.134681  2  2  2  2  0.795139  0.213722  
0.800004  0.199996  2  2  2  2  0.901131  0.0988688  
0.427183  0.572817  2  2  2  2  0.957199  0.0428007  
0.850886  0.149114  2  2  2  2  0.985648  0.0143516  
0.964243  0.0357569  2  2  2  2  0.499997  0.500003  
0.405044  0.594956  2  2  2  2  0.208713  0.791287  
0.162998  0.837002  2  2  2  2  0.992831  0.00716887  
0.419818  0.580182  2  2  2  2  0.843658  0.156342  
0.108946  0.891054  2  2  2  2  0.34717  0.65283  
0.814572  0.185428  2  2  2  2  0.485728  0.514272  
0.471169  0.528831  2  2  2  2  0.44332  0.55668  
0.368363  0.631637  2  2  2  2  0.377737  0.622263  
0.0785194  0.921481  2  2  2  2  0.339465  0.660535  
0.185804  0.814196  2  2  2  2  0.231207  0.768793  
0.31636  0.68364  2  2  2  2  0.865319  0.134681  
0.499997  0.500003  2  2  2  2  0.0413912  0.958609  
0.170623  0.829377  2  2  2  2  0.323957  0.676043  
0.353664  0.646336  2  2  2  2  0.929192  0.0708083  
0.795139  0.213722  2  2  2  2  0.25392  0.74608  
0.222746  0.777254  2  2  2  2  0.216208  0.783792  
0.978475  0.0215253  2  2  2  2  0.626665  0.383329  
0.872542  0.127458  2  2  2  2  0.936176  0.063824  
0.441901  0.558099  2  2  2  2  0.429127  0.570873  
0.879729  0.120271  2  2  2  2  0.971329  0.0286709  
0.132149  0.867851  2  2  2  2  0.120716  0.879284  
0.0564069  0.943593  2  2  2  2  0.201196  0.798804  
0.0637068  0.936293  2  2  2  2  0.0556521  0.944348  
0.258269  0.741731  2  2  2  2  0.091751  0.908249  
0.28698  0.71302  2  2  2  2  0.436217  0.563783  
0.265478  0.734522  2  2  2  2  0.894034  0.105966  
0.0275751  0.972425  2  2  2  2  0.354878  0.645122  
0.936176  0.063824  2  2  2  2  0.23874  0.76126  
0.279774  0.720226  2  2  2  2  0.193717  0.806283  
0.922211  0.0777886  2  2  2  2  2.9015e-14  1  
0.0206137  0.979386  2  2  2  2  0.0136629  0.986337  
0.992831  0.00716887  2  2  2  2  0.308338  0.691662  
0.858098  0.141902  2  2  2  2  0.164158  0.835842  
0.116679  0.883321  2  2  2  2  0.0990371  0.900963  
0.985648  0.0143516  2  2  2  2  0.142323  0.857677  
0.971329  0.0286709  2  2  2  2  0.0699938  0.930006  
0.901131  0.0988688  2  2  2  2  0.829157  0.170843  
0.843658  0.156342  2  2  2  2  0.106286  0.893714  
0.807283  0.192717  2  2  2  2  0.277048  0.722952  
0.485614  0.514386  2  2  2  2  0.87973  0.12027  
0.147624  0.852376  2  2  2  2  0.370158  0.629842  
0.0860036  0.913996  2  2  2  2  0.127899  0.872101  
1  0  2  2  2  2  0.0627851  0.937215  
0.492793  0.507207  2  2  2  2  0.292668  0.707332  
0.434561  0.565439  2  2  2  2  0.392805  0.607195  
0.361048  0.638952  2  2  2  2  0.38531  0.61469  
0.929192  0.0708083  2  2  2  2  0.300481  0.699519  
0.908184  0.0918156  2  2  2  2  0.850886  0.149114  
0.957199  0.0428007  2  2  2  2  0.261561  0.738439  
0.0418561  0.958144  2  2  2  2  0.478643  0.521357  
0.237085  0.762915  2  2  2  2  0.464558  0.535442  
0.456593  0.543407  2  2  2  2  0.0068347  0.993165  
0.478403  0.521597  2  2  2  2  0.421963  0.578037  
0.229948  0.770052  2  2  2  2  0.872542  0.127458  
0.1399  0.8601  2  2  2  2  0.807283  0.192717  
2.9126e-14  1  2  2  2  2  0.077203  0.922797  
0.915197  0.0848028  2  2  2  2  0.88688  0.11312  
0.006878  0.993122  2  2  2  2  0.858098  0.141902  
0.894034  0.105966  2  2  2  2  0.950187  0.0498126  
0.331329  0.668671  2  2  2  2  0.922198  0.077802  
0.272634  0.727366  2  2  2  2  0.36251  0.63749  
0.093647  0.906353  2  2  2  2  0.171496  0.828504  
0.101339  0.898661  2  2  2  2  0.908184  0.0918156  
0.215379  0.784621  2  2  2  2  0.269348  0.730652  
0.338775  0.661225  2  2  2  2  0.156836  0.843164  
0.0492295  0.950771  2  2  2  2  0.0204855  0.979514  
0.412437  0.587563  2  2  2  2  0.414686  0.585314  
0.301671  0.698329  2  2  2  2  0.0274012  0.972599  
0.251202  0.748798  2  2  2  2  0.915197  0.0848028  
0.0349379  0.965062  2  2  2  2  0.22371  0.77629  
0.193307  0.806693  2  2  2  2  0.964305  0.0356953  
0.390317  0.609683  2  2  2  2  0.400082  0.599918  
0.155327  0.844673  2  2  2  2  0.135087  0.864913  
0.346232  0.653768  2  2  2  2  0.492877  0.507123  
0.886894  0.113106  2  2  2  2  0.943183  0.0568171  
0.178187  0.821813  2  2  2  2  0.450435  0.549565  
0.950187  0.0498126  2  2  2  2  0.178892  0.821108  
0.836403  0.163597  2  2  2  2  0.284855  0.715145  
0.821876  0.178124  2  2  2  2  0.0343581  0.965642  
0.208105  0.791895  2  2  2  2  0.836403  0.163597  
0.309096  0.690904  2  2  2  2  0.0485514  0.951449  
0.943183  0.0568171  2  2  2  2  0.407397  0.592603  
0.46384  0.53616  2  2  2  2  0.149542  0.850458  
0.375666  0.624334  2  2  2  2  0.457512  0.542488  
0.294359  0.705641  2  2  2  2  0.821876  0.178124  
0.829157  0.170843  2  2  2  2  0.246308  0.753692  
0.0138612  0.986139  2  2  2  2  1  0  
0.382989  0.617011  2  2  2  2  0.800004  0.199996  
0.124402  0.875598  2  2  2  2  0.814572  0.185428  
0.071127  0.928873  2  2  2  2  0.186304  0.813696  
0.626665  0.383329  2  2  2  2  0.331701  0.668299  
0.449261  0.550739  2  2  2  2  0.113505  0.886495  
0.323851  0.676149  2  2  2  2  0.316152  0.683848  
0.20073  0.79927  2  2  2  2  0.471619  0.528381  
0.397683  0.602317  2  2  2  2  0.0844583  0.915542  
0.244107  0.755893  2  2  2  2  0.978501  0.0214987  
0.865319  0.134681  2  2  2  2  0.795139  0.213722  
0.800004  0.199996  2  2  2  2  0.901131  0.0988688  
0.427183  0.572817  2  2  2  2  0.95724  0.0427599  
0.850886  0.149114  2  2  2  2  0.985648  0.0143516  
0.964305  0.0356953  2  2  2  2  0.499997  0.500003  
0.405044  0.594956  2  2  2  2  0.208713  0.791287  
0.16293  0.83707  2  2  2  2  0.992831  0.00716887  
0.419818  0.580182  2  2  2  2  0.843658  0.156342  
0.108946  0.891054  2  2  2  2  0.34717  0.65283  
0.814572  0.185428  2  2  2  2  0.485753  0.514247  
0.471123  0.528877  2  2  2  2  0.44332  0.55668  
0.368328  0.631672  2  2  2  2  0.377737  0.622263  
0.0786025  0.921398  2  2  2  2  0.339465  0.660535  
0.185698  0.814302  2  2  2  2  0.231207  0.768793  
0.31645  0.68355  2  2  2  2  0.865319  0.134681  
0.499997  0.500003  2  2  2  2  0.0414464  0.958554  
0.170571  0.829429  2  2  2  2  0.323957  0.676043  
0.353609  0.646391  2  2  2  2  0.929192  0.0708083  
0.795139  0.213722  2  2  2  2  0.253957  0.746043  
0.222623  0.777377  2  2  2  2  0.216208  0.783792  
0.978501  0.0214987  2  2  2  2  0.626665  0.383329  
0.872542  0.127458  2  2  2  2  0.936176  0.063824  
0.441901  0.558099  2  2  2  2  0.429083  0.570917  
0.879729  0.120271  2  2  2  2  0.97137  0.02863  
0.132149  0.867851  2  2  2  2  0.120716  0.879284  
0.0564069  0.943593  2  2  2  2  0.201196  0.798804  
0.0637794  0.936221  2  2  2  2  0.0556521  0.944348  
0.258372  0.741628  2  2  2  2  0.0917481  0.908252  
0.287088  0.712912  2  2  2  2  0.436217  0.563783  
0.265478  0.734522  2  2  2  2  0.894034  0.105966  
0.0278594  0.972141  2  2  2  2  0.354852  0.645148  
0.936176  0.063824  2  2  2  2  0.23874  0.76126  
0.279883  0.720117  2  2  2  2  0.193741  0.806259  
0.922198  0.077802  2  2  2  2  2.9015e-14  1  
0.020886  0.979114  2  2  2  2  0.0136629  0.986337  
0.992831  0.00716887  2  2  2  2  0.308338  0.691662  
0.858098  0.141902  2  2  2  2  0.164148  0.835852  
0.116687  0.883313  2  2  2  2  0.0990131  0.900987  
0.985648  0.0143516  2  2  2  2  0.142323  0.857677  
0.97137  0.02863  2  2  2  2  0.0699938  0.930006  
0.901131  0.0988688  2  2  2  2  0.829157  0.170843  
0.843658  0.156342  2  2  2  2  0.106244  0.893756  
0.807283  0.192717  2  2  2  2  0.277097  0.722903  
0.485614  0.514386  2  2  2  2  0.87973  0.12027  
0.147624  0.852376  2  2  2  2  0.370158  0.629842  
0.0861325  0.913868  2  2  2  2  0.127899  0.872101  
1  0  2  2  2  2  0.0628301  0.93717  
0.492803  0.507197  2  2  2  2  0.292668  0.707332  
0.434561  0.565439  2  2  2  2  0.392709  0.607291  
0.360975  0.639025  2  2  2  2  0.385168  0.614832  
0.929192  0.0708083  2  2  2  2  0.300481  0.699519  
0.908184  0.0918156  2  2  2  2  0.850886  0.149114  
0.95724  0.0427599  2  2  2  2  0.261633  0.738367  
0.0420865  0.957913  2  2  2  2  0.47867  0.521331  
0.237004  0.762996  2  2  2  2  0.464558  0.535442  
0.456571  0.543429  2  2  2  2  0.0068347  0.993165  
0.478403  0.521597  2  2  2  2  0.421924  0.578076  
0.229872  0.770128  2  2  2  2  0.872542  0.127458  
