2.64084  2.6465  3.73292  5.54908  1.79769e+308  1.79769e+308  2.64084  2.6465  
1.16166  4.3525  3.73292  5.54908  1.79769e+308  1.79769e+308  1.16166  4.3525  
1.70924  3.72106  3.73292  5.54908  1.79769e+308  1.79769e+308  1.70924  3.72106  
2.63369  2.27948  3.73292  5.54908  1.79769e+308  1.79769e+308  2.63369  2.27948  
2.63853  2.65774  3.73292  5.54908  1.79769e+308  1.79769e+308  2.63853  2.65774  
1.83607  4.0734  3.73292  5.54908  1.79769e+308  1.79769e+308  1.83607  4.0734  
2.08457  3.58723  3.73292  5.54908  1.79769e+308  1.79769e+308  2.08457  3.58723  
1.92676  3.34976  3.73292  5.54908  1.79769e+308  1.79769e+308  1.92676  3.34976  
2.31001  3.45513  3.73292  5.54908  1.79769e+308  1.79769e+308  2.31001  3.45513  
1.40348  3.96332  3.73292  5.54908  1.79769e+308  1.79769e+308  1.40348  3.96332  
1.87464  3.37963  3.73292  5.54908  1.79769e+308  1.79769e+308  1.87464  3.37963  
1.76692  3.57739  3.73292  5.54908  1.79769e+308  1.79769e+308  1.76692  3.57739  
2.2736  3.22937  3.73292  5.54908  1.79769e+308  1.79769e+308  2.2736  3.22937  
1.73045  3.71006  3.73292  5.54908  1.79769e+308  1.79769e+308  1.73045  3.71006  
1.81231  3.35753  3.73292  5.54908  1.79769e+308  1.79769e+308  1.81231  3.35753  
2.18932  3.25251  3.73292  5.54908  1.79769e+308  1.79769e+308  2.18932  3.25251  
1.6766  3.6684  3.73292  5.54908  1.79769e+308  1.79769e+308  1.6766  3.6684  
1.79946  3.57145  3.73292  5.54908  1.79769e+308  1.79769e+308  1.79946  3.57145  
1.81165  3.24046  3.73292  5.54908  1.79769e+308  1.79769e+308  1.81165  3.24046  
2.43744  3.20169  3.73292  5.54908  1.79769e+308  1.79769e+308  2.43744  3.20169  
1.98724  3.2764  3.73292  5.54908  1.79769e+308  1.79769e+308  1.98724  3.2764  
2.41813  2.948  3.73292  5.54908  1.79769e+308  1.79769e+308  2.41813  2.948  
2.4462  3.11427  3.73292  5.54908  1.79769e+308  1.79769e+308  2.4462  3.11427  
1.74303  3.55367  3.73292  5.54908  1.79769e+308  1.79769e+308  1.74303  3.55367  
2.52541  2.63917  3.73292  5.54908  1.79769e+308  1.79769e+308  2.52541  2.63917  
2.33272  2.96283  3.73292  5.54908  1.79769e+308  1.79769e+308  2.33272  2.96283  
1.5904  4.29005  3.73292  5.54908  1.79769e+308  1.79769e+308  1.5904  4.29005  
2.37213  2.83055  3.73292  5.54908  1.79769e+308  1.79769e+308  2.37213  2.83055  
1.69743  3.72679  3.73292  5.54908  1.79769e+308  1.79769e+308  1.69743  3.72679  
2.64113  2.41058  3.73292  5.54908  1.79769e+308  1.79769e+308  2.64113  2.41058  
1.98573  3.70126  3.73292  5.54908  1.79769e+308  1.79769e+308  1.98573  3.70126  
2.02846  3.42632  3.73292  5.54908  1.79769e+308  1.79769e+308  2.02846  3.42632  
1.15955  4.38045  3.73292  5.54908  1.79769e+308  1.79769e+308  1.15955  4.38045  
2.03144  3.41611  3.73292  5.54908  1.79769e+308  1.79769e+308  2.03144  3.41611  
1.90323  3.44191  3.73292  5.54908  1.79769e+308  1.79769e+308  1.90323  3.44191  
1.50113  4.12361  3.73292  5.54908  1.79769e+308  1.79769e+308  1.50113  4.12361  
2.31332  3.24522  3.73292  5.54908  1.79769e+308  1.79769e+308  2.31332  3.24522  
1.9339  3.25285  3.73292  5.54908  1.79769e+308  1.79769e+308  1.9339  3.25285  
2.29045  3.44985  3.73292  5.54908  1.79769e+308  1.79769e+308  2.29045  3.44985  
1.56675  3.67392  3.73292  5.54908  1.79769e+308  1.79769e+308  1.56675  3.67392  
1.50909  4.09393  3.73292  5.54908  1.79769e+308  1.79769e+308  1.50909  4.09393  
2.47682  3.20044  3.73292  5.54908  1.79769e+308  1.79769e+308  2.47682  3.20044  
1.88598  3.25528  3.73292  5.54908  1.79769e+308  1.79769e+308  1.88598  3.25528  
2.13631  3.38617  3.73292  5.54908  1.79769e+308  1.79769e+308  2.13631  3.38617  
2.03596  3.55584  3.73292  5.54908  1.79769e+308  1.79769e+308  2.03596  3.55584  
2.41061  2.43112  3.73292  5.54908  1.79769e+308  1.79769e+308  2.41061  2.43112  
1.79549  3.77285  3.73292  5.54908  1.79769e+308  1.79769e+308  1.79549  3.77285  
1.7946  3.77779  3.73292  5.54908  1.79769e+308  1.79769e+308  1.7946  3.77779  
2.50643  2.66568  3.73292  5.54908  1.79769e+308  1.79769e+308  2.50643  2.66568  
2.0885  3.42511  3.73292  5.54908  1.79769e+308  1.79769e+308  2.0885  3.42511  
2.72231  2.37664  3.73292  5.54908  1.79769e+308  1.79769e+308  2.72231  2.37664  
1.89738  3.5412  3.73292  5.54908  1.79769e+308  1.79769e+308  1.89738  3.5412  
2.63079  2.00593  3.73292  5.54908  1.79769e+308  1.79769e+308  2.63079  2.00593  
0.977215  4.3524  3.73292  5.54908  1.79769e+308  1.79769e+308  0.977215  4.3524  
1.95863  3.40034  3.73292  5.54908  1.79769e+308  1.79769e+308  1.95863  3.40034  
2.0157  3.14922  3.73292  5.54908  1.79769e+308  1.79769e+308  2.0157  3.14922  
2.0142  3.22614  3.73292  5.54908  1.79769e+308  1.79769e+308  2.0142  3.22614  
1.98888  3.3345  3.73292  5.54908  1.79769e+308  1.79769e+308  1.98888  3.3345  
1.87686  3.63201  3.73292  5.54908  1.79769e+308  1.79769e+308  1.87686  3.63201  
2.07042  3.69195  3.73292  5.54908  1.79769e+308  1.79769e+308  2.07042  3.69195  
2.69178  2.88345  3.73292  5.54908  1.79769e+308  1.79769e+308  2.69178  2.88345  
1.25384  4.26164  3.73292  5.54908  1.79769e+308  1.79769e+308  1.25384  4.26164  
1.72105  3.71646  3.73292  5.54908  1.79769e+308  1.79769e+308  1.72105  3.71646  
2.49416  2.96039  3.73292  5.54908  1.79769e+308  1.79769e+308  2.49416  2.96039  
2.54171  2.31817  3.73292  5.54908  1.79769e+308  1.79769e+308  2.54171  2.31817  
1.7085  3.85288  3.73292  5.54908  1.79769e+308  1.79769e+308  1.7085  3.85288  
0.856513  4.54908  3.73292  5.54908  1.79769e+308  1.79769e+308  0.856513  4.54908  
1.99767  3.59463  3.73292  5.54908  1.79769e+308  1.79769e+308  1.99767  3.59463  
2.5942  2.27766  3.73292  5.54908  1.79769e+308  1.79769e+308  2.5942  2.27766  
2.44644  3.0667  3.73292  5.54908  1.79769e+308  1.79769e+308  2.44644  3.0667  
2.39403  3.36783  3.73292  5.54908  1.79769e+308  1.79769e+308  2.39403  3.36783  
1.82526  3.41606  3.73292  5.54908  1.79769e+308  1.79769e+308  1.82526  3.41606  
2.65052  1.24678  3.73292  5.54908  1.79769e+308  1.79769e+308  2.65052  1.24678  
2.6423  3.04593  3.73292  5.54908  1.79769e+308  1.79769e+308  2.6423  3.04593  
1.35395  3.9305  3.73292  5.54908  1.79769e+308  1.79769e+308  1.35395  3.9305  
1.77425  3.50957  3.73292  5.54908  1.79769e+308  1.79769e+308  1.77425  3.50957  
2.3905  2.55412  3.73292  5.54908  1.79769e+308  1.79769e+308  2.3905  2.55412  
2.36509  3.15127  3.73292  5.54908  1.79769e+308  1.79769e+308  2.36509  3.15127  
1.85558  3.55022  3.73292  5.54908  1.79769e+308  1.79769e+308  1.85558  3.55022  
2.20429  2.99703  3.73292  5.54908  1.79769e+308  1.79769e+308  2.20429  2.99703  
2.73292  2.3503  3.73292  5.54908  1.79769e+308  1.79769e+308  2.73292  2.3503  
2.35724  2.96697  3.73292  5.54908  1.79769e+308  1.79769e+308  2.35724  2.96697  
2.43174  3.02543  3.73292  5.54908  1.79769e+308  1.79769e+308  2.43174  3.02543  
1.35161  4.19495  3.73292  5.54908  1.79769e+308  1.79769e+308  1.35161  4.19495  
1.9477  3.55229  3.73292  5.54908  1.79769e+308  1.79769e+308  1.9477  3.55229  
2.40729  2.96873  3.73292  5.54908  1.79769e+308  1.79769e+308  2.40729  2.96873  
2.17212  2.9904  3.73292  5.54908  1.79769e+308  1.79769e+308  2.17212  2.9904  
2.30347  3.20921  3.73292  5.54908  1.79769e+308  1.79769e+308  2.30347  3.20921  
1.62753  3.84747  3.73292  5.54908  1.79769e+308  1.79769e+308  1.62753  3.84747  
2.31949  3.30008  3.73292  5.54908  1.79769e+308  1.79769e+308  2.31949  3.30008  
1.40983  3.83573  3.73292  5.54908  1.79769e+308  1.79769e+308  1.40983  3.83573  
1.7253  4.01067  3.73292  5.54908  1.79769e+308  1.79769e+308  1.7253  4.01067  
1.86599  3.59496  3.73292  5.54908  1.79769e+308  1.79769e+308  1.86599  3.59496  
1.80005  4.07394  3.73292  5.54908  1.79769e+308  1.79769e+308  1.80005  4.07394  
2.10829  3.44312  3.73292  5.54908  1.79769e+308  1.79769e+308  2.10829  3.44312  
2.5007  2.95268  3.73292  5.54908  1.79769e+308  1.79769e+308  2.5007  2.95268  
1.66148  3.82871  3.73292  5.54908  1.79769e+308  1.79769e+308  1.66148  3.82871  
1.92549  3.73468  3.73292  5.54908  1.79769e+308  1.79769e+308  1.92549  3.73468  
2.40847  3.30001  3.73292  5.54908  1.79769e+308  1.79769e+308  2.40847  3.30001  
1.78271  3.22459  3.73292  5.54908  1.79769e+308  1.79769e+308  1.78271  3.22459  
1.08814  3.67498  3.51512  5.62073  3.30079  5.18365  2.51512  0.528628  
1.67142  2.7582  3.51512  5.62073  3.30079  5.18365  1.81474  2.92064  
1.66814  2.79335  3.51512  5.62073  3.30079  5.18365  2.11341  3.26358  
0.191836  4.18249  3.51512  5.62073  3.30079  5.18365  0.518269  4.51827  
1.99726  2.22334  3.51512  5.62073  3.30079  5.18365  2.1327  2.44219  
0.183649  4.18365  3.51512  5.62073  3.30079  5.18365  2.26033  1.88183  
2.16182  1.78081  3.51512  5.62073  3.30079  5.18365  2.32046  1.57511  
2.27971  1.05052  3.51512  5.62073  3.30079  5.18365  0.883888  3.74935  
2.19075  1.64102  3.51512  5.62073  3.30079  5.18365  2.26477  1.53823  
1.40939  3.07857  3.51512  5.62073  3.30079  5.18365  1.67142  2.7582  
1.6789  2.742  3.51512  5.62073  3.30079  5.18365  0.321673  4.32166  
1.07806  3.69448  3.51512  5.62073  3.30079  5.18365  0.444347  4.42032  
1.4594  2.92022  3.51512  5.62073  3.30079  5.18365  1.18378  3.37103  
2.20529  1.61665  3.51512  5.62073  3.30079  5.18365  2.03269  2.23383  
2.26294  1.10515  3.51512  5.62073  3.30079  5.18365  2.26859  1.95775  
0.740599  3.98382  3.51512  5.62073  3.30079  5.18365  2.04164  2.27008  
1.80179  2.39677  3.51512  5.62073  3.30079  5.18365  1.04788  4.06708  
2.18917  1.64887  3.51512  5.62073  3.30079  5.18365  2.25662  1.60048  
2.19582  1.62662  3.51512  5.62073  3.30079  5.18365  1.6797  3.57106  
0.827363  3.9761  3.51512  5.62073  3.30079  5.18365  1.42654  4.15062  
2.04912  1.89218  3.51512  5.62073  3.30079  5.18365  2.4863  1.6985  
1.78924  2.52191  3.51512  5.62073  3.30079  5.18365  2.32438  1.06623  
1.42473  2.98196  3.51512  5.62073  3.30079  5.18365  1.98031  3.5171  
1.22123  3.32218  3.51512  5.62073  3.30079  5.18365  2.2659  1.07568  
0.333018  4.16324  3.51512  5.62073  3.30079  5.18365  2.07706  2.54129  
1.1752  3.39758  3.51512  5.62073  3.30079  5.18365  1.04049  4.32007  
2.2947  1.02014  3.51512  5.62073  3.30079  5.18365  0.537933  4.45148  
1.95799  2.26356  3.51512  5.62073  3.30079  5.18365  1.88082  3.67932  
1.18378  3.37103  3.51512  5.62073  3.30079  5.18365  1.82184  3.10828  
2.24776  1.3242  3.51512  5.62073  3.30079  5.18365  1.32987  4.1572  
1.09427  3.6043  3.51512  5.62073  3.30079  5.18365  2.15824  1.91864  
2.2659  1.07568  3.51512  5.62073  3.30079  5.18365  2.41453  0.781151  
1.81236  2.36983  3.51512  5.62073  3.30079  5.18365  2.26145  1.80847  
2.14619  1.82901  3.51512  5.62073  3.30079  5.18365  2.17813  1.73179  
2.24598  1.34069  3.51512  5.62073  3.30079  5.18365  1.40377  3.7121  
2.09753  1.84185  3.51512  5.62073  3.30079  5.18365  2.3835  1.23769  
1.46748  2.90705  3.51512  5.62073  3.30079  5.18365  2.17497  2.8179  
2.30079  0.300791  3.51512  5.62073  3.30079  5.18365  2.38436  1.89179  
1.64133  2.88268  3.51512  5.62073  3.30079  5.18365  1.9269  2.8963  
1.21499  3.35822  3.51512  5.62073  3.30079  5.18365  1.4512  3.43215  
2.18703  1.6732  3.51512  5.62073  3.30079  5.18365  1.58324  3.88988  
1.35094  3.19754  3.51512  5.62073  3.30079  5.18365  2.35446  2.7421  
0.848592  3.81328  3.51512  5.62073  3.30079  5.18365  1.67079  3.18015  
1.19192  3.36425  3.51512  5.62073  3.30079  5.18365  2.11816  3.04112  
2.03859  1.92711  3.51512  5.62073  3.30079  5.18365  2.09108  1.86628  
0.860389  3.78213  3.51512  5.62073  3.30079  5.18365  1.82878  3.33351  
0.576325  4.136  3.51512  5.62073  3.30079  5.18365  2.17729  2.73063  
2.01634  2.06074  3.51512  5.62073  3.30079  5.18365  0.966129  4.09832  
2.17813  1.73179  3.51512  5.62073  3.30079  5.18365  2.09804  2.73732  
0.870697  3.77035  3.51512  5.62073  3.30079  5.18365  1.11827  3.81577  
1.15167  3.44366  3.51512  5.62073  3.30079  5.18365  1.46901  3.97273  
1.75999  2.69445  3.51512  5.62073  3.30079  5.18365  2.24598  1.34069  
2.06833  1.84564  3.51512  5.62073  3.30079  5.18365  2.19334  2.53591  
1.34809  3.24979  3.51512  5.62073  3.30079  5.18365  2.19582  1.62662  
1.99852  2.13555  3.51512  5.62073  3.30079  5.18365  0.183649  4.18365  
2.13437  1.83779  3.51512  5.62073  3.30079  5.18365  0.780165  4.10074  
0.913933  3.7334  3.51512  5.62073  3.30079  5.18365  1.45101  3.75682  
2.18157  1.72185  3.51512  5.62073  3.30079  5.18365  2.33914  1.59921  
1.41667  3.00534  3.51512  5.62073  3.30079  5.18365  2.01657  2.7825  
2.21849  1.52726  3.51512  5.62073  3.30079  5.18365  2.44458  0.468387  
1.35961  3.17362  3.51512  5.62073  3.30079  5.18365  2.27715  1.4447  
1.42742  2.9741  3.51512  5.62073  3.30079  5.18365  1.46415  3.27505  
1.38402  3.14359  3.51512  5.62073  3.30079  5.18365  2.50564  0.93228  
2.24494  1.3763  3.51512  5.62073  3.30079  5.18365  2.39151  1.22917  
0.938054  3.72354  3.51512  5.62073  3.30079  5.18365  1.60605  3.20615  
1.39194  3.13252  3.51512  5.62073  3.30079  5.18365  2.01241  2.43727  
1.08413  3.6846  3.51512  5.62073  3.30079  5.18365  2.07357  2.16267  
0.982451  3.70599  3.51512  5.62073  3.30079  5.18365  1.73279  3.09937  
0.658521  4.10832  3.51512  5.62073  3.30079  5.18365  1.56995  4.0465  
0.660272  4.0868  3.51512  5.62073  3.30079  5.18365  1.94886  3.1162  
1.80921  2.37069  3.51512  5.62073  3.30079  5.18365  1.92029  3.60052  
1.43814  2.94646  3.51512  5.62073  3.30079  5.18365  1.81985  3.60424  
1.44961  2.93396  3.51512  5.62073  3.30079  5.18365  2.30079  0.300791  
2.28643  1.04428  3.51512  5.62073  3.30079  5.18365  2.35595  1.3314  
2.16379  1.74662  3.51512  5.62073  3.30079  5.18365  1.99706  2.65688  
1.6624  2.81296  3.51512  5.62073  3.30079  5.18365  1.9294  2.54535  
1.39664  3.12998  3.51512  5.62073  3.30079  5.18365  1.15758  3.92566  
1.66984  2.7728  3.51512  5.62073  3.30079  5.18365  2.13637  2.16238  
0.87428  3.76476  3.51512  5.62073  3.30079  5.18365  1.96064  2.72867  
2.25574  1.30027  3.51512  5.62073  3.30079  5.18365  2.00928  2.38423  
0.686661  4.0648  3.51512  5.62073  3.30079  5.18365  1.98641  2.46116  
0.894329  3.74562  3.51512  5.62073  3.30079  5.18365  2.24599  1.65001  
1.70784  2.72664  3.51512  5.62073  3.30079  5.18365  1.76397  3.45767  
0.684385  4.07203  3.51512  5.62073  3.30079  5.18365  1.75596  3.07937  
1.35165  3.18836  3.51512  5.62073  3.30079  5.18365  2.01182  3.39704  
0.880972  3.7556  3.51512  5.62073  3.30079  5.18365  2.50084  0.500835  
0.69821  4.03523  3.51512  5.62073  3.30079  5.18365  2.15071  2.10669  
1.85369  2.34249  3.51512  5.62073  3.30079  5.18365  1.79489  3.56402  
2.16059  1.80572  3.51512  5.62073  3.30079  5.18365  1.8951  2.71747  
2.27049  1.06566  3.51512  5.62073  3.30079  5.18365  2.16182  1.78081  
0.83712  3.82555  3.51512  5.62073  3.30079  5.18365  0.538805  4.3751  
0.903953  3.74  3.51512  5.62073  3.30079  5.18365  2.05239  2.92591  
1.75342  2.71761  3.51512  5.62073  3.30079  5.18365  2.19182  2.72423  
0.924929  3.72942  3.51512  5.62073  3.30079  5.18365  2.35363  0.353625  
1.16401  3.40876  3.51512  5.62073  3.30079  5.18365  2.17389  2.009  
1.42136  2.99552  3.51512  5.62073  3.30079  5.18365  1.97254  2.50536  
0.883888  3.74935  3.51512  5.62073  3.30079  5.18365  0.799384  4.27925  
2.25175  1.31491  3.51512  5.62073  3.30079  5.18365  1.529  4.29709  
1.18006  3.37854  3.51512  5.62073  3.30079  5.18365  0.623336  4.62073  
2.05229  1.87561  3.51512  5.62073  3.30079  5.18365  1.7317  3.74456  
2.30025  0.300248  3.41905  5.4017  3.30025  5.18312  2.41905  0.41997  
1.67056  2.75373  3.41905  5.4017  3.30025  5.18312  1.81327  2.9202  
1.77237  2.57791  3.41905  5.4017  3.30025  5.18312  0.474466  4.01753  
2.27667  0.453856  3.41905  5.4017  3.30025  5.18312  2.17504  1.35214  
1.39729  2.90305  3.41905  5.4017  3.30025  5.18312  1.71061  2.85066  
0.183116  4.18312  3.41905  5.4017  3.30025  5.18312  2.0664  1.95572  
0.731566  3.92119  3.41905  5.4017  3.30025  5.18312  1.89213  2.68567  
2.1435  1.52967  3.41905  5.4017  3.30025  5.18312  0.897901  3.72186  
2.05141  1.78633  3.41905  5.4017  3.30025  5.18312  0.48319  4.28141  
2.28353  0.43837  3.41905  5.4017  3.30025  5.18312  1.67056  2.75373  
1.6789  2.742  3.41905  5.4017  3.30025  5.18312  2.28117  0.878872  
1.0051  3.66751  3.41905  5.4017  3.30025  5.18312  1.19205  3.32667  
1.95052  1.94227  3.41905  5.4017  3.30025  5.18312  1.41334  3.48103  
0.921996  3.70862  3.41905  5.4017  3.30025  5.18312  2.01559  2.28865  
2.20656  1.13112  3.41905  5.4017  3.30025  5.18312  2.21528  1.03166  
2.24815  0.949576  3.41905  5.4017  3.30025  5.18312  2.13208  1.68737  
1.80179  2.39677  3.41905  5.4017  3.30025  5.18312  1.98474  2.25885  
0.907077  3.71548  3.41905  5.4017  3.30025  5.18312  2.14623  1.55997  
1.15241  3.41026  3.41905  5.4017  3.30025  5.18312  1.52617  3.07478  
2.17504  1.35214  3.41905  5.4017  3.30025  5.18312  1.1019  3.77853  
1.74351  2.64735  3.41905  5.4017  3.30025  5.18312  2.20269  1.54586  
1.78924  2.52191  3.41905  5.4017  3.30025  5.18312  2.2738  0.96838  
1.82961  2.2248  3.41905  5.4017  3.30025  5.18312  2.16554  1.51831  
2.20551  1.18799  3.41905  5.4017  3.30025  5.18312  2.26682  1.04236  
0.333018  4.16324  3.41905  5.4017  3.30025  5.18312  2.07146  2.20852  
0.474466  4.01753  3.41905  5.4017  3.30025  5.18312  1.82185  2.74068  
1.83797  2.21503  3.41905  5.4017  3.30025  5.18312  2.18232  1.63784  
2.16595  1.49482  3.41905  5.4017  3.30025  5.18312  2.28551  0.828147  
1.20259  3.30332  3.41905  5.4017  3.30025  5.18312  0.915335  4.08171  
1.16383  3.38498  3.41905  5.4017  3.30025  5.18312  2.10106  1.93757  
0.558465  3.99921  3.41905  5.4017  3.30025  5.18312  2.0504  2.02277  
2.06281  1.69365  3.41905  5.4017  3.30025  5.18312  1.80703  2.51295  
1.96263  1.92352  3.41905  5.4017  3.30025  5.18312  2.02427  2.10677  
1.22323  3.27508  3.41905  5.4017  3.30025  5.18312  2.18841  1.64616  
1.4292  2.85598  3.41905  5.4017  3.30025  5.18312  1.91247  2.28544  
1.36753  2.9276  3.41905  5.4017  3.30025  5.18312  2.34524  0.807265  
2.18922  1.30986  3.41905  5.4017  3.30025  5.18312  2.06698  1.66729  
1.34291  2.98933  3.41905  5.4017  3.30025  5.18312  1.27627  3.73704  
1.58483  2.78419  3.41905  5.4017  3.30025  5.18312  0.360851  4.14164  
1.18151  3.34768  3.41905  5.4017  3.30025  5.18312  1.38575  3.51803  
2.22161  1.01738  3.41905  5.4017  3.30025  5.18312  0.847919  4.1706  
1.26124  3.22174  3.41905  5.4017  3.30025  5.18312  1.36753  2.9276  
0.845385  3.80378  3.41905  5.4017  3.30025  5.18312  1.64828  3.06218  
2.17151  1.39717  3.41905  5.4017  3.30025  5.18312  1.18778  3.90918  
1.98066  1.90102  3.41905  5.4017  3.30025  5.18312  2.08233  1.85763  
0.291867  4.18058  3.41905  5.4017  3.30025  5.18312  1.72528  2.93202  
1.93167  2.02793  3.41905  5.4017  3.30025  5.18312  1.03945  3.93416  
2.00633  1.86612  3.41905  5.4017  3.30025  5.18312  1.79123  2.81705  
2.06698  1.66729  3.41905  5.4017  3.30025  5.18312  1.80534  2.59888  
0.8732  3.76014  3.41905  5.4017  3.30025  5.18312  1.23714  3.5229  
1.13966  3.43332  3.41905  5.4017  3.30025  5.18312  2.19516  1.59722  
0.37095  4.12922  3.41905  5.4017  3.30025  5.18312  2.24834  1.23116  
1.0881  3.56879  3.41905  5.4017  3.30025  5.18312  2.36243  0.798303  
1.24349  3.25102  3.41905  5.4017  3.30025  5.18312  2.29536  0.610255  
2.17953  1.33764  3.41905  5.4017  3.30025  5.18312  0.183116  4.18312  
1.1187  3.54788  3.41905  5.4017  3.30025  5.18312  0.722313  3.92516  
1.3801  2.91262  3.41905  5.4017  3.30025  5.18312  1.94085  1.9597  
0.454985  4.03251  3.41905  5.4017  3.30025  5.18312  2.22763  1.37585  
2.27177  0.477956  3.41905  5.4017  3.30025  5.18312  0.752591  4.17677  
0.974906  3.68792  3.41905  5.4017  3.30025  5.18312  2.40274  0.40274  
0.696824  3.96221  3.41905  5.4017  3.30025  5.18312  2.28728  1.35988  
0.499501  4.01368  3.41905  5.4017  3.30025  5.18312  1.47985  3.24067  
1.75584  2.61429  3.41905  5.4017  3.30025  5.18312  1.97648  2.22556  
2.1218  1.54461  3.41905  5.4017  3.30025  5.18312  1.82961  2.2248  
1.17216  3.3677  3.41905  5.4017  3.30025  5.18312  1.59743  3.17395  
1.3595  2.94543  3.41905  5.4017  3.30025  5.18312  1.83956  2.78675  
0.857585  3.78404  3.41905  5.4017  3.30025  5.18312  1.86287  2.4401  
0.941188  3.69972  3.41905  5.4017  3.30025  5.18312  0.437526  4.2142  
1.34949  2.97189  3.41905  5.4017  3.30025  5.18312  1.52307  3.39674  
2.21059  1.07805  3.41905  5.4017  3.30025  5.18312  0.654227  4.04599  
1.80921  2.37069  3.41905  5.4017  3.30025  5.18312  2.21656  1.51596  
1.64438  2.76788  3.41905  5.4017  3.30025  5.18312  2.24132  1.42241  
2.05698  1.73981  3.41905  5.4017  3.30025  5.18312  2.30025  0.300248  
1.21113  3.29439  3.41905  5.4017  3.30025  5.18312  1.34258  3.44021  
2.08811  1.6138  3.41905  5.4017  3.30025  5.18312  1.78907  2.87287  
0.88567  3.74018  3.41905  5.4017  3.30025  5.18312  1.91696  2.57453  
0.441507  4.07003  3.41905  5.4017  3.30025  5.18312  2.27177  0.477956  
0.751957  3.91762  3.41905  5.4017  3.30025  5.18312  1.94684  2.44423  
1.23025  3.26127  3.41905  5.4017  3.30025  5.18312  1.42547  3.53705  
2.07597  1.64243  3.41905  5.4017  3.30025  5.18312  0.409562  4.4017  
2.21528  1.03166  3.41905  5.4017  3.30025  5.18312  1.11514  3.66014  
1.92923  2.0822  3.41905  5.4017  3.30025  5.18312  1.32548  3.53249  
1.70784  2.72664  3.41905  5.4017  3.30025  5.18312  1.42962  3.36597  
1.88043  2.18058  3.41905  5.4017  3.30025  5.18312  1.63482  2.99659  
1.32713  3.06507  3.41905  5.4017  3.30025  5.18312  1.75465  2.6169  
0.410825  4.09458  3.41905  5.4017  3.30025  5.18312  0.378264  4.31917  
0.346506  4.15085  3.41905  5.4017  3.30025  5.18312  2.10365  2.03665  
1.85826  2.19137  3.41905  5.4017  3.30025  5.18312  1.88478  2.36683  
1.8256  2.28354  3.41905  5.4017  3.30025  5.18312  0.854371  4.05462  
0.721428  3.92601  3.41905  5.4017  3.30025  5.18312  2.1381  1.62578  
0.83712  3.82555  3.41905  5.4017  3.30025  5.18312  2.37107  1.54066  
1.93484  1.99179  3.41905  5.4017  3.30025  5.18312  1.47856  3.44454  
0.704545  3.95362  3.41905  5.4017  3.30025  5.18312  0.863622  3.90155  
0.687981  3.98365  3.41905  5.4017  3.30025  5.18312  2.35095  0.350949  
1.43583  2.85052  3.41905  5.4017  3.30025  5.18312  0.254865  4.25279  
1.93809  1.96639  3.41905  5.4017  3.30025  5.18312  1.73174  3.29181  
1.40985  2.87837  3.41905  5.4017  3.30025  5.18312  1.18612  3.79558  
1.19175  3.32494  3.41905  5.4017  3.30025  5.18312  2.10218  1.78056  
1.02504  3.59235  3.41905  5.4017  3.30025  5.18312  0.545343  4.19799  
0.897901  3.72186  3.41905  5.4017  3.30025  5.18312  2.18431  2.78086  
2.20476  0.204759  3.51966  5.25181  3.51966  5.13817  0.763616  3.91712  
1.27946  3.10059  3.51966  5.25181  3.51966  5.13817  2.15346  1.11138  
0.591908  3.97479  3.51966  5.25181  3.51966  5.13817  1.03497  3.67117  
2.0596  1.09598  3.51966  5.25181  3.51966  5.13817  1.76418  2.70587  
0.844097  3.76131  3.51966  5.25181  3.51966  5.13817  1.97277  2.06905  
0.138168  4.13817  3.51966  5.25181  3.51966  5.13817  1.01416  3.56812  
1.35846  2.94244  3.51966  5.25181  3.51966  5.13817  1.50741  2.90599  
0.875137  3.73552  3.51966  5.25181  3.51966  5.13817  0.982909  3.6145  
0.923474  3.65735  3.51966  5.25181  3.51966  5.13817  2.03196  1.54263  
2.04151  1.15764  3.51966  5.25181  3.51966  5.13817  1.66884  2.76667  
0.735375  3.81535  3.51966  5.25181  3.51966  5.13817  2.23914  0.728676  
0.962553  3.61718  3.51966  5.25181  3.51966  5.13817  1.14407  3.40834  
2.03758  1.21408  3.51966  5.25181  3.51966  5.13817  2.13744  1.26662  
1.97403  1.58738  3.51966  5.25181  3.51966  5.13817  1.16693  3.37954  
1.41091  2.86958  3.51966  5.25181  3.51966  5.13817  1.47169  3.26032  
1.65619  2.43817  3.51966  5.25181  3.51966  5.13817  0.643441  3.98589  
0.907815  3.68788  3.51966  5.25181  3.51966  5.13817  2.17299  1.27996  
1.59933  2.59795  3.51966  5.25181  3.51966  5.13817  1.19604  3.37305  
1.95376  1.6602  3.51966  5.25181  3.51966  5.13817  0.674241  4.03475  
1.77283  2.13486  3.51966  5.25181  3.51966  5.13817  0.138168  4.13817  
1.88187  1.973  3.51966  5.25181  3.51966  5.13817  1.95787  1.64147  
1.94669  1.70789  3.51966  5.25181  3.51966  5.13817  2.02797  1.59258  
0.449884  4.00374  3.51966  5.25181  3.51966  5.13817  1.12382  3.4566  
1.92132  1.82707  3.51966  5.25181  3.51966  5.13817  0.931553  3.64459  
0.203785  4.11489  3.51966  5.25181  3.51966  5.13817  0.430031  4.25181  
1.70768  2.34637  3.51966  5.25181  3.51966  5.13817  1.65619  2.43817  
2.15142  0.502427  3.51966  5.25181  3.51966  5.13817  1.65443  2.67117  
0.89121  3.71862  3.51966  5.25181  3.51966  5.13817  2.04714  1.12584  
1.19534  3.30742  3.51966  5.25181  3.51966  5.13817  1.14237  3.58826  
1.15728  3.38783  3.51966  5.25181  3.51966  5.13817  1.33895  3.13566  
0.568874  3.98426  3.51966  5.25181  3.51966  5.13817  0.856212  3.84665  
1.64923  2.46496  3.51966  5.25181  3.51966  5.13817  1.7948  2.44584  
1.62151  2.53948  3.51966  5.25181  3.51966  5.13817  0.205614  4.20467  
2.03369  1.32575  3.51966  5.25181  3.51966  5.13817  1.76168  2.54909  
1.06453  3.48361  3.51966  5.25181  3.51966  5.13817  1.27724  3.47929  
1.89807  1.87925  3.51966  5.25181  3.51966  5.13817  1.59391  2.88136  
1.05151  3.50736  3.51966  5.25181  3.51966  5.13817  1.26124  3.26212  
1.50114  2.82668  3.51966  5.25181  3.51966  5.13817  1.83604  2.3451  
1.54028  2.75545  3.51966  5.25181  3.51966  5.13817  0.220336  4.09585  
1.52895  2.77971  3.51966  5.25181  3.51966  5.13817  1.87423  2.12345  
1.3138  3.06221  3.51966  5.25181  3.51966  5.13817  2.0721  1.3108  
0.337433  4.06753  3.51966  5.25181  3.51966  5.13817  1.35846  2.94244  
1.22012  3.28298  3.51966  5.25181  3.51966  5.13817  2.25585  0.303435  
1.33759  2.9995  3.51966  5.25181  3.51966  5.13817  0.901185  3.82341  
1.01416  3.56812  3.51966  5.25181  3.51966  5.13817  2.24272  1.41316  
0.69108  3.87194  3.51966  5.25181  3.51966  5.13817  1.57269  2.64731  
1.10842  3.41133  3.51966  5.25181  3.51966  5.13817  1.27946  3.10059  
1.63687  2.50121  3.51966  5.25181  3.51966  5.13817  1.22918  3.26366  
1.29674  3.07779  3.51966  5.25181  3.51966  5.13817  1.46802  3.05672  
2.18  0.410885  3.51966  5.25181  3.51966  5.13817  2.14602  0.520872  
1.2656  3.12603  3.51966  5.25181  3.51966  5.13817  1.18084  3.35274  
2.02467  1.43983  3.51966  5.25181  3.51966  5.13817  0.302606  4.12492  
1.93163  1.80424  3.51966  5.25181  3.51966  5.13817  1.99018  1.74756  
1.73671  2.28549  3.51966  5.25181  3.51966  5.13817  0.389972  4.13721  
0.487932  3.9986  3.51966  5.25181  3.51966  5.13817  0.182683  4.18268  
0.426855  4.0189  3.51966  5.25181  3.51966  5.13817  0.6844  3.90414  
1.3876  2.89886  3.51966  5.25181  3.51966  5.13817  1.9665  1.86557  
2.128  0.840526  3.51966  5.25181  3.51966  5.13817  0.907701  3.70695  
0.627662  3.93203  3.51966  5.25181  3.51966  5.13817  2.01607  1.60151  
1.60811  2.57158  3.51966  5.25181  3.51966  5.13817  0.541988  4.019  
1.17326  3.35971  3.51966  5.25181  3.51966  5.13817  2.19868  0.616097  
2.04714  1.12584  3.51966  5.25181  3.51966  5.13817  1.26345  3.22923  
1.03517  3.53823  3.51966  5.25181  3.51966  5.13817  1.87763  2.21788  
1.5734  2.64597  3.51966  5.25181  3.51966  5.13817  1.75806  2.14828  
0.718678  3.83449  3.51966  5.25181  3.51966  5.13817  2.03405  1.67036  
1.58539  2.62652  3.51966  5.25181  3.51966  5.13817  0.709484  3.88654  
0.820674  3.77242  3.51966  5.25181  3.51966  5.13817  1.82121  2.66065  
0.763412  3.80247  3.51966  5.25181  3.51966  5.13817  0.56214  4.02844  
1.34958  2.96681  3.51966  5.25181  3.51966  5.13817  1.73671  2.28549  
2.12072  0.990117  3.51966  5.25181  3.51966  5.13817  0.648449  3.94846  
2.13784  0.700908  3.51966  5.25181  3.51966  5.13817  0.87803  3.73192  
1.75712  2.15103  3.51966  5.25181  3.51966  5.13817  1.06738  3.62602  
0.940549  3.63509  3.51966  5.25181  3.51966  5.13817  0.921216  3.85307  
1.74261  2.23861  3.51966  5.25181  3.51966  5.13817  2.26068  0.260683  
0.220336  4.09585  3.51966  5.25181  3.51966  5.13817  0.934718  3.68955  
2.07483  1.07041  3.51966  5.25181  3.51966  5.13817  0.730158  3.82031  
0.39617  4.03243  3.51966  5.25181  3.51966  5.13817  2.25316  0.25316  
1.82574  2.09146  3.51966  5.25181  3.51966  5.13817  1.92099  2.03138  
1.96305  1.62352  3.51966  5.25181  3.51966  5.13817  1.06453  3.48361  
1.23474  3.2113  3.51966  5.25181  3.51966  5.13817  0.506584  4.03829  
1.85665  2.06568  3.51966  5.25181  3.51966  5.13817  0.423411  4.10186  
1.37243  2.91439  3.51966  5.25181  3.51966  5.13817  2.12104  1.36662  
2.17035  0.471823  3.51966  5.25181  3.51966  5.13817  0.516772  4.06554  
0.324964  4.07476  3.51966  5.25181  3.51966  5.13817  1.33425  3.10317  
1.32569  3.03318  3.51966  5.25181  3.51966  5.13817  0.704676  4.01519  
2.13515  0.745853  3.51966  5.25181  3.51966  5.13817  2.12022  2.06242  
0.800137  3.78262  3.51966  5.25181  3.51966  5.13817  1.95285  1.93348  
1.56396  2.66934  3.51966  5.25181  3.51966  5.13817  1.42907  2.99222  
0.996463  3.59803  3.51966  5.25181  3.51966  5.13817  0.85953  3.76462  
1.09072  3.46094  3.51966  5.25181  3.51966  5.13817  1.42574  2.84135  
2.14453  0.545084  3.51966  5.25181  3.51966  5.13817  1.89807  1.87925  
1.87362  2.02617  3.51966  5.25181  3.51966  5.13817  0.337103  4.06758  
1.80139  2.10258  3.51966  5.25181  3.51966  5.13817  0.803375  3.77985  
0.69932  3.85848  3.51966  5.25181  3.51966  5.13817  1.10912  3.52472  
1.42574  2.84135  3.51966  5.25181  3.51966  5.13817  0.568874  3.98426  
1.89075  1.93175  3.51966  5.25181  3.51966  5.13817  2.16365  0.676594  
1.55144  2.69821  3.51966  5.25181  3.51966  5.13817  2.21212  0.371186  
0.682551  3.9068  3.51966  5.25181  3.51966  5.13817  0.924128  3.79544  
1.25504  3.16295  3.51966  5.25181  3.51966  5.13817  1.20226  3.31379  
1.90762  1.85422  3.51966  5.25181  3.51966  5.13817  2.20476  0.204759  
2.15318  0.153177  3.20328  5.13326  3.15318  5.12834  0.692732  3.90019  
1.09735  3.38238  3.20328  5.13326  3.15318  5.12834  0.777028  3.83918  
1.95173  1.62581  3.20328  5.13326  3.15318  5.12834  0.574857  3.97547  
1.14625  3.30001  3.20328  5.13326  3.15318  5.12834  1.72244  2.45843  
2.0929  0.675946  3.20328  5.13326  3.15318  5.12834  1.58679  2.68854  
0.128775  4.12834  3.20328  5.13326  3.15318  5.12834  0.829112  3.79821  
1.35926  2.93819  3.20328  5.13326  3.15318  5.12834  0.916658  3.65265  
0.851962  3.71115  3.20328  5.13326  3.15318  5.12834  0.958122  3.62212  
1.98726  1.44523  3.20328  5.13326  3.15318  5.12834  2.00101  1.52241  
0.93971  3.58585  3.20328  5.13326  3.15318  5.12834  0.283312  4.07821  
0.734102  3.81306  3.20328  5.13326  3.15318  5.12834  1.98948  1.42693  
1.03105  3.49422  3.20328  5.13326  3.15318  5.12834  0.819294  3.73532  
2.02492  1.23465  3.20328  5.13326  3.15318  5.12834  1.20425  3.19739  
2.05479  0.981063  3.20328  5.13326  3.15318  5.12834  0.967542  3.53313  
1.40944  2.86044  3.20328  5.13326  3.15318  5.12834  2.15318  0.153177  
1.65608  2.43773  3.20328  5.13326  3.15318  5.12834  1.31877  3.033  
0.876498  3.68604  3.20328  5.13326  3.15318  5.12834  1.18311  3.29649  
0.283312  4.07821  3.20328  5.13326  3.15318  5.12834  1.11469  3.43124  
1.21965  3.18051  3.20328  5.13326  3.15318  5.12834  2.00829  1.35299  
1.76318  2.1343  3.20328  5.13326  3.15318  5.12834  0.13326  4.13326  
1.86464  1.79657  3.20328  5.13326  3.15318  5.12834  1.95361  1.61334  
1.81811  1.98707  3.20328  5.13326  3.15318  5.12834  2.06486  1.3603  
0.449884  4.00374  3.20328  5.13326  3.15318  5.12834  1.17202  3.32387  
1.90925  1.69681  3.20328  5.13326  3.15318  5.12834  0.93029  3.6299  
0.205671  4.10188  3.20328  5.13326  3.15318  5.12834  1.25629  3.1226  
1.70018  2.34081  3.20328  5.13326  3.15318  5.12834  1.64835  2.4575  
2.1074  0.525893  3.20328  5.13326  3.15318  5.12834  1.47175  2.88618  
1.1313  3.32407  3.20328  5.13326  3.15318  5.12834  2.05603  0.974989  
1.20038  3.20514  3.20328  5.13326  3.15318  5.12834  2.09844  0.573902  
0.760564  3.79325  3.20328  5.13326  3.15318  5.12834  0.753689  3.80105  
0.534206  3.94063  3.20328  5.13326  3.15318  5.12834  1.97053  1.71807  
1.64622  2.46415  3.20328  5.13326  3.15318  5.12834  1.31608  3.11974  
1.62151  2.53948  3.20328  5.13326  3.15318  5.12834  1.08416  3.39926  
1.88735  1.75009  3.20328  5.13326  3.15318  5.12834  2.12136  0.955163  
0.503744  3.97247  3.20328  5.13326  3.15318  5.12834  1.14285  3.39072  
2.00829  1.35299  3.20328  5.13326  3.15318  5.12834  0.880885  3.72743  
0.990437  3.51572  3.20328  5.13326  3.15318  5.12834  1.98049  1.5209  
1.44665  2.8149  3.20328  5.13326  3.15318  5.12834  1.13778  3.31126  
1.52039  2.74832  3.20328  5.13326  3.15318  5.12834  0.218185  4.0939  
1.49114  2.76742  3.20328  5.13326  3.15318  5.12834  1.79965  2.0079  
1.28863  3.0727  3.20328  5.13326  3.15318  5.12834  1.23063  3.17284  
0.336103  4.06658  3.20328  5.13326  3.15318  5.12834  1.36197  2.93213  
1.18139  3.24614  3.20328  5.13326  3.15318  5.12834  1.77039  2.33302  
1.33401  3.00471  3.20328  5.13326  3.15318  5.12834  2.15402  0.400852  
0.967542  3.53313  3.20328  5.13326  3.15318  5.12834  1.09026  3.47947  
0.68072  3.87983  3.20328  5.13326  3.15318  5.12834  1.58247  2.62159  
1.0794  3.40819  3.20328  5.13326  3.15318  5.12834  1.28278  3.07841  
2.06288  0.956377  3.20328  5.13326  3.15318  5.12834  2.13269  0.720166  
1.27062  3.09193  3.20328  5.13326  3.15318  5.12834  1.49114  2.76742  
0.555825  3.91832  3.20328  5.13326  3.15318  5.12834  2.14314  0.520359  
1.79924  2.00946  3.20328  5.13326  3.15318  5.12834  2.02492  1.23465  
2.14845  0.446294  3.20328  5.13326  3.15318  5.12834  0.319348  4.08063  
1.84275  1.85554  3.20328  5.13326  3.15318  5.12834  0.670255  3.95436  
1.72571  2.27448  3.20328  5.13326  3.15318  5.12834  0.972302  3.62001  
1.99933  1.39012  3.20328  5.13326  3.15318  5.12834  1.97263  1.55789  
0.426855  4.0189  3.20328  5.13326  3.15318  5.12834  0.682346  3.90293  
1.3876  2.89886  3.20328  5.13326  3.15318  5.12834  0.865456  3.72721  
1.85057  1.82599  3.20328  5.13326  3.15318  5.12834  0.927428  3.66464  
1.24737  3.14378  3.20328  5.13326  3.15318  5.12834  0.454407  4.02893  
1.60811  2.57158  3.20328  5.13326  3.15318  5.12834  1.26345  3.16005  
1.16466  3.27667  3.20328  5.13326  3.15318  5.12834  0.779698  3.77265  
2.04686  1.07534  3.20328  5.13326  3.15318  5.12834  1.17805  3.25263  
0.950417  3.56651  3.20328  5.13326  3.15318  5.12834  1.4059  2.96325  
1.57057  2.65103  3.20328  5.13326  3.15318  5.12834  1.7571  2.14732  
0.717088  3.8299  3.20328  5.13326  3.15318  5.12834  1.83618  2.04776  
1.5848  2.61847  3.20328  5.13326  3.15318  5.12834  0.555825  3.91832  
0.826907  3.72951  3.20328  5.13326  3.15318  5.12834  0.903445  3.666  
0.779698  3.77265  3.20328  5.13326  3.15318  5.12834  1.02771  3.54277  
1.34726  2.9713  3.20328  5.13326  3.15318  5.12834  1.70719  2.30037  
1.83738  1.88589  3.20328  5.13326  3.15318  5.12834  0.502156  4.00376  
1.96124  1.58744  3.20328  5.13326  3.15318  5.12834  1.00943  3.56581  
1.75635  2.15076  3.20328  5.13326  3.15318  5.12834  1.05962  3.48372  
0.927038  3.61911  3.20328  5.13326  3.15318  5.12834  0.47753  4.03247  
1.74117  2.19927  3.20328  5.13326  3.15318  5.12834  1.62425  2.53821  
0.218185  4.0939  3.20328  5.13326  3.15318  5.12834  0.677567  3.9062  
2.02203  1.27666  3.20328  5.13326  3.15318  5.12834  0.719038  3.8278  
0.39617  4.03243  3.20328  5.13326  3.15318  5.12834  1.03105  3.49422  
1.82945  1.94989  3.20328  5.13326  3.15318  5.12834  1.68523  2.51384  
1.97498  1.54668  3.20328  5.13326  3.15318  5.12834  1.07044  3.47409  
1.70719  2.30037  3.20328  5.13326  3.15318  5.12834  0.491567  4.01239  
0.59123  3.90723  3.20328  5.13326  3.15318  5.12834  1.56654  2.69019  
1.37243  2.91439  3.20328  5.13326  3.15318  5.12834  1.85057  1.82599  
1.11891  3.35209  3.20328  5.13326  3.15318  5.12834  1.65108  2.53166  
2.07929  0.924266  3.20328  5.13326  3.15318  5.12834  1.34347  3.06962  
1.30991  3.04417  3.20328  5.13326  3.15318  5.12834  0.695221  3.8731  
1.47888  2.79177  3.20328  5.13326  3.15318  5.12834  2.03812  1.15756  
0.809201  3.74777  3.20328  5.13326  3.15318  5.12834  1.94698  1.73145  
2.03812  1.15756  3.20328  5.13326  3.15318  5.12834  0.431668  4.05354  
2.09844  0.573902  3.20328  5.13326  3.15318  5.12834  0.861462  3.76441  
1.06793  3.43417  3.20328  5.13326  3.15318  5.12834  1.42096  2.84337  
2.11497  0.493127  3.20328  5.13326  3.15318  5.12834  1.92624  1.74509  
0.903996  3.65178  3.20328  5.13326  3.15318  5.12834  0.336103  4.06658  
1.78063  2.09454  3.20328  5.13326  3.15318  5.12834  0.8682  3.69397  
0.701575  3.84955  3.20328  5.13326  3.15318  5.12834  1.0643  3.50819  
1.42351  2.84081  3.20328  5.13326  3.15318  5.12834  0.528367  3.99874  
1.63713  2.49786  3.20328  5.13326  3.15318  5.12834  2.14769  0.4533  
1.55144  2.69821  3.20328  5.13326  3.15318  5.12834  1.94513  1.82414  
0.641309  3.89753  3.20328  5.13326  3.15318  5.12834  0.128775  4.12834  
1.25953  3.11604  3.20328  5.13326  3.15318  5.12834  1.2255  3.25964  
1.04152  3.47957  3.20328  5.13326  3.15318  5.12834  2.20328  0.203282  
1.85852  1.78288  3.10868  5.12613  3.10868  5.12613  0.530362  3.93693  
1.09622  3.37481  3.10868  5.12613  3.10868  5.12613  2.06872  0.869574  
1.95447  1.57272  3.10868  5.12613  3.10868  5.12613  1.5382  2.72697  
0.300258  4.0646  3.10868  5.12613  3.10868  5.12613  0.881132  3.64713  
2.09117  0.552872  3.10868  5.12613  3.10868  5.12613  1.57254  2.65465  
0.126133  4.12613  3.10868  5.12613  3.10868  5.12613  0.633979  3.89603  
1.35926  2.93819  3.10868  5.12613  3.10868  5.12613  0.897088  3.6247  
0.845099  3.69478  3.10868  5.12613  3.10868  5.12613  1.2584  3.11508  
1.98866  1.42542  3.10868  5.12613  3.10868  5.12613  1.73362  2.24275  
0.923724  3.59319  3.10868  5.12613  3.10868  5.12613  0.272045  4.08075  
2.08744  0.628184  3.10868  5.12613  3.10868  5.12613  1.98866  1.42542  
2.10868  0.108678  3.10868  5.12613  3.10868  5.12613  0.818116  3.73397  
1.9238  1.60535  3.10868  5.12613  3.10868  5.12613  1.20429  3.19539  
2.05256  0.988307  3.10868  5.12613  3.10868  5.12613  0.984735  3.4928  
1.40944  2.86044  3.10868  5.12613  3.10868  5.12613  1.33699  2.99946  
1.6555  2.43712  3.10868  5.12613  3.10868  5.12613  1.31104  3.03386  
0.864368  3.67082  3.10868  5.12613  3.10868  5.12613  1.19106  3.22413  
0.272045  4.08075  3.10868  5.12613  3.10868  5.12613  1.38671  2.89785  
1.22052  3.17626  3.10868  5.12613  3.10868  5.12613  2.00339  1.34685  
0.527871  3.93863  3.10868  5.12613  3.10868  5.12613  0.358098  4.03226  
1.87213  1.74146  3.10868  5.12613  3.10868  5.12613  1.95447  1.57272  
1.82133  1.94467  3.10868  5.12613  3.10868  5.12613  0.327964  4.04816  
0.640298  3.86979  3.10868  5.12613  3.10868  5.12613  1.72478  2.26665  
1.97007  1.53985  3.10868  5.12613  3.10868  5.12613  0.930981  3.58336  
0.192156  4.10951  3.10868  5.12613  3.10868  5.12613  1.2447  3.14478  
1.06012  3.43248  3.10868  5.12613  3.10868  5.12613  1.6555  2.43712  
1.5382  2.72697  3.10868  5.12613  3.10868  5.12613  1.84987  1.81568  
1.13367  3.31587  3.10868  5.12613  3.10868  5.12613  2.05244  0.990336  
1.20429  3.19539  3.10868  5.12613  3.10868  5.12613  2.09117  0.552872  
0.743543  3.80295  3.10868  5.12613  3.10868  5.12613  0.743543  3.80295  
1.68341  2.37989  3.10868  5.12613  3.10868  5.12613  2.08744  0.628184  
1.64627  2.46334  3.10868  5.12613  3.10868  5.12613  0.4245  3.99504  
1.61991  2.53861  3.10868  5.12613  3.10868  5.12613  1.10085  3.3677  
1.90746  1.6536  3.10868  5.12613  3.10868  5.12613  1.17128  3.25808  
1.17128  3.25808  3.10868  5.12613  3.10868  5.12613  1.78854  2.08315  
2.00339  1.34685  3.10868  5.12613  3.10868  5.12613  1.68341  2.37989  
0.984735  3.4928  3.10868  5.12613  3.10868  5.12613  1.97762  1.50014  
2.06026  0.955136  3.10868  5.12613  3.10868  5.12613  0.300258  4.0646  
1.52039  2.74832  3.10868  5.12613  3.10868  5.12613  0.217395  4.09382  
1.48932  2.76585  3.10868  5.12613  3.10868  5.12613  1.79725  2.00693  
1.29092  3.06075  3.10868  5.12613  3.10868  5.12613  1.22052  3.17626  
1.78649  2.05594  3.10868  5.12613  3.10868  5.12613  1.36618  2.92271  
1.19054  3.22494  3.10868  5.12613  3.10868  5.12613  1.13788  3.30865  
1.33401  3.00471  3.10868  5.12613  3.10868  5.12613  0.914543  3.60779  
0.964306  3.52692  3.10868  5.12613  3.10868  5.12613  1.29092  3.06075  
0.684315  3.84996  3.10868  5.12613  3.10868  5.12613  1.58381  2.61774  
1.07793  3.40466  3.10868  5.12613  3.10868  5.12613  1.2701  3.09167  
0.327964  4.04816  3.10868  5.12613  3.10868  5.12613  2.10868  0.108678  
1.27212  3.08912  3.10868  5.12613  3.10868  5.12613  1.48932  2.76585  
0.554557  3.91816  3.10868  5.12613  3.10868  5.12613  1.08636  3.39087  
1.79725  2.00693  3.10868  5.12613  3.10868  5.12613  2.01798  1.25196  
2.01798  1.25196  3.10868  5.12613  3.10868  5.12613  1.11703  3.34143  
1.84532  1.83725  3.10868  5.12613  3.10868  5.12613  1.44966  2.79944  
1.72478  2.26665  3.10868  5.12613  3.10868  5.12613  0.715872  3.82479  
0.830889  3.71004  3.10868  5.12613  3.10868  5.12613  1.97007  1.53985  
0.450065  3.97667  3.10868  5.12613  3.10868  5.12613  1.00504  3.46874  
1.38915  2.89545  3.10868  5.12613  3.10868  5.12613  0.964306  3.52692  
0.765704  3.7838  3.10868  5.12613  3.10868  5.12613  0.696028  3.84002  
1.24151  3.15039  3.10868  5.12613  3.10868  5.12613  2.02978  1.177  
1.60811  2.57158  3.10868  5.12613  3.10868  5.12613  1.87213  1.74146  
1.15297  3.28429  3.10868  5.12613  3.10868  5.12613  0.780294  3.76931  
2.04686  1.07534  3.10868  5.12613  3.10868  5.12613  1.02176  3.45687  
0.946554  3.55818  3.10868  5.12613  3.10868  5.12613  0.510923  3.95205  
1.57057  2.65103  3.10868  5.12613  3.10868  5.12613  1.75584  2.14707  
0.715872  3.82479  3.10868  5.12613  3.10868  5.12613  1.82133  1.94467  
1.58331  2.6191  3.10868  5.12613  3.10868  5.12613  0.556752  3.91691  
2.02911  1.1821  3.10868  5.12613  3.10868  5.12613  1.64144  2.47759  
0.782168  3.76817  3.10868  5.12613  3.10868  5.12613  1.9238  1.60535  
1.34882  2.96619  3.10868  5.12613  3.10868  5.12613  1.70576  2.29936  
1.83738  1.88589  3.10868  5.12613  3.10868  5.12613  0.450065  3.97667  
2.07698  0.833035  3.10868  5.12613  3.10868  5.12613  2.07667  0.834057  
1.75584  2.14707  3.10868  5.12613  3.10868  5.12613  0.946554  3.55818  
0.898982  3.6229  3.10868  5.12613  3.10868  5.12613  0.849606  3.69138  
1.74117  2.19927  3.10868  5.12613  3.10868  5.12613  1.61969  2.53919  
0.217395  4.09382  3.10868  5.12613  3.10868  5.12613  0.684315  3.84996  
1.88918  1.69872  3.10868  5.12613  3.10868  5.12613  1.88918  1.69872  
0.394813  4.01302  3.10868  5.12613  3.10868  5.12613  1.15297  3.28429  
2.09921  0.499491  3.10868  5.12613  3.10868  5.12613  1.60366  2.58449  
1.97762  1.50014  3.10868  5.12613  3.10868  5.12613  1.07511  3.40854  
1.70576  2.29936  3.10868  5.12613  3.10868  5.12613  0.765704  3.7838  
0.59123  3.90723  3.10868  5.12613  3.10868  5.12613  1.55737  2.68984  
1.37243  2.91439  3.10868  5.12613  3.10868  5.12613  2.06026  0.955136  
1.11546  3.34368  3.10868  5.12613  3.10868  5.12613  1.63215  2.50759  
2.06872  0.869574  3.10868  5.12613  3.10868  5.12613  0.864368  3.67082  
1.31063  3.03431  3.10868  5.12613  3.10868  5.12613  0.661151  3.87488  
1.44966  2.79944  3.10868  5.12613  3.10868  5.12613  2.04034  1.12924  
0.809418  3.74441  3.10868  5.12613  3.10868  5.12613  1.8401  1.86742  
2.0365  1.14358  3.10868  5.12613  3.10868  5.12613  1.85933  1.77989  
0.486948  3.96194  3.10868  5.12613  3.10868  5.12613  0.830889  3.71004  
1.03533  3.44898  3.10868  5.12613  3.10868  5.12613  1.42289  2.84073  
0.358098  4.03226  3.10868  5.12613  3.10868  5.12613  1.90746  1.6536  
0.881132  3.64713  3.10868  5.12613  3.10868  5.12613  0.192156  4.10951  
1.78063  2.09454  3.10868  5.12613  3.10868  5.12613  1.40315  2.87411  
1.5941  2.59625  3.10868  5.12613  3.10868  5.12613  0.394813  4.01302  
1.42416  2.83948  3.10868  5.12613  3.10868  5.12613  2.10025  0.494212  
1.63536  2.49593  3.10868  5.12613  3.10868  5.12613  0.800982  3.75484  
1.55144  2.69821  3.10868  5.12613  3.10868  5.12613  0.472697  3.96608  
0.4245  3.99504  3.10868  5.12613  3.10868  5.12613  0.126133  4.12613  
1.2584  3.11508  3.10868  5.12613  3.10868  5.12613  1.35062  2.96122  
1.00504  3.46874  3.10868  5.12613  3.10868  5.12613  1.06012  3.43248  
1.8582  1.77523  3.06303  5.12565  3.06303  5.12565  0.533384  3.92943  
1.10083  3.36489  3.06303  5.12565  3.06303  5.12565  1.96323  1.26696  
1.93057  1.4445  3.06303  5.12565  3.06303  5.12565  1.5381  2.72364  
0.262119  4.07474  3.06303  5.12565  3.06303  5.12565  0.880007  3.6436  
1.99164  1.0668  3.06303  5.12565  3.06303  5.12565  1.5689  2.65339  
0.125646  4.12565  3.06303  5.12565  3.06303  5.12565  1.70031  2.31445  
1.36405  2.92636  3.06303  5.12565  3.06303  5.12565  0.899231  3.62036  
0.847999  3.6888  3.06303  5.12565  3.06303  5.12565  1.25623  3.11822  
2.03126  0.734636  3.06303  5.12565  3.06303  5.12565  1.73206  2.22871  
0.919514  3.58538  3.06303  5.12565  3.06303  5.12565  1.99933  1.02627  
2.05524  0.392394  3.06303  5.12565  3.06303  5.12565  0.600302  3.89072  
2.06303  0.0666265  3.06303  5.12565  3.06303  5.12565  0.806498  3.73226  
1.53737  2.72555  3.06303  5.12565  3.06303  5.12565  1.20449  3.19447  
2.03922  0.627457  3.06303  5.12565  3.06303  5.12565  0.982732  3.49322  
2.05937  0.243444  3.06303  5.12565  3.06303  5.12565  1.33627  2.99609  
1.65381  2.44121  3.06303  5.12565  3.06303  5.12565  1.31023  3.0337  
0.533384  3.92943  3.06303  5.12565  3.06303  5.12565  1.19042  3.2239  
2.01497  0.876031  3.06303  5.12565  3.06303  5.12565  1.38172  2.8961  
1.22191  3.17431  3.06303  5.12565  3.06303  5.12565  1.9546  1.32232  
0.864059  3.66667  3.06303  5.12565  3.06303  5.12565  0.353031  4.03003  
1.96323  1.26696  3.06303  5.12565  3.06303  5.12565  1.93057  1.4445  
1.81286  1.95405  3.06303  5.12565  3.06303  5.12565  0.309426  4.05113  
0.640298  3.86979  3.06303  5.12565  3.06303  5.12565  1.71417  2.27498  
1.94401  1.39665  3.06303  5.12565  3.06303  5.12565  0.919514  3.58538  
0.189104  4.10233  3.06303  5.12565  3.06303  5.12565  1.24299  3.14704  
1.66532  2.41013  3.06303  5.12565  3.06303  5.12565  1.65381  2.44121  
2.00791  0.927167  3.06303  5.12565  3.06303  5.12565  1.84682  1.82119  
1.13727  3.30957  3.06303  5.12565  3.06303  5.12565  1.97349  1.19584  
1.20449  3.19447  3.06303  5.12565  3.06303  5.12565  2.01497  0.876031  
0.741013  3.80402  3.06303  5.12565  3.06303  5.12565  0.741013  3.80402  
1.68019  2.37667  3.06303  5.12565  3.06303  5.12565  2.05937  0.243444  
1.64137  2.47461  3.06303  5.12565  3.06303  5.12565  0.412845  3.99488  
1.61648  2.54039  3.06303  5.12565  3.06303  5.12565  1.10083  3.36489  
1.88939  1.64927  3.06303  5.12565  3.06303  5.12565  1.16988  3.25169  
1.16988  3.25169  3.06303  5.12565  3.06303  5.12565  1.78005  2.07446  
2.04772  0.547668  3.06303  5.12565  3.06303  5.12565  1.68019  2.37667  
0.982732  3.49322  3.06303  5.12565  3.06303  5.12565  1.9135  1.53809  
1.90172  1.59243  3.06303  5.12565  3.06303  5.12565  0.262119  4.07474  
1.97349  1.19584  3.06303  5.12565  3.06303  5.12565  0.217199  4.09362  
1.49019  2.76334  3.06303  5.12565  3.06303  5.12565  1.79684  2.00603  
1.28838  3.06163  3.06303  5.12565  3.06303  5.12565  1.22191  3.17431  
1.78005  2.07446  3.06303  5.12565  3.06303  5.12565  1.36405  2.92636  
1.19042  3.2239  3.06303  5.12565  3.06303  5.12565  1.13727  3.30957  
1.33627  2.99609  3.06303  5.12565  3.06303  5.12565  1.66532  2.41013  
0.96316  3.52389  3.06303  5.12565  3.06303  5.12565  1.28838  3.06163  
0.686893  3.8458  3.06303  5.12565  3.06303  5.12565  1.58488  2.61489  
1.06912  3.41473  3.06303  5.12565  3.06303  5.12565  1.26942  3.09208  
0.309426  4.05113  3.06303  5.12565  3.06303  5.12565  2.06303  0.0666265  
1.26942  3.09208  3.06303  5.12565  3.06303  5.12565  1.49019  2.76334  
0.565968  3.9109  3.06303  5.12565  3.06303  5.12565  1.08498  3.39132  
1.79684  2.00603  3.06303  5.12565  3.06303  5.12565  1.8689  1.73515  
0.507909  3.9439  3.06303  5.12565  3.06303  5.12565  1.11781  3.33394  
1.84687  1.821  3.06303  5.12565  3.06303  5.12565  1.4377  2.78848  
1.71417  2.27498  3.06303  5.12565  3.06303  5.12565  0.714973  3.82332  
0.828072  3.70962  3.06303  5.12565  3.06303  5.12565  1.94401  1.39665  
0.447221  3.97779  3.06303  5.12565  3.06303  5.12565  1.00317  3.4641  
1.39866  2.87157  3.06303  5.12565  3.06303  5.12565  0.96316  3.52389  
0.76187  3.78308  3.06303  5.12565  3.06303  5.12565  1.82688  1.90251  
1.24299  3.14704  3.06303  5.12565  3.06303  5.12565  1.98326  1.13365  
1.08498  3.39132  3.06303  5.12565  3.06303  5.12565  2.03126  0.734636  
1.15322  3.28149  3.06303  5.12565  3.06303  5.12565  0.784184  3.75746  
1.9135  1.53809  3.06303  5.12565  3.06303  5.12565  1.03631  3.44226  
0.942606  3.55425  3.06303  5.12565  3.06303  5.12565  0.507909  3.9439  
1.5689  2.65339  3.06303  5.12565  3.06303  5.12565  1.75565  2.14688  
0.714973  3.82332  3.06303  5.12565  3.06303  5.12565  1.81286  1.95405  
1.58488  2.61489  3.06303  5.12565  3.06303  5.12565  0.565968  3.9109  
1.98326  1.13365  3.06303  5.12565  3.06303  5.12565  1.64137  2.47461  
0.784184  3.75746  3.06303  5.12565  3.06303  5.12565  1.90172  1.59243  
1.35076  2.95965  3.06303  5.12565  3.06303  5.12565  2.00791  0.927167  
1.82688  1.90251  3.06303  5.12565  3.06303  5.12565  0.447221  3.97779  
2.02513  0.796407  3.06303  5.12565  3.06303  5.12565  2.03922  0.627457  
1.75566  2.14686  3.06303  5.12565  3.06303  5.12565  0.942606  3.55425  
0.899231  3.62036  3.06303  5.12565  3.06303  5.12565  0.847999  3.6888  
1.74117  2.19927  3.06303  5.12565  3.06303  5.12565  1.61648  2.54039  
0.217199  4.09362  3.06303  5.12565  3.06303  5.12565  0.686893  3.8458  
1.87443  1.71211  3.06303  5.12565  3.06303  5.12565  1.87757  1.70345  
0.386443  4.01416  3.06303  5.12565  3.06303  5.12565  1.15322  3.28149  
1.9546  1.32232  3.06303  5.12565  3.06303  5.12565  1.60293  2.57341  
1.83759  1.86355  3.06303  5.12565  3.06303  5.12565  1.06912  3.41473  
1.70031  2.31445  3.06303  5.12565  3.06303  5.12565  0.76187  3.78308  
0.600302  3.89072  3.06303  5.12565  3.06303  5.12565  1.55639  2.68933  
1.38172  2.8961  3.06303  5.12565  3.06303  5.12565  1.99164  1.0668  
1.11781  3.33394  3.06303  5.12565  3.06303  5.12565  1.62995  2.5047  
1.73193  2.22919  3.06303  5.12565  3.06303  5.12565  0.864059  3.66667  
1.31023  3.0337  3.06303  5.12565  3.06303  5.12565  0.66223  3.86682  
1.4377  2.78848  3.06303  5.12565  3.06303  5.12565  2.02513  0.796407  
0.806498  3.73226  3.06303  5.12565  3.06303  5.12565  1.83759  1.86355  
1.99933  1.02627  3.06303  5.12565  3.06303  5.12565  1.85753  1.77748  
0.474889  3.9597  3.06303  5.12565  3.06303  5.12565  0.828072  3.70962  
1.03631  3.44226  3.06303  5.12565  3.06303  5.12565  1.42029  2.84388  
0.353031  4.03003  3.06303  5.12565  3.06303  5.12565  1.88939  1.64927  
0.880007  3.6436  3.06303  5.12565  3.06303  5.12565  0.189104  4.10233  
1.92216  1.4883  3.06303  5.12565  3.06303  5.12565  1.39866  2.87157  
1.60293  2.57341  3.06303  5.12565  3.06303  5.12565  0.386443  4.01416  
1.42029  2.84388  3.06303  5.12565  3.06303  5.12565  2.04772  0.547668  
1.62995  2.5047  3.06303  5.12565  3.06303  5.12565  1.92216  1.4883  
1.55144  2.69821  3.06303  5.12565  3.06303  5.12565  0.474889  3.9597  
0.412845  3.99488  3.06303  5.12565  3.06303  5.12565  0.125646  4.12565  
1.25623  3.11822  3.06303  5.12565  3.06303  5.12565  1.35076  2.95965  
1.00317  3.4641  3.06303  5.12565  3.06303  5.12565  2.05524  0.392394  
1.85699  1.77739  3.05655  5.12378  3.05655  5.12378  0.533295  3.92934  
1.10284  3.35932  3.05655  5.12378  3.05655  5.12378  1.96158  1.25189  
1.92765  1.4481  3.05655  5.12378  3.05655  5.12378  1.53876  2.72207  
0.271269  4.06246  3.05655  5.12378  3.05655  5.12378  0.883233  3.63348  
1.98798  1.07546  3.05655  5.12378  3.05655  5.12378  1.56936  2.65198  
0.123778  4.12378  3.05655  5.12378  3.05655  5.12378  1.70032  2.31443  
1.36435  2.92565  3.05655  5.12378  3.05655  5.12378  0.898362  3.61133  
1.86827  1.7308  3.05655  5.12378  3.05655  5.12378  1.25622  3.11749  
2.02574  0.72847  3.05655  5.12378  3.05655  5.12378  1.73078  2.22711  
0.919451  3.58381  3.05655  5.12378  3.05655  5.12378  1.99465  1.01509  
2.04874  0.357265  3.05655  5.12378  3.05655  5.12378  0.608701  3.88381  
2.05655  0.0565489  3.05655  5.12378  3.05655  5.12378  0.806176  3.73214  
1.53876  2.72207  3.05655  5.12378  3.05655  5.12378  1.20449  3.19442  
2.03551  0.613488  3.05655  5.12378  3.05655  5.12378  0.983005  3.49244  
1.50653  2.74943  3.05655  5.12378  3.05655  5.12378  1.33583  2.9969  
1.65385  2.44071  3.05655  5.12378  3.05655  5.12378  1.30957  3.03333  
0.533295  3.92934  3.05655  5.12378  3.05655  5.12378  1.18453  3.22506  
2.01136  0.88614  3.05655  5.12378  3.05655  5.12378  1.38182  2.89362  
1.22126  3.17405  3.05655  5.12378  3.05655  5.12378  1.9495  1.31896  
0.86329  3.65286  3.05655  5.12378  3.05655  5.12378  0.351492  4.03056  
1.96158  1.25189  3.05655  5.12378  3.05655  5.12378  1.92765  1.4481  
1.81261  1.95148  3.05655  5.12378  3.05655  5.12378  0.314281  4.04881  
0.640298  3.86979  3.05655  5.12378  3.05655  5.12378  1.71508  2.27025  
1.93959  1.39696  3.05655  5.12378  3.05655  5.12378  0.919451  3.58381  
0.146596  4.10044  3.05655  5.12378  3.05655  5.12378  1.24318  3.14626  
1.66943  2.39846  3.05655  5.12378  3.05655  5.12378  1.65385  2.44071  
2.00367  0.93403  3.05655  5.12378  3.05655  5.12378  1.84629  1.8202  
1.13569  3.30372  3.05655  5.12378  3.05655  5.12378  1.97023  1.19446  
1.20449  3.19442  3.05655  5.12378  3.05655  5.12378  2.01136  0.88614  
0.734376  3.80636  3.05655  5.12378  3.05655  5.12378  0.734376  3.80636  
1.68484  2.35536  3.05655  5.12378  3.05655  5.12378  1.50653  2.74943  
1.64162  2.47372  3.05655  5.12378  3.05655  5.12378  0.412026  3.99377  
1.61673  2.53711  3.05655  5.12378  3.05655  5.12378  1.10284  3.35932  
1.88876  1.64797  3.05655  5.12378  3.05655  5.12378  1.16926  3.25101  
1.16926  3.25101  3.05655  5.12378  3.05655  5.12378  1.77883  2.07342  
2.04169  0.531059  3.05655  5.12378  3.05655  5.12378  1.68484  2.35536  
0.983005  3.49244  3.05655  5.12378  3.05655  5.12378  1.9102  1.53686  
1.90009  1.59122  3.05655  5.12378  3.05655  5.12378  0.271269  4.06246  
1.97023  1.19446  3.05655  5.12378  3.05655  5.12378  0.224409  4.08148  
1.49007  2.76322  3.05655  5.12378  3.05655  5.12378  1.79619  2.00537  
1.28795  3.0614  3.05655  5.12378  3.05655  5.12378  1.22126  3.17405  
1.77883  2.07342  3.05655  5.12378  3.05655  5.12378  1.36435  2.92565  
1.18453  3.22506  3.05655  5.12378  3.05655  5.12378  1.13569  3.30372  
1.33583  2.9969  3.05655  5.12378  3.05655  5.12378  1.66943  2.39846  
0.96201  3.52458  3.05655  5.12378  3.05655  5.12378  1.28795  3.0614  
0.67768  3.8512  3.05655  5.12378  3.05655  5.12378  1.58487  2.61488  
1.06893  3.41454  3.05655  5.12378  3.05655  5.12378  1.2695  3.09154  
0.314281  4.04881  3.05655  5.12378  3.05655  5.12378  2.05655  0.0565489  
1.2695  3.09154  3.05655  5.12378  3.05655  5.12378  1.49007  2.76322  
0.565899  3.91083  3.05655  5.12378  3.05655  5.12378  1.08582  3.38898  
1.79619  2.00537  3.05655  5.12378  3.05655  5.12378  1.86827  1.7308  
0.507046  3.94392  3.05655  5.12378  3.05655  5.12378  1.11879  3.33131  
1.84629  1.8202  3.05655  5.12378  3.05655  5.12378  1.43754  2.78807  
1.71508  2.27025  3.05655  5.12378  3.05655  5.12378  0.714235  3.82301  
0.839257  3.68642  3.05655  5.12378  3.05655  5.12378  1.93959  1.39696  
0.447247  3.9769  3.05655  5.12378  3.05655  5.12378  1.00099  3.46504  
1.39951  2.8699  3.05655  5.12378  3.05655  5.12378  0.96201  3.52458  
0.761842  3.78289  3.05655  5.12378  3.05655  5.12378  1.82642  1.90253  
1.24318  3.14626  3.05655  5.12378  3.05655  5.12378  1.97954  1.14029  
1.08582  3.38898  3.05655  5.12378  3.05655  5.12378  2.02574  0.72847  
1.15148  3.27445  3.05655  5.12378  3.05655  5.12378  0.784359  3.75613  
1.9102  1.53686  3.05655  5.12378  3.05655  5.12378  1.03483  3.44193  
0.941591  3.55447  3.05655  5.12378  3.05655  5.12378  0.507046  3.94392  
1.56936  2.65198  3.05655  5.12378  3.05655  5.12378  1.75528  2.14675  
0.714235  3.82301  3.05655  5.12378  3.05655  5.12378  1.81261  1.95148  
1.58487  2.61488  3.05655  5.12378  3.05655  5.12378  0.565899  3.91083  
1.97954  1.14029  3.05655  5.12378  3.05655  5.12378  1.64162  2.47372  
0.784359  3.75613  3.05655  5.12378  3.05655  5.12378  1.90009  1.59122  
1.35055  2.95978  3.05655  5.12378  3.05655  5.12378  2.00367  0.93403  
1.82642  1.90253  3.05655  5.12378  3.05655  5.12378  0.447247  3.9769  
2.01925  0.803558  3.05655  5.12378  3.05655  5.12378  2.03551  0.613488  
1.75528  2.14675  3.05655  5.12378  3.05655  5.12378  0.941591  3.55447  
0.898362  3.61133  3.05655  5.12378  3.05655  5.12378  0.84334  3.68014  
1.74117  2.19927  3.05655  5.12378  3.05655  5.12378  1.61673  2.53711  
0.224409  4.08148  3.05655  5.12378  3.05655  5.12378  0.687967  3.84437  
1.87719  1.69597  3.05655  5.12378  3.05655  5.12378  1.87719  1.69597  
0.384332  4.01434  3.05655  5.12378  3.05655  5.12378  1.15148  3.27445  
1.9495  1.31896  3.05655  5.12378  3.05655  5.12378  1.60204  2.57372  
1.83542  1.86123  3.05655  5.12378  3.05655  5.12378  1.06893  3.41454  
1.70032  2.31443  3.05655  5.12378  3.05655  5.12378  0.761842  3.78289  
0.60862  3.88387  3.05655  5.12378  3.05655  5.12378  1.55474  2.68575  
1.38182  2.89362  3.05655  5.12378  3.05655  5.12378  1.98798  1.07546  
1.11879  3.33131  3.05655  5.12378  3.05655  5.12378  1.62991  2.50349  
1.73078  2.22711  3.05655  5.12378  3.05655  5.12378  0.863637  3.65231  
1.30957  3.03333  3.05655  5.12378  3.05655  5.12378  0.658545  3.85992  
1.43754  2.78807  3.05655  5.12378  3.05655  5.12378  2.01925  0.803558  
0.81504  3.72123  3.05655  5.12378  3.05655  5.12378  1.83542  1.86123  
1.99465  1.01509  3.05655  5.12378  3.05655  5.12378  1.85699  1.77739  
0.474328  3.9597  3.05655  5.12378  3.05655  5.12378  0.827048  3.70148  
1.03483  3.44193  3.05655  5.12378  3.05655  5.12378  1.4192  2.84494  
0.351492  4.03056  3.05655  5.12378  3.05655  5.12378  1.88876  1.64797  
0.883233  3.63348  3.05655  5.12378  3.05655  5.12378  0.146596  4.10044  
1.91924  1.49152  3.05655  5.12378  3.05655  5.12378  1.39951  2.8699  
1.60204  2.57372  3.05655  5.12378  3.05655  5.12378  0.384332  4.01434  
1.4192  2.84494  3.05655  5.12378  3.05655  5.12378  2.04169  0.531059  
1.62991  2.50349  3.05655  5.12378  3.05655  5.12378  1.91924  1.49152  
1.55474  2.68575  3.05655  5.12378  3.05655  5.12378  0.474328  3.9597  
0.412026  3.99377  3.05655  5.12378  3.05655  5.12378  0.123778  4.12378  
1.25622  3.11749  3.05655  5.12378  3.05655  5.12378  1.35055  2.95978  
1.00099  3.46504  3.05655  5.12378  3.05655  5.12378  2.04874  0.357265  
1.85675  1.77715  3.05281  5.10609  3.05281  5.10609  0.532748  3.92928  
1.10252  3.35929  3.05281  5.10609  3.05281  5.10609  1.9608  1.25169  
1.92887  1.43951  3.05281  5.10609  3.05281  5.10609  1.52835  2.72527  
0.271399  4.06103  3.05281  5.10609  3.05281  5.10609  0.164117  4.09444  
1.98629  1.07569  3.05281  5.10609  3.05281  5.10609  1.56939  2.65173  
0.106095  4.10609  3.05281  5.10609  3.05281  5.10609  1.7001  2.31421  
1.36456  2.92512  3.05281  5.10609  3.05281  5.10609  0.898297  3.61133  
1.86799  1.72989  3.05281  5.10609  3.05281  5.10609  1.25611  3.11724  
2.02391  0.72841  3.05281  5.10609  3.05281  5.10609  1.73049  2.22682  
0.920806  3.58128  3.05281  5.10609  3.05281  5.10609  1.99324  1.01465  
2.04708  0.357477  3.05281  5.10609  3.05281  5.10609  0.608616  3.88356  
2.05281  0.0528108  3.05281  5.10609  3.05281  5.10609  0.80341  3.71949  
1.52835  2.72527  3.05281  5.10609  3.05281  5.10609  1.20498  3.1931  
2.03363  0.609156  3.05281  5.10609  3.05281  5.10609  0.981201  3.49504  
0.767344  3.76074  3.05281  5.10609  3.05281  5.10609  1.33553  2.99531  
1.6541  2.43999  3.05281  5.10609  3.05281  5.10609  1.30944  3.03319  
0.532748  3.92928  3.05281  5.10609  3.05281  5.10609  1.18465  3.22419  
2.0099  0.884692  3.05281  5.10609  3.05281  5.10609  1.38192  2.8924  
1.22119  3.17398  3.05281  5.10609  3.05281  5.10609  1.949  1.31811  
0.868588  3.64495  3.05281  5.10609  3.05281  5.10609  0.351799  4.03027  
1.9608  1.25169  3.05281  5.10609  3.05281  5.10609  1.92887  1.43951  
1.81224  1.95065  3.05281  5.10609  3.05281  5.10609  0.305571  4.04403  
0.680739  3.83211  3.05281  5.10609  3.05281  5.10609  1.71467  2.26997  
1.94103  1.3793  3.05281  5.10609  3.05281  5.10609  0.920806  3.58128  
0.164117  4.09444  3.05281  5.10609  3.05281  5.10609  1.24314  3.14622  
1.66936  2.39837  3.05281  5.10609  3.05281  5.10609  1.6541  2.43999  
2.00243  0.936384  3.05281  5.10609  3.05281  5.10609  1.84517  1.8232  
1.13663  3.30092  3.05281  5.10609  3.05281  5.10609  1.96899  1.19321  
1.20498  3.1931  3.05281  5.10609  3.05281  5.10609  2.0099  0.884692  
0.659205  3.85038  3.05281  5.10609  3.05281  5.10609  0.739126  3.7823  
1.68477  2.35529  3.05281  5.10609  3.05281  5.10609  1.50623  2.74913  
1.6414  2.4735  3.05281  5.10609  3.05281  5.10609  0.408711  3.99522  
1.61664  2.53722  3.05281  5.10609  3.05281  5.10609  1.10252  3.35929  
1.88697  1.64618  3.05281  5.10609  3.05281  5.10609  1.17223  3.24529  
0.63856  3.86703  3.05281  5.10609  3.05281  5.10609  1.77842  2.07302  
2.04027  0.52694  3.05281  5.10609  3.05281  5.10609  1.68477  2.35529  
0.981201  3.49504  3.05281  5.10609  3.05281  5.10609  1.91022  1.53301  
1.89909  1.59175  3.05281  5.10609  3.05281  5.10609  0.271399  4.06103  
1.96899  1.19321  3.05281  5.10609  3.05281  5.10609  0.226173  4.07388  
1.48886  2.76224  3.05281  5.10609  3.05281  5.10609  1.79594  2.00512  
1.28793  3.06087  3.05281  5.10609  3.05281  5.10609  1.22119  3.17398  
1.77842  2.07302  3.05281  5.10609  3.05281  5.10609  1.36456  2.92512  
1.18465  3.22419  3.05281  5.10609  3.05281  5.10609  1.13663  3.30092  
1.33553  2.99531  3.05281  5.10609  3.05281  5.10609  1.66936  2.39837  
0.962002  3.52435  3.05281  5.10609  3.05281  5.10609  1.28793  3.06087  
0.709464  3.80903  3.05281  5.10609  3.05281  5.10609  1.58487  2.61488  
1.06893  3.41379  3.05281  5.10609  3.05281  5.10609  1.26941  3.09145  
0.305571  4.04403  3.05281  5.10609  3.05281  5.10609  2.05281  0.0528108  
1.26941  3.09145  3.05281  5.10609  3.05281  5.10609  1.48886  2.76224  
0.566243  3.91058  3.05281  5.10609  3.05281  5.10609  1.08573  3.38895  
1.79594  2.00512  3.05281  5.10609  3.05281  5.10609  1.86799  1.72989  
0.502833  3.94535  3.05281  5.10609  3.05281  5.10609  1.11884  3.33067  
1.84517  1.8232  3.05281  5.10609  3.05281  5.10609  1.43717  2.78763  
1.71467  2.26997  3.05281  5.10609  3.05281  5.10609  0.680739  3.83211  
0.843419  3.67423  3.05281  5.10609  3.05281  5.10609  1.94103  1.3793  
0.436651  3.97881  3.05281  5.10609  3.05281  5.10609  1.00035  3.46511  
1.40026  2.86845  3.05281  5.10609  3.05281  5.10609  0.962002  3.52435  
0.739126  3.7823  3.05281  5.10609  3.05281  5.10609  1.82478  1.90447  
1.24314  3.14622  3.05281  5.10609  3.05281  5.10609  1.97765  1.13757  
1.08573  3.38895  3.05281  5.10609  3.05281  5.10609  2.02391  0.72841  
1.15212  3.2711  3.05281  5.10609  3.05281  5.10609  0.784707  3.7402  
1.91022  1.53301  3.05281  5.10609  3.05281  5.10609  1.03434  3.44185  
0.941823  3.55388  3.05281  5.10609  3.05281  5.10609  0.502833  3.94535  
1.56939  2.65173  3.05281  5.10609  3.05281  5.10609  1.75519  2.14666  
1.17223  3.24529  3.05281  5.10609  3.05281  5.10609  1.81224  1.95065  
1.58487  2.61488  3.05281  5.10609  3.05281  5.10609  0.566243  3.91058  
1.97765  1.13757  3.05281  5.10609  3.05281  5.10609  1.6414  2.4735  
0.784707  3.7402  3.05281  5.10609  3.05281  5.10609  1.89909  1.59175  
1.35055  2.95978  3.05281  5.10609  3.05281  5.10609  2.00243  0.936384  
1.82478  1.90447  3.05281  5.10609  3.05281  5.10609  0.436651  3.97881  
2.01686  0.801132  3.05281  5.10609  3.05281  5.10609  2.03363  0.609156  
1.75519  2.14666  3.05281  5.10609  3.05281  5.10609  0.941823  3.55388  
0.898297  3.61133  3.05281  5.10609  3.05281  5.10609  0.843419  3.67423  
1.74332  2.18515  3.05281  5.10609  3.05281  5.10609  1.61664  2.53722  
0.226173  4.07388  3.05281  5.10609  3.05281  5.10609  1.74332  2.18515  
1.87628  1.69312  3.05281  5.10609  3.05281  5.10609  1.87628  1.69312  
0.383893  4.01362  3.05281  5.10609  3.05281  5.10609  1.15212  3.2711  
1.949  1.31811  3.05281  5.10609  3.05281  5.10609  1.60201  2.57368  
1.83511  1.86189  3.05281  5.10609  3.05281  5.10609  1.06893  3.41379  
1.7001  2.31421  3.05281  5.10609  3.05281  5.10609  0.767344  3.76074  
0.60678  3.885  3.05281  5.10609  3.05281  5.10609  1.55397  2.68719  
1.38192  2.8924  3.05281  5.10609  3.05281  5.10609  1.98629  1.07569  
1.11884  3.33067  3.05281  5.10609  3.05281  5.10609  1.62947  2.50462  
1.73049  2.22682  3.05281  5.10609  3.05281  5.10609  0.868588  3.64495  
1.30944  3.03319  3.05281  5.10609  3.05281  5.10609  0.65018  3.85669  
1.43717  2.78763  3.05281  5.10609  3.05281  5.10609  2.01686  0.801132  
0.82236  3.69753  3.05281  5.10609  3.05281  5.10609  1.83511  1.86189  
1.99324  1.01465  3.05281  5.10609  3.05281  5.10609  1.85675  1.77715  
0.473292  3.9598  3.05281  5.10609  3.05281  5.10609  0.82236  3.69753  
1.03434  3.44185  3.05281  5.10609  3.05281  5.10609  1.41918  2.84492  
0.351799  4.03027  3.05281  5.10609  3.05281  5.10609  1.88697  1.64618  
0.80341  3.71949  3.05281  5.10609  3.05281  5.10609  0.709464  3.80903  
1.91928  1.48602  3.05281  5.10609  3.05281  5.10609  1.40026  2.86845  
1.60201  2.57368  3.05281  5.10609  3.05281  5.10609  0.383893  4.01362  
1.41918  2.84492  3.05281  5.10609  3.05281  5.10609  2.04027  0.52694  
1.62947  2.50462  3.05281  5.10609  3.05281  5.10609  1.91928  1.48602  
1.55397  2.68719  3.05281  5.10609  3.05281  5.10609  0.473292  3.9598  
0.408711  3.99522  3.05281  5.10609  3.05281  5.10609  0.106095  4.10609  
1.25611  3.11724  3.05281  5.10609  3.05281  5.10609  1.35055  2.95978  
1.00035  3.46511  3.05281  5.10609  3.05281  5.10609  2.04708  0.357477  
1.85619  1.77654  3.05213  5.10547  3.05213  5.10547  0.533807  3.92848  
1.10264  3.35871  3.05213  5.10547  3.05213  5.10547  1.96033  1.25202  
1.92844  1.43244  3.05213  5.10547  3.05213  5.10547  1.52757  2.72458  
0.259952  4.06422  3.05213  5.10547  3.05213  5.10547  0.16252  4.09436  
1.98607  1.07275  3.05213  5.10547  3.05213  5.10547  1.56937  2.6517  
0.105466  4.10547  3.05213  5.10547  3.05213  5.10547  1.7  2.31419  
1.36465  2.92489  3.05213  5.10547  3.05213  5.10547  0.897515  3.61178  
1.86749  1.72957  3.05213  5.10547  3.05213  5.10547  1.256  3.11733  
2.02363  0.726608  3.05213  5.10547  3.05213  5.10547  1.73008  2.22641  
0.921058  3.58074  3.05213  5.10547  3.05213  5.10547  1.99335  1.01301  
2.04632  0.355143  3.05213  5.10547  3.05213  5.10547  0.608217  3.88369  
2.05213  0.0521293  3.05213  5.10547  3.05213  5.10547  0.803459  3.71937  
1.52757  2.72458  3.05213  5.10547  3.05213  5.10547  1.20493  3.19309  
2.0331  0.608597  3.05213  5.10547  3.05213  5.10547  0.981404  3.49454  
0.76352  3.75861  3.05213  5.10547  3.05213  5.10547  1.33537  2.99555  
1.65405  2.43994  3.05213  5.10547  3.05213  5.10547  1.30956  3.03287  
0.533807  3.92848  3.05213  5.10547  3.05213  5.10547  1.18438  3.22398  
2.0093  0.886377  3.05213  5.10547  3.05213  5.10547  1.38179  2.89227  
1.22135  3.17381  3.05213  5.10547  3.05213  5.10547  1.94872  1.31792  
0.869509  3.64359  3.05213  5.10547  3.05213  5.10547  0.351864  4.03009  
1.96033  1.25202  3.05213  5.10547  3.05213  5.10547  1.92844  1.43244  
1.81148  1.94932  3.05213  5.10547  3.05213  5.10547  0.305454  4.04296  
0.679434  3.83174  3.05213  5.10547  3.05213  5.10547  1.71463  2.26992  
1.9398  1.37581  3.05213  5.10547  3.05213  5.10547  0.921058  3.58074  
0.16252  4.09436  3.05213  5.10547  3.05213  5.10547  1.24313  3.14621  
1.66928  2.3983  3.05213  5.10547  3.05213  5.10547  1.65405  2.43994  
2.00181  0.935607  3.05213  5.10547  3.05213  5.10547  1.8451  1.82312  
1.13666  3.30035  3.05213  5.10547  3.05213  5.10547  1.96852  1.19274  
1.20493  3.19309  3.05213  5.10547  3.05213  5.10547  2.0093  0.886377  
0.655505  3.85192  3.05213  5.10547  3.05213  5.10547  0.738974  3.78173  
1.68481  2.35499  3.05213  5.10547  3.05213  5.10547  1.76397  2.11916  
1.64133  2.47351  3.05213  5.10547  3.05213  5.10547  0.406213  3.99604  
1.61661  2.53715  3.05213  5.10547  3.05213  5.10547  1.10264  3.35871  
1.8865  1.64548  3.05213  5.10547  3.05213  5.10547  1.17187  3.24566  
0.634368  3.86735  3.05213  5.10547  3.05213  5.10547  1.77789  2.07249  
2.03875  0.518062  3.05213  5.10547  3.05213  5.10547  1.68481  2.35499  
0.981404  3.49454  3.05213  5.10547  3.05213  5.10547  1.90871  1.53636  
1.89712  1.59454  3.05213  5.10547  3.05213  5.10547  0.259952  4.06422  
1.96852  1.19274  3.05213  5.10547  3.05213  5.10547  0.202074  4.07821  
1.48875  2.76214  3.05213  5.10547  3.05213  5.10547  1.79579  2.00498  
1.28792  3.06085  3.05213  5.10547  3.05213  5.10547  1.22135  3.17381  
1.77789  2.07249  3.05213  5.10547  3.05213  5.10547  1.36465  2.92489  
1.18342  3.22564  3.05213  5.10547  3.05213  5.10547  1.13666  3.30035  
1.33537  2.99555  3.05213  5.10547  3.05213  5.10547  1.66928  2.3983  
0.9636  3.51988  3.05213  5.10547  3.05213  5.10547  1.28792  3.06085  
0.708661  3.80827  3.05213  5.10547  3.05213  5.10547  1.58487  2.61488  
1.0687  3.41381  3.05213  5.10547  3.05213  5.10547  1.26938  3.09142  
0.305454  4.04296  3.05213  5.10547  3.05213  5.10547  2.05213  0.0521293  
1.26938  3.09142  3.05213  5.10547  3.05213  5.10547  1.48875  2.76214  
0.568369  3.909  3.05213  5.10547  3.05213  5.10547  1.08578  3.38885  
1.79579  2.00498  3.05213  5.10547  3.05213  5.10547  1.86749  1.72957  
0.502887  3.94504  3.05213  5.10547  3.05213  5.10547  1.11895  3.33032  
1.8451  1.82312  3.05213  5.10547  3.05213  5.10547  1.43654  2.78705  
1.71463  2.26992  3.05213  5.10547  3.05213  5.10547  0.679067  3.83204  
0.845191  3.67186  3.05213  5.10547  3.05213  5.10547  1.9398  1.37581  
0.436887  3.97828  3.05213  5.10547  3.05213  5.10547  1.00019  3.46501  
1.39987  2.86856  3.05213  5.10547  3.05213  5.10547  0.9636  3.51988  
0.738974  3.78173  3.05213  5.10547  3.05213  5.10547  1.82378  1.90435  
1.24313  3.14621  3.05213  5.10547  3.05213  5.10547  1.97716  1.13744  
1.08578  3.38885  3.05213  5.10547  3.05213  5.10547  2.02363  0.726608  
1.15355  3.26895  3.05213  5.10547  3.05213  5.10547  0.784389  3.73907  
1.90871  1.53636  3.05213  5.10547  3.05213  5.10547  1.03427  3.44186  
0.943042  3.55195  3.05213  5.10547  3.05213  5.10547  0.502887  3.94504  
1.56937  2.6517  3.05213  5.10547  3.05213  5.10547  1.75473  2.14639  
1.76397  2.11916  3.05213  5.10547  3.05213  5.10547  1.81148  1.94932  
1.58487  2.61488  3.05213  5.10547  3.05213  5.10547  0.568369  3.909  
1.97716  1.13744  3.05213  5.10547  3.05213  5.10547  1.64133  2.47351  
0.784389  3.73907  3.05213  5.10547  3.05213  5.10547  1.89712  1.59454  
1.35017  2.96055  3.05213  5.10547  3.05213  5.10547  2.00181  0.935607  
1.82378  1.90435  3.05213  5.10547  3.05213  5.10547  0.436887  3.97828  
2.01626  0.799732  3.05213  5.10547  3.05213  5.10547  2.0331  0.608597  
1.75473  2.14639  3.05213  5.10547  3.05213  5.10547  0.943042  3.55195  
0.897515  3.61178  3.05213  5.10547  3.05213  5.10547  0.845191  3.67186  
1.74305  2.18497  3.05213  5.10547  3.05213  5.10547  1.61661  2.53715  
0.202074  4.07821  3.05213  5.10547  3.05213  5.10547  1.74305  2.18497  
1.8761  1.69259  3.05213  5.10547  3.05213  5.10547  1.8761  1.69259  
0.383251  4.01358  3.05213  5.10547  3.05213  5.10547  1.15216  3.27071  
1.94872  1.31792  3.05213  5.10547  3.05213  5.10547  1.602  2.57367  
1.83435  1.86116  3.05213  5.10547  3.05213  5.10547  1.0687  3.41381  
1.7  2.31419  3.05213  5.10547  3.05213  5.10547  0.76352  3.75861  
0.605554  3.88557  3.05213  5.10547  3.05213  5.10547  1.55392  2.68708  
1.38179  2.89227  3.05213  5.10547  3.05213  5.10547  1.98607  1.07275  
1.11895  3.33032  3.05213  5.10547  3.05213  5.10547  1.62942  2.50457  
1.73008  2.22641  3.05213  5.10547  3.05213  5.10547  0.869509  3.64359  
1.30956  3.03287  3.05213  5.10547  3.05213  5.10547  0.64477  3.85938  
1.43654  2.78705  3.05213  5.10547  3.05213  5.10547  2.01626  0.799732  
0.822663  3.69609  3.05213  5.10547  3.05213  5.10547  1.83435  1.86116  
1.99335  1.01301  3.05213  5.10547  3.05213  5.10547  1.85619  1.77654  
0.473178  3.95969  3.05213  5.10547  3.05213  5.10547  0.822663  3.69609  
1.03427  3.44186  3.05213  5.10547  3.05213  5.10547  1.41901  2.84504  
0.351864  4.03009  3.05213  5.10547  3.05213  5.10547  1.8865  1.64548  
0.803459  3.71937  3.05213  5.10547  3.05213  5.10547  0.708661  3.80827  
1.91897  1.48626  3.05213  5.10547  3.05213  5.10547  1.39987  2.86856  
1.602  2.57367  3.05213  5.10547  3.05213  5.10547  0.383251  4.01358  
1.41901  2.84504  3.05213  5.10547  3.05213  5.10547  2.03875  0.518062  
1.62942  2.50457  3.05213  5.10547  3.05213  5.10547  1.91897  1.48626  
1.55392  2.68708  3.05213  5.10547  3.05213  5.10547  0.473178  3.95969  
0.406213  3.99604  3.05213  5.10547  3.05213  5.10547  0.105466  4.10547  
1.256  3.11733  3.05213  5.10547  3.05213  5.10547  1.35017  2.96055  
1.00019  3.46501  3.05213  5.10547  3.05213  5.10547  2.04632  0.355143  
1.85629  1.77593  3.20004  5.09863  3.20004  5.09863  0.533743  3.92842  
1.10265  3.35851  3.20004  5.09863  3.20004  5.09863  1.95937  1.24944  
1.92827  1.43271  3.20004  5.09863  3.20004  5.09863  1.52751  2.72452  
0.260428  4.06368  3.20004  5.09863  3.20004  5.09863  0.145488  4.08855  
1.98546  1.06976  3.20004  5.09863  3.20004  5.09863  1.56936  2.6517  
0.0987338  4.09863  3.20004  5.09863  3.20004  5.09863  1.69987  2.31406  
1.36459  2.92489  3.20004  5.09863  3.20004  5.09863  0.897465  3.61173  
1.86712  1.72978  3.20004  5.09863  3.20004  5.09863  1.25603  3.11727  
2.02341  0.726321  3.20004  5.09863  3.20004  5.09863  1.72995  2.22568  
0.921069  3.5807  3.20004  5.09863  3.20004  5.09863  1.99313  1.01279  
2.04603  0.354647  3.20004  5.09863  3.20004  5.09863  0.608187  3.88368  
2.05149  0.0514932  3.20004  5.09863  3.20004  5.09863  0.804218  3.71799  
1.52751  2.72452  3.20004  5.09863  3.20004  5.09863  1.20466  3.19339  
2.03263  0.608011  3.20004  5.09863  3.20004  5.09863  0.981541  3.49422  
0.764465  3.75684  3.20004  5.09863  3.20004  5.09863  1.33505  2.99544  
1.65408  2.43977  3.20004  5.09863  3.20004  5.09863  1.30939  3.03292  
0.533743  3.92842  3.20004  5.09863  3.20004  5.09863  1.18453  3.22377  
2.00891  0.879977  3.20004  5.09863  3.20004  5.09863  1.38182  2.8922  
1.22125  3.17372  3.20004  5.09863  3.20004  5.09863  1.94801  1.31721  
0.869579  3.64347  3.20004  5.09863  3.20004  5.09863  0.352229  4.02973  
1.95937  1.24944  3.20004  5.09863  3.20004  5.09863  1.92827  1.43271  
1.81139  1.94901  3.20004  5.09863  3.20004  5.09863  0.305669  4.04265  
0.679434  3.83174  3.20004  5.09863  3.20004  5.09863  1.71463  2.26992  
1.9385  1.3751  3.20004  5.09863  3.20004  5.09863  0.921069  3.5807  
0.145488  4.08855  3.20004  5.09863  3.20004  5.09863  1.24323  3.14593  
1.66926  2.39828  3.20004  5.09863  3.20004  5.09863  1.65408  2.43977  
2.00166  0.936011  3.20004  5.09863  3.20004  5.09863  1.84453  1.82273  
1.13694  3.29961  3.20004  5.09863  3.20004  5.09863  1.96827  1.19338  
1.20466  3.19339  3.20004  5.09863  3.20004  5.09863  2.00891  0.879977  
0.655505  3.85192  3.20004  5.09863  3.20004  5.09863  0.738752  3.7815  
1.68499  2.3544  3.20004  5.09863  3.20004  5.09863  1.7652  2.11287  
1.64131  2.47349  3.20004  5.09863  3.20004  5.09863  0.406628  3.99565  
1.61646  2.53738  3.20004  5.09863  3.20004  5.09863  1.10265  3.35851  
1.88563  1.64493  3.20004  5.09863  3.20004  5.09863  1.17182  3.24547  
0.634368  3.86735  3.20004  5.09863  3.20004  5.09863  1.77773  2.07232  
2.03852  0.517433  3.20004  5.09863  3.20004  5.09863  1.68499  2.3544  
0.981541  3.49422  3.20004  5.09863  3.20004  5.09863  1.90866  1.5363  
1.8969  1.59429  3.20004  5.09863  3.20004  5.09863  0.260428  4.06368  
1.96827  1.19338  3.20004  5.09863  3.20004  5.09863  0.201715  4.07797  
1.4885  2.76189  3.20004  5.09863  3.20004  5.09863  1.79584  2.00444  
1.2877  3.06109  3.20004  5.09863  3.20004  5.09863  1.22125  3.17372  
1.77773  2.07232  3.20004  5.09863  3.20004  5.09863  1.36459  2.92489  
1.18336  3.22558  3.20004  5.09863  3.20004  5.09863  1.13681  3.29986  
1.33505  2.99544  3.20004  5.09863  3.20004  5.09863  1.66926  2.39828  
0.963388  3.52015  3.20004  5.09863  3.20004  5.09863  1.2877  3.06109  
0.708737  3.80791  3.20004  5.09863  3.20004  5.09863  1.58507  2.61431  
1.06896  3.41319  3.20004  5.09863  3.20004  5.09863  1.26936  3.0914  
0.305669  4.04265  3.20004  5.09863  3.20004  5.09863  2.05149  0.0514932  
1.26936  3.0914  3.20004  5.09863  3.20004  5.09863  1.4885  2.76189  
0.568368  3.90898  3.20004  5.09863  3.20004  5.09863  1.08578  3.38885  
1.79584  2.00444  3.20004  5.09863  3.20004  5.09863  1.86712  1.72978  
0.502621  3.94509  3.20004  5.09863  3.20004  5.09863  1.11908  3.33003  
1.84453  1.82273  3.20004  5.09863  3.20004  5.09863  1.43621  2.78672  
1.71463  2.26992  3.20004  5.09863  3.20004  5.09863  0.679056  3.83203  
0.846201  3.67024  3.20004  5.09863  3.20004  5.09863  1.9385  1.3751  
0.437162  3.97777  3.20004  5.09863  3.20004  5.09863  1.00013  3.46494  
1.39965  2.86852  3.20004  5.09863  3.20004  5.09863  0.963388  3.52015  
0.738752  3.7815  3.20004  5.09863  3.20004  5.09863  1.82383  1.90391  
1.24323  3.14593  3.20004  5.09863  3.20004  5.09863  1.97686  1.13714  
1.08578  3.38885  3.20004  5.09863  3.20004  5.09863  2.02341  0.726321  
1.15327  3.26898  3.20004  5.09863  3.20004  5.09863  0.784121  3.7388  
1.90866  1.5363  3.20004  5.09863  3.20004  5.09863  1.03407  3.44185  
0.942994  3.55155  3.20004  5.09863  3.20004  5.09863  0.502621  3.94509  
1.56936  2.6517  3.20004  5.09863  3.20004  5.09863  1.75438  2.14585  
1.7652  2.11287  3.20004  5.09863  3.20004  5.09863  1.81139  1.94901  
1.58507  2.61431  3.20004  5.09863  3.20004  5.09863  0.568394  3.90896  
1.97686  1.13714  3.20004  5.09863  3.20004  5.09863  1.64131  2.47349  
0.784121  3.7388  3.20004  5.09863  3.20004  5.09863  1.8969  1.59429  
1.35015  2.96055  3.20004  5.09863  3.20004  5.09863  2.00166  0.936011  
1.82383  1.90391  3.20004  5.09863  3.20004  5.09863  0.437162  3.97777  
2.01626  0.799732  3.20004  5.09863  3.20004  5.09863  2.03263  0.608011  
1.75438  2.14585  3.20004  5.09863  3.20004  5.09863  0.942994  3.55155  
0.897465  3.61173  3.20004  5.09863  3.20004  5.09863  0.846201  3.67024  
1.74278  2.1843  3.20004  5.09863  3.20004  5.09863  1.61646  2.53738  
0.201715  4.07797  3.20004  5.09863  3.20004  5.09863  1.74278  2.1843  
1.87569  1.69218  3.20004  5.09863  3.20004  5.09863  1.87569  1.69218  
0.381431  4.01347  3.20004  5.09863  3.20004  5.09863  1.15241  3.26998  
1.94801  1.31721  3.20004  5.09863  3.20004  5.09863  1.60211  2.57315  
1.83424  1.86138  3.20004  5.09863  3.20004  5.09863  1.06896  3.41319  
1.69987  2.31406  3.20004  5.09863  3.20004  5.09863  0.764465  3.75684  
0.604688  3.88623  3.20004  5.09863  3.20004  5.09863  1.55392  2.68708  
1.38182  2.8922  3.20004  5.09863  3.20004  5.09863  1.98546  1.06976  
1.11908  3.33003  3.20004  5.09863  3.20004  5.09863  1.62958  2.50409  
1.72995  2.22568  3.20004  5.09863  3.20004  5.09863  0.869579  3.64347  
1.30939  3.03292  3.20004  5.09863  3.20004  5.09863  0.644282  3.85934  
1.43621  2.78672  3.20004  5.09863  3.20004  5.09863  2.01626  0.799732  
0.822685  3.69582  3.20004  5.09863  3.20004  5.09863  1.83424  1.86138  
1.99313  1.01279  3.20004  5.09863  3.20004  5.09863  1.85629  1.77593  
0.469193  3.96143  3.20004  5.09863  3.20004  5.09863  0.822685  3.69582  
1.03407  3.44185  3.20004  5.09863  3.20004  5.09863  1.41891  2.84506  
0.352229  4.02973  3.20004  5.09863  3.20004  5.09863  1.88563  1.64493  
0.804218  3.71799  3.20004  5.09863  3.20004  5.09863  0.708737  3.80791  
1.91895  1.48353  3.20004  5.09863  3.20004  5.09863  1.39965  2.86852  
1.60211  2.57315  3.20004  5.09863  3.20004  5.09863  0.381431  4.01347  
1.41891  2.84506  3.20004  5.09863  3.20004  5.09863  2.03852  0.517433  
1.62958  2.50409  3.20004  5.09863  3.20004  5.09863  1.91895  1.48353  
1.55392  2.68708  3.20004  5.09863  3.20004  5.09863  0.469193  3.96143  
0.406628  3.99565  3.20004  5.09863  3.20004  5.09863  0.0987338  4.09863  
1.25603  3.11727  3.20004  5.09863  3.20004  5.09863  1.35015  2.96055  
1.00013  3.46494  3.20004  5.09863  3.20004  5.09863  2.04603  0.354647  
