4.76905  0.661276  6.45353  6.5343  1.79769e+308  1.79769e+308  4.76905  0.661276  
4.49361  1.47579  6.45353  6.5343  1.79769e+308  1.79769e+308  4.49361  1.47579  
4.34248  1.34829  6.45353  6.5343  1.79769e+308  1.79769e+308  4.34248  1.34829  
1.78698  3.65609  6.45353  6.5343  1.79769e+308  1.79769e+308  1.78698  3.65609  
2.76795  3.36556  6.45353  6.5343  1.79769e+308  1.79769e+308  2.76795  3.36556  
3.86043  2.74343  6.45353  6.5343  1.79769e+308  1.79769e+308  3.86043  2.74343  
3.10531  2.65244  6.45353  6.5343  1.79769e+308  1.79769e+308  3.10531  2.65244  
2.4292  3.03636  6.45353  6.5343  1.79769e+308  1.79769e+308  2.4292  3.03636  
4.76671  1.30013  6.45353  6.5343  1.79769e+308  1.79769e+308  4.76671  1.30013  
4.54574  1.76289  6.45353  6.5343  1.79769e+308  1.79769e+308  4.54574  1.76289  
3.03599  3.08042  6.45353  6.5343  1.79769e+308  1.79769e+308  3.03599  3.08042  
4.53748  1.87976  6.45353  6.5343  1.79769e+308  1.79769e+308  4.53748  1.87976  
4.96549  2.47385  6.45353  6.5343  1.79769e+308  1.79769e+308  4.96549  2.47385  
0.532781  4.64076  6.45353  6.5343  1.79769e+308  1.79769e+308  0.532781  4.64076  
4.66013  1.90808  6.45353  6.5343  1.79769e+308  1.79769e+308  4.66013  1.90808  
1.67171  2.96606  6.45353  6.5343  1.79769e+308  1.79769e+308  1.67171  2.96606  
0.199015  4.47283  6.45353  6.5343  1.79769e+308  1.79769e+308  0.199015  4.47283  
3.695  2.51582  6.45353  6.5343  1.79769e+308  1.79769e+308  3.695  2.51582  
4.44469  2.16698  6.45353  6.5343  1.79769e+308  1.79769e+308  4.44469  2.16698  
2.34139  3.58768  6.45353  6.5343  1.79769e+308  1.79769e+308  2.34139  3.58768  
1.93138  3.41149  6.45353  6.5343  1.79769e+308  1.79769e+308  1.93138  3.41149  
5.01149  2.17542  6.45353  6.5343  1.79769e+308  1.79769e+308  5.01149  2.17542  
3.64099  1.55574  6.45353  6.5343  1.79769e+308  1.79769e+308  3.64099  1.55574  
1.24843  4.14491  6.45353  6.5343  1.79769e+308  1.79769e+308  1.24843  4.14491  
5.13555  1.14283  6.45353  6.5343  1.79769e+308  1.79769e+308  5.13555  1.14283  
1.65045  3.45665  6.45353  6.5343  1.79769e+308  1.79769e+308  1.65045  3.45665  
4.14564  0.35089  6.45353  6.5343  1.79769e+308  1.79769e+308  4.14564  0.35089  
3.83901  2.63369  6.45353  6.5343  1.79769e+308  1.79769e+308  3.83901  2.63369  
4.5337  2.09214  6.45353  6.5343  1.79769e+308  1.79769e+308  4.5337  2.09214  
0.424809  4.62298  6.45353  6.5343  1.79769e+308  1.79769e+308  0.424809  4.62298  
1.22782  3.50638  6.45353  6.5343  1.79769e+308  1.79769e+308  1.22782  3.50638  
3.52101  0.301589  6.45353  6.5343  1.79769e+308  1.79769e+308  3.52101  0.301589  
0.033008  4.49746  6.45353  6.5343  1.79769e+308  1.79769e+308  0.033008  4.49746  
0.897319  5.26577  6.45353  6.5343  1.79769e+308  1.79769e+308  0.897319  5.26577  
4.54024  0.257439  6.45353  6.5343  1.79769e+308  1.79769e+308  4.54024  0.257439  
1.86408  2.89576  6.45353  6.5343  1.79769e+308  1.79769e+308  1.86408  2.89576  
4.77024  1.48604  6.45353  6.5343  1.79769e+308  1.79769e+308  4.77024  1.48604  
1.10507  4.54846  6.45353  6.5343  1.79769e+308  1.79769e+308  1.10507  4.54846  
0.426764  3.97892  6.45353  6.5343  1.79769e+308  1.79769e+308  0.426764  3.97892  
2.4457  3.03534  6.45353  6.5343  1.79769e+308  1.79769e+308  2.4457  3.03534  
4.67861  1.21455  6.45353  6.5343  1.79769e+308  1.79769e+308  4.67861  1.21455  
4.3233  0.0670216  6.45353  6.5343  1.79769e+308  1.79769e+308  4.3233  0.0670216  
4.88369  2.41196  6.45353  6.5343  1.79769e+308  1.79769e+308  4.88369  2.41196  
0.356906  4.92732  6.45353  6.5343  1.79769e+308  1.79769e+308  0.356906  4.92732  
4.2147  2.73468  6.45353  6.5343  1.79769e+308  1.79769e+308  4.2147  2.73468  
3.60996  3.44692  6.45353  6.5343  1.79769e+308  1.79769e+308  3.60996  3.44692  
5.24365  1.3375  6.45353  6.5343  1.79769e+308  1.79769e+308  5.24365  1.3375  
0.0581249  4.17448  6.45353  6.5343  1.79769e+308  1.79769e+308  0.0581249  4.17448  
2.25466  3.65319  6.45353  6.5343  1.79769e+308  1.79769e+308  2.25466  3.65319  
1.28297  3.52337  6.45353  6.5343  1.79769e+308  1.79769e+308  1.28297  3.52337  
2.28334  2.91122  6.45353  6.5343  1.79769e+308  1.79769e+308  2.28334  2.91122  
1.52586  3.11595  6.45353  6.5343  1.79769e+308  1.79769e+308  1.52586  3.11595  
4.06754  2.5373  6.45353  6.5343  1.79769e+308  1.79769e+308  4.06754  2.5373  
4.57972  2.3513  6.45353  6.5343  1.79769e+308  1.79769e+308  4.57972  2.3513  
1.53008  4.74145  6.45353  6.5343  1.79769e+308  1.79769e+308  1.53008  4.74145  
1.18211  4.04426  6.45353  6.5343  1.79769e+308  1.79769e+308  1.18211  4.04426  
4.55777  1.4457  6.45353  6.5343  1.79769e+308  1.79769e+308  4.55777  1.4457  
3.59265  0.293733  6.45353  6.5343  1.79769e+308  1.79769e+308  3.59265  0.293733  
2.14444  3.38508  6.45353  6.5343  1.79769e+308  1.79769e+308  2.14444  3.38508  
5.33322  0.423681  6.45353  6.5343  1.79769e+308  1.79769e+308  5.33322  0.423681  
2.05885  3.12572  6.45353  6.5343  1.79769e+308  1.79769e+308  2.05885  3.12572  
5.17977  0.24854  6.45353  6.5343  1.79769e+308  1.79769e+308  5.17977  0.24854  
2.35811  2.5152  6.45353  6.5343  1.79769e+308  1.79769e+308  2.35811  2.5152  
2.08156  3.7291  6.45353  6.5343  1.79769e+308  1.79769e+308  2.08156  3.7291  
0.543426  5.4941  6.45353  6.5343  1.79769e+308  1.79769e+308  0.543426  5.4941  
1.18493  3.55154  6.45353  6.5343  1.79769e+308  1.79769e+308  1.18493  3.55154  
1.64741  2.97286  6.45353  6.5343  1.79769e+308  1.79769e+308  1.64741  2.97286  
4.72705  1.28833  6.45353  6.5343  1.79769e+308  1.79769e+308  4.72705  1.28833  
4.45498  0.434074  6.45353  6.5343  1.79769e+308  1.79769e+308  4.45498  0.434074  
2.49806  3.57733  6.45353  6.5343  1.79769e+308  1.79769e+308  2.49806  3.57733  
4.8733  0.697654  6.45353  6.5343  1.79769e+308  1.79769e+308  4.8733  0.697654  
5.37154  1.48106  6.45353  6.5343  1.79769e+308  1.79769e+308  5.37154  1.48106  
1.0432  4.2573  6.45353  6.5343  1.79769e+308  1.79769e+308  1.0432  4.2573  
1.29313  3.95941  6.45353  6.5343  1.79769e+308  1.79769e+308  1.29313  3.95941  
3.43986  1.6201  6.45353  6.5343  1.79769e+308  1.79769e+308  3.43986  1.6201  
1.91117  3.73347  6.45353  6.5343  1.79769e+308  1.79769e+308  1.91117  3.73347  
1.37001  5.26492  6.45353  6.5343  1.79769e+308  1.79769e+308  1.37001  5.26492  
4.37841  0.903763  6.45353  6.5343  1.79769e+308  1.79769e+308  4.37841  0.903763  
4.11181  0.164964  6.45353  6.5343  1.79769e+308  1.79769e+308  4.11181  0.164964  
2.83321  2.138  6.45353  6.5343  1.79769e+308  1.79769e+308  2.83321  2.138  
2.54149  3.20353  6.45353  6.5343  1.79769e+308  1.79769e+308  2.54149  3.20353  
1.07296  4.11062  6.45353  6.5343  1.79769e+308  1.79769e+308  1.07296  4.11062  
4.65985  2.8942  6.45353  6.5343  1.79769e+308  1.79769e+308  4.65985  2.8942  
3.2694  3.12427  6.45353  6.5343  1.79769e+308  1.79769e+308  3.2694  3.12427  
4.45754  0.898191  6.45353  6.5343  1.79769e+308  1.79769e+308  4.45754  0.898191  
2.09376  3.34401  6.45353  6.5343  1.79769e+308  1.79769e+308  2.09376  3.34401  
3.70804  0.186122  6.45353  6.5343  1.79769e+308  1.79769e+308  3.70804  0.186122  
4.02294  0.904704  6.45353  6.5343  1.79769e+308  1.79769e+308  4.02294  0.904704  
0.373188  5.5343  6.45353  6.5343  1.79769e+308  1.79769e+308  0.373188  5.5343  
0.770355  4.24404  6.45353  6.5343  1.79769e+308  1.79769e+308  0.770355  4.24404  
2.23411  3.76833  6.45353  6.5343  1.79769e+308  1.79769e+308  2.23411  3.76833  
5.10991  0.234395  6.45353  6.5343  1.79769e+308  1.79769e+308  5.10991  0.234395  
3.66768  1.06718  6.45353  6.5343  1.79769e+308  1.79769e+308  3.66768  1.06718  
5.45353  0.804968  6.45353  6.5343  1.79769e+308  1.79769e+308  5.45353  0.804968  
3.53669  3.37381  6.45353  6.5343  1.79769e+308  1.79769e+308  3.53669  3.37381  
3.88569  1.15499  6.45353  6.5343  1.79769e+308  1.79769e+308  3.88569  1.15499  
4.02733  0.623948  6.45353  6.5343  1.79769e+308  1.79769e+308  4.02733  0.623948  
4.62548  0.800788  6.45353  6.5343  1.79769e+308  1.79769e+308  4.62548  0.800788  
3.64115  3.2584  6.45353  6.5343  1.79769e+308  1.79769e+308  3.64115  3.2584  
4.33181  2.77806  6.45353  6.5343  1.79769e+308  1.79769e+308  4.33181  2.77806  
5.14818  1.53249e-05  7.06651  6.90385  6.14873  7.13731  5.2746  2.45283  
0.770355  4.24404  7.06651  6.90385  6.14873  7.13731  0.17142  5.87792  
8.3162e-09  6.13731  7.06651  6.90385  6.14873  7.13731  0.00209619  5.03212  
1.3564  2.99541  7.06651  6.90385  6.14873  7.13731  5.29341  0.000480983  
5.14818  1.53249e-05  7.06651  6.90385  6.14873  7.13731  0.561164  5.21346  
3.64099  1.55574  7.06651  6.90385  6.14873  7.13731  0.726322  2.22337  
6.56773e-17  1.07259  7.06651  6.90385  6.14873  7.13731  0.880828  5.40839  
0.826441  2.22074  7.06651  6.90385  6.14873  7.13731  1.16739  3.2398  
5.10558  0.180628  7.06651  6.90385  6.14873  7.13731  9.91788e-12  4.92554  
0.0320633  4.49746  7.06651  6.90385  6.14873  7.13731  1.10334  3.37748  
8.3162e-09  6.13731  7.06651  6.90385  6.14873  7.13731  0.686965  2.08015  
0.770355  4.24404  7.06651  6.90385  6.14873  7.13731  1.08183  2.84507  
2.199  3.16529e-09  7.06651  6.90385  6.14873  7.13731  0.208494  4.44905  
5.10558  0.180628  7.06651  6.90385  6.14873  7.13731  0.425267  1.27307  
2.00963  3.35632  7.06651  6.90385  6.14873  7.13731  5.32762  0.000484091  
4.26187  0  7.06651  6.90385  6.14873  7.13731  4.29484  0.000572221  
1.51261  1.64605e-13  7.06651  6.90385  6.14873  7.13731  0.620568  1.85839  
0.592524  0.836216  7.06651  6.90385  6.14873  7.13731  3.74725  0.0378046  
1.41192  3.00449  7.06651  6.90385  6.14873  7.13731  4.89302  2.04802  
1.48945  3.25545e-12  7.06651  6.90385  6.14873  7.13731  2.23779  3.31636  
2.00963  3.35632  7.06651  6.90385  6.14873  7.13731  0.658045  2.01775  
0.770355  4.24404  7.06651  6.90385  6.14873  7.13731  0.665382  2.01512  
3.64099  1.55574  7.06651  6.90385  6.14873  7.13731  0.628797  1.92807  
0.826441  2.22074  7.06651  6.90385  6.14873  7.13731  1.50614  3.8908  
1.3564  2.99541  7.06651  6.90385  6.14873  7.13731  5.71102  1.26554  
1.64423  1.12518e-10  7.06651  6.90385  6.14873  7.13731  3.61245  1.06119  
5.14818  1.53249e-05  7.06651  6.90385  6.14873  7.13731  2.61904e-05  5.08506  
0.0320633  4.49746  7.06651  6.90385  6.14873  7.13731  0.364397  1.11642  
1.41192  3.00449  7.06651  6.90385  6.14873  7.13731  1.06151  3.22648  
0.592524  0.836216  7.06651  6.90385  6.14873  7.13731  6.06651  1.0297  
4.00244  0  7.06651  6.90385  6.14873  7.13731  5.93719  1.43298  
1.01417  0.120459  7.06651  6.90385  6.14873  7.13731  0.14845  4.69336  
0.0321706  1.21138  7.06651  6.90385  6.14873  7.13731  2.02405  3.44482  
0.0282217  1.02034  7.06651  6.90385  6.14873  7.13731  5.78619  0.0195354  
1.01588  0.0585659  7.06651  6.90385  6.14873  7.13731  5.41198  0.997918  
1.09439  0  7.06651  6.90385  6.14873  7.13731  0.669828  4.75242  
0.0655689  1.02679  7.06651  6.90385  6.14873  7.13731  0.962999  2.95038  
2.01048  0  7.06651  6.90385  6.14873  7.13731  0.593323  1.7966  
1.0172  0.0272189  7.06651  6.90385  6.14873  7.13731  5.28997  0.123637  
1.01736  0.0204707  7.06651  6.90385  6.14873  7.13731  0.835931  2.5589  
0.770384  1.90321  7.06651  6.90385  6.14873  7.13731  5.00751  0.000195784  
0.00154038  1.03443  7.06651  6.90385  6.14873  7.13731  0.704801  2.11364  
0.0820677  1.0256  7.06651  6.90385  6.14873  7.13731  0.686571  2.07896  
0.000616641  1.05045  7.06651  6.90385  6.14873  7.13731  0.585558  5.09552  
0.002149  1.02786  7.06651  6.90385  6.14873  7.13731  0.375958  1.12546  
0.826563  1.16666  7.06651  6.90385  6.14873  7.13731  1.29716  3.45954  
5.14873  0  7.06651  6.90385  6.14873  7.13731  0.790993  2.40424  
0.87863  0.538994  7.06651  6.90385  6.14873  7.13731  5.94994  1.43606  
1.01562  0.0628791  7.06651  6.90385  6.14873  7.13731  0.147503  4.84329  
0.770357  2.34519  7.06651  6.90385  6.14873  7.13731  0.676289  2.07197  
0.0323392  1.08535  7.06651  6.90385  6.14873  7.13731  0.353681  5.69939  
1.01757  0  7.06651  6.90385  6.14873  7.13731  0.103929  5.90385  
0.770422  1.08728  7.06651  6.90385  6.14873  7.13731  0.328225  4.65912  
0.0331233  1.0365  7.06651  6.90385  6.14873  7.13731  1.95603  3.49898  
2.3222  1.58913e-10  7.06651  6.90385  6.14873  7.13731  4.57417  0.820164  
1.01757  0.00245517  7.06651  6.90385  6.14873  7.13731  1.1551  3.17979  
0.771401  1.07368  7.06651  6.90385  6.14873  7.13731  0.481348  1.44095  
1.01744  0.0162904  7.06651  6.90385  6.14873  7.13731  0.696416  2.08478  
1.00701  0.1462  7.06651  6.90385  6.14873  7.13731  0.433454  1.32909  
1.01492  0.0733142  7.06651  6.90385  6.14873  7.13731  0.592524  0.836216  
0.770421  1.08742  7.06651  6.90385  6.14873  7.13731  0.952648  4.54596  
1.35741  0  7.06651  6.90385  6.14873  7.13731  0.963463  2.88935  
5.14856  7.51735e-06  7.06651  6.90385  6.14873  7.13731  0.00030082  4.75889  
0.000812111  1.03443  7.06651  6.90385  6.14873  7.13731  4.86858  0.000141142  
3.64122  0.0561792  7.06651  6.90385  6.14873  7.13731  5.29013  2.0157  
2.00994  2.85299  7.06651  6.90385  6.14873  7.13731  0.575655  1.76365  
1.01545  0.0656031  7.06651  6.90385  6.14873  7.13731  0.75168  2.301  
3.71456  0  7.06651  6.90385  6.14873  7.13731  1.04746e-11  5.20203  
3.64127  0  7.06651  6.90385  6.14873  7.13731  1.15665  3.54603  
1.01677  0.0401935  7.06651  6.90385  6.14873  7.13731  4.66454  0.963657  
1.01718  0.0281474  7.06651  6.90385  6.14873  7.13731  0.023932  4.21584  
0.0320676  3.6828  7.06651  6.90385  6.14873  7.13731  5.26781  0.00689915  
1.35652  1.97486  7.06651  6.90385  6.14873  7.13731  5.16779  0.11857  
1.01633  0.0502137  7.06651  6.90385  6.14873  7.13731  0.649066  1.99022  
1.0173  0.0234349  7.06651  6.90385  6.14873  7.13731  0.813443  2.49425  
1.01725  0.025335  7.06651  6.90385  6.14873  7.13731  6.29383e-17  1.02786  
1.01757  0.00108603  7.06651  6.90385  6.14873  7.13731  5.50523  0.139865  
0.951665  0.471986  7.06651  6.90385  6.14873  7.13731  0.375831  1.12551  
1.4121  2.77394  7.06651  6.90385  6.14873  7.13731  5.14931  0.000325003  
1.01702  0.0332714  7.06651  6.90385  6.14873  7.13731  5.83752  1.40892  
1.41212  1.85807  7.06651  6.90385  6.14873  7.13731  0.0253137  4.79702  
5.1056  0.00101701  7.06651  6.90385  6.14873  7.13731  0.109948  5.32245  
9.25123e-09  1.23697  7.06651  6.90385  6.14873  7.13731  0.435724  1.33495  
0.00408955  1.02785  7.06651  6.90385  6.14873  7.13731  0.921349  2.73293  
1.01756  0.00418231  7.06651  6.90385  6.14873  7.13731  1.61737e-06  5.49957  
0.0214834  1.02764  7.06651  6.90385  6.14873  7.13731  0.618591  1.82101  
1.01646  0.0475427  7.06651  6.90385  6.14873  7.13731  0.380731  4.77752  
0.0344767  1.02728  7.06651  6.90385  6.14873  7.13731  0.0501491  5.71435  
0.826442  2.06132  7.06651  6.90385  6.14873  7.13731  1.80681  5.86234  
5.1058  1.88399e-11  7.06651  6.90385  6.14873  7.13731  1.78743  3.23505  
0.0320887  2.2597  7.06651  6.90385  6.14873  7.13731  1.41569  3.05974  
0.828533  1.14455  7.06651  6.90385  6.14873  7.13731  1.94384  3.0831  
1.38093e-08  1.06066  7.06651  6.90385  6.14873  7.13731  1.01757  0  
1.3565  2.18754  7.06651  6.90385  6.14873  7.13731  1.09358  2.91658  
1.01745  0.015602  7.06651  6.90385  6.14873  7.13731  1.33972  3.54469  
1.01752  0.010225  7.06651  6.90385  6.14873  7.13731  4.81641  1.5565  
1.35676  1.80935  7.06651  6.90385  6.14873  7.13731  4.84458  2.65504e-05  
1.4126  2.46348e-14  7.06651  6.90385  6.14873  7.13731  0.472421  1.44737  
8.4172e-09  1.74589  7.06651  6.90385  6.14873  7.13731  5.06434  0.0242258  
0.000156428  1.0602  7.06651  6.90385  6.14873  7.13731  0.810622  2.43266  
5.14818  1.53249e-05  7.21142  7.16543  6.14845  2.01105  4.54423  2.45241e-06  
1.0768  0  7.21142  7.16543  6.14845  2.01105  4.14089  0.624388  
1.21381  0  7.21142  7.16543  6.14845  2.01105  5.34537  1.30042e-07  
6.19091e-17  1.01105  7.21142  7.16543  6.14845  2.01105  0.00128252  4.91805  
5.14818  1.53249e-05  7.21142  7.16543  6.14845  2.01105  4.68389  0.385988  
1.09811  0  7.21142  7.16543  6.14845  2.01105  0.0173731  4.88796  
1.23681  0  7.21142  7.16543  6.14845  2.01105  0.00166861  4.75624  
0.0528476  1.00967  7.21142  7.16543  6.14845  2.01105  0.943283  5.80383  
0.586373  0.827535  7.21142  7.16543  6.14845  2.01105  0.562388  1.71235  
0.0117977  1.01098  7.21142  7.16543  6.14845  2.01105  4.13351  0.0856992  
0.0167744  1.01091  7.21142  7.16543  6.14845  2.01105  0.000129511  5.19719  
0.00450059  1.01104  7.21142  7.16543  6.14845  2.01105  0.508567  1.55802  
1.01168  0  7.21142  7.16543  6.14845  2.01105  4.3006  0.00472233  
1.00819  0.0839704  7.21142  7.16543  6.14845  2.01105  0.0488988  5.41013  
1.01143  0.0222721  7.21142  7.16543  6.14845  2.01105  3.67107  0.909066  
0.0538061  1.00962  7.21142  7.16543  6.14845  2.01105  5.39422  0.227943  
1.01163  0.0103878  7.21142  7.16543  6.14845  2.01105  3.85028  0.000263145  
1.0113  0.0275657  7.21142  7.16543  6.14845  2.01105  0.012591  4.841  
1.01125  0.0293203  7.21142  7.16543  6.14845  2.01105  5.5436  0.114934  
0.00272892  1.01105  7.21142  7.16543  6.14845  2.01105  4.52728  0.00917695  
1.00926  0.0698642  7.21142  7.16543  6.14845  2.01105  0.666571  1.99593  
1.01165  0.00810064  7.21142  7.16543  6.14845  2.01105  4.97767  2.44432e-05  
0.0392839  1.01029  7.21142  7.16543  6.14845  2.01105  4.16695  2.04621e-05  
0.00754406  1.01102  7.21142  7.16543  6.14845  2.01105  0.689044  2.10409  
1.01166  0.00689058  7.21142  7.16543  6.14845  2.01105  6.14092  0.120299  
1.01034  0.0521131  7.21142  7.16543  6.14845  2.01105  1.36328  2.66009  
1.0111  0.0343243  7.21142  7.16543  6.14845  2.01105  1.79215  2.78607  
1.01076  0.0430516  7.21142  7.16543  6.14845  2.01105  0.363134  1.11255  
1.0115  0.0192157  7.21142  7.16543  6.14845  2.01105  0.393181  5.15559  
0.0678537  1.00896  7.21142  7.16543  6.14845  2.01105  0.0163633  4.711  
1.01166  0.00613931  7.21142  7.16543  6.14845  2.01105  0.00942163  4.57304  
1.01109  0.0344013  7.21142  7.16543  6.14845  2.01105  4.87069  2.39179e-05  
1.00973  0.062837  7.21142  7.16543  6.14845  2.01105  0.0157268  4.17271  
0.014216  1.01095  7.21142  7.16543  6.14845  2.01105  0.160978  5.36762  
1.0098  0.0616378  7.21142  7.16543  6.14845  2.01105  5.64397  0.150855  
1.01079  0.0423278  7.21142  7.16543  6.14845  2.01105  0.446725  1.36856  
1.01167  0.00458426  7.21142  7.16543  6.14845  2.01105  0.0352737  5.28694  
1.01087  0.0403531  7.21142  7.16543  6.14845  2.01105  0.372626  1.11576  
1.0113  0.0278772  7.21142  7.16543  6.14845  2.01105  4.05788  0.53257  
1.01168  0.00183435  7.21142  7.16543  6.14845  2.01105  0.370027  1.12993  
0.0244651  1.01076  7.21142  7.16543  6.14845  2.01105  4.32001  1.75689  
1.01124  0.0298062  7.21142  7.16543  6.14845  2.01105  0.906309  2.77652  
0.992129  0.215507  7.21142  7.16543  6.14845  2.01105  0.309999  3.99314  
6.19091e-17  1.01105  7.21142  7.16543  6.14845  2.01105  0.838164  2.50463  
0.13373  1.00217  7.21142  7.16543  6.14845  2.01105  0.0012922  4.49714  
0.178457  1.00175  7.21142  7.16543  6.14845  2.01105  0.657042  1.96765  
1.01158  0.014364  7.21142  7.16543  6.14845  2.01105  0.944787  2.82863  
0.87863  0.538994  7.21142  7.16543  6.14845  2.01105  0.899051  2.66823  
1.00983  0.0611311  7.21142  7.16543  6.14845  2.01105  0.669556  2.01895  
0.0681072  1.00894  7.21142  7.16543  6.14845  2.01105  1.20619  2.95689  
1.01134  0.0262058  7.21142  7.16543  6.14845  2.01105  0.301864  5.6867  
1.01159  0.0132415  7.21142  7.16543  6.14845  2.01105  6.21142  0.0946393  
1.01135  0.0258452  7.21142  7.16543  6.14845  2.01105  3.79799  0.937623  
1.00989  0.0601204  7.21142  7.16543  6.14845  2.01105  3.48602  0  
1.01127  0.0289173  7.21142  7.16543  6.14845  2.01105  4.75896  0.178248  
0.0367633  1.01038  7.21142  7.16543  6.14845  2.01105  0.000468377  4.21758  
1.01111  0.0339887  7.21142  7.16543  6.14845  2.01105  4.84092  0.0268688  
1.01085  0.0408397  7.21142  7.16543  6.14845  2.01105  0.628515  1.79937  
1.00263  0.13505  7.21142  7.16543  6.14845  2.01105  0.00138422  4.22928  
1.00781  0.0884488  7.21142  7.16543  6.14845  2.01105  0.586373  0.827535  
1.01127  0.0286105  7.21142  7.16543  6.14845  2.01105  0.959086  2.68905  
1.0115  0.0193047  7.21142  7.16543  6.14845  2.01105  0.00148824  3.78048  
5.14845  0  7.21142  7.16543  6.14845  2.01105  0.0123925  3.81395  
1.01075  0.0432644  7.21142  7.16543  6.14845  2.01105  0.556606  1.66688  
1.01167  0.0031799  7.21142  7.16543  6.14845  2.01105  0.619339  1.87437  
0.290052  0.968746  7.21142  7.16543  6.14845  2.01105  0.00322106  5.08583  
1.01167  0.00496641  7.21142  7.16543  6.14845  2.01105  0.516756  1.56098  
1.00884  0.075718  7.21142  7.16543  6.14845  2.01105  6.09327  1.12461  
0.0020398  1.01105  7.21142  7.16543  6.14845  2.01105  0.0106164  5.71911  
1.00744  0.0924756  7.21142  7.16543  6.14845  2.01105  5.20645  0.0136216  
1.01167  0.00543555  7.21142  7.16543  6.14845  2.01105  0.815316  5.03695  
1.01098  0.0376323  7.21142  7.16543  6.14845  2.01105  0.47984  1.43661  
1.00534  0.113122  7.21142  7.16543  6.14845  2.01105  4.39619  1.91318  
1.01052  0.0484535  7.21142  7.16543  6.14845  2.01105  4.87557  0.956996  
1.01067  0.0452259  7.21142  7.16543  6.14845  2.01105  0.00139668  3.98112  
1.00307  0.131722  7.21142  7.16543  6.14845  2.01105  6.19091e-17  1.01105  
0.984453  0.230469  7.21142  7.16543  6.14845  2.01105  5.20615  0.846183  
0.951665  0.471986  7.21142  7.16543  6.14845  2.01105  0.372197  1.11463  
1.01135  0.02598  7.21142  7.16543  6.14845  2.01105  0.0374685  4.14548  
1.01161  0.0121763  7.21142  7.16543  6.14845  2.01105  4.59469  0.151375  
1.01154  0.0171024  7.21142  7.16543  6.14845  2.01105  0.779265  2.38746  
1.01124  0.0296964  7.21142  7.16543  6.14845  2.01105  0.77118  4.76428  
1.01162  0.0106676  7.21142  7.16543  6.14845  2.01105  0.0112655  4.33139  
1.01164  0.00841241  7.21142  7.16543  6.14845  2.01105  0.41869  1.28276  
0.0451897  1.01004  7.21142  7.16543  6.14845  2.01105  0.0811046  4.63722  
0.0957513  1.00579  7.21142  7.16543  6.14845  2.01105  1.03798  5.7273  
1.01099  0.0374333  7.21142  7.16543  6.14845  2.01105  5.77294  1.21776  
1.01121  0.0308289  7.21142  7.16543  6.14845  2.01105  0.00619785  4.87933  
1.01168  0.00231189  7.21142  7.16543  6.14845  2.01105  1.14266  3.32073  
1.01158  0.0141657  7.21142  7.16543  6.14845  2.01105  5.78001  0.175102  
1.01117  0.0320163  7.21142  7.16543  6.14845  2.01105  0.640878  1.91925  
0.222543  1.00167  7.21142  7.16543  6.14845  2.01105  0.00132265  5.07191  
0.00526194  1.01104  7.21142  7.16543  6.14845  2.01105  1.01168  0  
1.01139  0.0240835  7.21142  7.16543  6.14845  2.01105  4.64168  0.61454  
1.01161  0.0116564  7.21142  7.16543  6.14845  2.01105  0.116348  4.97354  
1.01167  0.0038986  7.21142  7.16543  6.14845  2.01105  0.0130445  6.16543  
1.01164  0.00862639  7.21142  7.16543  6.14845  2.01105  0.864765  2.64941  
1.01136  0.0254965  7.21142  7.16543  6.14845  2.01105  0.736972  2.26033  
0.0515661  1.00974  7.21142  7.16543  6.14845  2.01105  4.08489  1.5124  
0.0385996  1.01031  7.21142  7.16543  6.14845  2.01105  0.58132  1.78101  
3.56704  6.78899e-09  5.33295  4.75907  6.4729  2.75273  0.0392206  3.35059  
4.37781  1.49585e-05  5.33295  4.75907  6.4729  2.75273  2.07753e-16  3.39287  
3.41647  0  5.33295  4.75907  6.4729  2.75273  3.59365  0.225739  
6.18789e-17  1.01056  5.33295  4.75907  6.4729  2.75273  3.29396  0.80498  
4.37781  1.49585e-05  5.33295  4.75907  6.4729  2.75273  4.00628  0  
1.00991  0  5.33295  4.75907  6.4729  2.75273  3.66138  0.00691069  
0.12647  1.00261  5.33295  4.75907  6.4729  2.75273  3.63226  0.437959  
6.18789e-17  1.01056  5.33295  4.75907  6.4729  2.75273  0.0247072  3.29388  
0.586373  0.827535  5.33295  4.75907  6.4729  2.75273  3.50699  0.794042  
1.09382  0  5.33295  4.75907  6.4729  2.75273  3.64134  0  
3.42681  6.5221e-09  5.33295  4.75907  6.4729  2.75273  0.459637  3.2968  
6.18789e-17  1.01056  5.33295  4.75907  6.4729  2.75273  0.370332  1.1346  
1.01168  0  5.33295  4.75907  6.4729  2.75273  3.05926  1.58432  
1.00915  0  5.33295  4.75907  6.4729  2.75273  0.00889085  2.97892  
1.18826  0  5.33295  4.75907  6.4729  2.75273  0.543803  1.62854  
1.01079  0  5.33295  4.75907  6.4729  2.75273  0.422349  1.26484  
5.247  8.83046e-10  5.33295  4.75907  6.4729  2.75273  0.154979  2.44691  
4.6167  7.76969e-10  5.33295  4.75907  6.4729  2.75273  4.06572  1.37467e-09  
1.05197  0  5.33295  4.75907  6.4729  2.75273  0.648141  1.9796  
1.01079  0  5.33295  4.75907  6.4729  2.75273  0.0276563  3.68705  
1.14087  0  5.33295  4.75907  6.4729  2.75273  2.0832e-16  3.40212  
3.07356  0  5.33295  4.75907  6.4729  2.75273  2.30177e-16  3.75907  
3.85446  0  5.33295  4.75907  6.4729  2.75273  2.14085  0.852841  
0.00651502  1.01023  5.33295  4.75907  6.4729  2.75273  3.91794  3.38548e-07  
5.24658  8.82974e-10  5.33295  4.75907  6.4729  2.75273  2.60724  0.994187  
1.14683  0  5.33295  4.75907  6.4729  2.75273  0.0428094  3.06247  
4.10486  0  5.33295  4.75907  6.4729  2.75273  3.91839  0  
3.63592  0  5.33295  4.75907  6.4729  2.75273  0.36282  1.11159  
4.56168  7.67709e-10  5.33295  4.75907  6.4729  2.75273  2.23599e-16  3.65165  
2.99647  0  5.33295  4.75907  6.4729  2.75273  0.750438  1.05908  
4.81332  1.49216e-09  5.33295  4.75907  6.4729  2.75273  1.96573e-16  3.21028  
1.01103  0  5.33295  4.75907  6.4729  2.75273  0.424834  1.27228  
3.26521  3.81093e-15  5.33295  4.75907  6.4729  2.75273  1.99963e-16  3.26565  
1.05552  0  5.33295  4.75907  6.4729  2.75273  0.420541  1.2594  
6.18789e-17  1.01056  5.33295  4.75907  6.4729  2.75273  3.29116  0.000718127  
0.586373  0.827535  5.33295  4.75907  6.4729  2.75273  0.097001  3.15524  
4.77749  1.48105e-09  5.33295  4.75907  6.4729  2.75273  3.67482  9.12733e-11  
3.82267  0  5.33295  4.75907  6.4729  2.75273  0.3715  1.1124  
4.88637  0  5.33295  4.75907  6.4729  2.75273  0.415043  1.27158  
4.28885  0  5.33295  4.75907  6.4729  2.75273  0.364447  1.11312  
0.0277366  1.00858  5.33295  4.75907  6.4729  2.75273  3.66387  5.50148e-05  
1.00372  0.121593  5.33295  4.75907  6.4729  2.75273  3.07386  0.00840257  
0.990921  0.203889  5.33295  4.75907  6.4729  2.75273  4.08189  3.99237e-06  
4.37762  0  5.33295  4.75907  6.4729  2.75273  3.73164  0.00166778  
0.13373  1.00217  5.33295  4.75907  6.4729  2.75273  2.94133  0.903596  
0.174234  0.995426  5.33295  4.75907  6.4729  2.75273  3.55841  0.123447  
0.0833479  1.00712  5.33295  4.75907  6.4729  2.75273  0.412772  1.26463  
0.87863  0.538994  5.33295  4.75907  6.4729  2.75273  3.82586  4.24392e-07  
2.70524  0  5.33295  4.75907  6.4729  2.75273  3.31446  2.593e-09  
0.0701298  1.00812  5.33295  4.75907  6.4729  2.75273  3.77836  1.09818e-09  
0.00412518  1.01055  5.33295  4.75907  6.4729  2.75273  3.64006  0.0928778  
3.36703  7.27686e-16  5.33295  4.75907  6.4729  2.75273  3.48526  2.72662e-09  
4.77477  0  5.33295  4.75907  6.4729  2.75273  0.577139  1.7682  
3.62789  0  5.33295  4.75907  6.4729  2.75273  3.53016  0  
4.37762  0  5.33295  4.75907  6.4729  2.75273  4.27176  0.0105097  
0.00144123  1.01056  5.33295  4.75907  6.4729  2.75273  3.58735  0.0953231  
4.39625  0  5.33295  4.75907  6.4729  2.75273  3.84117  0  
4.62389  0  5.33295  4.75907  6.4729  2.75273  2.44727  0.000699842  
1.00263  0.13505  5.33295  4.75907  6.4729  2.75273  0.461937  2.85372  
1.00687  0.0677597  5.33295  4.75907  6.4729  2.75273  0.585248  0.825948  
1.00859  0  5.33295  4.75907  6.4729  2.75273  3.96398  3.42526e-07  
3.46797  0  5.33295  4.75907  6.4729  2.75273  0.74896  1.05699  
0.00395942  1.01055  5.33295  4.75907  6.4729  2.75273  3.31524  1.00318  
1.00766  0.0432274  5.33295  4.75907  6.4729  2.75273  3.38544  1.67441e-10  
0.114539  1.00405  5.33295  4.75907  6.4729  2.75273  4.03911  0  
0.290052  0.968746  5.33295  4.75907  6.4729  2.75273  2.59772  0.469257  
1.00731  0.0604566  5.33295  4.75907  6.4729  2.75273  3.43476  0.839389  
4.0939  0  5.33295  4.75907  6.4729  2.75273  2.57135  0.00656061  
1.00882  0  5.33295  4.75907  6.4729  2.75273  0.109056  3.54738  
0.585248  0.825948  5.33295  4.75907  6.4729  2.75273  1.70852e-16  2.79023  
0.0828804  1.00775  5.33295  4.75907  6.4729  2.75273  0.971938  1.37168  
0.97427  0.263022  5.33295  4.75907  6.4729  2.75273  3.46157  0.694714  
1.00507  0.0869267  5.33295  4.75907  6.4729  2.75273  3.47958  2.72218e-09  
4.59479  0  5.33295  4.75907  6.4729  2.75273  1.58909e-16  2.59519  
0.00191088  1.01056  5.33295  4.75907  6.4729  2.75273  1.89942e-16  3.10199  
1.00307  0.131722  5.33295  4.75907  6.4729  2.75273  6.18789e-17  1.01056  
0.984453  0.230469  5.33295  4.75907  6.4729  2.75273  0.541629  1.65941  
0.944848  0.453576  5.33295  4.75907  6.4729  2.75273  0.370765  1.11034  
1.00751  0.0513499  5.33295  4.75907  6.4729  2.75273  3.79896  0.00902715  
0.116224  1.00385  5.33295  4.75907  6.4729  2.75273  0.41351  1.26689  
0.585248  0.825948  5.33295  4.75907  6.4729  2.75273  3.77071  0.971952  
1.00825  0.0263635  5.33295  4.75907  6.4729  2.75273  0.141026  2.66489  
5.4729  0  5.33295  4.75907  6.4729  2.75273  4.14507  3.2428e-09  
0.960441  0.320184  5.33295  4.75907  6.4729  2.75273  0.41288  1.26496  
3.26433  1.08443e-08  5.33295  4.75907  6.4729  2.75273  1.9e-16  3.10294  
0.0957513  1.00579  5.33295  4.75907  6.4729  2.75273  3.10311  6.95591e-13  
0.0696194  1.00816  5.33295  4.75907  6.4729  2.75273  3.00432  0  
0.171554  0.995892  5.33295  4.75907  6.4729  2.75273  3.64746  0.0576003  
0.987041  0.2172  5.33295  4.75907  6.4729  2.75273  0.120892  3.02632  
0.00563524  1.01054  5.33295  4.75907  6.4729  2.75273  4.24093  9.50644e-13  
1.00487  0.0928513  5.33295  4.75907  6.4729  2.75273  4.19721  7.41909e-11  
1.0079  0.0374156  5.33295  4.75907  6.4729  2.75273  3.42359  5.55843e-12  
0.00449895  1.01055  5.33295  4.75907  6.4729  2.75273  1.00859  0  
1.00396  0.101979  5.33295  4.75907  6.4729  2.75273  3.31562  0.0175916  
0.0730726  1.00791  5.33295  4.75907  6.4729  2.75273  3.79166  0.131539  
1.00417  0.100118  5.33295  4.75907  6.4729  2.75273  3.70148  1.47211e-11  
4.37784  0  5.33295  4.75907  6.4729  2.75273  3.80537  5.08232e-10  
1.0069  0.0621417  5.33295  4.75907  6.4729  2.75273  0.0242057  3.22702  
1.00856  0.00828037  5.33295  4.75907  6.4729  2.75273  4.33295  0.0953801  
0.074807  1.00779  5.33295  4.75907  6.4729  2.75273  3.63281  0.733685  
3.56704  6.78899e-09  3.52621  3.12908  5.37784  2.0062  1.69854  1.17341  
4.37781  1.49585e-05  3.52621  3.12908  5.37784  2.0062  0.412585  1.26015  
3.41647  0  3.52621  3.12908  5.37784  2.0062  2.0778  0.0049934  
6.16123e-17  1.0062  3.52621  3.12908  5.37784  2.0062  1.31506  0.798363  
4.37781  1.49585e-05  3.52621  3.12908  5.37784  2.0062  2.01182  0.0211988  
1.00991  0  3.52621  3.12908  5.37784  2.0062  0.0170604  1.71498  
0.125661  1.00033  3.52621  3.12908  5.37784  2.0062  0.462088  1.41575  
2.72216  0  3.52621  3.12908  5.37784  2.0062  2.15835  0.591687  
1.14152  0  3.52621  3.12908  5.37784  2.0062  0.316474  0.966597  
0.763357  0.666894  3.52621  3.12908  5.37784  2.0062  1.85178  0.00445023  
0.99622  0.15244  3.52621  3.12908  5.37784  2.0062  1.83375  0.111816  
0.854281  0.545588  3.52621  3.12908  5.37784  2.0062  0.364043  1.11533  
1.88733  0  3.52621  3.12908  5.37784  2.0062  1.25855e-16  2.05537  
0.0904697  1.00285  3.52621  3.12908  5.37784  2.0062  1.95637  0  
0.792086  0.632504  3.52621  3.12908  5.37784  2.0062  1.76983  1.22076  
1.61989  0  3.52621  3.12908  5.37784  2.0062  2.52621  0  
0.841837  0.553461  3.52621  3.12908  5.37784  2.0062  1.13907e-16  1.86025  
1.00591  0.0282814  3.52621  3.12908  5.37784  2.0062  1.46609  0  
2.14751  0  3.52621  3.12908  5.37784  2.0062  0.00564225  1.55055  
1.49998  0  3.52621  3.12908  5.37784  2.0062  2.11796  1.12634  
0.861746  0.521922  3.52621  3.12908  5.37784  2.0062  2.12783  0.548567  
0.95195  0.330913  3.52621  3.12908  5.37784  2.0062  1.90288  0.907277  
0.961387  0.312671  3.52621  3.12908  5.37784  2.0062  2.37333  0.250094  
1.00385  0.07024  3.52621  3.12908  5.37784  2.0062  1.51719  0.601373  
0.836921  0.560866  3.52621  3.12908  5.37784  2.0062  1.88887  0.85677  
1.12303  0  3.52621  3.12908  5.37784  2.0062  0.00026508  1.50525  
0.828673  0.572983  3.52621  3.12908  5.37784  2.0062  0.410194  1.25659  
3.63592  0  3.52621  3.12908  5.37784  2.0062  0.362268  1.10977  
1.00633  0  3.52621  3.12908  5.37784  2.0062  1.74554  0  
0.584183  0.824445  3.52621  3.12908  5.37784  2.0062  0.748666  1.05658  
0.821002  0.5859  3.52621  3.12908  5.37784  2.0062  1.67224  1.12919  
0.839479  0.559104  3.52621  3.12908  5.37784  2.0062  9.43692e-17  1.54117  
1.59552  0  3.52621  3.12908  5.37784  2.0062  1.75467  0  
1.00079  0.117886  3.52621  3.12908  5.37784  2.0062  0.420217  1.25842  
0.772777  0.648181  3.52621  3.12908  5.37784  2.0062  9.7819e-17  1.59751  
0.856231  0.539721  3.52621  3.12908  5.37784  2.0062  0.439354  1.34191  
0.839993  0.556255  3.52621  3.12908  5.37784  2.0062  1.34116  1.09239  
0.79066  0.634286  3.52621  3.12908  5.37784  2.0062  0.369742  1.10729  
0.316474  0.966597  3.52621  3.12908  5.37784  2.0062  0.411189  1.25978  
0.996464  0.151597  3.52621  3.12908  5.37784  2.0062  0.362632  1.10758  
1.48962  0  3.52621  3.12908  5.37784  2.0062  1.78101  0.291537  
1.00766  0  3.52621  3.12908  5.37784  2.0062  1.3168  1.04086  
0.987729  0.199658  3.52621  3.12908  5.37784  2.0062  1.1621  0.951536  
0.995347  0.157342  3.52621  3.12908  5.37784  2.0062  2.07923  0.185531  
0.829327  0.572037  3.52621  3.12908  5.37784  2.0062  1.87061  2.56165e-05  
0.0532388  1.0048  3.52621  3.12908  5.37784  2.0062  0.433679  1.32867  
0.825592  0.577413  3.52621  3.12908  5.37784  2.0062  8.91384e-17  1.45574  
0.87381  0.513729  3.52621  3.12908  5.37784  2.0062  1.88479  1.24302  
0.98739  0.203407  3.52621  3.12908  5.37784  2.0062  2.40225  0  
0.786038  0.640004  3.52621  3.12908  5.37784  2.0062  1.83559  1.12484  
0.736285  0.716811  3.52621  3.12908  5.37784  2.0062  0.749803  1.05818  
0.825322  0.577799  3.52621  3.12908  5.37784  2.0062  2.3998  0.135152  
0.980186  0.235985  3.52621  3.12908  5.37784  2.0062  1.2752  0.778667  
0.792774  0.621705  3.52621  3.12908  5.37784  2.0062  0.921896  1.30105  
0.238764  0.979824  3.52621  3.12908  5.37784  2.0062  0.829327  0.572037  
0.975986  0.255899  3.52621  3.12908  5.37784  2.0062  0.00396772  2.01263  
0.818902  0.586863  3.52621  3.12908  5.37784  2.0062  1.69909  1.07176  
0.0395522  1.00543  3.52621  3.12908  5.37784  2.0062  1.0014e-16  1.63542  
1.0012  0.11552  3.52621  3.12908  5.37784  2.0062  2.22094  0.0245816  
0.961638  0.309093  3.52621  3.12908  5.37784  2.0062  0.584183  0.824445  
0.942466  0.35713  3.52621  3.12908  5.37784  2.0062  1.69018  0.766505  
1.00153  0.0979751  3.52621  3.12908  5.37784  2.0062  0.746535  1.05357  
0.214857  0.986985  3.52621  3.12908  5.37784  2.0062  0.329208  2.0104  
1.00614  0.0193912  3.52621  3.12908  5.37784  2.0062  1.60808  2.20213e-05  
0.103403  1.00088  3.52621  3.12908  5.37784  2.0062  1.34467  0.601557  
0.290052  0.968746  3.52621  3.12908  5.37784  2.0062  1.69331  0  
1.00626  0.00975692  3.52621  3.12908  5.37784  2.0062  2.01677  0  
0.137923  0.999931  3.52621  3.12908  5.37784  2.0062  2.1644  0  
1.00631  0  3.52621  3.12908  5.37784  2.0062  1.60007  0.855933  
0.809973  0.599126  3.52621  3.12908  5.37784  2.0062  1.40912  0.70761  
0.812429  0.595792  3.52621  3.12908  5.37784  2.0062  1.25618  0.842317  
0.97427  0.263022  3.52621  3.12908  5.37784  2.0062  0.97818  1.38048  
0.0577524  1.00455  3.52621  3.12908  5.37784  2.0062  1.5372  0.00843679  
0.980462  0.232638  3.52621  3.12908  5.37784  2.0062  1.6101  0.018575  
0.073685  1.00422  3.52621  3.12908  5.37784  2.0062  0.930173  1.31273  
1.00305  0.0967744  3.52621  3.12908  5.37784  2.0062  6.16123e-17  1.0062  
0.981824  0.226565  3.52621  3.12908  5.37784  2.0062  2.11036  0.0169344  
0.938414  0.370348  3.52621  3.12908  5.37784  2.0062  0.36987  1.10748  
0.815489  0.591596  3.52621  3.12908  5.37784  2.0062  2.1533  0  
0.944875  0.349954  3.52621  3.12908  5.37784  2.0062  0.410392  1.25733  
0.00772323  1.00617  3.52621  3.12908  5.37784  2.0062  1.79445  0.00431245  
0.76681  0.662921  3.52621  3.12908  5.37784  2.0062  1.30369e-16  2.12908  
0.937267  0.396202  3.52621  3.12908  5.37784  2.0062  0.278345  1.46147  
0.960441  0.320184  3.52621  3.12908  5.37784  2.0062  0.409415  1.25434  
0.847407  0.547014  3.52621  3.12908  5.37784  2.0062  1.93367  0.766455  
0.848115  0.545916  3.52621  3.12908  5.37784  2.0062  9.6522e-17  1.57632  
0.82605  0.576758  3.52621  3.12908  5.37784  2.0062  2.07635  0  
0.169236  0.99469  3.52621  3.12908  5.37784  2.0062  0.145992  2.05782  
0.987041  0.2172  3.52621  3.12908  5.37784  2.0062  2.09666  1.35499  
0.834885  0.565942  3.52621  3.12908  5.37784  2.0062  1.78133  0.982359  
0.0150851  1.00609  3.52621  3.12908  5.37784  2.0062  1.78462  1.07589  
0.83171  0.570598  3.52621  3.12908  5.37784  2.0062  1.88088  1.03989  
0.155121  0.998467  3.52621  3.12908  5.37784  2.0062  1.00631  0  
0.823533  0.580346  3.52621  3.12908  5.37784  2.0062  1.95074  0.845913  
0.819168  0.586491  3.52621  3.12908  5.37784  2.0062  9.61596e-17  1.57041  
1.00332  0.0939448  3.52621  3.12908  5.37784  2.0062  0.50206  1.54004  
4.37784  0  3.52621  3.12908  5.37784  2.0062  1.26967e-16  2.07353  
0.812046  0.59825  3.52621  3.12908  5.37784  2.0062  0.42181  1.92291  
1.0046  0.0586215  3.52621  3.12908  5.37784  2.0062  0.898084  1.26745  
0.763061  0.687192  3.52621  3.12908  5.37784  2.0062  2.17526  0.0417422  
7.16711e-13  1.00171  2.00198  2.00171  2.00198  2.00171  0.893553  0.452835  
0.967019  0.261521  2.00198  2.00171  2.00198  2.00171  0.139614  0.99188  
0.837633  0.549454  2.00198  2.00171  2.00198  2.00171  0.996245  0.10427  
0.743471  0.671394  2.00198  2.00171  2.00198  2.00171  0.913174  0.411969  
0.12468  0.993761  2.00198  2.00171  2.00198  2.00171  0.949824  0.318312  
0.789753  0.61596  2.00198  2.00171  2.00198  2.00171  0.919463  0.397519  
0.104747  0.996016  2.00198  2.00171  2.00198  2.00171  0.2656  0.965907  
0.956925  0.296117  2.00198  2.00171  2.00198  2.00171  0.824075  0.569538  
0.991158  0.144696  2.00198  2.00171  2.00198  2.00171  0.970297  0.249054  
0.999794  0.0599858  2.00198  2.00171  2.00198  2.00171  0.940319  0.34548  
0.984807  0.183669  2.00198  2.00171  2.00198  2.00171  0.224322  0.976154  
0.84937  0.531016  2.00198  2.00171  2.00198  2.00171  0.877815  0.482676  
0.0911982  0.997437  2.00198  2.00171  2.00198  2.00171  0.811954  0.586482  
0.714514  0.701913  2.00198  2.00171  2.00198  2.00171  0.772995  0.637421  
1.0011  0.0365625  2.00198  2.00171  2.00198  2.00171  0.761577  0.650549  
0.774936  0.634985  2.00198  2.00171  2.00198  2.00171  0.989484  0.156679  
0.215546  0.97813  2.00198  2.00171  2.00198  2.00171  0.757776  0.655441  
0.881964  0.475144  2.00198  2.00171  2.00198  2.00171  0.205673  0.980286  
0.167132  0.987588  2.00198  2.00171  2.00198  2.00171  0.93286  0.365265  
0.842282  0.542356  2.00198  2.00171  2.00198  2.00171  0.25571  0.968621  
0.205673  0.980286  2.00198  2.00171  2.00198  2.00171  0.308518  0.953161  
0.946665  0.327749  2.00198  2.00171  2.00198  2.00171  0.973309  0.236952  
0.799617  0.60329  2.00198  2.00171  2.00198  2.00171  0.86849  0.49934  
0.72369  0.693182  2.00198  2.00171  2.00198  2.00171  0.177561  0.985944  
0.75509  0.658844  2.00198  2.00171  2.00198  2.00171  0.789753  0.61596  
0.224322  0.976154  2.00198  2.00171  2.00198  2.00171  0.104747  0.996016  
0.766454  0.645164  2.00198  2.00171  2.00198  2.00171  0.855222  0.521632  
0.846111  0.536666  2.00198  2.00171  2.00198  2.00171  0.976009  0.225633  
0.824075  0.569538  2.00198  2.00171  2.00198  2.00171  0.783773  0.62355  
0.582316  0.82181  2.00198  2.00171  2.00198  2.00171  0.937107  0.3539  
0.960401  0.284571  2.00198  2.00171  2.00198  2.00171  0.777176  0.632111  
0.827341  0.564739  2.00198  2.00171  2.00198  2.00171  0.83326  0.556107  
0.154969  0.989737  2.00198  2.00171  2.00198  2.00171  0.922949  0.389395  
0.194892  0.982514  2.00198  2.00171  2.00198  2.00171  0.793869  0.610991  
0.720345  0.696173  2.00198  2.00171  2.00198  2.00171  0.0862472  0.998019  
0.964114  0.271387  2.00198  2.00171  2.00198  2.00171  0.904547  0.430013  
0.982187  0.196165  2.00198  2.00171  2.00198  2.00171  0.194892  0.982514  
0.905924  0.427243  2.00198  2.00171  2.00198  2.00171  0.993856  0.125281  
0.308518  0.953161  2.00198  2.00171  2.00198  2.00171  0.956925  0.296117  
0.295596  0.957179  2.00198  2.00171  2.00198  2.00171  0.167132  0.987588  
0.806152  0.594723  2.00198  2.00171  2.00198  2.00171  0.997934  0.0862549  
0.863323  0.507851  2.00198  2.00171  2.00198  2.00171  0.850661  0.528983  
0.98621  0.175036  2.00198  2.00171  2.00198  2.00171  0.287544  0.959629  
0.970297  0.249054  2.00198  2.00171  2.00198  2.00171  0.860266  0.513384  
0.738919  0.676147  2.00198  2.00171  2.00198  2.00171  0.735472  0.679978  
0.708827  0.708048  2.00198  2.00171  2.00198  2.00171  0.929707  0.372498  
0.733501  0.682305  2.00198  2.00171  2.00198  2.00171  0.295596  0.957179  
0.868304  0.499671  2.00198  2.00171  2.00198  2.00171  0.960401  0.284571  
0.977737  0.218476  2.00198  2.00171  2.00198  2.00171  0.721402  0.695084  
0.770096  0.640913  2.00198  2.00171  2.00198  2.00171  0.966464  0.263395  
0.909808  0.418915  2.00198  2.00171  2.00198  2.00171  0.0699847  0.999161  
0.885767  0.467994  2.00198  2.00171  2.00198  2.00171  0.842282  0.542356  
0.980031  0.207369  2.00198  2.00171  2.00198  2.00171  0.885767  0.467994  
0.873046  0.491337  2.00198  2.00171  2.00198  2.00171  0.830985  0.55936  
0.287544  0.959629  2.00198  2.00171  2.00198  2.00171  0.708827  0.708048  
0.973309  0.236952  2.00198  2.00171  2.00198  2.00171  0.89788  0.444288  
0.815901  0.581007  2.00198  2.00171  2.00198  2.00171  0.98395  0.187862  
0.76029  0.65213  2.00198  2.00171  2.00198  2.00171  0.881964  0.475144  
0.938745  0.349281  2.00198  2.00171  2.00198  2.00171  0.246291  0.971058  
0.794883  0.609668  2.00198  2.00171  2.00198  2.00171  0.582316  0.82181  
0.935086  0.359325  2.00198  2.00171  2.00198  2.00171  0.908814  0.421266  
0.925184  0.384239  2.00198  2.00171  2.00198  2.00171  0.947176  0.326284  
0.928515  0.376112  2.00198  2.00171  2.00198  2.00171  0.799617  0.60329  
0.995504  0.110687  2.00198  2.00171  2.00198  2.00171  0.0424424  1.00083  
0.83326  0.556107  2.00198  2.00171  2.00198  2.00171  0.888379  0.462626  
0.2656  0.965907  2.00198  2.00171  2.00198  2.00171  0.276609  0.962835  
0.783773  0.62355  2.00198  2.00171  2.00198  2.00171  0.806152  0.594723  
1.00198  0  2.00198  2.00171  2.00198  2.00171  0.991158  0.144696  
0.976009  0.225633  2.00198  2.00171  2.00198  2.00171  0.714514  0.701913  
0.0699847  0.999161  2.00198  2.00171  2.00198  2.00171  0.926456  0.380897  
0.9313  0.369146  2.00198  2.00171  2.00198  2.00171  0.739294  0.675737  
0.997088  0.0969994  2.00198  2.00171  2.00198  2.00171  0.978608  0.214276  
0.139614  0.99188  2.00198  2.00171  2.00198  2.00171  0.981041  0.201815  
0.780347  0.628165  2.00198  2.00171  2.00198  2.00171  0.98621  0.175036  
0.943117  0.337878  2.00198  2.00171  2.00198  2.00171  0.94328  0.337348  
0.953749  0.306377  2.00198  2.00171  2.00198  2.00171  7.16711e-13  1.00171  
0.235797  0.973707  2.00198  2.00171  2.00198  2.00171  0.902632  0.434224  
0.246291  0.971058  2.00198  2.00171  2.00198  2.00171  0.916362  0.404443  
0.988805  0.160086  2.00198  2.00171  2.00198  2.00171  0.23903  0.972983  
0.950434  0.316533  2.00198  2.00171  2.00198  2.00171  0.837633  0.549454  
0.748049  0.666033  2.00198  2.00171  2.00198  2.00171  0.751068  0.662888  
0.89788  0.444288  2.00198  2.00171  2.00198  2.00171  0.731678  0.684276  
0.276609  0.962835  2.00198  2.00171  2.00198  2.00171  0.12468  0.993761  
0.728587  0.687698  2.00198  2.00171  2.00198  2.00171  0.953749  0.306377  
0.182558  0.98489  2.00198  2.00171  2.00198  2.00171  0.215546  0.97813  
0.890138  0.459768  2.00198  2.00171  2.00198  2.00171  0.816739  0.580141  
0.902632  0.434224  2.00198  2.00171  2.00198  2.00171  0.726636  0.689802  
0.998696  0.0770388  2.00198  2.00171  2.00198  2.00171  0.846111  0.536666  
0.914103  0.409923  2.00198  2.00171  2.00198  2.00171  0.86384  0.506983  
0.853546  0.524406  2.00198  2.00171  2.00198  2.00171  0.964114  0.271387  
0.0489633  1.00053  2.00198  2.00171  2.00198  2.00171  0.873046  0.491337  
0.91812  0.400829  2.00198  2.00171  2.00198  2.00171  0.766454  0.645164  
0.25571  0.968621  2.00198  2.00171  2.00198  2.00171  1.00198  0  
0.877815  0.482676  2.00198  2.00171  2.00198  2.00171  0.999361  0.0689603  
0.811954  0.586482  2.00198  2.00171  2.00198  2.00171  0.748049  0.666033  
0.821292  0.573646  2.00198  2.00171  2.00198  2.00171  1.0011  0.0365625  
0.993356  0.129404  2.00198  2.00171  2.00198  2.00171  0.988073  0.165347  
0.857846  0.517341  2.00198  2.00171  2.00198  2.00171  0.743471  0.671394  
0.921136  0.393783  2.00198  2.00171  2.00198  2.00171  0.187037  0.983997  
0.894154  0.451424  2.00198  2.00171  2.00198  2.00171  0.154969  0.989737  
6.12324e-17  1  2  2  2  2  0.77062  0.637295  
0.967006  0.254755  2  2  2  2  0.135264  0.99081  
0.889832  0.456288  2  2  2  2  0.84883  0.528667  
0.741245  0.671235  2  2  2  2  0.910842  0.412757  
0.119397  0.992847  2  2  2  2  0.949528  0.313683  
0.789344  0.613951  2  2  2  2  0.918804  0.394715  
0.103213  0.994659  2  2  2  2  0.261651  0.965163  
0.955447  0.295163  2  2  2  2  0.817655  0.575709  
0.991745  0.128225  2  2  2  2  0.969836  0.243759  
0.831555  0.555443  2  2  2  2  0.940119  0.340847  
0.987486  0.157706  2  2  2  2  1  8.71967e-17  
0.251293  0.967911  2  2  2  2  0.877351  0.47985  
0.0856897  0.996322  2  2  2  2  0.95252  0.304476  
0.719122  0.694884  2  2  2  2  0.99879  0.049177  
0.84883  0.528667  2  2  2  2  0.761224  0.648489  
0.99879  0.049177  2  2  2  2  0.989672  0.143354  
0.218192  0.975906  2  2  2  2  0.993732  0.111793  
0.881412  0.472348  2  2  2  2  0.205781  0.978598  
0.150075  0.988675  2  2  2  2  0.929951  0.367685  
0.840397  0.541971  2  2  2  2  0.997289  0.073587  
0.205781  0.978598  2  2  2  2  0.308986  0.951067  
0.946479  0.322767  2  2  2  2  0.972607  0.232458  
0.77062  0.637295  2  2  2  2  0.822352  0.568979  
0.164743  0.986337  2  2  2  2  0.893967  0.448133  
0.751531  0.659699  2  2  2  2  0.789344  0.613951  
1  8.71967e-17  2  2  2  2  0.103213  0.994659  
0.76599  0.642853  2  2  2  2  0.852975  0.521952  
0.844668  0.535292  2  2  2  2  0.975315  0.220819  
0.817655  0.575709  2  2  2  2  0.784643  0.619948  
0.581932  0.821268  2  2  2  2  0.933375  0.358902  
0.865177  0.501468  2  2  2  2  0.78008  0.62568  
0.826979  0.562233  2  2  2  2  0.831555  0.555443  
0.808277  0.588802  2  2  2  2  0.922587  0.38579  
0.193018  0.981196  2  2  2  2  0.798809  0.601585  
0.997289  0.073587  2  2  2  2  0.0856897  0.996322  
0.964147  0.265371  2  2  2  2  0.906704  0.421769  
0.290744  0.956801  2  2  2  2  0.193018  0.981196  
0.906704  0.421769  2  2  2  2  0.995589  0.0938276  
0.308986  0.951067  2  2  2  2  0.955447  0.295163  
0.300004  0.953938  2  2  2  2  0.150075  0.988675  
0.803548  0.59524  2  2  2  2  0.980457  0.196733  
0.861074  0.50848  2  2  2  2  0.251293  0.967911  
0.985219  0.171303  2  2  2  2  0.281393  0.959593  
0.969836  0.243759  2  2  2  2  0.857077  0.515189  
0.735796  0.677204  2  2  2  2  0.812926  0.582367  
0.70715  0.707064  2  2  2  2  0.290744  0.956801  
0.730517  0.682894  2  2  2  2  0.300004  0.953938  
0.822352  0.568979  2  2  2  2  0.794078  0.607816  
0.943358  0.331776  2  2  2  2  0.936795  0.349878  
0.761224  0.648489  2  2  2  2  0.967006  0.254755  
0.179379  0.98378  2  2  2  2  0.0665121  0.997786  
0.88565  0.464354  2  2  2  2  0.840397  0.541971  
0.958335  0.285647  2  2  2  2  0.88565  0.464354  
0.87329  0.487202  2  2  2  2  0.756429  0.654077  
0.281393  0.959593  2  2  2  2  0.70715  0.707064  
0.972607  0.232458  2  2  2  2  0.898277  0.43943  
0.812926  0.582367  2  2  2  2  0.987486  0.157706  
0.756429  0.654077  2  2  2  2  0.881391  0.472388  
0.936795  0.349878  2  2  2  2  0.24064  0.970615  
0.798809  0.601585  2  2  2  2  0.581932  0.821268  
0.933375  0.358902  2  2  2  2  0.179379  0.98378  
0.922587  0.38579  2  2  2  2  0.946479  0.322767  
0.926345  0.376676  2  2  2  2  0.865177  0.501468  
0.995589  0.0938276  2  2  2  2  0.0431934  0.999067  
0.836032  0.548681  2  2  2  2  0.889832  0.456288  
0.261651  0.965163  2  2  2  2  0.271606  0.962409  
0.784643  0.619949  2  2  2  2  0.803548  0.59524  
0.961261  0.275639  2  2  2  2  0.991745  0.128225  
0.975315  0.220819  2  2  2  2  0.719122  0.694884  
0.0665121  0.997786  2  2  2  2  0.982877  0.184265  
0.929951  0.367685  2  2  2  2  0.735796  0.677204  
0.775376  0.6315  2  2  2  2  0.826979  0.562233  
0.135264  0.99081  2  2  2  2  0.958335  0.285647  
0.78008  0.62568  2  2  2  2  0.985219  0.171303  
0.940119  0.340847  2  2  2  2  0.943358  0.331776  
0.949528  0.313683  2  2  2  2  6.12324e-17  1  
0.229574  0.973292  2  2  2  2  0.902473  0.430747  
0.24064  0.970615  2  2  2  2  0.914874  0.403739  
0.989672  0.143354  2  2  2  2  0.229574  0.973292  
0.893967  0.448133  2  2  2  2  0.836032  0.548681  
0.746506  0.665379  2  2  2  2  0.751531  0.659699  
0.898277  0.43943  2  2  2  2  0.730517  0.682894  
0.271606  0.962409  2  2  2  2  0.119397  0.992847  
0.724822  0.688937  2  2  2  2  0.808277  0.588802  
0.977956  0.208814  2  2  2  2  0.218192  0.975906  
0.713171  0.700991  2  2  2  2  0.775376  0.6315  
0.902473  0.430747  2  2  2  2  0.724822  0.688937  
0.980457  0.196733  2  2  2  2  0.844667  0.535292  
0.910842  0.412757  2  2  2  2  0.861074  0.50848  
0.852975  0.521952  2  2  2  2  0.964147  0.265371  
0.0431934  0.999067  2  2  2  2  0.87329  0.487202  
0.914874  0.403739  2  2  2  2  0.76599  0.642853  
0.794078  0.607816  2  2  2  2  0.961261  0.275639  
0.877351  0.47985  2  2  2  2  0.869277  0.494325  
0.95252  0.304476  2  2  2  2  0.746506  0.665379  
0.982877  0.184265  2  2  2  2  0.713171  0.700991  
0.993732  0.111793  2  2  2  2  0.926345  0.376676  
0.857077  0.515189  2  2  2  2  0.741244  0.671235  
0.918804  0.394715  2  2  2  2  0.164743  0.986337  
0.869277  0.494325  2  2  2  2  0.977956  0.208814  
6.12323e-17  1  2  2  2  2  0.770665  0.637241  
0.967098  0.254404  2  2  2  2  0.136816  0.990597  
0.889918  0.45612  2  2  2  2  0.84883  0.528667  
0.740744  0.671788  2  2  2  2  0.910761  0.412934  
0.12124  0.992623  2  2  2  2  0.949496  0.31378  
0.789526  0.613718  2  2  2  2  0.918648  0.395077  
0.105237  0.994447  2  2  2  2  0.261594  0.965178  
0.955503  0.294981  2  2  2  2  0.81769  0.57566  
0.991768  0.128046  2  2  2  2  0.969862  0.243653  
0.831494  0.555533  2  2  2  2  0.94007  0.340981  
0.987486  0.157706  2  2  2  2  1  8.71967e-17  
0.251147  0.967949  2  2  2  2  0.877578  0.479433  
0.0877819  0.99614  2  2  2  2  0.95252  0.304476  
0.718868  0.695147  2  2  2  2  0.998791  0.0491675  
0.84883  0.528667  2  2  2  2  0.760973  0.648783  
0.9988  0.0489779  2  2  2  2  0.989671  0.143354  
0.21736  0.976092  2  2  2  2  0.993736  0.111751  
0.88171  0.471792  2  2  2  2  0.205487  0.97866  
0.151721  0.988423  2  2  2  2  0.929774  0.368132  
0.840347  0.542048  2  2  2  2  0.997289  0.073587  
0.20525  0.97871  2  2  2  2  0.308986  0.951067  
0.946445  0.322864  2  2  2  2  0.972606  0.232458  
0.770655  0.637253  2  2  2  2  0.822352  0.568979  
0.165868  0.986148  2  2  2  2  0.894159  0.447749  
0.750972  0.660334  2  2  2  2  0.789526  0.613718  
1  8.71967e-17  2  2  2  2  0.105237  0.994447  
0.765901  0.642958  2  2  2  2  0.852974  0.521954  
0.84459  0.535414  2  2  2  2  0.975315  0.220819  
0.81769  0.57566  2  2  2  2  0.784832  0.619709  
0.581932  0.821268  2  2  2  2  0.933257  0.359209  
0.86526  0.501324  2  2  2  2  0.780136  0.62561  
0.826947  0.562279  2  2  2  2  0.831494  0.555533  
0.808277  0.588802  2  2  2  2  0.922422  0.386183  
0.192588  0.98128  2  2  2  2  0.798897  0.601467  
0.997293  0.0735344  2  2  2  2  0.0877819  0.99614  
0.964227  0.26508  2  2  2  2  0.906679  0.421821  
0.290744  0.956801  2  2  2  2  0.192803  0.981237  
0.906679  0.421821  2  2  2  2  0.995588  0.09383  
0.308986  0.951067  2  2  2  2  0.955503  0.294981  
0.300004  0.953938  2  2  2  2  0.151721  0.988423  
0.803602  0.595168  2  2  2  2  0.980447  0.196782  
0.861175  0.508309  2  2  2  2  0.251293  0.967911  
0.985218  0.171303  2  2  2  2  0.281301  0.95962  
0.969862  0.243653  2  2  2  2  0.857077  0.515189  
0.735504  0.677521  2  2  2  2  0.812997  0.582268  
0.70715  0.707064  2  2  2  2  0.290744  0.956801  
0.730047  0.683397  2  2  2  2  0.300004  0.953938  
0.822352  0.568979  2  2  2  2  0.794199  0.607658  
0.943297  0.331949  2  2  2  2  0.936706  0.350116  
0.760973  0.648783  2  2  2  2  0.967098  0.254404  
0.179439  0.983769  2  2  2  2  0.0684231  0.997656  
0.885796  0.464075  2  2  2  2  0.840347  0.542048  
0.958443  0.285283  2  2  2  2  0.885796  0.464075  
0.873402  0.487001  2  2  2  2  0.756066  0.654495  
0.281301  0.95962  2  2  2  2  0.70715  0.707064  
0.972607  0.232458  2  2  2  2  0.898364  0.439252  
0.812997  0.582268  2  2  2  2  0.987486  0.157706  
0.756066  0.654495  2  2  2  2  0.88171  0.471792  
0.936706  0.350116  2  2  2  2  0.240592  0.970626  
0.798897  0.601467  2  2  2  2  0.581932  0.821268  
0.933257  0.359209  2  2  2  2  0.179615  0.983737  
0.922414  0.386202  2  2  2  2  0.946445  0.322864  
0.926137  0.377188  2  2  2  2  0.86526  0.501324  
0.995588  0.09383  2  2  2  2  0.0458033  0.99895  
0.835939  0.548823  2  2  2  2  0.889918  0.45612  
0.261594  0.965178  2  2  2  2  0.271606  0.962409  
0.78482  0.619724  2  2  2  2  0.803602  0.595168  
0.961334  0.275386  2  2  2  2  0.991758  0.128128  
0.975315  0.220819  2  2  2  2  0.718868  0.695147  
0.0684231  0.997656  2  2  2  2  0.982877  0.184265  
0.929731  0.368239  2  2  2  2  0.735504  0.677521  
0.775387  0.631486  2  2  2  2  0.826947  0.562279  
0.136816  0.990597  2  2  2  2  0.958443  0.285283  
0.780101  0.625653  2  2  2  2  0.985218  0.171303  
0.94007  0.340981  2  2  2  2  0.943297  0.331949  
0.949527  0.313685  2  2  2  2  6.12323e-17  1  
0.228945  0.973439  2  2  2  2  0.902511  0.430667  
0.240185  0.970727  2  2  2  2  0.914731  0.404063  
0.989679  0.143304  2  2  2  2  0.229318  0.973352  
0.894159  0.447749  2  2  2  2  0.835939  0.548823  
0.74596  0.665991  2  2  2  2  0.750972  0.660334  
0.898364  0.439252  2  2  2  2  0.730047  0.683397  
0.271606  0.962409  2  2  2  2  0.12124  0.992623  
0.724449  0.689328  2  2  2  2  0.808277  0.588802  
0.977927  0.208949  2  2  2  2  0.217706  0.976015  
0.713051  0.701112  2  2  2  2  0.775445  0.631416  
0.902511  0.430667  2  2  2  2  0.724449  0.689328  
0.980447  0.196782  2  2  2  2  0.84459  0.535414  
0.910761  0.412934  2  2  2  2  0.861175  0.508309  
0.852974  0.521954  2  2  2  2  0.964227  0.26508  
0.0458033  0.99895  2  2  2  2  0.873402  0.487001  
0.914731  0.404063  2  2  2  2  0.765901  0.642958  
0.794199  0.607658  2  2  2  2  0.961334  0.275386  
0.877578  0.479433  2  2  2  2  0.869307  0.494272  
0.952537  0.304422  2  2  2  2  0.74596  0.665991  
0.982877  0.184265  2  2  2  2  0.713051  0.701112  
0.993744  0.111683  2  2  2  2  0.926173  0.377099  
0.857077  0.515189  2  2  2  2  0.740744  0.671788  
0.918638  0.395099  2  2  2  2  0.166043  0.986118  
0.869307  0.494272  2  2  2  2  0.977927  0.208949  
6.12323e-17  1  2  2  2  2  0.770654  0.637254  
0.967102  0.254388  2  2  2  2  0.137497  0.990502  
0.890015  0.455932  2  2  2  2  0.848806  0.528705  
0.740386  0.672182  2  2  2  2  0.910662  0.413152  
0.122145  0.992512  2  2  2  2  0.949472  0.313851  
0.789568  0.613664  2  2  2  2  0.91854  0.395328  
0.106014  0.994365  2  2  2  2  0.261288  0.965261  
0.955546  0.294843  2  2  2  2  0.81769  0.57566  
0.991772  0.128018  2  2  2  2  0.969901  0.243499  
0.831424  0.555639  2  2  2  2  0.939967  0.341264  
0.987495  0.157651  2  2  2  2  1  8.71967e-17  
0.250906  0.968012  2  2  2  2  0.877689  0.47923  
0.0886638  0.996062  2  2  2  2  0.95252  0.304476  
0.718608  0.695415  2  2  2  2  0.998791  0.0491675  
0.848806  0.528705  2  2  2  2  0.760939  0.648823  
0.9988  0.0489779  2  2  2  2  0.989671  0.143354  
0.217298  0.976105  2  2  2  2  0.993736  0.111751  
0.881811  0.471604  2  2  2  2  0.205428  0.978672  
0.15216  0.988356  2  2  2  2  0.929629  0.368498  
0.84028  0.542152  2  2  2  2  0.997289  0.073587  
0.205153  0.97873  2  2  2  2  0.308986  0.951067  
0.946386  0.323039  2  2  2  2  0.972644  0.232301  
0.770632  0.637281  2  2  2  2  0.822308  0.569043  
0.166206  0.986091  2  2  2  2  0.894226  0.447615  
0.750872  0.660448  2  2  2  2  0.789568  0.613664  
1  8.71967e-17  2  2  2  2  0.106014  0.994365  
0.765833  0.64304  2  2  2  2  0.852974  0.521954  
0.84459  0.535414  2  2  2  2  0.975315  0.220819  
0.81769  0.57566  2  2  2  2  0.784855  0.61968  
0.581932  0.821268  2  2  2  2  0.933177  0.359418  
0.865305  0.501246  2  2  2  2  0.780136  0.62561  
0.826894  0.562358  2  2  2  2  0.831424  0.555639  
0.808331  0.588728  2  2  2  2  0.922308  0.386456  
0.192645  0.981268  2  2  2  2  0.798987  0.601348  
0.9973  0.0734324  2  2  2  2  0.0886638  0.996062  
0.964274  0.264907  2  2  2  2  0.906626  0.421935  
0.290534  0.956865  2  2  2  2  0.192803  0.981237  
0.906626  0.421935  2  2  2  2  0.995593  0.0937823  
0.308986  0.951067  2  2  2  2  0.955536  0.294874  
0.299932  0.95396  2  2  2  2  0.15216  0.988356  
0.803664  0.595083  2  2  2  2  0.980447  0.196785  
0.861186  0.50829  2  2  2  2  0.250946  0.968001  
0.985229  0.171243  2  2  2  2  0.281274  0.959628  
0.969901  0.243499  2  2  2  2  0.857096  0.515157  
0.735063  0.677999  2  2  2  2  0.813045  0.582201  
0.70715  0.707064  2  2  2  2  0.290744  0.956801  
0.729763  0.6837  2  2  2  2  0.299932  0.95396  
0.822308  0.569043  2  2  2  2  0.794313  0.607509  
0.943237  0.332119  2  2  2  2  0.936613  0.350365  
0.760939  0.648823  2  2  2  2  0.967102  0.254388  
0.179663  0.983728  2  2  2  2  0.0691588  0.997606  
0.885907  0.463864  2  2  2  2  0.84028  0.542152  
0.95851  0.285058  2  2  2  2  0.885907  0.463864  
0.873593  0.486657  2  2  2  2  0.755931  0.654652  
0.281096  0.95968  2  2  2  2  0.70715  0.707064  
0.972644  0.232301  2  2  2  2  0.898364  0.439252  
0.813045  0.582201  2  2  2  2  0.987487  0.157703  
0.755931  0.654652  2  2  2  2  0.881811  0.471604  
0.936613  0.350365  2  2  2  2  0.240268  0.970707  
0.798987  0.601348  2  2  2  2  0.581932  0.821268  
0.933177  0.359418  2  2  2  2  0.179663  0.983728  
0.922308  0.386456  2  2  2  2  0.946386  0.323039  
0.926009  0.377501  2  2  2  2  0.865305  0.501246  
0.995604  0.0936667  2  2  2  2  0.0460055  0.998941  
0.835886  0.548904  2  2  2  2  0.890015  0.455932  
0.261288  0.965261  2  2  2  2  0.271346  0.962482  
0.784855  0.61968  2  2  2  2  0.803664  0.595083  
0.961408  0.275125  2  2  2  2  0.991758  0.128128  
0.975315  0.220819  2  2  2  2  0.718608  0.695415  
0.0691588  0.997606  2  2  2  2  0.982877  0.184265  
0.929629  0.368498  2  2  2  2  0.735063  0.677999  
0.775387  0.631486  2  2  2  2  0.826894  0.562358  
0.137497  0.990502  2  2  2  2  0.95851  0.285058  
0.780136  0.62561  2  2  2  2  0.985218  0.171303  
0.939967  0.341264  2  2  2  2  0.943237  0.332119  
0.94949  0.313797  2  2  2  2  6.12323e-17  1  
0.228945  0.973439  2  2  2  2  0.902511  0.430667  
0.240073  0.970755  2  2  2  2  0.914588  0.404387  
0.989685  0.143261  2  2  2  2  0.22911  0.973401  
0.894226  0.447615  2  2  2  2  0.835886  0.548904  
0.745622  0.666369  2  2  2  2  0.750872  0.660448  
0.898364  0.439252  2  2  2  2  0.729763  0.6837  
0.271346  0.962482  2  2  2  2  0.122145  0.992512  
0.724272  0.689515  2  2  2  2  0.808331  0.588728  
0.977927  0.208949  2  2  2  2  0.217482  0.976064  
0.712894  0.701272  2  2  2  2  0.775417  0.631449  
0.902511  0.430667  2  2  2  2  0.724272  0.689515  
0.980447  0.196785  2  2  2  2  0.84459  0.535414  
0.910662  0.413152  2  2  2  2  0.861186  0.50829  
0.852974  0.521954  2  2  2  2  0.964274  0.264907  
0.0460055  0.998941  2  2  2  2  0.873593  0.486657  
0.914588  0.404387  2  2  2  2  0.765833  0.64304  
0.794313  0.607509  2  2  2  2  0.961408  0.275125  
0.877689  0.47923  2  2  2  2  0.869451  0.49402  
0.95255  0.304381  2  2  2  2  0.745622  0.666369  
0.982877  0.184265  2  2  2  2  0.712894  0.701272  
0.993755  0.111584  2  2  2  2  0.926009  0.377501  
0.857096  0.515157  2  2  2  2  0.740386  0.672182  
0.91854  0.395328  2  2  2  2  0.166206  0.986091  
0.869451  0.49402  2  2  2  2  0.977927  0.208949  
6.12323e-17  1  2  2  2  2  0.77064  0.637271  
0.967128  0.254292  2  2  2  2  0.13787  0.99045  
0.890185  0.455598  2  2  2  2  0.848806  0.528705  
0.740386  0.672182  2  2  2  2  0.910621  0.413242  
0.122727  0.99244  2  2  2  2  0.949472  0.313851  
0.789597  0.613626  2  2  2  2  0.918424  0.395598  
0.10647  0.994316  2  2  2  2  0.261187  0.965288  
0.955551  0.294827  2  2  2  2  0.81769  0.57566  
0.991779  0.127963  2  2  2  2  0.969901  0.243499  
0.831412  0.555657  2  2  2  2  0.939917  0.341402  
0.987495  0.157651  2  2  2  2  1  8.71967e-17  
0.250594  0.968092  2  2  2  2  0.877726  0.479163  
0.089054  0.996027  2  2  2  2  0.95252  0.304476  
0.718548  0.695478  2  2  2  2  0.998791  0.0491675  
0.848806  0.528705  2  2  2  2  0.760891  0.64888  
0.9988  0.0489779  2  2  2  2  0.989671  0.143354  
0.217141  0.97614  2  2  2  2  0.993736  0.111751  
0.881919  0.471401  2  2  2  2  0.205369  0.978685  
0.152403  0.988318  2  2  2  2  0.929576  0.368631  
0.84028  0.542152  2  2  2  2  0.997289  0.073587  
0.205153  0.97873  2  2  2  2  0.308986  0.951067  
0.946362  0.323108  2  2  2  2  0.972644  0.232301  
0.770632  0.637281  2  2  2  2  0.822308  0.569043  
0.166313  0.986073  2  2  2  2  0.894318  0.447433  
0.750789  0.660543  2  2  2  2  0.789597  0.613626  
1  8.71967e-17  2  2  2  2  0.10647  0.994316  
0.765798  0.643081  2  2  2  2  0.852993  0.521923  
0.844568  0.535448  2  2  2  2  0.975315  0.220819  
0.81769  0.57566  2  2  2  2  0.784879  0.619649  
0.581932  0.821268  2  2  2  2  0.933086  0.359652  
0.865423  0.501042  2  2  2  2  0.780163  0.625576  
0.826894  0.562358  2  2  2  2  0.831412  0.555657  
0.80838  0.588661  2  2  2  2  0.922228  0.386646  
0.192645  0.981268  2  2  2  2  0.798987  0.601348  
0.997304  0.0733791  2  2  2  2  0.089054  0.996027  
0.96431  0.264776  2  2  2  2  0.906597  0.421997  
0.290508  0.956872  2  2  2  2  0.192803  0.981237  
0.906597  0.421997  2  2  2  2  0.995593  0.0937823  
0.308986  0.951067  2  2  2  2  0.955536  0.294874  
0.299796  0.954003  2  2  2  2  0.152403  0.988318  
0.803664  0.595083  2  2  2  2  0.980447  0.196785  
0.861306  0.508086  2  2  2  2  0.250676  0.968071  
0.985229  0.171243  2  2  2  2  0.281122  0.959672  
0.969901  0.243499  2  2  2  2  0.857154  0.51506  
0.735063  0.677999  2  2  2  2  0.813045  0.582201  
0.70715  0.707064  2  2  2  2  0.290703  0.956813  
0.729689  0.68378  2  2  2  2  0.299932  0.95396  
0.822308  0.569043  2  2  2  2  0.794313  0.607509  
0.94319  0.332254  2  2  2  2  0.936577  0.350462  
0.760891  0.64888  2  2  2  2  0.967128  0.254292  
0.179749  0.983713  2  2  2  2  0.0694906  0.997583  
0.886004  0.463678  2  2  2  2  0.84028  0.542152  
0.95851  0.285058  2  2  2  2  0.886004  0.463678  
0.873621  0.486607  2  2  2  2  0.755853  0.654741  
0.280999  0.959708  2  2  2  2  0.70715  0.707064  
0.972644  0.232301  2  2  2  2  0.898476  0.439022  
0.813045  0.582201  2  2  2  2  0.987487  0.157703  
0.755853  0.654741  2  2  2  2  0.881919  0.471401  
0.936577  0.350462  2  2  2  2  0.239948  0.970786  
0.798987  0.601348  2  2  2  2  0.581932  0.821268  
0.933086  0.359652  2  2  2  2  0.179749  0.983713  
0.922228  0.386646  2  2  2  2  0.946362  0.323108  
0.925959  0.377623  2  2  2  2  0.865423  0.501042  
0.995604  0.0936667  2  2  2  2  0.0463135  0.998927  
0.835886  0.548904  2  2  2  2  0.890185  0.455598  
0.260946  0.965354  2  2  2  2  0.271317  0.96249  
0.784879  0.619649  2  2  2  2  0.803664  0.595083  
0.961408  0.275125  2  2  2  2  0.991758  0.128128  
0.975315  0.220819  2  2  2  2  0.718548  0.695478  
0.0694906  0.997583  2  2  2  2  0.982877  0.184265  
0.929576  0.368631  2  2  2  2  0.735063  0.677999  
0.775387  0.631486  2  2  2  2  0.826894  0.562358  
0.13787  0.99045  2  2  2  2  0.95851  0.285058  
0.780136  0.62561  2  2  2  2  0.985218  0.171303  
0.939917  0.341402  2  2  2  2  0.94319  0.332254  
0.94949  0.313797  2  2  2  2  6.12323e-17  1  
0.228806  0.973472  2  2  2  2  0.902527  0.430634  
0.239856  0.970808  2  2  2  2  0.91455  0.404473  
0.989685  0.143261  2  2  2  2  0.228935  0.973442  
0.894318  0.447433  2  2  2  2  0.835886  0.548904  
0.745622  0.666369  2  2  2  2  0.750789  0.660543  
0.898476  0.439022  2  2  2  2  0.729689  0.68378  
0.271173  0.962531  2  2  2  2  0.122727  0.99244  
0.724168  0.689624  2  2  2  2  0.80838  0.588661  
0.977919  0.208982  2  2  2  2  0.217395  0.976084  
0.712867  0.701299  2  2  2  2  0.775417  0.631449  
0.902527  0.430634  2  2  2  2  0.724168  0.689624  
0.980447  0.196785  2  2  2  2  0.844568  0.535448  
0.910621  0.413242  2  2  2  2  0.861306  0.508086  
0.852993  0.521923  2  2  2  2  0.96431  0.264776  
0.0463135  0.998927  2  2  2  2  0.873621  0.486607  
0.91455  0.404473  2  2  2  2  0.765798  0.643081  
0.794313  0.607509  2  2  2  2  0.961408  0.275125  
0.877726  0.479163  2  2  2  2  0.869492  0.493947  
0.95255  0.304381  2  2  2  2  0.745622  0.666369  
0.982877  0.184265  2  2  2  2  0.712867  0.701299  
0.993755  0.111584  2  2  2  2  0.925959  0.377623  
0.857154  0.51506  2  2  2  2  0.740386  0.672182  
0.918424  0.395598  2  2  2  2  0.166313  0.986073  
0.869492  0.493947  2  2  2  2  0.977919  0.208982  
6.12323e-17  1  2  2  2  2  0.77059  0.637331  
0.967164  0.254154  2  2  2  2  0.13787  0.99045  
0.890296  0.455383  2  2  2  2  0.848806  0.528705  
0.74027  0.672309  2  2  2  2  0.910615  0.413257  
0.122727  0.99244  2  2  2  2  0.949442  0.313942  
0.789637  0.613574  2  2  2  2  0.918382  0.395695  
0.106633  0.994298  2  2  2  2  0.260979  0.965345  
0.955551  0.294827  2  2  2  2  0.81769  0.57566  
0.991779  0.127963  2  2  2  2  0.969933  0.243372  
0.831412  0.555657  2  2  2  2  0.93979  0.341754  
0.987496  0.157643  2  2  2  2  1  8.71967e-17  
0.250374  0.968149  2  2  2  2  0.877901  0.478842  
0.0892326  0.996011  2  2  2  2  0.95252  0.304476  
0.718467  0.695561  2  2  2  2  0.998794  0.0490982  
0.848806  0.528705  2  2  2  2  0.760857  0.64892  
0.9988  0.0489779  2  2  2  2  0.989671  0.143354  
0.216807  0.976215  2  2  2  2  0.993745  0.111674  
0.882032  0.471189  2  2  2  2  0.205334  0.978692  
0.152403  0.988318  2  2  2  2  0.929464  0.368912  
0.840263  0.542179  2  2  2  2  0.997292  0.0735417  
0.204909  0.978781  2  2  2  2  0.308986  0.951067  
0.946288  0.323325  2  2  2  2  0.972644  0.232301  
0.770632  0.637281  2  2  2  2  0.822308  0.569043  
0.166313  0.986073  2  2  2  2  0.894432  0.447203  
0.750684  0.660662  2  2  2  2  0.789637  0.613574  
1  8.71967e-17  2  2  2  2  0.106633  0.994298  
0.765766  0.643119  2  2  2  2  0.853007  0.521899  
0.844568  0.535448  2  2  2  2  0.975315  0.220819  
0.81769  0.57566  2  2  2  2  0.784916  0.619603  
0.581183  0.820211  2  2  2  2  0.932978  0.359933  
0.865489  0.500928  2  2  2  2  0.780163  0.625576  
0.826894  0.562358  2  2  2  2  0.831412  0.555657  
0.808391  0.588646  2  2  2  2  0.922143  0.386848  
0.192632  0.981271  2  2  2  2  0.799049  0.601266  
0.997304  0.0733791  2  2  2  2  0.0892326  0.996011  
0.964332  0.264695  2  2  2  2  0.906615  0.42196  
0.290508  0.956872  2  2  2  2  0.192803  0.981237  
0.906615  0.42196  2  2  2  2  0.995593  0.0937823  
0.308986  0.951067  2  2  2  2  0.955538  0.294866  
0.299796  0.954003  2  2  2  2  0.152403  0.988318  
0.80373  0.594994  2  2  2  2  0.980438  0.196831  
0.861306  0.508086  2  2  2  2  0.250555  0.968102  
0.985229  0.171243  2  2  2  2  0.280928  0.959729  
0.969933  0.243372  2  2  2  2  0.857171  0.515031  
0.735013  0.678053  2  2  2  2  0.813045  0.582201  
0.707132  0.707081  2  2  2  2  0.290513  0.956871  
0.729639  0.683832  2  2  2  2  0.299884  0.953976  
0.822308  0.569043  2  2  2  2  0.794341  0.607472  
0.943085  0.332551  2  2  2  2  0.936434  0.350843  
0.760857  0.64892  2  2  2  2  0.967164  0.254154  
0.179749  0.983713  2  2  2  2  0.0696435  0.997572  
0.886161  0.463377  2  2  2  2  0.840263  0.542179  
0.958531  0.284989  2  2  2  2  0.886161  0.463377  
0.873754  0.486368  2  2  2  2  0.755853  0.654741  
0.280849  0.959752  2  2  2  2  0.707132  0.707081  
0.972644  0.232301  2  2  2  2  0.898499  0.438975  
0.813045  0.582201  2  2  2  2  0.987487  0.157703  
0.755853  0.654741  2  2  2  2  0.882032  0.471189  
0.936434  0.350843  2  2  2  2  0.239737  0.970838  
0.799049  0.601266  2  2  2  2  0.581183  0.820211  
0.932978  0.359933  2  2  2  2  0.179749  0.983713  
0.922143  0.386848  2  2  2  2  0.946288  0.323325  
0.925858  0.377871  2  2  2  2  0.865489  0.500928  
0.995604  0.0936667  2  2  2  2  0.0463135  0.998927  
0.835871  0.548926  2  2  2  2  0.890296  0.455383  
0.260837  0.965383  2  2  2  2  0.271143  0.962539  
0.784916  0.619603  2  2  2  2  0.80373  0.594994  
0.961456  0.274959  2  2  2  2  0.991758  0.128128  
0.975315  0.220819  2  2  2  2  0.718467  0.695561  
0.0696435  0.997572  2  2  2  2  0.982877  0.184265  
0.929464  0.368912  2  2  2  2  0.735013  0.678053  
0.775417  0.631449  2  2  2  2  0.826894  0.562358  
0.13787  0.99045  2  2  2  2  0.958531  0.284989  
0.780163  0.625576  2  2  2  2  0.985218  0.171303  
0.93979  0.341754  2  2  2  2  0.943085  0.332551  
0.949442  0.313942  2  2  2  2  6.12323e-17  1  
0.228394  0.973569  2  2  2  2  0.902578  0.430527  
0.239611  0.970869  2  2  2  2  0.914521  0.404538  
0.989685  0.143261  2  2  2  2  0.228738  0.973488  
0.894432  0.447203  2  2  2  2  0.835871  0.548926  
0.745545  0.666455  2  2  2  2  0.750684  0.660662  
0.898499  0.438975  2  2  2  2  0.729639  0.683832  
0.271018  0.962574  2  2  2  2  0.122727  0.99244  
0.724074  0.689722  2  2  2  2  0.808391  0.588646  
0.977919  0.208982  2  2  2  2  0.217319  0.976101  
0.712867  0.701299  2  2  2  2  0.775417  0.631449  
0.902578  0.430527  2  2  2  2  0.724074  0.689722  
0.980438  0.196831  2  2  2  2  0.844568  0.535448  
0.910615  0.413257  2  2  2  2  0.861306  0.508086  
0.853007  0.521899  2  2  2  2  0.964332  0.264695  
0.0463135  0.998927  2  2  2  2  0.873754  0.486368  
0.914521  0.404538  2  2  2  2  0.76574  0.643151  
0.794341  0.607472  2  2  2  2  0.961456  0.274959  
0.877901  0.478842  2  2  2  2  0.869614  0.493731  
0.95252  0.304476  2  2  2  2  0.745545  0.666455  
0.982877  0.184265  2  2  2  2  0.712867  0.701299  
0.993755  0.111584  2  2  2  2  0.925858  0.377871  
0.857171  0.515031  2  2  2  2  0.74027  0.672309  
0.918382  0.395695  2  2  2  2  0.166313  0.986073  
0.869614  0.493731  2  2  2  2  0.977919  0.208982  
