0.275967  0.804341  0.526191  4.09671  4.23509  4.97564  1.79769e+308  1.79769e+308  1.79769e+308  0.275967  0.804341  0.526191  
2.83171  1.27392  3.63635  4.09671  4.23509  4.97564  1.79769e+308  1.79769e+308  1.79769e+308  2.83171  1.27392  3.63635  
0.581345  3.23509  3.66416  4.09671  4.23509  4.97564  1.79769e+308  1.79769e+308  1.79769e+308  0.581345  3.23509  3.66416  
0.319305  0.339585  1.93187  4.09671  4.23509  4.97564  1.79769e+308  1.79769e+308  1.79769e+308  0.319305  0.339585  1.93187  
0.985591  0.104634  0.1329  4.09671  4.23509  4.97564  1.79769e+308  1.79769e+308  1.79769e+308  0.985591  0.104634  0.1329  
0.930797  0.315224  0.185072  4.09671  4.23509  4.97564  1.79769e+308  1.79769e+308  1.79769e+308  0.930797  0.315224  0.185072  
1.37114  1.10192  3.11923  4.09671  4.23509  4.97564  1.79769e+308  1.79769e+308  1.79769e+308  1.37114  1.10192  3.11923  
0.407143  0.895549  0.179518  4.09671  4.23509  4.97564  1.79769e+308  1.79769e+308  1.79769e+308  0.407143  0.895549  0.179518  
0.517522  0.705723  0.483866  4.09671  4.23509  4.97564  1.79769e+308  1.79769e+308  1.79769e+308  0.517522  0.705723  0.483866  
0.228354  0.797129  0.558964  4.09671  4.23509  4.97564  1.79769e+308  1.79769e+308  1.79769e+308  0.228354  0.797129  0.558964  
0.150077  0.3082  1.94556  4.09671  4.23509  4.97564  1.79769e+308  1.79769e+308  1.79769e+308  0.150077  0.3082  1.94556  
3.09671  1.7807  3.64117  4.09671  4.23509  4.97564  1.79769e+308  1.79769e+308  1.79769e+308  3.09671  1.7807  3.64117  
0.0511259  0.0832966  1.38834  4.09671  4.23509  4.97564  1.79769e+308  1.79769e+308  1.79769e+308  0.0511259  0.0832966  1.38834  
0.539871  0.69649  2.65001  4.09671  4.23509  4.97564  1.79769e+308  1.79769e+308  1.79769e+308  0.539871  0.69649  2.65001  
0.0376901  0.15236  1.42949  4.09671  4.23509  4.97564  1.79769e+308  1.79769e+308  1.79769e+308  0.0376901  0.15236  1.42949  
0.10311  0.947294  0.303319  4.09671  4.23509  4.97564  1.79769e+308  1.79769e+308  1.79769e+308  0.10311  0.947294  0.303319  
0.00157313  0.369005  1.79557  4.09671  4.23509  4.97564  1.79769e+308  1.79769e+308  1.79769e+308  0.00157313  0.369005  1.79557  
0.133555  0.763299  0.63209  4.09671  4.23509  4.97564  1.79769e+308  1.79769e+308  1.79769e+308  0.133555  0.763299  0.63209  
0.627622  0.707952  0.323875  4.09671  4.23509  4.97564  1.79769e+308  1.79769e+308  1.79769e+308  0.627622  0.707952  0.323875  
0.476259  0.853282  0.212338  4.09671  4.23509  4.97564  1.79769e+308  1.79769e+308  1.79769e+308  0.476259  0.853282  0.212338  
0.975156  0.0940555  0.200561  4.09671  4.23509  4.97564  1.79769e+308  1.79769e+308  1.79769e+308  0.975156  0.0940555  0.200561  
2.70838  0.913956  3.10767  4.09671  4.23509  4.97564  1.79769e+308  1.79769e+308  1.79769e+308  2.70838  0.913956  3.10767  
0.752066  0.1099  0.649861  4.09671  4.23509  4.97564  1.79769e+308  1.79769e+308  1.79769e+308  0.752066  0.1099  0.649861  
0.0616214  0.199353  1.53949  4.09671  4.23509  4.97564  1.79769e+308  1.79769e+308  1.79769e+308  0.0616214  0.199353  1.53949  
0.710866  0.679395  0.181909  4.09671  4.23509  4.97564  1.79769e+308  1.79769e+308  1.79769e+308  0.710866  0.679395  0.181909  
0.473872  0.860825  0.185542  4.09671  4.23509  4.97564  1.79769e+308  1.79769e+308  1.79769e+308  0.473872  0.860825  0.185542  
0.581487  0.813507  0.00894775  4.09671  4.23509  4.97564  1.79769e+308  1.79769e+308  1.79769e+308  0.581487  0.813507  0.00894775  
0.552952  0.560817  0.616221  4.09671  4.23509  4.97564  1.79769e+308  1.79769e+308  1.79769e+308  0.552952  0.560817  0.616221  
0.0921131  0.731122  0.676  4.09671  4.23509  4.97564  1.79769e+308  1.79769e+308  1.79769e+308  0.0921131  0.731122  0.676  
0.185855  0.709501  0.679755  4.09671  4.23509  4.97564  1.79769e+308  1.79769e+308  1.79769e+308  0.185855  0.709501  0.679755  
0.74877  0.480252  0.456839  4.09671  4.23509  4.97564  1.79769e+308  1.79769e+308  1.79769e+308  0.74877  0.480252  0.456839  
0.0166091  0.938264  0.345521  4.09671  4.23509  4.97564  1.79769e+308  1.79769e+308  1.79769e+308  0.0166091  0.938264  0.345521  
0.260382  1.63005  3.14508  4.09671  4.23509  4.97564  1.79769e+308  1.79769e+308  1.79769e+308  0.260382  1.63005  3.14508  
0.604213  0.274405  2.41585  4.09671  4.23509  4.97564  1.79769e+308  1.79769e+308  1.79769e+308  0.604213  0.274405  2.41585  
1.90985  2.03238  3.80176  4.09671  4.23509  4.97564  1.79769e+308  1.79769e+308  1.79769e+308  1.90985  2.03238  3.80176  
0.645211  0.595396  0.478756  4.09671  4.23509  4.97564  1.79769e+308  1.79769e+308  1.79769e+308  0.645211  0.595396  0.478756  
0.422776  0.843871  0.330367  4.09671  4.23509  4.97564  1.79769e+308  1.79769e+308  1.79769e+308  0.422776  0.843871  0.330367  
1.37128  2.52384  3.43367  4.09671  4.23509  4.97564  1.79769e+308  1.79769e+308  1.79769e+308  1.37128  2.52384  3.43367  
2.10157  1.21178  3.40523  4.09671  4.23509  4.97564  1.79769e+308  1.79769e+308  1.79769e+308  2.10157  1.21178  3.40523  
0.987793  0.766647  2.94449  4.09671  4.23509  4.97564  1.79769e+308  1.79769e+308  1.79769e+308  0.987793  0.766647  2.94449  
0.468052  0.834344  0.291201  4.09671  4.23509  4.97564  1.79769e+308  1.79769e+308  1.79769e+308  0.468052  0.834344  0.291201  
0.659759  0.750043  0.0463971  4.09671  4.23509  4.97564  1.79769e+308  1.79769e+308  1.79769e+308  0.659759  0.750043  0.0463971  
0.966348  0.27983  2.69391  4.09671  4.23509  4.97564  1.79769e+308  1.79769e+308  1.79769e+308  0.966348  0.27983  2.69391  
0.831896  2.17463  3.76742  4.09671  4.23509  4.97564  1.79769e+308  1.79769e+308  1.79769e+308  0.831896  2.17463  3.76742  
0.0563517  0.7534  0.655143  4.09671  4.23509  4.97564  1.79769e+308  1.79769e+308  1.79769e+308  0.0563517  0.7534  0.655143  
0.591547  0.803103  0.0714005  4.09671  4.23509  4.97564  1.79769e+308  1.79769e+308  1.79769e+308  0.591547  0.803103  0.0714005  
0.252161  0.831958  0.494227  4.09671  4.23509  4.97564  1.79769e+308  1.79769e+308  1.79769e+308  0.252161  0.831958  0.494227  
0.213301  0.820843  0.529829  4.09671  4.23509  4.97564  1.79769e+308  1.79769e+308  1.79769e+308  0.213301  0.820843  0.529829  
0.722239  2.00817  3.59628  4.09671  4.23509  4.97564  1.79769e+308  1.79769e+308  1.79769e+308  0.722239  2.00817  3.59628  
1.86344  3.04076  3.80668  4.09671  4.23509  4.97564  1.79769e+308  1.79769e+308  1.79769e+308  1.86344  3.04076  3.80668  
0.249888  0.66944  0.699576  4.09671  4.23509  4.97564  1.79769e+308  1.79769e+308  1.79769e+308  0.249888  0.66944  0.699576  
1.03199  0.867443  2.97675  4.09671  4.23509  4.97564  1.79769e+308  1.79769e+308  1.79769e+308  1.03199  0.867443  2.97675  
0.748062  0.65146  0.126503  4.09671  4.23509  4.97564  1.79769e+308  1.79769e+308  1.79769e+308  0.748062  0.65146  0.126503  
0.325088  0.428286  2.1798  4.09671  4.23509  4.97564  1.79769e+308  1.79769e+308  1.79769e+308  0.325088  0.428286  2.1798  
0.398761  0.688412  0.60587  4.09671  4.23509  4.97564  1.79769e+308  1.79769e+308  1.79769e+308  0.398761  0.688412  0.60587  
0.0232697  0.0431664  1.22151  4.09671  4.23509  4.97564  1.79769e+308  1.79769e+308  1.79769e+308  0.0232697  0.0431664  1.22151  
2.85948  1.7371  3.74612  4.09671  4.23509  4.97564  1.79769e+308  1.79769e+308  1.79769e+308  2.85948  1.7371  3.74612  
0.00997621  0.00494288  1.05432  4.09671  4.23509  4.97564  1.79769e+308  1.79769e+308  1.79769e+308  0.00997621  0.00494288  1.05432  
0.65815  0.309207  0.686462  4.09671  4.23509  4.97564  1.79769e+308  1.79769e+308  1.79769e+308  0.65815  0.309207  0.686462  
0.0732364  0.969055  0.235731  4.09671  4.23509  4.97564  1.79769e+308  1.79769e+308  1.79769e+308  0.0732364  0.969055  0.235731  
0.289782  0.37545  2.09914  4.09671  4.23509  4.97564  1.79769e+308  1.79769e+308  1.79769e+308  0.289782  0.37545  2.09914  
0.384476  0.264102  2.01459  4.09671  4.23509  4.97564  1.79769e+308  1.79769e+308  1.79769e+308  0.384476  0.264102  2.01459  
0.00585907  0.0591972  1.19517  4.09671  4.23509  4.97564  1.79769e+308  1.79769e+308  1.79769e+308  0.00585907  0.0591972  1.19517  
1.14643  0.123331  2.59749  4.09671  4.23509  4.97564  1.79769e+308  1.79769e+308  1.79769e+308  1.14643  0.123331  2.59749  
0.0697424  0.295121  1.89315  4.09671  4.23509  4.97564  1.79769e+308  1.79769e+308  1.79769e+308  0.0697424  0.295121  1.89315  
0.668189  0.74244  0.0480235  4.09671  4.23509  4.97564  1.79769e+308  1.79769e+308  1.79769e+308  0.668189  0.74244  0.0480235  
0.872959  0.301694  0.383306  4.09671  4.23509  4.97564  1.79769e+308  1.79769e+308  1.79769e+308  0.872959  0.301694  0.383306  
0.0337233  0.00570575  1.16393  4.09671  4.23509  4.97564  1.79769e+308  1.79769e+308  1.79769e+308  0.0337233  0.00570575  1.16393  
0.804195  0.211736  2.68499  4.09671  4.23509  4.97564  1.79769e+308  1.79769e+308  1.79769e+308  0.804195  0.211736  2.68499  
0.749426  0.135793  0.648013  4.09671  4.23509  4.97564  1.79769e+308  1.79769e+308  1.79769e+308  0.749426  0.135793  0.648013  
0.1217  0.660987  2.30429  4.09671  4.23509  4.97564  1.79769e+308  1.79769e+308  1.79769e+308  0.1217  0.660987  2.30429  
0.167639  0.333831  1.91551  4.09671  4.23509  4.97564  1.79769e+308  1.79769e+308  1.79769e+308  0.167639  0.333831  1.91551  
0.969218  0.716741  2.9347  4.09671  4.23509  4.97564  1.79769e+308  1.79769e+308  1.79769e+308  0.969218  0.716741  2.9347  
0.135867  0.749152  0.648314  4.09671  4.23509  4.97564  1.79769e+308  1.79769e+308  1.79769e+308  0.135867  0.749152  0.648314  
0.212092  0.95441  0.210042  4.09671  4.23509  4.97564  1.79769e+308  1.79769e+308  1.79769e+308  0.212092  0.95441  0.210042  
0.169045  0.276202  1.91391  4.09671  4.23509  4.97564  1.79769e+308  1.79769e+308  1.79769e+308  0.169045  0.276202  1.91391  
1.56774  0.940626  3.31154  4.09671  4.23509  4.97564  1.79769e+308  1.79769e+308  1.79769e+308  1.56774  0.940626  3.31154  
0.946154  0.214193  0.24272  4.09671  4.23509  4.97564  1.79769e+308  1.79769e+308  1.79769e+308  0.946154  0.214193  0.24272  
0.776911  0.590614  0.218138  4.09671  4.23509  4.97564  1.79769e+308  1.79769e+308  1.79769e+308  0.776911  0.590614  0.218138  
0.89643  0.246232  0.368487  4.09671  4.23509  4.97564  1.79769e+308  1.79769e+308  1.79769e+308  0.89643  0.246232  0.368487  
0.380306  0.924834  0.007006  4.09671  4.23509  4.97564  1.79769e+308  1.79769e+308  1.79769e+308  0.380306  0.924834  0.007006  
0.00844762  0.013248  1.08162  4.09671  4.23509  4.97564  1.79769e+308  1.79769e+308  1.79769e+308  0.00844762  0.013248  1.08162  
0.581721  0.742697  0.331667  4.09671  4.23509  4.97564  1.79769e+308  1.79769e+308  1.79769e+308  0.581721  0.742697  0.331667  
1.37493  1.44833  2.97684  4.09671  4.23509  4.97564  1.79769e+308  1.79769e+308  1.79769e+308  1.37493  1.44833  2.97684  
0.333792  0.841597  0.424614  4.09671  4.23509  4.97564  1.79769e+308  1.79769e+308  1.79769e+308  0.333792  0.841597  0.424614  
0.0601937  0.0972894  1.47929  4.09671  4.23509  4.97564  1.79769e+308  1.79769e+308  1.79769e+308  0.0601937  0.0972894  1.47929  
0.51574  0.872679  2.59928  4.09671  4.23509  4.97564  1.79769e+308  1.79769e+308  1.79769e+308  0.51574  0.872679  2.59928  
0.984781  0.572966  2.90568  4.09671  4.23509  4.97564  1.79769e+308  1.79769e+308  1.79769e+308  0.984781  0.572966  2.90568  
0.914975  0.0670259  0.397905  4.09671  4.23509  4.97564  1.79769e+308  1.79769e+308  1.79769e+308  0.914975  0.0670259  0.397905  
0.847183  0.451688  0.279746  4.09671  4.23509  4.97564  1.79769e+308  1.79769e+308  1.79769e+308  0.847183  0.451688  0.279746  
0.90697  0.276198  0.317993  4.09671  4.23509  4.97564  1.79769e+308  1.79769e+308  1.79769e+308  0.90697  0.276198  0.317993  
1.60598  1.33867  3.29573  4.09671  4.23509  4.97564  1.79769e+308  1.79769e+308  1.79769e+308  1.60598  1.33867  3.29573  
0.742527  0.208454  0.636554  4.09671  4.23509  4.97564  1.79769e+308  1.79769e+308  1.79769e+308  0.742527  0.208454  0.636554  
0.0890885  0.00711583  1.40315  4.09671  4.23509  4.97564  1.79769e+308  1.79769e+308  1.79769e+308  0.0890885  0.00711583  1.40315  
0.972476  2.87438  3.97564  4.09671  4.23509  4.97564  1.79769e+308  1.79769e+308  1.79769e+308  0.972476  2.87438  3.97564  
0.506884  0.554725  0.65981  4.09671  4.23509  4.97564  1.79769e+308  1.79769e+308  1.79769e+308  0.506884  0.554725  0.65981  
0.21191  0.206129  1.8352  4.09671  4.23509  4.97564  1.79769e+308  1.79769e+308  1.79769e+308  0.21191  0.206129  1.8352  
0.532515  1.9634  3.25453  4.09671  4.23509  4.97564  1.79769e+308  1.79769e+308  1.79769e+308  0.532515  1.9634  3.25453  
0.659948  1.02248  2.82567  4.09671  4.23509  4.97564  1.79769e+308  1.79769e+308  1.79769e+308  0.659948  1.02248  2.82567  
0.883501  0.605425  2.7799  4.09671  4.23509  4.97564  1.79769e+308  1.79769e+308  1.79769e+308  0.883501  0.605425  2.7799  
0.256328  0.811626  0.524937  2  2  3.69325  2  2  2  6.12007e-17  1.96897e-18  1  
0.576984  0.717468  0.390293  2  2  3.69325  2  2  2  4.30002e-17  4.35934e-17  1  
0.309599  0.899453  0.308436  2  2  3.69325  2  2  2  4.57473e-18  6.10612e-17  1  
0.283418  0.70524  0.649854  2  2  3.69325  2  2  2  0.953872  1.72755e-07  0.300215  
0.538085  0.45894  0.706993  2  2  3.69325  2  2  2  0.712896  0.297118  0.635216  
0.429615  0.714902  0.551675  2  2  3.69325  2  2  2  8.85727e-20  6.12323e-17  1  
2.95768e-12  0.740742  0.67179  2  2  3.69325  2  2  2  0.0316883  0.0232932  1.19282  
0.667177  0.677035  0.310644  2  2  3.69325  2  2  2  0.986086  0.0585113  0.155601  
0.529438  0.684479  0.501182  2  2  3.69325  2  2  2  0.0886433  0.0861645  1.43141  
0.705764  0.613966  0.353474  2  2  3.69325  2  2  2  0.00120118  0.992838  0.119464  
0.766385  0.488778  0.416834  2  2  3.69325  2  2  2  0.756671  0.415541  0.504752  
0.982735  1.82395e-08  0.185021  2  2  3.69325  2  2  2  4.30002e-17  4.35934e-17  1  
0.888944  5.93459e-17  0.458016  2  2  3.69325  2  2  2  3.38575e-18  6.11387e-17  1  
0.941328  0.242958  0.234252  2  2  3.69325  2  2  2  0.847743  0.0784277  0.524578  
0.88945  0.377088  0.25823  2  2  3.69325  2  2  2  4.57473e-18  6.10612e-17  1  
0.878998  0.476825  1.37178e-09  2  2  3.69325  2  2  2  2.96776e-17  5.35597e-17  1  
0.659882  0.438023  0.610485  2  2  3.69325  2  2  2  6.10343e-17  4.9208e-18  1  
0.689356  0.157956  0.706993  2  2  3.69325  2  2  2  1  6.676e-17  2.58373e-17  
0.406347  0.913719  4.56538e-08  2  2  3.69325  2  2  2  0.713137  0.601058  0.360783  
0.80932  0.513038  0.285996  2  2  3.69325  2  2  2  0.401583  0.671181  0.623095  
0.608121  0.360847  0.707091  2  2  3.69325  2  2  2  0.615436  0.41173  0.672099  
0.484398  0.752581  0.446073  2  2  3.69325  2  2  2  0.759243  0.00378549  0.650796  
0.771386  4.06603e-08  0.636368  2  2  3.69325  2  2  2  0.388014  0.842824  0.372952  
0.461744  0.887013  4.26767e-06  2  2  3.69325  2  2  2  0.454857  0.541451  0.707061  
0.273582  0.961849  0  2  2  3.69325  2  2  2  6.86044e-12  0.707483  0.70673  
0.51679  0.856112  4.56538e-08  2  2  3.69325  2  2  2  8.51298e-07  0.834733  0.550656  
0.755012  0.287337  0.589401  2  2  3.69325  2  2  2  6.1232e-17  1.97111e-19  1  
0.514126  0.571605  0.639486  2  2  3.69325  2  2  2  0.443282  0.725622  0.526283  
0.299287  0.640696  0.707061  2  2  3.69325  2  2  2  0.0764519  0.826202  0.558162  
0.829651  3.198e-10  0.558282  2  2  3.69325  2  2  2  0.807404  0.084601  0.583902  
0.25047  0.879295  0.4051  2  2  3.69325  2  2  2  0.901381  0.0179549  0.432655  
2.3176e-08  0.975823  0.218563  2  2  3.69325  2  2  2  0.964899  0.262622  7.85099e-17  
8.48125e-10  1  4.68162e-16  2  2  3.69325  2  2  2  0.626166  0.779689  0.000656691  
0.693836  0.720133  1.1958e-07  2  2  3.69325  2  2  2  0.227651  0.973743  7.83924e-06  
0.540162  0.781204  0.312963  2  2  3.69325  2  2  2  0.514761  0.780592  0.354537  
0.667843  0.580278  0.466116  2  2  3.69325  2  2  2  0.547901  0.602079  0.58078  
0.573503  0.413662  0.707091  2  2  3.69325  2  2  2  8.90823e-05  0.959296  0.282404  
0.498656  0.5016  0.706923  2  2  3.69325  2  2  2  6.10875e-17  4.20968e-18  1  
0.401842  0.868267  0.290921  2  2  3.69325  2  2  2  0.560548  0.671494  0.484646  
0.158036  0.689264  0.707064  2  2  3.69325  2  2  2  6.10343e-17  4.9208e-18  1  
0.438655  0.811336  0.386414  2  2  3.69325  2  2  2  2.36477e-19  6.12319e-17  1  
0.728255  0.412326  0.547387  2  2  3.69325  2  2  2  3.48725e-18  6.1133e-17  1  
3.51961e-08  0.707124  0.70709  2  2  3.69325  2  2  2  0.298187  0.641399  0.706889  
0.621377  0.648721  0.439377  2  2  3.69325  2  2  2  6.10343e-17  4.9208e-18  1  
0.978258  0.20739  2.22225e-11  2  2  3.69325  2  2  2  6.11248e-17  3.62696e-18  1  
0.609583  0.792722  1.2402e-08  2  2  3.69325  2  2  2  0.920867  0.179071  0.346321  
0.323988  0.837507  0.440016  2  2  3.69325  2  2  2  6.10875e-17  4.20968e-18  1  
0.183406  0.983037  2.66712e-06  2  2  3.69325  2  2  2  5.72264e-17  2.1784e-17  1  
0.707121  2.56479e-08  0.707093  2  2  3.69325  2  2  2  6.10343e-17  4.9208e-18  1  
0.65286  0.757478  2.2862e-07  2  2  3.69325  2  2  2  7.34884e-18  6.07898e-17  1  
0.482454  0.640722  0.597255  2  2  3.69325  2  2  2  6.13367e-18  6.09244e-17  1  
0.956904  0.290404  0  2  2  3.69325  2  2  2  0.380844  0.596002  0.706923  
0.762446  0.647051  3.20884e-08  2  2  3.69325  2  2  2  6.01603e-17  1.14076e-17  1  
2.54188e-16  0.897313  0.441394  2  2  3.69325  2  2  2  3.59288e-17  4.95835e-17  1  
0.568024  0.823012  1.67409e-12  2  2  3.69325  2  2  2  6.12229e-17  1.07251e-18  1  
0.755798  0.572667  0.317524  2  2  3.69325  2  2  2  0.591845  0.39212  0.704246  
1.08548e-08  0.952012  0.306061  2  2  3.69325  2  2  2  0.806708  0.590948  0.00160912  
0.576328  0.61173  0.541878  2  2  3.69325  2  2  2  1.39473e-06  0.796083  0.605188  
0.638647  0.303632  0.707062  2  2  3.69325  2  2  2  6.12323e-17  1  1.02692e-15  
0.583508  0.483142  0.652757  2  2  3.69325  2  2  2  0.305125  0.0181052  1.93987  
0.906968  0.4212  5.90217e-06  2  2  3.69325  2  2  2  0.79559  7.18617e-10  0.605835  
0.83875  0.260361  0.478237  2  2  3.69325  2  2  2  0.192754  0.133801  1.72906  
0.860225  5.74286e-17  0.509915  2  2  3.69325  2  2  2  0.840511  0.386221  0.379966  
1.52147e-06  0.866862  0.498548  2  2  3.69325  2  2  2  0.793192  0.515348  0.324443  
1  2.23956e-10  5.8426e-12  2  2  3.69325  2  2  2  0.717061  0.69701  2.09337e-06  
0.701125  0.50827  0.500086  2  2  3.69325  2  2  2  0.0638709  0.0262569  1.3405  
0.864694  0.314821  0.391397  2  2  3.69325  2  2  2  0.492834  0.868356  0.0554337  
0.961443  6.29454e-08  0.275004  2  2  3.69325  2  2  2  0.54803  0.836458  0.000118477  
0.792809  0.60947  3.5524e-08  2  2  3.69325  2  2  2  2.55169e-16  0.900775  0.434286  
0.234359  0.667237  0.707015  2  2  3.69325  2  2  2  0.68441  0.299227  2.69325  
1.21132e-05  0.802163  0.597105  2  2  3.69325  2  2  2  0.87734  0.00623698  0.479829  
0.8088  0.39838  0.432592  2  2  3.69325  2  2  2  0.0109927  0.0459614  1.17772  
0.932776  0.360457  1.97491e-08  2  2  3.69325  2  2  2  0.00368244  0.000467102  1.02491  
0.787924  0.336124  0.515942  2  2  3.69325  2  2  2  0.00348707  0.740453  0.672099  
0.823004  0.568036  2.7951e-05  2  2  3.69325  2  2  2  0.707407  5.01334e-09  0.706807  
0.407781  0.577697  0.707093  2  2  3.69325  2  2  2  0.64855  0.293294  0.702397  
2.59532e-05  0.835818  0.549007  2  2  3.69325  2  2  2  0.519917  0.479714  0.706796  
0.739434  4.59077e-09  0.673229  2  2  3.69325  2  2  2  0.678562  0.200147  0.706749  
0.622549  0.737186  0.262659  2  2  3.69325  2  2  2  6.12007e-17  1.96897e-18  1  
0.248723  0.933799  0.257209  2  2  3.69325  2  2  2  6.12007e-17  1.96897e-18  1  
0.343998  0.93897  2.77819e-06  2  2  3.69325  2  2  2  0.892201  0.318332  0.320379  
5.0252e-16  5.31344e-17  1  2  2  3.69325  2  2  2  0.464164  0.885749  2.07864e-10  
0.664817  0.241058  0.707043  2  2  3.69325  2  2  2  0.642875  0.524564  0.558162  
0.39635  0.662433  0.63568  2  2  3.69325  2  2  2  0.00160058  0.931304  0.364239  
0.801167  2.67425e-08  0.598441  2  2  3.69325  2  2  2  0.931231  0.36443  6.0742e-12  
0.30873  0.751247  0.583364  2  2  3.69325  2  2  2  0.634448  0.668345  0.388318  
0.617872  0.538992  0.57247  2  2  3.69325  2  2  2  0.202152  0.677968  0.706749  
0.359678  0.608835  0.707073  2  2  3.69325  2  2  2  0.675981  0.732794  0.0778622  
0.487488  0.834605  0.256496  2  2  3.69325  2  2  2  0.366657  0.930356  1.07095e-07  
0.852179  0.52325  9.91138e-08  2  2  3.69325  2  2  2  0.921162  9.13895e-09  0.38918  
0.906215  0.271661  0.323998  2  2  3.69325  2  2  2  2.56377e-06  0.017771  1.06581  
0.840543  0.436298  0.321142  2  2  3.69325  2  2  2  0.995241  0.097448  7.85099e-17  
0.694164  0.319698  0.644926  2  2  3.69325  2  2  2  0.889408  0.457114  3.14694e-14  
0.729579  0.683896  0  2  2  3.69325  2  2  2  2.82775e-17  5.43119e-17  1  
0.937866  1.57735e-06  0.346997  2  2  3.69325  2  2  2  0.520716  0.570123  0.635464  
0.454857  0.541451  0.707061  2  2  3.69325  2  2  2  0.829651  1.03283e-10  0.558282  
0.381783  0.781317  0.493747  2  2  3.69325  2  2  2  0.845972  0.533227  1.87463e-07  
3.0417e-06  0.773028  0.634372  2  2  3.69325  2  2  2  0.0135935  0.868372  0.495727  
0.914216  9.42708e-08  0.405228  2  2  3.69325  2  2  2  0.000764325  0.758405  0.651783  
5.66392e-17  0.924989  0.379995  2  2  3.69325  2  2  2  0.762416  0.647087  2.56393e-05  
0.260279  0.811135  0.523751  2  2  2  2  2  2  0.588313  0.763743  0.265678  
0.584005  0.713901  0.386372  2  2  2  2  2  2  0.782385  0.43126  0.44932  
0.332469  0.903128  0.271706  2  2  2  2  2  2  5.91143e-17  1.59654e-17  1  
0.27671  0.705977  0.651942  2  2  2  2  2  2  0.517781  0.666011  0.536966  
0.538127  0.458741  0.707089  2  2  2  2  2  2  0.173764  0.685549  0.706986  
0.431807  0.716002  0.548529  2  2  2  2  2  2  0.728273  0.256262  0.63557  
4.54152e-17  0.741686  0.670747  2  2  2  2  2  2  0.727777  0.685814  6.09868e-08  
0.672142  0.676543  0.300856  2  2  2  2  2  2  0.966681  0.255984  6.09868e-08  
0.534206  0.683759  0.497089  2  2  2  2  2  2  0.562457  0.826827  8.57114e-17  
0.708243  0.610616  0.354317  2  2  2  2  2  2  6.03995e-17  0.986398  0.164373  
0.767342  0.48723  0.416886  2  2  2  2  2  2  0.685596  0.17313  0.707095  
0.983054  1.93737e-09  0.183316  2  2  2  2  2  2  0.422089  0.789051  0.446362  
0.889183  2.60281e-13  0.457551  2  2  2  2  2  2  0.631781  0.699864  0.333232  
0.941486  0.242729  0.233853  2  2  2  2  2  2  0.516012  0.483611  0.707002  
0.887357  0.38019  0.260869  2  2  2  2  2  2  0.578598  0.406498  0.707095  
0.878459  0.477818  7.02834e-08  2  2  2  2  2  2  0.544856  0.734742  0.404086  
0.659882  0.438023  0.610485  2  2  2  2  2  2  0.956392  0.00203241  0.292079  
0.688623  0.160667  0.707095  2  2  2  2  2  2  0.925219  0.379434  3.8484e-08  
0.406006  0.913871  8.23072e-11  2  2  2  2  2  2  0.883702  9.33774e-09  0.46805  
0.80932  0.513038  0.285996  2  2  2  2  2  2  0.304893  0.638231  0.706896  
0.608202  0.360689  0.707102  2  2  2  2  2  2  5.51315e-17  0.900365  0.435135  
0.488955  0.751135  0.443531  2  2  2  2  2  2  0.927081  0.261423  0.268661  
0.770707  0  0.63719  2  2  2  2  2  2  0.88412  0.293466  0.363605  
0.461563  0.887107  4.89796e-08  2  2  2  2  2  2  0.677053  0.313637  0.665756  
0.273432  0.961891  3.30725e-07  2  2  2  2  2  2  5.29787e-17  0.865208  0.501413  
0.516368  0.856367  1.11663e-12  2  2  2  2  2  2  0.822021  9.84619e-08  0.569458  
0.75253  0.289776  0.591378  2  2  2  2  2  2  0.785578  8.3009e-09  0.618763  
0.514137  0.573184  0.638062  2  2  2  2  2  2  0.349103  0.937082  0.0019625  
0.300437  0.640128  0.707088  2  2  2  2  2  2  0.257082  0.66231  0.703743  
0.829651  3.198e-10  0.558282  2  2  2  2  2  2  0.892687  0.368895  0.258894  
0.259227  0.883146  0.390966  2  2  2  2  2  2  0.372079  0.670803  0.641546  
3.58867e-08  0.976641  0.214879  2  2  2  2  2  2  4.57554e-17  0.747242  0.664552  
6.12323e-17  1  8.57114e-17  2  2  2  2  2  2  0.654104  0.756405  4.83203e-08  
0.692506  0.721412  1.144e-08  2  2  2  2  2  2  0.856542  0.516077  2.08715e-07  
0.540162  0.781204  0.312963  2  2  2  2  2  2  0.466191  0.884684  2.79784e-08  
0.666862  0.580345  0.467435  2  2  2  2  2  2  7.95542e-08  0.946423  0.322931  
0.575118  0.411407  0.707095  2  2  2  2  2  2  0.770725  0.265757  0.579099  
0.499797  0.500228  0.707089  2  2  2  2  2  2  4.7939e-17  0.782904  0.622143  
0.394463  0.863874  0.313241  2  2  2  2  2  2  0.812746  0.302364  0.498016  
0.159292  0.688945  0.707093  2  2  2  2  2  2  0.934952  9.87928e-09  0.354773  
0.439922  0.810245  0.387262  2  2  2  2  2  2  6.12323e-17  1  8.57114e-17  
0.729117  0.411619  0.54677  2  2  2  2  2  2  0.985358  0.170498  3.36054e-07  
3.51961e-08  0.707124  0.70709  2  2  2  2  2  2  0.452884  0.54648  0.704454  
0.625267  0.649425  0.432768  2  2  2  2  2  2  5.14489e-16  0.707331  0.706883  
0.978258  0.20739  2.22225e-11  2  2  2  2  2  2  0.226617  0.813156  0.536118  
0.608246  0.793748  4.50497e-17  2  2  2  2  2  2  0.707118  0  0.707095  
0.316385  0.839647  0.441467  2  2  2  2  2  2  0.947034  0.321133  5.54226e-11  
0.183176  0.98308  7.85099e-17  2  2  2  2  2  2  0.976757  1.25843e-07  0.214352  
0.707118  0  0.707095  2  2  2  2  2  2  5.08791e-17  0.830919  0.556393  
0.651754  0.75843  4.50497e-17  2  2  2  2  2  2  0.413917  0.910315  6.42621e-08  
0.482454  0.640722  0.597255  2  2  2  2  2  2  1  1.38213e-17  0  
0.956753  0.290902  3.8484e-08  2  2  2  2  2  2  0.607929  0.657146  0.445624  
0.761122  0.648609  1.82821e-08  2  2  2  2  2  2  0.723043  0.507797  0.468348  
5.50796e-17  0.899518  0.436884  2  2  2  2  2  2  0.593427  0.601249  0.535111  
0.566841  0.823827  8.52808e-17  2  2  2  2  2  2  0.106131  0.922067  0.372195  
0.755674  0.574816  0.313916  2  2  2  2  2  2  0.904173  0.427165  8.17469e-17  
6.7626e-06  0.953236  0.302225  2  2  2  2  2  2  0.851624  1.61903e-08  0.524154  
0.577557  0.612052  0.540203  2  2  2  2  2  2  0.48207  0.517324  0.707095  
0.63891  0.303031  0.707083  2  2  2  2  2  2  0.743213  0.392644  0.541725  
0.583215  0.481569  0.65418  2  2  2  2  2  2  0.880606  0.473849  1.52472e-07  
0.9064  0.422421  5.02979e-08  2  2  2  2  2  2  0.615736  0.441469  0.652667  
0.839083  0.261941  0.476787  2  2  2  2  2  2  0.799624  0.6005  6.09868e-08  
0.860225  5.74286e-17  0.509915  2  2  2  2  2  2  0.659895  0.254076  0.707095  
5.32291e-17  0.869297  0.494291  2  2  2  2  2  2  0.290799  0.767246  0.571637  
1  2.23956e-10  5.8426e-12  2  2  2  2  2  2  0.197907  0.950159  0.240896  
0.701125  0.50827  0.500086  2  2  2  2  2  2  0.547814  0.447135  0.707085  
0.864694  0.314821  0.391397  2  2  2  2  2  2  0.847112  0.445715  0.289379  
0.961629  0  0.274352  2  2  2  2  2  2  0.326572  0.871522  0.365787  
0.792332  0.61009  0  2  2  2  2  2  2  0.29191  0.839624  0.458061  
0.235644  0.6667  0.707095  2  2  2  2  2  2  0.489041  0.720538  0.491593  
1.65762e-15  0.804812  0.593529  2  2  2  2  2  2  0.361186  0.607923  0.707088  
0.808529  0.394939  0.43624  2  2  2  2  2  2  0.522228  0.799609  0.296484  
0.932271  0.361762  3.8484e-08  2  2  2  2  2  2  0.409189  0.577648  0.706319  
0.787724  0.330886  0.51962  2  2  2  2  2  2  0.832981  0.383772  0.398574  
0.822801  0.56833  3.55327e-06  2  2  2  2  2  2  0.607696  0.361541  0.707102  
0.407781  0.577697  0.707093  2  2  2  2  2  2  0.631092  0.318962  0.707097  
5.12843e-17  0.837536  0.546383  2  2  2  2  2  2  0.707458  0.640979  0.29774  
0.738949  3.4675e-08  0.673761  2  2  2  2  2  2  0.302188  0.914334  0.269586  
0.622549  0.737186  0.262659  2  2  2  2  2  2  0.683228  0.411105  0.603483  
0.24047  0.937463  0.251668  2  2  2  2  2  2  0.86299  0.23919  0.445013  
0.344032  0.938958  1.144e-08  2  2  2  2  2  2  0.606994  0.794707  4.83203e-08  
5.0252e-16  5.31344e-17  1  2  2  2  2  2  2  5.9393e-17  0.969962  0.243257  
0.665635  0.238634  0.707095  2  2  2  2  2  2  0.271076  0.962558  2.87162e-08  
0.394152  0.663866  0.635552  2  2  2  2  2  2  0.40224  0.739034  0.5404  
0.801003  1.05189e-09  0.598661  2  2  2  2  2  2  0.511939  0.859022  4.85933e-08  
0.310867  0.748863  0.585291  2  2  2  2  2  2  0.829417  0.55863  2.16783e-08  
0.618486  0.538245  0.57251  2  2  2  2  2  2  0.760051  0.569166  0.313643  
0.356756  0.610533  0.707088  2  2  2  2  2  2  0.91479  0  0.40393  
0.487488  0.834605  0.256496  2  2  2  2  2  2  0.690046  0.723766  2.4606e-08  
0.851401  0.524516  4.89796e-08  2  2  2  2  2  2  0.794414  0.505053  0.337383  
0.905968  0.270717  0.325476  2  2  2  2  2  2  0.685283  0.588037  0.429651  
0.842511  0.436061  0.316269  2  2  2  2  2  2  0.324422  0.718889  0.614776  
0.691329  0.321429  0.647107  2  2  2  2  2  2  0.550993  0.558256  0.620288  
0.727618  0.685982  3.36065e-07  2  2  2  2  2  2  0.767058  0.641578  2.43801e-08  
0.938002  0  0.34663  2  2  2  2  2  2  0.475107  0.575996  0.665208  
0.456021  0.54043  0.707093  2  2  2  2  2  2  0.421751  0.864743  0.272664  
0.381783  0.781317  0.493747  2  2  2  2  2  2  0.748452  6.10715e-08  0.663189  
1.59581e-07  0.774519  0.632551  2  2  2  2  2  2  0.644517  0.512711  0.567208  
0.91455  4.30829e-12  0.404474  2  2  2  2  2  2  0.447933  0.823575  0.347967  
1.29271e-15  0.92767  0.3734  2  2  2  2  2  2  0.480282  0.639804  0.599983  
0.260279  0.811135  0.523751  2  2  2  2  2  2  0.287399  0.854161  0.433371  
0.584005  0.713901  0.386372  2  2  2  2  2  2  0.962062  0.272832  8.39666e-17  
0.332469  0.903128  0.271706  2  2  2  2  2  2  5.91143e-17  1.59654e-17  1  
0.27671  0.705977  0.651942  2  2  2  2  2  2  0.571898  0.726229  0.381475  
0.538528  0.458254  0.7071  2  2  2  2  2  2  0.240452  0.664973  0.707102  
0.431818  0.715329  0.549397  2  2  2  2  2  2  0.821835  0.569725  8.57114e-17  
4.54247e-17  0.741842  0.670575  2  2  2  2  2  2  0.75074  0.660598  1.21066e-07  
0.67245  0.675734  0.301985  2  2  2  2  2  2  1.46168e-07  0.744615  0.667495  
0.534206  0.683759  0.497089  2  2  2  2  2  2  1.03244e-07  0.960126  0.279569  
0.707808  0.610643  0.355137  2  2  2  2  2  2  1  1.38213e-17  0  
0.768091  0.484786  0.418351  2  2  2  2  2  2  0.692637  0.142345  0.707101  
0.983054  1.93737e-09  0.183316  2  2  2  2  2  2  0.926208  0.266516  0.266662  
0.889196  1.10875e-14  0.457527  2  2  2  2  2  2  0.534458  0.694498  0.481692  
0.941486  0.242729  0.233853  2  2  2  2  2  2  0.428618  0.741537  0.516149  
0.886953  0.382676  0.258598  2  2  2  2  2  2  0.569604  0.418993  0.707104  
0.878064  0.478544  1.73484e-12  2  2  2  2  2  2  0.779713  1.07767e-17  0.626137  
0.658891  0.437091  0.61222  2  2  2  2  2  2  0.881131  1.21265e-17  0.472873  
0.688736  0.160165  0.707099  2  2  2  2  2  2  0.913348  0.40718  8.39666e-17  
0.405933  0.913903  3.40837e-11  2  2  2  2  2  2  0.97785  1.35152e-17  0.209308  
0.807809  0.516456  0.284109  2  2  2  2  2  2  0.349648  0.806098  0.477443  
0.608202  0.360689  0.707102  2  2  2  2  2  2  0.545622  0.838031  2.37937e-08  
0.491994  0.750917  0.440529  2  2  2  2  2  2  0.476951  0.770417  0.423056  
0.770262  1.06461e-17  0.637727  2  2  2  2  2  2  4.77642e-17  0.780048  0.625719  
0.46208  0.886838  1.2635e-08  2  2  2  2  2  2  0.269449  0.724796  0.634088  
0.272444  0.962172  6.09321e-17  2  2  2  2  2  2  6.80366e-08  0.869462  0.494  
0.516246  0.85644  2.37937e-08  2  2  2  2  2  2  0.332832  0.942986  1.06393e-08  
0.75247  0.286828  0.59289  2  2  2  2  2  2  0.431891  0.829429  0.354286  
0.514137  0.573184  0.638062  2  2  2  2  2  2  0.393244  0.919434  2.13385e-12  
0.302346  0.639217  0.707099  2  2  2  2  2  2  1.0038e-08  0.938925  0.344122  
0.829372  0  0.558697  2  2  2  2  2  2  0.793849  0.266557  0.546581  
0.255316  0.884292  0.390949  2  2  2  2  2  2  0.497556  0.664741  0.557276  
5.98037e-17  0.976669  0.214749  2  2  2  2  2  2  0.666686  0.48703  0.564209  
6.12323e-17  1  8.57114e-17  2  2  2  2  2  2  0.502024  0.864854  2.3784e-08  
0.691515  0.722362  1.20646e-10  2  2  2  2  2  2  0.853154  0.52166  1.05976e-08  
0.541972  0.780096  0.312597  2  2  2  2  2  2  0.447607  0.89423  2.37007e-08  
0.670051  0.577455  0.466452  2  2  2  2  2  2  4.96638e-17  0.811071  0.584947  
0.57482  0.411816  0.7071  2  2  2  2  2  2  0.711441  0.702746  8.1279e-08  
0.499178  0.500827  0.707102  2  2  2  2  2  2  0.884368  0.466791  8.39666e-17  
0.394024  0.863673  0.314347  2  2  2  2  2  2  0.744352  1.02879e-17  0.667787  
0.159358  0.688924  0.707099  2  2  2  2  2  2  0.849602  1.16926e-17  0.527424  
0.439922  0.810245  0.387262  2  2  2  2  2  2  0.722311  0.637357  0.268409  
0.728484  0.410475  0.548472  2  2  2  2  2  2  0.756868  0.565005  0.328513  
4.32981e-17  0.707111  0.707102  2  2  2  2  2  2  0.706948  0.271612  0.653032  
0.625267  0.649425  0.432768  2  2  2  2  2  2  4.32981e-17  0.707111  0.707102  
0.978157  0.207869  8.39666e-17  2  2  2  2  2  2  0.6541  0.686479  0.317649  
0.606782  0.794868  1.10513e-17  2  2  2  2  2  2  0.70711  0  0.707104  
0.316385  0.839647  0.441467  2  2  2  2  2  2  7.00857e-08  0.894987  0.446092  
0.182206  0.98326  1.58753e-09  2  2  2  2  2  2  0.411047  0.575367  0.707102  
0.70711  0  0.707104  2  2  2  2  2  2  0.864298  0.2628  0.428865  
0.650852  0.759204  1.10513e-17  2  2  2  2  2  2  0.619723  0.435463  0.652928  
0.482999  0.641148  0.596357  2  2  2  2  2  2  0.267729  0.927283  0.261661  
0.956563  0.291525  0  2  2  2  2  2  2  0.295539  0.773809  0.560247  
0.760642  0.649171  1.30906e-14  2  2  2  2  2  2  0.817346  0.332411  0.470583  
1.33562e-07  0.899873  0.436152  2  2  2  2  2  2  0.360775  0.608153  0.707101  
0.565975  0.824422  2.38956e-08  2  2  2  2  2  2  0.468411  0.607694  0.641327  
0.755674  0.574816  0.313916  2  2  2  2  2  2  0.67414  0.213402  0.707103  
2.30244e-08  0.953724  0.300684  2  2  2  2  2  2  0.910361  1.25288e-17  0.413816  
0.577992  0.612166  0.53961  2  2  2  2  2  2  0.497457  0.502536  0.707102  
0.638131  0.304624  0.707102  2  2  2  2  2  2  0.788302  0.615288  8.57114e-17  
0.583215  0.481569  0.65418  2  2  2  2  2  2  0.815621  1.1273e-17  0.578586  
0.906247  0.422748  0  2  2  2  2  2  2  0.675342  0.737504  2.38821e-08  
0.839323  0.260221  0.477307  2  2  2  2  2  2  0.98328  0.182098  8.39666e-17  
0.860393  1.18918e-17  0.509631  2  2  2  2  2  2  0.600792  0.372906  0.7071  
6.81139e-08  0.869808  0.49339  2  2  2  2  2  2  0.309536  0.888788  0.338001  
1  2.23956e-10  5.8426e-12  2  2  2  2  2  2  0.304481  0.638203  0.707099  
0.704365  0.504936  0.498908  2  2  2  2  2  2  0.71744  0.52273  0.460471  
0.864694  0.314821  0.391397  2  2  2  2  2  2  4.27247e-08  0.979005  0.203838  
0.961683  1.32917e-17  0.274163  2  2  2  2  2  2  0.751745  0.416656  0.511152  
0.791479  0.611196  8.57114e-17  2  2  2  2  2  2  0.810822  0.510192  0.28683  
0.238019  0.665848  0.707102  2  2  2  2  2  2  0.521403  0.799685  0.29773  
4.93244e-17  0.805529  0.592557  2  2  2  2  2  2  0.957854  1.32388e-17  0.287257  
0.807428  0.397068  0.436344  2  2  2  2  2  2  0.939127  0.343571  8.39666e-17  
0.932051  0.362328  8.39755e-12  2  2  2  2  2  2  0.588874  0.808225  1.10513e-17  
0.788324  0.325858  0.521882  2  2  2  2  2  2  2.19491e-08  0.917571  0.397571  
0.82202  0.569458  8.57114e-17  2  2  2  2  2  2  0.352473  0.663216  0.660233  
0.410152  0.576006  0.707102  2  2  2  2  2  2  0.686065  0.606139  0.402379  
6.56764e-08  0.838681  0.544623  2  2  2  2  2  2  0.612194  0.648168  0.452876  
0.73843  0  0.67433  2  2  2  2  2  2  0.784044  0.46344  0.412916  
0.621264  0.738731  0.261357  2  2  2  2  2  2  0.93532  0  0.353803  
0.241937  0.936326  0.254479  2  2  2  2  2  2  0.45639  0.540106  0.707102  
0.34327  0.939237  8.39666e-17  2  2  2  2  2  2  0.175387  0.9845  0  
5.0252e-16  5.31344e-17  1  2  2  2  2  2  2  0.890451  0.324006  0.319558  
0.665153  0.239952  0.707103  2  2  2  2  2  2  5.14543e-17  0.840312  0.542103  
0.394171  0.662887  0.636562  2  2  2  2  2  2  0.603097  0.753363  0.262141  
0.80058  0  0.599225  2  2  2  2  2  2  0.555115  0.597505  0.57865  
0.309903  0.749262  0.585292  2  2  2  2  2  2  0.652798  0.271781  0.7071  
0.619286  0.535363  0.574344  2  2  2  2  2  2  0.864385  0.43429  0.253437  
0.358617  0.60943  0.707099  2  2  2  2  2  2  0.637309  0.569564  0.519071  
0.484918  0.835385  0.258817  2  2  2  2  2  2  0.633698  0.77358  8.39666e-17  
0.850982  0.525195  1.05976e-08  2  2  2  2  2  2  0.535122  0.462226  0.707101  
0.905968  0.270717  0.325476  2  2  2  2  2  2  0.6284  0.324229  0.7071  
0.840963  0.437856  0.317904  2  2  2  2  2  2  0.569485  0.528243  0.629798  
0.691329  0.321429  0.647107  2  2  2  2  2  2  0.262243  0.965002  8.57114e-17  
0.727128  0.686502  8.2104e-08  2  2  2  2  2  2  0.684383  0.393332  0.61393  
0.938072  0  0.346441  2  2  2  2  2  2  6.12323e-17  1  8.57114e-17  
0.45639  0.540106  0.707102  2  2  2  2  2  2  0.161329  0.688464  0.7071  
0.384895  0.779418  0.494332  2  2  2  2  2  2  0.393603  0.701473  0.594148  
5.51565e-08  0.775336  0.631549  2  2  2  2  2  2  0.838747  0.399201  0.370326  
0.91455  4.30829e-12  0.404474  2  2  2  2  2  2  0.741169  0.324105  0.587899  
1.29271e-15  0.92767  0.3734  2  2  2  2  2  2  0.407395  0.872481  0.269826  
0.260279  0.811135  0.523751  2  2  2  2  2  2  0.287556  0.853993  0.433598  
0.584005  0.713901  0.386372  2  2  2  2  2  2  0.961808  0.273725  8.39666e-17  
0.332469  0.903128  0.271706  2  2  2  2  2  2  5.91143e-17  1.59654e-17  1  
0.27671  0.705977  0.651942  2  2  2  2  2  2  0.570468  0.726895  0.382348  
0.538227  0.458599  0.707106  2  2  2  2  2  2  0.239144  0.665441  0.707106  
0.431818  0.715329  0.549397  2  2  2  2  2  2  0.821574  0.570102  0  
1.45686e-07  0.742161  0.670221  2  2  2  2  2  2  0.751754  0.659444  8.57114e-17  
0.67245  0.675734  0.301985  2  2  2  2  2  2  1.46161e-07  0.744582  0.667531  
0.535651  0.682531  0.497222  2  2  2  2  2  2  1.03275e-07  0.960415  0.278574  
0.707808  0.610643  0.355137  2  2  2  2  2  2  1  1.38213e-17  0  
0.769588  0.485305  0.414985  2  2  2  2  2  2  0.692428  0.143334  0.707106  
0.983054  1.93737e-09  0.183316  2  2  2  2  2  2  0.926225  0.266012  0.267105  
0.889196  1.10875e-14  0.457527  2  2  2  2  2  2  0.53381  0.695339  0.481197  
0.941486  0.242729  0.233853  2  2  2  2  2  2  0.428882  0.741384  0.516149  
0.886953  0.382676  0.258598  2  2  2  2  2  2  0.566487  0.423196  0.707106  
0.877367  0.47982  1.05531e-08  2  2  2  2  2  2  0.780212  1.07836e-17  0.625515  
0.65925  0.435853  0.612716  2  2  2  2  2  2  0.881131  1.21265e-17  0.472873  
0.688765  0.160014  0.707106  2  2  2  2  2  2  0.913186  0.407542  0  
0.404461  0.914555  8.57114e-17  2  2  2  2  2  2  0.97785  1.35152e-17  0.209308  
0.807809  0.516456  0.284109  2  2  2  2  2  2  0.348772  0.806371  0.477623  
0.608052  0.360936  0.707106  2  2  2  2  2  2  0.547577  0.836756  1.10513e-17  
0.492801  0.75037  0.440558  2  2  2  2  2  2  0.477013  0.770517  0.422801  
0.770262  1.06461e-17  0.637727  2  2  2  2  2  2  4.77481e-17  0.779786  0.626046  
0.460336  0.887745  0  2  2  2  2  2  2  0.27119  0.724464  0.633725  
0.272135  0.962259  2.66633e-18  2  2  2  2  2  2  2.05779e-08  0.867004  0.4983  
0.514641  0.857406  0  2  2  2  2  2  2  0.331461  0.943469  1.05574e-08  
0.75247  0.286828  0.59289  2  2  2  2  2  2  0.432274  0.829759  0.353043  
0.514137  0.573184  0.638062  2  2  2  2  2  2  0.393477  0.919335  0  
0.302452  0.639158  0.707106  2  2  2  2  2  2  9.96113e-09  0.939656  0.34212  
0.829372  0  0.558697  2  2  2  2  2  2  0.793249  0.265284  0.54807  
0.255316  0.884292  0.390949  2  2  2  2  2  2  0.498288  0.664714  0.556655  
4.26258e-08  0.976737  0.21444  2  2  2  2  2  2  0.6665  0.485758  0.565523  
6.12323e-17  1  8.57114e-17  2  2  2  2  2  2  0.502429  0.864619  0  
0.68977  0.724028  8.39666e-17  2  2  2  2  2  2  0.852638  0.522502  1.05531e-08  
0.541972  0.780096  0.312597  2  2  2  2  2  2  0.449988  0.893035  0  
0.670051  0.577455  0.466452  2  2  2  2  2  2  4.96371e-17  0.810635  0.585551  
0.574585  0.412133  0.707105  2  2  2  2  2  2  0.712596  0.701575  2.69827e-17  
0.498924  0.501076  0.707105  2  2  2  2  2  2  0.884195  0.467118  8.39666e-17  
0.395019  0.862729  0.315687  2  2  2  2  2  2  0.744762  1.02936e-17  0.66733  
0.158927  0.689016  0.707106  2  2  2  2  2  2  0.849759  1.16948e-17  0.527172  
0.438739  0.809436  0.390285  2  2  2  2  2  2  0.721971  0.636924  0.270344  
0.728484  0.410475  0.548472  2  2  2  2  2  2  0.756498  0.564729  0.329837  
4.32979e-17  0.707108  0.707106  2  2  2  2  2  2  0.65067  0.276821  0.707106  
0.625267  0.649425  0.432768  2  2  2  2  2  2  4.32979e-17  0.707108  0.707106  
0.978157  0.207869  8.39666e-17  2  2  2  2  2  2  0.653441  0.687106  0.317649  
0.606232  0.795288  8.39666e-17  2  2  2  2  2  2  0.707108  0  0.707106  
0.316385  0.839647  0.441467  2  2  2  2  2  2  9.46173e-09  0.892518  0.451012  
0.182206  0.98326  1.58753e-09  2  2  2  2  2  2  0.408404  0.577242  0.707106  
0.707108  0  0.707106  2  2  2  2  2  2  0.8638  0.263209  0.429616  
0.649403  0.760445  8.39666e-17  2  2  2  2  2  2  0.619557  0.435149  0.653295  
0.483661  0.640799  0.596195  2  2  2  2  2  2  0.268374  0.927398  0.260593  
0.956485  0.291782  0  2  2  2  2  2  2  0.296196  0.773723  0.560019  
0.75875  0.651382  8.57114e-17  2  2  2  2  2  2  0.815501  0.332859  0.473458  
2.14087e-08  0.899995  0.435901  2  2  2  2  2  2  0.358586  0.60944  0.707106  
0.56496  0.825118  1.10513e-17  2  2  2  2  2  2  0.469312  0.606998  0.641327  
0.755754  0.572619  0.317715  2  2  2  2  2  2  0.673222  0.216271  0.707106  
2.26894e-08  0.953833  0.300336  2  2  2  2  2  2  0.910464  1.25302e-17  0.413588  
0.580999  0.610176  0.538633  2  2  2  2  2  2  0.494474  0.505467  0.707106  
0.638432  0.303983  0.707106  2  2  2  2  2  2  0.788571  0.614943  8.57114e-17  
0.583215  0.481569  0.65418  2  2  2  2  2  2  0.815915  1.1277e-17  0.578172  
0.905841  0.423618  1.18469e-14  2  2  2  2  2  2  0.676355  0.736576  8.39666e-17  
0.839323  0.260221  0.477307  2  2  2  2  2  2  0.983124  0.182938  8.39666e-17  
0.860312  1.184e-17  0.509768  2  2  2  2  2  2  0.597376  0.378343  0.707106  
6.80665e-08  0.869845  0.493326  2  2  2  2  2  2  0.307151  0.889918  0.337201  
1  2.23956e-10  5.8426e-12  2  2  2  2  2  2  0.303565  0.638631  0.707106  
0.704365  0.504936  0.498908  2  2  2  2  2  2  0.716804  0.521203  0.463183  
0.864694  0.314821  0.391397  2  2  2  2  2  2  4.27329e-08  0.979192  0.202937  
0.961716  1.32922e-17  0.274049  2  2  2  2  2  2  0.751191  0.415308  0.513061  
0.790262  0.612769  8.57114e-17  2  2  2  2  2  2  0.810372  0.510258  0.287981  
0.237854  0.665904  0.707105  2  2  2  2  2  2  0.522116  0.799961  0.295733  
4.93244e-17  0.805529  0.592557  2  2  2  2  2  2  0.957854  1.32388e-17  0.287257  
0.807227  0.396881  0.436886  2  2  2  2  2  2  0.938709  0.34471  8.39666e-17  
0.931882  0.362762  8.39666e-17  2  2  2  2  2  2  0.590501  0.807037  3.66847e-12  
0.788324  0.325858  0.521882  2  2  2  2  2  2  2.16541e-08  0.916435  0.400184  
0.821225  0.570605  8.57114e-17  2  2  2  2  2  2  0.35329  0.662781  0.660233  
0.409883  0.576191  0.707106  2  2  2  2  2  2  0.685092  0.606507  0.403482  
6.56764e-08  0.838681  0.544623  2  2  2  2  2  2  0.611473  0.648704  0.453082  
0.73843  0  0.67433  2  2  2  2  2  2  0.782621  0.463995  0.414985  
0.621386  0.738351  0.262141  2  2  2  2  2  2  0.935308  0  0.353835  
0.241937  0.936326  0.254479  2  2  2  2  2  2  0.453161  0.542814  0.707106  
0.342289  0.939595  0  2  2  2  2  2  2  0.174535  0.984651  0  
5.0252e-16  5.31344e-17  1  2  2  2  2  2  2  0.890475  0.323504  0.32  
0.665496  0.238991  0.707106  2  2  2  2  2  2  5.14164e-17  0.839694  0.543061  
0.394171  0.662887  0.636562  2  2  2  2  2  2  0.602945  0.753178  0.263022  
0.80058  0  0.599225  2  2  2  2  2  2  0.555617  0.597038  0.57865  
0.309903  0.749262  0.585292  2  2  2  2  2  2  0.707683  0.27024  0.652805  
0.621091  0.534178  0.573498  2  2  2  2  2  2  0.863633  0.435275  0.254311  
0.359026  0.609181  0.707106  2  2  2  2  2  2  0.637446  0.568566  0.519995  
0.484918  0.835385  0.258817  2  2  2  2  2  2  0.634627  0.772819  8.39666e-17  
0.850125  0.526581  8.39666e-17  2  2  2  2  2  2  0.531989  0.465821  0.707106  
0.905968  0.270717  0.325476  2  2  2  2  2  2  0.625668  0.329456  0.707106  
0.840963  0.437856  0.317904  2  2  2  2  2  2  0.569404  0.527709  0.63032  
0.691329  0.321429  0.647107  2  2  2  2  2  2  0.261181  0.96529  2.66633e-18  
0.725169  0.688571  2.69827e-17  2  2  2  2  2  2  0.684523  0.391976  0.61464  
0.938139  1.29111e-17  0.346259  2  2  2  2  2  2  6.12323e-17  1  8.57114e-17  
0.456288  0.540188  0.707106  2  2  2  2  2  2  0.159933  0.688784  0.707106  
0.384519  0.780333  0.49318  2  2  2  2  2  2  0.395097  0.700494  0.594312  
4.74785e-17  0.775383  0.631491  2  2  2  2  2  2  0.838411  0.398489  0.371852  
0.914589  1.2587e-17  0.404384  2  2  2  2  2  2  0.741326  0.321765  0.588985  
2.20714e-08  0.927855  0.372942  2  2  2  2  2  2  0.405098  0.872902  0.271915  
0.260279  0.811135  0.523751  2  2  2  2  2  2  0.287556  0.853993  0.433598  
0.584005  0.713901  0.386372  2  2  2  2  2  2  0.961726  0.274012  8.39666e-17  
0.332469  0.903128  0.271706  2  2  2  2  2  2  5.91143e-17  1.59654e-17  1  
0.27671  0.705977  0.651942  2  2  2  2  2  2  0.570468  0.726895  0.382348  
0.538326  0.458482  0.707106  2  2  2  2  2  2  0.237519  0.666022  0.707106  
0.434716  0.714574  0.548093  2  2  2  2  2  2  0.821514  0.570189  0  
1.45686e-07  0.742161  0.670221  2  2  2  2  2  2  0.751709  0.659495  8.57114e-17  
0.67245  0.675734  0.301985  2  2  2  2  2  2  1.46114e-07  0.744344  0.667797  
0.535651  0.682531  0.497222  2  2  2  2  2  2  5.88033e-17  0.96033  0.278866  
0.707808  0.610643  0.355137  2  2  2  2  2  2  1  1.38213e-17  0  
0.76975  0.484844  0.415225  2  2  2  2  2  2  0.691664  0.146972  0.707106  
0.983054  1.93737e-09  0.183316  2  2  2  2  2  2  0.926135  0.266125  0.267305  
0.889305  1.2239e-17  0.457314  2  2  2  2  2  2  0.53381  0.695339  0.481197  
0.941486  0.242729  0.233853  2  2  2  2  2  2  0.428882  0.741384  0.516149  
0.886953  0.382676  0.258598  2  2  2  2  2  2  0.562841  0.428031  0.707106  
0.877052  0.480395  0  2  2  2  2  2  2  0.780235  1.07839e-17  0.625487  
0.65925  0.435853  0.612716  2  2  2  2  2  2  0.881227  1.21279e-17  0.472694  
0.68871  0.16025  0.707106  2  2  2  2  2  2  0.91291  0.40816  0  
0.404015  0.914752  8.39666e-17  2  2  2  2  2  2  0.97785  1.35152e-17  0.209308  
0.807809  0.516456  0.284109  2  2  2  2  2  2  0.348304  0.806574  0.477623  
0.608093  0.360865  0.707107  2  2  2  2  2  2  0.548086  0.836422  0  
0.492801  0.75037  0.440558  2  2  2  2  2  2  0.476711  0.770704  0.422801  
0.770262  1.06461e-17  0.637727  2  2  2  2  2  2  4.77287e-17  0.779468  0.626442  
0.460267  0.887781  2.66633e-18  2  2  2  2  2  2  0.271806  0.724234  0.633725  
0.271494  0.96244  0  2  2  2  2  2  2  2.04863e-08  0.866795  0.498665  
0.514206  0.857667  0  2  2  2  2  2  2  0.331461  0.943469  1.05563e-08  
0.75247  0.286828  0.59289  2  2  2  2  2  2  0.432517  0.82983  0.352578  
0.515724  0.571317  0.638456  2  2  2  2  2  2  0.39357  0.919295  8.39666e-17  
0.302452  0.639158  0.707106  2  2  2  2  2  2  9.90263e-09  0.939377  0.342887  
0.829292  1.14131e-17  0.558815  2  2  2  2  2  2  0.79327  0.263964  0.548677  
0.255802  0.883956  0.391391  2  2  2  2  2  2  0.498288  0.664714  0.556655  
4.26258e-08  0.976737  0.21444  2  2  2  2  2  2  0.666548  0.48597  0.565285  
6.12323e-17  1  8.57114e-17  2  2  2  2  2  2  0.502881  0.864355  8.39666e-17  
0.689728  0.724069  2.66633e-18  2  2  2  2  2  2  0.852501  0.522725  1.05531e-08  
0.541972  0.780096  0.312597  2  2  2  2  2  2  0.45026  0.892898  8.39666e-17  
0.670051  0.577455  0.466452  2  2  2  2  2  2  4.9618e-17  0.810323  0.585983  
0.574747  0.411906  0.707106  2  2  2  2  2  2  0.712875  0.701292  8.39666e-17  
0.498957  0.501042  0.707106  2  2  2  2  2  2  0.883822  0.467823  8.39666e-17  
0.395019  0.862729  0.315687  2  2  2  2  2  2  0.744636  1.02919e-17  0.667471  
0.159356  0.688917  0.707107  2  2  2  2  2  2  0.849759  1.16948e-17  0.527172  
0.438739  0.809436  0.390285  2  2  2  2  2  2  0.721938  0.636774  0.270785  
0.728484  0.410475  0.548472  2  2  2  2  2  2  0.756657  0.564516  0.329837  
4.32978e-17  0.707107  0.707106  2  2  2  2  2  2  0.648698  0.28141  0.707107  
0.626629  0.649938  0.430019  2  2  2  2  2  2  4.32978e-17  0.707107  0.707106  
0.978085  0.208204  8.39666e-17  2  2  2  2  2  2  0.653441  0.687106  0.317649  
0.605518  0.795832  8.39666e-17  2  2  2  2  2  2  0.707107  0  0.707107  
0.316385  0.839647  0.441467  2  2  2  2  2  2  9.4077e-09  0.892518  0.451012  
0.181409  0.983408  0  2  2  2  2  2  2  0.405066  0.579588  0.707106  
0.707107  0  0.707107  2  2  2  2  2  2  0.863823  0.262475  0.430019  
0.648941  0.760839  0  2  2  2  2  2  2  0.619557  0.435149  0.653295  
0.484642  0.639201  0.597113  2  2  2  2  2  2  0.268377  0.92741  0.260546  
0.956377  0.292136  8.39666e-17  2  2  2  2  2  2  0.296101  0.773547  0.560311  
0.75861  0.651545  8.57114e-17  2  2  2  2  2  2  0.815423  0.331671  0.474425  
2.14087e-08  0.899995  0.435901  2  2  2  2  2  2  0.35566  0.611152  0.707106  
0.564432  0.825479  8.39666e-17  2  2  2  2  2  2  0.4698  0.606826  0.641132  
0.755754  0.572619  0.317715  2  2  2  2  2  2  0.671871  0.22043  0.707107  
5.84078e-17  0.953871  0.300217  2  2  2  2  2  2  0.910464  1.25302e-17  0.413588  
0.580999  0.610176  0.538633  2  2  2  2  2  2  0.491572  0.508289  0.707106  
0.638432  0.303983  0.707106  2  2  2  2  2  2  0.788571  0.614943  8.57114e-17  
0.584786  0.480865  0.653295  2  2  2  2  2  2  0.816085  0  0.577932  
0.905397  0.424567  0  2  2  2  2  2  2  0.676715  0.736245  8.39666e-17  
0.839274  0.2598  0.477623  2  2  2  2  2  2  0.983124  0.182938  8.39666e-17  
0.860312  1.184e-17  0.509768  2  2  2  2  2  2  0.594058  0.38353  0.707106  
2.06462e-08  0.869883  0.493259  2  2  2  2  2  2  0.307151  0.889918  0.337201  
1  2.23956e-10  5.8426e-12  2  2  2  2  2  2  0.300981  0.639852  0.707107  
0.704365  0.504936  0.498908  2  2  2  2  2  2  0.716804  0.521203  0.463183  
0.864694  0.314821  0.391397  2  2  2  2  2  2  4.27329e-08  0.979192  0.202937  
0.961716  1.32922e-17  0.274049  2  2  2  2  2  2  0.751405  0.415603  0.512509  
0.78972  0.613468  0  2  2  2  2  2  2  0.810234  0.509934  0.288943  
0.238006  0.665848  0.707106  2  2  2  2  2  2  0.522728  0.799716  0.295312  
4.93265e-17  0.805562  0.592511  2  2  2  2  2  2  0.957854  1.32388e-17  0.287257  
0.807227  0.396881  0.436886  2  2  2  2  2  2  0.938578  0.345066  8.39666e-17  
0.931694  0.363245  2.66633e-18  2  2  2  2  2  2  0.590684  0.806903  0  
0.788324  0.325858  0.521882  2  2  2  2  2  2  2.16504e-08  0.916281  0.400536  
0.820563  0.571556  0  2  2  2  2  2  2  0.35352  0.662361  0.660531  
0.409883  0.576191  0.707106  2  2  2  2  2  2  0.68522  0.606329  0.403533  
6.56764e-08  0.838681  0.544623  2  2  2  2  2  2  0.611528  0.648653  0.453082  
0.73843  0  0.67433  2  2  2  2  2  2  0.782527  0.463939  0.415225  
0.620826  0.738508  0.263022  2  2  2  2  2  2  0.935287  0  0.35389  
0.241937  0.936326  0.254479  2  2  2  2  2  2  0.450047  0.545398  0.707106  
0.342099  0.939664  1.05574e-08  2  2  2  2  2  2  0.174535  0.984651  0  
5.0252e-16  5.31344e-17  1  2  2  2  2  2  2  0.890271  0.324064  0.32  
0.665395  0.239271  0.707106  2  2  2  2  2  2  5.14012e-17  0.839446  0.543443  
0.394171  0.662887  0.636562  2  2  2  2  2  2  0.603218  0.752949  0.263053  
0.80058  0  0.599225  2  2  2  2  2  2  0.555888  0.597065  0.578362  
0.309903  0.749262  0.585292  2  2  2  2  2  2  0.70815  0.270099  0.652357  
0.621091  0.534178  0.573498  2  2  2  2  2  2  0.863349  0.435613  0.254696  
0.359033  0.609176  0.707106  2  2  2  2  2  2  0.637434  0.568556  0.520021  
0.484918  0.835385  0.258817  2  2  2  2  2  2  0.634833  0.772649  0  
0.849649  0.527349  1.05531e-08  2  2  2  2  2  2  0.52835  0.469943  0.707106  
0.905968  0.270717  0.325476  2  2  2  2  2  2  0.623219  0.334063  0.707106  
0.840963  0.437856  0.317904  2  2  2  2  2  2  0.569449  0.527751  0.630243  
0.691329  0.321429  0.647107  2  2  2  2  2  2  0.261181  0.96529  2.66633e-18  
0.725169  0.688571  2.69827e-17  2  2  2  2  2  2  0.684593  0.391684  0.614749  
0.938139  1.29111e-17  0.346259  2  2  2  2  2  2  6.12323e-17  1  8.57114e-17  
0.456385  0.540105  0.707107  2  2  2  2  2  2  0.159356  0.688917  0.707107  
0.384519  0.780333  0.49318  2  2  2  2  2  2  0.395283  0.700389  0.594312  
8.17408e-09  0.775483  0.631369  2  2  2  2  2  2  0.838145  0.397961  0.373015  
0.914659  1.2588e-17  0.404227  2  2  2  2  2  2  0.74127  0.323797  0.587941  
2.20714e-08  0.927855  0.372942  2  2  2  2  2  2  0.405098  0.872902  0.271915  
0.260279  0.811135  0.523751  2  2  2  2  2  2  0.287705  0.853838  0.433805  
0.584005  0.713901  0.386372  2  2  2  2  2  2  0.961634  0.274336  8.39666e-17  
0.332469  0.903128  0.271706  2  2  2  2  2  2  5.91143e-17  1.59654e-17  1  
0.276417  0.705708  0.652357  2  2  2  2  2  2  0.570468  0.726895  0.382348  
0.538512  0.458263  0.707107  2  2  2  2  2  2  0.23519  0.666848  0.707107  
0.434716  0.714574  0.548093  2  2  2  2  2  2  0.821443  0.57029  0  
1.45686e-07  0.742161  0.670221  2  2  2  2  2  2  0.751921  0.659253  8.39666e-17  
0.67245  0.675734  0.301985  2  2  2  2  2  2  1.46108e-07  0.744309  0.667835  
0.535487  0.682323  0.497684  2  2  2  2  2  2  2.26865e-08  0.960127  0.279563  
0.707808  0.610643  0.355137  2  2  2  2  2  2  1  1.38213e-17  0  
0.76975  0.484844  0.415225  2  2  2  2  2  2  0.691358  0.148407  0.707107  
0.983054  1.93737e-09  0.183316  2  2  2  2  2  2  0.926021  0.26652  0.267305  
0.889305  1.2239e-17  0.457314  2  2  2  2  2  2  0.53381  0.695339  0.481197  
0.941486  0.242729  0.233853  2  2  2  2  2  2  0.428882  0.741384  0.516149  
0.886953  0.382676  0.258598  2  2  2  2  2  2  0.56086  0.430622  0.707107  
0.876947  0.480587  8.39666e-17  2  2  2  2  2  2  0.780222  1.07837e-17  0.625503  
0.65925  0.435853  0.612716  2  2  2  2  2  2  0.881227  1.21279e-17  0.472694  
0.688741  0.160113  0.707107  2  2  2  2  2  2  0.912783  0.408446  8.39666e-17  
0.404015  0.914752  8.39666e-17  2  2  2  2  2  2  0.97785  1.35152e-17  0.209308  
0.807809  0.516456  0.284109  2  2  2  2  2  2  0.348253  0.806457  0.477856  
0.608093  0.360865  0.707107  2  2  2  2  2  2  0.548277  0.836297  0  
0.492801  0.75037  0.440558  2  2  2  2  2  2  0.476711  0.770704  0.422801  
0.770262  1.06461e-17  0.637727  2  2  2  2  2  2  4.77282e-17  0.779461  0.626451  
0.460242  0.887794  8.39666e-17  2  2  2  2  2  2  0.271806  0.724234  0.633725  
0.271198  0.962523  2.66633e-18  2  2  2  2  2  2  9.13515e-09  0.866673  0.498877  
0.514206  0.857667  0  2  2  2  2  2  2  0.331461  0.943469  1.05563e-08  
0.75247  0.286828  0.59289  2  2  2  2  2  2  0.432812  0.829676  0.352578  
0.518975  0.570426  0.636615  2  2  2  2  2  2  0.39357  0.919295  8.39666e-17  
0.302564  0.639105  0.707107  2  2  2  2  2  2  9.90028e-09  0.939153  0.343498  
0.829292  1.14131e-17  0.558815  2  2  2  2  2  2  0.79327  0.263964  0.548677  
0.259331  0.884309  0.38826  2  2  2  2  2  2  0.498288  0.664714  0.556655  
4.26258e-08  0.976737  0.21444  2  2  2  2  2  2  0.666647  0.485834  0.565285  
6.12323e-17  1  8.57114e-17  2  2  2  2  2  2  0.502863  0.864366  0  
0.689446  0.724337  0  2  2  2  2  2  2  0.852354  0.522965  1.05531e-08  
0.541262  0.780781  0.312116  2  2  2  2  2  2  0.45029  0.892882  8.39666e-17  
0.670051  0.577455  0.466452  2  2  2  2  2  2  4.9618e-17  0.810323  0.585983  
0.5748  0.411831  0.707107  2  2  2  2  2  2  0.713165  0.700996  8.57114e-17  
0.499036  0.500962  0.707107  2  2  2  2  2  2  0.883758  0.467945  8.39666e-17  
0.395019  0.862729  0.315687  2  2  2  2  2  2  0.744636  1.02919e-17  0.667471  
0.159469  0.68889  0.707107  2  2  2  2  2  2  0.849759  1.16948e-17  0.527172  
0.438739  0.809436  0.390285  2  2  2  2  2  2  0.722049  0.636648  0.270785  
0.728484  0.410475  0.548472  2  2  2  2  2  2  0.756587  0.564464  0.330085  
4.32978e-17  0.707107  0.707107  2  2  2  2  2  2  0.647801  0.283468  0.707107  
0.627231  0.648059  0.431973  2  2  2  2  2  2  4.32978e-17  0.707107  0.707107  
0.978085  0.208204  8.39666e-17  2  2  2  2  2  2  0.653465  0.687007  0.317813  
0.605518  0.795832  8.39666e-17  2  2  2  2  2  2  0.707107  0  0.707107  
0.316385  0.839647  0.441467  2  2  2  2  2  2  5.46334e-17  0.892231  0.451579  
0.181409  0.983408  0  2  2  2  2  2  2  0.402855  0.581126  0.707107  
0.707107  0  0.707107  2  2  2  2  2  2  0.863903  0.262499  0.429844  
0.648691  0.761052  0  2  2  2  2  2  2  0.619433  0.435542  0.653151  
0.484642  0.639201  0.597113  2  2  2  2  2  2  0.268377  0.92741  0.260546  
0.956377  0.292136  8.39666e-17  2  2  2  2  2  2  0.296072  0.773471  0.560431  
0.758389  0.651802  8.39666e-17  2  2  2  2  2  2  0.81553  0.331409  0.474425  
2.12674e-08  0.900069  0.435748  2  2  2  2  2  2  0.353721  0.612276  0.707107  
0.564279  0.825584  1.05563e-08  2  2  2  2  2  2  0.4698  0.606826  0.641132  
0.755754  0.572619  0.317715  2  2  2  2  2  2  0.671308  0.222139  0.707107  
5.84078e-17  0.953871  0.300217  2  2  2  2  2  2  0.910464  1.25302e-17  0.413588  
0.580999  0.610176  0.538633  2  2  2  2  2  2  0.488857  0.5109  0.707107  
0.638481  0.303878  0.707107  2  2  2  2  2  2  0.788603  0.614902  8.57114e-17  
0.585576  0.479007  0.653951  2  2  2  2  2  2  0.816085  0  0.577932  
0.905397  0.424567  0  2  2  2  2  2  2  0.677151  0.735844  0  
0.839274  0.2598  0.477623  2  2  2  2  2  2  0.983075  0.183202  8.39666e-17  
0.860312  1.184e-17  0.509768  2  2  2  2  2  2  0.592725  0.385586  0.707107  
5.32844e-17  0.8702  0.492698  2  2  2  2  2  2  0.307651  0.889745  0.337201  
1  2.23956e-10  5.8426e-12  2  2  2  2  2  2  0.298614  0.64096  0.707107  
0.704365  0.504936  0.498908  2  2  2  2  2  2  0.716787  0.521228  0.463183  
0.864694  0.314821  0.391397  2  2  2  2  2  2  4.25828e-08  0.979115  0.203307  
0.961716  1.32922e-17  0.274049  2  2  2  2  2  2  0.751405  0.415603  0.512509  
0.78963  0.613583  0  2  2  2  2  2  2  0.810234  0.509934  0.288943  
0.238256  0.665758  0.707107  2  2  2  2  2  2  0.522901  0.799636  0.295225  
4.93414e-17  0.805807  0.592178  2  2  2  2  2  2  0.957854  1.32388e-17  0.287257  
0.807227  0.396881  0.436886  2  2  2  2  2  2  0.938457  0.345395  8.39666e-17  
0.931652  0.363352  0  2  2  2  2  2  2  0.591077  0.806615  0  
0.788324  0.325858  0.521882  2  2  2  2  2  2  2.16466e-08  0.916119  0.400906  
0.820388  0.571807  0  2  2  2  2  2  2  0.353543  0.662404  0.660476  
0.409908  0.576173  0.707107  2  2  2  2  2  2  0.68521  0.606319  0.403565  
1.98713e-10  0.838864  0.544342  2  2  2  2  2  2  0.611528  0.648653  0.453082  
0.73843  0  0.67433  2  2  2  2  2  2  0.782653  0.463803  0.41514  
0.620826  0.738508  0.263022  2  2  2  2  2  2  0.935287  0  0.35389  
0.241937  0.936326  0.254479  2  2  2  2  2  2  0.447773  0.547266  0.707107  
0.341573  0.939855  1.05563e-08  2  2  2  2  2  2  0.174535  0.984651  0  
5.0252e-16  5.31344e-17  1  2  2  2  2  2  2  0.890271  0.324064  0.32  
0.665482  0.239027  0.707107  2  2  2  2  2  2  5.14012e-17  0.839446  0.543443  
0.394171  0.662887  0.636562  2  2  2  2  2  2  0.603155  0.75287  0.26342  
0.800552  0  0.599263  2  2  2  2  2  2  0.555888  0.597065  0.578362  
0.309903  0.749262  0.585292  2  2  2  2  2  2  0.70815  0.270099  0.652357  
0.621091  0.534178  0.573498  2  2  2  2  2  2  0.86333  0.435603  0.254777  
0.359116  0.609127  0.707107  2  2  2  2  2  2  0.637434  0.568556  0.520021  
0.484918  0.835385  0.258817  2  2  2  2  2  2  0.635273  0.772287  0  
0.849519  0.527557  1.05531e-08  2  2  2  2  2  2  0.526195  0.472354  0.707107  
0.906568  0.272468  0.322327  2  2  2  2  2  2  0.621639  0.336995  0.707107  
0.840963  0.437856  0.317904  2  2  2  2  2  2  0.569548  0.527843  0.630076  
0.691329  0.321429  0.647107  2  2  2  2  2  2  0.261181  0.96529  2.66633e-18  
0.724867  0.688889  8.57114e-17  2  2  2  2  2  2  0.684272  0.391501  0.615222  
0.938145  1.29664e-17  0.346244  2  2  2  2  2  2  6.12323e-17  1  8.57114e-17  
0.456325  0.540155  0.707107  2  2  2  2  2  2  0.158184  0.689186  0.707107  
0.384519  0.780333  0.49318  2  2  2  2  2  2  0.395558  0.700234  0.594312  
4.74918e-17  0.7756  0.631225  2  2  2  2  2  2  0.838285  0.397666  0.373015  
0.914659  1.2588e-17  0.404227  2  2  2  2  2  2  0.740934  0.32484  0.587789  
2.19259e-08  0.927939  0.372732  2  2  2  2  2  2  0.405323  0.872797  0.271915  
0.260279  0.811135  0.523751  2  2  2  2  2  2  0.287705  0.853838  0.433805  
0.584005  0.713901  0.386372  2  2  2  2  2  2  0.961637  0.274326  8.39666e-17  
0.332379  0.903098  0.271915  2  2  2  2  2  2  5.91143e-17  1.59654e-17  1  
0.276417  0.705708  0.652357  2  2  2  2  2  2  0.570651  0.726751  0.382348  
0.538512  0.458263  0.707107  2  2  2  2  2  2  0.233364  0.667489  0.707107  
0.434716  0.714574  0.548093  2  2  2  2  2  2  0.821443  0.57029  0  
1.45697e-07  0.742215  0.670161  2  2  2  2  2  2  0.751921  0.659253  8.39666e-17  
0.67245  0.675734  0.301985  2  2  2  2  2  2  1.461e-07  0.744272  0.667877  
0.535487  0.682323  0.497684  2  2  2  2  2  2  2.26623e-08  0.960042  0.279855  
0.707808  0.610643  0.355137  2  2  2  2  2  2  1  1.38213e-17  0  
0.769377  0.48422  0.416642  2  2  2  2  2  2  0.691145  0.149394  0.707107  
0.983054  1.93737e-09  0.183316  2  2  2  2  2  2  0.926037  0.266464  0.267305  
0.889441  1.22409e-17  0.457049  2  2  2  2  2  2  0.533884  0.695434  0.480977  
0.941486  0.242729  0.233853  2  2  2  2  2  2  0.428923  0.741455  0.516013  
0.886953  0.382676  0.258598  2  2  2  2  2  2  0.559766  0.432044  0.707107  
0.876805  0.480846  8.39666e-17  2  2  2  2  2  2  0.780222  1.07837e-17  0.625503  
0.65997  0.435852  0.611942  2  2  2  2  2  2  0.881271  1.21285e-17  0.472612  
0.688741  0.160113  0.707107  2  2  2  2  2  2  0.912783  0.408446  8.39666e-17  
0.404015  0.914752  8.39666e-17  2  2  2  2  2  2  0.97785  1.35152e-17  0.209308  
0.807809  0.516456  0.284109  2  2  2  2  2  2  0.348253  0.806457  0.477856  
0.608202  0.36068  0.707107  2  2  2  2  2  2  0.548333  0.83626  0  
0.492801  0.75037  0.440558  2  2  2  2  2  2  0.476711  0.770704  0.422801  
0.770262  1.06461e-17  0.637727  2  2  2  2  2  2  4.77145e-17  0.779237  0.62673  
0.460242  0.887794  8.39666e-17  2  2  2  2  2  2  0.272018  0.724154  0.633725  
0.271198  0.962523  2.66633e-18  2  2  2  2  2  2  9.13358e-09  0.866423  0.49931  
0.513898  0.857851  8.39666e-17  2  2  2  2  2  2  0.331461  0.943469  1.05482e-08  
0.752235  0.286092  0.593544  2  2  2  2  2  2  0.432869  0.829607  0.352672  
0.518975  0.570426  0.636615  2  2  2  2  2  2  0.393698  0.91924  8.39666e-17  
0.302627  0.639075  0.707107  2  2  2  2  2  2  9.89886e-09  0.939019  0.343866  
0.829292  1.14131e-17  0.558815  2  2  2  2  2  2  0.79327  0.263964  0.548677  
0.259331  0.884309  0.38826  2  2  2  2  2  2  0.498362  0.664812  0.556471  
4.26258e-08  0.976737  0.21444  2  2  2  2  2  2  0.666647  0.485834  0.565285  
6.12323e-17  1  8.57114e-17  2  2  2  2  2  2  0.502975  0.864301  0  
0.689344  0.724434  0  2  2  2  2  2  2  0.852354  0.522965  1.05531e-08  
0.541262  0.780781  0.312116  2  2  2  2  2  2  0.450454  0.8928  8.39666e-17  
0.670051  0.577455  0.466452  2  2  2  2  2  2  4.96057e-17  0.810123  0.586261  
0.5748  0.411831  0.707107  2  2  2  2  2  2  0.713165  0.700996  8.57114e-17  
0.499088  0.50091  0.707107  2  2  2  2  2  2  0.883758  0.467945  8.39666e-17  
0.395019  0.862729  0.315687  2  2  2  2  2  2  0.744636  1.02919e-17  0.667471  
0.159469  0.68889  0.707107  2  2  2  2  2  2  0.849815  1.16956e-17  0.527081  
0.438739  0.809436  0.390285  2  2  2  2  2  2  0.722134  0.636551  0.270785  
0.728484  0.410475  0.548472  2  2  2  2  2  2  0.756587  0.564464  0.330085  
4.32978e-17  0.707107  0.707107  2  2  2  2  2  2  0.647316  0.284573  0.707107  
0.627231  0.648059  0.431973  2  2  2  2  2  2  4.32978e-17  0.707107  0.707107  
0.978085  0.208204  8.39666e-17  2  2  2  2  2  2  0.653677  0.686805  0.317813  
0.605158  0.796105  0  2  2  2  2  2  2  0.707107  0  0.707107  
0.315519  0.839962  0.441488  2  2  2  2  2  2  5.46137e-17  0.891909  0.452214  
0.181409  0.983408  0  2  2  2  2  2  2  0.401668  0.581947  0.707107  
0.707107  0  0.707107  2  2  2  2  2  2  0.863903  0.262499  0.429844  
0.648557  0.761166  0  2  2  2  2  2  2  0.619433  0.435542  0.653151  
0.484642  0.639201  0.597113  2  2  2  2  2  2  0.268341  0.927286  0.261023  
0.956377  0.292136  8.39666e-17  2  2  2  2  2  2  0.296072  0.773471  0.560431  
0.758109  0.652128  8.57114e-17  2  2  2  2  2  2  0.81553  0.331409  0.474425  
9.48941e-09  0.900178  0.435521  2  2  2  2  2  2  0.352013  0.613259  0.707107  
0.563985  0.825785  8.39666e-17  2  2  2  2  2  2  0.4698  0.606826  0.641132  
0.755754  0.572619  0.317715  2  2  2  2  2  2  0.670837  0.223556  0.707107  
5.84078e-17  0.953871  0.300217  2  2  2  2  2  2  0.910464  1.25302e-17  0.413588  
0.580999  0.610176  0.538633  2  2  2  2  2  2  0.487233  0.512449  0.707107  
0.638444  0.303955  0.707107  2  2  2  2  2  2  0.788603  0.614902  8.57114e-17  
0.585256  0.480488  0.653151  2  2  2  2  2  2  0.816085  0  0.577932  
0.905257  0.424864  8.39666e-17  2  2  2  2  2  2  0.677151  0.735844  0  
0.839274  0.2598  0.477623  2  2  2  2  2  2  0.983051  0.183332  8.39666e-17  
0.860312  1.184e-17  0.509768  2  2  2  2  2  2  0.591598  0.387313  0.707107  
5.3281e-17  0.870145  0.492795  2  2  2  2  2  2  0.307822  0.889686  0.337201  
1  2.23956e-10  5.8426e-12  2  2  2  2  2  2  0.296858  0.641775  0.707107  
0.704365  0.504936  0.498908  2  2  2  2  2  2  0.716787  0.521228  0.463183  
0.864694  0.314821  0.391397  2  2  2  2  2  2  4.25596e-08  0.979087  0.203441  
0.961734  1.32924e-17  0.273985  2  2  2  2  2  2  0.751405  0.415603  0.512509  
0.789371  0.613916  8.39666e-17  2  2  2  2  2  2  0.81017  0.509894  0.289195  
0.238071  0.665824  0.707107  2  2  2  2  2  2  0.523096  0.799508  0.295225  
4.93414e-17  0.805807  0.592178  2  2  2  2  2  2  0.957854  1.32388e-17  0.287257  
0.807227  0.396881  0.436886  2  2  2  2  2  2  0.938457  0.345395  8.39666e-17  
0.931614  0.36345  8.39666e-17  2  2  2  2  2  2  0.591269  0.806474  0  
0.788324  0.325858  0.521882  2  2  2  2  2  2  2.16364e-08  0.915801  0.401633  
0.820301  0.571931  8.39666e-17  2  2  2  2  2  2  0.35386  0.662307  0.660404  
0.409956  0.576139  0.707107  2  2  2  2  2  2  0.685234  0.606292  0.403565  
3.64879e-08  0.838973  0.544172  2  2  2  2  2  2  0.611528  0.648653  0.453082  
0.73843  0  0.67433  2  2  2  2  2  2  0.782653  0.463803  0.41514  
0.620826  0.738508  0.263022  2  2  2  2  2  2  0.935287  0  0.35389  
0.241937  0.936326  0.254479  2  2  2  2  2  2  0.446175  0.548569  0.707107  
0.341573  0.939855  1.05563e-08  2  2  2  2  2  2  0.174535  0.984651  0  
5.0252e-16  5.31344e-17  1  2  2  2  2  2  2  0.890271  0.324064  0.32  
0.665448  0.23912  0.707107  2  2  2  2  2  2  5.13902e-17  0.839265  0.543722  
0.394171  0.662887  0.636562  2  2  2  2  2  2  0.603526  0.752573  0.26342  
0.800552  0  0.599263  2  2  2  2  2  2  0.555888  0.597065  0.578362  
0.309903  0.749262  0.585292  2  2  2  2  2  2  0.70815  0.270099  0.652357  
0.624365  0.532978  0.571053  2  2  2  2  2  2  0.86333  0.435603  0.254777  
0.359116  0.609127  0.707107  2  2  2  2  2  2  0.637434  0.568556  0.520021  
0.484918  0.835385  0.258817  2  2  2  2  2  2  0.635406  0.772178  0  
0.849419  0.527718  1.05531e-08  2  2  2  2  2  2  0.525147  0.473519  0.707107  
0.906568  0.272468  0.322327  2  2  2  2  2  2  0.62089  0.338372  0.707107  
0.840963  0.437856  0.317904  2  2  2  2  2  2  0.569548  0.527843  0.630076  
0.691329  0.321429  0.647107  2  2  2  2  2  2  0.261279  0.965263  2.66633e-18  
0.724668  0.689098  1.05531e-08  2  2  2  2  2  2  0.684272  0.391501  0.615222  
0.938145  1.29664e-17  0.346244  2  2  2  2  2  2  6.12323e-17  1  8.57114e-17  
0.456425  0.54007  0.707107  2  2  2  2  2  2  0.155882  0.689711  0.707107  
0.384519  0.780333  0.49318  2  2  2  2  2  2  0.395558  0.700234  0.594312  
4.74918e-17  0.7756  0.631225  2  2  2  2  2  2  0.838229  0.397639  0.37317  
0.91474  1.25891e-17  0.404043  2  2  2  2  2  2  0.740973  0.324753  0.587789  
2.19259e-08  0.927939  0.372732  2  2  2  2  2  2  0.405654  0.872673  0.271821  
0.260279  0.811135  0.523751  2  2  2  2  2  2  0.287705  0.853838  0.433805  
0.584005  0.713901  0.386372  2  2  2  2  2  2  0.961637  0.274326  8.39666e-17  
0.332379  0.903098  0.271915  2  2  2  2  2  2  5.91143e-17  1.59654e-17  1  
0.276417  0.705708  0.652357  2  2  2  2  2  2  0.570651  0.726751  0.382348  
0.538579  0.458184  0.707107  2  2  2  2  2  2  0.232752  0.667702  0.707107  
0.434716  0.714574  0.548093  2  2  2  2  2  2  0.821443  0.57029  0  
1.45697e-07  0.742215  0.670161  2  2  2  2  2  2  0.751967  0.659201  8.39666e-17  
0.67245  0.675734  0.301985  2  2  2  2  2  2  4.55622e-17  0.744086  0.668083  
0.535487  0.682323  0.497684  2  2  2  2  2  2  2.26551e-08  0.959967  0.280114  
0.707808  0.610643  0.355137  2  2  2  2  2  2  1  1.38213e-17  0  
0.769377  0.48422  0.416642  2  2  2  2  2  2  0.691113  0.149542  0.707107  
0.983054  1.93737e-09  0.183316  2  2  2  2  2  2  0.926037  0.266464  0.267305  
0.889441  1.22409e-17  0.457049  2  2  2  2  2  2  0.533871  0.695418  0.481014  
0.941486  0.242729  0.233853  2  2  2  2  2  2  0.428923  0.741455  0.516013  
0.886953  0.382676  0.258598  2  2  2  2  2  2  0.558756  0.43335  0.707107  
0.876805  0.480846  8.39666e-17  2  2  2  2  2  2  0.780222  1.07837e-17  0.625503  
0.65997  0.435852  0.611942  2  2  2  2  2  2  0.881271  1.21285e-17  0.472612  
0.688741  0.160113  0.707107  2  2  2  2  2  2  0.912783  0.408446  8.39666e-17  
0.403795  0.914849  8.39666e-17  2  2  2  2  2  2  0.977823  1.35148e-17  0.209433  
0.807809  0.516456  0.284109  2  2  2  2  2  2  0.348253  0.806457  0.477856  
0.608202  0.36068  0.707107  2  2  2  2  2  2  0.54863  0.836065  8.39666e-17  
0.492801  0.75037  0.440558  2  2  2  2  2  2  0.476905  0.770585  0.422801  
0.770262  1.06461e-17  0.637727  2  2  2  2  2  2  4.77027e-17  0.779044  0.626969  
0.459777  0.888035  8.39666e-17  2  2  2  2  2  2  0.272083  0.72413  0.633725  
0.271198  0.962523  2.66633e-18  2  2  2  2  2  2  9.13181e-09  0.866256  0.499601  
0.513785  0.857919  8.39666e-17  2  2  2  2  2  2  0.331619  0.943413  8.39666e-17  
0.752235  0.286092  0.593544  2  2  2  2  2  2  0.432869  0.829607  0.352672  
0.518975  0.570426  0.636615  2  2  2  2  2  2  0.393698  0.91924  8.39666e-17  
0.302627  0.639075  0.707107  2  2  2  2  2  2  2.21721e-08  0.938927  0.344118  
0.829292  1.14131e-17  0.558815  2  2  2  2  2  2  0.79327  0.263964  0.548677  
0.259331  0.884309  0.38826  2  2  2  2  2  2  0.498362  0.664812  0.556471  
4.24582e-08  0.976754  0.214365  2  2  2  2  2  2  0.666647  0.485834  0.565285  
6.12323e-17  1  8.57114e-17  2  2  2  2  2  2  0.503225  0.864155  0  
0.689225  0.724547  8.39666e-17  2  2  2  2  2  2  0.852354  0.522965  1.05412e-08  
0.541262  0.780781  0.312116  2  2  2  2  2  2  0.450581  0.892736  0  
0.670051  0.577455  0.466452  2  2  2  2  2  2  4.959e-17  0.809866  0.586615  
0.574894  0.4117  0.707107  2  2  2  2  2  2  0.713213  0.700947  8.39666e-17  
0.499213  0.500786  0.707107  2  2  2  2  2  2  0.883705  0.468043  8.39666e-17  
0.395019  0.862729  0.315687  2  2  2  2  2  2  0.744636  1.02919e-17  0.667471  
0.159469  0.68889  0.707107  2  2  2  2  2  2  0.849815  1.16956e-17  0.527081  
0.438739  0.809436  0.390285  2  2  2  2  2  2  0.722134  0.636551  0.270785  
0.728484  0.410475  0.548472  2  2  2  2  2  2  0.756587  0.564464  0.330085  
4.32978e-17  0.707107  0.707107  2  2  2  2  2  2  0.647046  0.285186  0.707107  
0.627231  0.648059  0.431973  2  2  2  2  2  2  4.32978e-17  0.707107  0.707107  
0.978077  0.208243  8.39666e-17  2  2  2  2  2  2  0.653677  0.686805  0.317813  
0.605158  0.796105  0  2  2  2  2  2  2  0.707107  0  0.707107  
0.315519  0.839962  0.441488  2  2  2  2  2  2  2.1059e-08  0.891791  0.452448  
0.181332  0.983422  8.39666e-17  2  2  2  2  2  2  0.39969  0.583308  0.707107  
0.707107  0  0.707107  2  2  2  2  2  2  0.863951  0.262343  0.429844  
0.648399  0.7613  0  2  2  2  2  2  2  0.619433  0.435542  0.653151  
0.484642  0.639201  0.597113  2  2  2  2  2  2  0.268341  0.927286  0.261023  
0.956367  0.292168  0  2  2  2  2  2  2  0.295923  0.773428  0.56057  
0.758109  0.652128  8.57114e-17  2  2  2  2  2  2  0.81553  0.331409  0.474425  
5.51278e-17  0.900305  0.435259  2  2  2  2  2  2  0.350488  0.614132  0.707107  
0.563985  0.825785  8.39666e-17  2  2  2  2  2  2  0.4698  0.606826  0.641132  
0.755754  0.572619  0.317715  2  2  2  2  2  2  0.67073  0.223879  0.707107  
2.25126e-08  0.953928  0.300036  2  2  2  2  2  2  0.910509  1.25309e-17  0.413489  
0.580999  0.610176  0.538633  2  2  2  2  2  2  0.486186  0.513443  0.707107  
0.638444  0.303955  0.707107  2  2  2  2  2  2  0.788603  0.614902  8.57114e-17  
0.585658  0.479998  0.653151  2  2  2  2  2  2  0.816085  0  0.577932  
0.905257  0.424864  8.39666e-17  2  2  2  2  2  2  0.677272  0.735732  0  
0.839274  0.2598  0.477623  2  2  2  2  2  2  0.983051  0.183332  8.39666e-17  
0.86033  1.18909e-17  0.509737  2  2  2  2  2  2  0.591055  0.388142  0.707107  
5.32894e-17  0.870281  0.492555  2  2  2  2  2  2  0.307822  0.889686  0.337201  
1  2.23956e-10  5.8426e-12  2  2  2  2  2  2  0.29566  0.642328  0.707107  
0.704365  0.504936  0.498908  2  2  2  2  2  2  0.716787  0.521228  0.463183  
0.864694  0.314821  0.391397  2  2  2  2  2  2  5.99468e-17  0.979006  0.203832  
0.961734  1.32924e-17  0.273985  2  2  2  2  2  2  0.751448  0.415627  0.512425  
0.789304  0.614003  8.57114e-17  2  2  2  2  2  2  0.810212  0.509826  0.289195  
0.238071  0.665824  0.707107  2  2  2  2  2  2  0.523193  0.799481  0.295124  
4.93465e-17  0.805889  0.592067  2  2  2  2  2  2  0.957854  1.32388e-17  0.287257  
0.807227  0.396881  0.436886  2  2  2  2  2  2  0.938457  0.345395  8.39666e-17  
0.931614  0.36345  8.39666e-17  2  2  2  2  2  2  0.591576  0.806249  0  
0.788324  0.325858  0.521882  2  2  2  2  2  2  2.1625e-08  0.915801  0.401633  
0.820227  0.572038  1.05426e-08  2  2  2  2  2  2  0.35386  0.662307  0.660404  
0.409956  0.576139  0.707107  2  2  2  2  2  2  0.685234  0.606292  0.403565  
5.13805e-17  0.839107  0.543966  2  2  2  2  2  2  0.611528  0.648653  0.453082  
0.73843  0  0.67433  2  2  2  2  2  2  0.782653  0.463803  0.41514  
0.620387  0.738735  0.26342  2  2  2  2  2  2  0.935287  0  0.35389  
0.241937  0.936326  0.254479  2  2  2  2  2  2  0.444868  0.549629  0.707107  
0.341573  0.939855  1.05563e-08  2  2  2  2  2  2  0.174535  0.984651  0  
5.0252e-16  5.31344e-17  1  2  2  2  2  2  2  0.890271  0.324064  0.32  
0.665448  0.23912  0.707107  2  2  2  2  2  2  8.84537e-09  0.839084  0.544002  
0.39447  0.662583  0.636692  2  2  2  2  2  2  0.603526  0.752573  0.26342  
0.800552  0  0.599263  2  2  2  2  2  2  0.555888  0.597065  0.578362  
0.310999  0.749513  0.584388  2  2  2  2  2  2  0.70815  0.270099  0.652357  
0.624365  0.532978  0.571053  2  2  2  2  2  2  0.86333  0.435603  0.254777  
0.359116  0.609127  0.707107  2  2  2  2  2  2  0.637434  0.568556  0.520021  
0.484918  0.835385  0.258817  2  2  2  2  2  2  0.635703  0.771934  0  
0.849385  0.527773  1.05412e-08  2  2  2  2  2  2  0.523931  0.474864  0.707107  
0.906568  0.272468  0.322327  2  2  2  2  2  2  0.620412  0.339248  0.707107  
0.840963  0.437856  0.317904  2  2  2  2  2  2  0.569548  0.527843  0.630076  
0.691329  0.321429  0.647107  2  2  2  2  2  2  0.261279  0.965263  2.66633e-18  
0.724562  0.68921  8.39666e-17  2  2  2  2  2  2  0.684313  0.391429  0.615222  
0.938145  1.29664e-17  0.346244  2  2  2  2  2  2  6.12323e-17  1  8.57114e-17  
0.456526  0.539985  0.707107  2  2  2  2  2  2  0.156  0.689684  0.707107  
0.384519  0.780333  0.49318  2  2  2  2  2  2  0.395558  0.700234  0.594312  
4.74918e-17  0.7756  0.631225  2  2  2  2  2  2  0.838229  0.397639  0.37317  
0.91474  1.25891e-17  0.404043  2  2  2  2  2  2  0.741018  0.324772  0.58772  
2.19153e-08  0.928053  0.372447  2  2  2  2  2  2  0.405664  0.872695  0.271734  
0.260279  0.811135  0.523751  2  2  2  2  2  2  0.287684  0.853777  0.433938  
0.584005  0.713901  0.386372  2  2  2  2  2  2  0.961637  0.274326  8.39666e-17  
0.332379  0.903098  0.271915  2  2  2  2  2  2  5.91143e-17  1.59654e-17  1  
0.276417  0.705708  0.652357  2  2  2  2  2  2  0.570746  0.726677  0.382348  
0.538579  0.458184  0.707107  2  2  2  2  2  2  0.232752  0.667702  0.707107  
0.434716  0.714574  0.548093  2  2  2  2  2  2  0.821443  0.57029  0  
1.45697e-07  0.742215  0.670161  2  2  2  2  2  2  0.751967  0.659201  8.39666e-17  
0.67245  0.675734  0.301985  2  2  2  2  2  2  4.55622e-17  0.744086  0.668083  
0.535487  0.682323  0.497684  2  2  2  2  2  2  2.26369e-08  0.959967  0.280114  
0.707808  0.610643  0.355137  2  2  2  2  2  2  1  1.38213e-17  0  
0.769377  0.48422  0.416642  2  2  2  2  2  2  0.690981  0.150149  0.707107  
0.983054  1.93737e-09  0.183316  2  2  2  2  2  2  0.926061  0.266471  0.267215  
0.889441  1.22409e-17  0.457049  2  2  2  2  2  2  0.533871  0.695418  0.481014  
0.941486  0.242729  0.233853  2  2  2  2  2  2  0.428923  0.741455  0.516013  
0.886953  0.382676  0.258598  2  2  2  2  2  2  0.558757  0.433348  0.707107  
0.876805  0.480846  8.39666e-17  2  2  2  2  2  2  0.780222  1.07837e-17  0.625503  
0.65997  0.435852  0.611942  2  2  2  2  2  2  0.881271  1.21285e-17  0.472612  
0.688741  0.160113  0.707107  2  2  2  2  2  2  0.912731  0.408561  0  
0.403795  0.914849  8.39666e-17  2  2  2  2  2  2  0.977823  1.35148e-17  0.209433  
0.807809  0.516456  0.284109  2  2  2  2  2  2  0.348248  0.806446  0.477879  
0.608202  0.36068  0.707107  2  2  2  2  2  2  0.548925  0.835872  0  
0.492801  0.75037  0.440558  2  2  2  2  2  2  0.476934  0.770632  0.422682  
0.770262  1.06461e-17  0.637727  2  2  2  2  2  2  4.77027e-17  0.779044  0.626969  
0.45983  0.888007  0  2  2  2  2  2  2  0.272215  0.72408  0.633725  
0.271198  0.962523  2.66633e-18  2  2  2  2  2  2  5.30371e-17  0.866162  0.499763  
0.513678  0.857983  0  2  2  2  2  2  2  0.331619  0.943413  8.39666e-17  
0.753392  0.284677  0.592756  2  2  2  2  2  2  0.432869  0.829607  0.352672  
0.518975  0.570426  0.636615  2  2  2  2  2  2  0.393855  0.919173  8.39666e-17  
0.302627  0.639075  0.707107  2  2  2  2  2  2  2.21719e-08  0.938927  0.344118  
0.829304  0  0.558798  2  2  2  2  2  2  0.793307  0.263852  0.548677  
0.259331  0.884309  0.38826  2  2  2  2  2  2  0.498362  0.664812  0.556471  
5.98116e-17  0.976797  0.214166  2  2  2  2  2  2  0.666647  0.485834  0.565285  
6.12323e-17  1  8.57114e-17  2  2  2  2  2  2  0.503498  0.863996  0  
0.688728  0.72502  0  2  2  2  2  2  2  0.852354  0.522965  1.05412e-08  
0.541262  0.780781  0.312116  2  2  2  2  2  2  0.450581  0.892736  0  
0.670051  0.577455  0.466452  2  2  2  2  2  2  4.959e-17  0.809866  0.586615  
0.574894  0.4117  0.707107  2  2  2  2  2  2  0.713441  0.700715  0  
0.499213  0.500786  0.707107  2  2  2  2  2  2  0.883705  0.468043  8.39666e-17  
0.395019  0.862729  0.315687  2  2  2  2  2  2  0.744636  1.02919e-17  0.667471  
0.159334  0.688921  0.707107  2  2  2  2  2  2  0.849815  1.16956e-17  0.527081  
0.438739  0.809436  0.390285  2  2  2  2  2  2  0.722119  0.636538  0.270857  
0.728484  0.410475  0.548472  2  2  2  2  2  2  0.756587  0.564464  0.330085  
4.32978e-17  0.707107  0.707107  2  2  2  2  2  2  0.646772  0.285809  0.707107  
0.627231  0.648059  0.431973  2  2  2  2  2  2  4.32978e-17  0.707107  0.707107  
0.978077  0.208243  8.39666e-17  2  2  2  2  2  2  0.653677  0.686805  0.317813  
0.604709  0.796447  0  2  2  2  2  2  2  0.707107  0  0.707107  
0.315519  0.839962  0.441488  2  2  2  2  2  2  9.40142e-09  0.891831  0.452369  
0.181332  0.983422  8.39666e-17  2  2  2  2  2  2  0.399686  0.58331  0.707107  
0.707107  0  0.707107  2  2  2  2  2  2  0.863951  0.262343  0.429844  
0.647824  0.76179  0  2  2  2  2  2  2  0.619433  0.435542  0.653151  
0.484642  0.639201  0.597113  2  2  2  2  2  2  0.268723  0.92723  0.260832  
0.956337  0.292267  8.39666e-17  2  2  2  2  2  2  0.295923  0.773428  0.56057  
0.757953  0.652309  0  2  2  2  2  2  2  0.81553  0.331409  0.474425  
5.51278e-17  0.900305  0.435259  2  2  2  2  2  2  0.350349  0.614211  0.707107  
0.563787  0.82592  8.57114e-17  2  2  2  2  2  2  0.469879  0.606764  0.641132  
0.755754  0.572619  0.317715  2  2  2  2  2  2  0.670495  0.224581  0.707107  
2.24954e-08  0.95397  0.299903  2  2  2  2  2  2  0.910509  1.25309e-17  0.413489  
0.580999  0.610176  0.538633  2  2  2  2  2  2  0.485612  0.513985  0.707107  
0.638444  0.303955  0.707107  2  2  2  2  2  2  0.788654  0.614838  8.57114e-17  
0.585658  0.479998  0.653151  2  2  2  2  2  2  0.816085  0  0.577932  
0.905272  0.424832  8.39666e-17  2  2  2  2  2  2  0.677589  0.735441  0  
0.839274  0.2598  0.477623  2  2  2  2  2  2  0.983051  0.183332  8.39666e-17  
0.86033  1.18909e-17  0.509737  2  2  2  2  2  2  0.590941  0.388316  0.707107  
9.17458e-09  0.870313  0.492499  2  2  2  2  2  2  0.307786  0.889583  0.337506  
1  2.23956e-10  5.8426e-12  2  2  2  2  2  2  0.295346  0.642472  0.707107  
0.704365  0.504936  0.498908  2  2  2  2  2  2  0.716787  0.521228  0.463183  
0.864694  0.314821  0.391397  2  2  2  2  2  2  5.99468e-17  0.979006  0.203832  
0.961734  1.32924e-17  0.273985  2  2  2  2  2  2  0.751448  0.415627  0.512425  
0.78921  0.614124  8.39666e-17  2  2  2  2  2  2  0.810212  0.509826  0.289195  
0.238071  0.665824  0.707107  2  2  2  2  2  2  0.523193  0.799481  0.295124  
4.93465e-17  0.805889  0.592067  2  2  2  2  2  2  0.957854  1.32388e-17  0.287257  
0.807227  0.396881  0.436886  2  2  2  2  2  2  0.938457  0.345395  8.39666e-17  
0.931614  0.36345  8.39666e-17  2  2  2  2  2  2  0.591889  0.806019  0  
0.788324  0.325858  0.521882  2  2  2  2  2  2  2.16255e-08  0.915787  0.401663  
0.820167  0.572125  8.57114e-17  2  2  2  2  2  2  0.354002  0.662231  0.660404  
0.410058  0.576066  0.707107  2  2  2  2  2  2  0.685216  0.606277  0.403618  
5.13805e-17  0.839107  0.543966  2  2  2  2  2  2  0.611528  0.648653  0.453082  
0.73843  0  0.67433  2  2  2  2  2  2  0.782653  0.463803  0.41514  
0.620387  0.738735  0.26342  2  2  2  2  2  2  0.935287  0  0.35389  
0.241937  0.936326  0.254479  2  2  2  2  2  2  0.444591  0.549854  0.707107  
0.341573  0.939855  1.05563e-08  2  2  2  2  2  2  0.174535  0.984651  0  
5.0252e-16  5.31344e-17  1  2  2  2  2  2  2  0.890271  0.324064  0.32  
0.665448  0.23912  0.707107  2  2  2  2  2  2  8.84452e-09  0.839003  0.544126  
0.39447  0.662583  0.636692  2  2  2  2  2  2  0.60367  0.752457  0.26342  
0.800552  0  0.599263  2  2  2  2  2  2  0.555909  0.597088  0.578317  
0.310999  0.749513  0.584388  2  2  2  2  2  2  0.70815  0.270099  0.652357  
0.624365  0.532978  0.571053  2  2  2  2  2  2  0.86333  0.435603  0.254777  
0.359116  0.609127  0.707107  2  2  2  2  2  2  0.637434  0.568556  0.520021  
0.484918  0.835385  0.258817  2  2  2  2  2  2  0.63592  0.771755  2.66633e-18  
0.849328  0.527866  1.05412e-08  2  2  2  2  2  2  0.523738  0.475077  0.707107  
0.906568  0.272468  0.322327  2  2  2  2  2  2  0.620146  0.339734  0.707107  
0.840963  0.437856  0.317904  2  2  2  2  2  2  0.569548  0.527843  0.630076  
0.691329  0.321429  0.647107  2  2  2  2  2  2  0.261279  0.965263  2.66633e-18  
0.724226  0.689563  8.39666e-17  2  2  2  2  2  2  0.684313  0.391429  0.615222  
0.938156  0  0.346212  2  2  2  2  2  2  6.12323e-17  1  8.57114e-17  
0.456526  0.539985  0.707107  2  2  2  2  2  2  0.155885  0.68971  0.707107  
0.384519  0.780333  0.49318  2  2  2  2  2  2  0.395558  0.700234  0.594312  
8.17733e-09  0.775713  0.631086  2  2  2  2  2  2  0.838229  0.397639  0.37317  
0.91474  1.25891e-17  0.404043  2  2  2  2  2  2  0.741018  0.324772  0.58772  
2.19153e-08  0.928053  0.372447  2  2  2  2  2  2  0.405749  0.872656  0.271734  
0.260279  0.811135  0.523751  2  2  2  2  2  2  0.287684  0.853777  0.433938  
0.584005  0.713901  0.386372  2  2  2  2  2  2  0.961637  0.274326  8.39666e-17  
0.332379  0.903098  0.271915  2  2  2  2  2  2  5.91143e-17  1.59654e-17  1  
0.276417  0.705708  0.652357  2  2  2  2  2  2  0.570746  0.726677  0.382348  
0.538635  0.458118  0.707107  2  2  2  2  2  2  0.232441  0.667811  0.707107  
0.434716  0.714574  0.548093  2  2  2  2  2  2  0.821443  0.57029  0  
4.54565e-17  0.742361  0.67  2  2  2  2  2  2  0.752167  0.658973  0  
0.67245  0.675734  0.301985  2  2  2  2  2  2  4.55601e-17  0.744053  0.66812  
0.535487  0.682323  0.497684  2  2  2  2  2  2  2.26367e-08  0.959967  0.280114  
0.707808  0.610643  0.355137  2  2  2  2  2  2  1  1.38213e-17  0  
0.769377  0.48422  0.416642  2  2  2  2  2  2  0.690882  0.150605  0.707107  
0.983081  1.35875e-17  0.183172  2  2  2  2  2  2  0.926061  0.266471  0.267215  
0.889441  1.22409e-17  0.457049  2  2  2  2  2  2  0.533916  0.695384  0.481014  
0.941486  0.242729  0.233853  2  2  2  2  2  2  0.428923  0.741455  0.516013  
0.886953  0.382676  0.258598  2  2  2  2  2  2  0.558191  0.434077  0.707107  
0.876779  0.480894  8.39666e-17  2  2  2  2  2  2  0.780222  1.07837e-17  0.625503  
0.65997  0.435852  0.611942  2  2  2  2  2  2  0.881271  1.21285e-17  0.472612  
0.688741  0.160113  0.707107  2  2  2  2  2  2  0.912731  0.408561  0  
0.403585  0.914942  8.39666e-17  2  2  2  2  2  2  0.977823  1.35148e-17  0.209433  
0.807809  0.516456  0.284109  2  2  2  2  2  2  0.348248  0.806446  0.477879  
0.608202  0.36068  0.707107  2  2  2  2  2  2  0.549027  0.835805  8.39666e-17  
0.492801  0.75037  0.440558  2  2  2  2  2  2  0.476934  0.770632  0.422682  
0.770262  1.06461e-17  0.637727  2  2  2  2  2  2  4.77e-17  0.779  0.627024  
0.459592  0.88813  8.39666e-17  2  2  2  2  2  2  0.272215  0.72408  0.633725  
0.271198  0.962523  2.66633e-18  2  2  2  2  2  2  5.30371e-17  0.866162  0.499763  
0.513414  0.858141  0  2  2  2  2  2  2  0.331853  0.943331  8.39666e-17  
0.753392  0.284677  0.592756  2  2  2  2  2  2  0.432869  0.829607  0.352672  
0.518975  0.570426  0.636615  2  2  2  2  2  2  0.394075  0.919078  8.39666e-17  
0.302627  0.639075  0.707107  2  2  2  2  2  2  2.21681e-08  0.938904  0.344179  
0.829304  0  0.558798  2  2  2  2  2  2  0.793307  0.263852  0.548677  
0.259331  0.884309  0.38826  2  2  2  2  2  2  0.498362  0.664812  0.556471  
5.98112e-17  0.976791  0.214193  2  2  2  2  2  2  0.666647  0.485834  0.565285  
6.12323e-17  1  8.57114e-17  2  2  2  2  2  2  0.503622  0.863924  0  
0.688615  0.725127  0  2  2  2  2  2  2  0.852311  0.523035  0  
0.541262  0.780781  0.312116  2  2  2  2  2  2  0.451047  0.8925  2.66633e-18  
0.670051  0.577455  0.466452  2  2  2  2  2  2  4.95875e-17  0.809825  0.586672  
0.574894  0.4117  0.707107  2  2  2  2  2  2  0.713603  0.70055  8.57114e-17  
0.499213  0.500786  0.707107  2  2  2  2  2  2  0.883627  0.468191  8.39666e-17  
0.395019  0.862729  0.315687  2  2  2  2  2  2  0.744652  1.02921e-17  0.667453  
0.159334  0.688921  0.707107  2  2  2  2  2  2  0.849815  1.16956e-17  0.527081  
0.438739  0.809436  0.390285  2  2  2  2  2  2  0.722119  0.636538  0.270857  
0.728484  0.410475  0.548472  2  2  2  2  2  2  0.756587  0.564464  0.330085  
4.32978e-17  0.707107  0.707107  2  2  2  2  2  2  0.646538  0.286336  0.707107  
0.627231  0.648059  0.431973  2  2  2  2  2  2  4.32978e-17  0.707107  0.707107  
0.978077  0.208243  8.39666e-17  2  2  2  2  2  2  0.653677  0.686805  0.317813  
0.604709  0.796447  0  2  2  2  2  2  2  0.707107  0  0.707107  
0.315519  0.839962  0.441488  2  2  2  2  2  2  9.39824e-09  0.891788  0.452454  
0.181332  0.983422  8.39666e-17  2  2  2  2  2  2  0.399266  0.583598  0.707107  
0.707107  0  0.707107  2  2  2  2  2  2  0.863951  0.262343  0.429844  
0.647824  0.76179  0  2  2  2  2  2  2  0.619433  0.435542  0.653151  
0.484642  0.639201  0.597113  2  2  2  2  2  2  0.268723  0.92723  0.260832  
0.956337  0.292267  8.39666e-17  2  2  2  2  2  2  0.295923  0.773428  0.56057  
0.757793  0.652495  8.39666e-17  2  2  2  2  2  2  0.81553  0.331409  0.474425  
9.48846e-09  0.900349  0.435168  2  2  2  2  2  2  0.349993  0.614414  0.707107  
0.563504  0.826113  0  2  2  2  2  2  2  0.469879  0.606764  0.641132  
0.755754  0.572619  0.317715  2  2  2  2  2  2  0.670372  0.224948  0.707107  
2.24954e-08  0.95397  0.299903  2  2  2  2  2  2  0.910509  1.25309e-17  0.413489  
0.580999  0.610176  0.538633  2  2  2  2  2  2  0.485159  0.514413  0.707107  
0.638444  0.303955  0.707107  2  2  2  2  2  2  0.788752  0.614711  8.57114e-17  
0.585658  0.479998  0.653151  2  2  2  2  2  2  0.816085  0  0.577932  
0.905272  0.424832  8.39666e-17  2  2  2  2  2  2  0.677589  0.735441  0  
0.839274  0.2598  0.477623  2  2  2  2  2  2  0.983034  0.183421  8.39666e-17  
0.86033  1.18909e-17  0.509737  2  2  2  2  2  2  0.590329  0.389245  0.707107  
9.17458e-09  0.870313  0.492499  2  2  2  2  2  2  0.307946  0.889609  0.337291  
1  2.23956e-10  5.8426e-12  2  2  2  2  2  2  0.295123  0.642575  0.707107  
0.704486  0.50392  0.499763  2  2  2  2  2  2  0.716787  0.521228  0.463183  
0.864694  0.314821  0.391397  2  2  2  2  2  2  5.99468e-17  0.979006  0.203832  
0.961734  1.32924e-17  0.273985  2  2  2  2  2  2  0.751448  0.415627  0.512425  
0.789146  0.614205  0  2  2  2  2  2  2  0.810212  0.509826  0.289195  
0.238071  0.665824  0.707107  2  2  2  2  2  2  0.523272  0.799451  0.295068  
4.93465e-17  0.805889  0.592067  2  2  2  2  2  2  0.957854  1.32388e-17  0.287257  
0.807227  0.396881  0.436886  2  2  2  2  2  2  0.938418  0.345502  8.39666e-17  
0.931614  0.36345  8.39666e-17  2  2  2  2  2  2  0.591889  0.806019  0  
0.788324  0.325858  0.521882  2  2  2  2  2  2  2.16224e-08  0.915739  0.401774  
0.820076  0.572254  0  2  2  2  2  2  2  0.354105  0.662176  0.660404  
0.410058  0.576066  0.707107  2  2  2  2  2  2  0.685275  0.60621  0.403618  
5.13805e-17  0.839107  0.543966  2  2  2  2  2  2  0.61162  0.648566  0.453082  
0.73843  0  0.67433  2  2  2  2  2  2  0.782653  0.463803  0.41514  
0.620234  0.738864  0.26342  2  2  2  2  2  2  0.935287  0  0.35389  
0.241937  0.936326  0.254479  2  2  2  2  2  2  0.44392  0.550395  0.707107  
0.341539  0.939867  8.39666e-17  2  2  2  2  2  2  0.174535  0.984651  0  
5.0252e-16  5.31344e-17  1  2  2  2  2  2  2  0.890271  0.324064  0.32  
0.665448  0.23912  0.707107  2  2  2  2  2  2  8.84411e-09  0.839003  0.544126  
0.39447  0.662583  0.636692  2  2  2  2  2  2  0.60367  0.752457  0.26342  
0.800548  0  0.599269  2  2  2  2  2  2  0.555941  0.597058  0.578317  
0.310999  0.749513  0.584388  2  2  2  2  2  2  0.708191  0.270115  0.652307  
0.624365  0.532978  0.571053  2  2  2  2  2  2  0.863298  0.435587  0.254914  
0.359159  0.609102  0.707107  2  2  2  2  2  2  0.637434  0.568556  0.520021  
0.483978  0.835539  0.260077  2  2  2  2  2  2  0.635997  0.771691  2.66633e-18  
0.849202  0.528067  0  2  2  2  2  2  2  0.52315  0.475725  0.707107  
0.906568  0.272468  0.322327  2  2  2  2  2  2  0.619922  0.340142  0.707107  
0.840963  0.437856  0.317904  2  2  2  2  2  2  0.569455  0.527906  0.630109  
0.691329  0.321429  0.647107  2  2  2  2  2  2  0.261279  0.965263  2.66633e-18  
0.724209  0.689581  2.66633e-18  2  2  2  2  2  2  0.684313  0.391429  0.615222  
0.938156  0  0.346212  2  2  2  2  2  2  6.12323e-17  1  8.57114e-17  
0.456526  0.539985  0.707107  2  2  2  2  2  2  0.155795  0.68973  0.707107  
0.384519  0.780333  0.49318  2  2  2  2  2  2  0.395653  0.70018  0.594312  
8.17733e-09  0.775713  0.631086  2  2  2  2  2  2  0.838229  0.397639  0.37317  
0.91474  1.25891e-17  0.404043  2  2  2  2  2  2  0.741018  0.324772  0.58772  
2.19153e-08  0.928053  0.372447  2  2  2  2  2  2  0.405876  0.872597  0.271734  
