2.38987  1.47881  3.78141  3.45575  1.79769e+308  1.79769e+308  2.38987  1.47881  
1.5132  1.77211  3.78141  3.45575  1.79769e+308  1.79769e+308  1.5132  1.77211  
1.74456  1.94479  3.78141  3.45575  1.79769e+308  1.79769e+308  1.74456  1.94479  
0.234551  0.972104  3.78141  3.45575  1.79769e+308  1.79769e+308  0.234551  0.972104  
2.43385  0.326354  3.78141  3.45575  1.79769e+308  1.79769e+308  2.43385  0.326354  
2.34271  0.441192  3.78141  3.45575  1.79769e+308  1.79769e+308  2.34271  0.441192  
1.33493  2.36716  3.78141  3.45575  1.79769e+308  1.79769e+308  1.33493  2.36716  
2.51334  0.458639  3.78141  3.45575  1.79769e+308  1.79769e+308  2.51334  0.458639  
2.19899  1.21582  3.78141  3.45575  1.79769e+308  1.79769e+308  2.19899  1.21582  
2.20069  1.4835  3.78141  3.45575  1.79769e+308  1.79769e+308  2.20069  1.4835  
0.173522  0.98483  3.78141  3.45575  1.79769e+308  1.79769e+308  0.173522  0.98483  
1.82609  1.86136  3.78141  3.45575  1.79769e+308  1.79769e+308  1.82609  1.86136  
0.0702236  0.997531  3.78141  3.45575  1.79769e+308  1.79769e+308  0.0702236  0.997531  
0.795228  2.3914  3.78141  3.45575  1.79769e+308  1.79769e+308  0.795228  2.3914  
0.109141  0.994026  3.78141  3.45575  1.79769e+308  1.79769e+308  0.109141  0.994026  
2.30959  0.735177  3.78141  3.45575  1.79769e+308  1.79769e+308  2.30959  0.735177  
0.201303  0.979529  3.78141  3.45575  1.79769e+308  1.79769e+308  0.201303  0.979529  
2.07017  1.68866  3.78141  3.45575  1.79769e+308  1.79769e+308  2.07017  1.68866  
2.4872  0.851433  3.78141  3.45575  1.79769e+308  1.79769e+308  2.4872  0.851433  
2.34313  0.509145  3.78141  3.45575  1.79769e+308  1.79769e+308  2.34313  0.509145  
2.37963  0.487157  3.78141  3.45575  1.79769e+308  1.79769e+308  2.37963  0.487157  
1.8279  1.98728  3.78141  3.45575  1.79769e+308  1.79769e+308  1.8279  1.98728  
1.81489  1.55177  3.78141  3.45575  1.79769e+308  1.79769e+308  1.81489  1.55177  
0.13431  0.990939  3.78141  3.45575  1.79769e+308  1.79769e+308  0.13431  0.990939  
2.49033  0.460701  3.78141  3.45575  1.79769e+308  1.79769e+308  2.49033  0.460701  
2.57882  0.486935  3.78141  3.45575  1.79769e+308  1.79769e+308  2.57882  0.486935  
2.6803  0.0239836  3.78141  3.45575  1.79769e+308  1.79769e+308  2.6803  0.0239836  
1.94492  1.52176  3.78141  3.45575  1.79769e+308  1.79769e+308  1.94492  1.52176  
2.01999  1.85305  3.78141  3.45575  1.79769e+308  1.79769e+308  2.01999  1.85305  
1.70571  1.58086  3.78141  3.45575  1.79769e+308  1.79769e+308  1.70571  1.58086  
1.96685  1.0101  3.78141  3.45575  1.79769e+308  1.79769e+308  1.96685  1.0101  
2.21947  0.817203  3.78141  3.45575  1.79769e+308  1.79769e+308  2.21947  0.817203  
1.16053  2.21115  3.78141  3.45575  1.79769e+308  1.79769e+308  1.16053  2.21115  
0.264877  0.964282  3.78141  3.45575  1.79769e+308  1.79769e+308  0.264877  0.964282  
1.3276  1.80974  3.78141  3.45575  1.79769e+308  1.79769e+308  1.3276  1.80974  
2.13807  1.16592  3.78141  3.45575  1.79769e+308  1.79769e+308  2.13807  1.16592  
2.30446  0.806605  3.78141  3.45575  1.79769e+308  1.79769e+308  2.30446  0.806605  
1.62602  1.94381  3.78141  3.45575  1.79769e+308  1.79769e+308  1.62602  1.94381  
1.4241  1.999  3.78141  3.45575  1.79769e+308  1.79769e+308  1.4241  1.999  
0.941303  2.21663  3.78141  3.45575  1.79769e+308  1.79769e+308  0.941303  2.21663  
2.26109  0.688259  3.78141  3.45575  1.79769e+308  1.79769e+308  2.26109  0.688259  
2.78141  0.129188  3.78141  3.45575  1.79769e+308  1.79769e+308  2.78141  0.129188  
0.843652  2.25905  3.78141  3.45575  1.79769e+308  1.79769e+308  0.843652  2.25905  
1.27396  2.06138  3.78141  3.45575  1.79769e+308  1.79769e+308  1.27396  2.06138  
1.80748  1.56738  3.78141  3.45575  1.79769e+308  1.79769e+308  1.80748  1.56738  
2.51029  0.179695  3.78141  3.45575  1.79769e+308  1.79769e+308  2.51029  0.179695  
2.1609  1.2285  3.78141  3.45575  1.79769e+308  1.79769e+308  2.1609  1.2285  
1.95493  1.22129  3.78141  3.45575  1.79769e+308  1.79769e+308  1.95493  1.22129  
1.23574  2.08241  3.78141  3.45575  1.79769e+308  1.79769e+308  1.23574  2.08241  
1.78537  1.9057  3.78141  3.45575  1.79769e+308  1.79769e+308  1.78537  1.9057  
1.85082  1.81202  3.78141  3.45575  1.79769e+308  1.79769e+308  1.85082  1.81202  
1.01127  2.23294  3.78141  3.45575  1.79769e+308  1.79769e+308  1.01127  2.23294  
2.29112  0.292181  3.78141  3.45575  1.79769e+308  1.79769e+308  2.29112  0.292181  
0.239492  0.970898  3.78141  3.45575  1.79769e+308  1.79769e+308  0.239492  0.970898  
1.74422  1.32833  3.78141  3.45575  1.79769e+308  1.79769e+308  1.74422  1.32833  
0.0401137  0.999195  3.78141  3.45575  1.79769e+308  1.79769e+308  0.0401137  0.999195  
1.5549  1.74095  3.78141  3.45575  1.79769e+308  1.79769e+308  1.5549  1.74095  
0.0105594  0.999944  3.78141  3.45575  1.79769e+308  1.79769e+308  0.0105594  0.999944  
1.87311  1.76827  3.78141  3.45575  1.79769e+308  1.79769e+308  1.87311  1.76827  
2.266  0.549658  3.78141  3.45575  1.79769e+308  1.79769e+308  2.266  0.549658  
0.220382  0.975414  3.78141  3.45575  1.79769e+308  1.79769e+308  0.220382  0.975414  
0.225567  0.974228  3.78141  3.45575  1.79769e+308  1.79769e+308  0.225567  0.974228  
0.0497107  0.998764  3.78141  3.45575  1.79769e+308  1.79769e+308  0.0497107  0.998764  
1.05584  2.37849  3.78141  3.45575  1.79769e+308  1.79769e+308  1.05584  2.37849  
0.158166  0.987413  3.78141  3.45575  1.79769e+308  1.79769e+308  0.158166  0.987413  
2.58222  0.12415  3.78141  3.45575  1.79769e+308  1.79769e+308  2.58222  0.12415  
2.19503  0.910944  3.78141  3.45575  1.79769e+308  1.79769e+308  2.19503  0.910944  
0.0293727  0.999569  3.78141  3.45575  1.79769e+308  1.79769e+308  0.0293727  0.999569  
0.295857  0.955232  3.78141  3.45575  1.79769e+308  1.79769e+308  0.295857  0.955232  
1.95324  1.66187  3.78141  3.45575  1.79769e+308  1.79769e+308  1.95324  1.66187  
0.280005  0.959999  3.78141  3.45575  1.79769e+308  1.79769e+308  0.280005  0.959999  
0.191412  0.98151  3.78141  3.45575  1.79769e+308  1.79769e+308  0.191412  0.98151  
0.962258  2.34265  3.78141  3.45575  1.79769e+308  1.79769e+308  0.962258  2.34265  
1.95596  1.66551  3.78141  3.45575  1.79769e+308  1.79769e+308  1.95596  1.66551  
2.56284  0.550588  3.78141  3.45575  1.79769e+308  1.79769e+308  2.56284  0.550588  
0.166825  0.985986  3.78141  3.45575  1.79769e+308  1.79769e+308  0.166825  0.985986  
1.17796  2.13364  3.78141  3.45575  1.79769e+308  1.79769e+308  1.17796  2.13364  
2.6421  0.661058  3.78141  3.45575  1.79769e+308  1.79769e+308  2.6421  0.661058  
2.19237  0.490039  3.78141  3.45575  1.79769e+308  1.79769e+308  2.19237  0.490039  
2.40444  0.953072  3.78141  3.45575  1.79769e+308  1.79769e+308  2.40444  0.953072  
2.45689  0.0172134  3.78141  3.45575  1.79769e+308  1.79769e+308  2.45689  0.0172134  
0.014525  0.999895  3.78141  3.45575  1.79769e+308  1.79769e+308  0.014525  0.999895  
2.38764  0.839416  3.78141  3.45575  1.79769e+308  1.79769e+308  2.38764  0.839416  
1.44907  2.16004  3.78141  3.45575  1.79769e+308  1.79769e+308  1.44907  2.16004  
2.17259  1.01893  3.78141  3.45575  1.79769e+308  1.79769e+308  2.17259  1.01893  
0.0771075  0.997023  3.78141  3.45575  1.79769e+308  1.79769e+308  0.0771075  0.997023  
0.890241  2.28275  3.78141  3.45575  1.79769e+308  1.79769e+308  0.890241  2.28275  
0.952487  2.42915  3.78141  3.45575  1.79769e+308  1.79769e+308  0.952487  2.42915  
2.37711  1.031  3.78141  3.45575  1.79769e+308  1.79769e+308  2.37711  1.031  
2.33686  0.680914  3.78141  3.45575  1.79769e+308  1.79769e+308  2.33686  0.680914  
2.14662  0.719982  3.78141  3.45575  1.79769e+308  1.79769e+308  2.14662  0.719982  
1.29918  2.04796  3.78141  3.45575  1.79769e+308  1.79769e+308  1.29918  2.04796  
1.99246  1.64452  3.78141  3.45575  1.79769e+308  1.79769e+308  1.99246  1.64452  
0.0635651  0.997978  3.78141  3.45575  1.79769e+308  1.79769e+308  0.0635651  0.997978  
1.62379  2.12746  3.78141  3.45575  1.79769e+308  1.79769e+308  1.62379  2.12746  
1.94068  1.70406  3.78141  3.45575  1.79769e+308  1.79769e+308  1.94068  1.70406  
0.159037  0.987273  3.78141  3.45575  1.79769e+308  1.79769e+308  0.159037  0.987273  
1.30697  2.09089  3.78141  3.45575  1.79769e+308  1.79769e+308  1.30697  2.09089  
1.02768  2.38616  3.78141  3.45575  1.79769e+308  1.79769e+308  1.02768  2.38616  
0.946147  2.45575  3.78141  3.45575  1.79769e+308  1.79769e+308  0.946147  2.45575  
0.292205  0.956356  3.63102  2.9993  2.81818  2  0.262306  0.964985  
0.0162473  0.999868  3.63102  2.9993  2.81818  2  0.116502  0.993191  
0.306965  0.951721  3.63102  2.9993  2.81818  2  0.235513  0.971871  
0.235096  0.971972  3.63102  2.9993  2.81818  2  0.090331  0.995912  
0.265678  0.964062  3.63102  2.9993  2.81818  2  1.38353  0.00020236  
0.0882769  0.996096  3.63102  2.9993  2.81818  2  0.227438  0.973793  
0.214991  0.976616  3.63102  2.9993  2.81818  2  1.81055  1.57874e-16  
0.068141  0.997676  3.63102  2.9993  2.81818  2  1.58481  1.3819e-16  
0.176858  0.984236  3.63102  2.9993  2.81818  2  0.103016  0.99468  
0.270039  0.962849  3.63102  2.9993  2.81818  2  0.267689  0.963505  
0.173876  0.984767  3.63102  2.9993  2.81818  2  0.0515826  0.998669  
0.188405  0.982091  3.63102  2.9993  2.81818  2  0.124639  0.992202  
0.283551  0.958957  3.63102  2.9993  2.81818  2  0.309012  0.951058  
0.109924  0.99394  3.63102  2.9993  2.81818  2  0.288188  0.957574  
0.191206  0.98155  3.63102  2.9993  2.81818  2  0.141101  0.989995  
0.230146  0.973156  3.63102  2.9993  2.81818  2  1.98852  1.73392e-16  
0.267843  0.963462  3.63102  2.9993  2.81818  2  1.47837  0.00495561  
0.196605  0.980483  3.63102  2.9993  2.81818  2  0.173766  0.984787  
0.212387  0.977186  3.63102  2.9993  2.81818  2  0.129443  0.991587  
0.222755  0.974874  3.63102  2.9993  2.81818  2  0.264832  0.964294  
0.25906  0.965861  3.63102  2.9993  2.81818  2  1.32714  0.00321455  
0.252196  0.967676  3.63102  2.9993  2.81818  2  0.0634621  0.997984  
0.249879  0.968277  3.63102  2.9993  2.81818  2  1.45016  0.000378747  
0.135231  0.990814  3.63102  2.9993  2.81818  2  0.187007  0.982359  
0.120016  0.992772  3.63102  2.9993  2.81818  2  0.237957  0.971276  
0.296412  0.95506  3.63102  2.9993  2.81818  2  0.305392  0.952227  
0.165031  0.986288  3.63102  2.9993  2.81818  2  1.41923  0  
0.242548  0.970139  3.63102  2.9993  2.81818  2  0.0446408  0.999003  
0.304906  0.952382  3.63102  2.9993  2.81818  2  0.291456  0.956584  
0.150457  0.988617  3.63102  2.9993  2.81818  2  1.90947  0  
0.28579  0.958292  3.63102  2.9993  2.81818  2  0.305392  0.952227  
0.153449  0.988157  3.63102  2.9993  2.81818  2  0.27924  0.960221  
0.159246  0.987239  3.63102  2.9993  2.81818  2  2.13779  0.222031  
0.0919882  0.99576  3.63102  2.9993  2.81818  2  1.20405  0  
0.281311  0.959617  3.63102  2.9993  2.81818  2  0.29939  0.954131  
0.0636257  0.997974  3.63102  2.9993  2.81818  2  0.216252  0.976338  
0.0377459  0.999287  3.63102  2.9993  2.81818  2  0.218513  0.975834  
0.14736  0.989083  3.63102  2.9993  2.81818  2  0.255314  0.966858  
0.113402  0.993549  3.63102  2.9993  2.81818  2  0.107984  0.994153  
0.156367  0.987699  3.63102  2.9993  2.81818  2  0.305872  0.952073  
0.201819  0.979423  3.63102  2.9993  2.81818  2  0.308559  0.951205  
0.237617  0.971359  3.63102  2.9993  2.81818  2  0.112445  0.993658  
0.274508  0.961585  3.63102  2.9993  2.81818  2  0.295508  0.95534  
0.272266  0.962222  3.63102  2.9993  2.81818  2  0.861414  1.9993  
0.290085  0.957001  3.63102  2.9993  2.81818  2  1.70631  1.48785e-16  
0.217608  0.976036  3.63102  2.9993  2.81818  2  1.7412  1.51827e-16  
0.204418  0.978884  3.63102  2.9993  2.81818  2  0.222444  0.974945  
0.300728  0.95371  3.63102  2.9993  2.81818  2  1.49483  1.30345e-16  
0.0245263  0.999699  3.63102  2.9993  2.81818  2  0.0728472  0.997343  
0.138253  0.990397  3.63102  2.9993  2.81818  2  1.05  0  
0.279039  0.96028  3.63102  2.9993  2.81818  2  0.242579  0.970132  
0.263522  0.964653  3.63102  2.9993  2.81818  2  0.19212  0.981371  
0.0490246  0.998798  3.63102  2.9993  2.81818  2  0.0802358  0.996776  
0.240087  0.970751  3.63102  2.9993  2.81818  2  0.0396836  0.999212  
0.0589372  0.998262  3.63102  2.9993  2.81818  2  1.54216  0.00267376  
0.232601  0.972572  3.63102  2.9993  2.81818  2  0.205128  0.978735  
0.12928  0.991608  3.63102  2.9993  2.81818  2  1.3531  0  
0.182681  0.983172  3.63102  2.9993  2.81818  2  1.83831  0.0494933  
0.254545  0.967061  3.63102  2.9993  2.81818  2  1.90907  0.0828879  
0.126241  0.992  3.63102  2.9993  2.81818  2  1.61161  0  
0.220222  0.97545  3.63102  2.9993  2.81818  2  0.250819  0.968034  
0.227716  0.973728  3.63102  2.9993  2.81818  2  0.145833  0.989309  
0.20703  0.978335  3.63102  2.9993  2.81818  2  0.24705  0.969003  
0.287953  0.957645  3.63102  2.9993  2.81818  2  2.42192  0.335629  
1.05  0  3.63102  2.9993  2.81818  2  1.81818  1.58539e-16  
0.116791  0.993157  3.63102  2.9993  2.81818  2  0.211233  0.977436  
0.225244  0.974302  3.63102  2.9993  2.81818  2  2.01413  0.12376  
0.298551  0.954394  3.63102  2.9993  2.81818  2  6.12323e-17  1  
0.302835  0.953043  3.63102  2.9993  2.81818  2  1.53798  1.34106e-16  
0.0845052  0.996423  3.63102  2.9993  2.81818  2  0.120016  0.992772  
0.123207  0.992381  3.63102  2.9993  2.81818  2  1.87309  1.63328e-16  
0.0435607  0.999051  3.63102  2.9993  2.81818  2  0.232003  0.972715  
0.0956485  0.995415  3.63102  2.9993  2.81818  2  1.93445  0  
0.294307  0.955711  3.63102  2.9993  2.81818  2  0.150915  0.988547  
0.256798  0.966465  3.63102  2.9993  2.81818  2  0.156399  0.987694  
0.102886  0.994693  3.63102  2.9993  2.81818  2  1.37771  1.20132e-16  
0.106467  0.994316  3.63102  2.9993  2.81818  2  0.283359  0.959014  
0.0992578  0.995062  3.63102  2.9993  2.81818  2  1.70805  1.48937e-16  
0.179762  0.98371  3.63102  2.9993  2.81818  2  0.198773  0.980046  
0.0805923  0.996747  3.63102  2.9993  2.81818  2  2.07388  1.80836e-16  
0.141282  0.989969  3.63102  2.9993  2.81818  2  1.57022  1.36918e-16  
0.162144  0.986767  3.63102  2.9993  2.81818  2  0.728015  1.80374  
3.58279e-10  1  3.63102  2.9993  2.81818  2  1.67949  1.46446e-16  
0.167965  0.985793  3.63102  2.9993  2.81818  2  1.48527  1.2951e-16  
0.276773  0.960935  3.63102  2.9993  2.81818  2  0.086699  0.996235  
0.0765626  0.997065  3.63102  2.9993  2.81818  2  0.180434  0.983587  
0.144277  0.989537  3.63102  2.9993  2.81818  2  0.213442  0.976956  
0.209706  0.977764  3.63102  2.9993  2.81818  2  0.168002  0.985787  
0.17091  0.985287  3.63102  2.9993  2.81818  2  0.16157  0.986861  
0.132227  0.991219  3.63102  2.9993  2.81818  2  2.63102  1.35084  
0.0724354  0.997373  3.63102  2.9993  2.81818  2  1.92023  0.0163771  
0.193915  0.981018  3.63102  2.9993  2.81818  2  0.0272494  0.999629  
0.0314388  0.999506  3.63102  2.9993  2.81818  2  0.237122  0.97148  
0.261314  0.965254  3.63102  2.9993  2.81818  2  0.286261  0.958152  
0.185542  0.982636  3.63102  2.9993  2.81818  2  0.273209  0.961955  
0.247499  0.968888  3.63102  2.9993  2.81818  2  1.70039  1.48268e-16  
0.0541155  0.998535  3.63102  2.9993  2.81818  2  2.49006  0.478161  
0.309012  0.951058  3.63102  2.9993  2.81818  2  0.136006  0.990708  
0.245047  0.969511  3.63102  2.9993  2.81818  2  0.301948  0.953324  
0.199225  0.979954  3.63102  2.9993  2.81818  2  1.48207  1.29232e-16  
0.292205  0.956356  2.05  2  2.05  2  0.192718  0.981254  
0.0164174  0.999865  2.05  2  2.05  2  0.0531913  0.998584  
0.306965  0.951721  2.05  2  2.05  2  0.103622  0.994617  
0.23511  0.971969  2.05  2  2.05  2  0.262539  0.964921  
0.265678  0.964062  2.05  2  2.05  2  0.143272  0.989683  
0.0882769  0.996096  2.05  2  2.05  2  0.279953  0.960014  
0.215012  0.976612  2.05  2  2.05  2  0.286568  0.95806  
0.068141  0.997676  2.05  2  2.05  2  0.226097  0.974105  
0.176831  0.984241  2.05  2  2.05  2  0.25766  0.966236  
0.27007  0.962841  2.05  2  2.05  2  0.284347  0.958721  
0.173897  0.984764  2.05  2  2.05  2  0.239833  0.970814  
0.188372  0.982098  2.05  2  2.05  2  0.309012  0.951058  
0.283551  0.958957  2.05  2  2.05  2  0.113757  0.993509  
0.109962  0.993936  2.05  2  2.05  2  0.20046  0.979702  
0.191133  0.981564  2.05  2  2.05  2  6.12323e-17  1  
0.230194  0.973145  2.05  2  2.05  2  0.0957512  0.995405  
0.267872  0.963455  2.05  2  2.05  2  0.277672  0.960676  
0.196558  0.980492  2.05  2  2.05  2  0.273648  0.96183  
0.212387  0.977186  2.05  2  2.05  2  0.208452  0.978033  
0.22273  0.97488  2.05  2  2.05  2  0.0414839  0.999139  
0.25906  0.965861  2.05  2  2.05  2  0.228216  0.973611  
0.25216  0.967685  2.05  2  2.05  2  0.223827  0.974629  
0.249815  0.968294  2.05  2  2.05  2  0.303049  0.952975  
0.135231  0.990814  2.05  2  2.05  2  0.292902  0.956142  
0.119967  0.992778  2.05  2  2.05  2  0.288795  0.957391  
0.296457  0.955046  2.05  2  2.05  2  0.0585836  0.998283  
0.165098  0.986277  2.05  2  2.05  2  0.282084  0.95939  
0.242548  0.970139  2.05  2  2.05  2  0.221568  0.975145  
0.304906  0.952382  2.05  2  2.05  2  0.156115  0.987739  
0.150452  0.988617  2.05  2  2.05  2  0.190209  0.981744  
0.285739  0.958308  2.05  2  2.05  2  0.216788  0.976219  
0.153432  0.988159  2.05  2  2.05  2  0.267313  0.96361  
0.159299  0.98723  2.05  2  2.05  2  0.120944  0.992659  
0.0919882  0.99576  2.05  2  2.05  2  0.306977  0.951717  
0.281311  0.959617  2.05  2  2.05  2  0.178145  0.984004  
0.0636257  0.997974  2.05  2  2.05  2  0.235101  0.971971  
0.0377459  0.999287  2.05  2  2.05  2  0.162666  0.986681  
0.147403  0.989076  2.05  2  2.05  2  0.159513  0.987196  
0.113402  0.993549  2.05  2  2.05  2  0.255305  0.966861  
0.156367  0.987699  2.05  2  2.05  2  0.305254  0.952271  
0.201861  0.979414  2.05  2  2.05  2  0.271528  0.962431  
0.237617  0.971359  2.05  2  2.05  2  0.175477  0.984484  
0.274508  0.961585  2.05  2  2.05  2  0.23268  0.972553  
0.272266  0.962222  2.05  2  2.05  2  0.24234  0.970191  
0.290085  0.957001  2.05  2  2.05  2  0.18765  0.982236  
0.217608  0.976036  2.05  2  2.05  2  0.300851  0.953671  
0.20447  0.978873  2.05  2  2.05  2  0.146604  0.989195  
0.300728  0.95371  2.05  2  2.05  2  0.248703  0.96858  
0.0245263  0.999699  2.05  2  2.05  2  0.0869152  0.996216  
0.138253  0.990397  2.05  2  2.05  2  1.05  0  
0.279039  0.96028  2.05  2  2.05  2  0.214263  0.976776  
0.263522  0.964653  2.05  2  2.05  2  0.244593  0.969626  
0.0490246  0.998798  2.05  2  2.05  2  0.185286  0.982685  
0.240087  0.970751  2.05  2  2.05  2  0.250463  0.968126  
0.0589372  0.998262  2.05  2  2.05  2  0.237513  0.971384  
0.23265  0.97256  2.05  2  2.05  2  0.0303163  0.99954  
0.129245  0.991613  2.05  2  2.05  2  0.173536  0.984828  
0.182681  0.983172  2.05  2  2.05  2  0.170617  0.985337  
0.254514  0.967069  2.05  2  2.05  2  0.110391  0.993888  
0.126197  0.992005  2.05  2  2.05  2  0.291051  0.956708  
0.220187  0.975458  2.05  2  2.05  2  0.0809224  0.99672  
0.227716  0.973728  2.05  2  2.05  2  0.152771  0.988262  
0.207105  0.978319  2.05  2  2.05  2  0.14997  0.988691  
0.287932  0.957651  2.05  2  2.05  2  0.269466  0.96301  
1.05  0  2.05  2  2.05  2  0.20317  0.979143  
0.11674  0.993163  2.05  2  2.05  2  0.135482  0.99078  
0.225244  0.974302  2.05  2  2.05  2  0.296571  0.955011  
0.298568  0.954388  2.05  2  2.05  2  0.035951  0.999354  
0.302835  0.953043  2.05  2  2.05  2  0.16521  0.986258  
0.0845052  0.996423  2.05  2  2.05  2  0.127782  0.991802  
0.123119  0.992392  2.05  2  2.05  2  0.0636147  0.997975  
0.0435607  0.999051  2.05  2  2.05  2  0.124218  0.992255  
0.0956485  0.995415  2.05  2  2.05  2  0.260294  0.96553  
0.294307  0.955711  2.05  2  2.05  2  0.275975  0.961165  
0.256798  0.966465  2.05  2  2.05  2  0.0767665  0.997049  
0.102886  0.994693  2.05  2  2.05  2  0.252871  0.9675  
0.10645  0.994318  2.05  2  2.05  2  0.246746  0.96908  
0.0992578  0.995062  2.05  2  2.05  2  0.0723364  0.99738  
0.179762  0.98371  2.05  2  2.05  2  0.219096  0.975703  
0.0805923  0.996747  2.05  2  2.05  2  0.13962  0.990205  
0.141282  0.989969  2.05  2  2.05  2  0.0156429  0.999878  
0.162177  0.986762  2.05  2  2.05  2  0.211473  0.977384  
3.58279e-10  1  2.05  2  2.05  2  0.0995755  0.99503  
0.16804  0.98578  2.05  2  2.05  2  0.0910619  0.995845  
0.276773  0.960935  2.05  2  2.05  2  0.106874  0.994273  
0.0765626  0.997065  2.05  2  2.05  2  0.183369  0.983044  
0.144361  0.989525  2.05  2  2.05  2  0.0683103  0.997664  
0.20976  0.977753  2.05  2  2.05  2  0.298548  0.954395  
0.170952  0.985279  2.05  2  2.05  2  0.117234  0.993104  
0.132227  0.991219  2.05  2  2.05  2  0.168051  0.985778  
0.0724354  0.997373  2.05  2  2.05  2  0.197867  0.980229  
0.193902  0.981021  2.05  2  2.05  2  0.265055  0.964233  
0.0315342  0.999503  2.05  2  2.05  2  0.0471216  0.998889  
0.261314  0.965254  2.05  2  2.05  2  0.180467  0.983581  
0.185542  0.982636  2.05  2  2.05  2  0.195354  0.980733  
0.247456  0.968899  2.05  2  2.05  2  0.230324  0.973114  
0.0541155  0.998535  2.05  2  2.05  2  0.0250204  0.999687  
0.309012  0.951058  2.05  2  2.05  2  0.131568  0.991307  
0.245034  0.969514  2.05  2  2.05  2  0.294743  0.955577  
0.199225  0.979954  2.05  2  2.05  2  0.20578  0.978598  
0.292205  0.956356  2.05  2  2.05  2  0.192985  0.981202  
0.0164174  0.999865  2.05  2  2.05  2  0.0534863  0.998569  
0.306965  0.951721  2.05  2  2.05  2  0.10272  0.99471  
0.23515  0.971959  2.05  2  2.05  2  0.262651  0.964891  
0.265678  0.964062  2.05  2  2.05  2  0.143657  0.989627  
0.0882769  0.996096  2.05  2  2.05  2  0.280327  0.959905  
0.215012  0.976612  2.05  2  2.05  2  0.286651  0.958035  
0.0681121  0.997678  2.05  2  2.05  2  0.170407  0.985374  
0.176831  0.984241  2.05  2  2.05  2  0.258177  0.966098  
0.27007  0.962841  2.05  2  2.05  2  0.284546  0.958663  
0.173911  0.984761  2.05  2  2.05  2  0.249326  0.96842  
0.188372  0.982098  2.05  2  2.05  2  0.309012  0.951058  
0.283551  0.958957  2.05  2  2.05  2  0.113633  0.993523  
0.109962  0.993936  2.05  2  2.05  2  0.200654  0.979662  
0.191133  0.981564  2.05  2  2.05  2  6.12323e-17  1  
0.230194  0.973145  2.05  2  2.05  2  0.0950388  0.995474  
0.267876  0.963453  2.05  2  2.05  2  0.278169  0.960532  
0.196558  0.980492  2.05  2  2.05  2  0.273808  0.961784  
0.2124  0.977183  2.05  2  2.05  2  0.208517  0.978019  
0.22273  0.97488  2.05  2  2.05  2  0.0429441  0.999077  
0.259039  0.965867  2.05  2  2.05  2  0.226993  0.973896  
0.25216  0.967685  2.05  2  2.05  2  0.224326  0.974514  
0.249815  0.968294  2.05  2  2.05  2  0.302995  0.952992  
0.135231  0.990814  2.05  2  2.05  2  0.292755  0.956187  
0.119887  0.992788  2.05  2  2.05  2  0.288741  0.957407  
0.296457  0.955046  2.05  2  2.05  2  0.0778873  0.996962  
0.165098  0.986277  2.05  2  2.05  2  0.28243  0.959288  
0.242562  0.970136  2.05  2  2.05  2  0.271669  0.962391  
0.304906  0.952382  2.05  2  2.05  2  0.156023  0.987753  
0.150452  0.988617  2.05  2  2.05  2  0.190426  0.981702  
0.285739  0.958308  2.05  2  2.05  2  0.216577  0.976266  
0.153427  0.98816  2.05  2  2.05  2  0.267205  0.96364  
0.159299  0.98723  2.05  2  2.05  2  0.120512  0.992712  
0.0920463  0.995755  2.05  2  2.05  2  0.307048  0.951694  
0.281311  0.959617  2.05  2  2.05  2  0.1781  0.984012  
0.0636257  0.997974  2.05  2  2.05  2  0.234916  0.972016  
0.0378034  0.999285  2.05  2  2.05  2  0.162041  0.986784  
0.147403  0.989076  2.05  2  2.05  2  0.159009  0.987277  
0.113347  0.993555  2.05  2  2.05  2  0.253818  0.967252  
0.156367  0.987699  2.05  2  2.05  2  0.30508  0.952327  
0.201861  0.979414  2.05  2  2.05  2  0.0159186  0.999873  
0.237617  0.971359  2.05  2  2.05  2  0.175607  0.98446  
0.274508  0.961585  2.05  2  2.05  2  0.232312  0.972641  
0.272295  0.962214  2.05  2  2.05  2  0.242212  0.970223  
0.29006  0.957009  2.05  2  2.05  2  0.18799  0.982171  
0.217608  0.976036  2.05  2  2.05  2  0.300963  0.953636  
0.204522  0.978862  2.05  2  2.05  2  0.146723  0.989178  
0.300728  0.95371  2.05  2  2.05  2  0.0868926  0.996218  
0.0247228  0.999694  2.05  2  2.05  2  0.0585855  0.998282  
0.138253  0.990397  2.05  2  2.05  2  1.05  0  
0.279052  0.960276  2.05  2  2.05  2  0.213949  0.976845  
0.263506  0.964658  2.05  2  2.05  2  0.244587  0.969627  
0.0490246  0.998798  2.05  2  2.05  2  0.185586  0.982628  
0.240087  0.970751  2.05  2  2.05  2  0.239874  0.970804  
0.0589682  0.99826  2.05  2  2.05  2  0.237457  0.971398  
0.232706  0.972547  2.05  2  2.05  2  0.106452  0.994318  
0.129245  0.991613  2.05  2  2.05  2  0.173009  0.98492  
0.18265  0.983178  2.05  2  2.05  2  0.127312  0.991863  
0.254483  0.967077  2.05  2  2.05  2  0.110084  0.993922  
0.126197  0.992005  2.05  2  2.05  2  0.290786  0.956788  
0.220187  0.975458  2.05  2  2.05  2  0.140489  0.990082  
0.227716  0.973728  2.05  2  2.05  2  0.152983  0.988229  
0.20713  0.978313  2.05  2  2.05  2  0.149922  0.988698  
0.287909  0.957658  2.05  2  2.05  2  0.269446  0.963016  
1.05  0  2.05  2  2.05  2  0.203284  0.97912  
0.11668  0.99317  2.05  2  2.05  2  0.164846  0.986319  
0.225244  0.974302  2.05  2  2.05  2  0.296799  0.95494  
0.29861  0.954375  2.05  2  2.05  2  0.0310295  0.999518  
0.302835  0.953043  2.05  2  2.05  2  0.255958  0.966688  
0.0844723  0.996426  2.05  2  2.05  2  0.130755  0.991415  
0.123062  0.992399  2.05  2  2.05  2  0.0634629  0.997984  
0.0435607  0.999051  2.05  2  2.05  2  0.123937  0.99229  
0.0957061  0.99541  2.05  2  2.05  2  0.260389  0.965504  
0.294321  0.955707  2.05  2  2.05  2  0.275985  0.961162  
0.256785  0.966468  2.05  2  2.05  2  0.221708  0.975113  
0.102929  0.994689  2.05  2  2.05  2  0.251601  0.967831  
0.10645  0.994318  2.05  2  2.05  2  0.246983  0.96902  
0.0993241  0.995055  2.05  2  2.05  2  0.0732052  0.997317  
0.179762  0.98371  2.05  2  2.05  2  0.219133  0.975695  
0.0805923  0.996747  2.05  2  2.05  2  0.137278  0.990533  
0.141341  0.989961  2.05  2  2.05  2  0.0372353  0.999307  
0.162177  0.986762  2.05  2  2.05  2  0.211218  0.977439  
3.58279e-10  1  2.05  2  2.05  2  0.0989975  0.995088  
0.168043  0.98578  2.05  2  2.05  2  0.0910232  0.995849  
0.276773  0.960935  2.05  2  2.05  2  0.0824739  0.996593  
0.0765626  0.997065  2.05  2  2.05  2  0.183153  0.983084  
0.144361  0.989525  2.05  2  2.05  2  0.0684728  0.997653  
0.20976  0.977753  2.05  2  2.05  2  0.298863  0.954296  
0.170992  0.985272  2.05  2  2.05  2  0.117105  0.993119  
0.132246  0.991217  2.05  2  2.05  2  0.167672  0.985843  
0.0724354  0.997373  2.05  2  2.05  2  0.198088  0.980184  
0.193874  0.981026  2.05  2  2.05  2  0.264907  0.964274  
0.0316041  0.9995  2.05  2  2.05  2  0.0483462  0.998831  
0.261293  0.965259  2.05  2  2.05  2  0.180655  0.983547  
0.185534  0.982638  2.05  2  2.05  2  0.195493  0.980705  
0.247434  0.968905  2.05  2  2.05  2  0.22967  0.973269  
0.0541155  0.998535  2.05  2  2.05  2  0.024019  0.999712  
0.309015  0.951057  2.05  2  2.05  2  0.134009  0.99098  
0.245017  0.969519  2.05  2  2.05  2  0.294743  0.955577  
0.199225  0.979954  2.05  2  2.05  2  0.205911  0.978571  
0.292205  0.956356  2.05  2  2.05  2  0.193056  0.981188  
0.0164878  0.999864  2.05  2  2.05  2  0.0536208  0.998561  
0.306965  0.951721  2.05  2  2.05  2  0.10272  0.99471  
0.23515  0.971959  2.05  2  2.05  2  0.262651  0.964891  
0.265678  0.964062  2.05  2  2.05  2  0.143657  0.989627  
0.0882769  0.996096  2.05  2  2.05  2  0.280327  0.959905  
0.215012  0.976612  2.05  2  2.05  2  0.286651  0.958035  
0.0681121  0.997678  2.05  2  2.05  2  0.170318  0.985389  
0.176831  0.984241  2.05  2  2.05  2  0.258177  0.966098  
0.27007  0.962841  2.05  2  2.05  2  0.284546  0.958663  
0.173911  0.984761  2.05  2  2.05  2  0.249245  0.96844  
0.188338  0.982104  2.05  2  2.05  2  0.309012  0.951058  
0.283551  0.958957  2.05  2  2.05  2  0.113633  0.993523  
0.109962  0.993936  2.05  2  2.05  2  0.200733  0.979646  
0.191133  0.981564  2.05  2  2.05  2  6.12323e-17  1  
0.230194  0.973145  2.05  2  2.05  2  0.0950388  0.995474  
0.267876  0.963453  2.05  2  2.05  2  0.278169  0.960532  
0.196558  0.980492  2.05  2  2.05  2  0.273817  0.961782  
0.2124  0.977183  2.05  2  2.05  2  0.208595  0.978002  
0.22273  0.97488  2.05  2  2.05  2  0.0429441  0.999077  
0.259039  0.965867  2.05  2  2.05  2  0.226993  0.973896  
0.252146  0.967689  2.05  2  2.05  2  0.224326  0.974514  
0.249815  0.968294  2.05  2  2.05  2  0.302999  0.952991  
0.135259  0.99081  2.05  2  2.05  2  0.292755  0.956187  
0.119887  0.992788  2.05  2  2.05  2  0.288687  0.957423  
0.296457  0.955046  2.05  2  2.05  2  0.0778873  0.996962  
0.165145  0.986269  2.05  2  2.05  2  0.28243  0.959288  
0.242562  0.970136  2.05  2  2.05  2  0.271633  0.962401  
0.304906  0.952382  2.05  2  2.05  2  0.156023  0.987753  
0.150452  0.988617  2.05  2  2.05  2  0.190522  0.981683  
0.285739  0.958308  2.05  2  2.05  2  0.216577  0.976266  
0.153427  0.98816  2.05  2  2.05  2  0.26718  0.963647  
0.159299  0.98723  2.05  2  2.05  2  0.120512  0.992712  
0.0920463  0.995755  2.05  2  2.05  2  0.307048  0.951694  
0.281311  0.959617  2.05  2  2.05  2  0.1781  0.984012  
0.0636257  0.997974  2.05  2  2.05  2  0.234808  0.972042  
0.0378034  0.999285  2.05  2  2.05  2  0.161903  0.986807  
0.147403  0.989076  2.05  2  2.05  2  0.158983  0.987281  
0.113336  0.993557  2.05  2  2.05  2  0.253791  0.967259  
0.156367  0.987699  2.05  2  2.05  2  0.305055  0.952335  
0.201888  0.979409  2.05  2  2.05  2  0.0162267  0.999868  
0.237617  0.971359  2.05  2  2.05  2  0.175558  0.984469  
0.274545  0.961574  2.05  2  2.05  2  0.232236  0.972659  
0.272295  0.962214  2.05  2  2.05  2  0.242212  0.970223  
0.29006  0.957009  2.05  2  2.05  2  0.188062  0.982157  
0.217608  0.976036  2.05  2  2.05  2  0.300963  0.953636  
0.204522  0.978862  2.05  2  2.05  2  0.146825  0.989162  
0.300728  0.95371  2.05  2  2.05  2  0.0867773  0.996228  
0.0247228  0.999694  2.05  2  2.05  2  0.0586835  0.998277  
0.13829  0.990392  2.05  2  2.05  2  1.05  0  
0.279052  0.960276  2.05  2  2.05  2  0.213949  0.976845  
0.263495  0.964661  2.05  2  2.05  2  0.244587  0.969627  
0.0490246  0.998798  2.05  2  2.05  2  0.185586  0.982628  
0.240087  0.970751  2.05  2  2.05  2  0.239802  0.970822  
0.0589682  0.99826  2.05  2  2.05  2  0.237327  0.97143  
0.232671  0.972556  2.05  2  2.05  2  0.106452  0.994318  
0.129245  0.991613  2.05  2  2.05  2  0.172948  0.984931  
0.18265  0.983178  2.05  2  2.05  2  0.127312  0.991863  
0.254444  0.967088  2.05  2  2.05  2  0.110084  0.993922  
0.126186  0.992007  2.05  2  2.05  2  0.290736  0.956803  
0.220187  0.975458  2.05  2  2.05  2  0.140489  0.990082  
0.227716  0.973728  2.05  2  2.05  2  0.152983  0.988229  
0.207146  0.97831  2.05  2  2.05  2  0.149922  0.988698  
0.287904  0.957659  2.05  2  2.05  2  0.2694  0.963029  
1.05  0  2.05  2  2.05  2  0.203305  0.979115  
0.116645  0.993174  2.05  2  2.05  2  0.164763  0.986333  
0.225244  0.974302  2.05  2  2.05  2  0.296835  0.954929  
0.29861  0.954375  2.05  2  2.05  2  0.0310295  0.999518  
0.302835  0.953043  2.05  2  2.05  2  0.25599  0.966679  
0.0844723  0.996426  2.05  2  2.05  2  0.130652  0.991428  
0.123062  0.992399  2.05  2  2.05  2  0.0636979  0.997969  
0.0435607  0.999051  2.05  2  2.05  2  0.123937  0.99229  
0.0957061  0.99541  2.05  2  2.05  2  0.260408  0.965499  
0.294321  0.955707  2.05  2  2.05  2  0.275985  0.961162  
0.256751  0.966478  2.05  2  2.05  2  0.221745  0.975105  
0.102929  0.994689  2.05  2  2.05  2  0.251552  0.967844  
0.106484  0.994314  2.05  2  2.05  2  0.24696  0.969026  
0.0993241  0.995055  2.05  2  2.05  2  0.0732052  0.997317  
0.179759  0.983711  2.05  2  2.05  2  0.219162  0.975688  
0.0805589  0.99675  2.05  2  2.05  2  0.137278  0.990533  
0.141341  0.989961  2.05  2  2.05  2  0.0372353  0.999307  
0.16226  0.986748  2.05  2  2.05  2  0.21129  0.977423  
3.58279e-10  1  2.05  2  2.05  2  0.0988933  0.995098  
0.168064  0.985776  2.05  2  2.05  2  0.0909428  0.995856  
0.276791  0.96093  2.05  2  2.05  2  0.0823975  0.9966  
0.0765626  0.997065  2.05  2  2.05  2  0.183153  0.983084  
0.144361  0.989525  2.05  2  2.05  2  0.0684728  0.997653  
0.209793  0.977746  2.05  2  2.05  2  0.298876  0.954292  
0.170992  0.985272  2.05  2  2.05  2  0.117105  0.993119  
0.132246  0.991217  2.05  2  2.05  2  0.16756  0.985862  
0.0723903  0.997376  2.05  2  2.05  2  0.198153  0.980171  
0.193868  0.981028  2.05  2  2.05  2  0.264907  0.964274  
0.0316041  0.9995  2.05  2  2.05  2  0.048514  0.998823  
0.261293  0.965259  2.05  2  2.05  2  0.180655  0.983547  
0.185486  0.982647  2.05  2  2.05  2  0.195587  0.980686  
0.247434  0.968905  2.05  2  2.05  2  0.229653  0.973273  
0.0541155  0.998535  2.05  2  2.05  2  0.0242331  0.999706  
0.309015  0.951057  2.05  2  2.05  2  0.134009  0.99098  
0.245017  0.969519  2.05  2  2.05  2  0.294772  0.955568  
0.199225  0.979954  2.05  2  2.05  2  0.205959  0.978561  
0.292205  0.956356  2.05  2  2.05  2  0.193056  0.981188  
0.0164878  0.999864  2.05  2  2.05  2  0.0538139  0.998551  
0.306965  0.951721  2.05  2  2.05  2  0.10272  0.99471  
0.23515  0.971959  2.05  2  2.05  2  0.262702  0.964877  
0.265678  0.964062  2.05  2  2.05  2  0.143657  0.989627  
0.0882769  0.996096  2.05  2  2.05  2  0.280327  0.959905  
0.215012  0.976612  2.05  2  2.05  2  0.286651  0.958035  
0.0681121  0.997678  2.05  2  2.05  2  0.170238  0.985403  
0.176831  0.984241  2.05  2  2.05  2  0.258207  0.96609  
0.27007  0.962841  2.05  2  2.05  2  0.284546  0.958663  
0.17393  0.984758  2.05  2  2.05  2  0.249256  0.968438  
0.188338  0.982104  2.05  2  2.05  2  0.309017  0.951057  
0.283551  0.958957  2.05  2  2.05  2  0.113633  0.993523  
0.109962  0.993936  2.05  2  2.05  2  0.200733  0.979646  
0.191117  0.981567  2.05  2  2.05  2  6.12323e-17  1  
0.230194  0.973145  2.05  2  2.05  2  0.0949699  0.99548  
0.267876  0.963453  2.05  2  2.05  2  0.278169  0.960532  
0.196558  0.980492  2.05  2  2.05  2  0.273808  0.961784  
0.2124  0.977183  2.05  2  2.05  2  0.208613  0.977998  
0.22273  0.97488  2.05  2  2.05  2  0.0430955  0.999071  
0.259039  0.965867  2.05  2  2.05  2  0.227032  0.973887  
0.252146  0.967689  2.05  2  2.05  2  0.224413  0.974494  
0.249798  0.968298  2.05  2  2.05  2  0.302999  0.952991  
0.135315  0.990803  2.05  2  2.05  2  0.292755  0.956187  
0.119887  0.992788  2.05  2  2.05  2  0.288687  0.957423  
0.296457  0.955046  2.05  2  2.05  2  0.0778873  0.996962  
0.165169  0.986265  2.05  2  2.05  2  0.28243  0.959288  
0.242562  0.970136  2.05  2  2.05  2  0.271595  0.962412  
0.304906  0.952382  2.05  2  2.05  2  0.15599  0.987759  
0.15044  0.988619  2.05  2  2.05  2  0.190555  0.981677  
0.285739  0.958308  2.05  2  2.05  2  0.216577  0.976266  
0.153427  0.98816  2.05  2  2.05  2  0.26718  0.963647  
0.159344  0.987223  2.05  2  2.05  2  0.12052  0.992711  
0.0920463  0.995755  2.05  2  2.05  2  0.307048  0.951694  
0.281311  0.959617  2.05  2  2.05  2  0.1781  0.984012  
0.0636257  0.997974  2.05  2  2.05  2  0.234808  0.972042  
0.0378034  0.999285  2.05  2  2.05  2  0.161903  0.986807  
0.147447  0.98907  2.05  2  2.05  2  0.158983  0.987281  
0.113336  0.993557  2.05  2  2.05  2  0.253743  0.967272  
0.156367  0.987699  2.05  2  2.05  2  0.305003  0.952351  
0.201888  0.979409  2.05  2  2.05  2  0.0162267  0.999868  
0.237617  0.971359  2.05  2  2.05  2  0.175524  0.984475  
0.274545  0.961574  2.05  2  2.05  2  0.232236  0.972659  
0.272295  0.962214  2.05  2  2.05  2  0.242212  0.970223  
0.29006  0.957009  2.05  2  2.05  2  0.188062  0.982157  
0.217608  0.976036  2.05  2  2.05  2  0.300963  0.953636  
0.204522  0.978862  2.05  2  2.05  2  0.146825  0.989162  
0.300728  0.95371  2.05  2  2.05  2  0.0867127  0.996233  
0.0247228  0.999694  2.05  2  2.05  2  0.0589626  0.99826  
0.138324  0.990387  2.05  2  2.05  2  1.05  0  
0.279052  0.960276  2.05  2  2.05  2  0.213949  0.976845  
0.263495  0.964661  2.05  2  2.05  2  0.244587  0.969627  
0.0490246  0.998798  2.05  2  2.05  2  0.185586  0.982628  
0.240087  0.970751  2.05  2  2.05  2  0.23977  0.97083  
0.0589682  0.99826  2.05  2  2.05  2  0.237327  0.97143  
0.232671  0.972556  2.05  2  2.05  2  0.106452  0.994318  
0.129245  0.991613  2.05  2  2.05  2  0.172877  0.984943  
0.18265  0.983178  2.05  2  2.05  2  0.127312  0.991863  
0.254444  0.967088  2.05  2  2.05  2  0.110084  0.993922  
0.126186  0.992007  2.05  2  2.05  2  0.290736  0.956803  
0.220187  0.975458  2.05  2  2.05  2  0.140489  0.990082  
0.227716  0.973728  2.05  2  2.05  2  0.152983  0.988229  
0.207176  0.978304  2.05  2  2.05  2  0.149922  0.988698  
0.287904  0.957659  2.05  2  2.05  2  0.2694  0.963029  
1.05  0  2.05  2  2.05  2  0.203354  0.979105  
0.116645  0.993174  2.05  2  2.05  2  0.164717  0.986341  
0.225227  0.974306  2.05  2  2.05  2  0.296835  0.954929  
0.298602  0.954378  2.05  2  2.05  2  0.0311199  0.999516  
0.302835  0.953043  2.05  2  2.05  2  0.25599  0.966679  
0.0844723  0.996426  2.05  2  2.05  2  0.130652  0.991428  
0.123062  0.992399  2.05  2  2.05  2  0.0638421  0.99796  
0.0435713  0.99905  2.05  2  2.05  2  0.123937  0.99229  
0.0957061  0.99541  2.05  2  2.05  2  0.260444  0.965489  
0.294321  0.955707  2.05  2  2.05  2  0.275985  0.961162  
0.256751  0.966478  2.05  2  2.05  2  0.221789  0.975095  
0.102952  0.994686  2.05  2  2.05  2  0.251522  0.967852  
0.106484  0.994314  2.05  2  2.05  2  0.246943  0.96903  
0.0993609  0.995051  2.05  2  2.05  2  0.0732918  0.997311  
0.179759  0.983711  2.05  2  2.05  2  0.219162  0.975688  
0.0805589  0.99675  2.05  2  2.05  2  0.137278  0.990533  
0.141347  0.98996  2.05  2  2.05  2  0.037303  0.999304  
0.16226  0.986748  2.05  2  2.05  2  0.21129  0.977423  
3.58279e-10  1  2.05  2  2.05  2  0.0988933  0.995098  
0.168079  0.985773  2.05  2  2.05  2  0.0909062  0.995859  
0.276791  0.96093  2.05  2  2.05  2  0.0823975  0.9966  
0.076548  0.997066  2.05  2  2.05  2  0.183153  0.983084  
0.1444  0.989519  2.05  2  2.05  2  0.068607  0.997644  
0.209793  0.977746  2.05  2  2.05  2  0.298907  0.954282  
0.170992  0.985272  2.05  2  2.05  2  0.117105  0.993119  
0.132297  0.99121  2.05  2  2.05  2  0.167511  0.98587  
0.0723903  0.997376  2.05  2  2.05  2  0.198153  0.980171  
0.193868  0.981028  2.05  2  2.05  2  0.264958  0.96426  
0.0316323  0.9995  2.05  2  2.05  2  0.048556  0.99882  
0.261293  0.965259  2.05  2  2.05  2  0.180655  0.983547  
0.185499  0.982644  2.05  2  2.05  2  0.195587  0.980686  
0.247434  0.968905  2.05  2  2.05  2  0.229653  0.973273  
0.0541155  0.998535  2.05  2  2.05  2  0.0243225  0.999704  
0.309017  0.951057  2.05  2  2.05  2  0.134009  0.99098  
0.245017  0.969519  2.05  2  2.05  2  0.294772  0.955568  
0.199225  0.979954  2.05  2  2.05  2  0.205959  0.978561  
0.292205  0.956356  2.05  2  2.05  2  0.1932  0.981159  
0.0164878  0.999864  2.05  2  2.05  2  0.05401  0.99854  
0.306965  0.951721  2.05  2  2.05  2  0.10272  0.99471  
0.23515  0.971959  2.05  2  2.05  2  0.262702  0.964877  
0.265678  0.964062  2.05  2  2.05  2  0.143657  0.989627  
0.0883178  0.996092  2.05  2  2.05  2  0.280327  0.959905  
0.215012  0.976612  2.05  2  2.05  2  0.286616  0.958046  
0.0681121  0.997678  2.05  2  2.05  2  0.170222  0.985406  
0.176845  0.984239  2.05  2  2.05  2  0.258207  0.96609  
0.27007  0.962841  2.05  2  2.05  2  0.28452  0.95867  
0.173939  0.984756  2.05  2  2.05  2  0.249256  0.968438  
0.188329  0.982106  2.05  2  2.05  2  0.309017  0.951057  
0.28353  0.958963  2.05  2  2.05  2  0.113624  0.993524  
0.109962  0.993936  2.05  2  2.05  2  0.200846  0.979623  
0.191117  0.981567  2.05  2  2.05  2  6.12323e-17  1  
0.230194  0.973145  2.05  2  2.05  2  0.0949699  0.99548  
0.267876  0.963453  2.05  2  2.05  2  0.278169  0.960532  
0.196558  0.980492  2.05  2  2.05  2  0.273808  0.961784  
0.2124  0.977183  2.05  2  2.05  2  0.208632  0.977994  
0.22273  0.97488  2.05  2  2.05  2  0.0433347  0.999061  
0.259039  0.965867  2.05  2  2.05  2  0.227032  0.973887  
0.252146  0.967689  2.05  2  2.05  2  0.224413  0.974494  
0.249798  0.968298  2.05  2  2.05  2  0.302999  0.952991  
0.135315  0.990803  2.05  2  2.05  2  0.292755  0.956187  
0.119887  0.992788  2.05  2  2.05  2  0.288687  0.957423  
0.296457  0.955046  2.05  2  2.05  2  0.0779655  0.996956  
0.165169  0.986265  2.05  2  2.05  2  0.28243  0.959288  
0.242562  0.970136  2.05  2  2.05  2  0.271595  0.962412  
0.304906  0.952382  2.05  2  2.05  2  0.15599  0.987759  
0.15044  0.988619  2.05  2  2.05  2  0.19065  0.981658  
0.285726  0.958311  2.05  2  2.05  2  0.216577  0.976266  
0.153427  0.98816  2.05  2  2.05  2  0.26718  0.963647  
0.159344  0.987223  2.05  2  2.05  2  0.12052  0.992711  
0.0920463  0.995755  2.05  2  2.05  2  0.307027  0.951701  
0.281301  0.95962  2.05  2  2.05  2  0.1781  0.984012  
0.0636257  0.997974  2.05  2  2.05  2  0.23474  0.972058  
0.0378034  0.999285  2.05  2  2.05  2  0.161836  0.986818  
0.147447  0.98907  2.05  2  2.05  2  0.158937  0.987289  
0.113336  0.993557  2.05  2  2.05  2  0.253762  0.967267  
0.156373  0.987698  2.05  2  2.05  2  0.305014  0.952348  
0.201888  0.979409  2.05  2  2.05  2  0.0164246  0.999865  
0.237617  0.971359  2.05  2  2.05  2  0.175508  0.984478  
0.274545  0.961574  2.05  2  2.05  2  0.232236  0.972659  
0.272295  0.962214  2.05  2  2.05  2  0.242184  0.97023  
0.29006  0.957009  2.05  2  2.05  2  0.188155  0.982139  
0.217608  0.976036  2.05  2  2.05  2  0.300963  0.953636  
0.204529  0.978861  2.05  2  2.05  2  0.146825  0.989162  
0.300728  0.95371  2.05  2  2.05  2  0.0867127  0.996233  
0.0247228  0.999694  2.05  2  2.05  2  0.0590099  0.998257  
0.138353  0.990383  2.05  2  2.05  2  1.05  0  
0.279052  0.960276  2.05  2  2.05  2  0.213949  0.976845  
0.263495  0.964661  2.05  2  2.05  2  0.244583  0.969628  
0.0490246  0.998798  2.05  2  2.05  2  0.185663  0.982613  
0.240087  0.970751  2.05  2  2.05  2  0.239774  0.970829  
0.0589682  0.99826  2.05  2  2.05  2  0.237271  0.971443  
0.232675  0.972555  2.05  2  2.05  2  0.106452  0.994318  
0.129245  0.991613  2.05  2  2.05  2  0.172877  0.984943  
0.18265  0.983178  2.05  2  2.05  2  0.127312  0.991863  
0.254444  0.967088  2.05  2  2.05  2  0.110084  0.993922  
0.126186  0.992007  2.05  2  2.05  2  0.290736  0.956803  
0.220187  0.975458  2.05  2  2.05  2  0.140489  0.990082  
0.227716  0.973728  2.05  2  2.05  2  0.152983  0.988229  
0.207176  0.978304  2.05  2  2.05  2  0.149922  0.988698  
0.287904  0.957659  2.05  2  2.05  2  0.2694  0.963029  
1.05  0  2.05  2  2.05  2  0.203394  0.979097  
0.116645  0.993174  2.05  2  2.05  2  0.164717  0.986341  
0.225227  0.974306  2.05  2  2.05  2  0.296835  0.954929  
0.298602  0.954378  2.05  2  2.05  2  0.031368  0.999508  
0.302835  0.953043  2.05  2  2.05  2  0.25599  0.966679  
0.0844723  0.996426  2.05  2  2.05  2  0.130652  0.991428  
0.123062  0.992399  2.05  2  2.05  2  0.063894  0.997957  
0.0435861  0.99905  2.05  2  2.05  2  0.123937  0.99229  
0.0957061  0.99541  2.05  2  2.05  2  0.260444  0.965489  
0.294321  0.955707  2.05  2  2.05  2  0.275985  0.961162  
0.256751  0.966478  2.05  2  2.05  2  0.221827  0.975086  
0.102952  0.994686  2.05  2  2.05  2  0.251522  0.967852  
0.106484  0.994314  2.05  2  2.05  2  0.246943  0.96903  
0.0993609  0.995051  2.05  2  2.05  2  0.0733848  0.997304  
0.179759  0.983711  2.05  2  2.05  2  0.219203  0.975679  
0.0805589  0.99675  2.05  2  2.05  2  0.137278  0.990533  
0.141381  0.989955  2.05  2  2.05  2  0.0375225  0.999296  
0.16226  0.986748  2.05  2  2.05  2  0.21129  0.977423  
3.58279e-10  1  2.05  2  2.05  2  0.0988933  0.995098  
0.168092  0.985771  2.05  2  2.05  2  0.0909062  0.995859  
0.276791  0.96093  2.05  2  2.05  2  0.0823975  0.9966  
0.076548  0.997066  2.05  2  2.05  2  0.183153  0.983084  
0.144431  0.989515  2.05  2  2.05  2  0.0686917  0.997638  
0.209793  0.977746  2.05  2  2.05  2  0.298907  0.954282  
0.171035  0.985265  2.05  2  2.05  2  0.117105  0.993119  
0.132297  0.99121  2.05  2  2.05  2  0.167511  0.98587  
0.0723903  0.997376  2.05  2  2.05  2  0.198278  0.980146  
0.19385  0.981031  2.05  2  2.05  2  0.264958  0.96426  
0.0316323  0.9995  2.05  2  2.05  2  0.0487768  0.99881  
0.261261  0.965268  2.05  2  2.05  2  0.180655  0.983547  
0.185499  0.982644  2.05  2  2.05  2  0.195754  0.980653  
0.247408  0.968911  2.05  2  2.05  2  0.229653  0.973273  
0.0541155  0.998535  2.05  2  2.05  2  0.0246185  0.999697  
0.309017  0.951057  2.05  2  2.05  2  0.133995  0.990982  
0.24501  0.969521  2.05  2  2.05  2  0.294772  0.955568  
0.199225  0.979954  2.05  2  2.05  2  0.205984  0.978555  
0.292205  0.956356  2.05  2  2.05  2  0.193221  0.981155  
0.0164878  0.999864  2.05  2  2.05  2  0.0542121  0.998529  
0.306965  0.951721  2.05  2  2.05  2  0.10272  0.99471  
0.23515  0.971959  2.05  2  2.05  2  0.262702  0.964877  
0.265678  0.964062  2.05  2  2.05  2  0.143657  0.989627  
0.0883178  0.996092  2.05  2  2.05  2  0.2803  0.959912  
0.215012  0.976612  2.05  2  2.05  2  0.286616  0.958046  
0.0681121  0.997678  2.05  2  2.05  2  0.170222  0.985406  
0.176845  0.984239  2.05  2  2.05  2  0.258207  0.96609  
0.270125  0.962825  2.05  2  2.05  2  0.28452  0.95867  
0.173939  0.984756  2.05  2  2.05  2  0.249256  0.968438  
0.188329  0.982106  2.05  2  2.05  2  0.309017  0.951057  
0.28353  0.958963  2.05  2  2.05  2  0.113624  0.993524  
0.109962  0.993936  2.05  2  2.05  2  0.200846  0.979623  
0.191117  0.981567  2.05  2  2.05  2  6.12323e-17  1  
0.230203  0.973143  2.05  2  2.05  2  0.0949178  0.995485  
0.267876  0.963453  2.05  2  2.05  2  0.278169  0.960532  
0.196558  0.980492  2.05  2  2.05  2  0.273808  0.961784  
0.2124  0.977183  2.05  2  2.05  2  0.208654  0.977989  
0.22273  0.97488  2.05  2  2.05  2  0.0435292  0.999052  
0.259009  0.965875  2.05  2  2.05  2  0.227028  0.973888  
0.252146  0.967689  2.05  2  2.05  2  0.224413  0.974494  
0.249798  0.968298  2.05  2  2.05  2  0.302999  0.952991  
0.135363  0.990796  2.05  2  2.05  2  0.292772  0.956182  
0.119887  0.992788  2.05  2  2.05  2  0.288687  0.957423  
0.296457  0.955046  2.05  2  2.05  2  0.0779655  0.996956  
0.165169  0.986265  2.05  2  2.05  2  0.28243  0.959288  
0.242562  0.970136  2.05  2  2.05  2  0.271595  0.962412  
0.304906  0.952382  2.05  2  2.05  2  0.15599  0.987759  
0.15044  0.988619  2.05  2  2.05  2  0.190727  0.981643  
0.285726  0.958311  2.05  2  2.05  2  0.216577  0.976266  
0.153427  0.98816  2.05  2  2.05  2  0.26718  0.963647  
0.159344  0.987223  2.05  2  2.05  2  0.120541  0.992708  
0.0920463  0.995755  2.05  2  2.05  2  0.307027  0.951701  
0.281301  0.95962  2.05  2  2.05  2  0.1781  0.984012  
0.0636257  0.997974  2.05  2  2.05  2  0.234711  0.972065  
0.0378196  0.999285  2.05  2  2.05  2  0.161836  0.986818  
0.147447  0.98907  2.05  2  2.05  2  0.158937  0.987289  
0.113336  0.993557  2.05  2  2.05  2  0.253762  0.967267  
0.156373  0.987698  2.05  2  2.05  2  0.305014  0.952348  
0.201888  0.979409  2.05  2  2.05  2  0.0164246  0.999865  
0.237617  0.971359  2.05  2  2.05  2  0.175508  0.984478  
0.274584  0.961563  2.05  2  2.05  2  0.232187  0.972671  
0.272346  0.962199  2.05  2  2.05  2  0.242135  0.970243  
0.29006  0.957009  2.05  2  2.05  2  0.188174  0.982136  
0.217608  0.976036  2.05  2  2.05  2  0.300963  0.953636  
0.204542  0.978858  2.05  2  2.05  2  0.146825  0.989162  
0.300728  0.95371  2.05  2  2.05  2  0.0867127  0.996233  
0.0247228  0.999694  2.05  2  2.05  2  0.0592655  0.998242  
0.138412  0.990375  2.05  2  2.05  2  1.05  0  
0.279052  0.960276  2.05  2  2.05  2  0.213949  0.976845  
0.263471  0.964667  2.05  2  2.05  2  0.244559  0.969634  
0.0490246  0.998798  2.05  2  2.05  2  0.185663  0.982613  
0.240087  0.970751  2.05  2  2.05  2  0.239701  0.970847  
0.0589682  0.99826  2.05  2  2.05  2  0.237231  0.971453  
0.232675  0.972555  2.05  2  2.05  2  0.106452  0.994318  
0.129245  0.991613  2.05  2  2.05  2  0.172877  0.984943  
0.18265  0.983178  2.05  2  2.05  2  0.127312  0.991863  
0.254444  0.967088  2.05  2  2.05  2  0.110084  0.993922  
0.126186  0.992007  2.05  2  2.05  2  0.290736  0.956803  
0.220187  0.975458  2.05  2  2.05  2  0.140489  0.990082  
0.227716  0.973728  2.05  2  2.05  2  0.152983  0.988229  
0.207176  0.978304  2.05  2  2.05  2  0.149922  0.988698  
0.287904  0.957659  2.05  2  2.05  2  0.2694  0.963029  
1.05  0  2.05  2  2.05  2  0.20342  0.979091  
0.116645  0.993174  2.05  2  2.05  2  0.164717  0.986341  
0.225227  0.974306  2.05  2  2.05  2  0.296835  0.954929  
0.298602  0.954378  2.05  2  2.05  2  0.0315286  0.999503  
0.302835  0.953043  2.05  2  2.05  2  0.25599  0.966679  
0.0844723  0.996426  2.05  2  2.05  2  0.130652  0.991428  
0.123062  0.992399  2.05  2  2.05  2  0.0641431  0.997941  
0.0435861  0.99905  2.05  2  2.05  2  0.123937  0.99229  
0.0957162  0.995409  2.05  2  2.05  2  0.260444  0.965489  
0.294327  0.955705  2.05  2  2.05  2  0.275985  0.961162  
0.25672  0.966486  2.05  2  2.05  2  0.221827  0.975086  
0.102952  0.994686  2.05  2  2.05  2  0.251522  0.967852  
0.106484  0.994314  2.05  2  2.05  2  0.246943  0.96903  
0.0993609  0.995051  2.05  2  2.05  2  0.0734194  0.997301  
0.179759  0.983711  2.05  2  2.05  2  0.219203  0.975679  
0.0805589  0.99675  2.05  2  2.05  2  0.13725  0.990536  
0.141416  0.98995  2.05  2  2.05  2  0.0377364  0.999288  
0.16226  0.986748  2.05  2  2.05  2  0.211309  0.977419  
3.58279e-10  1  2.05  2  2.05  2  0.0988289  0.995104  
0.168092  0.985771  2.05  2  2.05  2  0.0908887  0.995861  
0.276791  0.96093  2.05  2  2.05  2  0.0823975  0.9966  
0.076548  0.997066  2.05  2  2.05  2  0.183153  0.983084  
0.144431  0.989515  2.05  2  2.05  2  0.0688248  0.997629  
0.209793  0.977746  2.05  2  2.05  2  0.298907  0.954282  
0.171035  0.985265  2.05  2  2.05  2  0.117105  0.993119  
0.132321  0.991207  2.05  2  2.05  2  0.167489  0.985874  
0.0723903  0.997376  2.05  2  2.05  2  0.19832  0.980137  
0.19385  0.981031  2.05  2  2.05  2  0.264958  0.96426  
0.0316323  0.9995  2.05  2  2.05  2  0.0489763  0.9988  
0.261255  0.96527  2.05  2  2.05  2  0.180655  0.983547  
0.185499  0.982644  2.05  2  2.05  2  0.195754  0.980653  
0.247408  0.968911  2.05  2  2.05  2  0.229596  0.973286  
0.0541155  0.998535  2.05  2  2.05  2  0.0245915  0.999698  
0.309017  0.951057  2.05  2  2.05  2  0.133995  0.990982  
0.244996  0.969524  2.05  2  2.05  2  0.294806  0.955557  
0.199225  0.979954  2.05  2  2.05  2  0.206034  0.978545  
0.292205  0.956356  2.05  2  2.05  2  0.193257  0.981148  
0.0164878  0.999864  2.05  2  2.05  2  0.0542213  0.998529  
0.306965  0.951721  2.05  2  2.05  2  0.102668  0.994716  
0.23515  0.971959  2.05  2  2.05  2  0.262702  0.964877  
0.265678  0.964062  2.05  2  2.05  2  0.143663  0.989627  
0.0883178  0.996092  2.05  2  2.05  2  0.2803  0.959912  
0.215012  0.976612  2.05  2  2.05  2  0.286616  0.958046  
0.068083  0.99768  2.05  2  2.05  2  0.170201  0.985409  
0.176845  0.984239  2.05  2  2.05  2  0.258207  0.96609  
0.270125  0.962825  2.05  2  2.05  2  0.28452  0.95867  
0.173939  0.984756  2.05  2  2.05  2  0.24925  0.968439  
0.188329  0.982106  2.05  2  2.05  2  0.309017  0.951057  
0.28353  0.958963  2.05  2  2.05  2  0.113624  0.993524  
0.109942  0.993938  2.05  2  2.05  2  0.200936  0.979604  
0.191117  0.981567  2.05  2  2.05  2  6.12323e-17  1  
0.230203  0.973143  2.05  2  2.05  2  0.0949178  0.995485  
0.267898  0.963447  2.05  2  2.05  2  0.278169  0.960532  
0.196558  0.980492  2.05  2  2.05  2  0.273808  0.961784  
0.2124  0.977183  2.05  2  2.05  2  0.208728  0.977974  
0.222704  0.974886  2.05  2  2.05  2  0.0435292  0.999052  
0.259009  0.965875  2.05  2  2.05  2  0.227028  0.973888  
0.252146  0.967689  2.05  2  2.05  2  0.224413  0.974494  
0.249787  0.968301  2.05  2  2.05  2  0.302999  0.952991  
0.135398  0.990791  2.05  2  2.05  2  0.292772  0.956182  
0.119887  0.992788  2.05  2  2.05  2  0.288687  0.957423  
0.296457  0.955046  2.05  2  2.05  2  0.0780499  0.996949  
0.165182  0.986263  2.05  2  2.05  2  0.28243  0.959288  
0.242562  0.970136  2.05  2  2.05  2  0.271611  0.962407  
0.304906  0.952382  2.05  2  2.05  2  0.15599  0.987759  
0.15044  0.988619  2.05  2  2.05  2  0.190727  0.981643  
0.285726  0.958311  2.05  2  2.05  2  0.216577  0.976266  
0.153427  0.98816  2.05  2  2.05  2  0.26718  0.963647  
0.159344  0.987223  2.05  2  2.05  2  0.120541  0.992708  
0.0920463  0.995755  2.05  2  2.05  2  0.307027  0.951701  
0.281301  0.95962  2.05  2  2.05  2  0.1781  0.984012  
0.0636257  0.997974  2.05  2  2.05  2  0.234711  0.972065  
0.0378196  0.999285  2.05  2  2.05  2  0.161836  0.986818  
0.147447  0.98907  2.05  2  2.05  2  0.158937  0.987289  
0.113336  0.993557  2.05  2  2.05  2  0.253762  0.967267  
0.156373  0.987698  2.05  2  2.05  2  0.305014  0.952348  
0.201888  0.979409  2.05  2  2.05  2  0.0164246  0.999865  
0.237617  0.971359  2.05  2  2.05  2  0.175508  0.984478  
0.274584  0.961563  2.05  2  2.05  2  0.232154  0.972679  
0.272346  0.962199  2.05  2  2.05  2  0.242135  0.970243  
0.29006  0.957009  2.05  2  2.05  2  0.18821  0.982129  
0.217608  0.976036  2.05  2  2.05  2  0.300963  0.953636  
0.204542  0.978858  2.05  2  2.05  2  0.146825  0.989162  
0.300728  0.95371  2.05  2  2.05  2  0.0867127  0.996233  
0.0247228  0.999694  2.05  2  2.05  2  0.0592741  0.998242  
0.138412  0.990375  2.05  2  2.05  2  1.05  0  
0.279052  0.960276  2.05  2  2.05  2  0.213949  0.976845  
0.263471  0.964667  2.05  2  2.05  2  0.244559  0.969634  
0.0490246  0.998798  2.05  2  2.05  2  0.185663  0.982613  
0.240087  0.970751  2.05  2  2.05  2  0.239701  0.970847  
0.0589682  0.99826  2.05  2  2.05  2  0.237231  0.971453  
0.232675  0.972555  2.05  2  2.05  2  0.106452  0.994318  
0.129287  0.991607  2.05  2  2.05  2  0.172877  0.984943  
0.18265  0.983178  2.05  2  2.05  2  0.127312  0.991863  
0.254444  0.967088  2.05  2  2.05  2  0.110084  0.993922  
0.126186  0.992007  2.05  2  2.05  2  0.290736  0.956803  
0.220187  0.975458  2.05  2  2.05  2  0.140489  0.990082  
0.227716  0.973728  2.05  2  2.05  2  0.152983  0.988229  
0.207176  0.978304  2.05  2  2.05  2  0.149922  0.988698  
0.287904  0.957659  2.05  2  2.05  2  0.2694  0.963029  
1.05  0  2.05  2  2.05  2  0.203466  0.979082  
0.116645  0.993174  2.05  2  2.05  2  0.164673  0.986348  
0.225227  0.974306  2.05  2  2.05  2  0.296848  0.954925  
0.298602  0.954378  2.05  2  2.05  2  0.0315286  0.999503  
0.302825  0.953046  2.05  2  2.05  2  0.25599  0.966679  
0.0844723  0.996426  2.05  2  2.05  2  0.130676  0.991425  
0.123062  0.992399  2.05  2  2.05  2  0.0641845  0.997938  
0.0435861  0.99905  2.05  2  2.05  2  0.123937  0.99229  
0.0957523  0.995405  2.05  2  2.05  2  0.260444  0.965489  
0.294327  0.955705  2.05  2  2.05  2  0.275985  0.961162  
0.25672  0.966486  2.05  2  2.05  2  0.221819  0.975088  
0.102952  0.994686  2.05  2  2.05  2  0.251522  0.967852  
0.106484  0.994314  2.05  2  2.05  2  0.246932  0.969033  
0.0993609  0.995051  2.05  2  2.05  2  0.0735448  0.997292  
0.179759  0.983711  2.05  2  2.05  2  0.219203  0.975679  
0.0805589  0.99675  2.05  2  2.05  2  0.13725  0.990536  
0.141416  0.98995  2.05  2  2.05  2  0.0377364  0.999288  
0.16226  0.986748  2.05  2  2.05  2  0.211309  0.977419  
3.58279e-10  1  2.05  2  2.05  2  0.0988289  0.995104  
0.168128  0.985765  2.05  2  2.05  2  0.0908887  0.995861  
0.276823  0.960921  2.05  2  2.05  2  0.0823975  0.9966  
0.076548  0.997066  2.05  2  2.05  2  0.183153  0.983084  
0.144431  0.989515  2.05  2  2.05  2  0.0689178  0.997622  
0.209793  0.977746  2.05  2  2.05  2  0.298907  0.954282  
0.171035  0.985265  2.05  2  2.05  2  0.117105  0.993119  
0.132369  0.9912  2.05  2  2.05  2  0.167468  0.985877  
0.0723903  0.997376  2.05  2  2.05  2  0.198367  0.980128  
0.19385  0.981031  2.05  2  2.05  2  0.264958  0.96426  
0.0316323  0.9995  2.05  2  2.05  2  0.0490097  0.998798  
0.261255  0.96527  2.05  2  2.05  2  0.180655  0.983547  
0.185499  0.982644  2.05  2  2.05  2  0.195812  0.980641  
0.247408  0.968911  2.05  2  2.05  2  0.229596  0.973286  
0.0541155  0.998535  2.05  2  2.05  2  0.0245915  0.999698  
0.309017  0.951057  2.05  2  2.05  2  0.133995  0.990982  
0.244996  0.969524  2.05  2  2.05  2  0.294806  0.955557  
0.199225  0.979954  2.05  2  2.05  2  0.206087  0.978534  
0.292205  0.956356  2.05  2  2.05  2  0.193257  0.981148  
0.0164878  0.999864  2.05  2  2.05  2  0.0542213  0.998529  
0.306965  0.951721  2.05  2  2.05  2  0.102668  0.994716  
0.23515  0.971959  2.05  2  2.05  2  0.262702  0.964877  
0.265678  0.964062  2.05  2  2.05  2  0.143663  0.989627  
0.0883178  0.996092  2.05  2  2.05  2  0.2803  0.959912  
0.215012  0.976612  2.05  2  2.05  2  0.286616  0.958046  
0.068083  0.99768  2.05  2  2.05  2  0.170201  0.985409  
0.176848  0.984238  2.05  2  2.05  2  0.258236  0.966082  
0.270125  0.962825  2.05  2  2.05  2  0.28452  0.95867  
0.173939  0.984756  2.05  2  2.05  2  0.249225  0.968446  
0.188329  0.982106  2.05  2  2.05  2  0.309017  0.951057  
0.28353  0.958963  2.05  2  2.05  2  0.113624  0.993524  
0.109942  0.993938  2.05  2  2.05  2  0.200955  0.979601  
0.191098  0.981571  2.05  2  2.05  2  6.12323e-17  1  
0.230203  0.973143  2.05  2  2.05  2  0.0949178  0.995485  
0.267898  0.963447  2.05  2  2.05  2  0.278169  0.960532  
0.196558  0.980492  2.05  2  2.05  2  0.273808  0.961784  
0.2124  0.977183  2.05  2  2.05  2  0.208767  0.977965  
0.222704  0.974886  2.05  2  2.05  2  0.0435292  0.999052  
0.259009  0.965875  2.05  2  2.05  2  0.227028  0.973888  
0.252125  0.967695  2.05  2  2.05  2  0.224413  0.974494  
0.249787  0.968301  2.05  2  2.05  2  0.302999  0.952991  
0.135398  0.990791  2.05  2  2.05  2  0.292772  0.956182  
0.119887  0.992788  2.05  2  2.05  2  0.288687  0.957423  
0.296457  0.955046  2.05  2  2.05  2  0.0780499  0.996949  
0.165182  0.986263  2.05  2  2.05  2  0.282414  0.959292  
0.242558  0.970137  2.05  2  2.05  2  0.271611  0.962407  
0.304906  0.952382  2.05  2  2.05  2  0.15599  0.987759  
0.15044  0.988619  2.05  2  2.05  2  0.190727  0.981643  
0.285726  0.958311  2.05  2  2.05  2  0.216577  0.976266  
0.153427  0.98816  2.05  2  2.05  2  0.26718  0.963647  
0.159344  0.987223  2.05  2  2.05  2  0.120541  0.992708  
0.0920773  0.995752  2.05  2  2.05  2  0.307027  0.951701  
0.281301  0.95962  2.05  2  2.05  2  0.178068  0.984018  
0.0636257  0.997974  2.05  2  2.05  2  0.234711  0.972065  
0.0378196  0.999285  2.05  2  2.05  2  0.161818  0.986821  
0.147447  0.98907  2.05  2  2.05  2  0.158937  0.987289  
0.113336  0.993557  2.05  2  2.05  2  0.253762  0.967267  
0.156395  0.987695  2.05  2  2.05  2  0.305014  0.952348  
0.201888  0.979409  2.05  2  2.05  2  0.0164246  0.999865  
0.237617  0.971359  2.05  2  2.05  2  0.175508  0.984478  
0.274584  0.961563  2.05  2  2.05  2  0.232161  0.972677  
0.272346  0.962199  2.05  2  2.05  2  0.242135  0.970243  
0.29006  0.957009  2.05  2  2.05  2  0.18821  0.982129  
0.217608  0.976036  2.05  2  2.05  2  0.300963  0.953636  
0.204542  0.978858  2.05  2  2.05  2  0.146825  0.989162  
0.300716  0.953714  2.05  2  2.05  2  0.0867127  0.996233  
0.0247228  0.999694  2.05  2  2.05  2  0.0592741  0.998242  
0.138412  0.990375  2.05  2  2.05  2  1.05  0  
0.279052  0.960276  2.05  2  2.05  2  0.213965  0.976841  
0.263471  0.964667  2.05  2  2.05  2  0.24454  0.969639  
0.0490246  0.998798  2.05  2  2.05  2  0.185663  0.982613  
0.240087  0.970751  2.05  2  2.05  2  0.239701  0.970847  
0.0589682  0.99826  2.05  2  2.05  2  0.237231  0.971453  
0.232675  0.972555  2.05  2  2.05  2  0.10643  0.99432  
0.129287  0.991607  2.05  2  2.05  2  0.172877  0.984943  
0.18265  0.983178  2.05  2  2.05  2  0.127312  0.991863  
0.254444  0.967088  2.05  2  2.05  2  0.110052  0.993926  
0.126186  0.992007  2.05  2  2.05  2  0.290736  0.956803  
0.220169  0.975462  2.05  2  2.05  2  0.140489  0.990082  
0.22772  0.973727  2.05  2  2.05  2  0.152983  0.988229  
0.207176  0.978304  2.05  2  2.05  2  0.149922  0.988698  
0.287904  0.957659  2.05  2  2.05  2  0.2694  0.963029  
1.05  0  2.05  2  2.05  2  0.203566  0.979061  
0.116645  0.993174  2.05  2  2.05  2  0.164673  0.986348  
0.225227  0.974306  2.05  2  2.05  2  0.296866  0.954919  
0.298602  0.954378  2.05  2  2.05  2  0.0315286  0.999503  
0.302825  0.953046  2.05  2  2.05  2  0.25599  0.966679  
0.0844723  0.996426  2.05  2  2.05  2  0.130676  0.991425  
0.123062  0.992399  2.05  2  2.05  2  0.0641845  0.997938  
0.0435861  0.99905  2.05  2  2.05  2  0.123937  0.99229  
0.0957523  0.995405  2.05  2  2.05  2  0.260452  0.965487  
0.294327  0.955705  2.05  2  2.05  2  0.275985  0.961162  
0.25672  0.966486  2.05  2  2.05  2  0.221819  0.975088  
0.102952  0.994686  2.05  2  2.05  2  0.251522  0.967852  
0.106484  0.994314  2.05  2  2.05  2  0.246909  0.969039  
0.0993609  0.995051  2.05  2  2.05  2  0.0735448  0.997292  
0.179759  0.983711  2.05  2  2.05  2  0.219203  0.975679  
0.0805589  0.99675  2.05  2  2.05  2  0.13725  0.990536  
0.141416  0.98995  2.05  2  2.05  2  0.0377364  0.999288  
0.16226  0.986748  2.05  2  2.05  2  0.211356  0.977409  
3.58279e-10  1  2.05  2  2.05  2  0.0988289  0.995104  
0.168128  0.985765  2.05  2  2.05  2  0.0908887  0.995861  
0.276823  0.960921  2.05  2  2.05  2  0.082456  0.996595  
0.076548  0.997066  2.05  2  2.05  2  0.183153  0.983084  
0.144431  0.989515  2.05  2  2.05  2  0.0689447  0.99762  
0.209793  0.977746  2.05  2  2.05  2  0.298907  0.954282  
0.171035  0.985265  2.05  2  2.05  2  0.117105  0.993119  
0.132369  0.9912  2.05  2  2.05  2  0.167443  0.985882  
0.0723903  0.997376  2.05  2  2.05  2  0.198399  0.980121  
0.19385  0.981031  2.05  2  2.05  2  0.264958  0.96426  
0.0316323  0.9995  2.05  2  2.05  2  0.0490097  0.998798  
0.261255  0.96527  2.05  2  2.05  2  0.180619  0.983553  
0.185499  0.982644  2.05  2  2.05  2  0.195812  0.980641  
0.247408  0.968911  2.05  2  2.05  2  0.229596  0.973286  
0.0541155  0.998535  2.05  2  2.05  2  0.0245915  0.999698  
0.309017  0.951057  2.05  2  2.05  2  0.133995  0.990982  
0.244996  0.969524  2.05  2  2.05  2  0.294815  0.955554  
0.199225  0.979954  2.05  2  2.05  2  0.206168  0.978517  
0.292205  0.956356  2.05  2  2.05  2  0.193287  0.981142  
0.0164878  0.999864  2.05  2  2.05  2  0.0543235  0.998523  
0.306965  0.951721  2.05  2  2.05  2  0.102668  0.994716  
0.23515  0.971959  2.05  2  2.05  2  0.262702  0.964877  
0.265678  0.964062  2.05  2  2.05  2  0.143663  0.989627  
0.0883178  0.996092  2.05  2  2.05  2  0.2803  0.959912  
0.215012  0.976612  2.05  2  2.05  2  0.286616  0.958046  
0.068083  0.99768  2.05  2  2.05  2  0.170157  0.985417  
0.176848  0.984238  2.05  2  2.05  2  0.258236  0.966082  
0.270125  0.962825  2.05  2  2.05  2  0.28452  0.95867  
0.173939  0.984756  2.05  2  2.05  2  0.249225  0.968446  
0.188323  0.982107  2.05  2  2.05  2  0.309017  0.951057  
0.28353  0.958963  2.05  2  2.05  2  0.113595  0.993527  
0.109942  0.993938  2.05  2  2.05  2  0.200997  0.979592  
0.191098  0.981571  2.05  2  2.05  2  6.12323e-17  1  
0.230203  0.973143  2.05  2  2.05  2  0.0949178  0.995485  
0.267898  0.963447  2.05  2  2.05  2  0.278169  0.960532  
0.196535  0.980497  2.05  2  2.05  2  0.273808  0.961784  
0.2124  0.977183  2.05  2  2.05  2  0.208767  0.977965  
0.222704  0.974886  2.05  2  2.05  2  0.0436353  0.999048  
0.259009  0.965875  2.05  2  2.05  2  0.227028  0.973888  
0.252125  0.967695  2.05  2  2.05  2  0.224439  0.974488  
0.249787  0.968301  2.05  2  2.05  2  0.302999  0.952991  
0.135398  0.990791  2.05  2  2.05  2  0.292772  0.956182  
0.119887  0.992788  2.05  2  2.05  2  0.288687  0.957423  
0.296457  0.955046  2.05  2  2.05  2  0.0780499  0.996949  
0.165182  0.986263  2.05  2  2.05  2  0.282414  0.959292  
0.242558  0.970137  2.05  2  2.05  2  0.271611  0.962407  
0.304906  0.952382  2.05  2  2.05  2  0.15599  0.987759  
0.15044  0.988619  2.05  2  2.05  2  0.190727  0.981643  
0.285726  0.958311  2.05  2  2.05  2  0.216577  0.976266  
0.153427  0.98816  2.05  2  2.05  2  0.26718  0.963647  
0.159344  0.987223  2.05  2  2.05  2  0.120541  0.992708  
0.0920773  0.995752  2.05  2  2.05  2  0.307027  0.951701  
0.281301  0.95962  2.05  2  2.05  2  0.178068  0.984018  
0.0636257  0.997974  2.05  2  2.05  2  0.234711  0.972065  
0.0378775  0.999282  2.05  2  2.05  2  0.161802  0.986823  
0.147447  0.98907  2.05  2  2.05  2  0.158912  0.987293  
0.113336  0.993557  2.05  2  2.05  2  0.253762  0.967267  
0.156395  0.987695  2.05  2  2.05  2  0.305014  0.952348  
0.201888  0.979409  2.05  2  2.05  2  0.0164246  0.999865  
0.237617  0.971359  2.05  2  2.05  2  0.175479  0.984483  
0.274584  0.961563  2.05  2  2.05  2  0.232161  0.972677  
0.272346  0.962199  2.05  2  2.05  2  0.242135  0.970243  
0.29006  0.957009  2.05  2  2.05  2  0.18821  0.982129  
0.217608  0.976036  2.05  2  2.05  2  0.300963  0.953636  
0.204542  0.978858  2.05  2  2.05  2  0.146825  0.989162  
0.300716  0.953714  2.05  2  2.05  2  0.0867127  0.996233  
0.0247228  0.999694  2.05  2  2.05  2  0.0593597  0.998237  
0.138412  0.990375  2.05  2  2.05  2  1.05  0  
0.279064  0.960273  2.05  2  2.05  2  0.213965  0.976841  
0.263471  0.964667  2.05  2  2.05  2  0.244519  0.969644  
0.0490246  0.998798  2.05  2  2.05  2  0.185686  0.982609  
0.240087  0.970751  2.05  2  2.05  2  0.239701  0.970847  
0.0589682  0.99826  2.05  2  2.05  2  0.237231  0.971453  
0.232675  0.972555  2.05  2  2.05  2  0.106375  0.994326  
0.129287  0.991607  2.05  2  2.05  2  0.172831  0.984952  
0.18265  0.983178  2.05  2  2.05  2  0.127312  0.991863  
0.254444  0.967088  2.05  2  2.05  2  0.110052  0.993926  
0.126186  0.992007  2.05  2  2.05  2  0.290736  0.956803  
0.220169  0.975462  2.05  2  2.05  2  0.140489  0.990082  
0.22772  0.973727  2.05  2  2.05  2  0.152983  0.988229  
0.207176  0.978304  2.05  2  2.05  2  0.149922  0.988698  
0.287904  0.957659  2.05  2  2.05  2  0.2694  0.963029  
1.05  0  2.05  2  2.05  2  0.203566  0.979061  
0.116645  0.993174  2.05  2  2.05  2  0.164631  0.986355  
0.225227  0.974306  2.05  2  2.05  2  0.296866  0.954919  
0.298602  0.954378  2.05  2  2.05  2  0.0316177  0.9995  
0.302825  0.953046  2.05  2  2.05  2  0.25599  0.966679  
0.0844723  0.996426  2.05  2  2.05  2  0.130676  0.991425  
0.123062  0.992399  2.05  2  2.05  2  0.0641845  0.997938  
0.0436484  0.999047  2.05  2  2.05  2  0.123937  0.99229  
0.0957523  0.995405  2.05  2  2.05  2  0.260452  0.965487  
0.294327  0.955705  2.05  2  2.05  2  0.275985  0.961162  
0.25672  0.966486  2.05  2  2.05  2  0.221819  0.975088  
0.102952  0.994686  2.05  2  2.05  2  0.251507  0.967855  
0.106484  0.994314  2.05  2  2.05  2  0.246905  0.96904  
0.0993876  0.995049  2.05  2  2.05  2  0.0735585  0.997291  
0.179759  0.983711  2.05  2  2.05  2  0.219203  0.975679  
0.0805589  0.99675  2.05  2  2.05  2  0.13725  0.990536  
0.141416  0.98995  2.05  2  2.05  2  0.0378432  0.999284  
0.16226  0.986748  2.05  2  2.05  2  0.211356  0.977409  
3.58279e-10  1  2.05  2  2.05  2  0.0988289  0.995104  
0.168128  0.985765  2.05  2  2.05  2  0.0908887  0.995861  
0.276823  0.960921  2.05  2  2.05  2  0.082456  0.996595  
0.076548  0.997066  2.05  2  2.05  2  0.183153  0.983084  
0.144431  0.989515  2.05  2  2.05  2  0.0689447  0.99762  
0.209793  0.977746  2.05  2  2.05  2  0.298907  0.954282  
0.171035  0.985265  2.05  2  2.05  2  0.117105  0.993119  
0.132369  0.9912  2.05  2  2.05  2  0.167443  0.985882  
0.0723903  0.997376  2.05  2  2.05  2  0.198459  0.980109  
0.193831  0.981035  2.05  2  2.05  2  0.264958  0.96426  
0.0316323  0.9995  2.05  2  2.05  2  0.0490713  0.998795  
0.261255  0.96527  2.05  2  2.05  2  0.180619  0.983553  
0.185499  0.982644  2.05  2  2.05  2  0.195858  0.980632  
0.247408  0.968911  2.05  2  2.05  2  0.229596  0.973286  
0.0541155  0.998535  2.05  2  2.05  2  0.0247363  0.999694  
0.309017  0.951057  2.05  2  2.05  2  0.133995  0.990982  
0.244996  0.969524  2.05  2  2.05  2  0.294815  0.955554  
0.199225  0.979954  2.05  2  2.05  2  0.206168  0.978517  
