44.3813  170.057  423.634  441.232  1.79769e+308  1.79769e+308  44.3813  170.057  
242.002  92.8319  423.634  441.232  1.79769e+308  1.79769e+308  242.002  92.8319  
15.0621  188.207  423.634  441.232  1.79769e+308  1.79769e+308  15.0621  188.207  
151.724  69.5119  423.634  441.232  1.79769e+308  1.79769e+308  151.724  69.5119  
323.511  2.7873  423.634  441.232  1.79769e+308  1.79769e+308  323.511  2.7873  
291.559  19.213  423.634  441.232  1.79769e+308  1.79769e+308  291.559  19.213  
193.208  126.226  423.634  441.232  1.79769e+308  1.79769e+308  193.208  126.226  
75.1436  226.86  423.634  441.232  1.79769e+308  1.79769e+308  75.1436  226.86  
89.1265  103.002  423.634  441.232  1.79769e+308  1.79769e+308  89.1265  103.002  
315.069  63.7974  423.634  441.232  1.79769e+308  1.79769e+308  315.069  63.7974  
48.4321  82.705  423.634  441.232  1.79769e+308  1.79769e+308  48.4321  82.705  
43.4209  343.922  423.634  441.232  1.79769e+308  1.79769e+308  43.4209  343.922  
16.3122  297.963  423.634  441.232  1.79769e+308  1.79769e+308  16.3122  297.963  
240.018  1.67167  423.634  441.232  1.79769e+308  1.79769e+308  240.018  1.67167  
19.6231  193.081  423.634  441.232  1.79769e+308  1.79769e+308  19.6231  193.081  
74.3328  36.7812  423.634  441.232  1.79769e+308  1.79769e+308  74.3328  36.7812  
54.3294  231.123  423.634  441.232  1.79769e+308  1.79769e+308  54.3294  231.123  
166.483  32.0347  423.634  441.232  1.79769e+308  1.79769e+308  166.483  32.0347  
154.137  28.896  423.634  441.232  1.79769e+308  1.79769e+308  154.137  28.896  
54.9832  139.501  423.634  441.232  1.79769e+308  1.79769e+308  54.9832  139.501  
198.645  186.31  423.634  441.232  1.79769e+308  1.79769e+308  198.645  186.31  
209.845  209.089  423.634  441.232  1.79769e+308  1.79769e+308  209.845  209.089  
245.963  86.1807  423.634  441.232  1.79769e+308  1.79769e+308  245.963  86.1807  
355.972  155.32  423.634  441.232  1.79769e+308  1.79769e+308  355.972  155.32  
422.634  14.6988  423.634  441.232  1.79769e+308  1.79769e+308  422.634  14.6988  
86.3432  179.015  423.634  441.232  1.79769e+308  1.79769e+308  86.3432  179.015  
66.6253  88.1788  423.634  441.232  1.79769e+308  1.79769e+308  66.6253  88.1788  
69.1076  88.9184  423.634  441.232  1.79769e+308  1.79769e+308  69.1076  88.9184  
165.303  53.226  423.634  441.232  1.79769e+308  1.79769e+308  165.303  53.226  
37.0496  103.6  423.634  441.232  1.79769e+308  1.79769e+308  37.0496  103.6  
101.761  113.018  423.634  441.232  1.79769e+308  1.79769e+308  101.761  113.018  
168.983  44.1354  423.634  441.232  1.79769e+308  1.79769e+308  168.983  44.1354  
151.99  206.96  423.634  441.232  1.79769e+308  1.79769e+308  151.99  206.96  
153.391  26.6661  423.634  441.232  1.79769e+308  1.79769e+308  153.391  26.6661  
127.778  130.806  423.634  441.232  1.79769e+308  1.79769e+308  127.778  130.806  
224.935  86.5453  423.634  441.232  1.79769e+308  1.79769e+308  224.935  86.5453  
33.2195  211.698  423.634  441.232  1.79769e+308  1.79769e+308  33.2195  211.698  
132.641  219.277  423.634  441.232  1.79769e+308  1.79769e+308  132.641  219.277  
31.7723  195.526  423.634  441.232  1.79769e+308  1.79769e+308  31.7723  195.526  
134.951  111.971  423.634  441.232  1.79769e+308  1.79769e+308  134.951  111.971  
179.795  110.407  423.634  441.232  1.79769e+308  1.79769e+308  179.795  110.407  
202.268  127.563  423.634  441.232  1.79769e+308  1.79769e+308  202.268  127.563  
248.878  36.2719  423.634  441.232  1.79769e+308  1.79769e+308  248.878  36.2719  
341.595  23.833  423.634  441.232  1.79769e+308  1.79769e+308  341.595  23.833  
69.2729  267.776  423.634  441.232  1.79769e+308  1.79769e+308  69.2729  267.776  
266.841  39.6355  423.634  441.232  1.79769e+308  1.79769e+308  266.841  39.6355  
315.886  10.1729  423.634  441.232  1.79769e+308  1.79769e+308  315.886  10.1729  
91.1777  139.496  423.634  441.232  1.79769e+308  1.79769e+308  91.1777  139.496  
28.7425  220.984  423.634  441.232  1.79769e+308  1.79769e+308  28.7425  220.984  
258.014  19.8129  423.634  441.232  1.79769e+308  1.79769e+308  258.014  19.8129  
293.269  79.169  423.634  441.232  1.79769e+308  1.79769e+308  293.269  79.169  
108.415  96.7108  423.634  441.232  1.79769e+308  1.79769e+308  108.415  96.7108  
188.866  18.4526  423.634  441.232  1.79769e+308  1.79769e+308  188.866  18.4526  
35.0482  133.386  423.634  441.232  1.79769e+308  1.79769e+308  35.0482  133.386  
119.451  49.139  423.634  441.232  1.79769e+308  1.79769e+308  119.451  49.139  
239.886  15.9963  423.634  441.232  1.79769e+308  1.79769e+308  239.886  15.9963  
13.9494  440.232  423.634  441.232  1.79769e+308  1.79769e+308  13.9494  440.232  
73.9911  145.445  423.634  441.232  1.79769e+308  1.79769e+308  73.9911  145.445  
120.248  38.4944  423.634  441.232  1.79769e+308  1.79769e+308  120.248  38.4944  
26.0925  38.7534  423.634  441.232  1.79769e+308  1.79769e+308  26.0925  38.7534  
142.911  81.1042  423.634  441.232  1.79769e+308  1.79769e+308  142.911  81.1042  
120.084  89.4424  423.634  441.232  1.79769e+308  1.79769e+308  120.084  89.4424  
154.755  124.112  423.634  441.232  1.79769e+308  1.79769e+308  154.755  124.112  
32.9412  71.2879  423.634  441.232  1.79769e+308  1.79769e+308  32.9412  71.2879  
36.4021  155.754  423.634  441.232  1.79769e+308  1.79769e+308  36.4021  155.754  
193.58  216.913  423.634  441.232  1.79769e+308  1.79769e+308  193.58  216.913  
122.712  140.299  423.634  441.232  1.79769e+308  1.79769e+308  122.712  140.299  
16.5406  278.46  423.634  441.232  1.79769e+308  1.79769e+308  16.5406  278.46  
54.1514  332.574  423.634  441.232  1.79769e+308  1.79769e+308  54.1514  332.574  
181.587  13.942  423.634  441.232  1.79769e+308  1.79769e+308  181.587  13.942  
161.044  92.189  423.634  441.232  1.79769e+308  1.79769e+308  161.044  92.189  
258.155  21.4398  423.634  441.232  1.79769e+308  1.79769e+308  258.155  21.4398  
155.559  180.21  423.634  441.232  1.79769e+308  1.79769e+308  155.559  180.21  
48.8187  180.138  423.634  441.232  1.79769e+308  1.79769e+308  48.8187  180.138  
86.3735  177.532  423.634  441.232  1.79769e+308  1.79769e+308  86.3735  177.532  
140.053  8.89274  423.634  441.232  1.79769e+308  1.79769e+308  140.053  8.89274  
50.325  40.2878  423.634  441.232  1.79769e+308  1.79769e+308  50.325  40.2878  
240.446  40.4508  423.634  441.232  1.79769e+308  1.79769e+308  240.446  40.4508  
190.648  76.631  423.634  441.232  1.79769e+308  1.79769e+308  190.648  76.631  
86.8486  262.59  423.634  441.232  1.79769e+308  1.79769e+308  86.8486  262.59  
49.7773  262.989  423.634  441.232  1.79769e+308  1.79769e+308  49.7773  262.989  
97.2644  123.331  423.634  441.232  1.79769e+308  1.79769e+308  97.2644  123.331  
88.7408  154.442  423.634  441.232  1.79769e+308  1.79769e+308  88.7408  154.442  
43.1129  342.92  423.634  441.232  1.79769e+308  1.79769e+308  43.1129  342.92  
133.519  25.1307  423.634  441.232  1.79769e+308  1.79769e+308  133.519  25.1307  
38.4694  294.846  423.634  441.232  1.79769e+308  1.79769e+308  38.4694  294.846  
192.891  161.865  423.634  441.232  1.79769e+308  1.79769e+308  192.891  161.865  
353.451  11.2829  423.634  441.232  1.79769e+308  1.79769e+308  353.451  11.2829  
60.5264  109.968  423.634  441.232  1.79769e+308  1.79769e+308  60.5264  109.968  
184.193  92.8035  423.634  441.232  1.79769e+308  1.79769e+308  184.193  92.8035  
254.59  113.578  423.634  441.232  1.79769e+308  1.79769e+308  254.59  113.578  
91.7965  157.026  423.634  441.232  1.79769e+308  1.79769e+308  91.7965  157.026  
138.158  147.739  423.634  441.232  1.79769e+308  1.79769e+308  138.158  147.739  
298.403  58.4786  423.634  441.232  1.79769e+308  1.79769e+308  298.403  58.4786  
152.803  54.9798  423.634  441.232  1.79769e+308  1.79769e+308  152.803  54.9798  
108.183  267.103  423.634  441.232  1.79769e+308  1.79769e+308  108.183  267.103  
101.127  140.623  423.634  441.232  1.79769e+308  1.79769e+308  101.127  140.623  
70.7201  56.4955  423.634  441.232  1.79769e+308  1.79769e+308  70.7201  56.4955  
188.394  39.0134  423.634  441.232  1.79769e+308  1.79769e+308  188.394  39.0134  
161.017  46.5158  423.634  441.232  1.79769e+308  1.79769e+308  161.017  46.5158  
19.3558  8.11111e-11  210.633  316.221  271.22  271.972  129.157  3.80309  
34.9083  0  210.633  316.221  271.22  271.972  24.0946  15.2383  
3.81476  1.60693e-11  210.633  316.221  271.22  271.972  0  146.076  
0  42.019  210.633  316.221  271.22  271.972  11.8051  49.3876  
3.7969  0.218464  210.633  316.221  271.22  271.972  80.1469  0.298263  
4.01536  1.29013e-12  210.633  316.221  271.22  271.972  92.5887  0.129292  
0  39.4734  210.633  316.221  271.22  271.972  21.0361  20.5492  
30.7508  2.15083e-13  210.633  316.221  271.22  271.972  0  43.3019  
0  203.339  210.633  316.221  271.22  271.972  47.6967  98.266  
136.719  0  210.633  316.221  271.22  271.972  55.7213  6.48553  
26.0222  2.62903e-13  210.633  316.221  271.22  271.972  12.3304  14.3587  
0  38.7387  210.633  316.221  271.22  271.972  24.6363  206.55  
141.102  0  210.633  316.221  271.22  271.972  10.7459  104.373  
0  44.3704  210.633  316.221  271.22  271.972  21.7311  4.11237  
0  33.1631  210.633  316.221  271.22  271.972  3.62237  30.3699  
1.41109e-15  121.242  210.633  316.221  271.22  271.972  1.17679  89.3259  
0.568813  1.93495  210.633  316.221  271.22  271.972  13.3722  22.496  
0  25.6946  210.633  316.221  271.22  271.972  32.3225  14.2291  
19.5097  7.44458e-12  210.633  316.221  271.22  271.972  6.68134  9.81896  
270.22  0  210.633  316.221  271.22  271.972  1.49836  315.221  
0.296433  2.20733  210.633  316.221  271.22  271.972  82.3106  51.1317  
20.0022  0  210.633  316.221  271.22  271.972  34.4671  0  
3.86549  2.27457e-11  210.633  316.221  271.22  271.972  18.0465  1.06189e-13  
65.049  0  210.633  316.221  271.22  271.972  109.724  8.50012  
3.82899  2.25309e-11  210.633  316.221  271.22  271.972  33.7719  0  
0  84.3274  210.633  316.221  271.22  271.972  10.9867  16.0926  
0  37.6997  210.633  316.221  271.22  271.972  77.5125  71.2334  
0.296433  2.20733  210.633  316.221  271.22  271.972  0.786738  124.755  
0  175.79  210.633  316.221  271.22  271.972  1.3521  26.8631  
0  32.1326  210.633  316.221  271.22  271.972  27.9216  1.33297e-13  
20.0185  0  210.633  316.221  271.22  271.972  0.00163987  26.4919  
3.7969  0.218464  210.633  316.221  271.22  271.972  3.91419  57.4398  
0.578821  1.92495  210.633  316.221  271.22  271.972  0.00123969  46.5417  
48.9678  0  210.633  316.221  271.22  271.972  6.34296e-05  25.1872  
6.53429e-16  56.1432  210.633  316.221  271.22  271.972  172.674  89.5569  
0  13.4946  210.633  316.221  271.22  271.972  34.2367  0.0478085  
0.782258  1.72151  210.633  316.221  271.22  271.972  0  35.2175  
50.3124  1.91984e-11  210.633  316.221  271.22  271.972  2.50952  1.47668e-11  
0  32.1326  210.633  316.221  271.22  271.972  5.58233  38.4386  
0  29.007  210.633  316.221  271.22  271.972  20.267  14.7928  
18.7339  7.85053e-11  210.633  316.221  271.22  271.972  91.3844  290.399  
0  42.5401  210.633  316.221  271.22  271.972  0  15.0401  
0  113.21  210.633  316.221  271.22  271.972  71.1188  74.043  
20.0185  0  210.633  316.221  271.22  271.972  4.85749  19.7469  
35.4966  0  210.633  316.221  271.22  271.972  18.1625  18.9093  
63.5953  0  210.633  316.221  271.22  271.972  1.43948  22.5006  
6.32388  0  210.633  316.221  271.22  271.972  37.8897  0  
115.504  1.82095e-12  210.633  316.221  271.22  271.972  12.4045  3.94389  
14.5057  6.07866e-11  210.633  316.221  271.22  271.972  6.92413  23.0764  
31.6959  7.61149e-12  210.633  316.221  271.22  271.972  26.5864  8.4316  
17.4636  5.42877e-13  210.633  316.221  271.22  271.972  0.00917778  12.1221  
0  270.972  210.633  316.221  271.22  271.972  0  165.359  
16.9602  1.13975e-11  210.633  316.221  271.22  271.972  26.6064  0  
0  17.6972  210.633  316.221  271.22  271.972  19.537  2.60285e-14  
0.307694  2.19607  210.633  316.221  271.22  271.972  81.144  29.9025  
2.4678  0.0417249  210.633  316.221  271.22  271.972  3.63999  15.8585  
48.7105  0  210.633  316.221  271.22  271.972  5.54948  197.761  
0  26.0746  210.633  316.221  271.22  271.972  0  25.5264  
44.2945  0  210.633  316.221  271.22  271.972  14.7207  2.34422  
2.37171  0.137809  210.633  316.221  271.22  271.972  0.00172952  29.7773  
0  13.4941  210.633  316.221  271.22  271.972  24.912  18.268  
43.5984  0  210.633  316.221  271.22  271.972  201.482  0  
2.41173  0.0977869  210.633  316.221  271.22  271.972  0  41.0291  
0.333328  2.17044  210.633  316.221  271.22  271.972  0.64721  20.6578  
0.334151  2.16961  210.633  316.221  271.22  271.972  22.381  0  
0  86.7633  210.633  316.221  271.22  271.972  30.4489  0  
122.683  0  210.633  316.221  271.22  271.972  14.7882  13.5902  
0  121.388  210.633  316.221  271.22  271.972  10.9226  1.51402e-10  
2.48086  0.0286591  210.633  316.221  271.22  271.972  39.1993  7.09449  
0  122.737  210.633  316.221  271.22  271.972  209.633  11.4015  
88.5645  4.22803e-13  210.633  316.221  271.22  271.972  0.419997  7.60882  
2.49505  0.0144745  210.633  316.221  271.22  271.972  2.36466  17.6965  
4.11461e-12  5.4997  210.633  316.221  271.22  271.972  0.919226  17.0821  
0  81.5718  210.633  316.221  271.22  271.972  7.24938  16.8716  
0.366195  2.13757  210.633  316.221  271.22  271.972  5.20349  14.3335  
0.353267  2.1505  210.633  316.221  271.22  271.972  0  30.2034  
2.50421  0.00531014  210.633  316.221  271.22  271.972  4.72388  23.7165  
2.60031e-09  2.02046  210.633  316.221  271.22  271.972  14.5003  9.74449e-12  
2.24612  0.263398  210.633  316.221  271.22  271.972  73.838  0  
2.43982  0.069699  210.633  316.221  271.22  271.972  9.90343  11.7267  
0.40338  2.10039  210.633  316.221  271.22  271.972  11.2514  8.7731  
2.45002  0.0595019  210.633  316.221  271.22  271.972  70.9006  43.9839  
2.08149  0.499868  210.633  316.221  271.22  271.972  109.072  2.46214  
4.12696e-10  2.7791  210.633  316.221  271.22  271.972  16.4965  5.12814e-13  
0.420187  2.08358  210.633  316.221  271.22  271.972  16.499  3.21435e-09  
2.48175  0.0277748  210.633  316.221  271.22  271.972  0  13.4941  
0.318675  2.18509  210.633  316.221  271.22  271.972  19.3086  33.524  
0.308139  2.19563  210.633  316.221  271.22  271.972  31.053  17.4268  
0.786401  1.71736  210.633  316.221  271.22  271.972  18.6469  0.857386  
2.50819  0.00132755  210.633  316.221  271.22  271.972  1.68903e-09  2.02046  
2.49855  0.0109746  210.633  316.221  271.22  271.972  2.12929e-06  21.2861  
2.50952  1.47668e-11  210.633  316.221  271.22  271.972  26.4509  15.062  
1.68903e-09  2.02046  210.633  316.221  271.22  271.972  16.5575  26.8846  
0.417333  2.08643  210.633  316.221  271.22  271.972  21.5364  36.8409  
2.50228  0.00724659  210.633  316.221  271.22  271.972  14.9028  0  
0.81109  1.69268  210.633  316.221  271.22  271.972  0.00112282  280.454  
0.339992  2.16377  210.633  316.221  271.22  271.972  11.8219  15.7229  
0.140303  1.95543  210.633  316.221  271.22  271.972  2.94388  4.53008  
2.49212  0.0174032  210.633  316.221  271.22  271.972  0  22.3806  
2.49602  0.0135048  210.633  316.221  271.22  271.972  165.33  0.173286  
1.47631  0.0246891  226.496  292.434  13.2517  227.889  27.616  0  
1.48022  0.0199011  226.496  292.434  13.2517  227.889  19.3375  19.1974  
0.00820119  1.99195  226.496  292.434  13.2517  227.889  21.0288  1.10196e-12  
0.0111488  1.989  226.496  292.434  13.2517  227.889  61.3087  60.9189  
0.0248138  1.97533  226.496  292.434  13.2517  227.889  26.0095  2.07909e-13  
1.45202  0.0489855  226.496  292.434  13.2517  227.889  210.489  3.02053e-08  
1.47922e-11  2.00015  226.496  292.434  13.2517  227.889  0  17.0128  
0.00365189  1.99649  226.496  292.434  13.2517  227.889  12.5012  0  
0.106838  1.89331  226.496  292.434  13.2517  227.889  2.17008  21.3795  
0.00565326  1.99449  226.496  292.434  13.2517  227.889  0  34.3962  
1.45834  0.0417865  226.496  292.434  13.2517  227.889  49.422  202.435  
1.47041  0.0296206  226.496  292.434  13.2517  227.889  12.4257  20.8636  
0.0632899  1.93712  226.496  292.434  13.2517  227.889  43.1997  0.182876  
0.0298763  1.97027  226.496  292.434  13.2517  227.889  122.984  9.75688  
0.127775  1.87237  226.496  292.434  13.2517  227.889  26.3512  7.67525e-11  
0.0777796  1.92263  226.496  292.434  13.2517  227.889  2.97725e-10  40.2572  
1.4845  0.0155323  226.496  292.434  13.2517  227.889  5.78999e-12  10.008  
0.000872509  1.99927  226.496  292.434  13.2517  227.889  207.501  0  
1.4871  0.0129327  226.496  292.434  13.2517  227.889  0.223947  30.364  
0.0355296  1.96462  226.496  292.434  13.2517  227.889  63.1466  33.5637  
0.0663779  1.93377  226.496  292.434  13.2517  227.889  28.5853  0  
0.0219144  1.97823  226.496  292.434  13.2517  227.889  21.6001  11.7683  
0.247114  1.75303  226.496  292.434  13.2517  227.889  39.2777  46.8776  
1.41852  0.0901019  226.496  292.434  13.2517  227.889  0.11064  31.8996  
0.0391034  1.96131  226.496  292.434  13.2517  227.889  26.2322  33.4005  
1.14407  0.856342  226.496  292.434  13.2517  227.889  18.557  15.7528  
0.0450933  1.95505  226.496  292.434  13.2517  227.889  1.27833e-06  19.7616  
0.132233  1.86818  226.496  292.434  13.2517  227.889  0  240.708  
0.241143  1.79444  226.496  292.434  13.2517  227.889  0  24.2948  
0.0072706  1.99288  226.496  292.434  13.2517  227.889  32.0817  44.7492  
0.0193747  1.98077  226.496  292.434  13.2517  227.889  25.1842  37.4481  
0.150314  1.84983  226.496  292.434  13.2517  227.889  76.8309  1.45224e-07  
0.0316668  1.96848  226.496  292.434  13.2517  227.889  6.93868  16.18  
1.4713  0.0287348  226.496  292.434  13.2517  227.889  26.3482  39.1224  
1.47341  0.0266232  226.496  292.434  13.2517  227.889  17.821  0  
0.0127938  1.98762  226.496  292.434  13.2517  227.889  10.704  97.3053  
0.0616032  1.93881  226.496  292.434  13.2517  227.889  41.4229  3.08449  
1.44731  0.0528134  226.496  292.434  13.2517  227.889  1.50003  4.6184e-12  
0.161633  1.83878  226.496  292.434  13.2517  227.889  0  91.2494  
0.0499475  1.9502  226.496  292.434  13.2517  227.889  85.3474  5.131  
1.47877  0.0213571  226.496  292.434  13.2517  227.889  16.3222  80.5904  
1.48848  0.0116414  226.496  292.434  13.2517  227.889  24.0566  17.2621  
1.49129  0.00883032  226.496  292.434  13.2517  227.889  1.30328e-10  225.272  
1.47763  0.0224912  226.496  292.434  13.2517  227.889  7.43127  14.7101  
0.0429047  1.95751  226.496  292.434  13.2517  227.889  6.40599  24.1616  
0.0400977  1.96005  226.496  292.434  13.2517  227.889  225.496  0.954584  
0.0102506  1.9899  226.496  292.434  13.2517  227.889  0.00748731  16.551  
0.151225  1.84919  226.496  292.434  13.2517  227.889  0.91427  30.7432  
0.153692  1.84672  226.496  292.434  13.2517  227.889  0  24.0693  
0.0284846  1.97193  226.496  292.434  13.2517  227.889  7.07713  7.24263  
1.32429  0.176195  226.496  292.434  13.2517  227.889  8.97112  11.3179  
0.0853286  1.91509  226.496  292.434  13.2517  227.889  111.697  68.5359  
0.0717732  1.92864  226.496  292.434  13.2517  227.889  23.2585  2.73714e-13  
0.0724119  1.928  226.496  292.434  13.2517  227.889  3.62404  18.4551  
0.0237917  1.97635  226.496  292.434  13.2517  227.889  0.497802  26.6681  
0.245166  1.75498  226.496  292.434  13.2517  227.889  0.00902986  25.6513  
1.50003  4.6184e-12  226.496  292.434  13.2517  227.889  20.6984  1.42371  
0.0771397  1.92301  226.496  292.434  13.2517  227.889  12.9634  15.4718  
0.0174587  1.98269  226.496  292.434  13.2517  227.889  16.5719  10.532  
0.02622  1.97393  226.496  292.434  13.2517  227.889  0.350213  9.78863  
0.0831982  1.91722  226.496  292.434  13.2517  227.889  48.932  9.6598  
0.213566  1.79752  226.496  292.434  13.2517  227.889  0.000111992  18.6261  
0.0415433  1.9586  226.496  292.434  13.2517  227.889  4.13383  5.98116  
0.0331717  1.96697  226.496  292.434  13.2517  227.889  24.25  6.32526  
0.0753104  1.9251  226.496  292.434  13.2517  227.889  0  37.6087  
0.125199  1.87495  226.496  292.434  13.2517  227.889  5.39284  4.87508  
1.4833  0.0168222  226.496  292.434  13.2517  227.889  27.7556  2.27633  
1.34791  0.152217  226.496  292.434  13.2517  227.889  10.7256  12.2882  
0.275316  1.7251  226.496  292.434  13.2517  227.889  14.8431  4.15618  
0.0923865  1.90803  226.496  292.434  13.2517  227.889  21.0123  1.50468e-12  
0.108117  1.89203  226.496  292.434  13.2517  227.889  79.4446  0.0214463  
1.44372  0.056311  226.496  292.434  13.2517  227.889  1.54037  28.5262  
1.49503  0.00499766  226.496  292.434  13.2517  227.889  16.5888  1.3605  
0.0688096  1.93134  226.496  292.434  13.2517  227.889  5.89441  26.0476  
1.44696  0.0530706  226.496  292.434  13.2517  227.889  15.7248  23.9988  
1.43176  0.068364  226.496  292.434  13.2517  227.889  11.8182  1.76735  
1.37917  0.120857  226.496  292.434  13.2517  227.889  28.8071  0.000216865  
0.0555846  1.94483  226.496  292.434  13.2517  227.889  1.52332  291.434  
0.0272303  1.97292  226.496  292.434  13.2517  227.889  0  32.0147  
0.0846242  1.91552  226.496  292.434  13.2517  227.889  2.50466e-07  22.0128  
1.46747  0.0325567  226.496  292.434  13.2517  227.889  18.3917  1.927e-10  
1.49313  0.00689894  226.496  292.434  13.2517  227.889  0.0110324  105.69  
0.0526389  1.94751  226.496  292.434  13.2517  227.889  10.1046  6.39304  
0.0140107  1.9864  226.496  292.434  13.2517  227.889  1.90823  34.9871  
1.48172  0.0183997  226.496  292.434  13.2517  227.889  0  62.3152  
0.0516752  1.94847  226.496  292.434  13.2517  227.889  145.384  1.52326e-09  
0.314757  1.70571  226.496  292.434  13.2517  227.889  79.8108  57.2691  
1.39061  0.0953056  226.496  292.434  13.2517  227.889  115.609  58.6161  
0.0811164  1.91834  226.496  292.434  13.2517  227.889  0.00115576  21.7526  
1.42551  0.0745196  226.496  292.434  13.2517  227.889  1.47922e-11  2.00015  
0.0156689  1.98448  226.496  292.434  13.2517  227.889  21.4539  0.00196472  
0.0481976  1.95195  226.496  292.434  13.2517  227.889  91.2761  0.16096  
0.00462013  1.99553  226.496  292.434  13.2517  227.889  0.919957  30.8231  
1.49677  0.0033543  226.496  292.434  13.2517  227.889  0.628788  25.4682  
0.159326  1.84109  226.496  292.434  13.2517  227.889  26.183  1.47885  
0.31733  0.996702  226.496  292.434  13.2517  227.889  34.1615  3.83062e-13  
0.020756  1.97939  226.496  292.434  13.2517  227.889  10.0465  0.00159238  
0.0647978  1.93562  226.496  292.434  13.2517  227.889  43.7982  0.0180269  
1.49812  0.00200386  226.496  292.434  13.2517  227.889  2.21461  9.07116  
0.00248776  1.99766  226.496  292.434  13.2517  227.889  4.24741  22.4168  
0.0546473  0.946222  157.532  73.984  78.8188  6.10207  19.0617  0.733303  
0.0073643  0.993505  157.532  73.984  78.8188  6.10207  13.0036  1.05721e-10  
1.00482  0.00303483  157.532  73.984  78.8188  6.10207  17.5022  0.0185493  
0.511627  0.489242  157.532  73.984  78.8188  6.10207  3.69106  12.3099  
0.00468921  0.99618  157.532  73.984  78.8188  6.10207  19.7924  7.83678  
0.0281019  0.972767  157.532  73.984  78.8188  6.10207  0  24.5314  
4.24877e-12  1.00087  157.532  73.984  78.8188  6.10207  7.71578  20.7803  
0.994511  0.0133426  157.532  73.984  78.8188  6.10207  18.7609  0  
0.0326372  0.968232  157.532  73.984  78.8188  6.10207  0.433158  16.6998  
0.549218  0.452039  157.532  73.984  78.8188  6.10207  23.5527  0  
0.0138409  0.987028  157.532  73.984  78.8188  6.10207  30.4413  1.17108  
0.98884  0.0228296  157.532  73.984  78.8188  6.10207  7.07538e-07  40.1119  
0.0264834  0.974385  157.532  73.984  78.8188  6.10207  1.74242  8.02064  
0.495812  0.505057  157.532  73.984  78.8188  6.10207  21.2133  12.8005  
0.829644  0.17821  157.532  73.984  78.8188  6.10207  35.7096  7.61515  
0.143338  0.868316  157.532  73.984  78.8188  6.10207  1.17633  27.5052  
0.00613371  0.995316  157.532  73.984  78.8188  6.10207  4.18639e-05  18.0711  
0.956808  0.0548612  157.532  73.984  78.8188  6.10207  88.6405  2.95634  
0.532524  0.468345  157.532  73.984  78.8188  6.10207  1.31887  13.3453  
0.498867  0.502002  157.532  73.984  78.8188  6.10207  9.20674  10.1334  
0.876343  0.125097  157.532  73.984  78.8188  6.10207  0  13.5032  
0.987802  0.0238673  157.532  73.984  78.8188  6.10207  19.3771  5.37213  
0.96018  0.0514877  157.532  73.984  78.8188  6.10207  11.8593  2.14696  
1.00785  2.76274e-11  157.532  73.984  78.8188  6.10207  15.762  2.35987  
0.0079818  0.992887  157.532  73.984  78.8188  6.10207  0  28.1963  
1.00007  0.00778453  157.532  73.984  78.8188  6.10207  104.71  2.13903  
0.975781  0.0358886  157.532  73.984  78.8188  6.10207  13.0953  17.4222  
1.00545  0.00240622  157.532  73.984  78.8188  6.10207  10.5407  3.46323  
0.696949  0.31367  157.532  73.984  78.8188  6.10207  9.55878  3.66428e-07  
0.0615538  0.939896  157.532  73.984  78.8188  6.10207  5.95449  3.08969  
0.519879  0.48099  157.532  73.984  78.8188  6.10207  28.7574  0  
0.0183988  0.98247  157.532  73.984  78.8188  6.10207  15.0121  32.5035  
0.955577  0.0564647  157.532  73.984  78.8188  6.10207  0.470295  23.0541  
0.0453802  0.955489  157.532  73.984  78.8188  6.10207  2.40885  16.9219  
0.993215  0.0146383  157.532  73.984  78.8188  6.10207  156.532  0.184894  
0.957547  0.0544943  157.532  73.984  78.8188  6.10207  1.14763e-07  18.0167  
0.839983  0.171945  157.532  73.984  78.8188  6.10207  12.4354  15.2073  
0.00979294  0.991076  157.532  73.984  78.8188  6.10207  1.00785  2.76274e-11  
0.562537  0.440753  157.532  73.984  78.8188  6.10207  0  11.5129  
0.00857794  0.992291  157.532  73.984  78.8188  6.10207  0  28.1776  
0.024514  0.976355  157.532  73.984  78.8188  6.10207  49.5257  0.203529  
0.972755  0.0389149  157.532  73.984  78.8188  6.10207  3.28089e-12  16.9928  
0.531574  0.469295  157.532  73.984  78.8188  6.10207  19.2907  1.69168  
0.50196  0.498909  157.532  73.984  78.8188  6.10207  4.18822  12.9294  
0.545017  0.455851  157.532  73.984  78.8188  6.10207  6.18467  20.3303  
0.0103098  0.990559  157.532  73.984  78.8188  6.10207  0  12.2249  
0.0451118  0.955757  157.532  73.984  78.8188  6.10207  21.1206  3.82762  
0.506377  0.494492  157.532  73.984  78.8188  6.10207  0  72.984  
1.00126  0.00659628  157.532  73.984  78.8188  6.10207  0.124647  11.8895  
0.000940625  0.999928  157.532  73.984  78.8188  6.10207  7.40474e-09  27.4162  
0.50105  0.499819  157.532  73.984  78.8188  6.10207  8.9984  0  
0.967511  0.0445307  157.532  73.984  78.8188  6.10207  26.2735  0  
1.0067  0.0011491  157.532  73.984  78.8188  6.10207  17.158  2.86615  
0.948306  0.0633621  157.532  73.984  78.8188  6.10207  0.0357031  32.8477  
0.507591  0.493278  157.532  73.984  78.8188  6.10207  11.4756  0.815398  
0.0630224  0.938427  157.532  73.984  78.8188  6.10207  6.57263  7.13354  
0.0226407  0.979215  157.532  73.984  78.8188  6.10207  15.7256  17.5209  
0.49725  0.503619  157.532  73.984  78.8188  6.10207  7.95827  3.308  
0.954044  0.057624  157.532  73.984  78.8188  6.10207  6.00611e-09  51.7438  
0.976758  0.0310956  157.532  73.984  78.8188  6.10207  10.7704  7.30339  
0.967439  0.044603  157.532  73.984  78.8188  6.10207  0  34.6363  
0.712722  0.298946  157.532  73.984  78.8188  6.10207  19.1653  0.0535377  
0.453551  0.547318  157.532  73.984  78.8188  6.10207  2.01972  26.5613  
0.0355495  0.965319  157.532  73.984  78.8188  6.10207  14.7235  6.22507  
0.0117456  0.989123  157.532  73.984  78.8188  6.10207  3.54944  7.04728  
0.990059  0.0177946  157.532  73.984  78.8188  6.10207  9.4848  55.0014  
0.0255951  0.975274  157.532  73.984  78.8188  6.10207  1.75924  18.0373  
1.00414  0.00371472  157.532  73.984  78.8188  6.10207  27.4562  0.000547762  
0.549584  0.451285  157.532  73.984  78.8188  6.10207  11.9531  0.164978  
0.995697  0.0121565  157.532  73.984  78.8188  6.10207  0  24.0042  
0.0468172  0.954052  157.532  73.984  78.8188  6.10207  24.3388  0.434067  
0.507813  0.493055  157.532  73.984  78.8188  6.10207  0.287744  15.7294  
0.172927  0.850659  157.532  73.984  78.8188  6.10207  2.01898  11.743  
0.0211355  0.979733  157.532  73.984  78.8188  6.10207  0.613102  24.3838  
0.509506  0.491362  157.532  73.984  78.8188  6.10207  1.45926  16.1722  
0.564031  0.436838  157.532  73.984  78.8188  6.10207  13.5518  0.0093384  
0.00193576  0.998933  157.532  73.984  78.8188  6.10207  14.795  0  
0.862752  0.160924  157.532  73.984  78.8188  6.10207  10.4365  8.22199  
0.997227  0.0106269  157.532  73.984  78.8188  6.10207  5.67417  5.34795  
0.0171662  0.983703  157.532  73.984  78.8188  6.10207  3.96454  10.034  
0.0266023  0.974267  157.532  73.984  78.8188  6.10207  8.77666  4.98717  
0.950648  0.0613937  157.532  73.984  78.8188  6.10207  7.2996  0.837439  
0.184415  0.821021  157.532  73.984  78.8188  6.10207  63.0554  0  
0.00900291  0.991866  157.532  73.984  78.8188  6.10207  0.50196  0.498909  
0.00411223  0.996757  157.532  73.984  78.8188  6.10207  9.20896  1.58614  
0.00238937  0.998479  157.532  73.984  78.8188  6.10207  6.00517  11.2637  
0.982351  0.0255028  157.532  73.984  78.8188  6.10207  5.84666e-05  28.0279  
0.0175765  0.983292  157.532  73.984  78.8188  6.10207  2.64322  3.31197  
1.0032  0.00465082  157.532  73.984  78.8188  6.10207  6.55558  8.96492  
0.0719457  0.929781  157.532  73.984  78.8188  6.10207  4.24877e-12  1.00087  
0.755936  0.256106  157.532  73.984  78.8188  6.10207  4.2102  13.2197  
0.0161203  0.985735  157.532  73.984  78.8188  6.10207  8.87859  8.725  
0.0339651  0.966904  157.532  73.984  78.8188  6.10207  2.62316  16.6226  
0.100541  0.900328  157.532  73.984  78.8188  6.10207  14.3678  11.2596  
0.598444  0.402425  157.532  73.984  78.8188  6.10207  56.4348  0.723232  
0.986735  0.024933  157.532  73.984  78.8188  6.10207  4.91029  5.61174  
0.497887  0.502982  157.532  73.984  78.8188  6.10207  22.8633  0.00397809  
0.869788  0.145021  157.532  73.984  78.8188  6.10207  12.0487  3.9852e-06  
0.00314491  0.997724  157.532  73.984  78.8188  6.10207  2.803  15.3678  
0.975105  0.0378582  157.532  73.984  78.8188  6.10207  25.5547  0  
0.234687  0.266318  12.5473  30.3681  1.5  30.3681  0.343156  3.19018  
0.15529  0.344719  12.5473  30.3681  1.5  30.3681  1.08334  3.24486  
0.272157  0.227852  12.5473  30.3681  1.5  30.3681  1.3941  17.4359  
0.179522  0.321638  12.5473  30.3681  1.5  30.3681  4.00556  0.525568  
0.262207  0.238753  12.5473  30.3681  1.5  30.3681  2.75403  0.263987  
0.324067  0.17594  12.5473  30.3681  1.5  30.3681  0  14.0217  
0.483859  0.0161441  12.5473  30.3681  1.5  30.3681  5.50901  1.73713  
0.469343  0.0306606  12.5473  30.3681  1.5  30.3681  9.54452  6.1354e-13  
0.405959  0.0950322  12.5473  30.3681  1.5  30.3681  4.90576  0.0927878  
0.237811  0.263149  12.5473  30.3681  1.5  30.3681  0.639207  2.36026  
0.222715  0.278445  12.5473  30.3681  1.5  30.3681  7.6983  8.54683e-16  
0.421416  0.0785879  12.5473  30.3681  1.5  30.3681  2.14206e-12  11.514  
0.16169  0.339471  12.5473  30.3681  1.5  30.3681  0.935658  1.71831  
0.49207  0.00793458  12.5473  30.3681  1.5  30.3681  5.72281  0.0293528  
0.354506  0.145501  12.5473  30.3681  1.5  30.3681  5.52783  0.00083147  
0.140683  0.360327  12.5473  30.3681  1.5  30.3681  2.80791e-13  3.62164  
0.459576  0.0404275  12.5473  30.3681  1.5  30.3681  3.09332e-07  7.03188  
0.455  0.0451099  12.5473  30.3681  1.5  30.3681  0  7.49963  
0.475623  0.0243805  12.5473  30.3681  1.5  30.3681  7.67236  2.79325e-05  
0.47858  0.0214236  12.5473  30.3681  1.5  30.3681  2.61496  6.92269  
0.198847  0.301993  12.5473  30.3681  1.5  30.3681  0.329845  0.170165  
0.245533  0.255476  12.5473  30.3681  1.5  30.3681  1.40969  1.85808  
0.462723  0.0372808  12.5473  30.3681  1.5  30.3681  0.191453  2.8098  
0.242079  0.25893  12.5473  30.3681  1.5  30.3681  1.56371  6.02749  
0.194411  0.30675  12.5473  30.3681  1.5  30.3681  5.04752  0.0194896  
0.230258  0.270748  12.5473  30.3681  1.5  30.3681  4.38479  1.12915  
0.255259  0.24575  12.5473  30.3681  1.5  30.3681  4.50116  1.40959  
0.0149354  0.485068  12.5473  30.3681  1.5  30.3681  4.60772  1.56498  
0.0532607  0.446868  12.5473  30.3681  1.5  30.3681  6.44929  1.11032  
0.0115668  0.488562  12.5473  30.3681  1.5  30.3681  5.79595e-05  15.5215  
0.0333487  0.46678  12.5473  30.3681  1.5  30.3681  2.18788  4.15229  
0.451599  0.0484051  12.5473  30.3681  1.5  30.3681  2.80974  2.1887  
0.289915  0.210913  12.5473  30.3681  1.5  30.3681  3.62844e-14  11.8054  
0.329845  0.170165  12.5473  30.3681  1.5  30.3681  3.01773  3.35035e-16  
0.357773  0.142234  12.5473  30.3681  1.5  30.3681  11.5473  0  
0.152188  0.347821  12.5473  30.3681  1.5  30.3681  0.721084  4.0732  
0.114108  0.386168  12.5473  30.3681  1.5  30.3681  5.51365  0  
0.249577  0.251432  12.5473  30.3681  1.5  30.3681  0.500004  5.17168e-12  
0.336614  0.163393  12.5473  30.3681  1.5  30.3681  0  18.3899  
0.472349  0.0276546  12.5473  30.3681  1.5  30.3681  2.01903  6.04237  
0.226407  0.274602  12.5473  30.3681  1.5  30.3681  1.89144  7.33197  
0.209848  0.291161  12.5473  30.3681  1.5  30.3681  8.81026  0.419201  
0.172911  0.328098  12.5473  30.3681  1.5  30.3681  0.00181518  7.84657  
0.365147  0.134861  12.5473  30.3681  1.5  30.3681  0  26.5799  
0.219678  0.280326  12.5473  30.3681  1.5  30.3681  0  14.9823  
0.388507  0.1115  12.5473  30.3681  1.5  30.3681  2.37391  2.76999  
0.201139  0.29987  12.5473  30.3681  1.5  30.3681  1.1767e-09  3.19586  
0.189778  0.311231  12.5473  30.3681  1.5  30.3681  0.0293517  5.49931  
0.182671  0.318339  12.5473  30.3681  1.5  30.3681  2.43571  0.564949  
0.314343  0.185661  12.5473  30.3681  1.5  30.3681  10.0179  0  
0.204915  0.296094  12.5473  30.3681  1.5  30.3681  0.012434  4.87258  
0.298327  0.20278  12.5473  30.3681  1.5  30.3681  7.51335  5.9912e-07  
0.0371647  0.463737  12.5473  30.3681  1.5  30.3681  2.01984  3.10909  
0.386732  0.113272  12.5473  30.3681  1.5  30.3681  3.64376  3.13572  
0.007738  0.492391  12.5473  30.3681  1.5  30.3681  0.435549  4.56426  
0.196842  0.304167  12.5473  30.3681  1.5  30.3681  0.259535  5.2625  
0.165852  0.335157  12.5473  30.3681  1.5  30.3681  5.19296  0  
0.346421  0.153586  12.5473  30.3681  1.5  30.3681  0.0161871  9.81065  
0.081533  0.418473  12.5473  30.3681  1.5  30.3681  9.79384e-12  9.99861  
0.0894105  0.41603  12.5473  30.3681  1.5  30.3681  2.72435  0.84293  
0.0447037  0.456305  12.5473  30.3681  1.5  30.3681  8.67201e-06  9.59809  
0.0176404  0.482489  12.5473  30.3681  1.5  30.3681  2.55299  4.97391  
0.373763  0.126244  12.5473  30.3681  1.5  30.3681  3.13198  0.00560605  
0.424275  0.0764692  12.5473  30.3681  1.5  30.3681  0.000118307  10.039  
0.12548  0.375529  12.5473  30.3681  1.5  30.3681  0  3.50243  
0.0499625  0.450951  12.5473  30.3681  1.5  30.3681  6.75553  0.262707  
0.350942  0.149065  12.5473  30.3681  1.5  30.3681  2.12005  0.882226  
0.361046  0.138961  12.5473  30.3681  1.5  30.3681  9.50442  2.6169e-13  
0.398288  0.101714  12.5473  30.3681  1.5  30.3681  0.00430571  9.78892  
0.00579434  0.494334  12.5473  30.3681  1.5  30.3681  1.99807e-12  10.2287  
0.187579  0.312754  12.5473  30.3681  1.5  30.3681  3.63122  1.88243  
0.340135  0.159872  12.5473  30.3681  1.5  30.3681  5.51291  0  
0.068727  0.432282  12.5473  30.3681  1.5  30.3681  3.17299  5.08138  
0.0401699  0.459959  12.5473  30.3681  1.5  30.3681  2.28189e-10  3.51359  
0.332941  0.167066  12.5473  30.3681  1.5  30.3681  10.4024  2.86416e-13  
0.213249  0.287579  12.5473  30.3681  1.5  30.3681  0.0125323  3.69904  
0.17021  0.330799  12.5473  30.3681  1.5  30.3681  6.13758e-12  11.0474  
0.46744  0.0325639  12.5473  30.3681  1.5  30.3681  3.59825e-14  11.7071  
0.252997  0.248012  12.5473  30.3681  1.5  30.3681  2.99924  1.14213e-07  
0.500004  1.64497e-12  12.5473  30.3681  1.5  30.3681  0.41127  6.36544  
0.266505  0.234505  12.5473  30.3681  1.5  30.3681  0.15529  0.344719  
0.0208702  0.479423  12.5473  30.3681  1.5  30.3681  3.4504  1.6536  
0.110337  0.390508  12.5473  30.3681  1.5  30.3681  9.95017  0  
0.25856  0.242449  12.5473  30.3681  1.5  30.3681  5.47926e-07  14.2367  
0.36855  0.131457  12.5473  30.3681  1.5  30.3681  6.99842  0  
0.185313  0.315789  12.5473  30.3681  1.5  30.3681  1.91026  3.72173  
0.488077  0.0119268  12.5473  30.3681  1.5  30.3681  7.80218  0.210471  
0.175629  0.32538  12.5473  30.3681  1.5  30.3681  1.60957  1.40809  
9.30706e-13  0.500126  12.5473  30.3681  1.5  30.3681  2.59226  4.91553  
0.0227257  0.478249  12.5473  30.3681  1.5  30.3681  9.30706e-13  0.500126  
0.216038  0.285123  12.5473  30.3681  1.5  30.3681  7.45047  0.0573086  
0.495232  0.00477195  12.5473  30.3681  1.5  30.3681  2.17021  5.88084  
0.148086  0.351923  12.5473  30.3681  1.5  30.3681  5.89387  1.95862e-05  
0.030124  0.46988  12.5473  30.3681  1.5  30.3681  1.41533  4.64097  
0.436221  0.0638513  12.5473  30.3681  1.5  30.3681  7.96041e-12  5.52078  
0.137334  0.363675  12.5473  30.3681  1.5  30.3681  0.132  7.46921  
0.481558  0.0184461  12.5473  30.3681  1.5  30.3681  0  5.99829  
0.283358  0.217011  12.5473  30.3681  1.5  30.3681  4.59505  2.9065  
0.00317201  0.496957  12.5473  30.3681  1.5  30.3681  2.97943  2.5443  
0.497644  0.00235952  12.5473  30.3681  1.5  30.3681  8.34319  0.000540702  
0.233304  0.266697  8.29251  15.6764  8.29251  15.6764  0.450975  0.0490252  
0.154315  0.345685  8.29251  15.6764  8.29251  15.6764  0.433934  0.0660658  
0.271467  0.228534  8.29251  15.6764  8.29251  15.6764  0.39385  0.10615  
0.179872  0.320129  8.29251  15.6764  8.29251  15.6764  0.113114  0.386886  
0.260215  0.239785  8.29251  15.6764  8.29251  15.6764  0.256271  0.243729  
0.323748  0.176252  8.29251  15.6764  8.29251  15.6764  0.493644  0.00635583  
0.48242  0.01758  8.29251  15.6764  8.29251  15.6764  0.154437  0.345563  
0.46855  0.031451  8.29251  15.6764  8.29251  15.6764  0.145377  0.354624  
0.407701  0.0922991  8.29251  15.6764  8.29251  15.6764  0.274646  0.225354  
0.238177  0.261823  8.29251  15.6764  8.29251  15.6764  0.0743439  0.425656  
0.184885  0.315116  8.29251  15.6764  8.29251  15.6764  0.00379283  0.496207  
0.422552  0.0774478  8.29251  15.6764  8.29251  15.6764  0.234187  0.265813  
0.159416  0.340584  8.29251  15.6764  8.29251  15.6764  0.212579  0.287421  
0.491517  0.00848306  8.29251  15.6764  8.29251  15.6764  0.0363713  0.463629  
0.355673  0.144328  8.29251  15.6764  8.29251  15.6764  0.278756  0.221245  
0.13821  0.36179  8.29251  15.6764  8.29251  15.6764  0.200106  0.299894  
0.458831  0.0411691  8.29251  15.6764  8.29251  15.6764  0.159416  0.340584  
0.453413  0.0465869  8.29251  15.6764  8.29251  15.6764  0.368641  0.131359  
0.402739  0.0972612  8.29251  15.6764  8.29251  15.6764  0.413485  0.0865147  
0.47775  0.0222515  8.29251  15.6764  8.29251  15.6764  0.408681  0.0913196  
0.318855  0.181146  8.29251  15.6764  8.29251  15.6764  0.26107  0.23893  
0.382676  0.117324  8.29251  15.6764  8.29251  15.6764  0.30255  0.197451  
0.127546  0.372454  8.29251  15.6764  8.29251  15.6764  0.208284  0.291716  
0.243241  0.256759  8.29251  15.6764  8.29251  15.6764  0.0842993  0.415701  
0.194964  0.305036  8.29251  15.6764  8.29251  15.6764  0.0637348  0.436265  
0.228674  0.271326  8.29251  15.6764  8.29251  15.6764  0.466171  0.0338293  
0.276603  0.223397  8.29251  15.6764  8.29251  15.6764  0.0168133  0.483187  
0.412572  0.0874283  8.29251  15.6764  8.29251  15.6764  0.18125  0.31875  
0.328518  0.171483  8.29251  15.6764  8.29251  15.6764  0.124374  0.375626  
0.0143853  0.485615  8.29251  15.6764  8.29251  15.6764  0.29278  0.20722  
0.0363713  0.463629  8.29251  15.6764  8.29251  15.6764  0.31956  0.18044  
0.448241  0.0517589  8.29251  15.6764  8.29251  15.6764  0.134939  0.365061  
0.290841  0.209159  8.29251  15.6764  8.29251  15.6764  0.00797419  0.492026  
0.417618  0.0823819  8.29251  15.6764  8.29251  15.6764  0.191995  0.308005  
0.299871  0.200129  8.29251  15.6764  8.29251  15.6764  0.330896  0.169106  
0.148894  0.351106  8.29251  15.6764  8.29251  15.6764  0.428521  0.0714792  
0.111227  0.388773  8.29251  15.6764  8.29251  15.6764  0.310625  0.189375  
0.248644  0.251356  8.29251  15.6764  8.29251  15.6764  0.5  4.12781e-13  
0.337621  0.16238  8.29251  15.6764  8.29251  15.6764  0.26602  0.23398  
0.473179  0.0268211  8.29251  15.6764  8.29251  15.6764  0.0525379  0.447462  
0.224  0.276  8.29251  15.6764  8.29251  15.6764  0.222456  0.277544  
0.209896  0.290105  8.29251  15.6764  8.29251  15.6764  0.287697  0.212303  
0.43234  0.06766  8.29251  15.6764  8.29251  15.6764  0.384791  0.115209  
0.364701  0.135299  8.29251  15.6764  8.29251  15.6764  0.0695559  0.430446  
0.219333  0.280667  8.29251  15.6764  8.29251  15.6764  0.239675  0.260325  
0.392656  0.107345  8.29251  15.6764  8.29251  15.6764  0.0211395  0.478861  
0.200046  0.299954  8.29251  15.6764  8.29251  15.6764  0.481609  0.0183912  
0.18994  0.31006  8.29251  15.6764  8.29251  15.6764  0.314737  0.185265  
0.295466  0.204534  8.29251  15.6764  8.29251  15.6764  0.283224  0.216776  
0.313871  0.186129  8.29251  15.6764  8.29251  15.6764  0.445404  0.0545963  
0.205078  0.294922  8.29251  15.6764  8.29251  15.6764  0.245525  0.254475  
0.0592065  0.440794  8.29251  15.6764  8.29251  15.6764  0.11868  0.38132  
0.076184  0.423816  8.29251  15.6764  8.29251  15.6764  0.167116  0.332884  
0.387556  0.112444  8.29251  15.6764  8.29251  15.6764  0.0414682  0.458532  
0.00970338  0.490297  8.29251  15.6764  8.29251  15.6764  0.470986  0.029014  
0.0648924  0.435108  8.29251  15.6764  8.29251  15.6764  0.487625  0.0123752  
0.16461  0.335393  8.29251  15.6764  8.29251  15.6764  0.379864  0.120136  
0.34661  0.15339  8.29251  15.6764  8.29251  15.6764  0.476218  0.0237818  
0.0819253  0.418075  8.29251  15.6764  8.29251  15.6764  0.150227  0.349773  
0.0878556  0.412144  8.29251  15.6764  8.29251  15.6764  0.195568  0.304432  
0.099869  0.400136  8.29251  15.6764  8.29251  15.6764  0.342754  0.157246  
0.0195651  0.480435  8.29251  15.6764  8.29251  15.6764  0.398252  0.101748  
0.373638  0.126362  8.29251  15.6764  8.29251  15.6764  0.046896  0.453104  
0.442909  0.0570913  8.29251  15.6764  8.29251  15.6764  0.0579276  0.442072  
0.116548  0.383452  8.29251  15.6764  8.29251  15.6764  0.0950427  0.404957  
0.04784  0.452161  8.29251  15.6764  8.29251  15.6764  0.325213  0.174787  
0.351016  0.148985  8.29251  15.6764  8.29251  15.6764  0.297667  0.202333  
0.360297  0.139703  8.29251  15.6764  8.29251  15.6764  0.456385  0.0436152  
0.39782  0.10218  8.29251  15.6764  8.29251  15.6764  0.0310383  0.468962  
0.342051  0.157949  8.29251  15.6764  8.29251  15.6764  0.107089  0.392911  
0.0248777  0.475122  8.29251  15.6764  8.29251  15.6764  0.0124654  0.487535  
0.309119  0.190881  8.29251  15.6764  8.29251  15.6764  0.0794775  0.420522  
0.0704448  0.429555  8.29251  15.6764  8.29251  15.6764  0.352929  0.147071  
0.0418818  0.458119  8.29251  15.6764  8.29251  15.6764  0.363054  0.136946  
0.333139  0.166863  8.29251  15.6764  8.29251  15.6764  0.176014  0.323986  
0.304496  0.195505  8.29251  15.6764  8.29251  15.6764  0.217355  0.282645  
0.1697  0.3303  8.29251  15.6764  8.29251  15.6764  0.251334  0.248667  
0.463844  0.0361563  8.29251  15.6764  8.29251  15.6764  0.171494  0.328506  
0.254432  0.245568  8.29251  15.6764  8.29251  15.6764  0.374192  0.125808  
0.5  4.12781e-13  8.29251  15.6764  8.29251  15.6764  0.403588  0.0964121  
0.265951  0.234049  8.29251  15.6764  8.29251  15.6764  0.100789  0.399211  
0.0536194  0.446381  8.29251  15.6764  8.29251  15.6764  0.228273  0.271727  
0.105677  0.394323  8.29251  15.6764  8.29251  15.6764  0.439777  0.0602226  
0.093776  0.406224  8.29251  15.6764  8.29251  15.6764  0.38968  0.11032  
0.369261  0.130739  8.29251  15.6764  8.29251  15.6764  0.186686  0.313314  
0.437557  0.0624428  8.29251  15.6764  8.29251  15.6764  0.348169  0.151831  
0.487201  0.0127987  8.29251  15.6764  8.29251  15.6764  0.129879  0.370121  
0.174692  0.325308  8.29251  15.6764  8.29251  15.6764  0.357805  0.142195  
2.18449e-14  0.5  8.29251  15.6764  8.29251  15.6764  0.417151  0.0828491  
0.378269  0.121731  8.29251  15.6764  8.29251  15.6764  7.74505e-15  0.5  
0.214778  0.285222  8.29251  15.6764  8.29251  15.6764  0.162851  0.337149  
0.495883  0.00411692  8.29251  15.6764  8.29251  15.6764  0.0260363  0.473964  
0.143708  0.356292  8.29251  15.6764  8.29251  15.6764  0.306706  0.193294  
0.0303469  0.469653  8.29251  15.6764  8.29251  15.6764  0.270221  0.229779  
0.427565  0.0724358  8.29251  15.6764  8.29251  15.6764  0.337069  0.162931  
0.132671  0.367335  8.29251  15.6764  8.29251  15.6764  0.203874  0.296126  
0.28601  0.21399  8.29251  15.6764  8.29251  15.6764  0.461981  0.0380189  
0.281677  0.218324  8.29251  15.6764  8.29251  15.6764  0.0893946  0.410605  
0.00468669  0.495314  8.29251  15.6764  8.29251  15.6764  0.422552  0.0774478  
0.121953  0.378047  8.29251  15.6764  8.29251  15.6764  0.139876  0.360124  
0.234059  0.265941  38.9294  38.31  38.9294  38.31  0.450703  0.0492975  
0.15397  0.34603  38.9294  38.31  38.9294  38.31  0.434724  0.0652765  
0.269999  0.230001  38.9294  38.31  38.9294  38.31  0.394067  0.105933  
0.179772  0.320228  38.9294  38.31  38.9294  38.31  0.112551  0.387449  
0.25972  0.24028  38.9294  38.31  38.9294  38.31  0.25512  0.24488  
0.323455  0.176545  38.9294  38.31  38.9294  38.31  0.494326  0.00567399  
0.481635  0.0183654  38.9294  38.31  38.9294  38.31  0.1536  0.3464  
0.467615  0.0323854  38.9294  38.31  38.9294  38.31  0.143974  0.356026  
0.407718  0.0922815  38.9294  38.31  38.9294  38.31  0.274279  0.225721  
0.239155  0.260845  38.9294  38.31  38.9294  38.31  0.0742435  0.425756  
0.184811  0.315189  38.9294  38.31  38.9294  38.31  0.00432834  0.495672  
0.422627  0.077373  38.9294  38.31  38.9294  38.31  0.234841  0.265159  
0.159212  0.340788  38.9294  38.31  38.9294  38.31  0.214645  0.285355  
0.490859  0.00914054  38.9294  38.31  38.9294  38.31  0.0372205  0.46278  
0.35568  0.14432  38.9294  38.31  38.9294  38.31  0.2789  0.2211  
0.138108  0.361892  38.9294  38.31  38.9294  38.31  0.200171  0.299829  
0.457862  0.0421376  38.9294  38.31  38.9294  38.31  0.15828  0.34172  
0.45292  0.0470804  38.9294  38.31  38.9294  38.31  0.368681  0.131319  
0.4028  0.0972  38.9294  38.31  38.9294  38.31  0.414039  0.0859607  
0.476975  0.0230246  38.9294  38.31  38.9294  38.31  0.408937  0.0910628  
0.318818  0.181182  38.9294  38.31  38.9294  38.31  0.259981  0.240019  
0.383351  0.116649  38.9294  38.31  38.9294  38.31  0.302115  0.197885  
0.127374  0.372626  38.9294  38.31  38.9294  38.31  0.209704  0.290296  
0.244245  0.255755  38.9294  38.31  38.9294  38.31  0.0850556  0.414944  
0.194789  0.305211  38.9294  38.31  38.9294  38.31  0.063398  0.436602  
0.229092  0.270908  38.9294  38.31  38.9294  38.31  0.466771  0.0332291  
0.275133  0.224867  38.9294  38.31  38.9294  38.31  0.0179681  0.482032  
0.41266  0.0873401  38.9294  38.31  38.9294  38.31  0.181539  0.318461  
0.328115  0.171885  38.9294  38.31  38.9294  38.31  0.123316  0.376684  
0.0152865  0.484714  38.9294  38.31  38.9294  38.31  0.29274  0.20726  
0.0367116  0.463288  38.9294  38.31  38.9294  38.31  0.321713  0.178287  
0.447876  0.0521243  38.9294  38.31  38.9294  38.31  0.133892  0.366108  
0.290254  0.209746  38.9294  38.31  38.9294  38.31  0.0087224  0.491278  
0.417618  0.0823819  38.9294  38.31  38.9294  38.31  0.190775  0.309225  
0.299944  0.200056  38.9294  38.31  38.9294  38.31  0.331979  0.168021  
0.148706  0.351294  38.9294  38.31  38.9294  38.31  0.42951  0.0704901  
0.110659  0.389341  38.9294  38.31  38.9294  38.31  0.311732  0.188268  
0.249345  0.250655  38.9294  38.31  38.9294  38.31  0.5  4.12781e-13  
0.337488  0.162512  38.9294  38.31  38.9294  38.31  0.264751  0.235249  
0.472306  0.0276942  38.9294  38.31  38.9294  38.31  0.052762  0.447238  
0.22415  0.27585  38.9294  38.31  38.9294  38.31  0.224741  0.275259  
0.209571  0.290429  38.9294  38.31  38.9294  38.31  0.288103  0.211897  
0.432707  0.0672934  38.9294  38.31  38.9294  38.31  0.384108  0.115892  
0.364739  0.135261  38.9294  38.31  38.9294  38.31  0.0688193  0.431181  
0.219263  0.280737  38.9294  38.31  38.9294  38.31  0.239931  0.260069  
0.392953  0.107047  38.9294  38.31  38.9294  38.31  0.0225842  0.477416  
0.199779  0.300221  38.9294  38.31  38.9294  38.31  0.483131  0.0168689  
0.189857  0.310143  38.9294  38.31  38.9294  38.31  0.316691  0.183309  
0.295127  0.204873  38.9294  38.31  38.9294  38.31  0.283516  0.216484  
0.314091  0.185909  38.9294  38.31  38.9294  38.31  0.44536  0.0546401  
0.204712  0.295288  38.9294  38.31  38.9294  38.31  0.245005  0.254995  
0.0592051  0.440795  38.9294  38.31  38.9294  38.31  0.117964  0.382036  
0.0763497  0.42365  38.9294  38.31  38.9294  38.31  0.167665  0.332335  
0.388114  0.111886  38.9294  38.31  38.9294  38.31  0.0423058  0.457694  
0.0101216  0.489878  38.9294  38.31  38.9294  38.31  0.472203  0.0277973  
0.0648924  0.435108  38.9294  38.31  38.9294  38.31  0.488713  0.0112874  
0.164416  0.335584  38.9294  38.31  38.9294  38.31  0.378943  0.121057  
0.346592  0.153408  38.9294  38.31  38.9294  38.31  0.477597  0.0224033  
0.0820833  0.417917  38.9294  38.31  38.9294  38.31  0.148821  0.351179  
0.0878753  0.412125  38.9294  38.31  38.9294  38.31  0.195448  0.304552  
0.0993992  0.400601  38.9294  38.31  38.9294  38.31  0.342427  0.157573  
0.0204407  0.479559  38.9294  38.31  38.9294  38.31  0.399013  0.100987  
0.373899  0.126101  38.9294  38.31  38.9294  38.31  0.047532  0.452468  
0.442868  0.0571316  38.9294  38.31  38.9294  38.31  0.0580352  0.441965  
0.116249  0.383751  38.9294  38.31  38.9294  38.31  0.095992  0.404008  
0.0479564  0.452044  38.9294  38.31  38.9294  38.31  0.326781  0.173219  
0.35115  0.14885  38.9294  38.31  38.9294  38.31  0.297342  0.202658  
0.360188  0.139812  38.9294  38.31  38.9294  38.31  0.456039  0.0439609  
0.397881  0.102119  38.9294  38.31  38.9294  38.31  0.0322948  0.467705  
0.342039  0.157961  38.9294  38.31  38.9294  38.31  0.107047  0.392953  
0.0258536  0.474146  38.9294  38.31  38.9294  38.31  0.0133973  0.486603  
0.309367  0.190633  38.9294  38.31  38.9294  38.31  0.0796416  0.420358  
0.0706226  0.429377  38.9294  38.31  38.9294  38.31  0.352941  0.147059  
0.0423058  0.457694  38.9294  38.31  38.9294  38.31  0.363458  0.136542  
0.332803  0.167197  38.9294  38.31  38.9294  38.31  0.17693  0.32307  
0.304673  0.195327  38.9294  38.31  38.9294  38.31  0.219721  0.280279  
0.169547  0.330453  38.9294  38.31  38.9294  38.31  0.250101  0.249899  
0.462732  0.0372685  38.9294  38.31  38.9294  38.31  0.172362  0.327638  
0.254534  0.245466  38.9294  38.31  38.9294  38.31  0.373882  0.126118  
0.5  4.12781e-13  38.9294  38.31  38.9294  38.31  0.403953  0.0960465  
0.264882  0.235118  38.9294  38.31  38.9294  38.31  0.101473  0.398527  
0.0535898  0.44641  38.9294  38.31  38.9294  38.31  0.22983  0.27017  
0.10511  0.39489  38.9294  38.31  38.9294  38.31  0.440034  0.0599664  
0.0936594  0.406341  38.9294  38.31  38.9294  38.31  0.389105  0.110895  
0.369303  0.130697  38.9294  38.31  38.9294  38.31  0.186124  0.313876  
0.437755  0.0622451  38.9294  38.31  38.9294  38.31  0.347731  0.152269  
0.48626  0.0137402  38.9294  38.31  38.9294  38.31  0.128666  0.371334  
0.174692  0.325308  38.9294  38.31  38.9294  38.31  0.358211  0.141789  
2.18449e-14  0.5  38.9294  38.31  38.9294  38.31  0.419124  0.0808759  
0.378557  0.121443  38.9294  38.31  38.9294  38.31  0  0.5  
0.214409  0.285591  38.9294  38.31  38.9294  38.31  0.162948  0.337052  
0.495453  0.00454689  38.9294  38.31  38.9294  38.31  0.027459  0.472541  
0.143463  0.356537  38.9294  38.31  38.9294  38.31  0.306928  0.193072  
0.0311833  0.468817  38.9294  38.31  38.9294  38.31  0.269543  0.230457  
0.42765  0.07235  38.9294  38.31  38.9294  38.31  0.337186  0.162814  
0.132756  0.367244  38.9294  38.31  38.9294  38.31  0.20492  0.29508  
0.285247  0.214753  38.9294  38.31  38.9294  38.31  0.461406  0.0385937  
0.280279  0.219721  38.9294  38.31  38.9294  38.31  0.090512  0.409488  
0.00501615  0.494984  38.9294  38.31  38.9294  38.31  0.424269  0.075731  
0.121789  0.378211  38.9294  38.31  38.9294  38.31  0.138919  0.361081  
0.234176  0.265824  7.52261  1.68977  7.52261  1.68977  0.450703  0.0492975  
0.153946  0.346054  7.52261  1.68977  7.52261  1.68977  0.434776  0.0652239  
0.269973  0.230027  7.52261  1.68977  7.52261  1.68977  0.394003  0.105997  
0.179716  0.320284  7.52261  1.68977  7.52261  1.68977  0.112242  0.387758  
0.259703  0.240297  7.52261  1.68977  7.52261  1.68977  0.254857  0.245143  
0.323462  0.176538  7.52261  1.68977  7.52261  1.68977  0.494371  0.00562939  
0.481614  0.0183865  7.52261  1.68977  7.52261  1.68977  0.1533  0.3467  
0.467392  0.0326078  7.52261  1.68977  7.52261  1.68977  0.143434  0.356566  
0.407718  0.0922815  7.52261  1.68977  7.52261  1.68977  0.27412  0.22588  
0.239196  0.260804  7.52261  1.68977  7.52261  1.68977  0.0742797  0.42572  
0.184738  0.315262  7.52261  1.68977  7.52261  1.68977  0.00453015  0.49547  
0.422648  0.077352  7.52261  1.68977  7.52261  1.68977  0.234888  0.265112  
0.159174  0.340826  7.52261  1.68977  7.52261  1.68977  0.214811  0.285189  
0.490859  0.00914054  7.52261  1.68977  7.52261  1.68977  0.0376906  0.462309  
0.35568  0.14432  7.52261  1.68977  7.52261  1.68977  0.278813  0.221187  
0.137973  0.362027  7.52261  1.68977  7.52261  1.68977  0.200294  0.299706  
0.457709  0.042291  7.52261  1.68977  7.52261  1.68977  0.158084  0.341916  
0.452787  0.0472125  7.52261  1.68977  7.52261  1.68977  0.368632  0.131368  
0.4028  0.0972  7.52261  1.68977  7.52261  1.68977  0.414095  0.0859052  
0.476919  0.0230809  7.52261  1.68977  7.52261  1.68977  0.409035  0.0909648  
0.318818  0.181182  7.52261  1.68977  7.52261  1.68977  0.259673  0.240327  
0.383473  0.116527  7.52261  1.68977  7.52261  1.68977  0.302331  0.197669  
0.127088  0.372912  7.52261  1.68977  7.52261  1.68977  0.209948  0.290052  
0.244245  0.255755  7.52261  1.68977  7.52261  1.68977  0.0850556  0.414944  
0.194723  0.305277  7.52261  1.68977  7.52261  1.68977  0.0636241  0.436376  
0.229166  0.270834  7.52261  1.68977  7.52261  1.68977  0.466809  0.0331907  
0.275087  0.224913  7.52261  1.68977  7.52261  1.68977  0.0183276  0.481672  
0.4127  0.0872996  7.52261  1.68977  7.52261  1.68977  0.181539  0.318461  
0.328115  0.171885  7.52261  1.68977  7.52261  1.68977  0.122923  0.377077  
0.0155367  0.484463  7.52261  1.68977  7.52261  1.68977  0.292841  0.207159  
0.0368421  0.463158  7.52261  1.68977  7.52261  1.68977  0.321922  0.178078  
0.447799  0.052201  7.52261  1.68977  7.52261  1.68977  0.133368  0.366632  
0.290057  0.209943  7.52261  1.68977  7.52261  1.68977  0.0090822  0.490918  
0.41767  0.0823299  7.52261  1.68977  7.52261  1.68977  0.190883  0.309117  
0.299817  0.200183  7.52261  1.68977  7.52261  1.68977  0.332064  0.167936  
0.14866  0.35134  7.52261  1.68977  7.52261  1.68977  0.429563  0.0704372  
0.110563  0.389437  7.52261  1.68977  7.52261  1.68977  0.311964  0.188036  
0.249389  0.250611  7.52261  1.68977  7.52261  1.68977  0.5  4.12781e-13  
0.337431  0.162569  7.52261  1.68977  7.52261  1.68977  0.264556  0.235444  
0.472184  0.0278157  7.52261  1.68977  7.52261  1.68977  0.0531044  0.446896  
0.22422  0.27578  7.52261  1.68977  7.52261  1.68977  0.224765  0.275235  
0.209571  0.290429  7.52261  1.68977  7.52261  1.68977  0.288146  0.211854  
0.432707  0.0672934  7.52261  1.68977  7.52261  1.68977  0.38392  0.11608  
0.364811  0.135189  7.52261  1.68977  7.52261  1.68977  0.0689472  0.431053  
0.219341  0.280659  7.52261  1.68977  7.52261  1.68977  0.239949  0.260051  
0.393061  0.106939  7.52261  1.68977  7.52261  1.68977  0.0229796  0.47702  
0.199703  0.300297  7.52261  1.68977  7.52261  1.68977  0.483208  0.0167915  
0.189715  0.310285  7.52261  1.68977  7.52261  1.68977  0.316871  0.183129  
0.294942  0.205058  7.52261  1.68977  7.52261  1.68977  0.283502  0.216498  
0.314091  0.185909  7.52261  1.68977  7.52261  1.68977  0.445393  0.0546069  
0.204652  0.295348  7.52261  1.68977  7.52261  1.68977  0.24495  0.25505  
0.0592564  0.440744  7.52261  1.68977  7.52261  1.68977  0.117569  0.382431  
0.0763497  0.42365  7.52261  1.68977  7.52261  1.68977  0.167567  0.332433  
0.388233  0.111767  7.52261  1.68977  7.52261  1.68977  0.0427493  0.457251  
0.0103343  0.489666  7.52261  1.68977  7.52261  1.68977  0.472248  0.0277516  
0.0649498  0.43505  7.52261  1.68977  7.52261  1.68977  0.488767  0.0112333  
0.164369  0.335631  7.52261  1.68977  7.52261  1.68977  0.378865  0.121135  
0.346592  0.153408  7.52261  1.68977  7.52261  1.68977  0.477753  0.0222466  
0.0821203  0.41788  7.52261  1.68977  7.52261  1.68977  0.148376  0.351624  
0.0878753  0.412125  7.52261  1.68977  7.52261  1.68977  0.195549  0.304451  
0.099294  0.400706  7.52261  1.68977  7.52261  1.68977  0.342431  0.157569  
0.020705  0.479295  7.52261  1.68977  7.52261  1.68977  0.398985  0.101015  
0.373997  0.126003  7.52261  1.68977  7.52261  1.68977  0.0479226  0.452077  
0.442783  0.0572167  7.52261  1.68977  7.52261  1.68977  0.0583666  0.441633  
0.116091  0.383909  7.52261  1.68977  7.52261  1.68977  0.095992  0.404008  
0.0479564  0.452044  7.52261  1.68977  7.52261  1.68977  0.326991  0.173009  
0.351136  0.148864  7.52261  1.68977  7.52261  1.68977  0.297574  0.202426  
0.360254  0.139746  7.52261  1.68977  7.52261  1.68977  0.456039  0.0439609  
0.39793  0.10207  7.52261  1.68977  7.52261  1.68977  0.0326372  0.467363  
0.342039  0.157961  7.52261  1.68977  7.52261  1.68977  0.106854  0.393146  
0.0260428  0.473957  7.52261  1.68977  7.52261  1.68977  0.0136575  0.486342  
0.309358  0.190642  7.52261  1.68977  7.52261  1.68977  0.0796416  0.420358  
0.0706226  0.429377  7.52261  1.68977  7.52261  1.68977  0.352941  0.147059  
0.0423216  0.457678  7.52261  1.68977  7.52261  1.68977  0.363458  0.136542  
0.332773  0.167227  7.52261  1.68977  7.52261  1.68977  0.176903  0.323097  
0.3046  0.1954  7.52261  1.68977  7.52261  1.68977  0.219759  0.280241  
0.169503  0.330497  7.52261  1.68977  7.52261  1.68977  0.249938  0.250062  
0.462564  0.0374364  7.52261  1.68977  7.52261  1.68977  0.172237  0.327763  
0.254534  0.245466  7.52261  1.68977  7.52261  1.68977  0.373737  0.126263  
0.5  4.12781e-13  7.52261  1.68977  7.52261  1.68977  0.404011  0.0959888  
0.264882  0.235118  7.52261  1.68977  7.52261  1.68977  0.101448  0.398552  
0.0535898  0.44641  7.52261  1.68977  7.52261  1.68977  0.22983  0.27017  
0.104941  0.395059  7.52261  1.68977  7.52261  1.68977  0.440071  0.0599293  
0.0936208  0.406379  7.52261  1.68977  7.52261  1.68977  0.388985  0.111015  
0.369357  0.130643  7.52261  1.68977  7.52261  1.68977  0.186193  0.313807  
0.437755  0.0622451  7.52261  1.68977  7.52261  1.68977  0.347662  0.152338  
0.48626  0.0137402  7.52261  1.68977  7.52261  1.68977  0.128178  0.371822  
0.174662  0.325338  7.52261  1.68977  7.52261  1.68977  0.358211  0.141789  
0  0.5  7.52261  1.68977  7.52261  1.68977  0.419206  0.0807942  
0.378671  0.121329  7.52261  1.68977  7.52261  1.68977  0  0.5  
0.214452  0.285548  7.52261  1.68977  7.52261  1.68977  0.162837  0.337163  
0.495453  0.00454689  7.52261  1.68977  7.52261  1.68977  0.0278079  0.472192  
0.143334  0.356666  7.52261  1.68977  7.52261  1.68977  0.30717  0.19283  
0.0314332  0.468567  7.52261  1.68977  7.52261  1.68977  0.269333  0.230667  
0.42765  0.07235  7.52261  1.68977  7.52261  1.68977  0.337234  0.162766  
0.132556  0.367444  7.52261  1.68977  7.52261  1.68977  0.205084  0.294916  
0.285115  0.214885  7.52261  1.68977  7.52261  1.68977  0.461406  0.0385937  
0.280111  0.219889  7.52261  1.68977  7.52261  1.68977  0.0905244  0.409476  
0.00518003  0.49482  7.52261  1.68977  7.52261  1.68977  0.424349  0.0756507  
0.121666  0.378334  7.52261  1.68977  7.52261  1.68977  0.13847  0.36153  
0.234199  0.265801  1.5  1.5  1.5  1.5  0.450703  0.0492975  
0.153812  0.346188  1.5  1.5  1.5  1.5  0.434867  0.0651335  
0.269932  0.230068  1.5  1.5  1.5  1.5  0.394003  0.105997  
0.179647  0.320353  1.5  1.5  1.5  1.5  0.112225  0.387775  
0.259673  0.240327  1.5  1.5  1.5  1.5  0.25473  0.24527  
0.323462  0.176538  1.5  1.5  1.5  1.5  0.494428  0.00557229  
0.481516  0.018484  1.5  1.5  1.5  1.5  0.15306  0.34694  
0.467336  0.0326635  1.5  1.5  1.5  1.5  0.143084  0.356916  
0.407788  0.0922122  1.5  1.5  1.5  1.5  0.274077  0.225923  
0.239215  0.260785  1.5  1.5  1.5  1.5  0.0744435  0.425557  
0.184702  0.315298  1.5  1.5  1.5  1.5  0.00453015  0.49547  
0.422648  0.077352  1.5  1.5  1.5  1.5  0.234859  0.265141  
0.159009  0.340991  1.5  1.5  1.5  1.5  0.214897  0.285103  
0.490833  0.00916667  1.5  1.5  1.5  1.5  0.0382028  0.461797  
0.355704  0.144296  1.5  1.5  1.5  1.5  0.278813  0.221187  
0.137831  0.362169  1.5  1.5  1.5  1.5  0.200348  0.299652  
0.457594  0.0424063  1.5  1.5  1.5  1.5  0.15793  0.34207  
0.452735  0.047265  1.5  1.5  1.5  1.5  0.368621  0.131379  
0.40289  0.0971097  1.5  1.5  1.5  1.5  0.41413  0.0858696  
0.476854  0.0231463  1.5  1.5  1.5  1.5  0.409069  0.0909306  
0.318764  0.181236  1.5  1.5  1.5  1.5  0.259594  0.240406  
0.383544  0.116456  1.5  1.5  1.5  1.5  0.302528  0.197472  
0.127048  0.372952  1.5  1.5  1.5  1.5  0.210088  0.289912  
0.244317  0.255683  1.5  1.5  1.5  1.5  0.085114  0.414886  
0.194723  0.305277  1.5  1.5  1.5  1.5  0.0637944  0.436206  
0.229233  0.270767  1.5  1.5  1.5  1.5  0.466809  0.0331907  
0.274979  0.225021  1.5  1.5  1.5  1.5  0.0185448  0.481455  
0.4127  0.0872996  1.5  1.5  1.5  1.5  0.181539  0.318461  
0.328115  0.171885  1.5  1.5  1.5  1.5  0.122793  0.377207  
0.0156237  0.484376  1.5  1.5  1.5  1.5  0.292984  0.207016  
0.0370619  0.462938  1.5  1.5  1.5  1.5  0.322139  0.177861  
0.447743  0.0522566  1.5  1.5  1.5  1.5  0.132973  0.367027  
0.289865  0.210135  1.5  1.5  1.5  1.5  0.00918804  0.490812  
0.41767  0.0823299  1.5  1.5  1.5  1.5  0.190925  0.309075  
0.299726  0.200274  1.5  1.5  1.5  1.5  0.33228  0.16772  
0.148574  0.351426  1.5  1.5  1.5  1.5  0.429619  0.0703815  
0.110493  0.389507  1.5  1.5  1.5  1.5  0.312179  0.187821  
0.249421  0.250579  1.5  1.5  1.5  1.5  0.5  4.12781e-13  
0.337409  0.162591  1.5  1.5  1.5  1.5  0.264418  0.235582  
0.472139  0.0278611  1.5  1.5  1.5  1.5  0.0532713  0.446729  
0.224294  0.275706  1.5  1.5  1.5  1.5  0.224805  0.275195  
0.209571  0.290429  1.5  1.5  1.5  1.5  0.288235  0.211765  
0.432707  0.0672934  1.5  1.5  1.5  1.5  0.38392  0.11608  
0.364858  0.135142  1.5  1.5  1.5  1.5  0.0691036  0.430896  
0.219341  0.280659  1.5  1.5  1.5  1.5  0.239865  0.260135  
0.393133  0.106867  1.5  1.5  1.5  1.5  0.0233437  0.476656  
0.199684  0.300316  1.5  1.5  1.5  1.5  0.483319  0.0166807  
0.189715  0.310285  1.5  1.5  1.5  1.5  0.317151  0.182849  
0.294797  0.205203  1.5  1.5  1.5  1.5  0.283514  0.216486  
0.314066  0.185934  1.5  1.5  1.5  1.5  0.445393  0.0546069  
0.204639  0.295361  1.5  1.5  1.5  1.5  0.244833  0.255167  
0.0593  0.4407  1.5  1.5  1.5  1.5  0.117535  0.382465  
0.076366  0.423634  1.5  1.5  1.5  1.5  0.167521  0.332479  
0.388329  0.111671  1.5  1.5  1.5  1.5  0.0431799  0.45682  
0.0103812  0.489619  1.5  1.5  1.5  1.5  0.472305  0.0276947  
0.0649498  0.43505  1.5  1.5  1.5  1.5  0.488854  0.0111459  
0.164285  0.335715  1.5  1.5  1.5  1.5  0.37882  0.12118  
0.346592  0.153408  1.5  1.5  1.5  1.5  0.477811  0.0221891  
0.0821203  0.41788  1.5  1.5  1.5  1.5  0.148101  0.351899  
0.0878753  0.412125  1.5  1.5  1.5  1.5  0.195636  0.304364  
0.0992551  0.400745  1.5  1.5  1.5  1.5  0.342508  0.157492  
0.0209018  0.479098  1.5  1.5  1.5  1.5  0.399019  0.100981  
0.374108  0.125892  1.5  1.5  1.5  1.5  0.0482127  0.451787  
0.442727  0.0572734  1.5  1.5  1.5  1.5  0.0585235  0.441476  
0.116028  0.383972  1.5  1.5  1.5  1.5  0.095992  0.404008  
0.0480972  0.451903  1.5  1.5  1.5  1.5  0.327175  0.172825  
0.351136  0.148864  1.5  1.5  1.5  1.5  0.297752  0.202248  
0.360254  0.139746  1.5  1.5  1.5  1.5  0.456039  0.0439609  
0.39799  0.10201  1.5  1.5  1.5  1.5  0.0331406  0.466859  
0.342008  0.157992  1.5  1.5  1.5  1.5  0.106854  0.393146  
0.0262519  0.473748  1.5  1.5  1.5  1.5  0.0138211  0.486179  
0.309327  0.190673  1.5  1.5  1.5  1.5  0.079783  0.420217  
0.0706509  0.429349  1.5  1.5  1.5  1.5  0.352941  0.147059  
0.0425782  0.457422  1.5  1.5  1.5  1.5  0.363414  0.136586  
0.332773  0.167227  1.5  1.5  1.5  1.5  0.176903  0.323097  
0.304573  0.195427  1.5  1.5  1.5  1.5  0.219818  0.280182  
0.169447  0.330553  1.5  1.5  1.5  1.5  0.249783  0.250217  
0.462489  0.0375109  1.5  1.5  1.5  1.5  0.172218  0.327782  
0.254534  0.245466  1.5  1.5  1.5  1.5  0.373737  0.126263  
0.5  4.12781e-13  1.5  1.5  1.5  1.5  0.404033  0.0959671  
0.264822  0.235178  1.5  1.5  1.5  1.5  0.101427  0.398573  
0.05365  0.44635  1.5  1.5  1.5  1.5  0.229832  0.270168  
0.104876  0.395124  1.5  1.5  1.5  1.5  0.440115  0.0598846  
0.0935801  0.40642  1.5  1.5  1.5  1.5  0.388985  0.111015  
0.3695  0.1305  1.5  1.5  1.5  1.5  0.186222  0.313778  
0.437755  0.0622451  1.5  1.5  1.5  1.5  0.347718  0.152282  
0.48618  0.0138203  1.5  1.5  1.5  1.5  0.127881  0.372119  
0.174571  0.325429  1.5  1.5  1.5  1.5  0.35818  0.14182  
0  0.5  1.5  1.5  1.5  1.5  0.419257  0.0807429  
0.37882  0.12118  1.5  1.5  1.5  1.5  0  0.5  
0.214452  0.285548  1.5  1.5  1.5  1.5  0.162773  0.337227  
0.495409  0.00459071  1.5  1.5  1.5  1.5  0.0282548  0.471745  
0.143226  0.356774  1.5  1.5  1.5  1.5  0.307346  0.192654  
0.0315957  0.468404  1.5  1.5  1.5  1.5  0.269294  0.230706  
0.427665  0.072335  1.5  1.5  1.5  1.5  0.33734  0.16266  
0.132508  0.367492  1.5  1.5  1.5  1.5  0.2052  0.2948  
0.284931  0.215069  1.5  1.5  1.5  1.5  0.461406  0.0385937  
0.279987  0.220013  1.5  1.5  1.5  1.5  0.0905244  0.409476  
0.00518003  0.49482  1.5  1.5  1.5  1.5  0.424422  0.0755777  
0.121545  0.378455  1.5  1.5  1.5  1.5  0.138084  0.361916  
0.234356  0.265644  2.8211  5.54779  2.8211  5.54779  0.450719  0.0492807  
0.153697  0.346303  2.8211  5.54779  2.8211  5.54779  0.434909  0.0650912  
0.269882  0.230118  2.8211  5.54779  2.8211  5.54779  0.393987  0.106013  
0.179582  0.320418  2.8211  5.54779  2.8211  5.54779  0.112056  0.387944  
0.259673  0.240327  2.8211  5.54779  2.8211  5.54779  0.254652  0.245348  
0.323435  0.176565  2.8211  5.54779  2.8211  5.54779  0.494428  0.00557229  
0.481428  0.0185718  2.8211  5.54779  2.8211  5.54779  0.152832  0.347168  
0.467227  0.0327735  2.8211  5.54779  2.8211  5.54779  0.142968  0.357032  
0.40781  0.0921903  2.8211  5.54779  2.8211  5.54779  0.27402  0.22598  
0.239363  0.260637  2.8211  5.54779  2.8211  5.54779  0.0744435  0.425557  
0.184662  0.315338  2.8211  5.54779  2.8211  5.54779  0.00461594  0.495384  
0.422677  0.077323  2.8211  5.54779  2.8211  5.54779  0.234859  0.265141  
0.158952  0.341048  2.8211  5.54779  2.8211  5.54779  0.215037  0.284963  
0.490803  0.00919686  2.8211  5.54779  2.8211  5.54779  0.0383873  0.461613  
0.355704  0.144296  2.8211  5.54779  2.8211  5.54779  0.278792  0.221208  
0.13777  0.36223  2.8211  5.54779  2.8211  5.54779  0.200472  0.299528  
0.457497  0.042503  2.8211  5.54779  2.8211  5.54779  0.157718  0.342282  
0.45262  0.0473803  2.8211  5.54779  2.8211  5.54779  0.368529  0.131471  
0.40289  0.0971097  2.8211  5.54779  2.8211  5.54779  0.414167  0.0858326  
0.476756  0.0232437  2.8211  5.54779  2.8211  5.54779  0.4091  0.0909  
0.318702  0.181298  2.8211  5.54779  2.8211  5.54779  0.259526  0.240474  
0.383657  0.116343  2.8211  5.54779  2.8211  5.54779  0.302564  0.197436  
0.127016  0.372984  2.8211  5.54779  2.8211  5.54779  0.210173  0.289827  
0.24443  0.25557  2.8211  5.54779  2.8211  5.54779  0.0851815  0.414819  
0.194698  0.305302  2.8211  5.54779  2.8211  5.54779  0.0639144  0.436086  
0.229325  0.270675  2.8211  5.54779  2.8211  5.54779  0.466836  0.0331637  
0.274922  0.225078  2.8211  5.54779  2.8211  5.54779  0.0188159  0.481184  
0.412735  0.0872648  2.8211  5.54779  2.8211  5.54779  0.181539  0.318461  
0.328115  0.171885  2.8211  5.54779  2.8211  5.54779  0.122448  0.377552  
0.0156776  0.484322  2.8211  5.54779  2.8211  5.54779  0.292984  0.207016  
0.0371363  0.462864  2.8211  5.54779  2.8211  5.54779  0.322264  0.177736  
0.447647  0.0523527  2.8211  5.54779  2.8211  5.54779  0.132837  0.367163  
0.289865  0.210135  2.8211  5.54779  2.8211  5.54779  0.00926508  0.490735  
0.41767  0.0823299  2.8211  5.54779  2.8211  5.54779  0.190952  0.309048  
0.299621  0.200379  2.8211  5.54779  2.8211  5.54779  0.332308  0.167692  
0.148406  0.351594  2.8211  5.54779  2.8211  5.54779  0.429698  0.0703021  
0.110445  0.389555  2.8211  5.54779  2.8211  5.54779  0.312392  0.187608  
0.249461  0.250539  2.8211  5.54779  2.8211  5.54779  0.5  4.12781e-13  
0.337409  0.162591  2.8211  5.54779  2.8211  5.54779  0.264339  0.235661  
0.471958  0.0280421  2.8211  5.54779  2.8211  5.54779  0.0534873  0.446513  
0.224342  0.275658  2.8211  5.54779  2.8211  5.54779  0.224943  0.275057  
0.209571  0.290429  2.8211  5.54779  2.8211  5.54779  0.288235  0.211765  
0.432707  0.0672934  2.8211  5.54779  2.8211  5.54779  0.383883  0.116117  
0.364875  0.135125  2.8211  5.54779  2.8211  5.54779  0.0691316  0.430868  
0.219424  0.280576  2.8211  5.54779  2.8211  5.54779  0.23984  0.26016  
0.39319  0.10681  2.8211  5.54779  2.8211  5.54779  0.0235452  0.476455  
0.199684  0.300316  2.8211  5.54779  2.8211  5.54779  0.483319  0.0166807  
0.189694  0.310306  2.8211  5.54779  2.8211  5.54779  0.317298  0.182702  
0.294745  0.205255  2.8211  5.54779  2.8211  5.54779  0.283514  0.216486  
0.313961  0.186039  2.8211  5.54779  2.8211  5.54779  0.445393  0.0546069  
0.204639  0.295361  2.8211  5.54779  2.8211  5.54779  0.244833  0.255167  
0.0593463  0.440654  2.8211  5.54779  2.8211  5.54779  0.117182  0.382818  
0.0763781  0.423622  2.8211  5.54779  2.8211  5.54779  0.167358  0.332642  
0.388443  0.111557  2.8211  5.54779  2.8211  5.54779  0.0433996  0.4566  
0.0104016  0.489598  2.8211  5.54779  2.8211  5.54779  0.472314  0.0276856  
0.0649801  0.43502  2.8211  5.54779  2.8211  5.54779  0.488854  0.0111459  
0.164176  0.335824  2.8211  5.54779  2.8211  5.54779  0.378747  0.121253  
0.34658  0.15342  2.8211  5.54779  2.8211  5.54779  0.477811  0.0221891  
0.0821203  0.41788  2.8211  5.54779  2.8211  5.54779  0.147925  0.352075  
0.0878428  0.412157  2.8211  5.54779  2.8211  5.54779  0.195688  0.304312  
0.0992551  0.400745  2.8211  5.54779  2.8211  5.54779  0.342575  0.157425  
0.0209543  0.479046  2.8211  5.54779  2.8211  5.54779  0.399019  0.100981  
0.374172  0.125828  2.8211  5.54779  2.8211  5.54779  0.0484545  0.451546  
0.442672  0.0573276  2.8211  5.54779  2.8211  5.54779  0.0586931  0.441307  
0.115976  0.384024  2.8211  5.54779  2.8211  5.54779  0.0959283  0.404072  
0.0482209  0.451779  2.8211  5.54779  2.8211  5.54779  0.327303  0.172697  
0.351136  0.148864  2.8211  5.54779  2.8211  5.54779  0.297752  0.202248  
0.360291  0.139709  2.8211  5.54779  2.8211  5.54779  0.456039  0.0439609  
0.39803  0.10197  2.8211  5.54779  2.8211  5.54779  0.0333742  0.466626  
0.342008  0.157992  2.8211  5.54779  2.8211  5.54779  0.106711  0.393289  
0.0263122  0.473688  2.8211  5.54779  2.8211  5.54779  0.0140055  0.485995  
0.309225  0.190775  2.8211  5.54779  2.8211  5.54779  0.079783  0.420217  
0.0706509  0.429349  2.8211  5.54779  2.8211  5.54779  0.352941  0.147059  
0.0426352  0.457365  2.8211  5.54779  2.8211  5.54779  0.363373  0.136627  
0.332773  0.167227  2.8211  5.54779  2.8211  5.54779  0.176836  0.323164  
0.304461  0.195539  2.8211  5.54779  2.8211  5.54779  0.219978  0.280022  
0.169345  0.330655  2.8211  5.54779  2.8211  5.54779  0.249773  0.250227  
0.462348  0.0376518  2.8211  5.54779  2.8211  5.54779  0.172126  0.327874  
0.254562  0.245438  2.8211  5.54779  2.8211  5.54779  0.373645  0.126355  
0.5  4.12781e-13  2.8211  5.54779  2.8211  5.54779  0.404033  0.0959671  
0.264794  0.235206  2.8211  5.54779  2.8211  5.54779  0.101332  0.398668  
0.0537802  0.44622  2.8211  5.54779  2.8211  5.54779  0.229866  0.270134  
0.104876  0.395124  2.8211  5.54779  2.8211  5.54779  0.440115  0.0598846  
0.0935627  0.406437  2.8211  5.54779  2.8211  5.54779  0.388948  0.111052  
0.369505  0.130495  2.8211  5.54779  2.8211  5.54779  0.18624  0.31376  
0.437727  0.0622727  2.8211  5.54779  2.8211  5.54779  0.347752  0.152248  
0.486087  0.0139125  2.8211  5.54779  2.8211  5.54779  0.127673  0.372327  
0.174459  0.325541  2.8211  5.54779  2.8211  5.54779  0.35818  0.14182  
0  0.5  2.8211  5.54779  2.8211  5.54779  0.419303  0.0806974  
0.378889  0.121111  2.8211  5.54779  2.8211  5.54779  0  0.5  
0.214515  0.285485  2.8211  5.54779  2.8211  5.54779  0.162581  0.337419  
0.495409  0.00459071  2.8211  5.54779  2.8211  5.54779  0.0284746  0.471525  
0.143088  0.356912  2.8211  5.54779  2.8211  5.54779  0.307487  0.192513  
0.0317017  0.468298  2.8211  5.54779  2.8211  5.54779  0.269165  0.230835  
0.42769  0.07231  2.8211  5.54779  2.8211  5.54779  0.337399  0.162601  
0.132404  0.367596  2.8211  5.54779  2.8211  5.54779  0.20533  0.29467  
0.284924  0.215076  2.8211  5.54779  2.8211  5.54779  0.461434  0.0385661  
0.279911  0.220089  2.8211  5.54779  2.8211  5.54779  0.0905611  0.409439  
0.00518003  0.49482  2.8211  5.54779  2.8211  5.54779  0.424459  0.0755409  
0.121522  0.378478  2.8211  5.54779  2.8211  5.54779  0.137915  0.362085  
0.234372  0.265628  34.1542  35.5617  34.1542  35.5617  0.45076  0.0492404  
0.153677  0.346323  34.1542  35.5617  34.1542  35.5617  0.434929  0.0650713  
0.269866  0.230134  34.1542  35.5617  34.1542  35.5617  0.393987  0.106013  
0.179582  0.320418  34.1542  35.5617  34.1542  35.5617  0.11188  0.38812  
0.259681  0.240319  34.1542  35.5617  34.1542  35.5617  0.254652  0.245348  
0.323407  0.176593  34.1542  35.5617  34.1542  35.5617  0.494428  0.00557229  
0.481388  0.0186118  34.1542  35.5617  34.1542  35.5617  0.152743  0.347257  
0.467096  0.0329044  34.1542  35.5617  34.1542  35.5617  0.142882  0.357118  
0.40781  0.0921903  34.1542  35.5617  34.1542  35.5617  0.273966  0.226034  
0.239406  0.260594  34.1542  35.5617  34.1542  35.5617  0.0745383  0.425462  
0.184623  0.315377  34.1542  35.5617  34.1542  35.5617  0.00472575  0.495274  
0.422677  0.077323  34.1542  35.5617  34.1542  35.5617  0.234859  0.265141  
0.158918  0.341082  34.1542  35.5617  34.1542  35.5617  0.215123  0.284877  
0.490742  0.00925824  34.1542  35.5617  34.1542  35.5617  0.0385734  0.461427  
0.355704  0.144296  34.1542  35.5617  34.1542  35.5617  0.278753  0.221247  
0.137714  0.362286  34.1542  35.5617  34.1542  35.5617  0.200543  0.299457  
0.457366  0.0426342  34.1542  35.5617  34.1542  35.5617  0.157651  0.342349  
0.452469  0.0475311  34.1542  35.5617  34.1542  35.5617  0.368502  0.131498  
0.402917  0.0970828  34.1542  35.5617  34.1542  35.5617  0.414267  0.0857333  
0.476629  0.0233707  34.1542  35.5617  34.1542  35.5617  0.409189  0.0908111  
0.318702  0.181298  34.1542  35.5617  34.1542  35.5617  0.259514  0.240486  
0.383657  0.116343  34.1542  35.5617  34.1542  35.5617  0.302621  0.197379  
0.126871  0.373129  34.1542  35.5617  34.1542  35.5617  0.210208  0.289792  
0.24443  0.25557  34.1542  35.5617  34.1542  35.5617  0.0852322  0.414768  
0.194698  0.305302  34.1542  35.5617  34.1542  35.5617  0.0640403  0.43596  
0.229373  0.270627  34.1542  35.5617  34.1542  35.5617  0.466914  0.0330862  
0.274922  0.225078  34.1542  35.5617  34.1542  35.5617  0.0189618  0.481038  
0.412735  0.0872648  34.1542  35.5617  34.1542  35.5617  0.181539  0.318461  
0.328115  0.171885  34.1542  35.5617  34.1542  35.5617  0.122386  0.377614  
0.0156776  0.484322  34.1542  35.5617  34.1542  35.5617  0.293025  0.206975  
0.0372179  0.462782  34.1542  35.5617  34.1542  35.5617  0.322369  0.177631  
0.447578  0.0524221  34.1542  35.5617  34.1542  35.5617  0.132746  0.367254  
0.289834  0.210166  34.1542  35.5617  34.1542  35.5617  0.00942122  0.490579  
0.417705  0.0822949  34.1542  35.5617  34.1542  35.5617  0.190982  0.309018  
0.299578  0.200422  34.1542  35.5617  34.1542  35.5617  0.332458  0.167542  
0.148406  0.351594  34.1542  35.5617  34.1542  35.5617  0.429737  0.0702626  
0.11039  0.38961  34.1542  35.5617  34.1542  35.5617  0.31243  0.18757  
0.249474  0.250526  34.1542  35.5617  34.1542  35.5617  0.5  4.12781e-13  
0.337409  0.162591  34.1542  35.5617  34.1542  35.5617  0.264339  0.235661  
0.471903  0.0280968  34.1542  35.5617  34.1542  35.5617  0.0537017  0.446298  
0.224378  0.275622  34.1542  35.5617  34.1542  35.5617  0.224962  0.275038  
0.209571  0.290429  34.1542  35.5617  34.1542  35.5617  0.288255  0.211745  
0.432707  0.0672934  34.1542  35.5617  34.1542  35.5617  0.383841  0.116159  
0.364889  0.135111  34.1542  35.5617  34.1542  35.5617  0.0692388  0.430761  
0.219424  0.280576  34.1542  35.5617  34.1542  35.5617  0.23984  0.26016  
0.393225  0.106775  34.1542  35.5617  34.1542  35.5617  0.0237532  0.476247  
0.199684  0.300316  34.1542  35.5617  34.1542  35.5617  0.483319  0.0166807  
0.189694  0.310306  34.1542  35.5617  34.1542  35.5617  0.317386  0.182614  
0.294745  0.205255  34.1542  35.5617  34.1542  35.5617  0.283514  0.216486  
0.313961  0.186039  34.1542  35.5617  34.1542  35.5617  0.445443  0.0545575  
0.204626  0.295374  34.1542  35.5617  34.1542  35.5617  0.244804  0.255196  
0.0593841  0.440616  34.1542  35.5617  34.1542  35.5617  0.117182  0.382818  
0.0763986  0.423601  34.1542  35.5617  34.1542  35.5617  0.167344  0.332656  
0.388418  0.111582  34.1542  35.5617  34.1542  35.5617  0.0435636  0.456436  
0.010418  0.489582  34.1542  35.5617  34.1542  35.5617  0.472374  0.0276258  
0.0650154  0.434985  34.1542  35.5617  34.1542  35.5617  0.488854  0.0111459  
0.16416  0.33584  34.1542  35.5617  34.1542  35.5617  0.378747  0.121253  
0.34658  0.15342  34.1542  35.5617  34.1542  35.5617  0.477841  0.022159  
0.0821203  0.41788  34.1542  35.5617  34.1542  35.5617  0.147853  0.352147  
0.0878428  0.412157  34.1542  35.5617  34.1542  35.5617  0.19576  0.30424  
0.0992077  0.400792  34.1542  35.5617  34.1542  35.5617  0.34264  0.15736  
0.0210107  0.478989  34.1542  35.5617  34.1542  35.5617  0.399019  0.100981  
0.374239  0.125761  34.1542  35.5617  34.1542  35.5617  0.048633  0.451367  
0.442648  0.057352  34.1542  35.5617  34.1542  35.5617  0.0588141  0.441186  
0.115924  0.384076  34.1542  35.5617  34.1542  35.5617  0.0959039  0.404096  
0.0482296  0.45177  34.1542  35.5617  34.1542  35.5617  0.327411  0.172589  
0.351136  0.148864  34.1542  35.5617  34.1542  35.5617  0.29781  0.20219  
0.360291  0.139709  34.1542  35.5617  34.1542  35.5617  0.456127  0.0438732  
0.398055  0.101945  34.1542  35.5617  34.1542  35.5617  0.0336058  0.466394  
0.341994  0.158006  34.1542  35.5617  34.1542  35.5617  0.106545  0.393455  
0.0264288  0.473571  34.1542  35.5617  34.1542  35.5617  0.0141767  0.485823  
0.3092  0.1908  34.1542  35.5617  34.1542  35.5617  0.0798619  0.420138  
0.070691  0.429309  34.1542  35.5617  34.1542  35.5617  0.352975  0.147025  
0.0427293  0.457271  34.1542  35.5617  34.1542  35.5617  0.363373  0.136627  
0.332773  0.167227  34.1542  35.5617  34.1542  35.5617  0.176824  0.323176  
0.3044  0.1956  34.1542  35.5617  34.1542  35.5617  0.220042  0.279958  
0.169303  0.330697  34.1542  35.5617  34.1542  35.5617  0.249725  0.250275  
0.462237  0.0377633  34.1542  35.5617  34.1542  35.5617  0.17208  0.32792  
0.254562  0.245438  34.1542  35.5617  34.1542  35.5617  0.37362  0.12638  
0.5  4.12781e-13  34.1542  35.5617  34.1542  35.5617  0.404095  0.0959053  
0.264794  0.235206  34.1542  35.5617  34.1542  35.5617  0.101242  0.398758  
0.0537802  0.44622  34.1542  35.5617  34.1542  35.5617  0.229897  0.270103  
0.104836  0.395164  34.1542  35.5617  34.1542  35.5617  0.440167  0.0598328  
0.0935407  0.406459  34.1542  35.5617  34.1542  35.5617  0.388909  0.111091  
0.36953  0.13047  34.1542  35.5617  34.1542  35.5617  0.18624  0.31376  
0.437672  0.0623283  34.1542  35.5617  34.1542  35.5617  0.347783  0.152217  
0.486087  0.0139125  34.1542  35.5617  34.1542  35.5617  0.127608  0.372392  
0.174459  0.325541  34.1542  35.5617  34.1542  35.5617  0.35818  0.14182  
0  0.5  34.1542  35.5617  34.1542  35.5617  0.419393  0.0806071  
0.37893  0.12107  34.1542  35.5617  34.1542  35.5617  0  0.5  
0.214515  0.285485  34.1542  35.5617  34.1542  35.5617  0.162548  0.337452  
0.495356  0.00464414  34.1542  35.5617  34.1542  35.5617  0.028683  0.471317  
0.143048  0.356952  34.1542  35.5617  34.1542  35.5617  0.307496  0.192504  
0.0317965  0.468203  34.1542  35.5617  34.1542  35.5617  0.269165  0.230835  
0.42769  0.07231  34.1542  35.5617  34.1542  35.5617  0.33756  0.16244  
0.132332  0.367668  34.1542  35.5617  34.1542  35.5617  0.205375  0.294625  
0.284878  0.215122  34.1542  35.5617  34.1542  35.5617  0.461521  0.0384788  
0.279911  0.220089  34.1542  35.5617  34.1542  35.5617  0.0905611  0.409439  
0.00521901  0.494781  34.1542  35.5617  34.1542  35.5617  0.424561  0.0754385  
0.121407  0.378593  34.1542  35.5617  34.1542  35.5617  0.137833  0.362167  
