0.517155  0.0449437  0.45243  0.442213  0.127758  0.156951  0.517155  0.0449437  0.45243  0.442213  0.127758  0.156951  
0.0837527  0.731073  0.0224596  0.34121  0.230165  0.495666  0.0837527  0.731073  0.0224596  0.34121  0.230165  0.495666  
0.701366  0.408564  0.720125  0.827671  0.0367874  0.84589  0.701366  0.408564  0.720125  0.827671  0.0367874  0.84589  
0.860883  0.475077  0.962031  0.960239  0.112612  0.814772  0.860883  0.475077  0.962031  0.960239  0.112612  0.814772  
0.359303  0.842759  0.28193  0.89072  0.998976  0.17822  0.359303  0.842759  0.28193  0.89072  0.998976  0.17822  
0.648148  0.516131  0.223163  0.100577  0.958344  0.350921  0.648148  0.516131  0.223163  0.100577  0.958344  0.350921  
0.257528  0.0420971  0.0819943  0.279988  0.383307  0.312159  0.257528  0.0420971  0.0819943  0.279988  0.383307  0.312159  
0.775654  0.0846732  0.720723  0.495779  0.912344  0.75751  0.775654  0.0846732  0.720723  0.495779  0.912344  0.75751  
0.341669  0.773228  0.232587  0.3037  0.733467  0.345199  0.341669  0.773228  0.232587  0.3037  0.733467  0.345199  
0.118472  0.0927696  0.187958  0.400402  0.983489  0.186935  0.118472  0.0927696  0.187958  0.400402  0.983489  0.186935  
0.578622  0.631637  0.703066  0.801785  0.732214  0.66141  0.578622  0.631637  0.703066  0.801785  0.732214  0.66141  
0.152706  0.989742  0.703507  0.2347  0.26973  0.0868144  0.152706  0.989742  0.703507  0.2347  0.26973  0.0868144  
0.546859  0.0453842  0.171488  0.267582  0.541163  0.083832  0.546859  0.0453842  0.171488  0.267582  0.541163  0.083832  
0.0250923  0.882832  0.85706  0.25768  0.186532  0.590526  0.0250923  0.882832  0.85706  0.25768  0.186532  0.590526  
0.602879  0.305005  0.683296  0.790837  0.705407  0.666785  0.602879  0.305005  0.683296  0.790837  0.705407  0.666785  
0.977772  0.284028  0.298422  0.680838  0.085813  0.0306362  0.977772  0.284028  0.298422  0.680838  0.085813  0.0306362  
0.342248  0.238519  0.0203784  0.0457555  0.473219  0.290108  0.342248  0.238519  0.0203784  0.0457555  0.473219  0.290108  
0.13257  0.0200777  0.335493  0.304057  0.28766  0.876656  0.13257  0.0200777  0.335493  0.304057  0.28766  0.876656  
0.387889  0.312752  0.759488  0.244949  0.570432  0.946021  0.387889  0.312752  0.759488  0.244949  0.570432  0.946021  
0.835475  0.173311  0.251025  0.518771  0.964148  0.956432  0.835475  0.173311  0.251025  0.518771  0.964148  0.956432  
0.185556  0.94192  0.24046  0.483978  0.622758  0.326273  0.185556  0.94192  0.24046  0.483978  0.622758  0.326273  
0.514615  0.965006  0.564792  0.534993  0.0107614  0.0380107  0.514615  0.965006  0.564792  0.534993  0.0107614  0.0380107  
0.825102  0.143331  0.0580885  0.160594  0.447389  0.345748  0.825102  0.143331  0.0580885  0.160594  0.447389  0.345748  
0.0372502  0.835278  0.6585  0.796738  0.0802272  0.228932  0.0372502  0.835278  0.6585  0.796738  0.0802272  0.228932  
0.742759  0.915702  0.402242  0.993784  0.434473  0.36639  0.742759  0.915702  0.402242  0.993784  0.434473  0.36639  
0.950216  0.62003  0.30831  0.190677  0.104008  0.931068  0.950216  0.62003  0.30831  0.190677  0.104008  0.931068  
0.51695  0.618623  0.896074  0.081742  0.153616  0.906835  0.51695  0.618623  0.896074  0.081742  0.153616  0.906835  
0.119753  0.978718  0.0501664  0.177841  0.139312  0.497555  0.119753  0.978718  0.0501664  0.177841  0.139312  0.497555  
0.523589  0.176562  0.332833  0.182089  0.9733  0.413061  0.523589  0.176562  0.332833  0.182089  0.9733  0.413061  
0.411021  0.716059  0.328763  0.813264  0.709844  0.763236  0.411021  0.716059  0.328763  0.813264  0.709844  0.763236  
0.179654  0.66006  0.383266  0.487964  0.850737  0.487274  0.179654  0.66006  0.383266  0.487964  0.850737  0.487274  
0.419032  0.367687  0.105897  0.315106  0.449429  0.259513  0.419032  0.367687  0.105897  0.315106  0.449429  0.259513  
0.221941  0.569181  0.23823  0.272107  0.747023  0.377542  0.221941  0.569181  0.23823  0.272107  0.747023  0.377542  
0.769662  0.270612  0.554104  0.102496  0.452701  0.527404  0.769662  0.270612  0.554104  0.102496  0.452701  0.527404  
0.515556  0.863723  0.243464  0.844319  0.676986  0.953308  0.515556  0.863723  0.243464  0.844319  0.676986  0.953308  
0.607555  0.85664  0.613368  0.990821  0.344604  0.464104  0.607555  0.85664  0.613368  0.990821  0.344604  0.464104  
0.478095  0.763636  0.831791  0.583992  0.0787413  0.28122  0.478095  0.763636  0.831791  0.583992  0.0787413  0.28122  
0.843504  0.300682  0.850401  0.0817343  0.572789  0.597423  0.843504  0.300682  0.850401  0.0817343  0.572789  0.597423  
0.459276  0.342451  0.868035  0.0133802  0.444947  0.320737  0.459276  0.342451  0.868035  0.0133802  0.444947  0.320737  
0.540785  0.960503  0.184459  0.784248  0.804822  0.861445  0.540785  0.960503  0.184459  0.784248  0.804822  0.861445  
0.737556  0.412377  0.718085  0.350924  0.403198  0.0626891  0.737556  0.412377  0.718085  0.350924  0.403198  0.0626891  
0.815028  0.881292  0.826325  0.646819  0.465284  0.905066  0.815028  0.881292  0.826325  0.646819  0.465284  0.905066  
0.928038  0.308788  0.205748  0.778439  0.390522  0.778537  0.928038  0.308788  0.205748  0.778439  0.390522  0.778537  
0.375863  0.849798  0.120988  0.243898  0.863179  0.565935  0.375863  0.849798  0.120988  0.243898  0.863179  0.565935  
0.564634  0.403963  0.526437  0.749093  0.188212  0.331259  0.564634  0.403963  0.526437  0.749093  0.188212  0.331259  
0.610539  0.925768  0.743636  0.328624  0.276691  0.146833  0.610539  0.925768  0.743636  0.328624  0.276691  0.146833  
0.391313  0.0917193  0.0281254  0.217638  0.738538  0.493409  0.391313  0.0917193  0.0281254  0.217638  0.738538  0.493409  
0.122704  0.666577  0.802197  0.328452  0.445016  0.19272  0.122704  0.666577  0.802197  0.328452  0.445016  0.19272  
0.106989  0.820878  0.042518  0.227977  0.0647763  0.905697  0.106989  0.820878  0.042518  0.227977  0.0647763  0.905697  
0.793912  0.629411  0.30966  0.320349  0.378504  0.497872  0.793912  0.629411  0.30966  0.320349  0.378504  0.497872  
0.651608  0.989043  0.423639  0.395244  0.317667  0.700331  0.651608  0.989043  0.423639  0.395244  0.317667  0.700331  
0.542077  0.708979  0.79205  0.570202  0.926617  0.530588  0.542077  0.708979  0.79205  0.570202  0.926617  0.530588  
0.0636116  0.0493211  0.197165  0.865809  0.377773  0.642181  0.0636116  0.0493211  0.197165  0.865809  0.377773  0.642181  
0.0585283  0.484762  0.463059  0.101046  0.712739  0.527836  0.0585283  0.484762  0.463059  0.101046  0.712739  0.527836  
0.00674294  0.506651  0.157246  0.316403  0.827  0.53575  0.00674294  0.506651  0.157246  0.316403  0.827  0.53575  
0.814275  0.478609  0.524793  0.237914  0.873852  0.842459  0.814275  0.478609  0.524793  0.237914  0.873852  0.842459  
0.938245  0.415929  0.551439  0.730295  0.986132  0.478056  0.938245  0.415929  0.551439  0.730295  0.986132  0.478056  
0.260884  0.0497431  0.527377  0.458049  0.915552  0.90515  0.260884  0.0497431  0.527377  0.458049  0.915552  0.90515  
0.100229  0.97408  0.389912  0.563289  0.0751266  0.102652  0.100229  0.97408  0.389912  0.563289  0.0751266  0.102652  
0.0911243  0.0818695  0.609303  0.24837  0.398272  0.436303  0.0911243  0.0818695  0.609303  0.24837  0.398272  0.436303  
0.784121  0.212547  0.914912  0.308914  0.450461  0.788765  0.784121  0.212547  0.914912  0.308914  0.450461  0.788765  
0.151373  0.388706  0.204694  0.702812  0.119001  0.190825  0.151373  0.388706  0.204694  0.702812  0.119001  0.190825  
0.180868  0.379885  0.240569  0.708245  0.837934  0.156121  0.180868  0.379885  0.240569  0.708245  0.837934  0.156121  
0.613396  0.938163  0.130201  0.00330805  0.501452  0.205327  0.613396  0.938163  0.130201  0.00330805  0.501452  0.205327  
0.10596  0.592576  0.287197  0.715263  0.840946  0.685469  0.10596  0.592576  0.287197  0.715263  0.840946  0.685469  
0.151566  0.625067  0.898016  0.0664783  0.933981  0.348477  0.151566  0.625067  0.898016  0.0664783  0.933981  0.348477  
0.855243  0.0853537  0.737184  0.0599368  0.788166  0.856185  0.855243  0.0853537  0.737184  0.0599368  0.788166  0.856185  
0.250762  0.969034  0.23607  0.491331  0.677279  0.0740032  0.250762  0.969034  0.23607  0.491331  0.677279  0.0740032  
0.647451  0.290675  0.0121662  0.777652  0.293983  0.513618  0.647451  0.290675  0.0121662  0.777652  0.293983  0.513618  
0.982979  0.399942  0.106194  0.270176  0.115205  0.94714  0.982979  0.399942  0.106194  0.270176  0.115205  0.94714  
0.955646  0.266771  0.572207  0.853662  0.33325  0.506188  0.955646  0.266771  0.572207  0.853662  0.33325  0.506188  
0.20214  0.188493  0.591542  0.939323  0.248429  0.379707  0.20214  0.188493  0.591542  0.939323  0.248429  0.379707  
0.795508  0.499191  0.348741  0.0315776  0.990522  0.0260202  0.795508  0.499191  0.348741  0.0315776  0.990522  0.0260202  
0.105581  0.637973  0.316695  0.117747  0.415625  0.610678  0.105581  0.637973  0.316695  0.117747  0.415625  0.610678  
0.631365  0.398605  0.01062  0.737559  0.668781  0.125825  0.631365  0.398605  0.01062  0.737559  0.668781  0.125825  
0.684699  0.624427  0.392597  0.256907  0.478089  0.725846  0.684699  0.624427  0.392597  0.256907  0.478089  0.725846  
0.763095  0.680229  0.914339  0.354637  0.619552  0.162768  0.763095  0.680229  0.914339  0.354637  0.619552  0.162768  
0.734344  0.41506  0.66196  0.0830851  0.446637  0.652482  0.734344  0.41506  0.66196  0.0830851  0.446637  0.652482  
0.109105  0.552218  0.290455  0.4258  0.669965  0.706081  0.109105  0.552218  0.290455  0.4258  0.669965  0.706081  
0.0364777  0.30133  0.104686  0.0470977  0.0388892  0.773467  0.0364777  0.30133  0.104686  0.0470977  0.0388892  0.773467  
0.172923  0.723589  0.397894  0.56552  0.980495  0.875983  0.172923  0.723589  0.397894  0.56552  0.980495  0.875983  
0.291366  0.74359  0.556212  0.205705  0.0982268  0.175763  0.291366  0.74359  0.556212  0.205705  0.0982268  0.175763  
0.368473  0.832571  0.590823  0.0304326  0.915656  0.0374603  0.368473  0.832571  0.590823  0.0304326  0.915656  0.0374603  
0.682915  0.0247612  0.589678  0.97337  0.450561  0.259643  0.682915  0.0247612  0.589678  0.97337  0.450561  0.259643  
0.679451  0.487039  0.560974  0.784137  0.534137  0.599863  0.679451  0.487039  0.560974  0.784137  0.534137  0.599863  
0.557604  0.70706  0.323451  0.955498  0.272579  0.303947  0.557604  0.70706  0.323451  0.955498  0.272579  0.303947  
0.831481  0.563945  0.047537  0.387692  0.76965  0.145764  0.831481  0.563945  0.047537  0.387692  0.76965  0.145764  
0.563456  0.138123  0.978335  0.154279  0.168556  0.893991  0.563456  0.138123  0.978335  0.154279  0.168556  0.893991  
0.191739  0.85147  0.918752  0.781418  0.82484  0.369313  0.191739  0.85147  0.918752  0.781418  0.82484  0.369313  
0.0410609  0.504291  0.856352  0.602035  0.288427  0.390489  0.0410609  0.504291  0.856352  0.602035  0.288427  0.390489  
0.201897  0.846031  0.0975488  0.525349  0.801529  0.370128  0.201897  0.846031  0.0975488  0.525349  0.801529  0.370128  
0.829295  0.633009  0.934073  0.876832  0.0207018  0.703723  0.829295  0.633009  0.934073  0.876832  0.0207018  0.703723  
0.0225963  0.584158  0.841846  0.000930886  0.738437  0.010402  0.0225963  0.584158  0.841846  0.000930886  0.738437  0.010402  
0.894921  0.930176  0.861872  0.813673  0.711593  0.686712  0.894921  0.930176  0.861872  0.813673  0.711593  0.686712  
0.182986  0.752654  0.191003  0.0393385  0.354689  0.47943  0.182986  0.752654  0.191003  0.0393385  0.354689  0.47943  
0.429828  0.556586  0.325461  0.527376  0.0819348  0.12699  0.429828  0.556586  0.325461  0.527376  0.0819348  0.12699  
0.897504  0.91123  0.759999  0.831578  0.788063  0.780701  0.897504  0.91123  0.759999  0.831578  0.788063  0.780701  
0.535301  0.810659  0.364859  0.377148  0.81159  0.103295  0.535301  0.810659  0.364859  0.377148  0.81159  0.103295  
0.38755  0.706511  0.0334711  0.249422  0.520184  0.745064  0.38755  0.706511  0.0334711  0.249422  0.520184  0.745064  
0.936134  0.703171  0.497719  0.127137  0.742509  0.852408  0.936134  0.703171  0.497719  0.127137  0.742509  0.852408  
0.00643947  0.500001  0.500002  0.500002  0.499998  0.499999  0  0.200285  0.100264  0.500031  0.400071  0.59996  
0.987097  0.500001  0.500003  0.500002  0.499998  0.499999  0.200458  0.793935  0.999961  0.701514  0.000207202  0.983936  
0.27605  0.500001  0.500003  0.500002  0.499998  0.499999  0.325577  0.302085  0.799252  0.903428  0.0987421  0.398943  
0.860281  0.500001  0.500003  0.500002  0.499998  0.499999  0.755728  0.499945  0.499674  0.999789  0.500025  0.600895  
1  0.500001  0.500003  0.500002  0.499998  0.499999  1  0.699658  5.00399e-06  8.24253e-05  0.200139  0.299421  
0.904768  0.500001  0.500004  0.499989  0.500004  0.500003  0  0.499697  0.800224  0.500043  9.513e-05  0.799225  
0.697619  0.500001  0.500003  0.500002  0.499998  0.499999  0.000766246  0.138337  0.655466  0.973617  0.999707  0.0995914  
0.53196  0.500001  0.500003  0.500002  0.499998  0.499999  0  0.505566  5.65743e-06  0.900885  0.0997928  0.903091  
0.212524  0.500001  0.500003  0.500002  0.499998  0.499999  0.804525  0.500409  0.796863  0.29728  0.300539  0.299659  
0.128354  0.500001  0.500004  0.499995  0.499998  0.499999  0.501403  0.696332  0.801931  0.599669  0.500133  0.699855  
0.0429634  0.500001  0.500003  0.500002  0.499998  0.499999  0.101999  0.499945  0.499995  0.999789  0.500025  0.600895  
0.993567  0.500001  0.500003  0.500002  0.499998  0.499999  0.404188  0.801841  0.100697  0.200231  0.100011  0.298481  
0.912829  0.500001  0.500003  0.500002  0.499998  0.499999  0.127522  0.10012  0.79977  0.100114  0.600371  0.898723  
0.870301  0.500001  0.500003  0.500002  0.499998  0.499999  0.928025  0.00870984  0.502517  0.101247  0.400232  0.230372  
0.145029  0.500001  0.500004  0.499993  0.500004  0.500003  0  0.499802  0.800224  0.500043  9.513e-05  0.0966599  
0.178242  0.500002  0.500004  0.500011  0.499969  0.500007  1  0.800928  0.198743  2.04361e-06  0.0998436  0.999747  
0.783182  0.500001  0.500003  0.499994  0.499998  0.499999  0.89849  0.201025  0.899181  0.898618  0.901204  0.799049  
0.383592  0.500001  0.500003  0.499994  0.499998  0.499999  0.873393  0.890196  0.503917  0.222071  0.101403  0.605272  
0.972363  0.500001  0.500003  0.500002  0.499998  0.499999  0.887673  0.713829  0.802791  0.900622  0.100664  0.205742  
0.0671906  0.500001  0.500003  0.500002  0.499998  0.499999  0.842653  0.900274  0.499672  0.999979  0.100157  0.689402  
0.766889  0.500001  0.500004  0.499992  0.500004  0.500003  1  0.0991889  0.201619  0.699508  0.999897  0.902245  
0.479251  0.500001  0.500003  0.500002  0.499998  0.499999  0.0558993  0.100481  0.700791  0.132529  0.197455  0.303232  
0.339216  0.500001  0.500004  0.499992  0.500004  0.500003  0.947956  0.798036  0.303203  0.508618  0.104656  0.999752  
0.0131256  0.500001  0.500002  0.500002  0.499998  0.499999  0.00167554  0.500001  0.999988  0.6975  0.799183  0.498122  
0.849216  0.500001  0.500003  0.500002  0.499998  0.499999  0.499389  0.900312  0.000165464  0.410406  0.10075  0.903091  
0.964573  0.500001  0.500003  0.500002  0.499998  0.499999  0  0.900413  0.79987  0.29777  0.399476  0.600121  
0.573319  0.500001  0.500003  0.500002  0.499992  0.499999  0.993238  0.800042  0.999726  0.914688  0.0908831  0.999747  
0.154582  0.500002  0.500004  0.50001  0.500004  0.50001  3.97899e-13  0.903793  0.903684  0.998154  0.507491  0.179603  
0.675124  0.500001  0.500003  0.500002  0.49997  0.499999  0.99997  0.100248  0.799784  0.10014  0.199405  0.70053  
0.596292  0.500002  0.500004  0.500011  0.499968  0.500007  8.20894e-13  0.90134  0.098593  0.998698  0.497949  0.19746  
0.924162  0.500001  0.500004  0.499989  0.500005  0.50001  0.64415  0.901191  0.499769  0.500776  0.79799  1.68653e-05  
0.789571  0.500002  0.500004  0.500011  0.499956  0.500007  0.621566  0.500247  0.000243699  0.501214  0.500054  0.0991473  
0.687616  0.500002  0.500004  0.500011  0.499969  0.500005  0.168705  0.300036  0.600527  0.500144  0.799638  4.45808e-06  
0.660463  0.500001  0.500004  0.499993  0.500004  0.500004  0.377043  0.499923  0.499052  0.0993676  0.0979161  0.892403  
0.950417  0.500001  0.500003  0.500002  0.499998  0.499999  0.999913  0.793935  0.999915  0.705253  0.908648  0.999747  
0.616293  0.500001  0.500003  0.500002  0.499998  0.499999  8.02435e-12  0.0966675  0.623444  0.504813  0.880187  0.499999  
0.204257  0.500001  0.500003  0.500002  0.499998  0.499999  0.976518  0.200305  0.298372  0.798137  0.501021  0.0999694  
0.296748  0.500001  0.500003  0.500002  0.499998  0.499999  0.809195  0.954126  0.000102593  0.500013  0.106289  0.246323  
0.60489  0.500001  0.500004  0.499995  0.499998  0.500004  0.282706  0.114033  0.000102593  0.500013  0.106289  0.0995882  
0.956691  0.500001  0.500003  0.500002  0.499998  0.499999  1  0.697399  0.101988  0.000544799  0.890951  0.300089  
0.646653  0.500002  0.500182  0.499996  0.499969  0.500007  0.875573  0.29976  0.0999105  0.899156  0.101023  0.500639  
0.525435  0.500001  0.500003  0.500002  0.499998  0.499999  2.13018e-12  0.300675  0.899305  0.999987  0.500522  0.10092  
0.937382  0.500001  0.500003  0.500002  0.499998  0.499999  0.862794  0.100005  0.999974  3.85627e-05  0.799818  0.300058  
0.885012  0.500001  0.500002  0.500002  0.499998  0.499999  0.989181  0.0105682  0.203285  0.501031  0.110225  0.993098  
0.171729  0.500001  0.500004  0.500011  0.500002  0.500232  0.126483  0.299728  0.0999105  0.797171  0.899295  0.500825  
0.81451  0.500001  0.499993  0.499994  0.499998  0.499999  0.704178  0.700957  0.000126033  0.999976  0.800965  0.50021  
0.748653  0.500001  0.500004  0.499993  0.500004  0.500004  0.457606  0.899502  0.0993412  0.799903  0.0996227  0.202208  
0.242617  0.500001  0.500002  0.500002  0.499998  0.499999  0.275359  0.0990783  0.201619  0.700262  0.999988  0.902245  
0.195772  0.500002  0.500004  0.499993  0.500003  0.500005  0.112043  0.200314  0.300647  0.00855382  0.101403  0.601271  
0.0352227  0.500001  0.500003  0.500002  0.499998  0.499999  0.585062  0.897372  5.65743e-06  0.899163  0.197548  0.782061  
0.733247  0.500002  0.500004  0.500011  0.499969  0.500007  0.805321  0.500035  0.999997  0.698927  0.801954  0.498122  
0.514521  0.500001  0.500003  0.500002  0.499998  0.499999  0.494078  0.699736  0.801931  0.188175  0.500323  0.96694  
0.980149  0.500001  0.500003  0.500002  0.499998  0.499999  0.682757  0.101088  0.500056  0.499743  0.100019  0.599945  
0.770472  0.500001  0.500004  0.500004  0.500004  0.500013  0.737498  0.201164  0.799422  0.59869  0.498519  0.000258838  
0.472004  0.500001  0.500003  0.500002  0.499998  0.499999  0.000125612  0.100353  0.900136  0.899286  0.900063  0.899691  
0.233353  0.500002  0.500004  0.499995  0.499994  0.500009  0.998881  0.200315  0.300647  0.00507785  0.101423  0.600997  
0.418944  0.500002  0.500004  0.500011  0.499969  0.500007  1  0.798682  0.500276  0.699502  0.801781  0.988618  
0.328116  0.500001  0.500003  0.500002  0.500244  0.499999  0.515245  0.900312  0.00176523  0.410406  0.90265  0.822487  
8.02435e-12  0.500001  0.500002  0.500002  0.499998  0.499999  0.051918  0.900271  0.0217543  0.300111  0.300973  0.600121  
0.841888  0.500001  0.500003  0.500002  0.499998  0.499999  0.74126  0.299407  0.903649  0.900332  0.185787  0.598704  
0.487963  0.500001  0.500003  0.500002  0.499998  0.499999  0.159181  0.200305  0.19964  0.899553  0.500219  0.0999694  
0.720442  0.500001  0.500003  0.500002  0.499998  0.499999  0.991644  0.698667  0.800151  0.908975  0.500323  0.699855  
0.182921  0.500001  0.500004  0.499989  0.500004  0.50001  0.726945  0.202886  0.000462737  0.100144  0.999998  0.202101  
0.0200575  0.500001  0.500002  0.500002  0.499998  0.499999  0.00127145  0.50301  0.10107  0.197385  0.999822  0.0994172  
0.252567  0.500001  0.500003  0.500003  0.499998  0.499999  4.75309e-07  0.697222  0.203393  0.787576  0.901699  0.190174  
0.367788  0.500001  0.500004  0.500011  0.500003  0.500019  0.038352  0.900271  0.891533  0.17358  0.960958  0.600121  
0.0606891  0.500001  0.500002  0.500002  0.499998  0.499999  0.362855  0.700536  0.499843  0.599232  0.40083  0.200267  
0.111883  0.500002  0.500004  0.500011  0.499956  0.500007  0.865072  0.100248  0.799784  0.59998  0.49994  0.700014  
0.377174  0.500001  0.500003  0.500002  0.499998  0.499999  0.793455  0.497594  0.401992  0.10178  0.598802  0.899574  
0.0484387  0.500001  0.500003  0.500002  0.499998  0.499999  0.0575168  0.700536  0.499872  0.0996067  0.40083  0.200267  
0.0838917  0.500001  0.500003  0.500002  0.499998  0.499999  1  0.0979676  0.00172921  0.0542192  0.49994  0.696507  
0.0731995  0.500001  0.500004  0.499995  0.499998  0.499999  0.131208  0.100005  0.980494  0.118286  0.101184  0.905388  
0.284676  0.500001  0.500003  0.499994  0.499998  0.499999  1  0.500001  0.500003  0.500002  0.499998  0.499999  
0.341606  0.500003  0.500004  0.499989  0.500004  0.50001  0.00058537  0.694489  0.203393  0.587453  0.492049  0.887346  
0.544917  0.500001  0.500003  0.500002  0.499998  0.499999  0.349332  0.690877  0.982127  1.55242e-05  0.100414  0.929669  
0.809717  0.500001  0.500003  0.500002  0.499974  0.499999  4.75309e-07  0.694489  0.203393  0.999971  0.89926  0.899691  
0.0276317  0.500001  0.500003  0.500002  0.499998  0.499999  1  0.899856  0.898833  0.197709  0.999981  0.80043  
0.122965  0.500001  0.500003  0.500002  0.499998  0.499999  0.925589  0.200305  0.40297  0.798137  0.999337  0.144169  
0.821548  0.500001  0.500004  0.499993  0.500004  0.500004  1  0.798682  0.500276  0.699502  0.801246  0.299691  
0.407737  0.500002  0.500004  0.500011  0.499994  0.500005  0.0790776  0.29976  0.0999105  0.899156  0.101023  0.49561  
0.94412  0.500001  0.500003  0.500002  0.499998  0.499999  1  0.800042  0.996838  2.04361e-06  0.108601  0.903357  
0.505165  0.500001  0.500003  0.500002  0.499998  0.499999  0.051918  0.900271  0.000243859  0.396317  0.89993  0.600121  
0.222341  0.500001  0.500003  0.500002  0.499998  0.499999  0.999383  0.100481  0.700791  0.800149  0.202255  0.303232  
0.43189  0.500001  0.500003  0.500002  0.499998  0.499999  1  0.700358  0.200634  0.8991  0.422966  0.842427  
0.494989  0.500001  0.500003  0.500002  0.499998  0.499999  0.100551  0.300675  0.89961  0.999987  0.425199  0.844296  
0.710202  0.500002  0.500004  0.500011  0.499994  0.500005  0.77744  0.500555  0.401992  0.10178  0.00332969  0.0925093  
0.137818  0.500002  0.500004  0.500011  0.499969  0.500005  4.72957e-05  0.0977667  0.000102593  0.502877  0.996975  0.214982  
0.0906168  0.500001  0.500002  0.500002  0.499998  0.499999  0.0838726  0.500046  9.9766e-05  0.499959  0.500054  0.0988928  
0.930577  0.500001  0.500003  0.500002  0.499998  0.499999  8.02435e-12  0.500001  0.500002  0.500002  0.499998  0.499999  
0.428545  0.500001  0.500003  0.500002  0.499998  0.499999  0.85444  0.098423  0.401661  0.300111  0.897727  0.600691  
0.888966  0.500002  0.500004  0.500011  0.499995  0.500007  0.99868  0.0991097  0.903646  0.196537  0.999964  0.99674  
0.105962  0.500002  0.500012  0.500011  0.499994  0.500005  4.75309e-07  0.0688808  0.203393  0.183792  0.89926  0.891456  
0.568148  0.500001  0.500004  0.499848  0.500004  0.500009  0.996509  0.499397  0.498436  0.0991996  0.599378  0.0991789  
0.451425  0.500001  0.500003  0.500002  0.499998  0.499999  1  0.30018  0.10009  0.702183  0.500051  0.699641  
0.72651  0.500001  0.500003  0.500002  0.499998  0.499999  0.411103  0.700104  0.499706  0.499743  0.100064  0.599945  
0.826331  0.500001  0.500004  0.499989  0.500005  0.499918  1  0.700358  0.200634  0.8991  0.100331  0.100145  
0.100109  0.500001  0.500004  0.499995  0.499998  0.499999  0.0252238  0.0966439  0.499872  0.504378  0.400232  0.199998  
0.46684  0.500001  0.500004  0.499993  0.500004  0.500005  0.85444  0.714292  0.325781  0.300111  0.793696  0.600691  
0.0544634  0.500001  0.500003  0.500002  0.499998  0.499999  0.295544  0.907232  0.499684  0.999979  0.100157  0.689402  
0.897143  0.500001  0.500003  0.499992  0.499998  0.500003  0.665485  0.965072  0.00515496  0.298878  0.797562  1.68653e-05  
0.318142  0.500001  0.500002  0.500001  0.500001  0.499999  0.894514  0.198236  0.198687  0.533328  0.308443  0.202658  
0.585782  0.500001  0.500002  0.5  0.5  0.499999  0.70068  0.000190655  0.0996915  0.899431  0.594748  0.698938  
0.162864  0.500001  0.5  0.5  0.5001  0.499999  1  0.900736  6.52793e-05  0.999901  0.499741  0.999845  
0.860281  0.500001  0.500003  0.500002  0.499998  0.499999  0.0284865  0.000320852  0.101688  0.892207  0.299788  0.0998091  
1  0.500001  0.499999  0.5  0.5  0.499999  0.248099  0.499916  0.200367  0.199953  0.798659  0.599891  
0.904463  0.500001  0.500002  0.5  0.5  0.499999  1  0.399767  0.499949  0.900776  0.60002  0.20022  
0.697619  0.500001  0.500003  0.500002  0.499998  0.499999  1  0.701442  0.599955  0.698271  0.000139896  0.0996651  
0.53534  0.500001  0.5  0.5  0.5  0.499999  0.978759  0.400796  0.763624  0.0695154  0.116612  0.400879  
0.213598  0.500001  0.500002  0.5  0.499999  0.499999  1  0.0938697  0.000449128  0.199904  0.0987143  0.598394  
0.130321  0.500001  0.500002  0.5  0.5  0.499999  0.055846  0.695551  0.999869  0.598708  0.999956  0.798164  
0.3336  0.500001  0.500002  0.5  0.499999  0.499999  1  0.999881  0.634546  0.200014  0.0204202  0.182854  
0.99175  0.500001  0.5  0.5  0.5  0.499999  0.910602  0.496908  0.785767  0.00135165  0.998025  0.899127  
0.912589  0.500001  0.500002  0.5  0.499998  0.499999  0.545581  0.0120094  0.504939  0.597799  0.927828  0.59905  
0.86968  0.500001  0.500002  0.5  0.499999  0.499999  0.518064  0.100148  0.500382  0.598444  0.899849  0.0969473  
0.146543  0.500001  0.500002  0.5  0.5  0.499999  0.00133068  0.707814  0.699771  0.202604  0.923926  0.599245  
0.178242  0.500002  0.500004  0.500011  0.499969  0.500007  0.575775  0.798839  0.999841  0.501378  0.399181  0.83921  
0.804987  0.500001  0.500002  0.5  0.499999  0.499999  0.600945  0.0970578  0.975284  0.498678  0.599069  0.0915522  
0.383592  0.500001  0.500003  0.499994  0.499998  0.499999  0.00625367  0.0224102  0.388115  0.600063  0.900146  0.676689  
0.975303  0.500001  0.5  0.5  0.5  0.499999  0.894514  0.198236  0.198687  0.000308868  0.196757  0.202658  
0.0644332  0.500001  0.5  0.5  0.5  0.499999  0.392009  0.000616195  0.498956  0.601269  0.399048  0.59905  
0.766889  0.500001  0.500004  0.499992  0.500004  0.500003  0.999965  0.100137  0.802181  0.899149  0.498203  0.699845  
0.480517  0.500001  0.5  0.5  0.5  0.499999  0.850122  0.702979  0.297284  0.597817  0.899204  0.197281  
0.638456  0.500001  0.500002  0.5  0.499998  0.499999  1  0.199647  0.409068  0.600063  0.900146  0.799829  
0.00920699  0.500001  0.5  0.5  0.5  0.499999  0  0.999895  0.100787  0.799542  0.299841  0.200187  
0.851185  0.500001  0.5  0.5  0.5  0.499999  0.870306  0.000141245  0.79894  0.998806  0.703868  0.0963962  
0.967168  0.500001  0.5  0.5  0.5  0.499999  0.920183  0.90065  0.552247  0.999902  0.454275  0.999845  
0.57148  0.500001  0.5  0.5  0.5  0.499999  1  0.995178  0.0900148  0.200014  0.599754  0.0657233  
0.154582  0.500002  0.500004  0.50001  0.500004  0.50001  1  0.000183406  0.200188  0.200175  0.901088  0.599718  
0.675124  0.500001  0.500003  0.500002  0.49997  0.499999  0.177256  0.898033  6.52793e-05  0.999901  0.402959  0.997087  
0.592011  0.500001  0.500002  0.5  0.5  0.499999  0.00524784  0.000275659  0.698899  0.202604  0.90013  0.599245  
0.920847  0.500001  0.500002  0.5  0.499999  0.499999  0.581207  0.500862  0.79794  0.200243  0.399535  0.500044  
0.789571  0.500002  0.500004  0.500011  0.499956  0.500007  1  0.000183406  0.200188  0.902653  0.901088  0.188845  
0.687616  0.500002  0.500004  0.500011  0.499969  0.500005  0  5.97265e-05  0.799411  0.000727082  0.798431  0.0996845  
0.660463  0.500001  0.500004  0.499993  0.500004  0.500004  0  0.199463  0.899756  0.600388  0.899686  0.201067  
0.951338  0.500001  0.499999  0.5  0.5  0.499999  1  0.704654  0.399883  0.600063  0.907594  0.799829  
0.616293  0.500001  0.500003  0.500002  0.499998  0.499999  1  0.000103748  0.687037  0.926973  0.00021638  0.594698  
0.204257  0.500001  0.500003  0.500002  0.499998  0.499999  0.515082  0.308997  0.0405583  0.624645  0.399992  0.600609  
0.298174  0.500001  0.5  0.5  0.5  0.499999  0.0163467  0.0992148  0.19983  0.199926  0.499641  0.70052  
0.60489  0.500001  0.500004  0.499995  0.499998  0.500004  0.462613  0.702622  0.0257095  0.997929  0.107498  0.760824  
0.95917  0.500001  0.5  0.5  0.5  0.499999  1  0.0847138  0.599955  0.698356  0.000139896  0.0992474  
0.553027  0.500001  0.5  0.5  0.5  0.499999  0.604881  0.0431464  0.100368  0.212636  0.700974  0.76895  
0.522182  0.500001  0.5  0.5  0.5  0.499999  0  0.000264698  0.0992126  0.198678  0.2998  0.100082  
0.936324  0.500001  0.5  0.5  0.5  0.499999  1  0.226086  0.599949  0.110984  0.901058  0.199714  
0.887601  0.500001  0.5  0.5  0.5  0.499999  0  0.799707  0.999774  0.499633  0.938049  0.283879  
0.394715  0.500001  0.500002  0.5  0.499999  0.499983  0.375504  0.700464  0.696694  0.709103  0.496351  0.989195  
0.271409  0.500001  0.500002  0.500002  0.499998  0.499999  0.118586  0.700905  0.200734  0.200757  0.599752  8.94536e-05  
0.748653  0.500001  0.500004  0.499993  0.500004  0.500004  1  0.999881  0.599949  0.200014  0.600121  0.199935  
0.243263  0.500001  0.5  0.5  0.5  0.499999  0.20461  0.499826  0.500339  0.60002  4.05817e-05  0.699867  
0.195429  0.500001  0.500002  0.5  0.499999  0.499999  1  0.0938697  0.108  0.764527  0.0987143  0.604641  
0.036737  0.500001  0.5  0.5  0.5  0.499999  0.683332  0.693799  0.799407  0.00235728  0.899703  0.216949  
0.733247  0.500002  0.500004  0.500011  0.499969  0.500007  0.611564  0.40105  0.400045  0.300224  0.499834  0.199226  
0.513145  0.500001  0.5  0.5  0.5  0.499999  1  0.702711  0.853032  0.0821494  0.200057  0.799829  
0.983452  0.500001  0.5  0.5  0.5  0.499999  0.171683  0.801672  0.300891  0.198961  0.199075  0.599491  
0.777929  0.500001  0.500002  0.49998  0.499998  0.499999  0.760168  0.901866  0.620704  0.698636  0.104155  0.60023  
0.472004  0.500001  0.500003  0.500002  0.499998  0.499999  0.839602  0.399477  0.799427  0.598425  0.101034  0.400879  
0.233046  0.500001  0.500002  0.5  0.5  0.499999  0.00593135  0.10208  0.800406  0.895139  0.500242  0.0969161  
0.420264  0.500001  0.5  0.5  0.5  0.499999  0.0954116  0.201022  3.38347e-05  0.602207  0.900821  0.999993  
0.326515  0.500001  0.500002  0.5  0.499998  0.499999  0.727014  0.901866  0.100469  0.799905  0.899225  0.60023  
5.54202e-12  0.500001  0.5  0.5  0.5  0.499999  7.52695e-07  0.499918  0.79992  0.999951  0.500654  0.499947  
0.841888  0.500001  0.500003  0.500002  0.499998  0.499999  0.584334  0.49083  0.801579  0.999918  0.500654  0.499947  
0.487963  0.500001  0.500003  0.500002  0.499998  0.499999  0.00047524  0.699198  0.699931  7.47303e-05  0.29926  0.199855  
0.720442  0.500001  0.500003  0.500002  0.499998  0.499999  0  9.13773e-06  0.100787  0.799542  0.303301  0.604056  
0.185741  0.500001  0.500002  0.5  0.499998  0.499999  0.596107  0.0970578  0.999794  0.498678  0.599069  0.80043  
0.0184186  0.500001  0.5  0.5  0.5  0.499999  0.0121262  0.699291  0.000264599  2.24744e-06  0.0960451  0.199112  
0.257012  0.500001  0.500002  0.5  0.5  0.499999  0.0320807  0.989308  0.594173  0.718867  0.600553  0.199714  
0.367788  0.500001  0.500004  0.500011  0.500003  0.500019  0.0504857  0.19924  0.999871  0.597425  0.899312  0.699101  
0.309248  0.500001  0.500002  0.5  0.5  0.499999  0.38826  0.574355  0.999733  0.597727  0.0214039  0.999841  
0.110919  0.500001  0.500002  0.5  0.499999  0.499999  0.902601  0.599963  0.999962  0.603055  0.999749  0.999799  
0.377174  0.500001  0.500003  0.500002  0.499998  0.499999  1  0.690999  0.000196939  0.999901  0.499741  0.203713  
0.0459187  0.500001  0.500002  0.5  0.5  0.499999  0.591479  0.802755  0.590971  0.289901  0.897564  0.59587  
0.0827207  0.500001  0.500002  0.5  0.499999  0.499999  0.00588262  0.90758  0.0932554  0.799905  0.907461  0.60023  
0.0737532  0.500001  0.5  0.5  0.5  0.499999  1  0.200396  0.500113  0.600063  0.200057  0.799829  
0.286547  0.500001  0.500002  0.5  0.499999  0.499999  1  0.500001  0.5  0.5  0.5  0.499999  
0.341606  0.500003  0.500004  0.499989  0.500004  0.50001  0.973692  0.499974  0.803747  0.901523  0.798457  0.600297  
0.542777  0.500001  0.5  0.5  0.5  0.499999  0  0.699898  0.299915  0.600059  0.899727  0.200199  
0.816244  0.500001  0.5  0.5  0.5  0.499999  0.125501  0.89197  0.594283  0.999871  0.999994  0.115969  
0.0276323  0.500001  0.5  0.5  0.5  0.499999  0.626447  0.899948  0.899425  0.999796  0.999974  0.499995  
0.122569  0.500001  0.500002  0.5  0.499999  0.499999  0.916937  0.588921  0.999733  0.597727  0.0149104  0.999841  
0.821548  0.500001  0.500004  0.499993  0.500004  0.500004  0.00347359  0.899948  0.898505  0.999905  0.999974  0.499995  
0.405339  0.500001  0.500002  0.5  0.499998  0.499999  1  1.98746e-06  0.597274  0.200153  0.00021638  0.600531  
0.943813  0.500001  0.5  0.5  0.5  0.499999  0.418309  0.89961  9.29096e-05  0.600426  0.900026  0.200481  
0.505165  0.500001  0.500003  0.500002  0.499998  0.499999  0.574255  0.000203521  0.800217  0.196716  0.900091  0.600681  
0.222341  0.500001  0.500003  0.500002  0.499998  0.499999  1.07561e-06  0.50058  0.100368  0.600836  0.300115  0.800156  
0.436713  0.500001  0.5  0.5  0.5  0.499999  2.33368e-07  0.799215  0.999706  0.500657  0.500242  0.80043  
0.496879  0.500001  0.5  0.5  0.5  0.499999  0  0.799707  0.999774  0.499633  0.400049  0.200199  
0.710202  0.500002  0.500004  0.500011  0.499994  0.500005  1  1.98746e-06  0.597274  0.200156  0.50768  0.501388  
0.137818  0.500002  0.500004  0.500011  0.499969  0.500005  0.546235  0.797983  0.999774  0.499633  0.400049  0.200199  
0.0917918  0.500001  0.500002  0.5  0.499999  0.499999  0.967452  0.90409  6.52793e-05  0.208018  0.499741  0.999845  
0.928633  0.500001  0.500002  0.5  0.5  0.499999  5.54202e-12  0.500001  0.5  0.5  0.5  0.499999  
0.355478  0.500001  0.500002  0.5  0.5  0.499999  0.414353  0.685571  0.0148251  0.999901  0.501786  0.203713  
0.833657  0.500001  0.500002  0.5  0.5  0.499999  0  0.117123  0.990756  0.618047  0.400049  0.893518  
0.878524  0.500001  0.500002  0.500002  0.499998  0.499999  0.557879  0.899701  6.31325e-05  0.650548  0.503861  0.999941  
0.562187  0.500001  0.5  0.5  0.5  0.499999  0.087108  0.542641  0.303866  0.998343  0.601614  0.899827  
0.451408  0.500001  0.5  0.5  0.5  0.499999  0.683219  0.699898  0.799423  0.599746  0.899703  0.199831  
0.741615  0.500001  0.500002  0.5  0.499999  0.499999  1  0.925766  0.590113  0.900776  0.60002  0.20022  
0.626485  0.500001  0.500002  0.5  0.5  0.499999  0  3.6024e-05  5.33264e-05  0.200821  0.90013  0.102341  
0.100109  0.500001  0.500004  0.499995  0.499998  0.499999  0.781153  0.497446  0.303866  0.901346  0.600783  0.899827  
0.463188  0.500001  0.5  0.5  0.5  0.499999  0.462613  0.702622  0.0960392  0.600374  0.105424  0.198873  
0.0552475  0.500001  0.500002  0.5  0.5  0.499999  2.33361e-07  0.697928  0.799411  0.000727082  0.858517  0.0996845  
0.896148  0.500001  0.5  0.5  0.5  0.499999  0.134965  0.400128  0.400303  0.900298  0.600455  0.200249  
0.318142  0.500001  0.500002  0.500001  0.500001  0.499999  1  0.499985  0.300045  0.799729  0.400104  0.699967  
0.581317  0.500001  0.5  0.5  0.5  0.499999  0.546362  0.500199  0.204674  0.796879  0.892742  0.300685  
0.167157  0.5  0.5  0.5  0.5  0.499999  9.35553e-16  0.803168  0.894813  0.0999928  0.301416  0.85837  
0.860281  0.500001  0.500003  0.500002  0.499998  0.499999  0.0325568  0.299652  0.800189  0.00108897  0.505965  0.0992045  
1  0.5  0.5  0.5  0.5  0.5  0.727051  0.898789  0.100257  0.399777  0.100388  0.500011  
0.904463  0.500001  0.500002  0.5  0.5  0.499999  0.866423  0.300038  0.500002  0.399921  0.799708  0.300077  
0.697619  0.500001  0.500003  0.500002  0.499998  0.499999  0.113226  0.299652  0.899877  0.50065  0.5  0.100442  
0.533645  0.5  0.5  0.5  0.5  0.5  0.820615  0.90045  0.501564  0.000242501  0.299863  0.300091  
0.213598  0.500001  0.500002  0.5  0.499999  0.499999  0.449478  0.599776  0.200907  0.600762  0.799806  0.599996  
0.797105  0.5  0.5  0.5  0.5  0.5  0  0.101163  0.10055  0.100205  0.699823  0.400168  
0.428281  0.5  0.5  0.5  0.5  0.499999  0.884423  0.39936  0.499406  0.80015  0.699811  0.300408  
0.991856  0.5  0.5  0.5  0.5  0.5  0.197118  0.500753  0.899784  0.499985  0.5  0.5  
0.912481  0.5  0.5  0.5  0.5  0.5  0.0421095  0.601253  0.895727  0.599221  0.100359  0.499626  
0.86968  0.500001  0.500002  0.5  0.499999  0.499999  0.446121  0.400426  0.499324  0.400127  0.49957  0.900052  
0.146543  0.500001  0.500002  0.5  0.5  0.499999  0.917598  0.199937  0.599956  0.599905  0.0997645  0.599788  
0.177357  0.5  0.5  0.5  0.5  0.499999  0.332403  0.701514  0.501967  0.999895  0.703015  0.0995272  
0.806945  0.500001  0.5  0.5  0.499996  0.499999  0  0.599922  0.10055  0.205715  0.699324  0.399968  
0.385584  0.5  0.5  0.5  0.500004  0.5  1  0.100011  0.501178  0.0996538  0.399611  0.496606  
0.975599  0.5  0.5  0.5  0.5  0.499999  0.866423  0.300038  0.787424  0.399921  0.799708  0.798542  
0.0644696  0.5  0.5  0.5  0.5  0.5  2.99086e-15  0.400479  0.907491  0.399302  0.908439  0.900028  
0.766889  0.500001  0.500004  0.499992  0.500004  0.500003  1  3.45298e-05  0.199148  0.300214  0.300659  0.799874  
0.479298  0.5  0.5  0.5  0.5  0.5  0.716268  0.101738  0.602148  0.399656  0.499386  0.499762  
0.638456  0.500001  0.500002  0.5  0.499998  0.499999  3.56382e-14  0.400426  0.500002  0.400127  0.49996  0.900052  
0.00920699  0.500001  0.5  0.5  0.5  0.499999  0.15609  2.54847e-05  0.601889  0.499979  0.100922  0.898723  
0.851143  0.5  0.5  0.5  0.5  0.499999  9.35553e-16  0.798419  0.496874  0.0999928  0.301416  0.499622  
0.967466  0.5  0.5  0.5  0.5  0.5  0.14104  0.899333  0.393896  0.400017  0.493954  0.500154  
0.57148  0.500001  0.5  0.5  0.5  0.499999  0  0.100018  0.0109773  0.897554  0.300888  0.600247  
0.154582  0.500002  0.500004  0.50001  0.500004  0.50001  0.632358  0.899333  0.500005  0.400017  0.500001  0.500154  
0.674481  0.500005  0.5  0.5  0.5  0.499999  9.87771e-12  0.699899  0.500538  0.300012  0.799734  0.501266  
0.592901  0.5  0.5  0.5  0.5  0.5  1  0.600382  0.300491  0.300641  0.899868  0.500314  
0.920515  0.5  0.5  0.5  0.5  0.5  0.431709  0.798419  0.499427  0.0999928  0.301416  0.501582  
0.786185  0.5  0.5  0.5  0.5  0.499999  0  0.900226  8.36294e-05  0.601571  0.699922  0.79837  
0.687616  0.500002  0.500004  0.500011  0.499969  0.500005  0.331861  0.698859  0.901502  0.799952  0.500791  0.799617  
0.660463  0.500001  0.500004  0.499993  0.500004  0.500004  0.0699628  0.00022209  0.500102  0.198899  0.999872  0.597894  
0.95155  0.500001  0.5  0.5  0.5  0.499999  1.56937e-08  0.899657  0.699977  0.799237  0.700011  0.500373  
0.616293  0.500001  0.500003  0.500002  0.499998  0.499999  0.962398  0.400226  0.499997  0.501318  0.500017  0.899465  
0.204257  0.500001  0.500003  0.500002  0.499998  0.499999  0.839747  0.597444  0.899829  0.500083  0.499113  0.100319  
0.298134  0.500001  0.5  0.5  0.5  0.499999  0.0590228  0.499936  0.501953  0.599845  1.1934e-06  0.700615  
0.604842  0.5  0.5  0.5  0.5  0.5  0.324496  0.200054  0.497446  0.000119473  0.300002  0.300104  
0.959478  0.5  0.5  0.5  0.5  0.5  1  0.992113  0.000929387  0.5  0.5  0.100422  
0.552723  0.5  0.5  0.5  0.5  0.5  0.382752  0.107919  0.199144  0.500689  0.497606  0.5  
0.524225  0.5  0.5  0.5  0.5  0.499999  0.87485  0.999737  0.500616  0.599725  0.190433  0.199212  
0.936324  0.500001  0.5  0.5  0.5  0.499999  3.56382e-14  0.836396  0.500002  0.396279  0.49996  0.90589  
0.887264  0.500001  0.5  0.5  0.5  0.499999  0.999909  0.100342  0.199144  0.500689  0.497606  0.5  
0.394614  0.5  0.5  0.499991  0.5  0.500001  1.26731e-09  0.908944  0.499828  0.401446  0.106606  0.198792  
0.270648  0.5  0.5  0.5  0.5  0.5  0.75544  0.502498  0.500366  0.0996711  0.304514  0.300099  
0.752786  0.5  0.499999  0.5  0.5  0.5  0  0.0999749  0.000239198  0.499874  0.699883  0.600185  
0.244244  0.500001  0.5  0.5  0.5  0.499999  2.36478e-14  0.101375  0.601252  0.399942  0.500447  0.600444  
0.195429  0.500001  0.500002  0.5  0.499999  0.499999  1  0.401953  0.000127823  0.5  0.5  0.100422  
0.036737  0.500001  0.5  0.5  0.5  0.499999  3.78608e-12  0.701815  0.199953  0.399769  0.397423  0.200213  
0.729471  0.500001  0.5  0.5  0.5  0.499999  1  0.50043  0.999768  0.299693  8.84316e-05  0.199548  
0.515088  0.5  0.5  0.5  0.5  0.5  1  0.5  0.5  0.5  0.5  0.100422  
0.98375  0.5  0.5  0.5  0.5  0.5  0.622987  0.299652  0.899877  0.50065  0.5  0.891669  
0.777139  0.500004  0.5  0.5  0.5  0.5  0.548736  0.489997  0.027464  0.5  0.489956  0.100422  
0.469956  0.5  0.5  0.5  0.5  0.5  0.116477  0.399607  0.500013  0.8005  0.700823  0.300042  
0.233046  0.500001  0.500002  0.5  0.5  0.499999  0.999536  0.499655  0.50069  0.300104  1.44281e-05  0.699668  
0.416806  0.5  0.5  0.5  0.5  0.5  0.022071  0.200877  0.900102  0.300012  0.789813  0.498875  
0.326515  0.500001  0.500002  0.5  0.499998  0.499999  0.945557  0.968195  0.00842835  0.500198  0.499892  0.500152  
2.60437e-12  0.5  0.5  0.5  0.5  0.5  0.499969  0.5  0.5  0.5  0.5  0.5  
0.841888  0.500001  0.500003  0.500002  0.499998  0.499999  1  0.701407  0.000103667  0.899961  0.60066  0.899571  
0.488213  0.5  0.5  0.5  0.5  0.5  1  0.699995  0.899809  0.799952  0.500791  0.799617  
0.720442  0.500001  0.500003  0.500002  0.499998  0.499999  1.22772e-07  0.991337  0.991744  0.398801  0.49934  0.204523  
0.185741  0.500001  0.500002  0.5  0.499998  0.499999  0.944267  0.400728  0.00022416  0.399302  0.800202  0.60348  
0.0184171  0.500001  0.5  0.5  0.5  0.499999  0.995091  0.600304  0.598248  0.598781  0.100359  0.498718  
0.257012  0.500001  0.500002  0.5  0.5  0.499999  0.470337  0.900377  0.500004  0.799809  0.400075  0.69885  
0.367788  0.500001  0.500004  0.500011  0.500003  0.500019  0.15609  0.696801  0.601889  0.191556  0.100922  0.905401  
0.307663  0.5  0.5  0.5  0.5  0.5  0.375875  0.000247261  0.299378  0.100428  0.50182  0.513935  
0.111224  0.5  0.5  0.5  0.5  0.5  1  0.601253  0.000167879  0.499918  0.100359  0.5  
0.377174  0.500001  0.500003  0.500002  0.499998  0.499999  0.0801345  0.499987  0.300045  0.800009  0.400076  0.700344  
0.0459243  0.5  0.5  0.5  0.5  0.5  0.994744  0.999737  0.500616  0.599725  0.700196  0.199212  
0.0828242  0.5  0.5  0.5  0.5  0.499999  0.176408  0.510721  0.49971  0.5  0.109523  0.0957804  
0.0737532  0.500001  0.5  0.5  0.5  0.499999  0.163591  0.100829  0.499588  0.799964  0.399766  0.30119  
0.283003  0.5  0.5  0.5  0.5  0.499999  1  0.5  0.5  0.5  0.5  0.5  
0.341606  0.500003  0.500004  0.499989  0.500004  0.50001  3.7466e-12  0.00110688  0.299378  0.100428  0.402232  0.18764  
0.543095  0.500001  0.5  0.5  0.5  0.499999  0.386475  0.399851  0.600057  0.300182  0.100346  0.500025  
0.65092  0.5  0.5  0.5  0.5  0.5  0  0.000247261  0.299378  0.100428  0.402232  0.699525  
0.0276017  0.5  0.5  0.5  0.5  0.5  0.567341  0.900459  0.200198  0.100953  0.500002  0.599602  
0.122773  0.500001  0.5  0.5  0.5  0.499999  0.632398  0.500199  0.200772  0.800638  0.300273  0.29914  
0.820634  0.5  0.5  0.5  0.499994  0.499999  0.954285  0.497676  0.100023  0.499242  0.0994535  0.0999747  
0.406078  0.5  0.5  0.5  0.5  0.5  0  0.599739  0.200129  0.30006  0.400263  0.799767  
0.943876  0.5  0.5  0.5  0.5  0.5  0.00581256  0.299574  0.899796  0.500378  0.402228  0.796472  
0.506149  0.5  0.5  0.5  0.5  0.5  0.582714  0.900226  8.36294e-05  0.404085  0.699922  0.79837  
0.222341  0.500001  0.500003  0.500002  0.499998  0.499999  0.939701  0.5  0.496903  0.101685  0.594739  0.503334  
0.439382  0.5  0.5  0.5  0.5  0.5  0.1183  0.897121  0.100257  0.599812  0.100569  0.500115  
0.497181  0.5  0.5  0.5  0.5  0.5  0.00346189  0.900377  0.50001  0.799809  0.400075  0.69885  
0.708708  0.5  0.499998  0.5  0.5  0.5  1  0.49957  0.999759  0.299693  0.00011817  0.699668  
0.135557  0.5  0.5  0.5  0.5  0.5  0.999945  0.899997  0.504523  0.900076  0.799434  0.500427  
0.0917918  0.500001  0.500002  0.5  0.499999  0.499999  3.43495e-15  0.400728  0.000217863  0.399786  0.800202  0.900028  
0.928322  0.5  0.5  0.5  0.5  0.5  2.60437e-12  0.5  0.5  0.5  0.5  0.5  
0.355478  0.500001  0.500002  0.5  0.5  0.499999  1  0.5  0.899784  0.5  0.5  0.5  
0.832267  0.500001  0.5  0.5  0.5  0.499999  1  0.00022209  0.500102  0.198899  0.999863  0.800003  
0.878349  0.5  0.5  0.5  0.5  0.499999  0.213299  0.698702  7.60158e-06  0.500198  0.501613  0.5  
0.562251  0.500001  0.5  0.5  0.5  0.499999  0.700784  0.600376  0.200014  0.30006  0.899816  0.799767  
0.449455  0.5  0.5  0.5  0.5  0.5  0.800015  0.599739  0.200014  0.30006  0.400178  0.599814  
0.740322  0.5  0.5  0.5  0.5  0.5  0.487659  0.299475  0.898375  0.799858  0.299985  0.300091  
0.626485  0.500001  0.500002  0.5  0.5  0.499999  0  0.696137  0.10055  0.885818  0.696357  0.399968  
0.101368  0.500001  0.5  0.5  0.5  0.499999  1.92789e-09  0.899463  0.49995  0.701166  0.400259  0.300042  
0.460076  0.5  0.5  0.5  0.5  0.5  1  0.899395  0.699977  0.799863  0.399766  0.300042  
0.0551906  0.5  0.5  0.5  0.5  0.5  1.80933e-12  0.10032  0.200459  0.499858  0.699997  0.200238  
0.896148  0.500001  0.5  0.5  0.5  0.499999  1.03634e-16  0.798576  0.000133288  0.100181  0.297177  0.600032  
0.319037  0.5  0.5  0.5  0.5  0.5  0.333367  0.5  0.5  0.5  0.5  0.5  
0.583702  0.5  0.5  0.5  0.5  0.5  0.00310537  0.499995  0.499994  0.303784  0.299997  0.499992  
0.167157  0.5  0.5  0.5  0.5  0.499999  0.0852897  0.300088  0.5  0.499945  0.700022  0.499967  
0.859906  0.5  0.5  0.5  0.5  0.5  0.0190732  0.500018  0.500062  0.499941  0.500015  0.699661  
1  0.5  0.5  0.5  0.5  0.5  0.1322  0.499997  0.500083  0.699887  0.500019  0.299741  
0.904401  0.5  0.5  0.5  0.500002  0.5  0.187778  0.400017  0.500015  0.699883  0.499996  0.699527  
0.697125  0.5  0.5  0.5  0.5  0.5  1  0.400009  0.500013  0.699883  0.499996  0.70011  
0.533835  0.5  0.5  0.5  0.5  0.5  0.588632  0.500102  0.500066  0.700016  0.499654  0.299823  
0.213598  0.500001  0.500002  0.5  0.499999  0.499999  1.06587e-12  0.300009  0.499996  0.599724  0.5  0.300021  
0.79697  0.5  0.500001  0.5  0.500001  0.5  0.679579  0.300009  0.5  0.599724  0.5  0.300021  
0.428281  0.5  0.5  0.5  0.5  0.499999  0.181601  0.500003  0.500009  0.30003  0.699847  0.499984  
0.991901  0.5  0.5  0.5  0.5  0.5  0.720522  0.499968  0.499987  0.699983  0.500008  0.500018  
0.912481  0.5  0.5  0.5  0.5  0.5  0.943493  0.399571  0.699703  0.699806  0.499998  0.400048  
0.869077  0.5  0.5  0.5  0.5  0.5  0.841762  0.300022  0.499978  0.500081  0.500066  0.500003  
0.145799  0.5  0.5  0.5  0.5  0.5  0.0663167  0.699906  0.499996  0.500022  0.499994  0.500217  
0.177182  0.5  0.5  0.5  0.5  0.5  0.946592  0.499969  0.499987  0.699983  0.296453  0.500014  
0.807964  0.5  0.5  0.500002  0.5  0.5  0.778408  0.400146  0.499967  0.500705  0.300111  0.700005  
0.386825  0.5  0.5  0.5  0.5  0.499998  0.641608  0.499984  0.500028  0.500801  0.699899  0.700323  
0.975724  0.5  0.5  0.5  0.5  0.5  1  0.500044  0.699963  0.49841  0.70014  0.499877  
0.0644696  0.5  0.5  0.5  0.5  0.5  0.876755  0.500012  0.50002  0.500068  0.699899  0.500032  
0.763947  0.5  0.5  0.5  0.5  0.5  0.0603728  0.699919  0.499986  0.299905  0.49998  0.499955  
0.47852  0.5  0.5  0.5  0.5  0.5  0.0429811  0.499999  0.499999  0.499998  0.299833  0.500001  
0.638456  0.500001  0.500002  0.5  0.499998  0.499999  0.268337  0.499991  0.500001  0.500001  0.699899  0.300142  
0.00920874  0.5  0.5  0.5  0.5  0.5  0.364186  0.500001  0.499997  0.300092  0.499996  0.300237  
0.851143  0.5  0.5  0.5  0.5  0.499999  0  0.499998  0.699909  0.499999  0.499999  0.399745  
0.967711  0.5  0.5  0.5  0.5  0.5  0.573275  0.300022  0.499992  0.500081  0.500001  0.500003  
0.573356  0.5  0.5  0.5  0.5  0.5  0  0.699275  0.700153  0.499406  0.699833  0.500237  
0.156827  0.5  0.5  0.5  0.500001  0.5  6.39986e-12  0.500008  0.499858  0.699997  0.499996  0.49999  
0.674175  0.5  0.5  0.5  0.5  0.5  0.67857  0.5  0.700018  0.699882  0.500015  0.49997  
0.593966  0.5  0.5  0.5  0.5  0.5  0  0.799182  0.5  0.500043  0.70027  0.399922  
0.920515  0.5  0.5  0.5  0.5  0.5  7.79724e-14  0.499997  0.600865  0.301877  0.699527  0.599742  
0.786185  0.5  0.5  0.5  0.5  0.499999  1.85743e-12  0.699889  0.50001  0.699763  0.500001  0.500001  
0.685812  0.5  0.5  0.5  0.5  0.5  1  0.499911  0.299689  0.500055  0.499996  0.69712  
0.6623  0.5  0.5  0.5  0.5  0.5  0.13602  0.500002  0.500026  0.39987  0.699899  0.700323  
0.951705  0.5  0.5  0.5  0.5  0.5  0.935204  0.499971  0.49998  0.300141  0.499994  0.500063  
0.615344  0.5  0.5  0.5  0.5  0.5  1  0.500051  0.699966  0.300067  0.699938  0.399859  
0.204257  0.500001  0.500003  0.500002  0.499998  0.499999  3.53908e-08  0.500045  0.699751  0.499997  0.300527  0.500002  
0.294982  0.5  0.5  0.5  0.5  0.5  0.328084  0.500001  0.500003  0.500006  0.500016  0.700057  
0.604471  0.5  0.5  0.5  0.5  0.5  1  0.499911  0.300371  0.500057  0.499995  0.500087  
0.959667  0.5  0.5  0.5  0.5  0.5  0.778075  0.499997  0.499963  0.300311  0.499957  0.300237  
0.553162  0.5  0.5  0.5  0.5  0.5  0.479431  0.699966  0.600185  0.499993  0.500001  0.300193  
0.524631  0.5  0.5  0.5  0.5  0.5  1  0.699891  0.49998  0.700092  0.5  0.499986  
0.936127  0.5  0.5  0.5  0.5  0.5  0.467483  0.500011  0.5  0.300049  0.700081  0.500009  
0.887079  0.5  0.5  0.499999  0.499999  0.5  0.699745  0.700552  0.600185  0.499993  0.5  0.300193  
0.396906  0.5  0.5  0.5  0.5  0.5  1  0.600513  0.199991  0.5  0.499984  0.300117  
0.269961  0.5  0.5  0.5  0.5  0.5  0.322538  0.400146  0.499968  0.499995  0.300325  0.700005  
0.752786  0.5  0.499999  0.5  0.5  0.5  0.939153  0.499969  0.499987  0.699983  0.500108  0.500018  
0.245266  0.5  0.5  0.5  0.5  0.5  0.420648  0.499924  0.5  0.499998  0.5  0.300135  
0.195429  0.500001  0.500002  0.5  0.499999  0.499999  0  0.499991  0.499999  0.499997  0.699899  0.300102  
0.036737  0.500001  0.5  0.5  0.5  0.499999  0.6901  0.499997  0.299689  0.500055  0.499995  0.499929  
0.729478  0.5  0.5  0.5  0.5  0.5  0.215036  0.499968  0.499989  0.699983  0.500142  0.500066  
0.515424  0.5  0.5  0.5  0.5  0.5  0.0954936  0.499991  0.5  0.499945  0.700131  0.499967  
0.983804  0.5  0.5  0.5  0.5  0.5  0.564914  0.501295  0.5  0.499997  0.300144  0.298264  
0.774916  0.5  0.5  0.5  0.5  0.5  0.719996  0.699889  0.500007  0.700311  0.500001  0.499999  
0.468668  0.5  0.5  0.5  0.5  0.5  0.459148  0.400017  0.500015  0.699883  0.499996  0.700199  
0.234004  0.5  0.5  0.5  0.5  0.500001  7.67024e-13  0.699889  0.700003  0.699447  0.500001  0.499999  
0.417516  0.5  0.500001  0.5  0.5  0.5  0.899426  0.500949  0.5  0.499995  0.300144  0.298264  
0.330654  0.5  0.5  0.5  0.5  0.5  0.976825  0.700141  0.500487  0.500017  0.5  0.500014  
2.60437e-12  0.5  0.5  0.5  0.5  0.5  0.666635  0.5  0.5  0.5  0.5  0.5  
0.841888  0.500001  0.500003  0.500002  0.499998  0.499999  0.345016  0.299922  0.500143  0.49994  0.500016  0.494605  
0.48788  0.5  0.5  0.5  0.5  0.5  0.6595  0.500041  0.5  0.499945  0.700127  0.499987  
0.719168  0.5  0.5  0.5  0.5  0.5  0.879263  0.5  0.5  0.699878  0.500007  0.299741  
0.186155  0.5  0.5  0.5  0.5  0.5  0.969182  0.499997  0.5  0.499993  0.499999  0.300125  
0.0183841  0.5  0.5  0.5  0.5  0.5  0.296529  0.501394  0.699751  0.5  0.300247  0.5  
0.257659  0.5  0.5  0.5  0.5  0.5  0.822063  0.499992  0.499997  0.500001  0.699899  0.300142  
0.365415  0.5  0.5  0.5  0.5  0.5  0  0.399794  0.201114  0.499723  0.699752  0.499659  
0.307349  0.5  0.5  0.5  0.5  0.5  2.2763e-13  0.499997  0.600152  0.699333  0.699527  0.699774  
0.113121  0.5  0.5  0.5  0.5  0.5  0.373452  0.500005  0.700081  0.499998  0.500007  0.500009  
0.376294  0.5  0.5  0.5  0.5  0.5  0.912103  0.5  0.5  0.5  0.300144  0.5  
0.0459243  0.5  0.5  0.5  0.5  0.5  0.174083  0.500081  0.500038  0.30003  0.499994  0.500006  
0.0828242  0.5  0.5  0.5  0.5  0.499999  4.18476e-18  0.399762  0.500073  0.300204  0.500002  0.699749  
0.0736882  0.5  0.5  0.5  0.5  0.5  1.19046e-05  0.400146  0.499967  0.499995  0.300111  0.700005  
0.282608  0.5  0.5  0.5  0.5  0.5  1  0.5  0.5  0.5  0.5  0.5  
0.342253  0.5  0.5  0.5  0.5  0.5  1.46275e-12  0.500528  0.700109  0.699925  0.499977  0.500134  
0.543367  0.5  0.5  0.5  0.5  0.5  0.967513  0.499994  0.500032  0.299418  0.300144  0.499995  
0.650378  0.5  0.5  0.5  0.5  0.5  0.620402  0.69994  0.499996  0.30008  0.500001  0.500012  
0.0275661  0.5  0.5  0.5  0.5  0.5  0.606876  0.5  0.5  0.500001  0.300144  0.5  
0.123737  0.5  0.5  0.5  0.499995  0.5  0.0351278  0.498996  0.699594  0.49989  0.700207  0.499865  
0.819428  0.499999  0.5  0.5  0.5  0.5  0.244398  0.499978  0.300062  0.500055  0.499995  0.50009  
0.407327  0.5  0.5  0.5  0.5  0.5  0.932041  0.699897  0.49998  0.300363  0.5  0.499923  
0.943876  0.5  0.5  0.5  0.5  0.5  0.245274  0.498996  0.699556  0.49989  0.700207  0.499865  
0.506253  0.5  0.5  0.5  0.5  0.5  0.131648  0.300109  0.500172  0.499997  0.5  0.499922  
0.223557  0.5  0.5  0.5  0.5  0.500001  0.945107  0.499984  0.500028  0.39987  0.699899  0.700323  
0.438729  0.5  0.5  0.5  0.5  0.5  0.639135  0.499971  0.499988  0.30013  0.499994  0.499995  
0.49708  0.5  0.5  0.5  0.5  0.5  0.830104  0.499971  0.499996  0.300048  0.499942  0.70152  
0.708346  0.5  0.5  0.5  0.5  0.5  0.542243  0.499993  0.500058  0.300059  0.499997  0.700086  
0.13458  0.5  0.5  0.5  0.5  0.5  1  0.400072  0.69994  0.5  0.499964  0.5  
0.0920944  0.5  0.5  0.5  0.5  0.5  0.541819  0.499798  0.500062  0.499889  0.500091  0.700086  
0.928379  0.5  0.5  0.5  0.5  0.5  3.70193e-18  0.5  0.5  0.5  0.5  0.5  
0.35376  0.5  0.5  0.5  0.5  0.5  0.00480124  0.300921  0.500008  0.699763  0.500001  0.499921  
0.83143  0.5  0.500007  0.5  0.5  0.5  0.572897  0.300036  0.5  0.500089  0.699466  0.499936  
0.878349  0.5  0.5  0.5  0.5  0.499999  0.800029  0.500006  0.700081  0.499997  0.499958  0.500012  
0.563224  0.5  0.5  0.5  0.5  0.5  0.758539  0.500027  0.5  0.499995  0.5  0.300125  
0.448792  0.5  0.5  0.5  0.5  0.5  0.287432  0.5  0.5  0.499998  0.299731  0.5  
0.740322  0.5  0.5  0.5  0.5  0.5  0.243575  0.500002  0.5  0.700287  0.300058  0.499994  
0.626521  0.5  0.5  0.5  0.5  0.5  0.507014  0.499975  0.499994  0.699931  0.499994  0.499994  
0.102984  0.5  0.5  0.5  0.5  0.5  0.46552  0.700174  0.5  0.500028  0.5  0.500217  
0.459098  0.5  0.5  0.5  0.5  0.5  0.145947  0.49679  0.499997  0.300596  0.500028  0.300237  
0.0551906  0.5  0.5  0.5  0.5  0.5  0.299848  0.699919  0.499986  0.299905  0.500002  0.499955  
0.895885  0.5  0.5  0.5  0.5  0.5  0.814865  0.50008  0.500003  0.500003  0.500019  0.70025  
0.317729  0.5  0.5  0.5  0.5  0.5  0.131242  0.5  0.5  0.5  0.5  0.5  
0.585233  0.5  0.5  0.5  0.5  0.5  0.940956  0.5  0.5  0.5  0.5  0.5  
0.165644  0.5  0.5  0.5  0.5  0.5  0.535603  0.5  0.5  0.5  0.5  0.5  
0.856755  0.5  0.5  0.5  0.5  0.5  0.059285  0.5  0.5  0.5  0.5  0.5  
1  0.5  0.5  0.5  0.5  0.5  0.0997862  0.5  0.5  0.5  0.5  0.5  
0.902103  0.5  0.5  0.5  0.5  0.5  0.710832  0.5  0.5  0.5  0.5  0.5  
0.696333  0.5  0.5  0.5  0.5  0.5  0.730516  0.5  0.5  0.5  0.5  0.5  
0.534992  0.5  0.5  0.5  0.5  0.5  0.609724  0.5  0.5  0.5  0.5  0.5  
0.217452  0.5  0.5  0.5  0.5  0.5  0.311  0.5  0.5  0.5  0.5  0.5  
0.796058  0.5  0.5  0.5  0.5  0.5  0.960548  0.5  0.5  0.5  0.5  0.5  
0.427475  0.5  0.5  0.5  0.5  0.5  0.7498  0.5  0.5  0.5  0.5  0.5  
0.991901  0.5  0.5  0.5  0.5  0.5  0.494562  0.5  0.5  0.5  0.5  0.5  
0.910495  0.5  0.5  0.5  0.5  0.5  0.817703  0.5  0.5  0.5  0.5  0.5  
0.866331  0.5  0.5  0.5  0.5  0.5  0.206803  0.5  0.5  0.5  0.5  0.5  
0.144972  0.5  0.5  0.5  0.5  0.5  0.369994  0.5  0.5  0.5  0.5  0.5  
0.175898  0.5  0.5  0.5  0.5  0.5  0.227506  0.5  0.5  0.5  0.5  0.5  
0.806573  0.5  0.5  0.5  0.5  0.5  0.793083  0.5  0.5  0.5  0.5  0.5  
0.385179  0.5  0.5  0.5  0.5  0.5  0.321038  0.5  0.5  0.5  0.5  0.5  
0.975779  0.5  0.5  0.5  0.5  0.5  0.863078  0.5  0.5  0.5  0.5  0.5  
0.0652208  0.5  0.5  0.5  0.5  0.5  0.950685  0.5  0.5  0.5  0.5  0.5  
0.763703  0.5  0.5  0.5  0.5  0.5  0.587835  0.5  0.5  0.5  0.5  0.5  
0.4773  0.5  0.5  0.5  0.5  0.5  0.452202  0.5  0.5  0.5  0.5  0.5  
0.639611  0.5  0.5  0.5  0.5  0.5  0.784747  0.5  0.5  0.5  0.5  0.5  
0.00920874  0.5  0.5  0.5  0.5  0.5  0.835328  0.5  0.5  0.5  0.5  0.5  
0.846819  0.5  0.5  0.5  0.5  0.5  0.545683  0.5  0.5  0.5  0.5  0.5  
0.967711  0.5  0.5  0.5  0.5  0.5  0.0490606  0.5  0.5  0.5  0.5  0.5  
0.574818  0.5  0.5  0.5  0.5  0.5  0.556092  0.5  0.5  0.5  0.5  0.5  
0.155334  0.5  0.5  0.5  0.5  0.5  0.360466  0.5  0.5  0.5  0.5  0.5  
0.673504  0.5  0.5  0.5  0.5  0.5  0.921633  0.5  0.5  0.5  0.5  0.5  
0.595778  0.5  0.5  0.5  0.5  0.5  0.484145  0.5  0.5  0.5  0.5  0.5  
0.919092  0.5  0.5  0.5  0.5  0.5  0.809346  0.5  0.5  0.5  0.5  0.5  
0.785504  0.5  0.5  0.5  0.5  0.5  0.689308  0.5  0.5  0.5  0.5  0.5  
0.684924  0.5  0.5  0.5  0.5  0.5  0.379821  0.5  0.5  0.5  0.5  0.5  
0.662099  0.5  0.5  0.5  0.5  0.5  0.153159  0.5  0.5  0.5  0.5  0.5  
0.951792  0.5  0.5  0.5  0.5  0.5  0.290063  0.5  0.5  0.5  0.5  0.5  
0.617545  0.5  0.5  0.5  0.5  0.5  0.409487  0.5  0.5  0.5  0.5  0.5  
0.207013  0.5  0.5  0.5  0.5  0.5  0.872584  0.5  0.5  0.5  0.5  0.5  
0.294795  0.5  0.5  0.5  0.5  0.5  0.462853  0.5  0.5  0.5  0.5  0.5  
0.606513  0.5  0.5  0.5  0.5  0.5  0.0190996  0.5  0.5  0.5  0.5  0.5  
0.959732  0.5  0.5  0.5  0.5  0.5  0.247693  0.5  0.5  0.5  0.5  0.5  
0.554654  0.5  0.5  0.5  0.5  0.5  0.120521  0.5  0.5  0.5  0.5  0.5  
0.525388  0.5  0.5  0.5  0.5  0.5  0.98024  0.5  0.5  0.5  0.5  0.5  
0.935507  0.5  0.5  0.5  0.5  0.5  0.911935  0.5  0.5  0.5  0.5  0.5  
0.884759  0.5  0.5  0.5  0.5  0.5  0.515169  0.5  0.5  0.5  0.5  0.5  
0.39618  0.5  0.5  0.5  0.5  0.5  0.268373  0.5  0.5  0.5  0.5  0.5  
0.272114  0.5  0.5  0.5  0.5  0.5  0.901961  0.5  0.5  0.5  0.5  0.5  
0.752583  0.5  0.5  0.5  0.5  0.5  0.217399  0.5  0.5  0.5  0.5  0.5  
0.250025  0.5  0.5  0.5  0.5  0.5  0.0289481  0.5  0.5  0.5  0.5  0.5  
0.196632  0.5  0.5  0.5  0.5  0.5  0.00964105  0.5  0.5  0.5  0.5  0.5  
0.03694  0.5  0.5  0.5  0.5  0.5  0.740713  0.5  0.5  0.5  0.5  0.5  
0.730115  0.5  0.5  0.5  0.5  0.5  0.0692109  0.5  0.5  0.5  0.5  0.5  
0.515797  0.5  0.5  0.5  0.5  0.5  0.331261  0.5  0.5  0.5  0.5  0.5  
0.983804  0.5  0.5  0.5  0.5  0.5  0.237659  0.5  0.5  0.5  0.5  0.5  
0.774735  0.5  0.5  0.5  0.5  0.5  0.389471  0.5  0.5  0.5  0.5  0.5  
0.467564  0.5  0.5  0.5  0.5  0.5  0.504952  0.5  0.5  0.5  0.5  0.5  
0.238885  0.5  0.5  0.5  0.5  0.5  0.931323  0.5  0.5  0.5  0.5  0.5  
0.417106  0.5  0.5  0.5  0.5  0.5  0.655328  0.5  0.5  0.5  0.5  0.5  
0.32929  0.5  0.5  0.5  0.5  0.5  0.430383  0.5  0.5  0.5  0.5  0.5  
2.60437e-12  0.5  0.5  0.5  0.5  0.5  0.666494  0.5  0.5  0.5  0.5  0.5  
0.836962  0.5  0.5  0.5  0.5  0.5  0.257896  0.5  0.5  0.5  0.5  0.5  
0.487029  0.5  0.5  0.5  0.5  0.5  0.351161  0.5  0.5  0.5  0.5  0.5  
0.718854  0.5  0.5  0.5  0.5  0.5  0.598557  0.5  0.5  0.5  0.5  0.5  
0.186149  0.5  0.5  0.5  0.5  0.5  0.109908  0.5  0.5  0.5  0.5  0.5  
0.0183841  0.5  0.5  0.5  0.5  0.5  0.801323  0.5  0.5  0.5  0.5  0.5  
0.261032  0.5  0.5  0.5  0.5  0.5  0.163966  0.5  0.5  0.5  0.5  0.5  
0.363377  0.5  0.5  0.5  0.5  0.5  0.577094  0.5  0.5  0.5  0.5  0.5  
0.306248  0.5  0.5  0.5  0.5  0.5  0.196258  0.5  0.5  0.5  0.5  0.5  
0.114126  0.5  0.5  0.5  0.5  0.5  0.990158  0.5  0.5  0.5  0.5  0.5  
0.374278  0.5  0.5  0.5  0.5  0.5  0.18547  0.5  0.5  0.5  0.5  0.5  
0.046344  0.5  0.5  0.5  0.5  0.5  0.419949  0.5  0.5  0.5  0.5  0.5  
0.0844972  0.5  0.5  0.5  0.5  0.5  0.632646  0.5  0.5  0.5  0.5  0.5  
0.074763  0.5  0.5  0.5  0.5  0.5  0.341281  0.5  0.5  0.5  0.5  0.5  
0.283304  0.5  0.5  0.5  0.5  0.5  1  0.5  0.5  0.5  0.5  0.5  
0.34074  0.5  0.5  0.5  0.5  0.5  0.0794588  0.5  0.5  0.5  0.5  0.5  
0.544875  0.5  0.5  0.5  0.5  0.5  0.473637  0.5  0.5  0.5  0.5  0.5  
0.650802  0.5  0.5  0.5  0.5  0.5  0.300341  0.5  0.5  0.5  0.5  0.5  
0.0276783  0.5  0.5  0.5  0.5  0.5  0.56657  0.5  0.5  0.5  0.5  0.5  
0.124342  0.5  0.5  0.5  0.5  0.5  0.882275  0.5  0.5  0.5  0.5  0.5  
0.816891  0.5  0.5  0.5  0.5  0.5  0.677981  0.5  0.5  0.5  0.5  0.5  
0.406794  0.5  0.5  0.5  0.5  0.5  0.970299  0.5  0.5  0.5  0.5  0.5  
0.94379  0.5  0.5  0.5  0.5  0.5  0.826466  0.5  0.5  0.5  0.5  0.5  
0.506195  0.5  0.5  0.5  0.5  0.5  0.644104  0.5  0.5  0.5  0.5  0.5  
0.228038  0.5  0.5  0.5  0.5  0.5  0.844391  0.5  0.5  0.5  0.5  0.5  
0.437538  0.5  0.5  0.5  0.5  0.5  0.853622  0.5  0.5  0.5  0.5  0.5  
0.49664  0.5  0.5  0.5  0.5  0.5  0.621112  0.5  0.5  0.5  0.5  0.5  
0.707623  0.5  0.5  0.5  0.5  0.5  0.892021  0.5  0.5  0.5  0.5  0.5  
0.134622  0.5  0.5  0.5  0.5  0.5  0.767627  0.5  0.5  0.5  0.5  0.5  
0.0943869  0.5  0.5  0.5  0.5  0.5  0.721113  0.5  0.5  0.5  0.5  0.5  
0.927242  0.5  0.5  0.5  0.5  0.5  1.40625e-27  0.5  0.5  0.5  0.5  0.5  
0.352164  0.5  0.5  0.5  0.5  0.5  0.141791  0.5  0.5  0.5  0.5  0.5  
0.827038  0.5  0.5  0.5  0.5  0.5  0.525388  0.5  0.5  0.5  0.5  0.5  
0.875514  0.5  0.5  0.5  0.5  0.5  0.700168  0.5  0.5  0.5  0.5  0.5  
0.564562  0.5  0.5  0.5  0.5  0.5  0.0389162  0.5  0.5  0.5  0.5  0.5  
0.447694  0.5  0.5  0.5  0.5  0.5  0.77621  0.5  0.5  0.5  0.5  0.5  
0.74133  0.5  0.5  0.5  0.5  0.5  0.278964  0.5  0.5  0.5  0.5  0.5  
0.62852  0.5  0.5  0.5  0.5  0.5  0.399385  0.5  0.5  0.5  0.5  0.5  
0.10422  0.5  0.5  0.5  0.5  0.5  0.174868  0.5  0.5  0.5  0.5  0.5  
0.457672  0.5  0.5  0.5  0.5  0.5  0.0896623  0.5  0.5  0.5  0.5  0.5  
0.0557382  0.5  0.5  0.5  0.5  0.5  0.441205  0.5  0.5  0.5  0.5  0.5  
0.893592  0.5  0.5  0.5  0.5  0.5  0.758766  0.5  0.5  0.5  0.5  0.5  
0.317614  0.5  0.5  0.5  0.5  0.5  0.13215  0.5  0.5  0.5  0.5  0.5  
0.588154  0.5  0.5  0.5  0.5  0.5  0.941193  0.5  0.5  0.5  0.5  0.5  
0.166426  0.5  0.5  0.5  0.5  0.5  0.536094  0.5  0.5  0.5  0.5  0.5  
0.850102  0.5  0.5  0.5  0.5  0.5  0.0599341  0.5  0.5  0.5  0.5  0.5  
1  0.5  0.5  0.5  0.5  0.5  0.100887  0.5  0.5  0.5  0.5  0.5  
0.896809  0.5  0.5  0.5  0.5  0.5  0.703824  0.5  0.5  0.5  0.5  0.5  
0.695742  0.5  0.5  0.5  0.5  0.5  0.723687  0.5  0.5  0.5  0.5  0.5  
0.536643  0.5  0.5  0.5  0.5  0.5  0.610556  0.5  0.5  0.5  0.5  0.5  
0.219034  0.5  0.5  0.5  0.5  0.5  0.309594  0.5  0.5  0.5  0.5  0.5  
0.79066  0.5  0.5  0.5  0.5  0.5  0.960727  0.5  0.5  0.5  0.5  0.5  
0.42503  0.5  0.5  0.5  0.5  0.5  0.743338  0.5  0.5  0.5  0.5  0.5  
0.991839  0.5  0.5  0.5  0.5  0.5  0.494191  0.5  0.5  0.5  0.5  0.5  
0.905939  0.5  0.5  0.5  0.5  0.5  0.818727  0.5  0.5  0.5  0.5  0.5  
0.859638  0.5  0.5  0.5  0.5  0.5  0.206197  0.5  0.5  0.5  0.5  0.5  
0.145824  0.5  0.5  0.5  0.5  0.5  0.370417  0.5  0.5  0.5  0.5  0.5  
0.176802  0.5  0.5  0.5  0.5  0.5  0.227108  0.5  0.5  0.5  0.5  0.5  
0.800881  0.5  0.5  0.5  0.5  0.5  0.791049  0.5  0.5  0.5  0.5  0.5  
0.38283  0.5  0.5  0.5  0.5  0.5  0.319829  0.5  0.5  0.5  0.5  0.5  
0.975331  0.5  0.5  0.5  0.5  0.5  0.864918  0.5  0.5  0.5  0.5  0.5  
0.0660918  0.5  0.5  0.5  0.5  0.5  0.950958  0.5  0.5  0.5  0.5  0.5  
0.759805  0.5  0.5  0.5  0.5  0.5  0.589233  0.5  0.5  0.5  0.5  0.5  
0.476275  0.5  0.5  0.5  0.5  0.5  0.452318  0.5  0.5  0.5  0.5  0.5  
0.641378  0.5  0.5  0.5  0.5  0.5  0.781724  0.5  0.5  0.5  0.5  0.5  
0.0092943  0.5  0.5  0.5  0.5  0.5  0.837159  0.5  0.5  0.5  0.5  0.5  
0.840382  0.5  0.5  0.5  0.5  0.5  0.546651  0.5  0.5  0.5  0.5  0.5  
0.966972  0.5  0.5  0.5  0.5  0.5  0.0498549  0.5  0.5  0.5  0.5  0.5  
0.577785  0.5  0.5  0.5  0.5  0.5  0.557258  0.5  0.5  0.5  0.5  0.5  
0.156108  0.5  0.5  0.5  0.5  0.5  0.360293  0.5  0.5  0.5  0.5  0.5  
0.673943  0.5  0.5  0.5  0.5  0.5  0.921829  0.5  0.5  0.5  0.5  0.5  
0.598687  0.5  0.5  0.5  0.5  0.5  0.483717  0.5  0.5  0.5  0.5  0.5  
0.91491  0.5  0.5  0.5  0.5  0.5  0.809554  0.5  0.5  0.5  0.5  0.5  
0.780437  0.5  0.5  0.5  0.5  0.5  0.683563  0.5  0.5  0.5  0.5  0.5  
0.684893  0.5  0.5  0.5  0.5  0.5  0.380548  0.5  0.5  0.5  0.5  0.5  
0.663046  0.5  0.5  0.5  0.5  0.5  0.153254  0.5  0.5  0.5  0.5  0.5  
0.950029  0.5  0.5  0.5  0.5  0.5  0.289109  0.5  0.5  0.5  0.5  0.5  
0.619927  0.5  0.5  0.5  0.5  0.5  0.411088  0.5  0.5  0.5  0.5  0.5  
0.208374  0.5  0.5  0.5  0.5  0.5  0.874242  0.5  0.5  0.5  0.5  0.5  
0.29538  0.5  0.5  0.5  0.5  0.5  0.462749  0.5  0.5  0.5  0.5  0.5  
0.609249  0.5  0.5  0.5  0.5  0.5  0.0198363  0.5  0.5  0.5  0.5  0.5  
0.958525  0.5  0.5  0.5  0.5  0.5  0.247926  0.5  0.5  0.5  0.5  0.5  
0.557137  0.5  0.5  0.5  0.5  0.5  0.121671  0.5  0.5  0.5  0.5  0.5  
0.52653  0.5  0.5  0.5  0.5  0.5  0.980313  0.5  0.5  0.5  0.5  0.5  
0.932531  0.5  0.5  0.5  0.5  0.5  0.912202  0.5  0.5  0.5  0.5  0.5  
0.878458  0.5  0.5  0.5  0.5  0.5  0.5151  0.5  0.5  0.5  0.5  0.5  
0.393488  0.5  0.5  0.5  0.5  0.5  0.268594  0.5  0.5  0.5  0.5  0.5  
0.273292  0.5  0.5  0.5  0.5  0.5  0.90263  0.5  0.5  0.5  0.5  0.5  
0.749305  0.5  0.5  0.5  0.5  0.5  0.216671  0.5  0.5  0.5  0.5  0.5  
0.251387  0.5  0.5  0.5  0.5  0.5  0.0297825  0.5  0.5  0.5  0.5  0.5  
0.197863  0.5  0.5  0.5  0.5  0.5  0.00990451  0.5  0.5  0.5  0.5  0.5  
0.0373939  0.5  0.5  0.5  0.5  0.5  0.733533  0.5  0.5  0.5  0.5  0.5  
0.728145  0.5  0.5  0.5  0.5  0.5  0.0700555  0.5  0.5  0.5  0.5  0.5  
0.516503  0.5  0.5  0.5  0.5  0.5  0.329981  0.5  0.5  0.5  0.5  0.5  
0.983614  0.5  0.5  0.5  0.5  0.5  0.237521  0.5  0.5  0.5  0.5  0.5  
0.770092  0.5  0.5  0.5  0.5  0.5  0.390667  0.5  0.5  0.5  0.5  0.5  
0.466136  0.5  0.5  0.5  0.5  0.5  0.504647  0.5  0.5  0.5  0.5  0.5  
0.240517  0.5  0.5  0.5  0.5  0.5  0.93149  0.5  0.5  0.5  0.5  0.5  
0.41455  0.5  0.5  0.5  0.5  0.5  0.652783  0.5  0.5  0.5  0.5  0.5  
0.32867  0.5  0.5  0.5  0.5  0.5  0.431627  0.5  0.5  0.5  0.5  0.5  
2.60437e-12  0.5  0.5  0.5  0.5  0.5  0.6631  0.5  0.5  0.5  0.5  0.5  
0.830552  0.5  0.5  0.5  0.5  0.5  0.258283  0.5  0.5  0.5  0.5  0.5  
0.486341  0.5  0.5  0.5  0.5  0.5  0.350213  0.5  0.5  0.5  0.5  0.5  
0.717364  0.5  0.5  0.5  0.5  0.5  0.599926  0.5  0.5  0.5  0.5  0.5  
0.187305  0.5  0.5  0.5  0.5  0.5  0.111198  0.5  0.5  0.5  0.5  0.5  
0.0186306  0.5  0.5  0.5  0.5  0.5  0.800342  0.5  0.5  0.5  0.5  0.5  
0.262315  0.5  0.5  0.5  0.5  0.5  0.163849  0.5  0.5  0.5  0.5  0.5  
0.361376  0.5  0.5  0.5  0.5  0.5  0.578549  0.5  0.5  0.5  0.5  0.5  
0.30651  0.5  0.5  0.5  0.5  0.5  0.195641  0.5  0.5  0.5  0.5  0.5  
0.115426  0.5  0.5  0.5  0.5  0.5  0.990158  0.5  0.5  0.5  0.5  0.5  
0.372156  0.5  0.5  0.5  0.5  0.5  0.185044  0.5  0.5  0.5  0.5  0.5  
0.0468852  0.5  0.5  0.5  0.5  0.5  0.421369  0.5  0.5  0.5  0.5  0.5  
0.0856294  0.5  0.5  0.5  0.5  0.5  0.631787  0.5  0.5  0.5  0.5  0.5  
0.0758582  0.5  0.5  0.5  0.5  0.5  0.34012  0.5  0.5  0.5  0.5  0.5  
0.284319  0.5  0.5  0.5  0.5  0.5  1  0.5  0.5  0.5  0.5  0.5  
0.339646  0.5  0.5  0.5  0.5  0.5  0.0802763  0.5  0.5  0.5  0.5  0.5  
0.546844  0.5  0.5  0.5  0.5  0.5  0.47321  0.5  0.5  0.5  0.5  0.5  
0.65223  0.5  0.5  0.5  0.5  0.5  0.29936  0.5  0.5  0.5  0.5  0.5  
0.0280181  0.5  0.5  0.5  0.5  0.5  0.567848  0.5  0.5  0.5  0.5  0.5  
0.125506  0.5  0.5  0.5  0.5  0.5  0.883631  0.5  0.5  0.5  0.5  0.5  
0.810774  0.5  0.5  0.5  0.5  0.5  0.673361  0.5  0.5  0.5  0.5  0.5  
0.404073  0.5  0.5  0.5  0.5  0.5  0.970516  0.5  0.5  0.5  0.5  0.5  
0.941323  0.5  0.5  0.5  0.5  0.5  0.827937  0.5  0.5  0.5  0.5  0.5  
0.506531  0.5  0.5  0.5  0.5  0.5  0.642291  0.5  0.5  0.5  0.5  0.5  
0.229746  0.5  0.5  0.5  0.5  0.5  0.846396  0.5  0.5  0.5  0.5  0.5  
0.435453  0.5  0.5  0.5  0.5  0.5  0.855653  0.5  0.5  0.5  0.5  0.5  
0.496459  0.5  0.5  0.5  0.5  0.5  0.621226  0.5  0.5  0.5  0.5  0.5  
0.706635  0.5  0.5  0.5  0.5  0.5  0.893088  0.5  0.5  0.5  0.5  0.5  
0.135624  0.5  0.5  0.5  0.5  0.5  0.762651  0.5  0.5  0.5  0.5  0.5  
0.0954568  0.5  0.5  0.5  0.5  0.5  0.713859  0.5  0.5  0.5  0.5  0.5  
0.92377  0.5  0.5  0.5  0.5  0.5  1.40625e-27  0.5  0.5  0.5  0.5  0.5  
0.350545  0.5  0.5  0.5  0.5  0.5  0.142694  0.5  0.5  0.5  0.5  0.5  
0.820782  0.5  0.5  0.5  0.5  0.5  0.525574  0.5  0.5  0.5  0.5  0.5  
0.869055  0.5  0.5  0.5  0.5  0.5  0.693851  0.5  0.5  0.5  0.5  0.5  
0.567406  0.5  0.5  0.5  0.5  0.5  0.0398164  0.5  0.5  0.5  0.5  0.5  
0.445721  0.5  0.5  0.5  0.5  0.5  0.772289  0.5  0.5  0.5  0.5  0.5  
0.738729  0.5  0.5  0.5  0.5  0.5  0.278901  0.5  0.5  0.5  0.5  0.5  
0.630632  0.5  0.5  0.5  0.5  0.5  0.400846  0.5  0.5  0.5  0.5  0.5  
0.105437  0.5  0.5  0.5  0.5  0.5  0.174469  0.5  0.5  0.5  0.5  0.5  
0.455925  0.5  0.5  0.5  0.5  0.5  0.0906072  0.5  0.5  0.5  0.5  0.5  
0.0564894  0.5  0.5  0.5  0.5  0.5  0.441932  0.5  0.5  0.5  0.5  0.5  
0.887753  0.5  0.5  0.5  0.5  0.5  0.752975  0.5  0.5  0.5  0.5  0.5  
0.317315  0.5  0.5  0.5  0.5  0.5  0.132314  0.5  0.5  0.5  0.5  0.5  
0.588852  0.5  0.5  0.5  0.5  0.5  0.941332  0.5  0.5  0.5  0.5  0.5  
0.167042  0.5  0.5  0.5  0.5  0.5  0.536117  0.5  0.5  0.5  0.5  0.5  
0.847599  0.5  0.5  0.5  0.5  0.5  0.060272  0.5  0.5  0.5  0.5  0.5  
1  0.5  0.5  0.5  0.5  0.5  0.101176  0.5  0.5  0.5  0.5  0.5  
0.894459  0.5  0.5  0.5  0.5  0.5  0.702921  0.5  0.5  0.5  0.5  0.5  
0.695353  0.5  0.5  0.5  0.5  0.5  0.722758  0.5  0.5  0.5  0.5  0.5  
0.537087  0.5  0.5  0.5  0.5  0.5  0.610308  0.5  0.5  0.5  0.5  0.5  
0.219558  0.5  0.5  0.5  0.5  0.5  0.309587  0.5  0.5  0.5  0.5  0.5  
0.788542  0.5  0.5  0.5  0.5  0.5  0.960793  0.5  0.5  0.5  0.5  0.5  
0.424547  0.5  0.5  0.5  0.5  0.5  0.742328  0.5  0.5  0.5  0.5  0.5  
0.99153  0.5  0.5  0.5  0.5  0.5  0.494191  0.5  0.5  0.5  0.5  0.5  
0.903454  0.5  0.5  0.5  0.5  0.5  0.818631  0.5  0.5  0.5  0.5  0.5  
0.857192  0.5  0.5  0.5  0.5  0.5  0.206135  0.5  0.5  0.5  0.5  0.5  
0.146417  0.5  0.5  0.5  0.5  0.5  0.370417  0.5  0.5  0.5  0.5  0.5  
0.17749  0.5  0.5  0.5  0.5  0.5  0.227083  0.5  0.5  0.5  0.5  0.5  
0.798628  0.5  0.5  0.5  0.5  0.5  0.790478  0.5  0.5  0.5  0.5  0.5  
0.38225  0.5  0.5  0.5  0.5  0.5  0.319785  0.5  0.5  0.5  0.5  0.5  
0.974513  0.5  0.5  0.5  0.5  0.5  0.865064  0.5  0.5  0.5  0.5  0.5  
0.0666066  0.5  0.5  0.5  0.5  0.5  0.951053  0.5  0.5  0.5  0.5  0.5  
0.758079  0.5  0.5  0.5  0.5  0.5  0.589116  0.5  0.5  0.5  0.5  0.5  
0.476191  0.5  0.5  0.5  0.5  0.5  0.452449  0.5  0.5  0.5  0.5  0.5  
0.641707  0.5  0.5  0.5  0.5  0.5  0.780913  0.5  0.5  0.5  0.5  0.5  
0.00941579  0.5  0.5  0.5  0.5  0.5  0.837175  0.5  0.5  0.5  0.5  0.5  
0.83789  0.5  0.5  0.5  0.5  0.5  0.546658  0.5  0.5  0.5  0.5  0.5  
0.96582  0.5  0.5  0.5  0.5  0.5  0.0501289  0.5  0.5  0.5  0.5  0.5  
0.578379  0.5  0.5  0.5  0.5  0.5  0.557258  0.5  0.5  0.5  0.5  0.5  
0.156681  0.5  0.5  0.5  0.5  0.5  0.360293  0.5  0.5  0.5  0.5  0.5  
0.673928  0.5  0.5  0.5  0.5  0.5  0.922083  0.5  0.5  0.5  0.5  0.5  
0.59931  0.5  0.5  0.5  0.5  0.5  0.483735  0.5  0.5  0.5  0.5  0.5  
0.912615  0.5  0.5  0.5  0.5  0.5  0.8093  0.5  0.5  0.5  0.5  0.5  
0.778473  0.5  0.5  0.5  0.5  0.5  0.682705  0.5  0.5  0.5  0.5  0.5  
0.684658  0.5  0.5  0.5  0.5  0.5  0.380548  0.5  0.5  0.5  0.5  0.5  
0.663165  0.5  0.5  0.5  0.5  0.5  0.153315  0.5  0.5  0.5  0.5  0.5  
0.948414  0.5  0.5  0.5  0.5  0.5  0.289109  0.5  0.5  0.5  0.5  0.5  
0.620418  0.5  0.5  0.5  0.5  0.5  0.411154  0.5  0.5  0.5  0.5  0.5  
0.208975  0.5  0.5  0.5  0.5  0.5  0.874496  0.5  0.5  0.5  0.5  0.5  
0.295384  0.5  0.5  0.5  0.5  0.5  0.462871  0.5  0.5  0.5  0.5  0.5  
0.609825  0.5  0.5  0.5  0.5  0.5  0.0199261  0.5  0.5  0.5  0.5  0.5  
0.957138  0.5  0.5  0.5  0.5  0.5  0.247884  0.5  0.5  0.5  0.5  0.5  
0.557642  0.5  0.5  0.5  0.5  0.5  0.121886  0.5  0.5  0.5  0.5  0.5  
0.52689  0.5  0.5  0.5  0.5  0.5  0.980352  0.5  0.5  0.5  0.5  0.5  
0.930587  0.5  0.5  0.5  0.5  0.5  0.912468  0.5  0.5  0.5  0.5  0.5  
0.875891  0.5  0.5  0.5  0.5  0.5  0.515117  0.5  0.5  0.5  0.5  0.5  
0.392879  0.5  0.5  0.5  0.5  0.5  0.268594  0.5  0.5  0.5  0.5  0.5  
0.273461  0.5  0.5  0.5  0.5  0.5  0.90291  0.5  0.5  0.5  0.5  0.5  
0.747792  0.5  0.5  0.5  0.5  0.5  0.216632  0.5  0.5  0.5  0.5  0.5  
0.251733  0.5  0.5  0.5  0.5  0.5  0.0299756  0.5  0.5  0.5  0.5  0.5  
0.198514  0.5  0.5  0.5  0.5  0.5  0.00993981  0.5  0.5  0.5  0.5  0.5  
0.037825  0.5  0.5  0.5  0.5  0.5  0.732586  0.5  0.5  0.5  0.5  0.5  
0.727043  0.5  0.5  0.5  0.5  0.5  0.0704522  0.5  0.5  0.5  0.5  0.5  
0.51675  0.5  0.5  0.5  0.5  0.5  0.329934  0.5  0.5  0.5  0.5  0.5  
0.983095  0.5  0.5  0.5  0.5  0.5  0.237476  0.5  0.5  0.5  0.5  0.5  
0.768334  0.5  0.5  0.5  0.5  0.5  0.390696  0.5  0.5  0.5  0.5  0.5  
0.465977  0.5  0.5  0.5  0.5  0.5  0.504647  0.5  0.5  0.5  0.5  0.5  
0.24095  0.5  0.5  0.5  0.5  0.5  0.931681  0.5  0.5  0.5  0.5  0.5  
0.41407  0.5  0.5  0.5  0.5  0.5  0.651984  0.5  0.5  0.5  0.5  0.5  
0.328266  0.5  0.5  0.5  0.5  0.5  0.431712  0.5  0.5  0.5  0.5  0.5  
2.60437e-12  0.5  0.5  0.5  0.5  0.5  0.662308  0.5  0.5  0.5  0.5  0.5  
0.82819  0.5  0.5  0.5  0.5  0.5  0.258283  0.5  0.5  0.5  0.5  0.5  
0.486303  0.5  0.5  0.5  0.5  0.5  0.350213  0.5  0.5  0.5  0.5  0.5  
0.716615  0.5  0.5  0.5  0.5  0.5  0.59972  0.5  0.5  0.5  0.5  0.5  
0.188046  0.5  0.5  0.5  0.5  0.5  0.111509  0.5  0.5  0.5  0.5  0.5  
0.0188519  0.5  0.5  0.5  0.5  0.5  0.799901  0.5  0.5  0.5  0.5  0.5  
0.262574  0.5  0.5  0.5  0.5  0.5  0.163871  0.5  0.5  0.5  0.5  0.5  
0.360796  0.5  0.5  0.5  0.5  0.5  0.578549  0.5  0.5  0.5  0.5  0.5  
0.306368  0.5  0.5  0.5  0.5  0.5  0.195582  0.5  0.5  0.5  0.5  0.5  
0.115982  0.5  0.5  0.5  0.5  0.5  0.990158  0.5  0.5  0.5  0.5  0.5  
0.371529  0.5  0.5  0.5  0.5  0.5  0.18501  0.5  0.5  0.5  0.5  0.5  
0.0473574  0.5  0.5  0.5  0.5  0.5  0.421386  0.5  0.5  0.5  0.5  0.5  
0.0862366  0.5  0.5  0.5  0.5  0.5  0.631193  0.5  0.5  0.5  0.5  0.5  
0.0763735  0.5  0.5  0.5  0.5  0.5  0.340097  0.5  0.5  0.5  0.5  0.5  
0.284408  0.5  0.5  0.5  0.5  0.5  1  0.5  0.5  0.5  0.5  0.5  
0.339106  0.5  0.5  0.5  0.5  0.5  0.0806139  0.5  0.5  0.5  0.5  0.5  
0.547303  0.5  0.5  0.5  0.5  0.5  0.473288  0.5  0.5  0.5  0.5  0.5  
0.652386  0.5  0.5  0.5  0.5  0.5  0.29936  0.5  0.5  0.5  0.5  0.5  
0.0283208  0.5  0.5  0.5  0.5  0.5  0.567892  0.5  0.5  0.5  0.5  0.5  
0.126041  0.5  0.5  0.5  0.5  0.5  0.883896  0.5  0.5  0.5  0.5  0.5  
0.808562  0.5  0.5  0.5  0.5  0.5  0.672521  0.5  0.5  0.5  0.5  0.5  
0.403471  0.5  0.5  0.5  0.5  0.5  0.970552  0.5  0.5  0.5  0.5  0.5  
0.939547  0.5  0.5  0.5  0.5  0.5  0.827908  0.5  0.5  0.5  0.5  0.5  
0.506564  0.5  0.5  0.5  0.5  0.5  0.641639  0.5  0.5  0.5  0.5  0.5  
0.230283  0.5  0.5  0.5  0.5  0.5  0.846482  0.5  0.5  0.5  0.5  0.5  
0.434977  0.5  0.5  0.5  0.5  0.5  0.855757  0.5  0.5  0.5  0.5  0.5  
0.496459  0.5  0.5  0.5  0.5  0.5  0.620786  0.5  0.5  0.5  0.5  0.5  
0.706003  0.5  0.5  0.5  0.5  0.5  0.893382  0.5  0.5  0.5  0.5  0.5  
0.13618  0.5  0.5  0.5  0.5  0.5  0.761779  0.5  0.5  0.5  0.5  0.5  
0.0960678  0.5  0.5  0.5  0.5  0.5  0.712838  0.5  0.5  0.5  0.5  0.5  
0.921681  0.5  0.5  0.5  0.5  0.5  1.40625e-27  0.5  0.5  0.5  0.5  0.5  
0.349976  0.5  0.5  0.5  0.5  0.5  0.142822  0.5  0.5  0.5  0.5  0.5  
0.818336  0.5  0.5  0.5  0.5  0.5  0.525632  0.5  0.5  0.5  0.5  0.5  
0.866562  0.5  0.5  0.5  0.5  0.5  0.692847  0.5  0.5  0.5  0.5  0.5  
0.567984  0.5  0.5  0.5  0.5  0.5  0.0400516  0.5  0.5  0.5  0.5  0.5  
0.445328  0.5  0.5  0.5  0.5  0.5  0.771384  0.5  0.5  0.5  0.5  0.5  
0.737412  0.5  0.5  0.5  0.5  0.5  0.278866  0.5  0.5  0.5  0.5  0.5  
0.631033  0.5  0.5  0.5  0.5  0.5  0.400899  0.5  0.5  0.5  0.5  0.5  
0.105995  0.5  0.5  0.5  0.5  0.5  0.174464  0.5  0.5  0.5  0.5  0.5  
0.455619  0.5  0.5  0.5  0.5  0.5  0.0908252  0.5  0.5  0.5  0.5  0.5  
0.0569382  0.5  0.5  0.5  0.5  0.5  0.442074  0.5  0.5  0.5  0.5  0.5  
0.885228  0.5  0.5  0.5  0.5  0.5  0.752077  0.5  0.5  0.5  0.5  0.5  
0.317207  0.5  0.5  0.5  0.5  0.5  0.132481  0.5  0.5  0.5  0.5  0.5  
0.589005  0.5  0.5  0.5  0.5  0.5  0.941497  0.5  0.5  0.5  0.5  0.5  
0.16761  0.5  0.5  0.5  0.5  0.5  0.536168  0.5  0.5  0.5  0.5  0.5  
0.845985  0.5  0.5  0.5  0.5  0.5  0.0603999  0.5  0.5  0.5  0.5  0.5  
1  0.5  0.5  0.5  0.5  0.5  0.101341  0.5  0.5  0.5  0.5  0.5  
0.893073  0.5  0.5  0.5  0.5  0.5  0.702167  0.5  0.5  0.5  0.5  0.5  
0.69506  0.5  0.5  0.5  0.5  0.5  0.722181  0.5  0.5  0.5  0.5  0.5  
0.537149  0.5  0.5  0.5  0.5  0.5  0.610004  0.5  0.5  0.5  0.5  0.5  
0.219939  0.5  0.5  0.5  0.5  0.5  0.309574  0.5  0.5  0.5  0.5  0.5  
0.787301  0.5  0.5  0.5  0.5  0.5  0.960853  0.5  0.5  0.5  0.5  0.5  
0.424133  0.5  0.5  0.5  0.5  0.5  0.741835  0.5  0.5  0.5  0.5  0.5  
0.99137  0.5  0.5  0.5  0.5  0.5  0.494191  0.5  0.5  0.5  0.5  0.5  
0.90235  0.5  0.5  0.5  0.5  0.5  0.818461  0.5  0.5  0.5  0.5  0.5  
0.855587  0.5  0.5  0.5  0.5  0.5  0.206016  0.5  0.5  0.5  0.5  0.5  
0.147056  0.5  0.5  0.5  0.5  0.5  0.370441  0.5  0.5  0.5  0.5  0.5  
0.178037  0.5  0.5  0.5  0.5  0.5  0.226951  0.5  0.5  0.5  0.5  0.5  
0.797223  0.5  0.5  0.5  0.5  0.5  0.790053  0.5  0.5  0.5  0.5  0.5  
0.382009  0.5  0.5  0.5  0.5  0.5  0.319764  0.5  0.5  0.5  0.5  0.5  
0.973965  0.5  0.5  0.5  0.5  0.5  0.865299  0.5  0.5  0.5  0.5  0.5  
0.0672333  0.5  0.5  0.5  0.5  0.5  0.951165  0.5  0.5  0.5  0.5  0.5  
0.757211  0.5  0.5  0.5  0.5  0.5  0.589027  0.5  0.5  0.5  0.5  0.5  
0.475998  0.5  0.5  0.5  0.5  0.5  0.452483  0.5  0.5  0.5  0.5  0.5  
0.641854  0.5  0.5  0.5  0.5  0.5  0.780466  0.5  0.5  0.5  0.5  0.5  
0.00948597  0.5  0.5  0.5  0.5  0.5  0.837175  0.5  0.5  0.5  0.5  0.5  
0.836338  0.5  0.5  0.5  0.5  0.5  0.546714  0.5  0.5  0.5  0.5  0.5  
0.965225  0.5  0.5  0.5  0.5  0.5  0.050253  0.5  0.5  0.5  0.5  0.5  
0.578566  0.5  0.5  0.5  0.5  0.5  0.557283  0.5  0.5  0.5  0.5  0.5  
0.157305  0.5  0.5  0.5  0.5  0.5  0.360326  0.5  0.5  0.5  0.5  0.5  
0.673862  0.5  0.5  0.5  0.5  0.5  0.92223  0.5  0.5  0.5  0.5  0.5  
0.599479  0.5  0.5  0.5  0.5  0.5  0.483735  0.5  0.5  0.5  0.5  0.5  
0.911502  0.5  0.5  0.5  0.5  0.5  0.809037  0.5  0.5  0.5  0.5  0.5  
0.777389  0.5  0.5  0.5  0.5  0.5  0.682039  0.5  0.5  0.5  0.5  0.5  
0.684502  0.5  0.5  0.5  0.5  0.5  0.380593  0.5  0.5  0.5  0.5  0.5  
0.663188  0.5  0.5  0.5  0.5  0.5  0.15341  0.5  0.5  0.5  0.5  0.5  
0.947447  0.5  0.5  0.5  0.5  0.5  0.289101  0.5  0.5  0.5  0.5  0.5  
0.620619  0.5  0.5  0.5  0.5  0.5  0.411196  0.5  0.5  0.5  0.5  0.5  
0.2094  0.5  0.5  0.5  0.5  0.5  0.874695  0.5  0.5  0.5  0.5  0.5  
0.295423  0.5  0.5  0.5  0.5  0.5  0.462871  0.5  0.5  0.5  0.5  0.5  
0.610045  0.5  0.5  0.5  0.5  0.5  0.0200222  0.5  0.5  0.5  0.5  0.5  
0.956327  0.5  0.5  0.5  0.5  0.5  0.247822  0.5  0.5  0.5  0.5  0.5  
0.557765  0.5  0.5  0.5  0.5  0.5  0.122029  0.5  0.5  0.5  0.5  0.5  
0.526937  0.5  0.5  0.5  0.5  0.5  0.980352  0.5  0.5  0.5  0.5  0.5  
0.929546  0.5  0.5  0.5  0.5  0.5  0.912621  0.5  0.5  0.5  0.5  0.5  
0.874391  0.5  0.5  0.5  0.5  0.5  0.515134  0.5  0.5  0.5  0.5  0.5  
0.392613  0.5  0.5  0.5  0.5  0.5  0.268521  0.5  0.5  0.5  0.5  0.5  
0.273626  0.5  0.5  0.5  0.5  0.5  0.903048  0.5  0.5  0.5  0.5  0.5  
0.747087  0.5  0.5  0.5  0.5  0.5  0.216497  0.5  0.5  0.5  0.5  0.5  
0.25198  0.5  0.5  0.5  0.5  0.5  0.0300601  0.5  0.5  0.5  0.5  0.5  
0.198877  0.5  0.5  0.5  0.5  0.5  0.00999042  0.5  0.5  0.5  0.5  0.5  
0.0381767  0.5  0.5  0.5  0.5  0.5  0.73207  0.5  0.5  0.5  0.5  0.5  
0.726485  0.5  0.5  0.5  0.5  0.5  0.0705488  0.5  0.5  0.5  0.5  0.5  
0.516756  0.5  0.5  0.5  0.5  0.5  0.329934  0.5  0.5  0.5  0.5  0.5  
0.982664  0.5  0.5  0.5  0.5  0.5  0.237397  0.5  0.5  0.5  0.5  0.5  
0.767377  0.5  0.5  0.5  0.5  0.5  0.390775  0.5  0.5  0.5  0.5  0.5  
0.465709  0.5  0.5  0.5  0.5  0.5  0.504647  0.5  0.5  0.5  0.5  0.5  
0.24122  0.5  0.5  0.5  0.5  0.5  0.931843  0.5  0.5  0.5  0.5  0.5  
0.413636  0.5  0.5  0.5  0.5  0.5  0.65133  0.5  0.5  0.5  0.5  0.5  
0.328105  0.5  0.5  0.5  0.5  0.5  0.431788  0.5  0.5  0.5  0.5  0.5  
2.60437e-12  0.5  0.5  0.5  0.5  0.5  0.661653  0.5  0.5  0.5  0.5  0.5  
0.826654  0.5  0.5  0.5  0.5  0.5  0.258192  0.5  0.5  0.5  0.5  0.5  
0.486238  0.5  0.5  0.5  0.5  0.5  0.350213  0.5  0.5  0.5  0.5  0.5  
0.716043  0.5  0.5  0.5  0.5  0.5  0.599533  0.5  0.5  0.5  0.5  0.5  
0.188403  0.5  0.5  0.5  0.5  0.5  0.111646  0.5  0.5  0.5  0.5  0.5  
0.0189958  0.5  0.5  0.5  0.5  0.5  0.799594  0.5  0.5  0.5  0.5  0.5  
0.262763  0.5  0.5  0.5  0.5  0.5  0.163911  0.5  0.5  0.5  0.5  0.5  
0.360604  0.5  0.5  0.5  0.5  0.5  0.578471  0.5  0.5  0.5  0.5  0.5  
0.306313  0.5  0.5  0.5  0.5  0.5  0.195528  0.5  0.5  0.5  0.5  0.5  
0.116649  0.5  0.5  0.5  0.5  0.5  0.990158  0.5  0.5  0.5  0.5  0.5  
0.371349  0.5  0.5  0.5  0.5  0.5  0.18501  0.5  0.5  0.5  0.5  0.5  
0.0478455  0.5  0.5  0.5  0.5  0.5  0.42149  0.5  0.5  0.5  0.5  0.5  
0.0868637  0.5  0.5  0.5  0.5  0.5  0.630743  0.5  0.5  0.5  0.5  0.5  
0.0769934  0.5  0.5  0.5  0.5  0.5  0.340064  0.5  0.5  0.5  0.5  0.5  
0.284504  0.5  0.5  0.5  0.5  0.5  1  0.5  0.5  0.5  0.5  0.5  
0.338953  0.5  0.5  0.5  0.5  0.5  0.0807911  0.5  0.5  0.5  0.5  0.5  
0.547422  0.5  0.5  0.5  0.5  0.5  0.473288  0.5  0.5  0.5  0.5  0.5  
0.652515  0.5  0.5  0.5  0.5  0.5  0.299351  0.5  0.5  0.5  0.5  0.5  
0.0285852  0.5  0.5  0.5  0.5  0.5  0.567892  0.5  0.5  0.5  0.5  0.5  
0.126766  0.5  0.5  0.5  0.5  0.5  0.884134  0.5  0.5  0.5  0.5  0.5  
0.807064  0.5  0.5  0.5  0.5  0.5  0.67186  0.5  0.5  0.5  0.5  0.5  
0.403153  0.5  0.5  0.5  0.5  0.5  0.970583  0.5  0.5  0.5  0.5  0.5  
0.938538  0.5  0.5  0.5  0.5  0.5  0.827853  0.5  0.5  0.5  0.5  0.5  
0.50662  0.5  0.5  0.5  0.5  0.5  0.641004  0.5  0.5  0.5  0.5  0.5  
0.230569  0.5  0.5  0.5  0.5  0.5  0.84651  0.5  0.5  0.5  0.5  0.5  
0.43459  0.5  0.5  0.5  0.5  0.5  0.855868  0.5  0.5  0.5  0.5  0.5  
0.496447  0.5  0.5  0.5  0.5  0.5  0.620371  0.5  0.5  0.5  0.5  0.5  
0.705542  0.5  0.5  0.5  0.5  0.5  0.893592  0.5  0.5  0.5  0.5  0.5  
0.136925  0.5  0.5  0.5  0.5  0.5  0.761241  0.5  0.5  0.5  0.5  0.5  
0.0967254  0.5  0.5  0.5  0.5  0.5  0.712173  0.5  0.5  0.5  0.5  0.5  
0.920516  0.5  0.5  0.5  0.5  0.5  1.40625e-27  0.5  0.5  0.5  0.5  0.5  
0.34982  0.5  0.5  0.5  0.5  0.5  0.142941  0.5  0.5  0.5  0.5  0.5  
0.816908  0.5  0.5  0.5  0.5  0.5  0.525632  0.5  0.5  0.5  0.5  0.5  
0.865027  0.5  0.5  0.5  0.5  0.5  0.692137  0.5  0.5  0.5  0.5  0.5  
0.568143  0.5  0.5  0.5  0.5  0.5  0.0401241  0.5  0.5  0.5  0.5  0.5  
0.445025  0.5  0.5  0.5  0.5  0.5  0.770877  0.5  0.5  0.5  0.5  0.5  
0.736787  0.5  0.5  0.5  0.5  0.5  0.27882  0.5  0.5  0.5  0.5  0.5  
0.631234  0.5  0.5  0.5  0.5  0.5  0.400969  0.5  0.5  0.5  0.5  0.5  
0.106646  0.5  0.5  0.5  0.5  0.5  0.174457  0.5  0.5  0.5  0.5  0.5  
0.45542  0.5  0.5  0.5  0.5  0.5  0.091094  0.5  0.5  0.5  0.5  0.5  
0.0575377  0.5  0.5  0.5  0.5  0.5  0.442123  0.5  0.5  0.5  0.5  0.5  
0.883761  0.5  0.5  0.5  0.5  0.5  0.751544  0.5  0.5  0.5  0.5  0.5  
0.317193  0.5  0.5  0.5  0.5  0.5  0.132556  0.5  0.5  0.5  0.5  0.5  
0.589127  0.5  0.5  0.5  0.5  0.5  0.941557  0.5  0.5  0.5  0.5  0.5  
0.167869  0.5  0.5  0.5  0.5  0.5  0.536168  0.5  0.5  0.5  0.5  0.5  
0.845014  0.5  0.5  0.5  0.5  0.5  0.060493  0.5  0.5  0.5  0.5  0.5  
1  0.5  0.5  0.5  0.5  0.5  0.101438  0.5  0.5  0.5  0.5  0.5  
0.892201  0.5  0.5  0.5  0.5  0.5  0.701656  0.5  0.5  0.5  0.5  0.5  
0.69454  0.5  0.5  0.5  0.5  0.5  0.721694  0.5  0.5  0.5  0.5  0.5  
0.537335  0.5  0.5  0.5  0.5  0.5  0.609771  0.5  0.5  0.5  0.5  0.5  
0.220301  0.5  0.5  0.5  0.5  0.5  0.309568  0.5  0.5  0.5  0.5  0.5  
0.786336  0.5  0.5  0.5  0.5  0.5  0.960915  0.5  0.5  0.5  0.5  0.5  
0.424052  0.5  0.5  0.5  0.5  0.5  0.741454  0.5  0.5  0.5  0.5  0.5  
0.991268  0.5  0.5  0.5  0.5  0.5  0.494191  0.5  0.5  0.5  0.5  0.5  
0.901512  0.5  0.5  0.5  0.5  0.5  0.818364  0.5  0.5  0.5  0.5  0.5  
0.854609  0.5  0.5  0.5  0.5  0.5  0.206016  0.5  0.5  0.5  0.5  0.5  
0.14743  0.5  0.5  0.5  0.5  0.5  0.370459  0.5  0.5  0.5  0.5  0.5  
0.178304  0.5  0.5  0.5  0.5  0.5  0.226916  0.5  0.5  0.5  0.5  0.5  
0.796259  0.5  0.5  0.5  0.5  0.5  0.789797  0.5  0.5  0.5  0.5  0.5  
0.381819  0.5  0.5  0.5  0.5  0.5  0.319764  0.5  0.5  0.5  0.5  0.5  
0.973713  0.5  0.5  0.5  0.5  0.5  0.86537  0.5  0.5  0.5  0.5  0.5  
0.0675366  0.5  0.5  0.5  0.5  0.5  0.951228  0.5  0.5  0.5  0.5  0.5  
0.756241  0.5  0.5  0.5  0.5  0.5  0.588829  0.5  0.5  0.5  0.5  0.5  
0.475834  0.5  0.5  0.5  0.5  0.5  0.452489  0.5  0.5  0.5  0.5  0.5  
0.641854  0.5  0.5  0.5  0.5  0.5  0.780228  0.5  0.5  0.5  0.5  0.5  
0.00955802  0.5  0.5  0.5  0.5  0.5  0.837175  0.5  0.5  0.5  0.5  0.5  
0.835382  0.5  0.5  0.5  0.5  0.5  0.546708  0.5  0.5  0.5  0.5  0.5  
0.964795  0.5  0.5  0.5  0.5  0.5  0.0503406  0.5  0.5  0.5  0.5  0.5  
0.578676  0.5  0.5  0.5  0.5  0.5  0.557245  0.5  0.5  0.5  0.5  0.5  
0.15757  0.5  0.5  0.5  0.5  0.5  0.360326  0.5  0.5  0.5  0.5  0.5  
0.673545  0.5  0.5  0.5  0.5  0.5  0.92229  0.5  0.5  0.5  0.5  0.5  
0.599609  0.5  0.5  0.5  0.5  0.5  0.483735  0.5  0.5  0.5  0.5  0.5  
0.910649  0.5  0.5  0.5  0.5  0.5  0.808869  0.5  0.5  0.5  0.5  0.5  
0.776397  0.5  0.5  0.5  0.5  0.5  0.681588  0.5  0.5  0.5  0.5  0.5  
0.684058  0.5  0.5  0.5  0.5  0.5  0.38062  0.5  0.5  0.5  0.5  0.5  
0.663047  0.5  0.5  0.5  0.5  0.5  0.153455  0.5  0.5  0.5  0.5  0.5  
0.947009  0.5  0.5  0.5  0.5  0.5  0.28908  0.5  0.5  0.5  0.5  0.5  
0.620623  0.5  0.5  0.5  0.5  0.5  0.411213  0.5  0.5  0.5  0.5  0.5  
0.209733  0.5  0.5  0.5  0.5  0.5  0.874763  0.5  0.5  0.5  0.5  0.5  
0.295423  0.5  0.5  0.5  0.5  0.5  0.462886  0.5  0.5  0.5  0.5  0.5  
0.610089  0.5  0.5  0.5  0.5  0.5  0.0200419  0.5  0.5  0.5  0.5  0.5  
0.955911  0.5  0.5  0.5  0.5  0.5  0.247738  0.5  0.5  0.5  0.5  0.5  
0.557902  0.5  0.5  0.5  0.5  0.5  0.122151  0.5  0.5  0.5  0.5  0.5  
0.527093  0.5  0.5  0.5  0.5  0.5  0.980435  0.5  0.5  0.5  0.5  0.5  
0.928973  0.5  0.5  0.5  0.5  0.5  0.912733  0.5  0.5  0.5  0.5  0.5  
0.873621  0.5  0.5  0.5  0.5  0.5  0.515134  0.5  0.5  0.5  0.5  0.5  
0.392452  0.5  0.5  0.5  0.5  0.5  0.268442  0.5  0.5  0.5  0.5  0.5  
0.273764  0.5  0.5  0.5  0.5  0.5  0.903223  0.5  0.5  0.5  0.5  0.5  
0.746077  0.5  0.5  0.5  0.5  0.5  0.216497  0.5  0.5  0.5  0.5  0.5  
0.252275  0.5  0.5  0.5  0.5  0.5  0.0301152  0.5  0.5  0.5  0.5  0.5  
0.199196  0.5  0.5  0.5  0.5  0.5  0.00999223  0.5  0.5  0.5  0.5  0.5  
0.0383945  0.5  0.5  0.5  0.5  0.5  0.731598  0.5  0.5  0.5  0.5  0.5  
0.725673  0.5  0.5  0.5  0.5  0.5  0.070678  0.5  0.5  0.5  0.5  0.5  
0.516841  0.5  0.5  0.5  0.5  0.5  0.329934  0.5  0.5  0.5  0.5  0.5  
0.982519  0.5  0.5  0.5  0.5  0.5  0.237329  0.5  0.5  0.5  0.5  0.5  
0.766328  0.5  0.5  0.5  0.5  0.5  0.390795  0.5  0.5  0.5  0.5  0.5  
0.46556  0.5  0.5  0.5  0.5  0.5  0.504647  0.5  0.5  0.5  0.5  0.5  
0.241562  0.5  0.5  0.5  0.5  0.5  0.931906  0.5  0.5  0.5  0.5  0.5  
0.41354  0.5  0.5  0.5  0.5  0.5  0.65113  0.5  0.5  0.5  0.5  0.5  
0.328063  0.5  0.5  0.5  0.5  0.5  0.431806  0.5  0.5  0.5  0.5  0.5  
2.60437e-12  0.5  0.5  0.5  0.5  0.5  0.66134  0.5  0.5  0.5  0.5  0.5  
0.825724  0.5  0.5  0.5  0.5  0.5  0.25811  0.5  0.5  0.5  0.5  0.5  
0.486122  0.5  0.5  0.5  0.5  0.5  0.35019  0.5  0.5  0.5  0.5  0.5  
0.715351  0.5  0.5  0.5  0.5  0.5  0.599326  0.5  0.5  0.5  0.5  0.5  
0.188751  0.5  0.5  0.5  0.5  0.5  0.111782  0.5  0.5  0.5  0.5  0.5  
0.0191731  0.5  0.5  0.5  0.5  0.5  0.799329  0.5  0.5  0.5  0.5  0.5  
0.263004  0.5  0.5  0.5  0.5  0.5  0.163952  0.5  0.5  0.5  0.5  0.5  
0.360426  0.5  0.5  0.5  0.5  0.5  0.578331  0.5  0.5  0.5  0.5  0.5  
0.306313  0.5  0.5  0.5  0.5  0.5  0.195528  0.5  0.5  0.5  0.5  0.5  
0.117203  0.5  0.5  0.5  0.5  0.5  0.990198  0.5  0.5  0.5  0.5  0.5  
0.371162  0.5  0.5  0.5  0.5  0.5  0.184985  0.5  0.5  0.5  0.5  0.5  
0.0481162  0.5  0.5  0.5  0.5  0.5  0.421514  0.5  0.5  0.5  0.5  0.5  
0.0872674  0.5  0.5  0.5  0.5  0.5  0.630564  0.5  0.5  0.5  0.5  0.5  
0.0773652  0.5  0.5  0.5  0.5  0.5  0.340064  0.5  0.5  0.5  0.5  0.5  
0.284579  0.5  0.5  0.5  0.5  0.5  1  0.5  0.5  0.5  0.5  0.5  
0.338877  0.5  0.5  0.5  0.5  0.5  0.0809227  0.5  0.5  0.5  0.5  0.5  
0.547586  0.5  0.5  0.5  0.5  0.5  0.473288  0.5  0.5  0.5  0.5  0.5  
0.652454  0.5  0.5  0.5  0.5  0.5  0.299332  0.5  0.5  0.5  0.5  0.5  
0.0287478  0.5  0.5  0.5  0.5  0.5  0.567801  0.5  0.5  0.5  0.5  0.5  
0.127242  0.5  0.5  0.5  0.5  0.5  0.884218  0.5  0.5  0.5  0.5  0.5  
0.806129  0.5  0.5  0.5  0.5  0.5  0.671494  0.5  0.5  0.5  0.5  0.5  
0.403019  0.5  0.5  0.5  0.5  0.5  0.970646  0.5  0.5  0.5  0.5  0.5  
0.93801  0.5  0.5  0.5  0.5  0.5  0.827795  0.5  0.5  0.5  0.5  0.5  
0.50662  0.5  0.5  0.5  0.5  0.5  0.640878  0.5  0.5  0.5  0.5  0.5  
0.23089  0.5  0.5  0.5  0.5  0.5  0.846553  0.5  0.5  0.5  0.5  0.5  
0.4345  0.5  0.5  0.5  0.5  0.5  0.855956  0.5  0.5  0.5  0.5  0.5  
0.496377  0.5  0.5  0.5  0.5  0.5  0.620184  0.5  0.5  0.5  0.5  0.5  
0.705028  0.5  0.5  0.5  0.5  0.5  0.893726  0.5  0.5  0.5  0.5  0.5  
0.137314  0.5  0.5  0.5  0.5  0.5  0.760988  0.5  0.5  0.5  0.5  0.5  
0.0971697  0.5  0.5  0.5  0.5  0.5  0.711711  0.5  0.5  0.5  0.5  0.5  
0.919827  0.5  0.5  0.5  0.5  0.5  1.40625e-27  0.5  0.5  0.5  0.5  0.5  
0.349643  0.5  0.5  0.5  0.5  0.5  0.142992  0.5  0.5  0.5  0.5  0.5  
0.815958  0.5  0.5  0.5  0.5  0.5  0.525632  0.5  0.5  0.5  0.5  0.5  
0.864147  0.5  0.5  0.5  0.5  0.5  0.691645  0.5  0.5  0.5  0.5  0.5  
0.568255  0.5  0.5  0.5  0.5  0.5  0.0402192  0.5  0.5  0.5  0.5  0.5  
0.444904  0.5  0.5  0.5  0.5  0.5  0.770596  0.5  0.5  0.5  0.5  0.5  
0.735912  0.5  0.5  0.5  0.5  0.5  0.27878  0.5  0.5  0.5  0.5  0.5  
0.631234  0.5  0.5  0.5  0.5  0.5  0.40099  0.5  0.5  0.5  0.5  0.5  
0.107183  0.5  0.5  0.5  0.5  0.5  0.174457  0.5  0.5  0.5  0.5  0.5  
0.455251  0.5  0.5  0.5  0.5  0.5  0.0911754  0.5  0.5  0.5  0.5  0.5  
0.0578128  0.5  0.5  0.5  0.5  0.5  0.442133  0.5  0.5  0.5  0.5  0.5  
0.882861  0.5  0.5  0.5  0.5  0.5  0.751268  0.5  0.5  0.5  0.5  0.5  
0.317153  0.5  0.5  0.5  0.5  0.5  0.132646  0.5  0.5  0.5  0.5  0.5  
0.589179  0.5  0.5  0.5  0.5  0.5  0.941557  0.5  0.5  0.5  0.5  0.5  
0.168565  0.5  0.5  0.5  0.5  0.5  0.536168  0.5  0.5  0.5  0.5  0.5  
0.844448  0.5  0.5  0.5  0.5  0.5  0.0605822  0.5  0.5  0.5  0.5  0.5  
1  0.5  0.5  0.5  0.5  0.5  0.101551  0.5  0.5  0.5  0.5  0.5  
0.891746  0.5  0.5  0.5  0.5  0.5  0.701484  0.5  0.5  0.5  0.5  0.5  
0.694331  0.5  0.5  0.5  0.5  0.5  0.721374  0.5  0.5  0.5  0.5  0.5  
0.537365  0.5  0.5  0.5  0.5  0.5  0.609634  0.5  0.5  0.5  0.5  0.5  
0.220532  0.5  0.5  0.5  0.5  0.5  0.309506  0.5  0.5  0.5  0.5  0.5  
0.785966  0.5  0.5  0.5  0.5  0.5  0.96095  0.5  0.5  0.5  0.5  0.5  
0.423939  0.5  0.5  0.5  0.5  0.5  0.741129  0.5  0.5  0.5  0.5  0.5  
0.991225  0.5  0.5  0.5  0.5  0.5  0.494191  0.5  0.5  0.5  0.5  0.5  
0.901045  0.5  0.5  0.5  0.5  0.5  0.818321  0.5  0.5  0.5  0.5  0.5  
0.854065  0.5  0.5  0.5  0.5  0.5  0.205995  0.5  0.5  0.5  0.5  0.5  
0.147969  0.5  0.5  0.5  0.5  0.5  0.370459  0.5  0.5  0.5  0.5  0.5  
0.17892  0.5  0.5  0.5  0.5  0.5  0.226904  0.5  0.5  0.5  0.5  0.5  
0.795909  0.5  0.5  0.5  0.5  0.5  0.789717  0.5  0.5  0.5  0.5  0.5  
0.381615  0.5  0.5  0.5  0.5  0.5  0.319718  0.5  0.5  0.5  0.5  0.5  
0.973555  0.5  0.5  0.5  0.5  0.5  0.86537  0.5  0.5  0.5  0.5  0.5  
0.0677182  0.5  0.5  0.5  0.5  0.5  0.951228  0.5  0.5  0.5  0.5  0.5  
0.755815  0.5  0.5  0.5  0.5  0.5  0.588802  0.5  0.5  0.5  0.5  0.5  
0.475834  0.5  0.5  0.5  0.5  0.5  0.452519  0.5  0.5  0.5  0.5  0.5  
0.641854  0.5  0.5  0.5  0.5  0.5  0.780061  0.5  0.5  0.5  0.5  0.5  
0.00958287  0.5  0.5  0.5  0.5  0.5  0.837175  0.5  0.5  0.5  0.5  0.5  
0.834853  0.5  0.5  0.5  0.5  0.5  0.546708  0.5  0.5  0.5  0.5  0.5  
0.964671  0.5  0.5  0.5  0.5  0.5  0.0504271  0.5  0.5  0.5  0.5  0.5  
0.578742  0.5  0.5  0.5  0.5  0.5  0.557245  0.5  0.5  0.5  0.5  0.5  
0.158242  0.5  0.5  0.5  0.5  0.5  0.360326  0.5  0.5  0.5  0.5  0.5  
0.673545  0.5  0.5  0.5  0.5  0.5  0.922349  0.5  0.5  0.5  0.5  0.5  
0.599649  0.5  0.5  0.5  0.5  0.5  0.483735  0.5  0.5  0.5  0.5  0.5  
0.910283  0.5  0.5  0.5  0.5  0.5  0.808798  0.5  0.5  0.5  0.5  0.5  
0.775934  0.5  0.5  0.5  0.5  0.5  0.681438  0.5  0.5  0.5  0.5  0.5  
0.684004  0.5  0.5  0.5  0.5  0.5  0.38062  0.5  0.5  0.5  0.5  0.5  
0.663013  0.5  0.5  0.5  0.5  0.5  0.153505  0.5  0.5  0.5  0.5  0.5  
0.946758  0.5  0.5  0.5  0.5  0.5  0.289004  0.5  0.5  0.5  0.5  0.5  
0.620726  0.5  0.5  0.5  0.5  0.5  0.411265  0.5  0.5  0.5  0.5  0.5  
0.210071  0.5  0.5  0.5  0.5  0.5  0.874781  0.5  0.5  0.5  0.5  0.5  
0.295455  0.5  0.5  0.5  0.5  0.5  0.462886  0.5  0.5  0.5  0.5  0.5  
0.610188  0.5  0.5  0.5  0.5  0.5  0.0200561  0.5  0.5  0.5  0.5  0.5  
0.955729  0.5  0.5  0.5  0.5  0.5  0.247713  0.5  0.5  0.5  0.5  0.5  
0.558004  0.5  0.5  0.5  0.5  0.5  0.122244  0.5  0.5  0.5  0.5  0.5  
0.527093  0.5  0.5  0.5  0.5  0.5  0.980435  0.5  0.5  0.5  0.5  0.5  
0.928655  0.5  0.5  0.5  0.5  0.5  0.912755  0.5  0.5  0.5  0.5  0.5  
0.872999  0.5  0.5  0.5  0.5  0.5  0.515134  0.5  0.5  0.5  0.5  0.5  
0.392228  0.5  0.5  0.5  0.5  0.5  0.268442  0.5  0.5  0.5  0.5  0.5  
0.273796  0.5  0.5  0.5  0.5  0.5  0.903223  0.5  0.5  0.5  0.5  0.5  
0.745673  0.5  0.5  0.5  0.5  0.5  0.21646  0.5  0.5  0.5  0.5  0.5  
0.252383  0.5  0.5  0.5  0.5  0.5  0.030121  0.5  0.5  0.5  0.5  0.5  
0.199649  0.5  0.5  0.5  0.5  0.5  0.0100388  0.5  0.5  0.5  0.5  0.5  
0.0384749  0.5  0.5  0.5  0.5  0.5  0.731274  0.5  0.5  0.5  0.5  0.5  
0.725272  0.5  0.5  0.5  0.5  0.5  0.0707698  0.5  0.5  0.5  0.5  0.5  
0.516841  0.5  0.5  0.5  0.5  0.5  0.329897  0.5  0.5  0.5  0.5  0.5  
0.982388  0.5  0.5  0.5  0.5  0.5  0.237329  0.5  0.5  0.5  0.5  0.5  
0.765877  0.5  0.5  0.5  0.5  0.5  0.390816  0.5  0.5  0.5  0.5  0.5  
0.46556  0.5  0.5  0.5  0.5  0.5  0.504647  0.5  0.5  0.5  0.5  0.5  
0.241678  0.5  0.5  0.5  0.5  0.5  0.931938  0.5  0.5  0.5  0.5  0.5  
0.413411  0.5  0.5  0.5  0.5  0.5  0.650904  0.5  0.5  0.5  0.5  0.5  
0.327973  0.5  0.5  0.5  0.5  0.5  0.431834  0.5  0.5  0.5  0.5  0.5  
2.60437e-12  0.5  0.5  0.5  0.5  0.5  0.661113  0.5  0.5  0.5  0.5  0.5  
0.825241  0.5  0.5  0.5  0.5  0.5  0.258104  0.5  0.5  0.5  0.5  0.5  
0.486122  0.5  0.5  0.5  0.5  0.5  0.35019  0.5  0.5  0.5  0.5  0.5  
0.715038  0.5  0.5  0.5  0.5  0.5  0.599222  0.5  0.5  0.5  0.5  0.5  
0.189282  0.5  0.5  0.5  0.5  0.5  0.111884  0.5  0.5  0.5  0.5  0.5  
0.0191731  0.5  0.5  0.5  0.5  0.5  0.799261  0.5  0.5  0.5  0.5  0.5  
0.263061  0.5  0.5  0.5  0.5  0.5  0.163952  0.5  0.5  0.5  0.5  0.5  
0.360263  0.5  0.5  0.5  0.5  0.5  0.578306  0.5  0.5  0.5  0.5  0.5  
0.306313  0.5  0.5  0.5  0.5  0.5  0.195502  0.5  0.5  0.5  0.5  0.5  
0.117523  0.5  0.5  0.5  0.5  0.5  0.990198  0.5  0.5  0.5  0.5  0.5  
0.370988  0.5  0.5  0.5  0.5  0.5  0.184985  0.5  0.5  0.5  0.5  0.5  
0.0482001  0.5  0.5  0.5  0.5  0.5  0.421514  0.5  0.5  0.5  0.5  0.5  
0.0875299  0.5  0.5  0.5  0.5  0.5  0.630321  0.5  0.5  0.5  0.5  0.5  
0.0776241  0.5  0.5  0.5  0.5  0.5  0.340053  0.5  0.5  0.5  0.5  0.5  
0.284613  0.5  0.5  0.5  0.5  0.5  1  0.5  0.5  0.5  0.5  0.5  
0.33877  0.5  0.5  0.5  0.5  0.5  0.0809877  0.5  0.5  0.5  0.5  0.5  
0.547687  0.5  0.5  0.5  0.5  0.5  0.473307  0.5  0.5  0.5  0.5  0.5  
0.652454  0.5  0.5  0.5  0.5  0.5  0.299257  0.5  0.5  0.5  0.5  0.5  
0.0288011  0.5  0.5  0.5  0.5  0.5  0.567785  0.5  0.5  0.5  0.5  0.5  
0.1277  0.5  0.5  0.5  0.5  0.5  0.884246  0.5  0.5  0.5  0.5  0.5  
0.805747  0.5  0.5  0.5  0.5  0.5  0.671309  0.5  0.5  0.5  0.5  0.5  
0.402803  0.5  0.5  0.5  0.5  0.5  0.970691  0.5  0.5  0.5  0.5  0.5  
0.937775  0.5  0.5  0.5  0.5  0.5  0.827785  0.5  0.5  0.5  0.5  0.5  
0.50662  0.5  0.5  0.5  0.5  0.5  0.640633  0.5  0.5  0.5  0.5  0.5  
0.23107  0.5  0.5  0.5  0.5  0.5  0.846553  0.5  0.5  0.5  0.5  0.5  
0.434402  0.5  0.5  0.5  0.5  0.5  0.855956  0.5  0.5  0.5  0.5  0.5  
0.496369  0.5  0.5  0.5  0.5  0.5  0.620019  0.5  0.5  0.5  0.5  0.5  
0.70465  0.5  0.5  0.5  0.5  0.5  0.893726  0.5  0.5  0.5  0.5  0.5  
0.137803  0.5  0.5  0.5  0.5  0.5  0.760598  0.5  0.5  0.5  0.5  0.5  
0.0974465  0.5  0.5  0.5  0.5  0.5  0.711456  0.5  0.5  0.5  0.5  0.5  
0.919498  0.5  0.5  0.5  0.5  0.5  1.40625e-27  0.5  0.5  0.5  0.5  0.5  
0.349561  0.5  0.5  0.5  0.5  0.5  0.143058  0.5  0.5  0.5  0.5  0.5  
0.815538  0.5  0.5  0.5  0.5  0.5  0.525649  0.5  0.5  0.5  0.5  0.5  
0.863581  0.5  0.5  0.5  0.5  0.5  0.691437  0.5  0.5  0.5  0.5  0.5  
0.56837  0.5  0.5  0.5  0.5  0.5  0.0402731  0.5  0.5  0.5  0.5  0.5  
0.444831  0.5  0.5  0.5  0.5  0.5  0.770348  0.5  0.5  0.5  0.5  0.5  
0.735467  0.5  0.5  0.5  0.5  0.5  0.278759  0.5  0.5  0.5  0.5  0.5  
0.631276  0.5  0.5  0.5  0.5  0.5  0.401014  0.5  0.5  0.5  0.5  0.5  
0.107431  0.5  0.5  0.5  0.5  0.5  0.174457  0.5  0.5  0.5  0.5  0.5  
0.45517  0.5  0.5  0.5  0.5  0.5  0.0912575  0.5  0.5  0.5  0.5  0.5  
0.0579387  0.5  0.5  0.5  0.5  0.5  0.442149  0.5  0.5  0.5  0.5  0.5  
0.882431  0.5  0.5  0.5  0.5  0.5  0.750897  0.5  0.5  0.5  0.5  0.5  
