1.33757  1.93314  5.81068  5.02477  1.79769e+308  1.79769e+308  1.33757  1.93314  
1.44507  2.42681  5.81068  5.02477  1.79769e+308  1.79769e+308  1.44507  2.42681  
1.42413  1.81952  5.81068  5.02477  1.79769e+308  1.79769e+308  1.42413  1.81952  
3.29728  0.659783  5.81068  5.02477  1.79769e+308  1.79769e+308  3.29728  0.659783  
2.12884  1.4769  5.81068  5.02477  1.79769e+308  1.79769e+308  2.12884  1.4769  
0.30057  3.26624  5.81068  5.02477  1.79769e+308  1.79769e+308  0.30057  3.26624  
2.98668  0.408164  5.81068  5.02477  1.79769e+308  1.79769e+308  2.98668  0.408164  
1.63777  1.73668  5.81068  5.02477  1.79769e+308  1.79769e+308  1.63777  1.73668  
1.04031  2.51944  5.81068  5.02477  1.79769e+308  1.79769e+308  1.04031  2.51944  
2.61124  0.944846  5.81068  5.02477  1.79769e+308  1.79769e+308  2.61124  0.944846  
0.65647  2.85543  5.81068  5.02477  1.79769e+308  1.79769e+308  0.65647  2.85543  
4.31007  0.0503307  5.81068  5.02477  1.79769e+308  1.79769e+308  4.31007  0.0503307  
3.34265  0.318221  5.81068  5.02477  1.79769e+308  1.79769e+308  3.34265  0.318221  
1.4995  1.33817  5.81068  5.02477  1.79769e+308  1.79769e+308  1.4995  1.33817  
2.69795  0.844415  5.81068  5.02477  1.79769e+308  1.79769e+308  2.69795  0.844415  
1.23466  1.68987  5.81068  5.02477  1.79769e+308  1.79769e+308  1.23466  1.68987  
2.59452  1.07502  5.81068  5.02477  1.79769e+308  1.79769e+308  2.59452  1.07502  
2.68715  0.742815  5.81068  5.02477  1.79769e+308  1.79769e+308  2.68715  0.742815  
1.93919  1.62724  5.81068  5.02477  1.79769e+308  1.79769e+308  1.93919  1.62724  
2.46611  0.802736  5.81068  5.02477  1.79769e+308  1.79769e+308  2.46611  0.802736  
0.878145  2.31899  5.81068  5.02477  1.79769e+308  1.79769e+308  0.878145  2.31899  
2.79618  0.687026  5.81068  5.02477  1.79769e+308  1.79769e+308  2.79618  0.687026  
1.56168  2.06306  5.81068  5.02477  1.79769e+308  1.79769e+308  1.56168  2.06306  
4.37718  0.353684  5.81068  5.02477  1.79769e+308  1.79769e+308  4.37718  0.353684  
0.519978  3.80303  5.81068  5.02477  1.79769e+308  1.79769e+308  0.519978  3.80303  
2.89539  0.631781  5.81068  5.02477  1.79769e+308  1.79769e+308  2.89539  0.631781  
1.82468  1.81981  5.81068  5.02477  1.79769e+308  1.79769e+308  1.82468  1.81981  
0.798815  1.72634  5.81068  5.02477  1.79769e+308  1.79769e+308  0.798815  1.72634  
2.42514  0.85092  5.81068  5.02477  1.79769e+308  1.79769e+308  2.42514  0.85092  
1.49725  2.7263  5.81068  5.02477  1.79769e+308  1.79769e+308  1.49725  2.7263  
4.7965  0.0232575  5.81068  5.02477  1.79769e+308  1.79769e+308  4.7965  0.0232575  
0.978687  3.28416  5.81068  5.02477  1.79769e+308  1.79769e+308  0.978687  3.28416  
0.48561  2.53115  5.81068  5.02477  1.79769e+308  1.79769e+308  0.48561  2.53115  
1.65675  1.67173  5.81068  5.02477  1.79769e+308  1.79769e+308  1.65675  1.67173  
0.417516  2.84985  5.81068  5.02477  1.79769e+308  1.79769e+308  0.417516  2.84985  
3.12117  0.417231  5.81068  5.02477  1.79769e+308  1.79769e+308  3.12117  0.417231  
2.82361  0.499068  5.81068  5.02477  1.79769e+308  1.79769e+308  2.82361  0.499068  
2.91082  0.79079  5.81068  5.02477  1.79769e+308  1.79769e+308  2.91082  0.79079  
1.55511  2.33761  5.81068  5.02477  1.79769e+308  1.79769e+308  1.55511  2.33761  
1.06506  2.62949  5.81068  5.02477  1.79769e+308  1.79769e+308  1.06506  2.62949  
3.08719  0.427208  5.81068  5.02477  1.79769e+308  1.79769e+308  3.08719  0.427208  
1.52852  2.15172  5.81068  5.02477  1.79769e+308  1.79769e+308  1.52852  2.15172  
4.32172  0.436104  5.81068  5.02477  1.79769e+308  1.79769e+308  4.32172  0.436104  
1.18484  2.27932  5.81068  5.02477  1.79769e+308  1.79769e+308  1.18484  2.27932  
2.01928  1.55001  5.81068  5.02477  1.79769e+308  1.79769e+308  2.01928  1.55001  
2.1481  0.993976  5.81068  5.02477  1.79769e+308  1.79769e+308  2.1481  0.993976  
1.95325  1.58429  5.81068  5.02477  1.79769e+308  1.79769e+308  1.95325  1.58429  
4.81068  0.130053  5.81068  5.02477  1.79769e+308  1.79769e+308  4.81068  0.130053  
4.02507  0.382303  5.81068  5.02477  1.79769e+308  1.79769e+308  4.02507  0.382303  
0.499226  3.21572  5.81068  5.02477  1.79769e+308  1.79769e+308  0.499226  3.21572  
4.68675  0.191156  5.81068  5.02477  1.79769e+308  1.79769e+308  4.68675  0.191156  
0.337594  3.47515  5.81068  5.02477  1.79769e+308  1.79769e+308  0.337594  3.47515  
2.52775  1.05203  5.81068  5.02477  1.79769e+308  1.79769e+308  2.52775  1.05203  
0.303153  4.02477  5.81068  5.02477  1.79769e+308  1.79769e+308  0.303153  4.02477  
0.908764  2.63041  5.81068  5.02477  1.79769e+308  1.79769e+308  0.908764  2.63041  
2.23865  1.33199  5.81068  5.02477  1.79769e+308  1.79769e+308  2.23865  1.33199  
2.7896  0.638389  5.81068  5.02477  1.79769e+308  1.79769e+308  2.7896  0.638389  
0.630185  3.33884  5.81068  5.02477  1.79769e+308  1.79769e+308  0.630185  3.33884  
3.13367  0.527146  5.81068  5.02477  1.79769e+308  1.79769e+308  3.13367  0.527146  
1.09223  2.02085  5.81068  5.02477  1.79769e+308  1.79769e+308  1.09223  2.02085  
0.0726712  3.116  5.81068  5.02477  1.79769e+308  1.79769e+308  0.0726712  3.116  
1.46666  2.13286  5.81068  5.02477  1.79769e+308  1.79769e+308  1.46666  2.13286  
3.40155  0.459024  5.81068  5.02477  1.79769e+308  1.79769e+308  3.40155  0.459024  
2.10023  1.4652  5.81068  5.02477  1.79769e+308  1.79769e+308  2.10023  1.4652  
2.05123  1.9819  5.81068  5.02477  1.79769e+308  1.79769e+308  2.05123  1.9819  
4.24426  0.514754  5.81068  5.02477  1.79769e+308  1.79769e+308  4.24426  0.514754  
4.13056  0.373278  5.81068  5.02477  1.79769e+308  1.79769e+308  4.13056  0.373278  
0.0980438  3.6571  5.81068  5.02477  1.79769e+308  1.79769e+308  0.0980438  3.6571  
4.45066  0.254882  5.81068  5.02477  1.79769e+308  1.79769e+308  4.45066  0.254882  
4.30642  0.191261  5.81068  5.02477  1.79769e+308  1.79769e+308  4.30642  0.191261  
1.86376  1.37055  5.81068  5.02477  1.79769e+308  1.79769e+308  1.86376  1.37055  
2.36649  1.65474  5.81068  5.02477  1.79769e+308  1.79769e+308  2.36649  1.65474  
1.16301  2.76806  5.81068  5.02477  1.79769e+308  1.79769e+308  1.16301  2.76806  
4.13127  0.189226  5.81068  5.02477  1.79769e+308  1.79769e+308  4.13127  0.189226  
0.582141  3.42881  5.81068  5.02477  1.79769e+308  1.79769e+308  0.582141  3.42881  
4.27187  0.166437  5.81068  5.02477  1.79769e+308  1.79769e+308  4.27187  0.166437  
0.962945  3.21135  5.81068  5.02477  1.79769e+308  1.79769e+308  0.962945  3.21135  
2.63521  0.772033  5.81068  5.02477  1.79769e+308  1.79769e+308  2.63521  0.772033  
0.990017  2.10079  5.81068  5.02477  1.79769e+308  1.79769e+308  0.990017  2.10079  
2.12704  1.10781  5.81068  5.02477  1.79769e+308  1.79769e+308  2.12704  1.10781  
1.07825  1.944  5.81068  5.02477  1.79769e+308  1.79769e+308  1.07825  1.944  
4.006  0.403659  5.81068  5.02477  1.79769e+308  1.79769e+308  4.006  0.403659  
0.583664  2.78049  5.81068  5.02477  1.79769e+308  1.79769e+308  0.583664  2.78049  
0.748864  2.59017  5.81068  5.02477  1.79769e+308  1.79769e+308  0.748864  2.59017  
2.24786  1.52365  5.81068  5.02477  1.79769e+308  1.79769e+308  2.24786  1.52365  
3.98753  0.329957  5.81068  5.02477  1.79769e+308  1.79769e+308  3.98753  0.329957  
0.318543  3.33654  5.81068  5.02477  1.79769e+308  1.79769e+308  0.318543  3.33654  
4.28773  0.517545  5.81068  5.02477  1.79769e+308  1.79769e+308  4.28773  0.517545  
1.56817  2.32563  5.81068  5.02477  1.79769e+308  1.79769e+308  1.56817  2.32563  
3.95766  0.181906  5.81068  5.02477  1.79769e+308  1.79769e+308  3.95766  0.181906  
4.44656  0.112689  5.81068  5.02477  1.79769e+308  1.79769e+308  4.44656  0.112689  
1.2774  1.57618  5.81068  5.02477  1.79769e+308  1.79769e+308  1.2774  1.57618  
2.97856  0.498001  5.81068  5.02477  1.79769e+308  1.79769e+308  2.97856  0.498001  
2.55189  0.836236  5.81068  5.02477  1.79769e+308  1.79769e+308  2.55189  0.836236  
2.96725  0.519016  5.81068  5.02477  1.79769e+308  1.79769e+308  2.96725  0.519016  
1.33373  1.73491  5.81068  5.02477  1.79769e+308  1.79769e+308  1.33373  1.73491  
4.41738  0.140289  5.81068  5.02477  1.79769e+308  1.79769e+308  4.41738  0.140289  
2.31736  0.712944  5.81068  5.02477  1.79769e+308  1.79769e+308  2.31736  0.712944  
2.27422  0.914377  5.81068  5.02477  1.79769e+308  1.79769e+308  2.27422  0.914377  
1.83765  0.689974  5.81068  5.02477  1.79769e+308  1.79769e+308  1.83765  0.689974  
0.987203  0.0083438  7.51334  5.79477  2.87998  3.79795  0.0380378  4.56827  
0.687525  0.173153  7.51334  5.79477  2.87998  3.79795  2.18297  0.451859  
0.262437  0.495132  7.51334  5.79477  2.87998  3.79795  5.83823  5.13252e-09  
0.103738  0.68566  7.51334  5.79477  2.87998  3.79795  0.397116  3.00429  
1.00382  1.84232e-12  7.51334  5.79477  2.87998  3.79795  1.99031  0.262727  
0.982223  0.0108576  7.51334  5.79477  2.87998  3.79795  1.94763  0.301063  
0.0257608  0.844749  7.51334  5.79477  2.87998  3.79795  4.85867  0.0224589  
0.992217  0.00581899  7.51334  5.79477  2.87998  3.79795  2.33178  0.502013  
0.938035  0.0343041  7.51334  5.79477  2.87998  3.79795  2.64217  0.904206  
0.0368243  0.813265  7.51334  5.79477  2.87998  3.79795  0.929907  0.122764  
0.00222524  0.958463  7.51334  5.79477  2.87998  3.79795  4.73789  0.000593877  
0.902453  0.0531422  7.51334  5.79477  2.87998  3.79795  4.21148  0.0413646  
0.00815069  0.91517  7.51334  5.79477  2.87998  3.79795  5.72864  4.59813e-09  
0.851053  0.080954  7.51334  5.79477  2.87998  3.79795  2.53483  0.773326  
0.00949808  0.908171  7.51334  5.79477  2.87998  3.79795  2.37493  0.491595  
0.803562  0.113858  7.51334  5.79477  2.87998  3.79795  2.02953  0.43694  
0.91667  0.0464327  7.51334  5.79477  2.87998  3.79795  2.40641  0.434707  
0.0705413  0.739869  7.51334  5.79477  2.87998  3.79795  1.01489  3.70206  
0.0596151  0.76085  7.51334  5.79477  2.87998  3.79795  0.125129  3.56062  
0.972209  0.0159321  7.51334  5.79477  2.87998  3.79795  2.74522  0.424353  
0.00133018  0.969195  7.51334  5.79477  2.87998  3.79795  1.09733  3.37556  
0.977661  0.0131662  7.51334  5.79477  2.87998  3.79795  1.09037  0.143938  
0.0276068  0.839082  7.51334  5.79477  2.87998  3.79795  0.325754  3.55435  
0.0849148  0.713654  7.51334  5.79477  2.87998  3.79795  1.64572  0.23705  
0.000219341  0.990856  7.51334  5.79477  2.87998  3.79795  0.0199706  4.30882  
0.370266  0.403426  7.51334  5.79477  2.87998  3.79795  3.94473  0.00446236  
0.0808665  0.721036  7.51334  5.79477  2.87998  3.79795  4.34244  0.0131021  
0.237515  0.517391  7.51334  5.79477  2.87998  3.79795  0.0297742  4.21099  
0.930187  0.0383801  7.51334  5.79477  2.87998  3.79795  2.37353  0.324606  
0.0966409  0.69853  7.51334  5.79477  2.87998  3.79795  0.687525  0.173153  
0.0746275  0.731718  7.51334  5.79477  2.87998  3.79795  0.438097  3.87203  
0.0222973  0.856153  7.51334  5.79477  2.87998  3.79795  1.3355  0.176297  
0.940989  0.0319237  7.51334  5.79477  2.87998  3.79795  1.42765  0.188456  
0.0906041  0.704604  7.51334  5.79477  2.87998  3.79795  0.858772  3.54388  
0.0546567  0.771438  7.51334  5.79477  2.87998  3.79795  2.64745  0.453289  
0.212315  0.547271  7.51334  5.79477  2.87998  3.79795  0.0225261  4.60672  
0.825687  0.0950085  7.51334  5.79477  2.87998  3.79795  1.00382  1.84232e-12  
0.92002  0.0446328  7.51334  5.79477  2.87998  3.79795  4.04406  0.00124374  
0.00319307  0.949101  7.51334  5.79477  2.87998  3.79795  2.16664  0.485738  
0.0571592  0.765947  7.51334  5.79477  2.87998  3.79795  4.81573  0.000717189  
0.00451052  0.938356  7.51334  5.79477  2.87998  3.79795  0.972086  3.21763  
0.0422895  0.799665  7.51334  5.79477  2.87998  3.79795  0.886515  2.81645  
0.252182  0.505291  7.51334  5.79477  2.87998  3.79795  6.32984  0.0273333  
0.221435  0.537168  7.51334  5.79477  2.87998  3.79795  0.000688447  4.79477  
0.346801  0.419384  7.51334  5.79477  2.87998  3.79795  1.8367  0.242451  
0.202463  0.55457  7.51334  5.79477  2.87998  3.79795  4.94067  0.034111  
0.948818  0.0287827  7.51334  5.79477  2.87998  3.79795  0.0122619  0.898814  
0.0122381  0.894767  7.51334  5.79477  2.87998  3.79795  0.0249912  4.46937  
0.962578  0.0208378  7.51334  5.79477  2.87998  3.79795  0.919258  0.13241  
0.853296  0.0797413  7.51334  5.79477  2.87998  3.79795  5.85709  0.0301851  
0.280722  0.475009  7.51334  5.79477  2.87998  3.79795  4.90649  0.394474  
0.231806  0.524579  7.51334  5.79477  2.87998  3.79795  5.62871  0.262247  
0.0108239  0.901374  7.51334  5.79477  2.87998  3.79795  1.10373  0.145715  
0.0487598  0.784531  7.51334  5.79477  2.87998  3.79795  1.8975  0.507409  
3.81718e-06  1.00934  7.51334  5.79477  2.87998  3.79795  1.88423  0.696385  
0.269368  0.488949  7.51334  5.79477  2.87998  3.79795  1.92517  0.277302  
0.39091  0.381421  7.51334  5.79477  2.87998  3.79795  0.921255  0.130534  
0.0345844  0.819209  7.51334  5.79477  2.87998  3.79795  0.482473  3.74529  
0.0185189  0.869431  7.51334  5.79477  2.87998  3.79795  0.522866  4.17005  
0.0687423  0.746421  7.51334  5.79477  2.87998  3.79795  4.9008  9.92305e-08  
0.13738  0.642675  7.51334  5.79477  2.87998  3.79795  0.208572  4.32612  
0.0315367  0.827806  7.51334  5.79477  2.87998  3.79795  4.59676  0.0681841  
0.0151039  0.88246  7.51334  5.79477  2.87998  3.79795  0.930153  0.122783  
0.996798  0.00351767  7.51334  5.79477  2.87998  3.79795  0.940552  0.124172  
0.0443226  0.794765  7.51334  5.79477  2.87998  3.79795  6.10152  0.0109223  
0.840145  0.0906078  7.51334  5.79477  2.87998  3.79795  0.503118  2.24016  
0.863927  0.0739788  7.51334  5.79477  2.87998  3.79795  4.99268  0.0552157  
0.140204  0.631364  7.51334  5.79477  2.87998  3.79795  1.99955  0.264389  
0.0633186  0.753877  7.51334  5.79477  2.87998  3.79795  6.15006  4.93638e-09  
0.116187  0.664048  7.51334  5.79477  2.87998  3.79795  4.88089  6.31151e-07  
1.00041  0.00170495  7.51334  5.79477  2.87998  3.79795  5.96319  0.0114358  
0.9662  0.0198321  7.51334  5.79477  2.87998  3.79795  4.93773  0.0996789  
0.0294758  0.833534  7.51334  5.79477  2.87998  3.79795  4.47967  0.406606  
0.0830031  0.716784  7.51334  5.79477  2.87998  3.79795  2.61796  0.77731  
0.0397436  0.805782  7.51334  5.79477  2.87998  3.79795  6.51334  0.0118878  
0.438057  0.378813  7.51334  5.79477  2.87998  3.79795  0.0425526  3.11916  
0.0772331  0.727518  7.51334  5.79477  2.87998  3.79795  0.844228  0.212619  
0.909002  0.0494517  7.51334  5.79477  2.87998  3.79795  2.49202  0.739916  
0.167014  0.597739  7.51334  5.79477  2.87998  3.79795  5.20077  0.202868  
0.955856  0.0251227  7.51334  5.79477  2.87998  3.79795  2.4141  0.318671  
0.88217  0.0673655  7.51334  5.79477  2.87998  3.79795  4.84152  1.99872e-06  
0.830855  0.0914738  7.51334  5.79477  2.87998  3.79795  1.74543  0.230432  
0.0465766  0.789277  7.51334  5.79477  2.87998  3.79795  0.800799  3.4876  
0.0204299  0.862539  7.51334  5.79477  2.87998  3.79795  5.10305  0.000759978  
0.00675457  0.923288  7.51334  5.79477  2.87998  3.79795  2.63393  0.54447  
0.286028  0.469647  7.51334  5.79477  2.87998  3.79795  1.05572  0.139374  
0.0524378  0.776062  7.51334  5.79477  2.87998  3.79795  0.910265  3.56078  
0.124911  0.652621  7.51334  5.79477  2.87998  3.79795  5.14371  0.0729981  
0.109208  0.677321  7.51334  5.79477  2.87998  3.79795  5.32694  0.00471966  
0.925902  0.0406059  7.51334  5.79477  2.87998  3.79795  5.27367  0.576435  
0.895421  0.0576643  7.51334  5.79477  2.87998  3.79795  1.45946  0.192657  
0.147984  0.620093  7.51334  5.79477  2.87998  3.79795  4.81213  0.0174753  
0.0135169  0.889115  7.51334  5.79477  2.87998  3.79795  1.06325  0.140371  
0.116866  0.661397  7.51334  5.79477  2.87998  3.79795  2.27376  0.300177  
0.00554625  0.931023  7.51334  5.79477  2.87998  3.79795  2.11785  0.300985  
0.182357  0.584223  7.51334  5.79477  2.87998  3.79795  0.331809  4.09071  
0.0240345  0.850236  7.51334  5.79477  2.87998  3.79795  1.23033  0.162407  
0.897256  0.0556486  7.51334  5.79477  2.87998  3.79795  0.00395084  3.97044  
0.0167688  0.87604  7.51334  5.79477  2.87998  3.79795  6.04055  0.0108132  
0.16137  0.603777  7.51334  5.79477  2.87998  3.79795  2.16809  0.286205  
0.985447  0.00854331  7.02106  6.95403  5.56202  2.00934  0.926151  0.122263  
0.686574  0.172914  7.02106  6.95403  5.56202  2.00934  6.01958  0.103495  
0.262038  0.490152  7.02106  6.95403  5.56202  2.00934  0.847562  2.81259  
0.101591  0.683582  7.02106  6.95403  5.56202  2.00934  0.0444718  4.29956  
1.00246  1.83983e-12  7.02106  6.95403  5.56202  2.00934  1.09402  0.155031  
0.97998  0.0113041  7.02106  6.95403  5.56202  2.00934  5.61309e-06  4.1524  
0.0251698  0.8434  7.02106  6.95403  5.56202  2.00934  1.07838  3.76465  
0.991472  0.00550936  7.02106  6.95403  5.56202  2.00934  4.25839  0.176685  
0.93455  0.0347017  7.02106  6.95403  5.56202  2.00934  1.07281  2.44841  
0.0350365  0.815314  7.02106  6.95403  5.56202  2.00934  4.92994  0.00963215  
0.00216351  0.955661  7.02106  6.95403  5.56202  2.00934  2.1878  0.288816  
0.901534  0.0519548  7.02106  6.95403  5.56202  2.00934  0.927  0.122375  
0.00910691  0.907191  7.02106  6.95403  5.56202  2.00934  1.7138  0.236497  
0.851053  0.080954  7.02106  6.95403  5.56202  2.00934  5.50245  0.0951529  
0.0107124  0.899111  7.02106  6.95403  5.56202  2.00934  0.825898  2.7407  
0.803562  0.113858  7.02106  6.95403  5.56202  2.00934  2.00472  0.279611  
0.915372  0.0445337  7.02106  6.95403  5.56202  2.00934  2.02672  0.51043  
0.0707759  0.736348  7.02106  6.95403  5.56202  2.00934  2.26305  0.645318  
0.0671873  0.743191  7.02106  6.95403  5.56202  2.00934  0.00985492  4.67921  
0.973109  0.0147846  7.02106  6.95403  5.56202  2.00934  0.0666295  3.62986  
0.00105468  0.970234  7.02106  6.95403  5.56202  2.00934  1.13991  2.8768  
0.305096  0.454265  7.02106  6.95403  5.56202  2.00934  1.7471  0.423628  
0.0274485  0.83685  7.02106  6.95403  5.56202  2.00934  2.04887  0.285769  
0.183382  0.573932  7.02106  6.95403  5.56202  2.00934  1.3915  0.197187  
0.000275326  0.986136  7.02106  6.95403  5.56202  2.00934  4.07784  0.0404249  
0.370266  0.403426  7.02106  6.95403  5.56202  2.00934  4.70812e-07  4.32833  
0.119056  0.657235  7.02106  6.95403  5.56202  2.00934  1.27184  0.167897  
0.808214  0.102508  7.02106  6.95403  5.56202  2.00934  6.02106  0.0155242  
0.928346  0.03792  7.02106  6.95403  5.56202  2.00934  4.42488e-05  3.81638  
0.0928777  0.697576  7.02106  6.95403  5.56202  2.00934  0.686574  0.172914  
0.0744253  0.729569  7.02106  6.95403  5.56202  2.00934  1.95998  0.367606  
0.0225903  0.851758  7.02106  6.95403  5.56202  2.00934  4.27902  0.114691  
0.940861  0.0314385  7.02106  6.95403  5.56202  2.00934  4.5672  0.00892344  
0.0889123  0.704162  7.02106  6.95403  5.56202  2.00934  2.66422  0.377539  
0.0549125  0.768096  7.02106  6.95403  5.56202  2.00934  0.686798  3.67862  
0.212315  0.547271  7.02106  6.95403  5.56202  2.00934  5.33506  0.00107306  
0.82158  0.0954814  7.02106  6.95403  5.56202  2.00934  1.00246  1.83983e-12  
0.00321769  0.945949  7.02106  6.95403  5.56202  2.00934  0.845222  0.212869  
0.835628  0.0872099  7.02106  6.95403  5.56202  2.00934  1.2075  0.171112  
0.0578605  0.761881  7.02106  6.95403  5.56202  2.00934  0.527139  2.75716  
0.00426824  0.936822  7.02106  6.95403  5.56202  2.00934  3.9415  0.109364  
0.133366  0.637154  7.02106  6.95403  5.56202  2.00934  0.000288854  5.95403  
0.252182  0.505291  7.02106  6.95403  5.56202  2.00934  1.71131  0.225913  
0.219474  0.533638  7.02106  6.95403  5.56202  2.00934  1.89782  2.71617  
0.346801  0.419384  7.02106  6.95403  5.56202  2.00934  0.114031  3.24714  
0.199599  0.555372  7.02106  6.95403  5.56202  2.00934  5.45082  0.0408643  
0.946938  0.0283078  7.02106  6.95403  5.56202  2.00934  0.0129006  0.888519  
0.965842  0.0184795  7.02106  6.95403  5.56202  2.00934  4.59925  0.029811  
0.9586  0.0221757  7.02106  6.95403  5.56202  2.00934  0.917502  0.132157  
0.0380637  0.80691  7.02106  6.95403  5.56202  2.00934  5.45346  0.00109688  
0.280056  0.472823  7.02106  6.95403  5.56202  2.00934  0.543653  2.79106  
0.227845  0.525098  7.02106  6.95403  5.56202  2.00934  0.959639  3.8575  
0.0122317  0.891506  7.02106  6.95403  5.56202  2.00934  0.392969  3.67046  
0.0492531  0.780516  7.02106  6.95403  5.56202  2.00934  2.49225  0.481456  
3.81718e-06  1.00934  7.02106  6.95403  5.56202  2.00934  0.29342  2.93618  
0.876917  0.065026  7.02106  6.95403  5.56202  2.00934  0.594522  4.30623  
0.39091  0.381421  7.02106  6.95403  5.56202  2.00934  0.92043  0.130432  
0.0326893  0.821223  7.02106  6.95403  5.56202  2.00934  2.75546  0.419121  
0.0180068  0.867888  7.02106  6.95403  5.56202  2.00934  4.80981  0.0298093  
0.0643818  0.748667  7.02106  6.95403  5.56202  2.00934  4.0727  0.213798  
0.299492  0.454836  7.02106  6.95403  5.56202  2.00934  4.33844  0.528394  
0.060853  0.755731  7.02106  6.95403  5.56202  2.00934  5.77463  0.140941  
0.235898  0.518041  7.02106  6.95403  5.56202  2.00934  5.29935  0.177217  
0.997176  0.00264605  7.02106  6.95403  5.56202  2.00934  0.597301  3.13148  
0.0431336  0.79478  7.02106  6.95403  5.56202  2.00934  0.85704  0.215845  
0.832596  0.0908228  7.02106  6.95403  5.56202  2.00934  0.440581  2.88745  
0.863112  0.0724656  7.02106  6.95403  5.56202  2.00934  3.85005  0.220569  
0.140612  0.627359  7.02106  6.95403  5.56202  2.00934  0.875238  2.24829  
0.253187  0.499669  7.02106  6.95403  5.56202  2.00934  5.00213  0.0167523  
0.884369  0.06105  7.02106  6.95403  5.56202  2.00934  1.07019  0.15415  
0.276332  0.476356  7.02106  6.95403  5.56202  2.00934  5.00079  0.00330221  
0.111659  0.667896  7.02106  6.95403  5.56202  2.00934  5.59574  0.32008  
0.0298221  0.829824  7.02106  6.95403  5.56202  2.00934  0.222692  3.70193  
0.0830916  0.714101  7.02106  6.95403  5.56202  2.00934  0.929323  0.131692  
0.0976712  0.6898  7.02106  6.95403  5.56202  2.00934  1.95668  0.289891  
0.438057  0.378813  7.02106  6.95403  5.56202  2.00934  0.278183  4.69592  
0.0778909  0.723028  7.02106  6.95403  5.56202  2.00934  1.86014  0.468476  
0.90881  0.0481269  7.02106  6.95403  5.56202  2.00934  2.38191  0.314441  
0.167014  0.597739  7.02106  6.95403  5.56202  2.00934  2.27415  0.406057  
0.952312  0.0253959  7.02106  6.95403  5.56202  2.00934  1.82288  0.625462  
0.873143  0.0670459  7.02106  6.95403  5.56202  2.00934  1.97606  0.49767  
0.0401372  0.802134  7.02106  6.95403  5.56202  2.00934  4.67633  0.00524751  
0.0459798  0.788028  7.02106  6.95403  5.56202  2.00934  0.438964  2.93202  
0.0202981  0.860085  7.02106  6.95403  5.56202  2.00934  1.06307  0.140338  
0.00757451  0.915098  7.02106  6.95403  5.56202  2.00934  4.13277  0.0271194  
0.288269  0.464817  7.02106  6.95403  5.56202  2.00934  0.600775  3.65354  
0.0522738  0.773803  7.02106  6.95403  5.56202  2.00934  5.06492  0.00703834  
0.126988  0.645908  7.02106  6.95403  5.56202  2.00934  4.60407  0.153966  
0.10745  0.676111  7.02106  6.95403  5.56202  2.00934  0.0102155  4.8504  
0.921623  0.0414199  7.02106  6.95403  5.56202  2.00934  0.0321984  4.08256  
0.893331  0.0561365  7.02106  6.95403  5.56202  2.00934  1.3535  0.178678  
0.147984  0.620093  7.02106  6.95403  5.56202  2.00934  2.08446  0.287648  
0.0137258  0.884939  7.02106  6.95403  5.56202  2.00934  2.34876  0.310065  
0.114035  0.664598  7.02106  6.95403  5.56202  2.00934  1.55491  0.391604  
0.0060928  0.924083  7.02106  6.95403  5.56202  2.00934  1.29822  2.22883  
0.175476  0.583277  7.02106  6.95403  5.56202  2.00934  1.12416  0.157057  
0.189631  0.567778  7.02106  6.95403  5.56202  2.00934  4.26133  0.0276207  
0.1242  0.649849  7.02106  6.95403  5.56202  2.00934  0.0933682  4.45295  
0.0159829  0.875662  7.02106  6.95403  5.56202  2.00934  1.44568  0.190847  
0.159799  0.602454  7.02106  6.95403  5.56202  2.00934  4.96059  0.13847  
0.986297  0.00749146  6.34865  6.41026  2.00122  2.00934  0.925513  0.122178  
0.685894  0.172742  6.34865  6.41026  2.00122  2.00934  2.9849  2.37275e-13  
0.262038  0.490152  6.34865  6.41026  2.00122  2.00934  0.258363  2.36723  
0.101099  0.68313  6.34865  6.41026  2.00122  2.00934  0.135127  3.41099  
1.00122  1.39826e-12  6.34865  6.41026  2.00122  2.00934  0.169364  3.12446  
0.978923  0.0112132  6.34865  6.41026  2.00122  2.00934  0.842967  1.13909  
0.0248827  0.843452  6.34865  6.41026  2.00122  2.00934  0.763432  1.86025  
0.993986  0.00362529  6.34865  6.41026  2.00122  2.00934  0.0185221  4.20248  
0.934532  0.0342332  6.34865  6.41026  2.00122  2.00934  0.650944  1.44756  
0.0357472  0.812105  6.34865  6.41026  2.00122  2.00934  3.17043  0  
0.464657  0.332171  6.34865  6.41026  2.00122  2.00934  0.630749  1.71464  
0.900125  0.0521533  6.34865  6.41026  2.00122  2.00934  4.54492e-14  2.90446  
0.0094695  0.904316  6.34865  6.41026  2.00122  2.00934  0.0927939  3.1311  
0.853578  0.0770714  6.34865  6.41026  2.00122  2.00934  0.718026  1.97415  
0.0111919  0.895436  6.34865  6.41026  2.00122  2.00934  6.54108e-16  3.77552  
0.797906  0.113068  6.34865  6.41026  2.00122  2.00934  2.56034  2.94061e-12  
0.842937  0.0828102  6.34865  6.41026  2.00122  2.00934  0.842876  0.212278  
0.0711072  0.734464  6.34865  6.41026  2.00122  2.00934  0.0171712  3.89597  
0.0676617  0.741453  6.34865  6.41026  2.00122  2.00934  0.782068  1.90021  
0.97222  0.0146082  6.34865  6.41026  2.00122  2.00934  0.0951844  1.92646  
0.00134776  0.965062  6.34865  6.41026  2.00122  2.00934  0.178922  3.44011  
0.307003  0.447159  6.34865  6.41026  2.00122  2.00934  7.70378e-14  4.92316  
0.0272144  0.836222  6.34865  6.41026  2.00122  2.00934  2.87145  0  
0.183382  0.573932  6.34865  6.41026  2.00122  2.00934  0.542852  2.08164  
0.000243122  0.986105  6.34865  6.41026  2.00122  2.00934  0.919033  0.130234  
0.370266  0.403426  6.34865  6.41026  2.00122  2.00934  0.971636  1.57109  
0.119155  0.656307  6.34865  6.41026  2.00122  2.00934  8.74724e-14  2.45488  
0.806124  0.103212  6.34865  6.41026  2.00122  2.00934  2.67878  0.00247993  
0.92871  0.0369383  6.34865  6.41026  2.00122  2.00934  0.0040781  2.75579  
0.213444  0.539485  6.34865  6.41026  2.00122  2.00934  0.685894  0.172742  
0.0740408  0.729016  6.34865  6.41026  2.00122  2.00934  0  3.62361  
0.0223505  0.851699  6.34865  6.41026  2.00122  2.00934  3.87176  1.79678e-13  
0.942056  0.0300495  6.34865  6.41026  2.00122  2.00934  1.04635  0.148276  
0.0914147  0.699169  6.34865  6.41026  2.00122  2.00934  2.51831  3.51694e-12  
0.0528501  0.771256  6.34865  6.41026  2.00122  2.00934  0.00938747  2.21867  
0.134732  0.633999  6.34865  6.41026  2.00122  2.00934  3.86607  0.0499757  
0.82158  0.0954814  6.34865  6.41026  2.00122  2.00934  1.00122  1.39826e-12  
0.00271691  0.949139  6.34865  6.41026  2.00122  2.00934  3.5042e-14  5.02137  
0.835628  0.0872099  6.34865  6.41026  2.00122  2.00934  2.11523  0.0670506  
0.0567292  0.762963  6.34865  6.41026  2.00122  2.00934  0.00716694  2.63921  
0.472881  0.313183  6.34865  6.41026  2.00122  2.00934  1.25282e-14  5.41026  
0.129823  0.640754  6.34865  6.41026  2.00122  2.00934  3.48415  0.0089512  
0.144802  0.620862  6.34865  6.41026  2.00122  2.00934  0.318921  2.80327  
0.219474  0.533638  6.34865  6.41026  2.00122  2.00934  0.36906  2.23378  
0.34405  0.418251  6.34865  6.41026  2.00122  2.00934  7.67613e-14  4.90548  
0.199599  0.555372  6.34865  6.41026  2.00122  2.00934  1.05048  0.138675  
0.94981  0.0260606  6.34865  6.41026  2.00122  2.00934  0.0538436  0.776151  
0.963856  0.0188616  6.34865  6.41026  2.00122  2.00934  1.94792e-14  4.89306  
0.817262  0.0970048  6.34865  6.41026  2.00122  2.00934  0.916605  0.132028  
0.0941452  0.694267  6.34865  6.41026  2.00122  2.00934  1.72493e-14  4.33292  
0.281474  0.470716  6.34865  6.41026  2.00122  2.00934  0.000364284  3.21254  
0.227845  0.525098  6.34865  6.41026  2.00122  2.00934  0.0162688  2.64657  
0.0867512  0.706924  6.34865  6.41026  2.00122  2.00934  0.999009  1.73568  
0.0467385  0.784966  6.34865  6.41026  2.00122  2.00934  3.8321  0  
3.81718e-06  1.00934  6.34865  6.41026  2.00122  2.00934  3.41234  0  
0.269228  0.482495  6.34865  6.41026  2.00122  2.00934  5.10662e-15  4.66614  
0.39091  0.381421  6.34865  6.41026  2.00122  2.00934  0.919319  0.130275  
0.0328232  0.820008  6.34865  6.41026  2.00122  2.00934  0.00113015  3.91474  
0.0174396  0.869152  6.34865  6.41026  2.00122  2.00934  3.20074  0.0945697  
0.0636647  0.748814  6.34865  6.41026  2.00122  2.00934  0.177081  2.1425  
0.299492  0.454836  6.34865  6.41026  2.00122  2.00934  3.16095  0.0972245  
0.0610365  0.754081  6.34865  6.41026  2.00122  2.00934  0.318755  2.7121  
0.235898  0.518041  6.34865  6.41026  2.00122  2.00934  0.00482062  3.72775  
0.105536  0.676571  6.34865  6.41026  2.00122  2.00934  2.73808  0  
0.0399686  0.801246  6.34865  6.41026  2.00122  2.00934  0.472986  1.5914  
0.345146  0.416411  6.34865  6.41026  2.00122  2.00934  0.200324  3.05704  
0.863112  0.0724656  6.34865  6.41026  2.00122  2.00934  6.47556e-16  2.67632  
0.140211  0.626565  6.34865  6.41026  2.00122  2.00934  2.3724  0.00497089  
0.25062  0.500855  6.34865  6.41026  2.00122  2.00934  0.726583  2.08138  
0.883745  0.0608193  6.34865  6.41026  2.00122  2.00934  3.0983  0.0952973  
0.276332  0.476356  6.34865  6.41026  2.00122  2.00934  0.594504  2.14406  
0.110377  0.669339  6.34865  6.41026  2.00122  2.00934  0.370441  2.31055  
0.0296674  0.828943  6.34865  6.41026  2.00122  2.00934  0.506666  2.28725  
0.0820478  0.714671  6.34865  6.41026  2.00122  2.00934  0.919437  0.130291  
0.0979766  0.688082  6.34865  6.41026  2.00122  2.00934  0.328867  1.9975  
0.414092  0.369157  6.34865  6.41026  2.00122  2.00934  0.38161  1.81989  
0.0774009  0.723339  6.34865  6.41026  2.00122  2.00934  1.05047  0.138674  
0.906597  0.0484874  6.34865  6.41026  2.00122  2.00934  1.02518e-14  4.42718  
0.168677  0.59246  6.34865  6.41026  2.00122  2.00934  2.23391  6.86501e-13  
0.956709  0.0225256  6.34865  6.41026  2.00122  2.00934  1.23208e-14  5.32066  
0.873059  0.0665767  6.34865  6.41026  2.00122  2.00934  0.999486  0.25172  
0.179646  0.5777  6.34865  6.41026  2.00122  2.00934  1.05049  0.138677  
0.0434136  0.792802  6.34865  6.41026  2.00122  2.00934  1.10448  0.156513  
0.020109  0.859398  6.34865  6.41026  2.00122  2.00934  3.29959  0.000275416  
0.00746728  0.914827  6.34865  6.41026  2.00122  2.00934  0.927018  0.122377  
0.288269  0.464817  6.34865  6.41026  2.00122  2.00934  0.00161641  2.78735  
0.0499494  0.777658  6.34865  6.41026  2.00122  2.00934  5.34865  0.00799324  
0.914181  0.0445107  6.34865  6.41026  2.00122  2.00934  0.0346588  4.01732  
0.193838  0.56074  6.34865  6.41026  2.00122  2.00934  0.586628  2.05717  
0.919921  0.0417685  6.34865  6.41026  2.00122  2.00934  0.143117  2.66028  
0.893331  0.0561365  6.34865  6.41026  2.00122  2.00934  0.523049  1.24062  
0.148644  0.6167  6.34865  6.41026  2.00122  2.00934  0.522877  2.49359  
0.0131683  0.886469  6.34865  6.41026  2.00122  2.00934  4.019  0.077163  
0.114352  0.663435  6.34865  6.41026  2.00122  2.00934  0.0136026  3.21489  
0.00559052  0.926451  6.34865  6.41026  2.00122  2.00934  3.75179  1.87856e-13  
0.175476  0.583277  6.34865  6.41026  2.00122  2.00934  0.149843  2.7853  
0.188599  0.567225  6.34865  6.41026  2.00122  2.00934  0.0261313  3.50127  
0.125125  0.647741  6.34865  6.41026  2.00122  2.00934  9.10976e-15  3.93401  
0.0156653  0.876443  6.34865  6.41026  2.00122  2.00934  0.842804  0.21226  
0.159799  0.602454  6.34865  6.41026  2.00122  2.00934  0.84541  0.212916  
0.986299  0.00743802  3.37225  4.73362  2.00112  3.76433  0.925264  0.122146  
0.68558  0.172663  3.37225  4.73362  2.00112  3.76433  0.249333  1.51341  
0.262038  0.490152  3.37225  4.73362  2.00112  3.76433  0.0398209  1.71553  
0.101099  0.68313  3.37225  4.73362  2.00112  3.76433  1.59229  1.7678e-16  
1.00112  1.39811e-12  3.37225  4.73362  2.00112  3.76433  0.0869479  1.1626  
0.978934  0.0111549  3.37225  4.73362  2.00112  3.76433  0.551797  1.41233  
0.0257731  0.840894  3.37225  4.73362  2.00112  3.76433  0.639103  0.702375  
0.99366  0.00373686  3.37225  4.73362  2.00112  3.76433  0.945228  0.639934  
0.322335  0.436702  3.37225  4.73362  2.00112  3.76433  1.66414  2.32406e-12  
0.0359481  0.811676  3.37225  4.73362  2.00112  3.76433  0.215041  0.5504  
0.457595  0.328326  3.37225  4.73362  2.00112  3.76433  2.11751  0.0611854  
0.898835  0.0527516  3.37225  4.73362  2.00112  3.76433  0.00650156  2.09014  
0.0094695  0.904316  3.37225  4.73362  2.00112  3.76433  0.00156227  2.32414  
0.853578  0.0770714  3.37225  4.73362  2.00112  3.76433  0.010116  1.93887  
0.494448  0.310165  3.37225  4.73362  2.00112  3.76433  0.530494  1.4618  
0.797906  0.113068  3.37225  4.73362  2.00112  3.76433  0.427035  1.17671  
0.846235  0.0807742  3.37225  4.73362  2.00112  3.76433  0.842551  0.212196  
0.0711417  0.734347  3.37225  4.73362  2.00112  3.76433  0.636339  0.501668  
0.0674361  0.741673  3.37225  4.73362  2.00112  3.76433  0.39508  1.24176  
0.971359  0.0149928  3.37225  4.73362  2.00112  3.76433  0.0157091  1.35853  
0.00134776  0.965062  3.37225  4.73362  2.00112  3.76433  0.277429  1.36633  
0.307003  0.447159  3.37225  4.73362  2.00112  3.76433  0.635806  0.966774  
0.238959  0.513119  3.37225  4.73362  2.00112  3.76433  0.0601927  1.6023  
0.446636  0.338857  3.37225  4.73362  2.00112  3.76433  1.9331  0.039159  
0.000243122  0.986105  3.37225  4.73362  2.00112  3.76433  0.918069  0.130097  
0.365475  0.401321  3.37225  4.73362  2.00112  3.76433  2.04223  6.94554e-05  
0.120579  0.654044  3.37225  4.73362  2.00112  3.76433  0.130641  1.74106  
0.806124  0.103212  3.37225  4.73362  2.00112  3.76433  0.0116289  1.47895  
0.932284  0.0350591  3.37225  4.73362  2.00112  3.76433  0  2.34764  
0.333165  0.428776  3.37225  4.73362  2.00112  3.76433  0.68558  0.172663  
0.357027  0.408379  3.37225  4.73362  2.00112  3.76433  0.0190474  3.73362  
0.0226363  0.850989  3.37225  4.73362  2.00112  3.76433  0.047748  1.84526  
0.941703  0.0301911  3.37225  4.73362  2.00112  3.76433  1.04585  0.148206  
0.0900649  0.70089  3.37225  4.73362  2.00112  3.76433  0.722737  0.497561  
0.0528501  0.771256  3.37225  4.73362  2.00112  3.76433  0.00142391  2.1183  
0.134732  0.633999  3.37225  4.73362  2.00112  3.76433  0.00117313  2.42117  
0.831072  0.0890174  3.37225  4.73362  2.00112  3.76433  1.00112  1.39811e-12  
0.00271691  0.949139  3.37225  4.73362  2.00112  3.76433  0.998016  0.25135  
0.165761  0.593798  3.37225  4.73362  2.00112  3.76433  1.66936  0.0621979  
0.0567292  0.762963  3.37225  4.73362  2.00112  3.76433  0.587913  0.635203  
0.472881  0.313183  3.37225  4.73362  2.00112  3.76433  0.524702  0.872018  
0.129823  0.640754  3.37225  4.73362  2.00112  3.76433  1.58172  0.0213395  
0.144742  0.620813  3.37225  4.73362  2.00112  3.76433  0.622346  0.642728  
0.218745  0.533605  3.37225  4.73362  2.00112  3.76433  2.04403  0  
0.21294  0.539449  3.37225  4.73362  2.00112  3.76433  1.95711  0  
0.199599  0.555372  3.37225  4.73362  2.00112  3.76433  0.00435482  2.33521  
0.948911  0.0264822  3.37225  4.73362  2.00112  3.76433  0.759917  0.867637  
0.963688  0.0188941  3.37225  4.73362  2.00112  3.76433  1.50289  0.0150296  
0.817768  0.0963385  3.37225  4.73362  2.00112  3.76433  0.916103  0.131956  
0.0941452  0.694267  3.37225  4.73362  2.00112  3.76433  0.1352  1.80183  
0.281474  0.470716  3.37225  4.73362  2.00112  3.76433  0.000133603  2.64426  
0.225924  0.525581  3.37225  4.73362  2.00112  3.76433  0.00028543  2.59545  
0.0864551  0.707125  3.37225  4.73362  2.00112  3.76433  1.49861  0.0921794  
0.0467385  0.784966  3.37225  4.73362  2.00112  3.76433  1.29463e-10  1.66855  
3.81718e-06  1.00934  3.37225  4.73362  2.00112  3.76433  0.00408717  2.04503  
0.269228  0.482495  3.37225  4.73362  2.00112  3.76433  0.344592  1.24647  
0.39091  0.381421  3.37225  4.73362  2.00112  3.76433  0.918282  0.130128  
0.0328232  0.820008  3.37225  4.73362  2.00112  3.76433  0  2.0713  
0.0174396  0.869152  3.37225  4.73362  2.00112  3.76433  2.37225  0  
0.0636647  0.748814  3.37225  4.73362  2.00112  3.76433  0  2.79548  
0.299492  0.454836  3.37225  4.73362  2.00112  3.76433  0  2.28426  
0.434844  0.346209  3.37225  4.73362  2.00112  3.76433  2.59755e-08  2.5848  
0.232535  0.51871  3.37225  4.73362  2.00112  3.76433  0.107596  1.43395  
0.105526  0.676472  3.37225  4.73362  2.00112  3.76433  0.0134414  1.88087  
0.0399686  0.801246  3.37225  4.73362  2.00112  3.76433  0.54658  1.12864  
0.344403  0.414239  3.37225  4.73362  2.00112  3.76433  0.00119461  2.29101  
0.863112  0.0724656  3.37225  4.73362  2.00112  3.76433  5.54793e-10  2.18623  
0.140211  0.626565  3.37225  4.73362  2.00112  3.76433  0.478919  0.829499  
0.25062  0.500855  3.37225  4.73362  2.00112  3.76433  0  2.72399  
0.883665  0.0605588  3.37225  4.73362  2.00112  3.76433  0.0837892  2.23043  
0.276332  0.476356  3.37225  4.73362  2.00112  3.76433  0.0372021  3.21724  
0.109808  0.669658  3.37225  4.73362  2.00112  3.76433  0.0281321  2.43286  
0.0296674  0.828943  3.37225  4.73362  2.00112  3.76433  1.77256  2.47546e-12  
0.0820478  0.714671  3.37225  4.73362  2.00112  3.76433  0.918539  0.130164  
0.384438  0.386277  3.37225  4.73362  2.00112  3.76433  0.817598  0.557763  
0.400224  0.368355  3.37225  4.73362  2.00112  3.76433  0.00301489  1.40653  
0.0783996  0.721355  3.37225  4.73362  2.00112  3.76433  1.0503  0.138652  
0.906906  0.0482994  3.37225  4.73362  2.00112  3.76433  2.06599  0  
0.170625  0.587864  3.37225  4.73362  2.00112  3.76433  0.304592  1.04557  
0.956026  0.0228068  3.37225  4.73362  2.00112  3.76433  1.56437  0.0586494  
0.873059  0.0665767  3.37225  4.73362  2.00112  3.76433  0.212768  1.42765  
0.179243  0.577555  3.37225  4.73362  2.00112  3.76433  1.05022  0.138642  
0.0434136  0.792802  3.37225  4.73362  2.00112  3.76433  1.57375  0  
0.510384  0.307741  3.37225  4.73362  2.00112  3.76433  0.000597226  2.02136  
0.00746728  0.914827  3.37225  4.73362  2.00112  3.76433  0.925336  0.122155  
0.288269  0.464817  3.37225  4.73362  2.00112  3.76433  0.0282336  1.33906  
0.430688  0.362669  3.37225  4.73362  2.00112  3.76433  1.40329  0.0816562  
0.91478  0.0441431  3.37225  4.73362  2.00112  3.76433  1.70137  0  
0.193838  0.56074  3.37225  4.73362  2.00112  3.76433  0.18129  1.6238  
0.923561  0.039561  3.37225  4.73362  2.00112  3.76433  1.05251  0.265074  
0.338958  0.423754  3.37225  4.73362  2.00112  3.76433  0.364771  1.54432  
0.150164  0.613437  3.37225  4.73362  2.00112  3.76433  2.09787  2.32911e-16  
0.0131683  0.886469  3.37225  4.73362  2.00112  3.76433  0.0211577  1.82972  
0.115907  0.660574  3.37225  4.73362  2.00112  3.76433  1.97872  0.0133284  
0.00538115  0.92816  3.37225  4.73362  2.00112  3.76433  0.283018  1.25597  
0.376117  0.392546  3.37225  4.73362  2.00112  3.76433  0.00976272  1.91366  
0.187425  0.568296  3.37225  4.73362  2.00112  3.76433  0.350185  1.61943  
0.124985  0.647746  3.37225  4.73362  2.00112  3.76433  0.326746  1.15168  
0.205348  0.548053  3.37225  4.73362  2.00112  3.76433  0.842489  0.212181  
0.159381  0.601754  3.37225  4.73362  2.00112  3.76433  0.842538  0.212193  
0.184535  0.570425  2.02899  2  2.02899  2  0.212889  0.538601  
0.68558  0.172663  2.02899  2  2.02899  2  0.24187  0.508198  
0.261012  0.489107  2.02899  2  2.02899  2  0.846299  0.0800552  
0.097453  0.687826  2.02899  2  2.02899  2  0.130423  0.638858  
1  1.55431e-15  2.02899  2  2.02899  2  0.248823  0.501178  
0.980237  0.00993175  2.02899  2  2.02899  2  0.00301085  0.945129  
0.024874  0.842285  2.02899  2  2.02899  2  0.0182506  0.864905  
0.990147  0.00493873  2.02899  2  2.02899  2  0  1  
0.31969  0.434589  2.02899  2  2.02899  2  0.856626  0.074459  
0.0337942  0.816168  2.02899  2  2.02899  2  0.990373  0.00482498  
0.409311  0.360226  2.02899  2  2.02899  2  0.971027  0.0145928  
0.891714  0.0556941  2.02899  2  2.02899  2  0.0738036  0.728332  
0.00979116  0.90105  2.02899  2  2.02899  2  0.234353  0.515899  
0.850916  0.0775492  2.02899  2  2.02899  2  0.453826  0.326334  
0.41824  0.353285  2.02899  2  2.02899  2  0.404702  0.363838  
0.797906  0.113068  2.02899  2  2.02899  2  0.876562  0.063751  
0.840578  0.0831695  2.02899  2  2.02899  2  0.0101097  0.899453  
0.069906  0.735603  2.02899  2  2.02899  2  0.0425467  0.793731  
0.482093  0.305671  2.02899  2  2.02899  2  0.0062182  0.921145  
0.970414  0.0149041  2.02899  2  2.02899  2  0.343008  0.414332  
0.00122462  0.965039  2.02899  2  2.02899  2  0.297499  0.454565  
0.304966  0.447763  2.02899  2  2.02899  2  0.0959161  0.690297  
0.239048  0.511075  2.02899  2  2.02899  2  0.952649  0.0239624  
0.445884  0.332255  2.02899  2  2.02899  2  0.187028  0.567533  
0.427379  0.346258  2.02899  2  2.02899  2  0.828048  0.0900288  
0.290327  0.46118  2.02899  2  2.02899  2  0.961665  0.0193549  
0.120682  0.652607  2.02899  2  2.02899  2  0.935409  0.0328346  
0.810101  0.0999437  2.02899  2  2.02899  2  0.305238  0.447517  
0.931195  0.0350155  2.02899  2  2.02899  2  0.905204  0.0485779  
0.366752  0.394399  2.02899  2  2.02899  2  0.68558  0.172663  
0.358578  0.401187  2.02899  2  2.02899  2  0.117891  0.656647  
0.0208291  0.855677  2.02899  2  2.02899  2  0.944151  0.0283255  
0.940945  0.0299767  2.02899  2  2.02899  2  0.36585  0.395145  
0.464013  0.318815  2.02899  2  2.02899  2  0.866419  0.0691835  
0.0538994  0.767838  2.02899  2  2.02899  2  0.42015  0.35181  
0.132776  0.635616  2.02899  2  2.02899  2  0.227191  0.523354  
0.830325  0.0887783  2.02899  2  2.02899  2  1  1.55431e-15  
0.00357737  0.940189  2.02899  2  2.02899  2  0.173653  0.583283  
0.164341  0.59461  2.02899  2  2.02899  2  0.373695  0.388694  
0.0592037  0.756682  2.02899  2  2.02899  2  0.810101  0.0999437  
0.47307  0.312199  2.02899  2  2.02899  2  0.0550347  0.765405  
0.108865  0.670054  2.02899  2  2.02899  2  0.0230623  0.848137  
0.145159  0.619003  2.02899  2  2.02899  2  0.397036  0.369892  
0.21835  0.532721  2.02899  2  2.02899  2  0.25572  0.494312  
0.211577  0.540025  2.02899  2  2.02899  2  0.206008  0.546119  
0.198206  0.554797  2.02899  2  2.02899  2  0.499887  0.292973  
0.253643  0.49637  2.02899  2  2.02899  2  0.193132  0.560532  
0.960514  0.0199419  2.02899  2  2.02899  2  0.32779  0.42747  
0.820154  0.0943768  2.02899  2  2.02899  2  0.35791  0.401744  
0.0918538  0.696926  2.02899  2  2.02899  2  0.000562214  0.976289  
0.283078  0.46795  2.02899  2  2.02899  2  0.031613  0.8222  
0.2252  0.525449  2.02899  2  2.02899  2  0.290327  0.46118  
0.0863388  0.706166  2.02899  2  2.02899  2  0.312583  0.440909  
0.0434591  0.791532  2.02899  2  2.02899  2  0.469745  0.314621  
0  1  2.02899  2  2.02899  2  0.916995  0.0424016  
0.268438  0.48189  2.02899  2  2.02899  2  0.100998  0.682198  
0.312248  0.441209  2.02899  2  2.02899  2  0.0367842  0.808208  
0.400477  0.367167  2.02899  2  2.02899  2  0.15228  0.609769  
0.0169622  0.869762  2.02899  2  2.02899  2  0.111654  0.665853  
0.0644837  0.746064  2.02899  2  2.02899  2  0.837489  0.084856  
0.297574  0.454497  2.02899  2  2.02899  2  0.925624  0.0379063  
0.436599  0.339244  2.02899  2  2.02899  2  0.262502  0.48765  
0.23207  0.518264  2.02899  2  2.02899  2  0.436286  0.339481  
0.103151  0.678828  2.02899  2  2.02899  2  0.980534  0.00978089  
0.038617  0.803488  2.02899  2  2.02899  2  0.106243  0.674051  
0.342663  0.414626  2.02899  2  2.02899  2  0.477234  0.309179  
0.861113  0.0720385  2.02899  2  2.02899  2  0.89495  0.053982  
0.138969  0.627214  2.02899  2  2.02899  2  0.0853492  0.707854  
0.246291  0.503723  2.02899  2  2.02899  2  0.145135  0.619034  
0.881597  0.0610664  2.02899  2  2.02899  2  0.412281  0.357909  
0.275748  0.474883  2.02899  2  2.02899  2  0.462452  0.319962  
0.126646  0.644127  2.02899  2  2.02899  2  0.0678468  0.739526  
0.0291551  0.829252  2.02899  2  2.02899  2  0.159717  0.600354  
0.0807898  0.715765  2.02899  2  2.02899  2  0.389309  0.376054  
0.374938  0.387678  2.02899  2  2.02899  2  0.444784  0.333079  
0.391872  0.374004  2.02899  2  2.02899  2  0.048646  0.779442  
0.0753354  0.725527  2.02899  2  2.02899  2  0.0617381  0.751529  
0.901781  0.0503786  2.02899  2  2.02899  2  0.269206  0.481149  
0.171032  0.586441  2.02899  2  2.02899  2  0.219833  0.531136  
0.95072  0.0249516  2.02899  2  2.02899  2  0.12368  0.648318  
0.871378  0.0665236  2.02899  2  2.02899  2  0.275964  0.474677  
0.177717  0.578435  2.02899  2  2.02899  2  0.167166  0.591141  
0.048646  0.779442  2.02899  2  2.02899  2  0.282804  0.468207  
0.499887  0.292973  2.02899  2  2.02899  2  0.0795183  0.71801  
0.383334  0.380861  2.02899  2  2.02899  2  0.027314  0.834731  
0.350531  0.407944  2.02899  2  2.02899  2  0.49258  0.29816  
0.800075  0.105531  2.02899  2  2.02899  2  0.0905835  0.699029  
0.911618  0.0452132  2.02899  2  2.02899  2  0.335689  0.420613  
0.454879  0.325553  2.02899  2  2.02899  2  0.485073  0.303529  
0.92152  0.0400418  2.02899  2  2.02899  2  0.819335  0.0948289  
0.334859  0.421331  2.02899  2  2.02899  2  0.320471  0.433899  
0.151457  0.610826  2.02899  2  2.02899  2  0.180606  0.575022  
0.01325  0.884892  2.02899  2  2.02899  2  0.350393  0.40806  
0.114742  0.661264  2.02899  2  2.02899  2  0.137565  0.629102  
0.00656425  0.91898  2.02899  2  2.02899  2  0.428146  0.345671  
0.490973  0.299305  2.02899  2  2.02899  2  0.88637  0.058528  
0.191317  0.562603  2.02899  2  2.02899  2  0.381601  0.382261  
0.327313  0.427887  2.02899  2  2.02899  2  0.800075  0.105531  
0.204863  0.547383  2.02899  2  2.02899  2  0.0135477  0.883606  
0.1579  0.602634  2.02899  2  2.02899  2  0.199188  0.553695  
0.184427  0.570551  2  1.99942  2  1.99942  0.213039  0.538438  
0.68558  0.172663  2  1.99942  2  1.99942  0.240988  0.509094  
0.260875  0.489241  2  1.99942  2  1.99942  0.847218  0.0795555  
0.0972537  0.688145  2  1.99942  2  1.99942  0.132044  0.636622  
1  1.55431e-15  2  1.99942  2  1.99942  0.248067  0.501937  
0.980172  0.00996369  2  1.99942  2  1.99942  0.00354625  0.94045  
0.0249492  0.842047  2  1.99942  2  1.99942  0.0179804  0.865909  
0.990068  0.00497841  2  1.99942  2  1.99942  3.33284e-07  0.999423  
0.320198  0.43414  2  1.99942  2  1.99942  0.856754  0.0743898  
0.0339062  0.815864  2  1.99942  2  1.99942  0.990373  0.00482498  
0.410217  0.359518  2  1.99942  2  1.99942  0.97129  0.0144595  
0.890799  0.0561787  2  1.99942  2  1.99942  0.0703252  0.734811  
0.00936527  0.903226  2  1.99942  2  1.99942  0.233964  0.516302  
0.850539  0.0777535  2  1.99942  2  1.99942  0.452201  0.327541  
0.418903  0.352773  2  1.99942  2  1.99942  0.404702  0.363838  
0.797906  0.113068  2  1.99942  2  1.99942  0.87588  0.0641156  
0.840428  0.0832514  2  1.99942  2  1.99942  0.00999794  0.90001  
0.0693116  0.736729  2  1.99942  2  1.99942  0.0422747  0.794392  
0.48175  0.305918  2  1.99942  2  1.99942  0.00653663  0.919151  
0.970281  0.0149714  2  1.99942  2  1.99942  0.342931  0.414397  
0.00112865  0.966405  2  1.99942  2  1.99942  0.298092  0.454022  
0.30504  0.447696  2  1.99942  2  1.99942  0.0942588  0.692984  
0.239339  0.510777  2  1.99942  2  1.99942  0.952275  0.0241541  
0.44557  0.33249  2  1.99942  2  1.99942  0.185462  0.569347  
0.427719  0.345997  2  1.99942  2  1.99942  0.82821  0.0899394  
0.290148  0.461347  2  1.99942  2  1.99942  0.961785  0.0192936  
0.120679  0.652612  2  1.99942  2  1.99942  0.933263  0.0339448  
0.810095  0.0999474  2  1.99942  2  1.99942  0.305413  0.447358  
0.930617  0.0353152  2  1.99942  2  1.99942  0.904658  0.048865  
0.367933  0.393425  2  1.99942  2  1.99942  0.68558  0.172663  
0.359789  0.400176  2  1.99942  2  1.99942  0.119232  0.654701  
0.0207185  0.856061  2  1.99942  2  1.99942  0.942752  0.0290456  
0.94055  0.0301804  2  1.99942  2  1.99942  0.36585  0.395145  
0.46363  0.319096  2  1.99942  2  1.99942  0.866303  0.0692459  
0.0535065  0.768685  2  1.99942  2  1.99942  0.420457  0.351574  
0.132806  0.635575  2  1.99942  2  1.99942  0.226967  0.523589  
0.830304  0.08879  2  1.99942  2  1.99942  1  0  
0.0033531  0.942094  2  1.99942  2  1.99942  0.171905  0.585386  
0.164521  0.594388  2  1.99942  2  1.99942  0.373547  0.388815  
0.0586897  0.75774  2  1.99942  2  1.99942  0.809384  0.100342  
0.472696  0.312471  2  1.99942  2  1.99942  0.0532147  0.769317  
0.108859  0.670063  2  1.99942  2  1.99942  0.0224119  0.850294  
0.145234  0.618904  2  1.99942  2  1.99942  0.396853  0.370037  
0.218388  0.53268  2  1.99942  2  1.99942  0.255125  0.494901  
0.211511  0.540097  2  1.99942  2  1.99942  0.20611  0.546007  
0.197901  0.555139  2  1.99942  2  1.99942  0.499998  0.292895  
0.253652  0.496361  2  1.99942  2  1.99942  0.192313  0.561465  
0.960361  0.0200197  2  1.99942  2  1.99942  0.327788  0.427472  
0.820198  0.0943519  2  1.99942  2  1.99942  0.358174  0.401524  
0.0915327  0.697456  2  1.99942  2  1.99942  0.00119033  0.965499  
0.282771  0.468237  2  1.99942  2  1.99942  0.0319358  0.821294  
0.225299  0.525344  2  1.99942  2  1.99942  0.290828  0.460715  
0.0858852  0.706938  2  1.99942  2  1.99942  0.312811  0.440705  
0.0434709  0.791503  2  1.99942  2  1.99942  0.468123  0.315805  
3.33284e-07  0.999423  2  1.99942  2  1.99942  0.914201  0.0438616  
0.268145  0.482172  2  1.99942  2  1.99942  0.100384  0.683165  
0.312605  0.440889  2  1.99942  2  1.99942  0.0370224  0.807588  
0.401568  0.366306  2  1.99942  2  1.99942  0.151777  0.610414  
0.0166781  0.870856  2  1.99942  2  1.99942  0.112909  0.66398  
0.0639498  0.747117  2  1.99942  2  1.99942  0.837691  0.0847453  
0.297553  0.454516  2  1.99942  2  1.99942  0.923743  0.0388845  
0.436634  0.339217  2  1.99942  2  1.99942  0.262219  0.487926  
0.232274  0.518052  2  1.99942  2  1.99942  0.436288  0.339479  
0.10302  0.679032  2  1.99942  2  1.99942  0.980803  0.00964485  
0.0386113  0.803502  2  1.99942  2  1.99942  0.106621  0.673471  
0.343644  0.413789  2  1.99942  2  1.99942  0.476078  0.310016  
0.860611  0.0723088  2  1.99942  2  1.99942  0.895077  0.053915  
0.138975  0.627207  2  1.99942  2  1.99942  0.0821476  0.713386  
0.246456  0.503557  2  1.99942  2  1.99942  0.145154  0.619009  
0.880754  0.0615152  2  1.99942  2  1.99942  0.412585  0.357672  
0.275431  0.475185  2  1.99942  2  1.99942  0.460132  0.321669  
0.126697  0.644055  2  1.99942  2  1.99942  0.0645348  0.745963  
0.0293456  0.828694  2  1.99942  2  1.99942  0.158459  0.601931  
0.0802715  0.716678  2  1.99942  2  1.99942  0.389038  0.376271  
0.376183  0.386662  2  1.99942  2  1.99942  0.444222  0.3335  
0.393001  0.373102  2  1.99942  2  1.99942  0.0476639  0.781679  
0.0747885  0.726525  2  1.99942  2  1.99942  0.0588031  0.757507  
0.90079  0.0509002  2  1.99942  2  1.99942  0.269322  0.481038  
0.1711  0.586357  2  1.99942  2  1.99942  0.220007  0.530951  
0.950429  0.0251003  2  1.99942  2  1.99942  0.125598  0.645601  
0.870679  0.066898  2  1.99942  2  1.99942  0.276451  0.474214  
0.177739  0.578409  2  1.99942  2  1.99942  0.165149  0.593615  
0.0484464  0.779895  2  1.99942  2  1.99942  0.283613  0.467447  
0.499998  0.292895  2  1.99942  2  1.99942  0.0761918  0.723971  
0.384513  0.379909  2  1.99942  2  1.99942  0.02705  0.835531  
0.351707  0.406951  2  1.99942  2  1.99942  0.491994  0.298577  
0.800002  0.105572  2  1.99942  2  1.99942  0.0881696  0.703066  
0.910761  0.0456621  2  1.99942  2  1.99942  0.335346  0.42091  
0.45458  0.325774  2  1.99942  2  1.99942  0.48405  0.304263  
0.92071  0.0404637  2  1.99942  2  1.99942  0.818798  0.0951255  
0.335721  0.420586  2  1.99942  2  1.99942  0.320275  0.434071  
0.151587  0.610659  2  1.99942  2  1.99942  0.178681  0.577294  
0.0129049  0.8864  2  1.99942  2  1.99942  0.350528  0.407946  
0.114734  0.661275  2  1.99942  2  1.99942  0.138578  0.627739  
0.00614788  0.921592  2  1.99942  2  1.99942  0.42835  0.345515  
0.490868  0.299381  2  1.99942  2  1.99942  0.885481  0.0589999  
0.191146  0.562798  2  1.99942  2  1.99942  0.381272  0.382528  
0.327898  0.427376  2  1.99942  2  1.99942  0.800002  0.105572  
0.204694  0.547569  2  1.99942  2  1.99942  0.0138236  0.882426  
0.158002  0.602506  2  1.99942  2  1.99942  0.199193  0.55369  
0.184409  0.570572  2  2.01769  2  2.01769  0.212796  0.538702  
0.68558  0.172663  2  2.01769  2  2.01769  0.240787  0.5093  
0.260857  0.489259  2  2.01769  2  2.01769  0.847218  0.0795555  
0.0971476  0.688315  2  2.01769  2  2.01769  0.131851  0.636888  
1  1.55431e-15  2  2.01769  2  2.01769  0.247826  0.502179  
0.980148  0.00997575  2  2.01769  2  2.01769  0.00355378  0.940386  
0.0248385  0.842398  2  2.01769  2  2.01769  0.0179755  0.865927  
0.990068  0.00497841  2  2.01769  2  2.01769  3.33284e-07  0.999423  
0.320519  0.433856  2  2.01769  2  2.01769  0.856747  0.0743937  
0.0337879  0.816185  2  2.01769  2  2.01769  0.990373  0.00482498  
0.410464  0.359325  2  2.01769  2  2.01769  0.97129  0.0144595  
0.890615  0.0562762  2  2.01769  2  2.01769  0.0697337  0.735929  
0.00932672  0.903425  2  2.01769  2  2.01769  0.233707  0.516568  
0.850404  0.0778267  2  2.01769  2  2.01769  0.452106  0.327612  
0.419119  0.352606  2  2.01769  2  2.01769  0.404688  0.363849  
0.797906  0.113068  2  2.01769  2  2.01769  0.875822  0.0641463  
0.840321  0.0833099  2  2.01769  2  2.01769  0.00999794  0.90001  
0.069095  0.737141  2  2.01769  2  2.01769  0.041964  0.795149  
0.48175  0.305918  2  2.01769  2  2.01769  0.00654677  0.919088  
0.970243  0.0149908  2  2.01769  2  2.01769  0.342912  0.414413  
0.00112865  0.966405  2  2.01769  2  2.01769  0.298106  0.45401  
0.305234  0.44752  2  2.01769  2  2.01769  0.093716  0.693869  
0.239339  0.510777  2  2.01769  2  2.01769  0.952255  0.0241644  
0.445625  0.332449  2  2.01769  2  2.01769  0.185208  0.569642  
0.427899  0.34586  2  2.01769  2  2.01769  0.82821  0.0899394  
0.290195  0.461303  2  2.01769  2  2.01769  0.961785  0.0192936  
0.120667  0.652628  2  2.01769  2  2.01769  0.933151  0.0340027  
0.810081  0.0999549  2  2.01769  2  2.01769  0.30543  0.447343  
0.930563  0.0353431  2  2.01769  2  2.01769  0.904469  0.0489642  
0.368409  0.393033  2  2.01769  2  2.01769  0.68558  0.172663  
0.360241  0.3998  2  2.01769  2  2.01769  0.118898  0.655184  
0.0206374  0.856343  2  2.01769  2  2.01769  0.942697  0.0290742  
0.94048  0.0302165  2  2.01769  2  2.01769  0.365832  0.395159  
0.463613  0.319108  2  2.01769  2  2.01769  0.866262  0.0692678  
0.0533016  0.769129  2  2.01769  2  2.01769  0.420414  0.351607  
0.132806  0.635575  2  2.01769  2  2.01769  0.2267  0.52387  
0.830247  0.0888211  2  2.01769  2  2.01769  1  0  
0.0033398  0.942209  2  2.01769  2  2.01769  0.171618  0.585732  
0.164521  0.594388  2  2.01769  2  2.01769  0.373547  0.388815  
0.0584644  0.758206  2  2.01769  2  2.01769  0.809384  0.100342  
0.472673  0.312488  2  2.01769  2  2.01769  0.0527034  0.770428  
0.108764  0.670207  2  2.01769  2  2.01769  0.0223636  0.850455  
0.145259  0.618872  2  2.01769  2  2.01769  0.396853  0.370037  
0.218388  0.53268  2  2.01769  2  2.01769  0.254937  0.495087  
0.211511  0.540097  2  2.01769  2  2.01769  0.205831  0.546314  
0.197867  0.555178  2  2.01769  2  2.01769  0.499998  0.292895  
0.253652  0.496361  2  2.01769  2  2.01769  0.192063  0.56175  
0.960325  0.0200384  2  2.01769  2  2.01769  0.327788  0.427472  
0.820179  0.0943629  2  2.01769  2  2.01769  0.358158  0.401537  
0.091383  0.697704  2  2.01769  2  2.01769  0.00119903  0.965373  
0.282773  0.468236  2  2.01769  2  2.01769  0.031792  0.821697  
0.225299  0.525344  2  2.01769  2  2.01769  0.290828  0.460715  
0.0857152  0.707228  2  2.01769  2  2.01769  0.312841  0.440678  
0.0433262  0.791851  2  2.01769  2  2.01769  0.468037  0.315868  
3.21253e-07  0.999433  2  2.01769  2  2.01769  0.914017  0.0439578  
0.268123  0.482194  2  2.01769  2  2.01769  0.0998881  0.683949  
0.312855  0.440666  2  2.01769  2  2.01769  0.0368118  0.808136  
0.401895  0.366048  2  2.01769  2  2.01769  0.15156  0.610693  
0.0166394  0.871006  2  2.01769  2  2.01769  0.112506  0.664581  
0.063744  0.747524  2  2.01769  2  2.01769  0.837701  0.0847401  
0.297689  0.454391  2  2.01769  2  2.01769  0.92357  0.0389745  
0.436711  0.339159  2  2.01769  2  2.01769  0.262036  0.488105  
0.232287  0.518039  2  2.01769  2  2.01769  0.436207  0.33954  
0.102925  0.679181  2  2.01769  2  2.01769  0.980803  0.00964485  
0.0384952  0.803798  2  2.01769  2  2.01769  0.106154  0.674187  
0.34409  0.413408  2  2.01769  2  2.01769  0.47601  0.310065  
0.860487  0.0723756  2  2.01769  2  2.01769  0.894897  0.05401  
0.138997  0.627177  2  2.01769  2  2.01769  0.0816025  0.714338  
0.24647  0.503542  2  2.01769  2  2.01769  0.144917  0.619321  
0.880564  0.0616161  2  2.01769  2  2.01769  0.412548  0.357701  
0.275411  0.475204  2  2.01769  2  2.01769  0.460052  0.321729  
0.126708  0.644039  2  2.01769  2  2.01769  0.0639311  0.747154  
0.0292394  0.829005  2  2.01769  2  2.01769  0.158193  0.602265  
0.0800917  0.716995  2  2.01769  2  2.01769  0.389038  0.376271  
0.376686  0.386252  2  2.01769  2  2.01769  0.444169  0.33354  
0.393371  0.372807  2  2.01769  2  2.01769  0.0472654  0.782594  
0.0745584  0.726946  2  2.01769  2  2.01769  0.0582432  0.758664  
0.900632  0.0509835  2  2.01769  2  2.01769  0.269199  0.481156  
0.1711  0.586357  2  2.01769  2  2.01769  0.219758  0.531217  
0.95041  0.0251104  2  2.01769  2  2.01769  0.125337  0.64597  
0.870551  0.0669668  2  2.01769  2  2.01769  0.276364  0.474297  
0.177731  0.578418  2  2.01769  2  2.01769  0.164897  0.593925  
0.0482614  0.780315  2  2.01769  2  2.01769  0.283599  0.46746  
0.499998  0.292895  2  2.01769  2  2.01769  0.0756597  0.724937  
0.384943  0.379562  2  2.01769  2  2.01769  0.0269765  0.835755  
0.352123  0.4066  2  2.01769  2  2.01769  0.491994  0.298577  
0.800002  0.105572  2  2.01769  2  2.01769  0.0875867  0.70405  
0.910611  0.0457406  2  2.01769  2  2.01769  0.335337  0.420917  
0.4546  0.32576  2  2.01769  2  2.01769  0.484007  0.304294  
0.920609  0.0405165  2  2.01769  2  2.01769  0.818778  0.0951362  
0.336165  0.420202  2  2.01769  2  2.01769  0.320275  0.434071  
0.151587  0.610659  2  2.01769  2  2.01769  0.178409  0.577615  
0.0128514  0.886636  2  2.01769  2  2.01769  0.350528  0.407946  
0.114696  0.661332  2  2.01769  2  2.01769  0.138331  0.628071  
0.00612751  0.921722  2  2.01769  2  2.01769  0.428288  0.345563  
0.490843  0.299398  2  2.01769  2  2.01769  0.885367  0.0590608  
0.191127  0.56282  2  2.01769  2  2.01769  0.381272  0.382528  
0.32831  0.427016  2  2.01769  2  2.01769  0.800002  0.105572  
0.204667  0.547599  2  2.01769  2  2.01769  0.013831  0.882395  
0.158016  0.602488  2  2.01769  2  2.01769  0.198958  0.553952  
0.184354  0.570635  2  2.04521  2  2.04521  0.212502  0.539021  
0.68558  0.172663  2  2.04521  2  2.04521  0.240643  0.509446  
0.260857  0.489259  2  2.04521  2  2.04521  0.847218  0.0795555  
0.097011  0.688534  2  2.04521  2  2.04521  0.131456  0.637431  
1  1.55431e-15  2  2.04521  2  2.04521  0.247723  0.502282  
0.980148  0.00997575  2  2.04521  2  2.04521  0.00356865  0.940262  
0.0248118  0.842482  2  2.04521  2  2.04521  0.0179543  0.866006  
0.990068  0.00497841  2  2.04521  2  2.04521  3.33284e-07  0.999423  
0.320652  0.433738  2  2.04521  2  2.04521  0.856727  0.0744044  
0.03371  0.816397  2  2.04521  2  2.04521  0.990393  0.00481533  
0.410668  0.359166  2  2.04521  2  2.04521  0.97129  0.0144595  
0.890462  0.0563571  2  2.04521  2  2.04521  0.0694587  0.73645  
0.00931666  0.903477  2  2.04521  2  2.04521  0.233555  0.516724  
0.850245  0.0779129  2  2.04521  2  2.04521  0.452106  0.327612  
0.419301  0.352466  2  2.04521  2  2.04521  0.404688  0.363849  
0.797906  0.113068  2  2.04521  2  2.04521  0.875789  0.0641639  
0.840226  0.0833614  2  2.04521  2  2.04521  0.0100196  0.899902  
0.0690196  0.737284  2  2.04521  2  2.04521  0.0418588  0.795406  
0.48175  0.305918  2  2.04521  2  2.04521  0.0065664  0.918967  
0.970207  0.015009  2  2.04521  2  2.04521  0.342912  0.414413  
0.00112551  0.966451  2  2.04521  2  2.04521  0.298106  0.45401  
0.305332  0.447431  2  2.04521  2  2.04521  0.0933611  0.694449  
0.239358  0.510758  2  2.04521  2  2.04521  0.952213  0.024186  
0.445691  0.332399  2  2.04521  2  2.04521  0.184952  0.56994  
0.428045  0.345749  2  2.04521  2  2.04521  0.82821  0.0899394  
0.290234  0.461266  2  2.04521  2  2.04521  0.961753  0.0193098  
0.120621  0.652695  2  2.04521  2  2.04521  0.933134  0.0340115  
0.810044  0.0999755  2  2.04521  2  2.04521  0.30546  0.447315  
0.930375  0.0354405  2  2.04521  2  2.04521  0.904469  0.0489642  
0.368525  0.392938  2  2.04521  2  2.04521  0.68558  0.172663  
0.360379  0.399684  2  2.04521  2  2.04521  0.118516  0.655739  
0.0206054  0.856454  2  2.04521  2  2.04521  0.942657  0.0290949  
0.940321  0.0302983  2  2.04521  2  2.04521  0.365832  0.395159  
0.463613  0.319108  2  2.04521  2  2.04521  0.866238  0.0692809  
0.0531809  0.76939  2  2.04521  2  2.04521  0.42039  0.351625  
0.132806  0.635575  2  2.04521  2  2.04521  0.226474  0.524107  
0.830198  0.088848  2  2.04521  2  2.04521  1  0  
0.00333767  0.942227  2  2.04521  2  2.04521  0.171342  0.586066  
0.164521  0.594388  2  2.04521  2  2.04521  0.373537  0.388823  
0.0583914  0.758357  2  2.04521  2  2.04521  0.809384  0.100342  
0.472673  0.312488  2  2.04521  2  2.04521  0.0525194  0.770829  
0.108686  0.670324  2  2.04521  2  2.04521  0.0223361  0.850547  
0.145264  0.618864  2  2.04521  2  2.04521  0.396847  0.370042  
0.218388  0.53268  2  2.04521  2  2.04521  0.254838  0.495185  
0.211511  0.540097  2  2.04521  2  2.04521  0.205565  0.546607  
0.19783  0.555219  2  2.04521  2  2.04521  0.499998  0.292895  
0.253652  0.496361  2  2.04521  2  2.04521  0.191801  0.56205  
0.960263  0.0200697  2  2.04521  2  2.04521  0.327788  0.427472  
0.820091  0.094411  2  2.04521  2  2.04521  0.358158  0.401537  
0.0912558  0.697914  2  2.04521  2  2.04521  0.00119903  0.965373  
0.282799  0.468212  2  2.04521  2  2.04521  0.0317455  0.821827  
0.22532  0.525321  2  2.04521  2  2.04521  0.290828  0.460715  
0.0855877  0.707446  2  2.04521  2  2.04521  0.312841  0.440678  
0.0432039  0.792145  2  2.04521  2  2.04521  0.468023  0.315878  
3.21253e-07  0.999433  2  2.04521  2  2.04521  0.914017  0.0439578  
0.268108  0.482208  2  2.04521  2  2.04521  0.0995549  0.684477  
0.312943  0.440587  2  2.04521  2  2.04521  0.0367202  0.808375  
0.402084  0.365899  2  2.04521  2  2.04521  0.151253  0.611088  
0.0166005  0.871157  2  2.04521  2  2.04521  0.112145  0.665119  
0.0636582  0.747694  2  2.04521  2  2.04521  0.837701  0.0847401  
0.297742  0.454343  2  2.04521  2  2.04521  0.92357  0.0389745  
0.436836  0.339064  2  2.04521  2  2.04521  0.261983  0.488158  
0.232304  0.51802  2  2.04521  2  2.04521  0.436207  0.33954  
0.102823  0.679339  2  2.04521  2  2.04521  0.980821  0.00963569  
0.038378  0.804097  2  2.04521  2  2.04521  0.105808  0.674719  
0.344244  0.413277  2  2.04521  2  2.04521  0.475989  0.310081  
0.860332  0.0724594  2  2.04521  2  2.04521  0.894897  0.05401  
0.138997  0.627177  2  2.04521  2  2.04521  0.0812671  0.714926  
0.24647  0.503542  2  2.04521  2  2.04521  0.144596  0.619743  
0.880423  0.0616913  2  2.04521  2  2.04521  0.412525  0.357719  
0.275437  0.475179  2  2.04521  2  2.04521  0.460052  0.321729  
0.126677  0.644083  2  2.04521  2  2.04521  0.063703  0.747606  
0.0291822  0.829172  2  2.04521  2  2.04521  0.157891  0.602645  
0.079993  0.71717  2  2.04521  2  2.04521  0.389038  0.376271  
0.37681  0.386151  2  2.04521  2  2.04521  0.444155  0.333551  
0.393558  0.372658  2  2.04521  2  2.04521  0.0471168  0.782936  
0.0744605  0.727125  2  2.04521  2  2.04521  0.0580395  0.759086  
0.900468  0.0510701  2  2.04521  2  2.04521  0.269167  0.481187  
0.171089  0.586371  2  2.04521  2  2.04521  0.21948  0.531513  
0.950312  0.0251607  2  2.04521  2  2.04521  0.124949  0.646519  
0.870416  0.0670391  2  2.04521  2  2.04521  0.276364  0.474297  
0.17769  0.578467  2  2.04521  2  2.04521  0.164561  0.594338  
0.0481383  0.780595  2  2.04521  2  2.04521  0.283578  0.467479  
0.499998  0.292895  2  2.04521  2  2.04521  0.0753048  0.725583  
0.385127  0.379414  2  2.04521  2  2.04521  0.0269455  0.835849  
0.35227  0.406477  2  2.04521  2  2.04521  0.491994  0.298577  
0.800002  0.105572  2  2.04521  2  2.04521  0.0872488  0.704621  
0.910438  0.0458311  2  2.04521  2  2.04521  0.335327  0.420926  
0.454603  0.325757  2  2.04521  2  2.04521  0.483984  0.304311  
0.920406  0.0406222  2  2.04521  2  2.04521  0.818778  0.0951362  
0.336353  0.42004  2  2.04521  2  2.04521  0.320283  0.434065  
0.151614  0.610624  2  2.04521  2  2.04521  0.178139  0.577935  
0.0128227  0.886763  2  2.04521  2  2.04521  0.350528  0.407946  
0.114622  0.661442  2  2.04521  2  2.04521  0.138032  0.628474  
0.00612189  0.921758  2  2.04521  2  2.04521  0.428288  0.345563  
0.490843  0.299398  2  2.04521  2  2.04521  0.885367  0.0590608  
0.19108  0.562872  2  2.04521  2  2.04521  0.381272  0.382528  
0.328462  0.426884  2  2.04521  2  2.04521  0.800002  0.105572  
0.20465  0.547618  2  2.04521  2  2.04521  0.0138392  0.88236  
0.158016  0.602488  2  2.04521  2  2.04521  0.19864  0.554309  
0.184319  0.570676  2  1.99942  2  1.99943  0.212376  0.539157  
0.68558  0.172663  2  1.99942  2  1.99943  0.240525  0.509567  
0.260857  0.489259  2  1.99942  2  1.99943  0.847194  0.0795685  
0.0969216  0.688678  2  1.99942  2  1.99943  0.13125  0.637716  
1  1.55431e-15  2  1.99942  2  1.99943  0.247629  0.502377  
0.980141  0.00997933  2  1.99942  2  1.99943  0.00356865  0.940262  
0.024756  0.84266  2  1.99942  2  1.99943  0.0179182  0.866141  
0.990068  0.00497841  2  1.99942  2  1.99943  3.33284e-07  0.999423  
0.320752  0.43365  2  1.99942  2  1.99943  0.856684  0.0744275  
0.0336715  0.816502  2  1.99942  2  1.99943  0.990393  0.00481533  
0.410742  0.359108  2  1.99942  2  1.99943  0.971249  0.0144802  
0.890243  0.0564731  2  1.99942  2  1.99943  0.069332  0.73669  
0.00929352  0.903597  2  1.99942  2  1.99943  0.23342  0.516865  
0.850142  0.0779683  2  1.99942  2  1.99943  0.452082  0.32763  
0.419389  0.352398  2  1.99942  2  1.99943  0.404665  0.363867  
0.797906  0.113068  2  1.99942  2  1.99943  0.875789  0.0641639  
0.840089  0.0834361  2  1.99942  2  1.99943  0.0100043  0.899978  
0.0689154  0.737482  2  1.99942  2  1.99943  0.0416949  0.795807  
0.48175  0.305918  2  1.99942  2  1.99943  0.0065664  0.918967  
0.970184  0.0150209  2  1.99942  2  1.99943  0.342912  0.414413  
0.00112551  0.966451  2  1.99942  2  1.99943  0.298123  0.453993  
0.30536  0.447406  2  1.99942  2  1.99943  0.0932385  0.69465  
0.239358  0.510758  2  1.99942  2  1.99943  0.952181  0.0242023  
0.445713  0.332382  2  1.99942  2  1.99943  0.184756  0.570167  
0.428096  0.345709  2  1.99942  2  1.99943  0.82821  0.0899394  
0.290262  0.46124  2  1.99942  2  1.99943  0.961706  0.0193337  
0.120606  0.652716  2  1.99942  2  1.99943  0.933106  0.0340259  
0.810015  0.0999915  2  1.99942  2  1.99943  0.30546  0.447315  
0.930298  0.0354804  2  1.99942  2  1.99943  0.904442  0.0489784  
0.36875  0.392752  2  1.99942  2  1.99943  0.68558  0.172663  
0.360582  0.399515  2  1.99942  2  1.99943  0.118342  0.655991  
0.0205576  0.856621  2  1.99942  2  1.99943  0.942657  0.0290949  
0.94024  0.0303405  2  1.99942  2  1.99943  0.365832  0.395159  
0.463635  0.319093  2  1.99942  2  1.99943  0.866238  0.0692809  
0.053144  0.76947  2  1.99942  2  1.99943  0.42039  0.351625  
0.132806  0.635575  2  1.99942  2  1.99943  0.226381  0.524205  
0.830056  0.0889258  2  1.99942  2  1.99943  1  0  
0.00333196  0.942277  2  1.99942  2  1.99943  0.171105  0.586351  
0.164521  0.594388  2  1.99942  2  1.99943  0.373534  0.388826  
0.0582963  0.758554  2  1.99942  2  1.99943  0.809384  0.100342  
0.472673  0.312488  2  1.99942  2  1.99943  0.0523759  0.771142  
0.108645  0.670386  2  1.99942  2  1.99943  0.022279  0.850738  
0.145264  0.618864  2  1.99942  2  1.99943  0.396847  0.370042  
0.218385  0.532683  2  1.99942  2  1.99943  0.25477  0.495253  
0.211502  0.540107  2  1.99942  2  1.99943  0.205398  0.546792  
0.19783  0.555219  2  1.99942  2  1.99943  0.499998  0.292895  
0.253641  0.496372  2  1.99942  2  1.99943  0.191595  0.562284  
0.960206  0.0200991  2  1.99942  2  1.99943  0.327788  0.427472  
0.820065  0.0944256  2  1.99942  2  1.99943  0.358158  0.401537  
0.0911826  0.698035  2  1.99942  2  1.99943  0.00120107  0.965344  
0.282824  0.468188  2  1.99942  2  1.99943  0.0316304  0.822151  
0.22532  0.525321  2  1.99942  2  1.99943  0.2908  0.460741  
0.085516  0.707569  2  1.99942  2  1.99943  0.312846  0.440674  
0.0431352  0.79231  2  1.99942  2  1.99943  0.468001  0.315894  
3.21253e-07  0.999433  2  1.99942  2  1.99943  0.913988  0.0439726  
0.268108  0.482208  2  1.99942  2  1.99943  0.0994218  0.684688  
0.313035  0.440504  2  1.99942  2  1.99943  0.0365782  0.808746  
0.402209  0.365801  2  1.99942  2  1.99943  0.151034  0.61137  
0.0165513  0.871348  2  1.99942  2  1.99943  0.111974  0.665375  
0.0635603  0.747888  2  1.99942  2  1.99943  0.837683  0.0847498  
0.29777  0.454317  2  1.99942  2  1.99943  0.92357  0.0389745  
0.436866  0.339042  2  1.99942  2  1.99943  0.261923  0.488215  
0.232304  0.51802  2  1.99942  2  1.99943  0.436207  0.33954  
0.102736  0.679475  2  1.99942  2  1.99943  0.980821  0.00963569  
0.0383293  0.804221  2  1.99942  2  1.99943  0.105664  0.67494  
0.34442  0.413127  2  1.99942  2  1.99943  0.475989  0.310081  
0.860183  0.0725396  2  1.99942  2  1.99943  0.894873  0.0540227  
0.138997  0.627177  2  1.99942  2  1.99943  0.0811207  0.715183  
0.24647  0.503542  2  1.99942  2  1.99943  0.144364  0.620047  
0.880221  0.061799  2  1.99942  2  1.99943  0.412515  0.357726  
0.275437  0.475179  2  1.99942  2  1.99943  0.46003  0.321745  
0.126677  0.644083  2  1.99942  2  1.99943  0.0635756  0.747858  
0.0291365  0.829306  2  1.99942  2  1.99943  0.157724  0.602855  
0.0798985  0.717337  2  1.99942  2  1.99943  0.389038  0.376271  
0.377008  0.38599  2  1.99942  2  1.99943  0.444143  0.333559  
0.393762  0.372496  2  1.99942  2  1.99943  0.0469657  0.783284  
0.0743558  0.727317  2  1.99942  2  1.99943  0.0579303  0.759313  
0.900235  0.0511929  2  1.99942  2  1.99943  0.269106  0.481245  
0.17106  0.586406  2  1.99942  2  1.99943  0.219369  0.531631  
0.950219  0.0252084  2  1.99942  2  1.99943  0.124761  0.646785  
0.870203  0.0671535  2  1.99942  2  1.99943  0.27631  0.474348  
0.177659  0.578504  2  1.99942  2  1.99943  0.164371  0.594573  
0.0480746  0.780741  2  1.99942  2  1.99943  0.28354  0.467515  
0.499998  0.292895  2  1.99942  2  1.99943  0.0751761  0.725817  
0.385355  0.379231  2  1.99942  2  1.99943  0.026844  0.836159  
0.352459  0.406318  2  1.99942  2  1.99943  0.491994  0.298577  
0.800002  0.105572  2  1.99942  2  1.99943  0.0871484  0.704791  
0.910251  0.0459294  2  1.99942  2  1.99943  0.335327  0.420926  
0.454636  0.325733  2  1.99942  2  1.99943  0.483984  0.304311  
0.920285  0.0406852  2  1.99942  2  1.99943  0.818778  0.0951362  
0.336445  0.419961  2  1.99942  2  1.99943  0.320297  0.434052  
0.151614  0.610624  2  1.99942  2  1.99943  0.177912  0.578204  
0.0127871  0.88692  2  1.99942  2  1.99943  0.350528  0.407946  
0.114598  0.661476  2  1.99942  2  1.99943  0.137789  0.628801  
0.00610915  0.921839  2  1.99942  2  1.99943  0.428274  0.345573  
0.490843  0.299398  2  1.99942  2  1.99943  0.885312  0.0590896  
0.191051  0.562906  2  1.99942  2  1.99943  0.381272  0.382528  
0.328549  0.426808  2  1.99942  2  1.99943  0.800002  0.105572  
0.20465  0.547618  2  1.99942  2  1.99943  0.0138091  0.882488  
0.158041  0.602456  2  1.99942  2  1.99943  0.1985  0.554467  
0.184319  0.570676  2  1.99942  2  1.99944  0.2122  0.539348  
0.68558  0.172663  2  1.99942  2  1.99944  0.240398  0.509696  
0.260857  0.489259  2  1.99942  2  1.99944  0.847169  0.0795821  
0.0968964  0.688718  2  1.99942  2  1.99944  0.131022  0.638031  
1  1.55431e-15  2  1.99942  2  1.99944  0.247555  0.502451  
0.980031  0.010035  2  1.99942  2  1.99944  0.00356865  0.940262  
0.0247021  0.842831  2  1.99942  2  1.99944  0.0178977  0.866218  
0.990004  0.00501045  2  1.99942  2  1.99944  3.33284e-07  0.999423  
0.320871  0.433545  2  1.99942  2  1.99944  0.856684  0.0744275  
0.0336156  0.816654  2  1.99942  2  1.99944  0.990393  0.00481533  
0.410841  0.359031  2  1.99942  2  1.99944  0.971249  0.0144802  
0.890135  0.0565302  2  1.99942  2  1.99944  0.0691304  0.737073  
0.00925167  0.903814  2  1.99942  2  1.99944  0.233286  0.517003  
0.85005  0.0780186  2  1.99942  2  1.99944  0.452061  0.327645  
0.419465  0.352339  2  1.99942  2  1.99944  0.404665  0.363867  
0.797906  0.113068  2  1.99942  2  1.99944  0.875746  0.0641872  
0.84002  0.0834741  2  1.99942  2  1.99944  0.0099959  0.900021  
0.0688217  0.737661  2  1.99942  2  1.99944  0.041648  0.795922  
0.481745  0.305921  2  1.99942  2  1.99944  0.00656101  0.919  
0.970031  0.0150982  2  1.99942  2  1.99944  0.342912  0.414413  
0.00111742  0.966572  2  1.99942  2  1.99944  0.298098  0.454017  
0.305508  0.447272  2  1.99942  2  1.99944  0.0929982  0.695044  
0.239358  0.510758  2  1.99942  2  1.99944  0.952151  0.0242177  
0.445789  0.332326  2  1.99942  2  1.99944  0.184534  0.570426  
0.428165  0.345656  2  1.99942  2  1.99944  0.82821  0.0899394  
0.290392  0.46112  2  1.99942  2  1.99944  0.961706  0.0193337  
0.120606  0.652716  2  1.99942  2  1.99944  0.933076  0.0340416  
0.810015  0.0999915  2  1.99942  2  1.99944  0.305457  0.447319  
0.930193  0.0355347  2  1.99942  2  1.99944  0.904424  0.0489877  
0.368874  0.39265  2  1.99942  2  1.99944  0.68558  0.172663  
0.360685  0.39943  2  1.99942  2  1.99944  0.118139  0.656287  
0.0204971  0.856832  2  1.99942  2  1.99944  0.942617  0.0291152  
0.940179  0.0303715  2  1.99942  2  1.99944  0.365832  0.395159  
0.463635  0.319093  2  1.99942  2  1.99944  0.866209  0.0692964  
0.0530903  0.769587  2  1.99942  2  1.99944  0.420387  0.351627  
0.132806  0.635575  2  1.99942  2  1.99944  0.226219  0.524375  
0.829993  0.0889603  2  1.99942  2  1.99944  1  0  
0.00330909  0.942475  2  1.99942  2  1.99944  0.170925  0.58657  
0.164521  0.594388  2  1.99942  2  1.99944  0.373534  0.388826  
0.0582404  0.758669  2  1.99942  2  1.99944  0.809384  0.100342  
0.472673  0.312488  2  1.99942  2  1.99944  0.0522779  0.771356  
0.108619  0.670426  2  1.99942  2  1.99944  0.0222446  0.850854  
0.145264  0.618864  2  1.99942  2  1.99944  0.396847  0.370042  
0.218385  0.532683  2  1.99942  2  1.99944  0.254721  0.495301  
0.211502  0.540107  2  1.99942  2  1.99944  0.205249  0.546955  
0.19783  0.555219  2  1.99942  2  1.99944  0.499998  0.292895  
0.253641  0.496372  2  1.99942  2  1.99944  0.191418  0.562487  
0.960101  0.0201526  2  1.99942  2  1.99944  0.327788  0.427472  
0.820008  0.0944571  2  1.99942  2  1.99944  0.358158  0.401537  
0.0911281  0.698126  2  1.99942  2  1.99944  0.00120232  0.965326  
0.282906  0.468111  2  1.99942  2  1.99944  0.0315909  0.822262  
0.22532  0.525321  2  1.99942  2  1.99944  0.2908  0.460741  
0.0854407  0.707698  2  1.99942  2  1.99944  0.312846  0.440674  
0.0430949  0.792407  2  1.99942  2  1.99944  0.468001  0.315894  
3.12738e-07  0.999441  2  1.99942  2  1.99944  0.913965  0.043985  
0.268131  0.482186  2  1.99942  2  1.99944  0.0991691  0.685089  
0.313156  0.440397  2  1.99942  2  1.99944  0.036534  0.808861  
0.402324  0.36571  2  1.99942  2  1.99944  0.150752  0.611731  
0.0165039  0.871533  2  1.99942  2  1.99944  0.111774  0.665674  
0.0634778  0.748052  2  1.99942  2  1.99944  0.837683  0.0847498  
0.29789  0.454207  2  1.99942  2  1.99944  0.923536  0.038992  
0.436957  0.338973  2  1.99942  2  1.99944  0.261895  0.488243  
0.232304  0.51802  2  1.99942  2  1.99944  0.436192  0.339552  
0.102728  0.679488  2  1.99942  2  1.99944  0.980821  0.00963569  
0.0382778  0.804353  2  1.99942  2  1.99944  0.105453  0.675264  
0.344575  0.412995  2  1.99942  2  1.99944  0.475978  0.310088  
0.860101  0.0725836  2  1.99942  2  1.99944  0.894873  0.0540227  
0.138997  0.627177  2  1.99942  2  1.99944  0.0808881  0.715592  
0.24647  0.503542  2  1.99942  2  1.99944  0.144114  0.620377  
0.880145  0.0618398  2  1.99942  2  1.99944  0.412515  0.357726  
0.275477  0.475141  2  1.99942  2  1.99944  0.46003  0.321745  
0.126677  0.644083  2  1.99942  2  1.99944  0.0634119  0.748183  
0.0290813  0.829468  2  1.99942  2  1.99944  0.157426  0.603231  
0.0798346  0.71745  2  1.99942  2  1.99944  0.389038  0.376271  
0.377175  0.385855  2  1.99942  2  1.99944  0.444126  0.333573  
0.393877  0.372404  2  1.99942  2  1.99944  0.0468975  0.783442  
0.0742955  0.727428  2  1.99942  2  1.99944  0.0577956  0.759593  
0.90013  0.051248  2  1.99942  2  1.99944  0.269096  0.481255  
0.17106  0.586406  2  1.99942  2  1.99944  0.219195  0.531817  
0.95015  0.0252437  2  1.99942  2  1.99944  0.124556  0.647075  
0.87014  0.067187  2  1.99942  2  1.99944  0.27631  0.474348  
0.177659  0.578504  2  1.99942  2  1.99944  0.164155  0.594839  
0.0480224  0.78086  2  1.99942  2  1.99944  0.28354  0.467515  
0.499998  0.292895  2  1.99942  2  1.99944  0.0749638  0.726205  
0.385532  0.379088  2  1.99942  2  1.99944  0.0268234  0.836222  
0.352592  0.406205  2  1.99942  2  1.99944  0.491968  0.298596  
0.800002  0.105572  2  1.99942  2  1.99944  0.0869169  0.705183  
0.910152  0.045981  2  1.99942  2  1.99944  0.335327  0.420926  
0.454672  0.325706  2  1.99942  2  1.99944  0.483964  0.304325  
0.920168  0.0407462  2  1.99942  2  1.99944  0.818778  0.0951362  
0.336601  0.419827  2  1.99942  2  1.99944  0.320297  0.434052  
0.151614  0.610624  2  1.99942  2  1.99944  0.177739  0.578409  
0.01274  0.887128  2  1.99942  2  1.99944  0.350528  0.407946  
0.114586  0.661494  2  1.99942  2  1.99944  0.137526  0.629156  
0.00607252  0.922074  2  1.99942  2  1.99944  0.428274  0.345573  
0.490843  0.299398  2  1.99942  2  1.99944  0.885312  0.0590896  
0.191051  0.562906  2  1.99942  2  1.99944  0.381272  0.382528  
0.328704  0.426673  2  1.99942  2  1.99944  0.800002  0.105572  
0.20465  0.547618  2  1.99942  2  1.99944  0.0137985  0.882533  
0.158034  0.602465  2  1.99942  2  1.99944  0.198331  0.554657  
