1.55385  3.36776e-28  0.00116097  3.31431  1.1747  2.58985  1.79769e+308  1.79769e+308  1.79769e+308  1.55385  3.36776e-28  0.00116097  
1.7973  1.46608e-145  4.20805e-42  3.31431  1.1747  2.58985  1.79769e+308  1.79769e+308  1.79769e+308  1.7973  1.46608e-145  4.20805e-42  
1.76684  1.7303e-15  4.48428e-34  3.31431  1.1747  2.58985  1.79769e+308  1.79769e+308  1.79769e+308  1.76684  1.7303e-15  4.48428e-34  
1.55502  1.25708e-50  4.51235e-05  3.31431  1.1747  2.58985  1.79769e+308  1.79769e+308  1.79769e+308  1.55502  1.25708e-50  4.51235e-05  
2.05063  4.58813e-71  2.94821e-15  3.31431  1.1747  2.58985  1.79769e+308  1.79769e+308  1.79769e+308  2.05063  4.58813e-71  2.94821e-15  
2.18606  8.51762e-16  9.9953e-26  3.31431  1.1747  2.58985  1.79769e+308  1.79769e+308  1.79769e+308  2.18606  8.51762e-16  9.9953e-26  
1.79152  2.41679e-10  8.13382e-06  3.31431  1.1747  2.58985  1.79769e+308  1.79769e+308  1.79769e+308  1.79152  2.41679e-10  8.13382e-06  
1.80799  3.82379e-12  4.85905e-56  3.31431  1.1747  2.58985  1.79769e+308  1.79769e+308  1.79769e+308  1.80799  3.82379e-12  4.85905e-56  
1.5876  1.48393e-144  2.73275e-47  3.31431  1.1747  2.58985  1.79769e+308  1.79769e+308  1.79769e+308  1.5876  1.48393e-144  2.73275e-47  
2.06002  6.27895e-31  4.53332e-41  3.31431  1.1747  2.58985  1.79769e+308  1.79769e+308  1.79769e+308  2.06002  6.27895e-31  4.53332e-41  
1.75448  8.00715e-09  2.24203e-44  3.31431  1.1747  2.58985  1.79769e+308  1.79769e+308  1.79769e+308  1.75448  8.00715e-09  2.24203e-44  
1.63777  1.91249e-60  5.9398e-96  3.31431  1.1747  2.58985  1.79769e+308  1.79769e+308  1.79769e+308  1.63777  1.91249e-60  5.9398e-96  
1.65396  2.9643e-53  4.87523e-13  3.31431  1.1747  2.58985  1.79769e+308  1.79769e+308  1.79769e+308  1.65396  2.9643e-53  4.87523e-13  
1.76541  3.10891e-64  1.16147  3.31431  1.1747  2.58985  1.79769e+308  1.79769e+308  1.79769e+308  1.76541  3.10891e-64  1.16147  
1.59849  0.0958698  3.64063e-23  3.31431  1.1747  2.58985  1.79769e+308  1.79769e+308  1.79769e+308  1.59849  0.0958698  3.64063e-23  
1.59836  3.25993e-21  3.11024e-59  3.31431  1.1747  2.58985  1.79769e+308  1.79769e+308  1.79769e+308  1.59836  3.25993e-21  3.11024e-59  
1.68726  4.15488e-34  8.35413e-59  3.31431  1.1747  2.58985  1.79769e+308  1.79769e+308  1.79769e+308  1.68726  4.15488e-34  8.35413e-59  
1.98772  7.70322e-69  6.10344e-103  3.31431  1.1747  2.58985  1.79769e+308  1.79769e+308  1.79769e+308  1.98772  7.70322e-69  6.10344e-103  
1.99245  0.0591933  5.82748e-41  3.31431  1.1747  2.58985  1.79769e+308  1.79769e+308  1.79769e+308  1.99245  0.0591933  5.82748e-41  
1.89589  3.31486e-72  9.23208e-112  3.31431  1.1747  2.58985  1.79769e+308  1.79769e+308  1.79769e+308  1.89589  3.31486e-72  9.23208e-112  
1.61622  1.76568e-165  0.332505  3.31431  1.1747  2.58985  1.79769e+308  1.79769e+308  1.79769e+308  1.61622  1.76568e-165  0.332505  
1.70292  2.04898e-35  0.000315088  3.31431  1.1747  2.58985  1.79769e+308  1.79769e+308  1.79769e+308  1.70292  2.04898e-35  0.000315088  
1.78611  4.93084e-09  7.08146e-39  3.31431  1.1747  2.58985  1.79769e+308  1.79769e+308  1.79769e+308  1.78611  4.93084e-09  7.08146e-39  
1.92534  1.45873e-08  2.29426e-18  3.31431  1.1747  2.58985  1.79769e+308  1.79769e+308  1.79769e+308  1.92534  1.45873e-08  2.29426e-18  
1.62898  9.15242e-59  1.21398e-47  3.31431  1.1747  2.58985  1.79769e+308  1.79769e+308  1.79769e+308  1.62898  9.15242e-59  1.21398e-47  
1.6002  1.06554e-31  4.63337e-81  3.31431  1.1747  2.58985  1.79769e+308  1.79769e+308  1.79769e+308  1.6002  1.06554e-31  4.63337e-81  
1.55263  9.21868e-57  8.17115e-43  3.31431  1.1747  2.58985  1.79769e+308  1.79769e+308  1.79769e+308  1.55263  9.21868e-57  8.17115e-43  
1.82698  6.4637e-16  1.69491e-63  3.31431  1.1747  2.58985  1.79769e+308  1.79769e+308  1.79769e+308  1.82698  6.4637e-16  1.69491e-63  
2.14114  6.30361e-41  7.41129e-11  3.31431  1.1747  2.58985  1.79769e+308  1.79769e+308  1.79769e+308  2.14114  6.30361e-41  7.41129e-11  
1.91782  3.47357e-19  5.931e-11  3.31431  1.1747  2.58985  1.79769e+308  1.79769e+308  1.79769e+308  1.91782  3.47357e-19  5.931e-11  
1.93544  2.61148e-86  4.16543e-36  3.31431  1.1747  2.58985  1.79769e+308  1.79769e+308  1.79769e+308  1.93544  2.61148e-86  4.16543e-36  
1.6741  7.61276e-21  7.40026e-05  3.31431  1.1747  2.58985  1.79769e+308  1.79769e+308  1.79769e+308  1.6741  7.61276e-21  7.40026e-05  
2.12183  3.43203e-61  0.0530652  3.31431  1.1747  2.58985  1.79769e+308  1.79769e+308  1.79769e+308  2.12183  3.43203e-61  0.0530652  
2.31431  1.26941e-05  1.12474e-158  3.31431  1.1747  2.58985  1.79769e+308  1.79769e+308  1.79769e+308  2.31431  1.26941e-05  1.12474e-158  
1.55778  3.07263e-80  2.98708e-22  3.31431  1.1747  2.58985  1.79769e+308  1.79769e+308  1.79769e+308  1.55778  3.07263e-80  2.98708e-22  
1.58408  1.81946e-14  1.7376e-44  3.31431  1.1747  2.58985  1.79769e+308  1.79769e+308  1.79769e+308  1.58408  1.81946e-14  1.7376e-44  
1.025  1.6198e-71  1.14908  3.31431  1.1747  2.58985  1.79769e+308  1.79769e+308  1.79769e+308  1.025  1.6198e-71  1.14908  
1.58165  2.11557e-40  4.60896e-17  3.31431  1.1747  2.58985  1.79769e+308  1.79769e+308  1.79769e+308  1.58165  2.11557e-40  4.60896e-17  
1.58522  8.42735e-44  5.99383e-98  3.31431  1.1747  2.58985  1.79769e+308  1.79769e+308  1.79769e+308  1.58522  8.42735e-44  5.99383e-98  
1.87398  3.52493e-37  8.4871e-54  3.31431  1.1747  2.58985  1.79769e+308  1.79769e+308  1.79769e+308  1.87398  3.52493e-37  8.4871e-54  
1.84355  7.48503e-34  3.73368e-167  3.31431  1.1747  2.58985  1.79769e+308  1.79769e+308  1.79769e+308  1.84355  7.48503e-34  3.73368e-167  
1.98294  0.174504  1.38901e-46  3.31431  1.1747  2.58985  1.79769e+308  1.79769e+308  1.79769e+308  1.98294  0.174504  1.38901e-46  
1.35941  2.1405e-239  0.000483698  3.31431  1.1747  2.58985  1.79769e+308  1.79769e+308  1.79769e+308  1.35941  2.1405e-239  0.000483698  
2.08069  4.7532e-83  2.04501e-31  3.31431  1.1747  2.58985  1.79769e+308  1.79769e+308  1.79769e+308  2.08069  4.7532e-83  2.04501e-31  
1.84381  8.40473e-10  3.40622e-23  3.31431  1.1747  2.58985  1.79769e+308  1.79769e+308  1.79769e+308  1.84381  8.40473e-10  3.40622e-23  
1.57992  1.21253e-16  3.29794e-149  3.31431  1.1747  2.58985  1.79769e+308  1.79769e+308  1.79769e+308  1.57992  1.21253e-16  3.29794e-149  
1.61336  1.08364e-15  2.61674e-78  3.31431  1.1747  2.58985  1.79769e+308  1.79769e+308  1.79769e+308  1.61336  1.08364e-15  2.61674e-78  
2.16069  1.00188e-99  1.35328e-10  3.31431  1.1747  2.58985  1.79769e+308  1.79769e+308  1.79769e+308  2.16069  1.00188e-99  1.35328e-10  
2.15537  7.78579e-161  1.34813e-20  3.31431  1.1747  2.58985  1.79769e+308  1.79769e+308  1.79769e+308  2.15537  7.78579e-161  1.34813e-20  
1.39719  0.000171411  1.58985  3.31431  1.1747  2.58985  1.79769e+308  1.79769e+308  1.79769e+308  1.39719  0.000171411  1.58985  
1.58834  4.09236e-103  5.86223e-84  3.31431  1.1747  2.58985  1.79769e+308  1.79769e+308  1.79769e+308  1.58834  4.09236e-103  5.86223e-84  
1.42639  4.17668e-27  5.80435e-91  3.31431  1.1747  2.58985  1.79769e+308  1.79769e+308  1.79769e+308  1.42639  4.17668e-27  5.80435e-91  
1.57504  1.16494e-28  7.9591e-32  3.31431  1.1747  2.58985  1.79769e+308  1.79769e+308  1.79769e+308  1.57504  1.16494e-28  7.9591e-32  
1.73154  3.10637e-124  0.0996686  3.31431  1.1747  2.58985  1.79769e+308  1.79769e+308  1.79769e+308  1.73154  3.10637e-124  0.0996686  
1.97591  5.12479e-31  1.30625e-09  3.31431  1.1747  2.58985  1.79769e+308  1.79769e+308  1.79769e+308  1.97591  5.12479e-31  1.30625e-09  
1.94644  3.30968e-21  2.27612e-43  3.31431  1.1747  2.58985  1.79769e+308  1.79769e+308  1.79769e+308  1.94644  3.30968e-21  2.27612e-43  
2.17649  4.98772e-24  2.4701e-15  3.31431  1.1747  2.58985  1.79769e+308  1.79769e+308  1.79769e+308  2.17649  4.98772e-24  2.4701e-15  
1.52414  7.76232e-52  1.34675e-73  3.31431  1.1747  2.58985  1.79769e+308  1.79769e+308  1.79769e+308  1.52414  7.76232e-52  1.34675e-73  
1.49578  8.62986e-14  2.53919e-05  3.31431  1.1747  2.58985  1.79769e+308  1.79769e+308  1.79769e+308  1.49578  8.62986e-14  2.53919e-05  
2.10369  3.31358e-47  9.04977e-39  3.31431  1.1747  2.58985  1.79769e+308  1.79769e+308  1.79769e+308  2.10369  3.31358e-47  9.04977e-39  
1.73498  0.000459469  3.94492e-106  3.31431  1.1747  2.58985  1.79769e+308  1.79769e+308  1.79769e+308  1.73498  0.000459469  3.94492e-106  
1.14856  6.52859e-59  1.48436  3.31431  1.1747  2.58985  1.79769e+308  1.79769e+308  1.79769e+308  1.14856  6.52859e-59  1.48436  
1.78813  2.69056e-55  8.31158e-15  3.31431  1.1747  2.58985  1.79769e+308  1.79769e+308  1.79769e+308  1.78813  2.69056e-55  8.31158e-15  
1.94441  1.68325e-42  1.94258e-12  3.31431  1.1747  2.58985  1.79769e+308  1.79769e+308  1.79769e+308  1.94441  1.68325e-42  1.94258e-12  
1.94189  3.23927e-18  5.11751e-18  3.31431  1.1747  2.58985  1.79769e+308  1.79769e+308  1.79769e+308  1.94189  3.23927e-18  5.11751e-18  
1.7408  3.26486e-05  0.00224694  3.31431  1.1747  2.58985  1.79769e+308  1.79769e+308  1.79769e+308  1.7408  3.26486e-05  0.00224694  
1.66464  4.81545e-62  1.49902e-22  3.31431  1.1747  2.58985  1.79769e+308  1.79769e+308  1.79769e+308  1.66464  4.81545e-62  1.49902e-22  
1.63156  2.82409e-44  3.1712e-60  3.31431  1.1747  2.58985  1.79769e+308  1.79769e+308  1.79769e+308  1.63156  2.82409e-44  3.1712e-60  
1.97927  1.37589e-16  4.73871e-29  3.31431  1.1747  2.58985  1.79769e+308  1.79769e+308  1.79769e+308  1.97927  1.37589e-16  4.73871e-29  
1.77512  1.10114e-68  4.60201e-55  3.31431  1.1747  2.58985  1.79769e+308  1.79769e+308  1.79769e+308  1.77512  1.10114e-68  4.60201e-55  
1.83902  8.22114e-55  6.52852e-09  3.31431  1.1747  2.58985  1.79769e+308  1.79769e+308  1.79769e+308  1.83902  8.22114e-55  6.52852e-09  
1.87659  5.17059e-49  2.92839e-39  3.31431  1.1747  2.58985  1.79769e+308  1.79769e+308  1.79769e+308  1.87659  5.17059e-49  2.92839e-39  
1.5363  0.174703  4.33334e-162  3.31431  1.1747  2.58985  1.79769e+308  1.79769e+308  1.79769e+308  1.5363  0.174703  4.33334e-162  
1.42729  8.22511e-89  7.29481e-50  3.31431  1.1747  2.58985  1.79769e+308  1.79769e+308  1.79769e+308  1.42729  8.22511e-89  7.29481e-50  
2.15135  1.03702e-27  1.67899e-56  3.31431  1.1747  2.58985  1.79769e+308  1.79769e+308  1.79769e+308  2.15135  1.03702e-27  1.67899e-56  
1.88819  4.2313e-05  1.54081e-31  3.31431  1.1747  2.58985  1.79769e+308  1.79769e+308  1.79769e+308  1.88819  4.2313e-05  1.54081e-31  
1.90235  3.33207e-78  2.16252e-36  3.31431  1.1747  2.58985  1.79769e+308  1.79769e+308  1.79769e+308  1.90235  3.33207e-78  2.16252e-36  
1.8128  1.22641e-07  0.126292  3.31431  1.1747  2.58985  1.79769e+308  1.79769e+308  1.79769e+308  1.8128  1.22641e-07  0.126292  
1.7747  1.1511e-68  2.84377e-106  3.31431  1.1747  2.58985  1.79769e+308  1.79769e+308  1.79769e+308  1.7747  1.1511e-68  2.84377e-106  
1.43938  4.23632e-30  2.30713e-05  3.31431  1.1747  2.58985  1.79769e+308  1.79769e+308  1.79769e+308  1.43938  4.23632e-30  2.30713e-05  
1.87394  6.68258e-08  0.00141693  3.31431  1.1747  2.58985  1.79769e+308  1.79769e+308  1.79769e+308  1.87394  6.68258e-08  0.00141693  
1.52321  1.42295e-48  5.76648e-13  3.31431  1.1747  2.58985  1.79769e+308  1.79769e+308  1.79769e+308  1.52321  1.42295e-48  5.76648e-13  
1.77574  6.96325e-101  2.27153e-40  3.31431  1.1747  2.58985  1.79769e+308  1.79769e+308  1.79769e+308  1.77574  6.96325e-101  2.27153e-40  
1.45077  5.31768e-53  2.72201e-53  3.31431  1.1747  2.58985  1.79769e+308  1.79769e+308  1.79769e+308  1.45077  5.31768e-53  2.72201e-53  
1.38729  1.63086e-53  2.68583e-31  3.31431  1.1747  2.58985  1.79769e+308  1.79769e+308  1.79769e+308  1.38729  1.63086e-53  2.68583e-31  
1.91806  4.94584e-68  9.94574e-09  3.31431  1.1747  2.58985  1.79769e+308  1.79769e+308  1.79769e+308  1.91806  4.94584e-68  9.94574e-09  
2.0363  3.85789e-83  0.0226545  3.31431  1.1747  2.58985  1.79769e+308  1.79769e+308  1.79769e+308  2.0363  3.85789e-83  0.0226545  
2.06153  3.3236e-29  5.75866e-125  3.31431  1.1747  2.58985  1.79769e+308  1.79769e+308  1.79769e+308  2.06153  3.3236e-29  5.75866e-125  
2.01516  6.44896e-107  0.0276334  3.31431  1.1747  2.58985  1.79769e+308  1.79769e+308  1.79769e+308  2.01516  6.44896e-107  0.0276334  
1.89458  3.66027e-49  4.40227e-09  3.31431  1.1747  2.58985  1.79769e+308  1.79769e+308  1.79769e+308  1.89458  3.66027e-49  4.40227e-09  
2.24294  5.07117e-13  3.69218e-27  3.31431  1.1747  2.58985  1.79769e+308  1.79769e+308  1.79769e+308  2.24294  5.07117e-13  3.69218e-27  
1.59529  1.98825e-16  1.19025e-06  3.31431  1.1747  2.58985  1.79769e+308  1.79769e+308  1.79769e+308  1.59529  1.98825e-16  1.19025e-06  
1.74962  4.62088e-12  2.37268e-41  3.31431  1.1747  2.58985  1.79769e+308  1.79769e+308  1.79769e+308  1.74962  4.62088e-12  2.37268e-41  
1.96552  1.0358e-23  1.47717e-99  3.31431  1.1747  2.58985  1.79769e+308  1.79769e+308  1.79769e+308  1.96552  1.0358e-23  1.47717e-99  
1.71935  4.37554e-26  4.14412e-97  3.31431  1.1747  2.58985  1.79769e+308  1.79769e+308  1.79769e+308  1.71935  4.37554e-26  4.14412e-97  
1.87003  4.95824e-07  1.27075e-88  3.31431  1.1747  2.58985  1.79769e+308  1.79769e+308  1.79769e+308  1.87003  4.95824e-07  1.27075e-88  
1.94896  1.2536e-40  1.59974e-14  3.31431  1.1747  2.58985  1.79769e+308  1.79769e+308  1.79769e+308  1.94896  1.2536e-40  1.59974e-14  
2.15307  9.65173e-86  2.0215e-17  3.31431  1.1747  2.58985  1.79769e+308  1.79769e+308  1.79769e+308  2.15307  9.65173e-86  2.0215e-17  
1.7254  6.438e-37  7.69903e-48  3.31431  1.1747  2.58985  1.79769e+308  1.79769e+308  1.79769e+308  1.7254  6.438e-37  7.69903e-48  
1.72293  1.29376e-31  1.76386e-96  3.31431  1.1747  2.58985  1.79769e+308  1.79769e+308  1.79769e+308  1.72293  1.29376e-31  1.76386e-96  
0.827888  0  0.560893  3.25664  2.82113  2.44848  2.45134  2  2  0.936238  7.82167e-07  1.1979  
0.957261  0.289225  0  3.25664  2.82113  2.44848  2.45134  2  2  1.80566  1.87998e-117  3.23181e-115  
0.904984  0.369071  0.212654  3.25664  2.82113  2.44848  2.45134  2  2  1.52101  1.88474e-63  3.29681e-134  
0.448647  0.576038  0.683299  3.25664  2.82113  2.44848  2.45134  2  2  1.66235  2.99833e-179  0  
0.902647  0  0.430382  3.25664  2.82113  2.44848  2.45134  2  2  1.54208  7.24491e-234  9.19819e-84  
0.801334  0  0.598217  3.25664  2.82113  2.44848  2.45134  2  2  1.5757  6.13289e-67  1.28489e-22  
0.292972  0.956132  0  3.25664  2.82113  2.44848  2.45134  2  2  1.41239  4.05139e-101  3.15109e-20  
0.585716  0  0.810517  3.25664  2.82113  2.44848  2.45134  2  2  1.05039  1.19536  2.98658e-12  
0.723992  0  0.689809  3.25664  2.82113  2.44848  2.45134  2  2  1.46242  0  0  
0.204014  0  0.978984  3.25664  2.82113  2.44848  2.45134  2  2  2.02112  2.33481e-11  1.12027e-12  
0.930607  0.23131  0.291713  3.25664  2.82113  2.44848  2.45134  2  2  1.63833  2.90773e-70  1.94813e-08  
0.552865  0  0.833271  3.25664  2.82113  2.44848  2.45134  2  2  1.74554  1.04755e-174  2.03498e-14  
0.818719  0.436693  0.374107  3.25664  2.82113  2.44848  2.45134  2  2  1.7191  3.34539e-148  1.31296e-69  
4.77667e-17  0.780089  0.625669  3.25664  2.82113  2.44848  2.45134  2  2  1.9189  2.1622e-17  0.0347682  
0.675294  0.737549  0  3.25664  2.82113  2.44848  2.45134  2  2  1.43274  2.71447e-15  1.32537e-101  
0.388237  0.762509  0.536942  3.25664  2.82113  2.44848  2.45134  2  2  1.63199  1.80129e-12  7.46591e-19  
0.762182  0.647363  0  3.25664  2.82113  2.44848  2.45134  2  2  1.68729  3.19392e-12  1.32209e-77  
0.606667  0.794956  0  3.25664  2.82113  2.44848  2.45134  2  2  1  0  0  
0.210748  0.97754  0  3.25664  2.82113  2.44848  2.45134  2  2  1.63706  4.56963e-107  1.93582e-05  
0.861849  0.507199  0  3.25664  2.82113  2.44848  2.45134  2  2  1.7444  0.0104727  6.51784e-09  
3.16096e-17  0.516225  0.856454  3.25664  2.82113  2.44848  2.45134  2  2  1.45001  5.10826e-192  6.65378e-62  
0.805667  0.592817  0  3.25664  2.82113  2.44848  2.45134  2  2  2.03571  1.12595e-13  8.65296e-30  
2.60192e-17  0.424926  0.905228  3.25664  2.82113  2.44848  2.45134  2  2  1.2993  2.11672e-10  0.578234  
1.57419e-17  0.257085  0.966389  3.25664  2.82113  2.44848  2.45134  2  2  1.8171  2.23822e-08  5.32189e-15  
0.468658  0.867636  0.166037  3.25664  2.82113  2.44848  2.45134  2  2  1.59666  0.375369  5.09968e-115  
0.156416  0.870755  0.466769  3.25664  2.82113  2.44848  2.45134  2  2  0.00580942  1.82113  0.001459  
0.460482  0.395448  0.800781  3.25664  2.82113  2.44848  2.45134  2  2  1.83843  3.39579e-08  1.95387e-296  
4.13999e-17  0.676111  0.7368  3.25664  2.82113  2.44848  2.45134  2  2  1.25655  2.84614e-32  8.4962e-105  
0.344798  0  0.938677  3.25664  2.82113  2.44848  2.45134  2  2  1.51918  7.46701e-09  2.20412e-185  
5.50747e-17  0.899437  0.43705  3.25664  2.82113  2.44848  2.45134  2  2  2.10162  0.000355888  2.35135e-05  
3.6966e-17  0.603701  0.797211  3.25664  2.82113  2.44848  2.45134  2  2  1.58085  1.24153e-78  7.31569e-18  
0.441575  0.897225  0  3.25664  2.82113  2.44848  2.45134  2  2  1.15523  2.66837e-18  0.790444  
4.93152e-17  0.805378  0.592762  3.25664  2.82113  2.44848  2.45134  2  2  6.27189e-07  1.51492  2.47616e-10  
0.566515  0.824051  0  3.25664  2.82113  2.44848  2.45134  2  2  0.245381  6.16501e-25  1.37403  
0.336998  0.241783  0.90993  3.25664  2.82113  2.44848  2.45134  2  2  1.40269  1.17032  0.00375108  
0.985476  0  0.169812  3.25664  2.82113  2.44848  2.45134  2  2  1.32526  6.01019e-36  8.48105e-125  
0.537352  0.355535  0.765037  3.25664  2.82113  2.44848  2.45134  2  2  6.12323e-17  1  0  
1.96741e-17  0.321303  0.946976  3.25664  2.82113  2.44848  2.45134  2  2  1.96849  7.61959e-208  2.26445e-58  
0.690992  0.322075  0.647146  3.25664  2.82113  2.44848  2.45134  2  2  1.63913  9.17809e-17  0.00131318  
0.632893  0.288316  0.718554  3.25664  2.82113  2.44848  2.45134  2  2  1.50312  3.21883e-32  1.31742e-62  
0.856509  0  0.516132  3.25664  2.82113  2.44848  2.45134  2  2  1.26695  1.18027e-224  1.06483  
0.704905  0.709302  0  3.25664  2.82113  2.44848  2.45134  2  2  1.41588  2.7161e-13  1.01424e-109  
0.617187  0.731627  0.341943  3.25664  2.82113  2.44848  2.45134  2  2  6.12323e-17  0  1  
0.332636  0.434106  0.837201  3.25664  2.82113  2.44848  2.45134  2  2  1.59176  0  3.55539e-165  
0.978235  0.207502  0  3.25664  2.82113  2.44848  2.45134  2  2  0.0100636  1.60705  1.09542e-08  
5.90352e-17  0.964117  0.265477  3.25664  2.82113  2.44848  2.45134  2  2  1.44879  8.74622e-23  5.85796e-08  
0.617609  0  0.786485  3.25664  2.82113  2.44848  2.45134  2  2  1.51093  1.18931e-93  6.10922e-08  
5.07577e-17  0.828936  0.559344  3.25664  2.82113  2.44848  2.45134  2  2  1.72096  2.27506e-71  0  
0.3921  0.836677  0.395454  3.25664  2.82113  2.44848  2.45134  2  2  1.54717  2.33432e-282  1.69043e-82  
0.321303  0.616463  0.718853  3.25664  2.82113  2.44848  2.45134  2  2  1.47403  0  2.32497e-43  
0.651572  0  0.758587  3.25664  2.82113  2.44848  2.45134  2  2  1.74965  2.76388e-14  5.18822e-13  
5.65156e-17  0.922969  0.384874  3.25664  2.82113  2.44848  2.45134  2  2  1.75749  2.19251e-32  0.0668506  
0.87098  0.417015  0.259794  3.25664  2.82113  2.44848  2.45134  2  2  1.32844  4.62084e-19  1.60168e-101  
0.404142  0  0.914696  3.25664  2.82113  2.44848  2.45134  2  2  0.00706307  1.5853  8.92516e-08  
0.967206  0  0.253992  3.25664  2.82113  2.44848  2.45134  2  2  1.44517  2.63449e-239  3.27778e-126  
0.52213  0.852866  0  3.25664  2.82113  2.44848  2.45134  2  2  1.7085  4.04684e-107  0  
5.7847e-17  0.944713  0.328009  3.25664  2.82113  2.44848  2.45134  2  2  1.017  1.15736  2.80445e-92  
0.689599  0  0.724193  3.25664  2.82113  2.44848  2.45134  2  2  1.85326  2.73508e-14  8.86242e-60  
3.92763e-17  0.641431  0.767181  3.25664  2.82113  2.44848  2.45134  2  2  1.29151  2.92531e-32  1.7595e-13  
0.683286  0.663462  0.345232  3.25664  2.82113  2.44848  2.45134  2  2  1.47092  2.74566e-129  0.0860014  
0.607424  0.404368  0.683757  3.25664  2.82113  2.44848  2.45134  2  2  1.00204  1.25124  0.1905  
0.947095  0  0.320954  3.25664  2.82113  2.44848  2.45134  2  2  1.61722  2.18149e-06  1.64806e-48  
0.283859  0  0.958878  3.25664  2.82113  2.44848  2.45134  2  2  1.98976  4.82761e-140  5.71515e-06  
0.247758  0.720505  0.64823  3.25664  2.82113  2.44848  2.45134  2  2  1.68234  4.63244e-15  0  
0.521932  0.476393  0.707557  3.25664  2.82113  2.44848  2.45134  2  2  1.95014  5.18417e-11  4.14171e-88  
0.634935  0.642022  0.43335  3.25664  2.82113  2.44848  2.45134  2  2  1.52335  2.36448e-21  2.85354e-33  
4.33891e-17  0.708597  0.705613  3.25664  2.82113  2.44848  2.45134  2  2  1.87581  1.36725e-07  1.0879e-14  
0.809882  0.351815  0.470364  3.25664  2.82113  2.44848  2.45134  2  2  1.51521  0.0288277  1.23578e-22  
1.04948e-17  0.171394  0.985203  3.25664  2.82113  2.44848  2.45134  2  2  1.4368  6.35716e-316  7.53958e-113  
0.501622  0  0.865087  3.25664  2.82113  2.44848  2.45134  2  2  0.9173  6.63741e-21  1.34643  
0.755909  0  0.654677  3.25664  2.82113  2.44848  2.45134  2  2  1.49802  3.71529e-72  1.08994e-69  
0.880662  0  0.473745  3.25664  2.82113  2.44848  2.45134  2  2  1.87028  6.5461e-05  8.77759e-91  
2.29307e-17  0.374486  0.927233  3.25664  2.82113  2.44848  2.45134  2  2  1.40521  2.34594e-23  5.68173e-08  
2.89044e-17  0.472044  0.881575  3.25664  2.82113  2.44848  2.45134  2  2  1.82495  1.39877e-73  3.96726e-163  
0.40265  0.915354  0  3.25664  2.82113  2.44848  2.45134  2  2  1.68503  5.88995e-16  2.37352e-14  
0.706404  0.553564  0.482884  3.25664  2.82113  2.44848  2.45134  2  2  0.0222014  1.63971  2.1234e-07  
0.840684  0.541526  0  3.25664  2.82113  2.44848  2.45134  2  2  1.63669  7.42072e-242  1.94618e-08  
0.303257  0.531519  0.790907  3.25664  2.82113  2.44848  2.45134  2  2  0.678663  9.15456e-07  1.31489  
0.480378  0.242909  0.842887  3.25664  2.82113  2.44848  2.45134  2  2  1.48995  9.02668e-07  4.04621e-113  
3.43322e-17  0.560687  0.828028  3.25664  2.82113  2.44848  2.45134  2  2  1.7387  1.65154e-174  4.67891e-10  
0.451686  0  0.892177  3.25664  2.82113  2.44848  2.45134  2  2  1.93679  1.32893e-09  7.41769e-87  
0.926705  0.376155  0  3.25664  2.82113  2.44848  2.45134  2  2  1.54853  4.67492e-10  1.5536e-164  
0.331879  0.37686  0.865804  3.25664  2.82113  2.44848  2.45134  2  2  1.78045e-07  0.000612006  1.44848  
0.7344  0.678717  0  3.25664  2.82113  2.44848  2.45134  2  2  1.78124  1.76326e-18  1.02204e-54  
4.55411e-17  0.743742  0.668466  3.25664  2.82113  2.44848  2.45134  2  2  1.77883  9.83869e-14  8.65868e-42  
0.355611  0.934634  0  3.25664  2.82113  2.44848  2.45134  2  2  1.81948  8.54812e-234  4.72998e-09  
0.781838  0.548179  0.297035  3.25664  2.82113  2.44848  2.45134  2  2  1.60907  4.30399e-27  3.49512e-65  
0.407196  0.520242  0.750693  3.25664  2.82113  2.44848  2.45134  2  2  1.43087  1.79877e-05  1.25673e-40  
0.484641  0.668082  0.611368  3.25664  2.82113  2.44848  2.45134  2  2  1.67461  1.90433e-35  4.20332e-28  
5.24235e-17  0.856141  0.516742  3.25664  2.82113  2.44848  2.45134  2  2  0.504985  1.54515  4.69417e-104  
6.02714e-17  0.984307  0.176466  3.25664  2.82113  2.44848  2.45134  2  2  1.95855  2.15384e-33  0.497222  
0.643755  0.765382  1.65478e-121  3.25664  2.82113  2.44848  2.45134  2  2  1.72273  7.00109e-93  1.22746e-06  
0.922451  0  0.386113  3.25664  2.82113  2.44848  2.45134  2  2  4.32702e-17  0.706656  0.707557  
0.891065  0.453876  0  3.25664  2.82113  2.44848  2.45134  2  2  1.80345  2.24794e-20  3.84446e-12  
0.471005  0.787715  0.402802  3.25664  2.82113  2.44848  2.45134  2  2  2.25664  3.30679e-135  2.77541e-10  
0.410102  0.627502  0.662567  3.25664  2.82113  2.44848  2.45134  2  2  1.45256  4.31437e-66  5.02388e-97  
6.12323e-17  1  0  3.25664  2.82113  2.44848  2.45134  2  2  1.61397  5.64156e-16  3.13755e-111  
6.12323e-17  0  1  3.25664  2.82113  2.44848  2.45134  2  2  2.04002  7.80004e-07  4.44194e-83  
0.780408  0  0.62527  3.25664  2.82113  2.44848  2.45134  2  2  1.50789  5.31214e-192  1.57596e-221  
1  0  0  3.25664  2.82113  2.44848  2.45134  2  2  1.69307  1.02573e-06  4.59784e-113  
0.826226  0  0.563339  3.51012  2.96089  2.59318  2.96289  2  2  1.76352  6.49059e-09  8.69566e-81  
0.950863  0.309611  0  3.51012  2.96089  2.59318  2.96289  2  2  0.0301635  2.5297e-109  1.42963  
0.898004  0.357698  0.256489  3.51012  2.96089  2.59318  2.96289  2  2  1.77405  1.11876e-137  1.16269e-20  
0.755657  0.42904  0.496186  3.51012  2.96089  2.59318  2.96289  2  2  1.50923  0.375566  7.55996e-42  
0.900488  0  0.434998  3.51012  2.96089  2.59318  2.96289  2  2  1.65927  2.05679e-133  1.10139e-94  
0.793059  0  0.609145  3.51012  2.96089  2.59318  2.96289  2  2  1.43781  4.85545e-69  8.05325e-289  
0.286672  0.958029  0  3.51012  2.96089  2.59318  2.96289  2  2  1.72651  8.37966e-42  1.46963e-13  
0.576868  5.63656e-111  0.816844  3.51012  2.96089  2.59318  2.96289  2  2  1.36053  1.50026  4.19037e-97  
0.723633  1.18279e-05  0.690185  3.51012  2.96089  2.59318  2.96289  2  2  2.0394  2.37129e-78  1.64854e-23  
0.199839  0  0.979829  3.51012  2.96089  2.59318  2.96289  2  2  0.0150094  0.0804049  1.59318  
0.560632  0.560101  0.61064  3.51012  2.96089  2.59318  2.96289  2  2  1.51464  4.70217e-302  1.00807e-197  
0.532605  0  0.846409  3.51012  2.96089  2.59318  2.96289  2  2  0.85088  0.553757  1.17924  
0.804047  0.482896  0.349866  3.51012  2.96089  2.59318  2.96289  2  2  1.11486  3.8895e-32  1.02295  
4.84543e-17  0.791318  0.611581  3.51012  2.96089  2.59318  2.96289  2  2  1.65405  1.37258e-63  3.6489e-134  
0.67085  0.741593  0  3.51012  2.96089  2.59318  2.96289  2  2  1.58332  1.43868e-195  2.32903e-10  
0.438278  0.721485  0.537317  3.51012  2.96089  2.59318  2.96289  2  2  1.06813  0.957502  9.47643e-104  
0.269322  0.930909  0.247854  3.51012  2.96089  2.59318  2.96289  2  2  1.6834  1.04639e-224  5.1161e-09  
0.62298  0.782238  0  3.51012  2.96089  2.59318  2.96289  2  2  1  0  0  
0.208576  0.978006  0  3.51012  2.96089  2.59318  2.96289  2  2  3.39804e-06  0.00799633  1.5511  
0.861141  0.508369  0  3.51012  2.96089  2.59318  2.96289  2  2  1.83261  6.9619e-51  2.23293e-92  
3.16043e-17  0.516137  0.856506  3.51012  2.96089  2.59318  2.96289  2  2  1.62093  1.02065e-62  1.42469e-90  
0.79145  0.611234  0  3.51012  2.96089  2.59318  2.96289  2  2  0.386531  1.96089  5.28611e-258  
2.5719e-17  0.420023  0.907522  3.51012  2.96089  2.59318  2.96289  2  2  1.4693  7.73295e-13  2.02286e-93  
1.36176e-17  0.222392  0.974986  3.51012  2.96089  2.59318  2.96289  2  2  2.01084  1.88108e-51  0.313058  
0.41589  0.863995  0.28381  3.51012  2.96089  2.59318  2.96289  2  2  1.95834  1.25117e-62  5.68473e-102  
5.38244e-17  0.879019  0.476786  3.51012  2.96089  2.59318  2.96289  2  2  1.64697  0.00015597  3.16751e-06  
0.460482  0.395448  0.800781  3.51012  2.96089  2.59318  2.96289  2  2  0.0101896  1.55471  3.43579e-279  
4.13093e-17  0.674633  0.738154  3.51012  2.96089  2.59318  2.96289  2  2  1.37083  2.47898e-284  1.90825e-30  
0.753985  0.606873  0.25142  3.51012  2.96089  2.59318  2.96289  2  2  1.34092  1.51819e-103  1.2249e-33  
5.4999e-17  0.898202  0.439583  3.51012  2.96089  2.59318  2.96289  2  2  1.58006  3.00161e-74  2.41779e-184  
3.6766e-17  0.600434  0.799676  3.51012  2.96089  2.59318  2.96289  2  2  1.45042  8.70151e-121  4.21569e-18  
0.464569  0.885537  0  3.51012  2.96089  2.59318  2.96289  2  2  1.82235  1.27482e-24  1.3891e-10  
0.358925  0.784022  0.506758  3.51012  2.96089  2.59318  2.96289  2  2  0.863211  1.15425  1.30859e-47  
0.570013  0.821701  0  3.51012  2.96089  2.59318  2.96289  2  2  1.87762  2.48879e-12  2.01573e-101  
0.329185  0.250202  0.910791  3.51012  2.96089  2.59318  2.96289  2  2  1.81856  0.00058926  2.21581e-92  
0.982138  0  0.18816  3.51012  2.96089  2.59318  2.96289  2  2  1.65176  4.10379e-129  1.34248e-16  
0.537352  0.355535  0.765037  3.51012  2.96089  2.59318  2.96289  2  2  6.12323e-17  1  0  
1.85305e-17  0.302626  0.953125  3.51012  2.96089  2.59318  2.96289  2  2  1.61955  3.54287e-06  0  
0.690992  0.322075  0.647146  3.51012  2.96089  2.59318  2.96289  2  2  0.212505  1.85685  1.9857e-137  
0.632893  0.288316  0.718554  3.51012  2.96089  2.59318  2.96289  2  2  1.74955  8.43292e-46  1.22764  
0.855554  0  0.517713  3.51012  2.96089  2.59318  2.96289  2  2  1.53056  8.05532e-13  2.10719e-93  
0.711799  0.702383  0  3.51012  2.96089  2.59318  2.96289  2  2  1.36363  1.449  9.99758e-137  
0.591704  0.765803  0.251873  3.51012  2.96089  2.59318  2.96289  2  2  6.12323e-17  0  1  
0.332636  0.434106  0.837201  3.51012  2.96089  2.59318  2.96289  2  2  0.315901  1.82188  8.98813e-42  
0.974681  0.223599  0  3.51012  2.96089  2.59318  2.96289  2  2  1.75858  1.05079e-05  5.34458e-09  
5.90615e-17  0.964547  0.263912  3.51012  2.96089  2.59318  2.96289  2  2  1.88629  2.49151e-48  8.41096e-95  
0.612951  0  0.790121  3.51012  2.96089  2.59318  2.96289  2  2  2.51012  1.50818e-240  8.63565e-75  
5.0706e-17  0.828091  0.560593  3.51012  2.96089  2.59318  2.96289  2  2  1.09377  1.20611  5.89734e-17  
0.32929  0.847362  0.416975  3.51012  2.96089  2.59318  2.96289  2  2  1.46873  5.66479e-296  1.18724e-23  
0.321303  0.616463  0.718853  3.51012  2.96089  2.59318  2.96289  2  2  1.72752  1.03796e-240  5.94325e-75  
0.65488  0  0.755817  3.51012  2.96089  2.59318  2.96289  2  2  1.72899  1.57105e-195  2.54331e-10  
5.63717e-17  0.920619  0.390462  3.51012  2.96089  2.59318  2.96289  2  2  1.69043  1.64857e-50  5.44292e-21  
0.839375  0.381684  0.386997  3.51012  2.96089  2.59318  2.96289  2  2  1.65573  5.61071e-132  5.06462e-19  
0.364828  1.16138e-267  0.931075  3.51012  2.96089  2.59318  2.96289  2  2  0.314225  1.60066  0.151878  
0.959568  0  0.281476  3.51012  2.96089  2.59318  2.96289  2  2  1.6645  7.1904e-87  2.22747e-24  
0.524359  0.851497  0  3.51012  2.96089  2.59318  2.96289  2  2  1.71916  1.03138e-120  6.77287e-18  
5.77968e-17  0.943894  0.330249  3.51012  2.96089  2.59318  2.96289  2  2  4.31795e-17  0.705175  0.709033  
0.689494  0  0.724292  3.51012  2.96089  2.59318  2.96289  2  2  0.22405  1.30353  4.75407e-28  
3.91228e-17  0.638924  0.76927  3.51012  2.96089  2.59318  2.96289  2  2  1.73849  9.19603e-22  8.31066e-89  
0.651711  0.687135  0.336481  3.51012  2.96089  2.59318  2.96289  2  2  1.74545  2.08622e-206  0  
0.607424  0.404368  0.683757  3.51012  2.96089  2.59318  2.96289  2  2  1.38346  3.12413e-80  5.09052e-23  
0.931807  0  0.362954  3.51012  2.96089  2.59318  2.96289  2  2  3.43937e-06  0.00811954  1.575  
0.292958  0  0.956125  3.51012  2.96089  2.59318  2.96289  2  2  2.04265  2.4778e-80  1.4513e-21  
0.247758  0.720505  0.64823  3.51012  2.96089  2.59318  2.96289  2  2  1.87609  2.5414e-51  1.51653e-23  
0.50394  0.496551  0.70674  3.51012  2.96089  2.59318  2.96289  2  2  0.214052  1.87037  7.85333e-07  
0.634935  0.642022  0.43335  3.51012  2.96089  2.59318  2.96289  2  2  1.45485  1.04439e-18  0.000154494  
4.33587e-17  0.708102  0.70611  3.51012  2.96089  2.59318  2.96289  2  2  2.02327  0.0500749  9.81976e-07  
0.809882  0.351815  0.470364  3.51012  2.96089  2.59318  2.96289  2  2  1.62914  1.69725e-75  6.08528e-85  
0.611198  0.566312  0.559743  3.51012  2.96089  2.59318  2.96289  2  2  1.55076  1.94758e-142  0.78699  
0.49016  0  0.871635  3.51012  2.96089  2.59318  2.96289  2  2  1.72864  3.8988e-16  7.04212e-23  
0.757085  0  0.653439  3.51012  2.96089  2.59318  2.96289  2  2  1.47585  1.74313e-293  1.9742e-100  
0.880433  0  0.47429  3.51012  2.96089  2.59318  2.96289  2  2  1.55933  7.54154e-15  0.791339  
2.20031e-17  0.359337  0.933208  3.51012  2.96089  2.59318  2.96289  2  2  1.89327  2.02404e-89  0.0499987  
2.89044e-17  0.472044  0.881575  3.51012  2.96089  2.59318  2.96289  2  2  1.77817  1.28673e-68  9.95964e-289  
0.406543  0.913632  0  3.51012  2.96089  2.59318  2.96289  2  2  0.519173  2.85327e-05  1.40477  
0.731645  0.501509  0.461732  3.51012  2.96089  2.59318  2.96289  2  2  1.90235  1.22452e-75  0.000347906  
0.82664  0.562732  0  3.51012  2.96089  2.59318  2.96289  2  2  1.39183  8.02927e-16  2.38352e-13  
0.303257  0.531519  0.790907  3.51012  2.96089  2.59318  2.96289  2  2  1.9057  5.413e-10  0.021068  
0.46835  0.290252  0.836444  3.51012  2.96089  2.59318  2.96289  2  2  1.58108  2.49883e-10  8.85572e-289  
3.42965e-17  0.560104  0.828423  3.51012  2.96089  2.59318  2.96289  2  2  0.456723  0.885915  1.2107  
0.436213  0  0.899843  3.51012  2.96089  2.59318  2.96289  2  2  1.5335  2.92072e-35  5.33081e-111  
0.922357  0.386337  0  3.51012  2.96089  2.59318  2.96289  2  2  0.000682436  1.61107  1.16521e-12  
0.2995  0.371244  0.879896  3.51012  2.96089  2.59318  2.96289  2  2  1.91429  2.22582e-78  1.23244e-19  
0.748283  0.663385  0  3.51012  2.96089  2.59318  2.96289  2  2  1.55794  2.46225e-10  8.7261e-289  
4.60264e-17  0.751668  0.659993  3.51012  2.96089  2.59318  2.96289  2  2  0.0137441  1.94604  2.1814e-41  
0.355512  0.934672  0  3.51012  2.96089  2.59318  2.96289  2  2  1.46003  4.1945e-100  1.73424e-23  
0.781838  0.548179  0.297035  3.51012  2.96089  2.59318  2.96289  2  2  1.6369  0.0355998  5.99125e-76  
0.407196  0.520242  0.750693  3.51012  2.96089  2.59318  2.96289  2  2  1.13623  1.37893e-52  0.938653  
0.276089  0.769185  0.576634  3.51012  2.96089  2.59318  2.96289  2  2  0.739168  1.51358  0.677723  
5.22179e-17  0.852783  0.52239  3.51012  2.96089  2.59318  2.96289  2  2  1.89779  0.0410528  1.52549e-13  
6.02714e-17  0.984307  0.176466  3.51012  2.96089  2.59318  2.96289  2  2  0.518695  8.99714e-85  1.40348  
0.635632  0.485694  0.601463  3.51012  2.96089  2.59318  2.96289  2  2  1.4345  4.84004e-109  3.1171e-103  
0.910961  0.242376  0.334305  3.51012  2.96089  2.59318  2.96289  2  2  1.65142  3.61258e-06  0  
0.889806  0.456338  0  3.51012  2.96089  2.59318  2.96289  2  2  0.353538  1.79352  2.30632e-18  
0.477443  0.798131  0.367473  3.51012  2.96089  2.59318  2.96289  2  2  1.40843  8.89431e-22  2.12329e-152  
0.410102  0.627502  0.662567  3.51012  2.96089  2.59318  2.96289  2  2  1.17081  0.888984  2.89817e-104  
6.12323e-17  1  0  3.51012  2.96089  2.59318  2.96289  2  2  1.00138  1.70726  8.32284e-263  
6.12323e-17  0  1  3.51012  2.96089  2.59318  2.96289  2  2  2.01007  2.40116e-98  2.35668e-99  
0.753736  0.274963  0.59689  3.51012  2.96089  2.59318  2.96289  2  2  2.18967  1.80662e-14  1.40922e-138  
1  0  0  3.51012  2.96089  2.59318  2.96289  2  2  1.88512  2.2519e-98  1.3506e-102  
0.825792  7.91943e-15  0.563977  2.89058  2.61445  2.56314  2.48227  2  2  0.591612  0.0101307  1.25089  
0.949161  0.314792  0  2.89058  2.61445  2.56314  2.48227  2  2  1.70132  6.79566e-48  2.44652e-143  
0.898004  0.357698  0.256489  2.89058  2.61445  2.56314  2.48227  2  2  1.09265  1.3568e-78  0.893611  
0.755657  0.42904  0.496186  2.89058  2.61445  2.56314  2.48227  2  2  1.28588  0.58445  4.11423e-77  
0.908271  3.8821e-20  0.418556  2.89058  2.61445  2.56314  2.48227  2  2  0.000712637  3.88115e-13  1.4787  
0.795598  0  0.605825  2.89058  2.61445  2.56314  2.48227  2  2  1.44999  1.57768e-27  1.9569e-79  
0.274627  0.961552  0  2.89058  2.61445  2.56314  2.48227  2  2  1.36474  2.41795e-91  5.25551e-05  
0.576211  0  0.817301  2.89058  2.61445  2.56314  2.48227  2  2  0.636046  2.40741e-100  1.34464  
0.727366  0  0.68625  2.89058  2.61445  2.56314  2.48227  2  2  1.4063  3.11477e-20  5.20741e-83  
0.195058  0  0.980792  2.89058  2.61445  2.56314  2.48227  2  2  0.112787  1.28934  1.38941e-76  
0.560632  0.560101  0.61064  2.89058  2.61445  2.56314  2.48227  2  2  1.37769  0.21277  8.60889e-177  
0.5338  0  0.845611  2.89058  2.61445  2.56314  2.48227  2  2  1.37003  0  7.89003e-112  
0.804047  0.482896  0.349866  2.89058  2.61445  2.56314  2.48227  2  2  1.33938  2.74616e-90  6.22753e-47  
4.82836e-17  0.788532  0.614994  2.89058  2.61445  2.56314  2.48227  2  2  0.0854599  0.0752459  1.25879  
0.670925  0.741525  0  2.89058  2.61445  2.56314  2.48227  2  2  0.496237  0.683573  0.836743  
0.438278  0.721485  0.537317  2.89058  2.61445  2.56314  2.48227  2  2  1.32161  7.07651e-24  1.3875e-282  
0.269322  0.930909  0.247854  2.89058  2.61445  2.56314  2.48227  2  2  1.37265  2.87419e-115  1.4048e-12  
0.622131  0.782913  0  2.89058  2.61445  2.56314  2.48227  2  2  1  0  0  
0.184531  0.982827  0  2.89058  2.61445  2.56314  2.48227  2  2  1.39661  1.22969  5.15026e-41  
0.861141  0.508369  0  2.89058  2.61445  2.56314  2.48227  2  2  1.36146  3.94912e-47  0  
3.15559e-17  0.515347  0.856982  2.89058  2.61445  2.56314  2.48227  2  2  1.44989  2.18696e-105  3.88669e-238  
0.78877  0.614688  0  2.89058  2.61445  2.56314  2.48227  2  2  0.940825  4.15137e-22  0.986777  
2.54229e-17  0.415188  0.909736  2.89058  2.61445  2.56314  2.48227  2  2  0.708826  1.19714  2.53395e-183  
1.35522e-17  0.221324  0.9752  2.89058  2.61445  2.56314  2.48227  2  2  1.38075  7.041e-51  1.36432e-10  
0.41589  0.863995  0.28381  2.89058  2.61445  2.56314  2.48227  2  2  0.0441128  1.61445  0.0377249  
5.36123e-17  0.875555  0.483118  2.89058  2.61445  2.56314  2.48227  2  2  1.48981  0  1.17991e-137  
0.464122  0.417678  0.781112  2.89058  2.61445  2.56314  2.48227  2  2  0.337889  1.3877  4.4394e-83  
4.13414e-17  0.675156  0.737676  2.89058  2.61445  2.56314  2.48227  2  2  1.42128  5.77327e-248  0.0150655  
0.753985  0.606873  0.25142  2.89058  2.61445  2.56314  2.48227  2  2  1.35732  2.69968e-228  6.32164e-45  
5.50538e-17  0.899097  0.437749  2.89058  2.61445  2.56314  2.48227  2  2  1.43386  1.71768e-37  5.16332e-94  
3.6766e-17  0.600434  0.799676  2.89058  2.61445  2.56314  2.48227  2  2  1.506  1.84904e-91  9.54921e-288  
0.468012  0.883722  0  2.89058  2.61445  2.56314  2.48227  2  2  1.44242  1.42656e-13  9.14653e-204  
0.358925  0.784022  0.506758  2.89058  2.61445  2.56314  2.48227  2  2  1.06242  0.443359  0.689738  
0.570803  0.821087  0  2.89058  2.61445  2.56314  2.48227  2  2  1.54371  5.07128e-192  2.97242e-278  
0.309442  0.279145  0.909024  2.89058  2.61445  2.56314  2.48227  2  2  1.53629  9.50936e-106  3.1797e-40  
0.981925  0  0.189271  2.89058  2.61445  2.56314  2.48227  2  2  1.3339  0.598666  0.044092  
0.537352  0.355535  0.765037  2.89058  2.61445  2.56314  2.48227  2  2  6.12323e-17  1  0  
1.84453e-17  0.301235  0.95355  2.89058  2.61445  2.56314  2.48227  2  2  1.69925  1.21092e-66  1.08414e-95  
0.690992  0.322075  0.647146  2.89058  2.61445  2.56314  2.48227  2  2  0.0014719  1.60498  2.02908e-07  
0.632893  0.288316  0.718554  2.89058  2.61445  2.56314  2.48227  2  2  1.04852  1.10542  3.19889e-137  
0.854058  0  0.520178  2.89058  2.61445  2.56314  2.48227  2  2  1.36459  4.13705e-42  2.77108e-85  
0.709987  0.704215  0  2.89058  2.61445  2.56314  2.48227  2  2  1.45835  0  1.15499e-137  
0.591704  0.765803  0.251873  2.89058  2.61445  2.56314  2.48227  2  2  6.12323e-17  0  1  
0.332636  0.434106  0.837201  2.89058  2.61445  2.56314  2.48227  2  2  1.42937  4.7177e-30  0  
0.974047  0.226344  0  2.89058  2.61445  2.56314  2.48227  2  2  1.29265  1.33659e-233  8.16854e-36  
5.97018e-17  0.975004  0.222197  2.89058  2.61445  2.56314  2.48227  2  2  1.57174  3.19166e-130  1.24209e-05  
0.612951  0  0.790121  2.89058  2.61445  2.56314  2.48227  2  2  0.978015  1.28697  1.77537e-170  
5.02879e-17  0.821263  0.570565  2.89058  2.61445  2.56314  2.48227  2  2  1.00826  1.28127  5.65518e-08  
0.32929  0.847362  0.416975  2.89058  2.61445  2.56314  2.48227  2  2  1.31382  2.75102e-115  3.48507e-252  
0.307035  0.626083  0.716807  2.89058  2.61445  2.56314  2.48227  2  2  0.369692  1.51831  5.01494e-12  
0.651743  2.89352e-14  0.75844  2.89058  2.61445  2.56314  2.48227  2  2  1.59447  1.97178e-05  7.90488e-140  
5.64872e-17  0.922506  0.385984  2.89058  2.61445  2.56314  2.48227  2  2  1.3504  3.06521e-25  1.19271e-101  
0.839375  0.381684  0.386997  2.89058  2.61445  2.56314  2.48227  2  2  0.690083  3.04498e-22  0.723788  
0.365246  1.79593e-20  0.930917  2.89058  2.61445  2.56314  2.48227  2  2  1.15205  3.06298e-95  6.00475e-30  
0.958652  0  0.28458  2.89058  2.61445  2.56314  2.48227  2  2  1.89058  1.07714e-74  1.54457e-48  
0.524359  0.851497  0  2.89058  2.61445  2.56314  2.48227  2  2  1.17179  3.97613e-72  1.23566e-22  
5.81864e-17  0.950257  0.311492  2.89058  2.61445  2.56314  2.48227  2  2  1.56242  1.00849e-134  5.00349e-45  
0.69074  0  0.723103  2.89058  2.61445  2.56314  2.48227  2  2  1.54034  1.89119e-91  7.49122e-159  
3.91228e-17  0.638924  0.76927  2.89058  2.61445  2.56314  2.48227  2  2  1.55865  2.11298e-168  2.24625e-101  
0.666026  0.667655  0.332636  2.89058  2.61445  2.56314  2.48227  2  2  1.49633  0  2.74133e-80  
0.585107  0.427472  0.689206  2.89058  2.61445  2.56314  2.48227  2  2  0.874721  7.38573e-159  1.1173  
0.93327  0  0.359175  2.89058  2.61445  2.56314  2.48227  2  2  1.54497  2.68616e-175  1.97325e-30  
0.28801  1.27084e-22  0.957671  2.89058  2.61445  2.56314  2.48227  2  2  1.73193  1.06699e-70  4.34357e-281  
0.247758  0.720505  0.64823  2.89058  2.61445  2.56314  2.48227  2  2  1.68919  1.9047e-171  1.26307e-07  
0.50394  0.496551  0.70674  2.89058  2.61445  2.56314  2.48227  2  2  1.36238  3.07229e-92  2.91409e-167  
0.651792  0.603807  0.460689  2.89058  2.61445  2.56314  2.48227  2  2  1.59147  3.38763e-116  8.40602e-44  
4.34278e-17  0.709229  0.704979  2.89058  2.61445  2.56314  2.48227  2  2  1.48227  2.95346e-99  2.04897e-46  
0.818057  0.297572  0.492173  2.89058  2.61445  2.56314  2.48227  2  2  1.22836  3.76325e-49  1.2418e-213  
0.514266  0.761722  0.394099  2.89058  2.61445  2.56314  2.48227  2  2  1.34319  2.52622e-92  0.894266  
0.485956  0  0.873983  2.89058  2.61445  2.56314  2.48227  2  2  1.48531  7.42552e-249  1.5945e-76  
0.761876  0  0.647723  2.89058  2.61445  2.56314  2.48227  2  2  0.127536  0.0610529  1.56314  
0.880562  0  0.47393  2.89058  2.61445  2.56314  2.48227  2  2  1.34577  3.4386e-222  2.12899e-212  
2.20258e-17  0.359709  0.933065  2.89058  2.61445  2.56314  2.48227  2  2  1.27445  1.64115e-160  5.9357e-45  
2.86586e-17  0.468031  0.883713  2.89058  2.61445  2.56314  2.48227  2  2  1.55806  2.56533e-152  1.85414e-117  
0.405343  0.914165  0  2.89058  2.61445  2.56314  2.48227  2  2  1.63456  2.04213e-131  7.7045e-09  
0.731645  0.501509  0.461732  2.89058  2.61445  2.56314  2.48227  2  2  1.45021  2.70454e-09  1.49346e-164  
0.825646  0.564189  0  2.89058  2.61445  2.56314  2.48227  2  2  1.42817  5.61355e-70  1.47076e-164  
0.303257  0.531519  0.790907  2.89058  2.61445  2.56314  2.48227  2  2  1.4367  5.36526e-47  4.53122e-132  
0.46835  0.290252  0.836444  2.89058  2.61445  2.56314  2.48227  2  2  0.865712  1.01266  1.69804e-137  
3.42965e-17  0.560104  0.828423  2.89058  2.61445  2.56314  2.48227  2  2  1.40683  1.0651e-68  1.22712e-22  
0.432332  2.54874e-20  0.901719  2.89058  2.61445  2.56314  2.48227  2  2  1.34732  0.00771637  2.82401e-283  
0.921392  0.388635  0  2.89058  2.61445  2.56314  2.48227  2  2  1.24626  5.82496e-22  6.2166e-49  
0.2995  0.371244  0.879896  2.89058  2.61445  2.56314  2.48227  2  2  1.45205  1.96418e-66  1.26656e-22  
0.748016  0.66368  0  2.89058  2.61445  2.56314  2.48227  2  2  1.28442  0.256148  3.51091e-238  
4.6015e-17  0.751482  0.659753  2.89058  2.61445  2.56314  2.48227  2  2  1.03462  2.78387e-56  0.846148  
0.345516  0.938413  0  2.89058  2.61445  2.56314  2.48227  2  2  1.32746  2.41472e-06  1.65393e-22  
0.781838  0.548179  0.297035  2.89058  2.61445  2.56314  2.48227  2  2  0.176803  2.62391e-66  1.40618  
0.410701  0.548809  0.728103  2.89058  2.61445  2.56314  2.48227  2  2  0.66936  0.744505  4.51686e-25  
0.594198  0.639192  0.488378  2.89058  2.61445  2.56314  2.48227  2  2  1.37469  1.23384e-65  1.87245e-19  
5.19266e-17  0.848026  0.530131  2.89058  2.61445  2.56314  2.48227  2  2  1.30848  4.10322e-159  1.04765e-224  
0.407898  0.684042  0.607609  2.89058  2.61445  2.56314  2.48227  2  2  1.21845  1.15404  1.63159e-89  
0.635632  0.485694  0.601463  2.89058  2.61445  2.56314  2.48227  2  2  1.51855  6.27375e-116  4.07075e-238  
0.492315  0.65362  0.574836  2.89058  2.61445  2.56314  2.48227  2  2  1.02491  8.7783e-68  0.838209  
0.889788  0.456373  0  2.89058  2.61445  2.56314  2.48227  2  2  0.000607958  1.35485  3.04974e-49  
0.477443  0.798131  0.367473  2.89058  2.61445  2.56314  2.48227  2  2  0.000686234  1.32361  2.88365e-59  
0.454092  0.598464  0.660578  2.89058  2.61445  2.56314  2.48227  2  2  0.652936  1.51272  1.75277e-12  
6.12323e-17  1  0  2.89058  2.61445  2.56314  2.48227  2  2  1.43887  5.45926e-33  0  
6.12323e-17  0  1  2.89058  2.61445  2.56314  2.48227  2  2  1.48993  2.58777e-76  4.63113e-83  
0.753736  0.274963  0.59689  2.89058  2.61445  2.56314  2.48227  2  2  1.52198  8.95312e-93  1.26644e-08  
1  0  0  2.89058  2.61445  2.56314  2.48227  2  2  1.27773  4.89442e-54  1.7587e-42  
0.826407  0  0.563073  2.18901  2.23674  2.3687  2  2  2  1.00129  5.84313e-43  5.29785e-56  
0.94837  0.317167  0  2.18901  2.23674  2.3687  2  2  2  0.930542  0.566699  4.86239e-69  
0.898004  0.357698  0.256489  2.18901  2.23674  2.3687  2  2  2  0.547452  0.964518  3.93445e-76  
0.755657  0.42904  0.496186  2.18901  2.23674  2.3687  2  2  2  0.764867  0.581415  0.589052  
0.911963  0  0.410274  2.18901  2.23674  2.3687  2  2  2  0.602641  1.10874  7.1486e-270  
0.794714  0  0.606983  2.18901  2.23674  2.3687  2  2  2  0.560425  1.03682  4.61357e-26  
0.274627  0.961552  0  2.18901  2.23674  2.3687  2  2  2  0.664349  7.74862e-84  0.933989  
0.574379  6.87099e-120  0.818615  2.18901  2.23674  2.3687  2  2  2  0.785591  0.807024  0  
0.726848  0  0.686799  2.18901  2.23674  2.3687  2  2  2  0.694715  7.97649e-07  0.879176  
0.192154  0  0.981365  2.18901  2.23674  2.3687  2  2  2  0.786155  0.930564  9.86221e-183  
0.560632  0.560101  0.61064  2.18901  2.23674  2.3687  2  2  2  0.927923  0.619272  4.05019e-16  
0.532172  0  0.846636  2.18901  2.23674  2.3687  2  2  2  0.653216  0.847549  1.54177e-62  
0.804047  0.482896  0.349866  2.18901  2.23674  2.3687  2  2  2  0.773508  0.915593  3.97054e-124  
4.85212e-17  0.792411  0.610104  2.18901  2.23674  2.3687  2  2  2  1.01259  9.48866e-14  1.49218e-122  
0.66969  0.742641  4.76908e-206  2.18901  2.23674  2.3687  2  2  2  7.57283e-17  1.23674  0.00616823  
0.405212  0.722342  0.560425  2.18901  2.23674  2.3687  2  2  2  0.902342  1.32363e-158  0.683771  
0.269322  0.930909  0.247854  2.18901  2.23674  2.3687  2  2  2  1.00013  0  7.14823e-26  
0.622131  0.782913  0  2.18901  2.23674  2.3687  2  2  2  1  0  0  
0.183777  0.982968  0  2.18901  2.23674  2.3687  2  2  2  0.965294  0.623629  5.21008e-161  
0.856726  0.515772  0  2.18901  2.23674  2.3687  2  2  2  0.959834  0.554354  7.97218e-129  
1.43667e-07  0.513141  0.858317  2.18901  2.23674  2.3687  2  2  2  0.92428  0.56194  0.000459334  
0.788839  0.614607  2.45768e-43  2.18901  2.23674  2.3687  2  2  2  1.05568  0  1.52923e-79  
2.57072e-17  0.419831  0.907604  2.18901  2.23674  2.3687  2  2  2  1.06646  4.55913e-108  5.96371e-122  
1.35522e-17  0.221324  0.9752  2.18901  2.23674  2.3687  2  2  2  1.13946  2.94741e-44  4.37474e-214  
0.388208  0.87521  0.291465  2.18901  2.23674  2.3687  2  2  2  1.08747  9.1422e-06  2.85599e-303  
5.35041e-17  0.873789  0.486307  2.18901  2.23674  2.3687  2  2  2  0.780405  0  0.819151  
0.443869  0.449498  0.776138  2.18901  2.23674  2.3687  2  2  2  0.289635  1.02234e-265  1.06967  
4.13414e-17  0.675156  0.737676  2.18901  2.23674  2.3687  2  2  2  0.346652  3.03588e-46  1.03086  
0.751677  0.558368  0.351538  2.18901  2.23674  2.3687  2  2  2  0.842452  0.759568  0  
5.51014e-17  0.899874  0.436151  2.18901  2.23674  2.3687  2  2  2  0.682043  0.884952  3.41116e-67  
3.6766e-17  0.600434  0.799676  2.18901  2.23674  2.3687  2  2  2  0.439889  0.837399  0.593515  
0.47134  0.881952  0  2.18901  2.23674  2.3687  2  2  2  0.85158  3.04408e-197  0.714494  
0.358925  0.784022  0.506758  2.18901  2.23674  2.3687  2  2  2  1.10776  0  1.63243e-122  
0.570803  0.821087  0  2.18901  2.23674  2.3687  2  2  2  0.551038  1.25403e-23  0.948538  
0.309442  0.279145  0.909024  2.18901  2.23674  2.3687  2  2  2  0.116959  0.978887  0.576048  
0.981925  0  0.189271  2.18901  2.23674  2.3687  2  2  2  0.712208  0.904075  3.20626e-107  
0.547633  0.336902  0.76594  2.18901  2.23674  2.3687  2  2  2  6.12323e-17  1  0  
1.82818e-17  0.298565  0.954392  2.18901  2.23674  2.3687  2  2  2  0.817371  0.83967  0  
0.673944  0.367073  0.641157  2.18901  2.23674  2.3687  2  2  2  1.05493  1.07047e-69  2.35428e-60  
0.631211  0.298546  0.715853  2.18901  2.23674  2.3687  2  2  2  0.308351  1.08062  7.98227e-62  
0.856939  0  0.515418  2.18901  2.23674  2.3687  2  2  2  0.13332  1.19632  1.18615e-55  
0.709987  0.704215  0  2.18901  2.23674  2.3687  2  2  2  0.923346  0.616217  1.30529e-115  
0.58183  0.756039  0.299964  2.18901  2.23674  2.3687  2  2  2  6.12323e-17  0  1  
0.332636  0.434106  0.837201  2.18901  2.23674  2.3687  2  2  2  0.926221  0.598385  1.34476e-183  
0.973526  0.228575  0  2.18901  2.23674  2.3687  2  2  2  0.836322  0.989946  4.49179e-58  
5.96674e-17  0.974443  0.22464  2.18901  2.23674  2.3687  2  2  2  0.755946  0.574633  0.528985  
0.613211  0  0.789919  2.18901  2.23674  2.3687  2  2  2  1.10696  2.95518e-282  8.70332e-153  
5.0203e-17  0.819878  0.572571  2.18901  2.23674  2.3687  2  2  2  0.812521  1.13611e-31  0.773985  
0.32929  0.847362  0.416975  2.18901  2.23674  2.3687  2  2  2  1.07421  1.41098e-104  8.66043e-171  
0.345417  0.674786  0.652503  2.18901  2.23674  2.3687  2  2  2  0.825665  1.8111e-20  0.69275  
0.652724  0  0.757596  2.18901  2.23674  2.3687  2  2  2  0.897703  0.760109  3.89476e-62  
5.64872e-17  0.922506  0.385984  2.18901  2.23674  2.3687  2  2  2  0.934145  0.607584  1.00955e-214  
0.839375  0.381684  0.386997  2.18901  2.23674  2.3687  2  2  2  1  2.94731e-36  0  
0.365246  1.79593e-20  0.930917  2.18901  2.23674  2.3687  2  2  2  0.460244  0.997373  0.00615322  
0.958652  0  0.28458  2.18901  2.23674  2.3687  2  2  2  0.653104  5.81547e-114  1.06339  
0.524359  0.851497  0  2.18901  2.23674  2.3687  2  2  2  0.519288  9.16207e-31  0.991149  
5.81976e-17  0.950438  0.310925  2.18901  2.23674  2.3687  2  2  2  0.653117  2.23479e-88  0.969329  
0.690072  0  0.723741  2.18901  2.23674  2.3687  2  2  2  0.707106  0.893632  1.03616e-25  
3.91228e-17  0.638924  0.76927  2.18901  2.23674  2.3687  2  2  2  0.804521  0  0.751598  
0.700488  0.626569  0.342607  2.18901  2.23674  2.3687  2  2  2  0.111296  0.931492  0.548157  
0.592366  0.42121  0.686794  2.18901  2.23674  2.3687  2  2  2  0.90152  0.673505  1.69102e-15  
0.935683  0  0.352843  2.18901  2.23674  2.3687  2  2  2  0.334613  0.800941  0.704497  
0.287101  0  0.9579  2.18901  2.23674  2.3687  2  2  2  0.862585  0.0284891  0.941934  
0.265295  0.740114  0.61795  2.18901  2.23674  2.3687  2  2  2  0.43267  0.52414  0.889062  
0.50394  0.496551  0.70674  2.18901  2.23674  2.3687  2  2  2  0.742094  3.07606e-122  0.820221  
0.651792  0.603807  0.460689  2.18901  2.23674  2.3687  2  2  2  0.935032  3.40215e-282  0.725307  
4.37038e-17  0.713737  0.700418  2.18901  2.23674  2.3687  2  2  2  0.683051  0.731545  3.92072e-32  
0.818057  0.297572  0.492173  2.18901  2.23674  2.3687  2  2  2  1.1251  3.9111e-155  8.61955e-148  
0.514266  0.761722  0.394099  2.18901  2.23674  2.3687  2  2  2  0.839156  0.648544  2.59216e-09  
0.485956  0  0.873983  2.18901  2.23674  2.3687  2  2  2  0.606751  0.962853  1.03105e-214  
0.761876  0  0.647723  2.18901  2.23674  2.3687  2  2  2  0.0699226  4.46609e-117  1.21859  
0.885341  0  0.464943  2.18901  2.23674  2.3687  2  2  2  0.486874  2.30397e-199  0.970054  
2.2141e-17  0.361591  0.932343  2.18901  2.23674  2.3687  2  2  2  1.18901  5.30539e-207  1.74395e-312  
2.86586e-17  0.468031  0.883713  2.18901  2.23674  2.3687  2  2  2  0.759877  3.14977e-122  0.839876  
0.412634  0.910897  0  2.18901  2.23674  2.3687  2  2  2  0.650052  0.936915  1.29643e-23  
0.731645  0.501509  0.461732  2.18901  2.23674  2.3687  2  2  2  0.624406  0.958672  7.98543e-273  
0.823497  0.567355  4.71751e-32  2.18901  2.23674  2.3687  2  2  2  0.493465  0.980713  2.13712e-153  
0.303257  0.531519  0.790907  2.18901  2.23674  2.3687  2  2  2  0.931504  0.717768  0  
0.485849  0.294769  0.823654  2.18901  2.23674  2.3687  2  2  2  0.401559  1.50233e-47  0.923846  
3.42097e-17  0.558687  0.829383  2.18901  2.23674  2.3687  2  2  2  0.744776  1.93862e-50  0.792745  
0.431425  1.1531e-28  0.902153  2.18901  2.23674  2.3687  2  2  2  0.737973  0.592727  0.518966  
0.920128  0.391618  0  2.18901  2.23674  2.3687  2  2  2  0.0986935  2.3927e-118  1.3687  
0.39138  0.300582  0.869756  2.18901  2.23674  2.3687  2  2  2  0.611301  0.919907  1.50373e-22  
0.75035  0.661056  0  2.18901  2.23674  2.3687  2  2  2  0.550003  0.928965  0  
4.60683e-17  0.752353  0.658792  2.18901  2.23674  2.3687  2  2  2  0.29954  1.08134  1.00363e-53  
0.345516  0.938413  0  2.18901  2.23674  2.3687  2  2  2  0.0198315  0.891694  0.636949  
0.617986  0.685503  0.386629  2.18901  2.23674  2.3687  2  2  2  0.582862  0.976608  4.36652e-214  
0.369792  0.566502  0.736502  2.18901  2.23674  2.3687  2  2  2  0.951108  0.569394  0.00196694  
0.561876  0.674826  0.479751  2.18901  2.23674  2.3687  2  2  2  4.20904e-17  0.687388  0.72637  
5.1853e-17  0.846823  0.531892  2.18901  2.23674  2.3687  2  2  2  0.0224224  0.673158  0.925418  
0.662584  0.522347  0.538361  2.18901  2.23674  2.3687  2  2  2  0.909212  0.896226  1.06172e-188  
0.635632  0.485694  0.601463  2.18901  2.23674  2.3687  2  2  2  0.583049  1.43172e-124  0.949328  
0.492315  0.65362  0.574836  2.18901  2.23674  2.3687  2  2  2  0.778734  4.09371e-175  0.849907  
0.885848  0.463975  0  2.18901  2.23674  2.3687  2  2  2  0.6474  5.76468e-114  0.871221  
0.477443  0.798131  0.367473  2.18901  2.23674  2.3687  2  2  2  0.492297  0.719638  0.664388  
0.454092  0.598464  0.660578  2.18901  2.23674  2.3687  2  2  2  0.931017  0.61237  6.30156e-57  
6.12323e-17  1  0  2.18901  2.23674  2.3687  2  2  2  0.811743  0  0.900781  
6.12323e-17  0  1  2.18901  2.23674  2.3687  2  2  2  0.706904  0.851795  4.59623e-64  
0.745132  0.319221  0.58809  2.18901  2.23674  2.3687  2  2  2  0.54274  3.02524e-19  0.841014  
1  0  0  2.18901  2.23674  2.3687  2  2  2  0.640122  0.921077  0.559437  
0.826631  0  0.562745  2  2  2  2  2  2  5.56188e-10  0.765235  0.643754  
0.948528  0.316695  9.29727e-30  2  2  2  2  2  2  0.291988  0.363651  0.884593  
0.903645  0.30411  0.301644  2  2  2  2  2  2  0.487938  0.821237  0.295784  
0.779408  0.42871  0.456969  2  2  2  2  2  2  0.959683  0.281088  1.33868e-07  
0.912065  2.64959e-211  0.410045  2  2  2  2  2  2  0.697109  3.87176e-07  0.716966  
0.794714  0  0.606983  2  2  2  2  2  2  1.77267e-13  0.725581  0.688139  
0.278824  0.960342  0  2  2  2  2  2  2  1.01794e-07  0.225958  0.974152  
0.568999  2.08613e-37  0.822357  2  2  2  2  2  2  0.686029  0.654899  0.316976  
0.726848  0  0.686799  2  2  2  2  2  2  0.417088  0.289922  0.861386  
0.189885  3.11903e-11  0.981808  2  2  2  2  2  2  1.88979e-07  0.866575  0.499049  
0.568972  0.573332  0.589556  2  2  2  2  2  2  0.917126  0.28257  0.281132  
0.525847  1.09493e-25  0.850606  2  2  2  2  2  2  3.83934e-08  0.979603  0.200944  
0.818647  0.474986  0.322829  2  2  2  2  2  2  0.501412  0.542659  0.673876  
1.7804e-08  0.787112  0.616883  2  2  2  2  2  2  0.38573  0.922612  4.90615e-30  
0.670212  0.742171  8.23272e-06  2  2  2  2  2  2  0.307659  0.672212  0.673411  
0.428655  0.714383  0.553103  2  2  2  2  2  2  0.72566  0.578093  0.373342  
0.296651  0.908035  0.295787  2  2  2  2  2  2  0.776192  0.630498  1.22025e-08  
0.622655  0.782496  0  2  2  2  2  2  2  1  0  0  
0.186401  0.982474  0  2  2  2  2  2  2  0.845911  0.533326  1.33869e-07  
0.860257  0.509863  1.47879e-24  2  2  2  2  2  2  0.435946  0.785678  0.438934  
1.43667e-07  0.513141  0.858317  2  2  2  2  2  2  3.57851e-12  0.61071  0.791856  
0.791082  0.611746  1.13736e-17  2  2  2  2  2  2  0.394151  0.863308  0.315192  
2.57072e-17  0.419831  0.907604  2  2  2  2  2  2  0.807454  1.35299e-38  0.589931  
1.35522e-17  0.221324  0.9752  2  2  2  2  2  2  0.933965  0.357366  9.08338e-32  
0.394252  0.863528  0.314496  2  2  2  2  2  2  0.758629  0.30952  0.573328  
1.94337e-08  0.874381  0.48526  2  2  2  2  2  2  0.954916  2.21235e-112  0.296876  
0.423704  0.467993  0.77555  2  2  2  2  2  2  0.930973  4.19475e-83  0.365097  
1.23452e-09  0.678088  0.735024  2  2  2  2  2  2  0.612873  0.790183  1.0665e-73  
0.760954  0.577918  0.294895  2  2  2  2  2  2  0.261122  0.881059  0.394403  
5.51714e-17  0.901018  0.433863  2  2  2  2  2  2  0.647556  0.318279  0.692368  
3.6766e-17  0.600434  0.799676  2  2  2  2  2  2  0.312571  0.949895  2.70504e-66  
0.47134  0.881952  0  2  2  2  2  2  2  3.51762e-08  0.651408  0.758728  
0.356728  0.792318  0.495262  2  2  2  2  2  2  0.792999  0.534003  0.293249  
0.572625  0.819818  1.33868e-07  2  2  2  2  2  2  7.30458e-08  0.556215  0.83104  
0.293957  0.316171  0.902014  2  2  2  2  2  2  0.872629  2.26595e-70  0.488386  
0.98217  7.8392e-23  0.187996  2  2  2  2  2  2  0.532617  0.663339  0.525647  
0.540525  0.367722  0.756757  2  2  2  2  2  2  6.12323e-17  1  0  
5.68228e-08  0.29771  0.954662  2  2  2  2  2  2  0.339714  0.835842  0.431239  
0.676287  0.357748  0.643954  2  2  2  2  2  2  0.448804  0.893631  1.8206e-14  
0.629428  0.312808  0.711359  2  2  2  2  2  2  0.304879  0.793212  0.527129  
0.856939  0  0.515418  2  2  2  2  2  2  0.370481  3.4889e-35  0.928841  
0.71219  0.701986  0  2  2  2  2  2  2  0.849905  0.291325  0.439082  
0.577582  0.758146  0.302786  2  2  2  2  2  2  6.12323e-17  0  1  
0.342113  0.425911  0.837606  2  2  2  2  2  2  4.12148e-10  0.898227  0.439534  
0.973526  0.228575  0  2  2  2  2  2  2  0.640296  0.611241  0.465196  
5.96674e-17  0.974443  0.22464  2  2  2  2  2  2  0.982076  0.188489  1.35948e-27  
0.610167  5.88638e-52  0.792274  2  2  2  2  2  2  5.01929e-08  0.929494  0.368839  
5.02006e-17  0.819838  0.57261  2  2  2  2  2  2  0.700594  0.713563  2.52232e-56  
0.324306  0.841969  0.431252  2  2  2  2  2  2  0.775396  1.15857e-15  0.631476  
0.341576  0.680125  0.648767  2  2  2  2  2  2  0.544553  0.43138  0.719293  
0.651408  2.07551e-151  0.758728  2  2  2  2  2  2  0.811542  0.584294  0  
4.27309e-08  0.928019  0.372538  2  2  2  2  2  2  0.496443  0.731585  0.467256  
0.856175  0.359328  0.371594  2  2  2  2  2  2  0.659698  0.519667  0.542907  
0.356068  1.04149e-11  0.934463  2  2  2  2  2  2  0.437237  4.46012e-77  0.899347  
0.959867  0  0.280456  2  2  2  2  2  2  0.688829  0.375025  0.62038  
0.524359  0.851497  0  2  2  2  2  2  2  0.976484  3.09558e-140  0.21559  
1.7097e-12  0.951734  0.306932  2  2  2  2  2  2  0.876062  0.343689  0.338222  
0.690072  0  0.723741  2  2  2  2  2  2  6.27675e-13  0.799823  0.600238  
3.91228e-17  0.638924  0.76927  2  2  2  2  2  2  0.285375  0.742468  0.606057  
0.690948  0.646984  0.32254  2  2  2  2  2  2  0.571467  0.57727  0.583256  
0.573692  0.454463  0.68143  2  2  2  2  2  2  0.904297  2.26848e-59  0.426904  
0.93705  1.05705e-21  0.3492  2  2  2  2  2  2  0.442856  0.476323  0.759603  
0.284583  1.41056e-34  0.958656  2  2  2  2  2  2  0.493463  0.343799  0.798975  
0.298899  0.750412  0.589566  2  2  2  2  2  2  0.556523  0.768713  0.315235  
0.473286  0.512219  0.716729  2  2  2  2  2  2  0.496996  5.65591e-101  0.867753  
0.647828  0.591659  0.480184  2  2  2  2  2  2  0.228893  0.973452  1.5184e-25  
2.23224e-07  0.715851  0.698287  2  2  2  2  2  2  0.651408  2.07551e-151  0.758728  
0.813859  0.304178  0.495096  2  2  2  2  2  2  0.551542  1.42907e-41  0.834147  
0.503898  0.741832  0.442635  2  2  2  2  2  2  0.726582  0.436361  0.530728  
0.47288  1.13984e-46  0.881128  2  2  2  2  2  2  0.599708  0.475072  0.643951  
0.761651  0  0.647988  2  2  2  2  2  2  0.451285  0.630725  0.631291  
0.885655  4.91595e-13  0.464344  2  2  2  2  2  2  0.416939  0.710905  0.566437  
2.2141e-17  0.361591  0.932343  2  2  2  2  2  2  0.659917  0.75134  2.52183e-10  
2.86586e-17  0.468031  0.883713  2  2  2  2  2  2  0.360811  0.423368  0.831036  
0.414665  0.909977  2.2108e-28  2  2  2  2  2  2  0.603137  2.71016e-48  0.797639  
0.727947  0.538108  0.425027  2  2  2  2  2  2  0.291315  0.915485  0.277531  
0.828615  0.559846  1.19365e-06  2  2  2  2  2  2  7.02005e-08  0.955261  0.295786  
0.304108  0.530213  0.791554  2  2  2  2  2  2  0.58544  0.285645  0.758728  
0.481498  0.323617  0.814517  2  2  2  2  2  2  0.905558  0.424227  6.28127e-66  
3.42097e-17  0.558687  0.829383  2  2  2  2  2  2  0.835483  0.449379  0.316274  
0.416366  3.7949e-90  0.909207  2  2  2  2  2  2  8.36493e-13  0.499614  0.866252  
0.921433  0.388541  2.63124e-29  2  2  2  2  2  2  5.01131e-10  0.689485  0.724302  
0.407736  0.283421  0.868008  2  2  2  2  2  2  0.198558  1.01207e-42  0.98009  
0.751801  0.659415  2.88439e-53  2  2  2  2  2  2  0.277678  0.271003  0.921668  
4.60683e-17  0.752353  0.658792  2  2  2  2  2  2  5.36014e-09  0.374345  0.92729  
0.352103  0.935962  7.0519e-18  2  2  2  2  2  2  4.45034e-09  0.302801  0.953055  
0.617283  0.690592  0.376971  2  2  2  2  2  2  0.562697  0.826664  1.45763e-82  
0.324646  0.60854  0.724154  2  2  2  2  2  2  0.799299  0.359614  0.481456  
0.562467  0.659987  0.498091  2  2  2  2  2  2  0.361793  0.586938  0.724302  
5.1853e-17  0.846823  0.531892  2  2  2  2  2  2  0.73861  0.674136  1.48456e-127  
0.696725  0.46896  0.542943  2  2  2  2  2  2  0.73802  2.77428e-16  0.674781  
0.623565  0.492991  0.606761  2  2  2  2  2  2  0.294559  0.521201  0.80099  
0.500798  0.639546  0.583257  2  2  2  2  2  2  0.5084  0.861121  2.9109e-34  
0.891195  0.453625  3.13033e-11  2  2  2  2  2  2  1.20419e-07  0.440421  0.897793  
0.476099  0.808656  0.345605  2  2  2  2  2  2  0.606496  0.702127  0.373352  
0.449423  0.589205  0.671789  2  2  2  2  2  2  4.50594e-08  0.83443  0.551119  
6.12323e-17  1  0  2  2  2  2  2  2  0.760141  0.48262  0.435047  
6.12323e-17  0  1  2  2  2  2  2  2  0.83937  6.20689e-41  0.543561  
0.747628  0.33039  0.576126  2  2  2  2  2  2  0.296213  2.5016e-08  0.955126  
1  0  0  2  2  2  2  2  2  0.876154  0.482032  1.16588e-27  
0.827147  0  0.561985  2  2  2  2  2  2  4.69142e-17  0.766167  0.642642  
0.948644  0.316347  0  2  2  2  2  2  2  0.300729  0.371276  0.878474  
0.903967  0.302324  0.302397  2  2  2  2  2  2  0.491215  0.822097  0.287862  
0.781063  0.428293  0.454429  2  2  2  2  2  2  0.959438  0.28192  0  
0.913438  6.3491e-88  0.406978  2  2  2  2  2  2  0.696288  0  0.717763  
0.794755  2.06835e-90  0.60693  2  2  2  2  2  2  4.44247e-17  0.72551  0.688212  
0.283108  0.959088  0  2  2  2  2  2  2  1.37142e-17  0.22397  0.974596  
0.565773  0  0.824561  2  2  2  2  2  2  0.678932  0.662591  0.316266  
0.726913  0  0.686729  2  2  2  2  2  2  0.42171  0.301059  0.855292  
0.186188  0  0.982514  2  2  2  2  2  2  5.32376e-17  0.869436  0.494045  
0.595002  0.57649  0.560029  2  2  2  2  2  2  0.91584  0.288771  0.279014  
0.519928  1.65672e-07  0.85421  2  2  2  2  2  2  6.0075e-17  0.981099  0.193508  
0.819574  0.475746  0.319317  2  2  2  2  2  2  0.503357  0.531032  0.681642  
4.82302e-17  0.787659  0.616112  2  2  2  2  2  2  0.384349  0.923188  0  
0.670203  0.742178  1.5321e-08  2  2  2  2  2  2  0.318537  0.663786  0.6767  
0.445652  0.706608  0.549636  2  2  2  2  2  2  0.717876  0.587337  0.37375  
0.290656  0.913318  0.285254  2  2  2  2  2  2  0.77166  0.636035  1.46126e-49  
0.626512  0.779412  0  2  2  2  2  2  2  1  0  0  
0.189229  0.981933  0  2  2  2  2  2  2  0.845667  0.533712  0  
0.861507  0.507746  0  2  2  2  2  2  2  0.43838  0.797035  0.415401  
3.12591e-17  0.5105  0.859878  2  2  2  2  2  2  3.66827e-17  0.599074  0.800694  
0.791181  0.611582  1.82271e-145  2  2  2  2  2  2  0.393546  0.860833  0.322628  
2.5231e-17  0.412053  0.91116  2  2  2  2  2  2  0.807161  0  0.590331  
1.30582e-17  0.213256  0.976996  2  2  2  2  2  2  0.933686  0.358093  0  
0.380586  0.867324  0.320786  2  2  2  2  2  2  0.761416  0.309122  0.569816  
5.37787e-17  0.878273  0.478159  2  2  2  2  2  2  0.954127  0  0.299402  
0.426663  0.463107  0.776847  2  2  2  2  2  2  0.929965  6.57898e-08  0.367648  
4.16713e-17  0.680544  0.732707  2  2  2  2  2  2  0.610096  0.792328  0  
0.76513  0.575393  0.288963  2  2  2  2  2  2  0.263776  0.880541  0.393789  
5.54102e-17  0.904916  0.425589  2  2  2  2  2  2  0.646851  0.317313  0.693467  
3.67596e-17  0.60033  0.799752  2  2  2  2  2  2  0.311775  0.950156  0  
0.479823  0.877366  0  2  2  2  2  2  2  3.94116e-17  0.64364  0.765329  
0.371722  0.783712  0.497613  2  2  2  2  2  2  0.78552  0.549171  0.285254  
0.580475  0.814278  5.08556e-162  2  2  2  2  2  2  3.37755e-17  0.551596  0.834111  
0.295512  0.311931  0.902979  2  2  2  2  2  2  0.87273  5.60895e-08  0.488204  
0.982651  1.0606e-183  0.185464  2  2  2  2  2  2  0.540393  0.659517  0.522507  
0.546028  0.362496  0.755281  2  2  2  2  2  2  6.12323e-17  1  0  
1.79042e-17  0.292398  0.956297  2  2  2  2  2  2  0.308129  0.8273  0.469714  
0.6823  0.359406  0.636626  2  2  2  2  2  2  0.449031  0.893516  0  
0.630775  0.311416  0.710734  2  2  2  2  2  2  0.349891  0.771106  0.531951  
0.857713  5.51245e-08  0.514128  2  2  2  2  2  2  0.369643  0  0.929174  
0.711723  0.70246  0  2  2  2  2  2  2  0.850037  0.288874  0.440442  
0.561418  0.768229  0.307627  2  2  2  2  2  2  6.12323e-17  0  1  
0.334051  0.422469  0.842573  2  2  2  2  2  2  5.52277e-17  0.901936  0.431869  
0.973579  0.228349  1.73009e-140  2  2  2  2  2  2  0.635103  0.615301  0.466957  
5.97663e-17  0.976057  0.217515  2  2  2  2  2  2  0.982092  0.188401  0  
0.608665  0  0.793427  2  2  2  2  2  2  5.70658e-17  0.931955  0.362573  
5.02138e-17  0.820054  0.572286  2  2  2  2  2  2  0.696841  0.717226  0  
0.312868  0.840023  0.443255  2  2  2  2  2  2  0.772707  1.48252e-63  0.634763  
0.353065  0.672273  0.650688  2  2  2  2  2  2  0.548575  0.417353  0.724488  
0.650286  9.78925e-178  0.75969  2  2  2  2  2  2  0.809892  0.586579  0  
5.69973e-17  0.930836  0.365436  2  2  2  2  2  2  0.494667  0.734063  0.465249  
0.856207  0.356679  0.37375  2  2  2  2  2  2  0.662938  0.516279  0.54219  
0.349159  0  0.937064  2  2  2  2  2  2  0.436895  0  0.899513  
0.960798  2.74713e-12  0.277251  2  2  2  2  2  2  0.695762  0.366101  0.617969  
0.53149  0.847064  0  2  2  2  2  2  2  0.975905  6.90398e-08  0.218196  
5.84521e-17  0.954596  0.297905  2  2  2  2  2  2  0.872523  0.353603  0.337148  
0.68966  2.9952e-103  0.724133  2  2  2  2  2  2  4.92502e-17  0.804317  0.5942  
3.92827e-17  0.641535  0.767094  2  2  2  2  2  2  0.287464  0.733553  0.615845  
0.69222  0.645791  0.322159  2  2  2  2  2  2  0.573726  0.571473  0.586735  
0.583245  0.454216  0.673434  2  2  2  2  2  2  0.903364  0  0.428875  
0.938238  0  0.345991  2  2  2  2  2  2  0.439567  0.480183  0.759081  
0.278639  0  0.960396  2  2  2  2  2  2  0.488551  0.347049  0.800546  
0.312782  0.742086  0.592854  2  2  2  2  2  2  0.559882  0.766128  0.315563  
0.486148  0.506431  0.712172  2  2  2  2  2  2  0.496369  0  0.868111  
0.655644  0.600293  0.458016  2  2  2  2  2  2  0.226425  0.974029  0  
4.39355e-17  0.717522  0.696536  2  2  2  2  2  2  0.653795  0  0.756672  
0.814533  0.303747  0.494241  2  2  2  2  2  2  0.551324  0  0.834291  
0.505326  0.742063  0.440442  2  2  2  2  2  2  0.728721  0.448015  0.517927  
0.467861  7.26092e-204  0.883802  2  2  2  2  2  2  0.61026  0.462132  0.643442  
0.761704  2.12886e-53  0.647925  2  2  2  2  2  2  0.461658  0.621674  0.632766  
0.886492  4.43473e-92  0.462745  2  2  2  2  2  2  0.42383  0.698639  0.57643  
2.17703e-17  0.355537  0.934662  2  2  2  2  2  2  0.65597  0.754787  0  
2.84234e-17  0.46419  0.885736  2  2  2  2  2  2  0.34967  0.440492  0.82686  
0.424149  0.905593  0  2  2  2  2  2  2  0.604339  0  0.796728  
0.73397  0.537922  0.414643  2  2  2  2  2  2  0.296899  0.913643  0.277683  
0.828737  0.559639  6.48656e-08  2  2  2  2  2  2  5.86112e-17  0.957194  0.289447  
0.302348  0.530345  0.792035  2  2  2  2  2  2  0.579048  0.285808  0.763555  
0.485127  0.322501  0.812801  2  2  2  2  2  2  0.904937  0.425546  0  
3.40867e-17  0.556679  0.830728  2  2  2  2  2  2  0.830279  0.456808  0.319317  
0.411169  0  0.911559  2  2  2  2  2  2  3.06598e-17  0.500712  0.865614  
0.921748  0.38779  0  2  2  2  2  2  2  4.19983e-17  0.685884  0.727711  
0.405395  0.289412  0.867119  2  2  2  2  2  2  0.196266  0  0.980551  
0.751057  0.660238  0  2  2  2  2  2  2  0.280245  0.281098  0.917849  
4.61378e-17  0.753488  0.657462  2  2  2  2  2  2  2.3227e-17  0.379326  0.925263  
0.357997  0.933723  2.44287e-59  2  2  2  2  2  2  1.88472e-17  0.307798  0.951452  
0.616548  0.698862  0.362573  2  2  2  2  2  2  0.560325  0.828273  0  
0.325291  0.607703  0.724488  2  2  2  2  2  2  0.799722  0.366187  0.475764  
0.560639  0.662012  0.497431  2  2  2  2  2  2  0.362999  0.587821  0.722979  
5.20476e-17  0.850002  0.526779  2  2  2  2  2  2  0.735399  0.677634  0  
0.707238  0.469963  0.528157  2  2  2  2  2  2  0.736264  0  0.676694  
0.634096  0.494821  0.5942  2  2  2  2  2  2  0.303618  0.535806  0.787863  
0.500418  0.617966  0.606383  2  2  2  2  2  2  0.506876  0.862019  0  
0.892232  0.451577  2.57801e-182  2  2  2  2  2  2  2.71424e-17  0.44327  0.896388  
0.462424  0.812891  0.35408  2  2  2  2  2  2  0.602841  0.702329  0.378572  
0.445456  0.580459  0.681642  2  2  2  2  2  2  5.13037e-17  0.837853  0.545896  
6.12323e-17  1  0  2  2  2  2  2  2  0.758064  0.497305  0.421933  
6.12323e-17  0  1  2  2  2  2  2  2  0.839566  0  0.543257  
0.748299  0.331016  0.574872  2  2  2  2  2  2  0.293493  0  0.955961  
1  0  0  2  2  2  2  2  2  0.876423  0.481542  0  
0.827644  1.69726e-66  0.561253  2  2  2  2  2  2  4.69123e-17  0.766136  0.642679  
0.948803  0.315869  0  2  2  2  2  2  2  0.3006  0.371481  0.878431  
0.903967  0.302324  0.302397  2  2  2  2  2  2  0.491169  0.822146  0.287802  
0.781063  0.428293  0.454429  2  2  2  2  2  2  0.959327  0.282298  0  
0.913824  0  0.406112  2  2  2  2  2  2  0.696131  7.34572e-09  0.717915  
0.795267  0  0.60626  2  2  2  2  2  2  4.44126e-17  0.725312  0.68842  
0.283399  0.959002  0  2  2  2  2  2  2  1.37142e-17  0.22397  0.974596  
0.565322  0  0.82487  2  2  2  2  2  2  0.678535  0.663106  0.316039  
0.727212  0  0.686413  2  2  2  2  2  2  0.421738  0.301079  0.855271  
0.185783  0  0.982591  2  2  2  2  2  2  5.32442e-17  0.869544  0.493855  
0.594841  0.575948  0.560764  2  2  2  2  2  2  0.915707  0.289191  0.279014  
0.519445  0  0.854504  2  2  2  2  2  2  6.00774e-17  0.981138  0.19331  
0.819854  0.475506  0.318958  2  2  2  2  2  2  0.50376  0.53065  0.681642  
4.82513e-17  0.788003  0.615672  2  2  2  2  2  2  0.383905  0.923373  0  
0.670914  0.741535  4.82925e-72  2  2  2  2  2  2  0.318762  0.663322  0.677048  
0.447131  0.703073  0.552958  2  2  2  2  2  2  0.717911  0.587596  0.373276  
0.291544  0.912986  0.285408  2  2  2  2  2  2  0.771323  0.636444  0  
0.627227  0.778836  1.16883e-14  2  2  2  2  2  2  1  0  0  
0.189534  0.981874  0  2  2  2  2  2  2  0.845332  0.534241  0  
0.862003  0.506902  0  2  2  2  2  2  2  0.438837  0.796783  0.415401  
3.12479e-17  0.510317  0.859986  2  2  2  2  2  2  3.66728e-17  0.598912  0.800815  
0.791754  0.61084  1.36034e-82  2  2  2  2  2  2  0.393508  0.860749  0.322897  
2.52036e-17  0.411606  0.911362  2  2  2  2  2  2  0.807061  0  0.590467  
1.30427e-17  0.213003  0.977052  2  2  2  2  2  2  0.933393  0.358856  0  
0.380586  0.867324  0.320786  2  2  2  2  2  2  0.761972  0.308801  0.569246  
5.37953e-17  0.878544  0.477661  2  2  2  2  2  2  0.954074  0  0.299572  
0.426663  0.463107  0.776847  2  2  2  2  2  2  0.929918  9.81299e-09  0.367767  
4.16918e-17  0.680879  0.732396  2  2  2  2  2  2  0.609595  0.792713  0  
0.766055  0.574713  0.287862  2  2  2  2  2  2  0.2638  0.880622  0.393591  
5.54166e-17  0.905022  0.425365  2  2  2  2  2  2  0.647199  0.317021  0.693276  
3.67755e-17  0.600589  0.799558  2  2  2  2  2  2  0.311339  0.950299  0  
0.480219  0.877148  0  2  2  2  2  2  2  3.93883e-17  0.64326  0.765648  
0.371722  0.783712  0.497613  2  2  2  2  2  2  0.785311  0.54939  0.285408  
0.580938  0.813948  0  2  2  2  2  2  2  3.37646e-17  0.551417  0.83423  
0.295127  0.311354  0.903304  2  2  2  2  2  2  0.872632  9.20854e-09  0.488378  
0.98276  0  0.184886  2  2  2  2  2  2  0.540635  0.659318  0.522507  
0.548173  0.362812  0.753574  2  2  2  2  2  2  6.12323e-17  1  0  
1.78697e-17  0.291835  0.956469  2  2  2  2  2  2  0.308052  0.827091  0.470132  
0.68074  0.364499  0.6354  2  2  2  2  2  2  0.448492  0.893787  0  
0.63197  0.311929  0.709447  2  2  2  2  2  2  0.35096  0.77062  0.531951  
0.858225  6.6192e-08  0.513274  2  2  2  2  2  2  0.369643  0  0.929174  
0.712612  0.701558  0  2  2  2  2  2  2  0.850037  0.288874  0.440442  
0.561418  0.768229  0.307627  2  2  2  2  2  2  6.12323e-17  0  1  
0.334915  0.421696  0.842618  2  2  2  2  2  2  5.52411e-17  0.902155  0.431412  
0.973707  0.227806  0  2  2  2  2  2  2  0.635051  0.61551  0.466751  
5.97663e-17  0.976057  0.217515  2  2  2  2  2  2  0.98204  0.188675  0  
0.6085  0  0.793554  2  2  2  2  2  2  5.70735e-17  0.932081  0.36225  
5.02432e-17  0.820534  0.571597  2  2  2  2  2  2  0.696508  0.717549  0  
0.313018  0.840426  0.442384  2  2  2  2  2  2  0.772631  8.15263e-09  0.634856  
0.353065  0.672273  0.650688  2  2  2  2  2  2  0.548778  0.417507  0.724245  
0.650197  0  0.759766  2  2  2  2  2  2  0.809565  0.587031  0  
5.70041e-17  0.930948  0.365151  2  2  2  2  2  2  0.494434  0.73389  0.465768  
0.856207  0.356679  0.37375  2  2  2  2  2  2  0.663331  0.516948  0.54107  
0.348396  3.67713e-09  0.937347  2  2  2  2  2  2  0.436895  0  0.899513  
0.961043  1.01412e-08  0.276398  2  2  2  2  2  2  0.696273  0.365338  0.617844  
0.531731  0.846913  0  2  2  2  2  2  2  0.975893  0  0.218251  
5.84505e-17  0.95457  0.297988  2  2  2  2  2  2  0.872523  0.353603  0.337148  
0.689715  7.27956e-09  0.724081  2  2  2  2  2  2  4.92524e-17  0.804352  0.594152  
3.93177e-17  0.642107  0.766615  2  2  2  2  2  2  0.287335  0.733224  0.616296  
0.694298  0.644971  0.319317  2  2  2  2  2  2  0.573658  0.571406  0.586866  
0.583674  0.454798  0.672668  2  2  2  2  2  2  0.90332  0  0.428968  
0.938578  0  0.345067  2  2  2  2  2  2  0.44031  0.479502  0.759081  
0.277773  0  0.960647  2  2  2  2  2  2  0.488686  0.347145  0.800423  
0.312782  0.742086  0.592854  2  2  2  2  2  2  0.559815  0.766036  0.315905  
0.489584  0.503054  0.712211  2  2  2  2  2  2  0.496369  0  0.868111  
0.655644  0.600293  0.458016  2  2  2  2  2  2  0.226132  0.974097  0  
4.39575e-17  0.717881  0.696166  2  2  2  2  2  2  0.653647  0  0.7568  
0.815244  0.304895  0.492372  2  2  2  2  2  2  0.551265  0  0.83433  
0.503831  0.742375  0.441627  2  2  2  2  2  2  0.729014  0.448194  0.517359  
0.467216  0  0.884143  2  2  2  2  2  2  0.610767  0.462015  0.643044  
0.762131  8.04251e-09  0.647423  2  2  2  2  2  2  0.461757  0.621364  0.632999  
0.887028  5.13209e-162  0.461715  2  2  2  2  2  2  0.424032  0.697967  0.577096  
2.17285e-17  0.354853  0.934922  2  2  2  2  2  2  0.655532  0.755167  0  
2.83892e-17  0.46363  0.886029  2  2  2  2  2  2  0.349664  0.440408  0.826907  
0.42471  0.90533  3.26663e-13  2  2  2  2  2  2  0.604252  0  0.796794  
0.735037  0.535875  0.415401  2  2  2  2  2  2  0.29667  0.913717  0.277683  
0.829244  0.558887  0  2  2  2  2  2  2  5.86198e-17  0.957333  0.288986  
0.305734  0.530442  0.79067  2  2  2  2  2  2  0.579129  0.285848  0.763479  
0.485127  0.322501  0.812801  2  2  2  2  2  2  0.90463  0.426197  0  
3.40983e-17  0.556868  0.830601  2  2  2  2  2  2  0.830379  0.456927  0.318886  
0.410595  0  0.911818  2  2  2  2  2  2  3.06537e-17  0.500612  0.865671  
0.92193  0.387356  0  2  2  2  2  2  2  4.1982e-17  0.685618  0.727961  
0.405395  0.289412  0.867119  2  2  2  2  2  2  0.196266  0  0.980551  
0.751898  0.659279  0  2  2  2  2  2  2  0.280558  0.281075  0.91776  
4.61586e-17  0.753826  0.657074  2  2  2  2  2  2  2.3227e-17  0.379326  0.925263  
0.358359  0.933584  0  2  2  2  2  2  2  1.88472e-17  0.307798  0.951452  
0.616448  0.700287  0.359987  2  2  2  2  2  2  0.559796  0.828631  0  
0.324755  0.60799  0.724488  2  2  2  2  2  2  0.799817  0.36668  0.475225  
0.560542  0.66365  0.495339  2  2  2  2  2  2  0.3635  0.58718  0.723248  
5.20738e-17  0.850429  0.526089  2  2  2  2  2  2  0.735041  0.678023  0  
0.707238  0.469963  0.528157  2  2  2  2  2  2  0.736176  0  0.67679  
0.633113  0.496136  0.594152  2  2  2  2  2  2  0.303898  0.535438  0.788005  
0.503255  0.614912  0.607139  2  2  2  2  2  2  0.506243  0.862391  2.87609e-07  
0.8925  0.451048  0  2  2  2  2  2  2  2.71424e-17  0.44327  0.896388  
0.461516  0.813146  0.354678  2  2  2  2  2  2  0.602275  0.702577  0.379013  
0.445685  0.580283  0.681642  2  2  2  2  2  2  5.13105e-17  0.837965  0.545724  
6.12323e-17  1  0  2  2  2  2  2  2  0.757858  0.497617  0.421934  
6.12323e-17  0  1  2  2  2  2  2  2  0.839534  8.85896e-09  0.543307  
0.748299  0.331016  0.574872  2  2  2  2  2  2  0.293493  0  0.955961  
1  0  0  2  2  2  2  2  2  0.876042  0.482235  0  
0.827725  0  0.561134  2  2  2  2  2  2  4.68988e-17  0.765916  0.642941  
0.948932  0.31548  0  2  2  2  2  2  2  0.300852  0.371644  0.878276  
0.903967  0.302324  0.302397  2  2  2  2  2  2  0.490842  0.822302  0.287913  
0.782692  0.425219  0.454524  2  2  2  2  2  2  0.959231  0.282623  0  
0.913824  0  0.406112  2  2  2  2  2  2  0.696069  0  0.717975  
0.79532  0  0.606189  2  2  2  2  2  2  4.43994e-17  0.725096  0.688647  
0.283259  0.959044  0  2  2  2  2  2  2  1.37207e-17  0.224076  0.974572  
0.565307  4.18359e-57  0.82488  2  2  2  2  2  2  0.678065  0.663586  0.31604  
0.727305  0  0.686315  2  2  2  2  2  2  0.42203  0.300914  0.855185  
0.18551  2.94801e-10  0.982642  2  2  2  2  2  2  5.32467e-17  0.869584  0.493785  
0.596182  0.577837  0.55738  2  2  2  2  2  2  0.915605  0.289158  0.279384  
0.519377  0  0.854545  2  2  2  2  2  2  6.00774e-17  0.981138  0.19331  
0.820421  0.474575  0.318886  2  2  2  2  2  2  0.504096  0.530331  0.681642  
4.82793e-17  0.78846  0.615085  2  2  2  2  2  2  0.383679  0.923466  0  
0.671042  0.741419  0  2  2  2  2  2  2  0.318871  0.663063  0.67725  
0.447131  0.703073  0.552958  2  2  2  2  2  2  0.717584  0.587995  0.373276  
0.293582  0.9133  0.2823  2  2  2  2  2  2  0.771012  0.63682  0  
0.627391  0.778704  8.91695e-167  2  2  2  2  2  2  1  0  0  
0.189388  0.981902  0  2  2  2  2  2  2  0.845029  0.534721  0  
0.862251  0.506482  0  2  2  2  2  2  2  0.438774  0.796668  0.415689  
3.12654e-17  0.510602  0.859817  2  2  2  2  2  2  3.66549e-17  0.598619  0.801034  
0.792207  0.610252  3.23677e-260  2  2  2  2  2  2  0.393508  0.860749  0.322897  
2.52021e-17  0.411582  0.911373  2  2  2  2  2  2  0.807026  0  0.590515  
1.30333e-17  0.212851  0.977085  2  2  2  2  2  2  0.93332  0.359047  0  
0.380682  0.867558  0.320037  2  2  2  2  2  2  0.761901  0.308976  0.569246  
5.38186e-17  0.878924  0.476962  2  2  2  2  2  2  0.954053  0  0.299637  
0.426663  0.463107  0.776847  2  2  2  2  2  2  0.929863  0  0.367905  
4.17136e-17  0.681234  0.732066  2  2  2  2  2  2  0.609264  0.792967  0  
0.766901  0.573613  0.287802  2  2  2  2  2  2  0.2638  0.880622  0.393591  
5.54326e-17  0.905283  0.42481  2  2  2  2  2  2  0.647422  0.316565  0.693276  
3.67998e-17  0.600987  0.799259  2  2  2  2  2  2  0.311154  0.95036  0  
0.480393  0.877053  0  2  2  2  2  2  2  3.93856e-17  0.643216  0.765685  
0.367481  0.783033  0.501814  2  2  2  2  2  2  0.785124  0.549791  0.28515  
0.581076  0.813849  6.4376e-66  2  2  2  2  2  2  3.37502e-17  0.551183  0.834385  
0.295127  0.311354  0.903304  2  2  2  2  2  2  0.872544  0  0.488536  
0.98277  1.03704e-08  0.184834  2  2  2  2  2  2  0.540617  0.659297  0.522552  
0.548173  0.362812  0.753574  2  2  2  2  2  2  6.12323e-17  1  0  
1.78624e-17  0.291716  0.956505  2  2  2  2  2  2  0.308004  0.826963  0.470389  
0.681239  0.364517  0.634856  2  2  2  2  2  2  0.448152  0.893958  0  
0.632184  0.312035  0.709209  2  2  2  2  2  2  0.350534  0.770509  0.532392  
0.858341  2.94658e-148  0.513079  2  2  2  2  2  2  0.369587  0  0.929196  
0.712854  0.701312  0  2  2  2  2  2  2  0.849983  0.288856  0.440558  
0.561221  0.768152  0.308177  2  2  2  2  2  2  6.12323e-17  0  1  
0.334999  0.421624  0.84262  2  2  2  2  2  2  5.52443e-17  0.902209  0.4313  
0.97375  0.227621  0  2  2  2  2  2  2  0.63507  0.615672  0.466512  
5.97663e-17  0.976057  0.217515  2  2  2  2  2  2  0.981988  0.188942  0  
0.608563  1.07778e-54  0.793505  2  2  2  2  2  2  5.70735e-17  0.932081  0.36225  
5.02616e-17  0.820835  0.571165  2  2  2  2  2  2  0.696005  0.718037  0  
0.312934  0.840199  0.442874  2  2  2  2  2  2  0.772631  8.14889e-09  0.634856  
0.353065  0.672273  0.650688  2  2  2  2  2  2  0.549407  0.416982  0.72407  
0.650277  0  0.759697  2  2  2  2  2  2  0.809251  0.587463  0  
5.70102e-17  0.931047  0.364899  2  2  2  2  2  2  0.494434  0.73389  0.465768  
0.856734  0.355911  0.373276  2  2  2  2  2  2  0.663064  0.517347  0.541016  
0.34808  0  0.937465  2  2  2  2  2  2  0.436895  0  0.899513  
0.961043  1.01412e-08  0.276398  2  2  2  2  2  2  0.696243  0.365743  0.617639  
0.531767  0.84689  3.75867e-129  2  2  2  2  2  2  0.975863  1.02925e-08  0.218383  
5.84512e-17  0.95458  0.297954  2  2  2  2  2  2  0.872361  0.353764  0.337399  
0.689773  0  0.724026  2  2  2  2  2  2  4.9244e-17  0.804216  0.594337  
3.93391e-17  0.642456  0.766323  2  2  2  2  2  2  0.287488  0.732874  0.61664  
0.694298  0.644971  0.319317  2  2  2  2  2  2  0.573658  0.571406  0.586866  
0.583764  0.455475  0.672132  2  2  2  2  2  2  0.903221  0  0.429175  
0.938578  0  0.345067  2  2  2  2  2  2  0.44101  0.479065  0.758951  
0.277516  0  0.960721  2  2  2  2  2  2  0.488882  0.347016  0.800359  
0.310645  0.741797  0.594337  2  2  2  2  2  2  0.559723  0.766103  0.315905  
0.490043  0.502612  0.712207  2  2  2  2  2  2  0.496369  0  0.868111  
0.656747  0.600995  0.455509  2  2  2  2  2  2  0.22603  0.97412  0  
4.39713e-17  0.718105  0.695935  2  2  2  2  2  2  0.653549  0  0.756885  
0.816258  0.301666  0.492666  2  2  2  2  2  2  0.551265  0  0.83433  
0.503831  0.742375  0.441627  2  2  2  2  2  2  0.728942  0.448312  0.517359  
0.466993  4.85358e-09  0.884261  2  2  2  2  2  2  0.610993  0.46186  0.642941  
0.762166  4.04672e-95  0.647382  2  2  2  2  2  2  0.462068  0.621133  0.632999  
0.887079  0  0.461617  2  2  2  2  2  2  0.424032  0.697967  0.577096  
2.17285e-17  0.354853  0.934922  2  2  2  2  2  2  0.655081  0.755559  0  
2.83939e-17  0.463707  0.885989  2  2  2  2  2  2  0.349769  0.440214  0.826966  
0.425102  0.905146  7.14323e-144  2  2  2  2  2  2  0.604183  0  0.796846  
0.736362  0.535853  0.413077  2  2  2  2  2  2  0.29667  0.913717  0.277683  
0.829627  0.558318  0  2  2  2  2  2  2  5.86198e-17  0.957333  0.288986  
0.305734  0.530442  0.79067  2  2  2  2  2  2  0.579183  0.285738  0.763479  
0.485127  0.322501  0.812801  2  2  2  2  2  2  0.904505  0.426463  0  
3.41134e-17  0.557114  0.830436  2  2  2  2  2  2  0.83013  0.45738  0.318886  
0.41032  0  0.911941  2  2  2  2  2  2  3.06471e-17  0.500506  0.865733  
0.922152  0.386827  0  2  2  2  2  2  2  4.19639e-17  0.685323  0.728239  
0.405395  0.289412  0.867119  2  2  2  2  2  2  0.196266  0  0.980551  
0.752414  0.658691  0  2  2  2  2  2  2  0.280963  0.28148  0.917512  
4.61851e-17  0.754261  0.656575  2  2  2  2  2  2  2.3227e-17  0.379326  0.925263  
0.358589  0.933496  8.30092e-106  2  2  2  2  2  2  1.88472e-17  0.307798  0.951452  
0.61673  0.699938  0.360181  2  2  2  2  2  2  0.559465  0.828854  0  
0.323296  0.607387  0.725645  2  2  2  2  2  2  0.799653  0.367037  0.475225  
0.560542  0.66365  0.495339  2  2  2  2  2  2  0.363969  0.586764  0.72335  
5.20906e-17  0.850704  0.525645  2  2  2  2  2  2  0.7346  0.678501  0  
0.707238  0.469963  0.528157  2  2  2  2  2  2  0.736176  0  0.67679  
0.632863  0.498647  0.592314  2  2  2  2  2  2  0.304354  0.535179  0.788005  
0.503255  0.614912  0.607139  2  2  2  2  2  2  0.506006  0.86253  0  
0.89277  0.450513  0  2  2  2  2  2  2  2.71395e-17  0.443222  0.896412  
0.460673  0.813135  0.355797  2  2  2  2  2  2  0.602075  0.702674  0.37915  
0.446091  0.579971  0.681642  2  2  2  2  2  2  5.13105e-17  0.837965  0.545724  
6.12323e-17  1  0  2  2  2  2  2  2  0.757725  0.498009  0.421711  
6.12323e-17  0  1  2  2  2  2  2  2  0.839479  0  0.543392  
0.748299  0.331016  0.574872  2  2  2  2  2  2  0.293493  0  0.955961  
1  0  0  2  2  2  2  2  2  0.875855  0.482573  0  
0.827858  2.16504e-40  0.560937  2  2  2  2  2  2  4.68988e-17  0.765916  0.642941  
0.948932  0.31548  0  2  2  2  2  2  2  0.3011  0.371443  0.878276  
0.903967  0.302324  0.302397  2  2  2  2  2  2  0.490772  0.822344  0.287913  
0.782692  0.425219  0.454524  2  2  2  2  2  2  0.959074  0.283155  0  
0.913967  0  0.40579  2  2  2  2  2  2  0.696069  0  0.717975  
0.795406  8.65459e-229  0.606076  2  2  2  2  2  2  4.43984e-17  0.725081  0.688664  
0.283196  0.959062  0  2  2  2  2  2  2  1.37207e-17  0.224076  0.974572  
0.565307  4.18359e-57  0.82488  2  2  2  2  2  2  0.677719  0.664083  0.315739  
0.727379  1.39108e-192  0.686236  2  2  2  2  2  2  0.422255  0.301075  0.855017  
0.18551  2.94801e-10  0.982642  2  2  2  2  2  2  5.32467e-17  0.869584  0.493785  
0.596182  0.577837  0.55738  2  2  2  2  2  2  0.915477  0.289237  0.279723  
0.519247  0  0.854624  2  2  2  2  2  2  6.00774e-17  0.981138  0.19331  
0.820421  0.474575  0.318886  2  2  2  2  2  2  0.504307  0.53013  0.681642  
4.82793e-17  0.78846  0.615085  2  2  2  2  2  2  0.383276  0.923634  0  
0.671208  0.741269  0  2  2  2  2  2  2  0.31875  0.662911  0.677457  
0.447131  0.703073  0.552958  2  2  2  2  2  2  0.717141  0.589118  0.372357  
0.293582  0.9133  0.2823  2  2  2  2  2  2  0.770664  0.637242  0  
0.627486  0.778628  7.19167e-46  2  2  2  2  2  2  1  0  0  
0.189388  0.981902  0  2  2  2  2  2  2  0.844768  0.535133  0  
0.862539  0.50599  2.89057e-61  2  2  2  2  2  2  0.438529  0.796803  0.415689  
3.12723e-17  0.510715  0.85975  2  2  2  2  2  2  3.66529e-17  0.598587  0.801058  
0.792409  0.60999  9.66047e-320  2  2  2  2  2  2  0.393326  0.860777  0.323046  
2.52021e-17  0.411582  0.911373  2  2  2  2  2  2  0.807015  0  0.590532  
1.30377e-17  0.212922  0.977069  2  2  2  2  2  2  0.933186  0.359395  0  
0.380682  0.867558  0.320037  2  2  2  2  2  2  0.761908  0.309174  0.569129  
5.38159e-17  0.878881  0.477042  2  2  2  2  2  2  0.954053  0  0.299637  
0.426663  0.463107  0.776847  2  2  2  2  2  2  0.929828  0  0.367995  
4.17213e-17  0.68136  0.731948  2  2  2  2  2  2  0.608761  0.793353  0  
0.767599  0.574004  0.28515  2  2  2  2  2  2  0.263774  0.880536  0.393802  
5.54362e-17  0.905341  0.424685  2  2  2  2  2  2  0.647559  0.316632  0.693118  
3.67998e-17  0.600987  0.799259  2  2  2  2  2  2  0.310855  0.950457  0  
0.480458  0.877018  1.35966e-14  2  2  2  2  2  2  3.93809e-17  0.643139  0.76575  
0.367481  0.783033  0.501814  2  2  2  2  2  2  0.784734  0.550348  0.28515  
0.581101  0.813831  3.78395e-77  2  2  2  2  2  2  3.37464e-17  0.551121  0.834425  
0.295127  0.311354  0.903304  2  2  2  2  2  2  0.872466  0  0.488675  
0.98277  1.03704e-08  0.184834  2  2  2  2  2  2  0.540334  0.659255  0.522898  
0.548173  0.362812  0.753574  2  2  2  2  2  2  6.12323e-17  1  0  
1.78594e-17  0.291666  0.95652  2  2  2  2  2  2  0.308004  0.826963  0.470389  
0.681478  0.364069  0.634856  2  2  2  2  2  2  0.44788  0.894094  0  
0.632184  0.312035  0.709209  2  2  2  2  2  2  0.350489  0.770411  0.532564  
0.8585  0  0.512814  2  2  2  2  2  2  0.369587  0  0.929196  
0.71297  0.701194  0  2  2  2  2  2  2  0.849872  0.288818  0.440797  
0.560616  0.768385  0.308697  2  2  2  2  2  2  6.12323e-17  0  1  
0.334999  0.421624  0.84262  2  2  2  2  2  2  5.52443e-17  0.902209  0.4313  
0.97375  0.227621  0  2  2  2  2  2  2  0.634838  0.615851  0.466593  
5.97663e-17  0.976057  0.217515  2  2  2  2  2  2  0.981902  0.189391  0  
0.608563  1.07778e-54  0.793505  2  2  2  2  2  2  5.70735e-17  0.932081  0.36225  
5.02616e-17  0.820835  0.571165  2  2  2  2  2  2  0.695461  0.718564  0  
0.312934  0.840199  0.442874  2  2  2  2  2  2  0.772631  8.14888e-09  0.634856  
0.353065  0.672273  0.650688  2  2  2  2  2  2  0.549446  0.416977  0.724044  
0.650363  0  0.759624  2  2  2  2  2  2  0.808898  0.587948  0  
5.70126e-17  0.931086  0.364799  2  2  2  2  2  2  0.494171  0.733798  0.466193  
0.856734  0.355911  0.373276  2  2  2  2  2  2  0.663173  0.517432  0.5408  
0.34808  0  0.937465  2  2  2  2  2  2  0.436871  0  0.899524  
0.961043  1.01412e-08  0.276398  2  2  2  2  2  2  0.696116  0.365984  0.617639  
0.531828  0.846852  2.69973e-101  2  2  2  2  2  2  0.975827  0  0.218546  
5.84512e-17  0.95458  0.297954  2  2  2  2  2  2  0.872169  0.354237  0.337399  
0.689907  5.72063e-09  0.723898  2  2  2  2  2  2  4.9244e-17  0.804216  0.594337  
3.93422e-17  0.642506  0.76628  2  2  2  2  2  2  0.287465  0.732814  0.616723  
0.694929  0.644486  0.318922  2  2  2  2  2  2  0.573658  0.571406  0.586866  
0.584211  0.455823  0.671508  2  2  2  2  2  2  0.90314  0  0.429346  
0.938647  0  0.344881  2  2  2  2  2  2  0.440945  0.478995  0.759034  
0.277453  0  0.960739  2  2  2  2  2  2  0.489011  0.346877  0.80034  
0.31007  0.742038  0.594337  2  2  2  2  2  2  0.559164  0.766394  0.316189  
0.490043  0.502612  0.712207  2  2  2  2  2  2  0.496369  0  0.868111  
0.656747  0.600995  0.455509  2  2  2  2  2  2  0.22582  0.974169  2.86737e-08  
4.398e-17  0.718249  0.695787  2  2  2  2  2  2  0.653549  0  0.756885  
0.816258  0.301666  0.492666  2  2  2  2  2  2  0.551265  0  0.83433  
0.503831  0.742375  0.441627  2  2  2  2  2  2  0.728793  0.448688  0.517243  
0.466925  0  0.884297  2  2  2  2  2  2  0.611116  0.461953  0.642758  
0.762224  0  0.647313  2  2  2  2  2  2  0.461928  0.620945  0.633285  
0.887218  0  0.461351  2  2  2  2  2  2  0.423754  0.697798  0.577504  
2.17247e-17  0.35479  0.934946  2  2  2  2  2  2  0.654574  0.755998  0  
2.84014e-17  0.46383  0.885924  2  2  2  2  2  2  0.349769  0.440214  0.826966  
0.425102  0.905146  7.14323e-144  2  2  2  2  2  2  0.604183  0  0.796846  
0.737443  0.535828  0.411177  2  2  2  2  2  2  0.29667  0.913717  0.277683  
0.829923  0.557879  0  2  2  2  2  2  2  5.86198e-17  0.957333  0.288986  
0.305734  0.530442  0.79067  2  2  2  2  2  2  0.579345  0.285817  0.763326  
0.485127  0.322501  0.812801  2  2  2  2  2  2  0.904373  0.426744  0  
3.41134e-17  0.557114  0.830436  2  2  2  2  2  2  0.829846  0.457869  0.318922  
0.41032  0  0.911941  2  2  2  2  2  2  3.06429e-17  0.500437  0.865773  
0.922202  0.386708  0  2  2  2  2  2  2  4.19604e-17  0.685266  0.728293  
0.404494  0.289986  0.867348  2  2  2  2  2  2  0.196266  0  0.980551  
0.752525  0.658563  0  2  2  2  2  2  2  0.280963  0.28148  0.917512  
4.61851e-17  0.754261  0.656575  2  2  2  2  2  2  2.3227e-17  0.379326  0.925263  
0.358589  0.933496  8.30092e-106  2  2  2  2  2  2  1.88472e-17  0.307798  0.951452  
0.61673  0.699938  0.360181  2  2  2  2  2  2  0.558962  0.829193  0  
0.323296  0.607387  0.725645  2  2  2  2  2  2  0.79943  0.367975  0.474875  
0.559714  0.664842  0.494676  2  2  2  2  2  2  0.363969  0.586764  0.72335  
5.20906e-17  0.850704  0.525645  2  2  2  2  2  2  0.734083  0.67906  0  
0.709775  0.46796  0.526529  2  2  2  2  2  2  0.736176  0  0.67679  
0.632755  0.498718  0.592369  2  2  2  2  2  2  0.304326  0.53513  0.788049  
0.503255  0.614912  0.607139  2  2  2  2  2  2  0.505573  0.862784  0  
0.892897  0.45026  0  2  2  2  2  2  2  2.71369e-17  0.44318  0.896433  
0.460673  0.813135  0.355797  2  2  2  2  2  2  0.601978  0.702757  0.37915  
0.445775  0.580214  0.681642  2  2  2  2  2  2  5.13105e-17  0.837965  0.545724  
6.12323e-17  1  0  2  2  2  2  2  2  0.757057  0.499134  0.42158  
6.12323e-17  0  1  2  2  2  2  2  2  0.839381  0  0.543544  
0.748299  0.331016  0.574872  2  2  2  2  2  2  0.293493  0  0.955961  
1  0  0  2  2  2  2  2  2  0.875658  0.482932  0  
0.828019  0  0.5607  2  2  2  2  2  2  4.68971e-17  0.765887  0.642975  
0.949033  0.315177  0  2  2  2  2  2  2  0.3011  0.371443  0.878276  
0.903967  0.302324  0.302397  2  2  2  2  2  2  0.490655  0.822489  0.287697  
0.78424  0.422093  0.454758  2  2  2  2  2  2  0.959074  0.283155  0  
0.913967  0  0.40579  2  2  2  2  2  2  0.696069  0  0.717975  
0.795586  0  0.60584  2  2  2  2  2  2  4.43984e-17  0.725081  0.688664  
0.283196  0.959062  0  2  2  2  2  2  2  1.37207e-17  0.224076  0.974572  
0.565276  1.35281e-127  0.824902  2  2  2  2  2  2  0.677505  0.664301  0.315739  
0.727804  0  0.685785  2  2  2  2  2  2  0.422255  0.301075  0.855017  
0.18551  2.94801e-10  0.982642  2  2  2  2  2  2  5.32467e-17  0.869584  0.493785  
0.59951  0.576894  0.55478  2  2  2  2  2  2  0.915362  0.289599  0.279723  
0.519208  0  0.854648  2  2  2  2  2  2  6.0078e-17  0.981147  0.193261  
0.820663  0.474132  0.318922  2  2  2  2  2  2  0.504307  0.53013  0.681642  
4.82793e-17  0.78846  0.615085  2  2  2  2  2  2  0.383183  0.923673  0  
0.671247  0.741233  0  2  2  2  2  2  2  0.31875  0.662911  0.677457  
0.447131  0.703073  0.552958  2  2  2  2  2  2  0.717058  0.589218  0.372357  
0.293582  0.9133  0.2823  2  2  2  2  2  2  0.770581  0.637341  0  
0.627531  0.778592  1.69091e-112  2  2  2  2  2  2  1  0  0  
0.189388  0.981902  0  2  2  2  2  2  2  0.84471  0.535224  0  
0.862578  0.505924  0  2  2  2  2  2  2  0.438529  0.796803  0.415689  
3.12723e-17  0.510715  0.85975  2  2  2  2  2  2  3.66439e-17  0.59844  0.801168  
0.792561  0.609792  0  2  2  2  2  2  2  0.393256  0.860808  0.323046  
2.52076e-17  0.411671  0.911333  2  2  2  2  2  2  0.806975  0  0.590585  
1.30377e-17  0.212922  0.977069  2  2  2  2  2  2  0.933097  0.359625  0  
0.380682  0.867558  0.320037  2  2  2  2  2  2  0.761953  0.309192  0.569059  
5.38197e-17  0.878942  0.476929  2  2  2  2  2  2  0.954003  0  0.299797  
0.426663  0.463107  0.776847  2  2  2  2  2  2  0.929795  0  0.368077  
4.17258e-17  0.681434  0.73188  2  2  2  2  2  2  0.608695  0.793404  0  
0.767599  0.574004  0.28515  2  2  2  2  2  2  0.263774  0.880536  0.393802  
5.54362e-17  0.905341  0.424685  2  2  2  2  2  2  0.647592  0.316648  0.693079  
3.6807e-17  0.601104  0.799171  2  2  2  2  2  2  0.310789  0.950479  0  
0.480521  0.876983  0  2  2  2  2  2  2  3.93749e-17  0.643041  0.765832  
0.367481  0.783033  0.501814  2  2  2  2  2  2  0.784645  0.550473  0.28515  
0.581171  0.813781  0  2  2  2  2  2  2  3.37428e-17  0.551061  0.834465  
0.294982  0.31151  0.903298  2  2  2  2  2  2  0.872466  0  0.488675  
0.98277  1.03704e-08  0.184834  2  2  2  2  2  2  0.540334  0.659255  0.522898  
0.549944  0.362694  0.75234  2  2  2  2  2  2  6.12323e-17  1  0  
1.78594e-17  0.291666  0.95652  2  2  2  2  2  2  0.308004  0.826963  0.470389  
0.683544  0.36293  0.633285  2  2  2  2  2  2  0.447801  0.894133  0  
0.633887  0.312725  0.707383  2  2  2  2  2  2  0.350325  0.770486  0.532564  
0.858539  0  0.512748  2  2  2  2  2  2  0.369587  0  0.929196  
0.713084  0.701079  0  2  2  2  2  2  2  0.849793  0.28905  0.440797  
0.56069  0.768668  0.307857  2  2  2  2  2  2  6.12323e-17  0  1  
0.334999  0.421624  0.84262  2  2  2  2  2  2  5.52443e-17  0.902209  0.4313  
0.973792  0.227442  1.66356e-148  2  2  2  2  2  2  0.634767  0.615986  0.46651  
5.97663e-17  0.976057  0.217515  2  2  2  2  2  2  0.981902  0.189391  0  
0.608643  3.72907e-150  0.793444  2  2  2  2  2  2  5.70735e-17  0.932081  0.36225  
5.02616e-17  0.820835  0.571165  2  2  2  2  2  2  0.695434  0.71859  0  
0.312934  0.840199  0.442874  2  2  2  2  2  2  0.772548  0  0.634956  
0.353065  0.672273  0.650688  2  2  2  2  2  2  0.549614  0.416886  0.723969  
0.650531  0  0.75948  2  2  2  2  2  2  0.808864  0.587995  0  
5.70126e-17  0.931086  0.364799  2  2  2  2  2  2  0.494  0.733913  0.466193  
0.856734  0.355911  0.373276  2  2  2  2  2  2  0.663003  0.517747  0.540708  
0.347903  0  0.937531  2  2  2  2  2  2  0.436871  0  0.899524  
0.961043  1.01412e-08  0.276398  2  2  2  2  2  2  0.696221  0.366039  0.617489  
0.531874  0.846823  0  2  2  2  2  2  2  0.975827  0  0.218546  
5.84512e-17  0.95458  0.297954  2  2  2  2  2  2  0.872003  0.354645  0.337399  
0.69014  0  0.723676  2  2  2  2  2  2  4.9244e-17  0.804216  0.594337  
3.93493e-17  0.642624  0.766182  2  2  2  2  2  2  0.287465  0.732814  0.616723  
0.694929  0.644486  0.318922  2  2  2  2  2  2  0.573658  0.571406  0.586866  
0.585618  0.457316  0.669263  2  2  2  2  2  2  0.903169  0  0.429285  
0.938647  0  0.344881  2  2  2  2  2  2  0.440916  0.479021  0.759034  
0.277318  0  0.960778  2  2  2  2  2  2  0.489221  0.347027  0.800147  
0.31007  0.742038  0.594337  2  2  2  2  2  2  0.559078  0.766457  0.316189  
0.490043  0.502612  0.712207  2  2  2  2  2  2  0.496369  0  0.868111  
0.657807  0.601084  0.453859  2  2  2  2  2  2  0.22581  0.974171  0  
4.39808e-17  0.718261  0.695774  2  2  2  2  2  2  0.653549  0  0.756885  
0.816258  0.301666  0.492666  2  2  2  2  2  2  0.551265  0  0.83433  
0.503831  0.742375  0.441627  2  2  2  2  2  2  0.728678  0.448999  0.517135  
0.466751  4.92279e-09  0.884389  2  2  2  2  2  2  0.611192  0.461852  0.642758  
0.762546  4.49938e-08  0.646934  2  2  2  2  2  2  0.461977  0.620909  0.633285  
0.887238  0  0.461311  2  2  2  2  2  2  0.423754  0.697798  0.577504  
2.17247e-17  0.35479  0.934946  2  2  2  2  2  2  0.654528  0.756038  0  
2.84059e-17  0.463903  0.885886  2  2  2  2  2  2  0.35004  0.440055  0.826936  
0.425152  0.905122  0  2  2  2  2  2  2  0.604183  0  0.796846  
0.737443  0.535828  0.411177  2  2  2  2  2  2  0.296532  0.913762  0.277683  
0.830005  0.557756  6.51104e-139  2  2  2  2  2  2  5.86221e-17  0.957372  0.288858  
0.305734  0.530442  0.79067  2  2  2  2  2  2  0.579345  0.285817  0.763326  
0.485127  0.322501  0.812801  2  2  2  2  2  2  0.904253  0.426997  0  
3.41183e-17  0.557194  0.830382  2  2  2  2  2  2  0.829699  0.458137  0.318922  
0.4101  0  0.91204  2  2  2  2  2  2  3.06429e-17  0.500437  0.865773  
0.922318  0.386431  0  2  2  2  2  2  2  4.1958e-17  0.685225  0.728331  
0.404494  0.289986  0.867348  2  2  2  2  2  2  0.196266  0  0.980551  
0.752617  0.658458  0  2  2  2  2  2  2  0.280963  0.28148  0.917512  
4.61861e-17  0.754276  0.656558  2  2  2  2  2  2  2.3227e-17  0.379326  0.925263  
0.358589  0.933496  8.30092e-106  2  2  2  2  2  2  1.88472e-17  0.307798  0.951452  
0.61673  0.699938  0.360181  2  2  2  2  2  2  0.55894  0.829208  0  
0.324092  0.607479  0.725213  2  2  2  2  2  2  0.79943  0.367975  0.474875  
0.561269  0.664194  0.493785  2  2  2  2  2  2  0.364091  0.586688  0.72335  
5.20923e-17  0.850732  0.5256  2  2  2  2  2  2  0.734083  0.67906  0  
0.711202  0.468901  0.523759  2  2  2  2  2  2  0.736176  0  0.67679  
0.636989  0.497555  0.588799  2  2  2  2  2  2  0.30453  0.535014  0.788049  
0.504137  0.615091  0.606225  2  2  2  2  2  2  0.505544  0.862801  0  
0.892999  0.450058  5.18177e-74  2  2  2  2  2  2  2.71369e-17  0.44318  0.896433  
0.460673  0.813135  0.355797  2  2  2  2  2  2  0.601678  0.702899  0.379364  
0.446173  0.579908  0.681642  2  2  2  2  2  2  5.13105e-17  0.837965  0.545724  
6.12323e-17  1  0  2  2  2  2  2  2  0.756987  0.49924  0.42158  
6.12323e-17  0  1  2  2  2  2  2  2  0.839381  0  0.543544  
0.750651  0.328753  0.5731  2  2  2  2  2  2  0.293493  0  0.955961  
1  0  0  2  2  2  2  2  2  0.875553  0.483121  0  
