2.34987  3.25443  3.78544  5.46001  1.79769e+308  1.79769e+308  2.34987  3.25443  
1.70763  4.03635  3.78544  5.46001  1.79769e+308  1.79769e+308  1.70763  4.03635  
2.43183  2.98687  3.78544  5.46001  1.79769e+308  1.79769e+308  2.43183  2.98687  
1.76813  3.74304  3.78544  5.46001  1.79769e+308  1.79769e+308  1.76813  3.74304  
1.46534  4.20224  3.78544  5.46001  1.79769e+308  1.79769e+308  1.46534  4.20224  
2.25575  3.31168  3.78544  5.46001  1.79769e+308  1.79769e+308  2.25575  3.31168  
1.52139  4.1467  3.78544  5.46001  1.79769e+308  1.79769e+308  1.52139  4.1467  
1.85792  3.25303  3.78544  5.46001  1.79769e+308  1.79769e+308  1.85792  3.25303  
1.75109  3.78845  3.78544  5.46001  1.79769e+308  1.79769e+308  1.75109  3.78845  
2.40052  3.3958  3.78544  5.46001  1.79769e+308  1.79769e+308  2.40052  3.3958  
2.02398  4.06872  3.78544  5.46001  1.79769e+308  1.79769e+308  2.02398  4.06872  
1.97435  3.73623  3.78544  5.46001  1.79769e+308  1.79769e+308  1.97435  3.73623  
2.49331  2.41427  3.78544  5.46001  1.79769e+308  1.79769e+308  2.49331  2.41427  
2.12947  2.80748  3.78544  5.46001  1.79769e+308  1.79769e+308  2.12947  2.80748  
2.5464  2.96388  3.78544  5.46001  1.79769e+308  1.79769e+308  2.5464  2.96388  
1.4913  3.87046  3.78544  5.46001  1.79769e+308  1.79769e+308  1.4913  3.87046  
2.10524  3.51652  3.78544  5.46001  1.79769e+308  1.79769e+308  2.10524  3.51652  
1.704  3.79401  3.78544  5.46001  1.79769e+308  1.79769e+308  1.704  3.79401  
1.62353  3.6941  3.78544  5.46001  1.79769e+308  1.79769e+308  1.62353  3.6941  
2.10573  3.39283  3.78544  5.46001  1.79769e+308  1.79769e+308  2.10573  3.39283  
1.98075  3.78923  3.78544  5.46001  1.79769e+308  1.79769e+308  1.98075  3.78923  
2.54147  2.71421  3.78544  5.46001  1.79769e+308  1.79769e+308  2.54147  2.71421  
1.81074  3.99578  3.78544  5.46001  1.79769e+308  1.79769e+308  1.81074  3.99578  
1.88182  3.26991  3.78544  5.46001  1.79769e+308  1.79769e+308  1.88182  3.26991  
1.65617  3.55142  3.78544  5.46001  1.79769e+308  1.79769e+308  1.65617  3.55142  
1.66332  3.72155  3.78544  5.46001  1.79769e+308  1.79769e+308  1.66332  3.72155  
1.98949  3.71914  3.78544  5.46001  1.79769e+308  1.79769e+308  1.98949  3.71914  
1.6849  3.6989  3.78544  5.46001  1.79769e+308  1.79769e+308  1.6849  3.6989  
2.21867  2.73785  3.78544  5.46001  1.79769e+308  1.79769e+308  2.21867  2.73785  
1.6013  3.91939  3.78544  5.46001  1.79769e+308  1.79769e+308  1.6013  3.91939  
2.34998  3.07622  3.78544  5.46001  1.79769e+308  1.79769e+308  2.34998  3.07622  
2.50742  2.94865  3.78544  5.46001  1.79769e+308  1.79769e+308  2.50742  2.94865  
2.29494  3.55489  3.78544  5.46001  1.79769e+308  1.79769e+308  2.29494  3.55489  
2.3875  2.83719  3.78544  5.46001  1.79769e+308  1.79769e+308  2.3875  2.83719  
2.76125  2.11343  3.78544  5.46001  1.79769e+308  1.79769e+308  2.76125  2.11343  
2.45873  3.02953  3.78544  5.46001  1.79769e+308  1.79769e+308  2.45873  3.02953  
2.46817  3.09517  3.78544  5.46001  1.79769e+308  1.79769e+308  2.46817  3.09517  
1.8751  3.13949  3.78544  5.46001  1.79769e+308  1.79769e+308  1.8751  3.13949  
2.29778  3.03991  3.78544  5.46001  1.79769e+308  1.79769e+308  2.29778  3.03991  
1.34127  4.06284  3.78544  5.46001  1.79769e+308  1.79769e+308  1.34127  4.06284  
2.36619  3.17971  3.78544  5.46001  1.79769e+308  1.79769e+308  2.36619  3.17971  
2.1691  3.67803  3.78544  5.46001  1.79769e+308  1.79769e+308  2.1691  3.67803  
2.57135  2.94941  3.78544  5.46001  1.79769e+308  1.79769e+308  2.57135  2.94941  
2.78544  2.3252  3.78544  5.46001  1.79769e+308  1.79769e+308  2.78544  2.3252  
2.4463  3.27533  3.78544  5.46001  1.79769e+308  1.79769e+308  2.4463  3.27533  
2.5614  2.84918  3.78544  5.46001  1.79769e+308  1.79769e+308  2.5614  2.84918  
2.34133  3.17183  3.78544  5.46001  1.79769e+308  1.79769e+308  2.34133  3.17183  
2.31448  3.23752  3.78544  5.46001  1.79769e+308  1.79769e+308  2.31448  3.23752  
2.69404  2.35302  3.78544  5.46001  1.79769e+308  1.79769e+308  2.69404  2.35302  
2.56154  3.01477  3.78544  5.46001  1.79769e+308  1.79769e+308  2.56154  3.01477  
2.18872  3.30358  3.78544  5.46001  1.79769e+308  1.79769e+308  2.18872  3.30358  
1.88373  3.97217  3.78544  5.46001  1.79769e+308  1.79769e+308  1.88373  3.97217  
1.68897  4.00383  3.78544  5.46001  1.79769e+308  1.79769e+308  1.68897  4.00383  
1.74686  3.69555  3.78544  5.46001  1.79769e+308  1.79769e+308  1.74686  3.69555  
2.08511  3.26139  3.78544  5.46001  1.79769e+308  1.79769e+308  2.08511  3.26139  
1.81943  3.69051  3.78544  5.46001  1.79769e+308  1.79769e+308  1.81943  3.69051  
2.26218  3.15597  3.78544  5.46001  1.79769e+308  1.79769e+308  2.26218  3.15597  
1.94531  3.41991  3.78544  5.46001  1.79769e+308  1.79769e+308  1.94531  3.41991  
0.890596  4.46001  3.78544  5.46001  1.79769e+308  1.79769e+308  0.890596  4.46001  
1.39127  4.24499  3.78544  5.46001  1.79769e+308  1.79769e+308  1.39127  4.24499  
2.41983  2.98756  3.78544  5.46001  1.79769e+308  1.79769e+308  2.41983  2.98756  
1.59956  3.87436  3.78544  5.46001  1.79769e+308  1.79769e+308  1.59956  3.87436  
2.3336  2.99932  3.78544  5.46001  1.79769e+308  1.79769e+308  2.3336  2.99932  
1.8264  3.96677  3.78544  5.46001  1.79769e+308  1.79769e+308  1.8264  3.96677  
2.31366  2.80295  3.78544  5.46001  1.79769e+308  1.79769e+308  2.31366  2.80295  
2.34029  3.39907  3.78544  5.46001  1.79769e+308  1.79769e+308  2.34029  3.39907  
2.29592  2.75833  3.78544  5.46001  1.79769e+308  1.79769e+308  2.29592  2.75833  
2.75716  2.31449  3.78544  5.46001  1.79769e+308  1.79769e+308  2.75716  2.31449  
1.93676  3.80648  3.78544  5.46001  1.79769e+308  1.79769e+308  1.93676  3.80648  
1.82651  3.66042  3.78544  5.46001  1.79769e+308  1.79769e+308  1.82651  3.66042  
2.5605  2.79437  3.78544  5.46001  1.79769e+308  1.79769e+308  2.5605  2.79437  
2.34622  2.70225  3.78544  5.46001  1.79769e+308  1.79769e+308  2.34622  2.70225  
2.26327  2.65912  3.78544  5.46001  1.79769e+308  1.79769e+308  2.26327  2.65912  
2.19205  3.64662  3.78544  5.46001  1.79769e+308  1.79769e+308  2.19205  3.64662  
2.44437  3.13716  3.78544  5.46001  1.79769e+308  1.79769e+308  2.44437  3.13716  
1.79092  3.51415  3.78544  5.46001  1.79769e+308  1.79769e+308  1.79092  3.51415  
2.43974  2.83965  3.78544  5.46001  1.79769e+308  1.79769e+308  2.43974  2.83965  
1.81461  4.19298  3.78544  5.46001  1.79769e+308  1.79769e+308  1.81461  4.19298  
2.29293  3.61219  3.78544  5.46001  1.79769e+308  1.79769e+308  2.29293  3.61219  
2.14009  3.20567  3.78544  5.46001  1.79769e+308  1.79769e+308  2.14009  3.20567  
1.58697  3.88644  3.78544  5.46001  1.79769e+308  1.79769e+308  1.58697  3.88644  
2.41183  3.10971  3.78544  5.46001  1.79769e+308  1.79769e+308  2.41183  3.10971  
2.02141  3.37445  3.78544  5.46001  1.79769e+308  1.79769e+308  2.02141  3.37445  
2.68358  2.43071  3.78544  5.46001  1.79769e+308  1.79769e+308  2.68358  2.43071  
2.17829  3.09926  3.78544  5.46001  1.79769e+308  1.79769e+308  2.17829  3.09926  
2.37083  3.41954  3.78544  5.46001  1.79769e+308  1.79769e+308  2.37083  3.41954  
2.0862  3.36777  3.78544  5.46001  1.79769e+308  1.79769e+308  2.0862  3.36777  
1.48567  4.10536  3.78544  5.46001  1.79769e+308  1.79769e+308  1.48567  4.10536  
2.6371  2.35081  3.78544  5.46001  1.79769e+308  1.79769e+308  2.6371  2.35081  
2.04853  3.51968  3.78544  5.46001  1.79769e+308  1.79769e+308  2.04853  3.51968  
1.4036  3.88477  3.78544  5.46001  1.79769e+308  1.79769e+308  1.4036  3.88477  
2.20759  3.48118  3.78544  5.46001  1.79769e+308  1.79769e+308  2.20759  3.48118  
1.8601  3.72541  3.78544  5.46001  1.79769e+308  1.79769e+308  1.8601  3.72541  
1.65663  4.0985  3.78544  5.46001  1.79769e+308  1.79769e+308  1.65663  4.0985  
2.30854  2.79169  3.78544  5.46001  1.79769e+308  1.79769e+308  2.30854  2.79169  
1.81283  3.30915  3.78544  5.46001  1.79769e+308  1.79769e+308  1.81283  3.30915  
0.962812  4.26203  3.78544  5.46001  1.79769e+308  1.79769e+308  0.962812  4.26203  
2.33008  3.08688  3.78544  5.46001  1.79769e+308  1.79769e+308  2.33008  3.08688  
2.28074  3.39154  3.78544  5.46001  1.79769e+308  1.79769e+308  2.28074  3.39154  
1.78275  3.35647  3.78544  5.46001  1.79769e+308  1.79769e+308  1.78275  3.35647  
1.50076  2.89085  3.5854  5.61934  3.1535  5.18364  1.6507  2.82148  
0.183641  4.18364  3.5854  5.61934  3.1535  5.18364  2.20047  0.20047  
1.56181  2.75344  3.5854  5.61934  3.1535  5.18364  1.13702  3.5708  
1.5933  2.70188  3.5854  5.61934  3.1535  5.18364  1.0227  4.08601  
1.93133  2.03601  3.5854  5.61934  3.1535  5.18364  1.65726  3.24233  
1.37533  2.98323  3.5854  5.61934  3.1535  5.18364  1.53084  3.165  
1.2787  3.08442  3.5854  5.61934  3.1535  5.18364  0.856623  3.8052  
2.01731  1.59583  3.5854  5.61934  3.1535  5.18364  2.20479  1.17824  
1.95628  1.88387  3.5854  5.61934  3.1535  5.18364  1.0328  4.39148  
1.83032  2.28274  3.5854  5.61934  3.1535  5.18364  2.05573  1.98346  
0.99214  3.57714  3.5854  5.61934  3.1535  5.18364  1.73593  2.92977  
2.10624  1.08857  3.5854  5.61934  3.1535  5.18364  0.183641  4.18364  
2.08544  1.25015  3.5854  5.61934  3.1535  5.18364  2.06147  1.68519  
0.697281  3.91374  3.5854  5.61934  3.1535  5.18364  1.97694  2.04788  
1.93937  1.97313  3.5854  5.61934  3.1535  5.18364  0.817482  4.43852  
1.77287  2.37308  3.5854  5.61934  3.1535  5.18364  1.99852  2.20967  
1.74595  2.40424  3.5854  5.61934  3.1535  5.18364  1.49816  3.53188  
1.96482  1.84438  3.5854  5.61934  3.1535  5.18364  1.64053  3.645  
1.24794  3.16367  3.5854  5.61934  3.1535  5.18364  1.95448  3.09073  
0.437331  4.09097  3.5854  5.61934  3.1535  5.18364  1.83664  2.63459  
1.68643  2.6017  3.5854  5.61934  3.1535  5.18364  1.35649  3.6692  
0.939938  3.63924  3.5854  5.61934  3.1535  5.18364  1.97444  1.79763  
0.827917  3.85618  3.5854  5.61934  3.1535  5.18364  2.17385  0.847276  
2.1535  0.153498  3.5854  5.61934  3.1535  5.18364  2.21493  0.215139  
0.834822  3.83777  3.5854  5.61934  3.1535  5.18364  0.675637  3.98168  
0.967676  3.60581  3.5854  5.61934  3.1535  5.18364  0.907309  4.34121  
1.8953  2.12001  3.5854  5.61934  3.1535  5.18364  1.41086  3.47622  
1.79869  2.35302  3.5854  5.61934  3.1535  5.18364  1.38013  3.8863  
2.11856  1.04236  3.5854  5.61934  3.1535  5.18364  0.211386  4.21139  
1.72542  2.43421  3.5854  5.61934  3.1535  5.18364  2.28538  1.26961  
1.91718  2.05761  3.5854  5.61934  3.1535  5.18364  0.805858  4.55404  
0.662169  3.92403  3.5854  5.61934  3.1535  5.18364  1.67391  2.62369  
1.11302  3.4618  3.5854  5.61934  3.1535  5.18364  0.578278  4.57828  
1.14212  3.4456  3.5854  5.61934  3.1535  5.18364  1.01359  4.23466  
2.0509  1.43168  3.5854  5.61934  3.1535  5.18364  1.89199  2.51305  
1.90441  2.09971  3.5854  5.61934  3.1535  5.18364  2.28373  0.283733  
1.87485  2.1948  3.5854  5.61934  3.1535  5.18364  1.54039  3.14049  
1.73555  2.41919  3.5854  5.61934  3.1535  5.18364  1.86604  2.62717  
2.07007  1.35542  3.5854  5.61934  3.1535  5.18364  2.02827  1.96989  
1.00217  3.56289  3.5854  5.61934  3.1535  5.18364  2.07447  1.28549  
0.55781  4.03459  3.5854  5.61934  3.1535  5.18364  2.1364  2.23887  
1.34207  3.01331  3.5854  5.61934  3.1535  5.18364  2.03893  1.48463  
1.45532  2.92115  3.5854  5.61934  3.1535  5.18364  2.24401  1.60589  
1.06421  3.48951  3.5854  5.61934  3.1535  5.18364  1.7028  2.84482  
2.11194  1.0648  3.5854  5.61934  3.1535  5.18364  1.51568  3.19389  
1.19338  3.36306  3.5854  5.61934  3.1535  5.18364  0.999495  4.22764  
0.605362  3.98344  3.5854  5.61934  3.1535  5.18364  0.78976  4.05876  
1.43265  2.96983  3.5854  5.61934  3.1535  5.18364  1.92911  2.21353  
1.8866  2.162  3.5854  5.61934  3.1535  5.18364  1.95428  3.64405  
1.86527  2.21419  3.5854  5.61934  3.1535  5.18364  0.752334  4.5935  
0.770767  3.87757  3.5854  5.61934  3.1535  5.18364  1.84714  2.90784  
2.14348  0.976178  3.5854  5.61934  3.1535  5.18364  1.30983  3.47814  
0.951328  3.62094  3.5854  5.61934  3.1535  5.18364  1.56081  3.90124  
1.71146  2.51743  3.5854  5.61934  3.1535  5.18364  1.75075  3.65819  
2.02206  1.56795  3.5854  5.61934  3.1535  5.18364  2.1178  1.34301  
1.94737  1.9143  3.5854  5.61934  3.1535  5.18364  1.61144  3.27837  
1.81875  2.33244  3.5854  5.61934  3.1535  5.18364  2.15747  1.47828  
1.23563  3.20045  3.5854  5.61934  3.1535  5.18364  1.75725  2.7275  
1.99937  1.68158  3.5854  5.61934  3.1535  5.18364  1.83705  3.12823  
0.621436  3.96579  3.5854  5.61934  3.1535  5.18364  2.23619  2.18848  
2.10191  1.11455  3.5854  5.61934  3.1535  5.18364  1.83934  2.68295  
0.916675  3.67606  3.5854  5.61934  3.1535  5.18364  2.13946  1.88172  
1.56727  2.72694  3.5854  5.61934  3.1535  5.18364  1.36236  4.17883  
1.21348  3.33157  3.5854  5.61934  3.1535  5.18364  2.10728  1.08362  
1.29141  3.05793  3.5854  5.61934  3.1535  5.18364  1.13241  3.95499  
0.379826  4.14261  3.5854  5.61934  3.1535  5.18364  1.34029  3.77778  
1.2576  3.13898  3.5854  5.61934  3.1535  5.18364  1.32457  3.38097  
1.22617  3.23052  3.5854  5.61934  3.1535  5.18364  0.89778  4.29432  
2.00651  1.65861  3.5854  5.61934  3.1535  5.18364  1.83624  2.30827  
1.16988  3.4258  3.5854  5.61934  3.1535  5.18364  1.89779  2.11007  
2.03183  1.52886  3.5854  5.61934  3.1535  5.18364  1.86636  2.21023  
0.877853  3.73552  3.5854  5.61934  3.1535  5.18364  2.13447  1.22973  
1.98168  1.76954  3.5854  5.61934  3.1535  5.18364  1.87843  2.38174  
2.03893  1.48463  3.5854  5.61934  3.1535  5.18364  1.55214  2.85147  
1.70502  2.56238  3.5854  5.61934  3.1535  5.18364  2.0052  2.70034  
0.862805  3.78475  3.5854  5.61934  3.1535  5.18364  2.09712  1.47421  
1.71665  2.47884  3.5854  5.61934  3.1535  5.18364  1.66904  2.97543  
0.929032  3.65664  3.5854  5.61934  3.1535  5.18364  2.00134  1.67035  
0.198264  4.16701  3.5854  5.61934  3.1535  5.18364  1.43525  3.20671  
0.849224  3.81674  3.5854  5.61934  3.1535  5.18364  1.27603  4.13166  
1.04032  3.50485  3.5854  5.61934  3.1535  5.18364  2.35126  0.351255  
0.596388  4.00131  3.5854  5.61934  3.1535  5.18364  0.518578  4.46144  
1.08819  3.4773  3.5854  5.61934  3.1535  5.18364  1.72751  2.42829  
1.66772  2.65913  3.5854  5.61934  3.1535  5.18364  1.00352  3.94338  
0.904585  3.69485  3.5854  5.61934  3.1535  5.18364  1.37876  4.1191  
1.32699  3.02473  3.5854  5.61934  3.1535  5.18364  1.58098  3.96452  
0.537089  4.08242  3.5854  5.61934  3.1535  5.18364  1.04032  3.50485  
1.97424  1.7985  3.5854  5.61934  3.1535  5.18364  2.18144  1.29969  
1.9911  1.7343  3.5854  5.61934  3.1535  5.18364  1.10004  3.98375  
2.07447  1.28549  3.5854  5.61934  3.1535  5.18364  1.41519  4.02571  
0.63951  3.94686  3.5854  5.61934  3.1535  5.18364  2.5854  0.590147  
1.3038  3.04617  3.5854  5.61934  3.1535  5.18364  0.670672  4.61934  
1.53589  2.84618  3.5854  5.61934  3.1535  5.18364  1.27227  3.82281  
1.02655  3.52803  3.5854  5.61934  3.1535  5.18364  1.20647  4.26751  
0.891521  3.7147  3.5854  5.61934  3.1535  5.18364  1.93913  2.06095  
1.61844  2.68395  3.5854  5.61934  3.1535  5.18364  2.14711  1.1332  
1.27079  3.10422  3.5854  5.61934  3.1535  5.18364  1.00315  4.48674  
1.85603  2.25145  3.5854  5.61934  3.1535  5.18364  1.48831  3.25416  
2.09476  1.1768  3.5854  5.61934  3.1535  5.18364  2.08631  2.37577  
1.67391  2.62369  3.5854  5.61934  3.1535  5.18364  2.1535  0.153498  
1.50076  2.89085  3.22975  5.54147  3.10109  5.09814  1.87574  1.70069  
0.0981405  4.09814  3.22975  5.54147  3.10109  5.09814  1.52286  3.48317  
1.52891  2.75653  3.22975  5.54147  3.10109  5.09814  1.73537  2.63761  
1.56476  2.68449  3.22975  5.54147  3.10109  5.09814  0.76188  3.96731  
0.692327  3.86634  3.22975  5.54147  3.10109  5.09814  1.53735  2.73367  
1.37533  2.98323  3.22975  5.54147  3.10109  5.09814  1.53411  2.7667  
1.2787  3.08442  3.22975  5.54147  3.10109  5.09814  0.886308  3.77295  
0.902529  3.61643  3.22975  5.54147  3.10109  5.09814  1.06219  3.75643  
1.17306  3.27792  3.22975  5.54147  3.10109  5.09814  1.93629  1.38392  
1.85503  1.78246  3.22975  5.54147  3.10109  5.09814  1.14348  3.58655  
1.79115  2.04368  3.22975  5.54147  3.10109  5.09814  1.70784  2.29963  
0.973084  3.50502  3.22975  5.54147  3.10109  5.09814  2.07712  0.855952  
1.62344  2.52202  3.22975  5.54147  3.10109  5.09814  1.89917  1.58749  
0.491329  4.0212  3.22975  5.54147  3.10109  5.09814  1.3519  3.20002  
1.66924  2.40918  3.22975  5.54147  3.10109  5.09814  1.58788  2.79845  
1.97366  1.23869  3.22975  5.54147  3.10109  5.09814  1.47242  2.95301  
1.51447  2.83139  3.22975  5.54147  3.10109  5.09814  2.10257  0.102569  
0.747069  3.82641  3.22975  5.54147  3.10109  5.09814  1.71289  2.67013  
1.24794  3.16367  3.22975  5.54147  3.10109  5.09814  2.22975  0.249112  
1.96912  1.28159  3.22975  5.54147  3.10109  5.09814  0.892175  3.67952  
1.74907  2.19364  3.22975  5.54147  3.10109  5.09814  0.973084  3.50502  
2.09971  0.248119  3.22975  5.54147  3.10109  5.09814  0.692327  3.86634  
1.15694  3.30771  3.22975  5.54147  3.10109  5.09814  1.3916  3.11069  
2.10109  0.101093  3.22975  5.54147  3.10109  5.09814  1.81995  2.15149  
1.13277  3.35555  3.22975  5.54147  3.10109  5.09814  1.93171  1.73277  
2.06751  0.848961  3.22975  5.54147  3.10109  5.09814  1.62063  2.8733  
1.51889  2.78703  3.22975  5.54147  3.10109  5.09814  1.44719  3.16244  
0.661606  3.90856  3.22975  5.54147  3.10109  5.09814  1.66924  2.40918  
1.58816  2.63829  3.22975  5.54147  3.10109  5.09814  1.52711  2.76784  
0.508653  3.99634  3.22975  5.54147  3.10109  5.09814  2.00711  1.3166  
0.348319  4.04956  3.22975  5.54147  3.10109  5.09814  1.64643  2.47271  
1.90666  1.5667  3.22975  5.54147  3.10109  5.09814  1.62263  2.52594  
1.75805  2.15118  3.22975  5.54147  3.10109  5.09814  1.83682  2.69097  
1.61362  2.57534  3.22975  5.54147  3.10109  5.09814  2.01973  1.23698  
1.82537  1.93893  3.22975  5.54147  3.10109  5.09814  2.04423  1.23912  
1.57034  2.65044  3.22975  5.54147  3.10109  5.09814  1.84011  2.31984  
1.04518  3.47836  3.22975  5.54147  3.10109  5.09814  1.51771  2.79323  
1.6626  2.43296  3.22975  5.54147  3.10109  5.09814  1.96375  1.64395  
2.01927  1.13015  3.22975  5.54147  3.10109  5.09814  2.05836  1.42172  
1.69893  2.35197  3.22975  5.54147  3.10109  5.09814  0.578479  4.03192  
1.766  2.11469  3.22975  5.54147  3.10109  5.09814  1.77359  2.99296  
1.34207  3.01331  3.22975  5.54147  3.10109  5.09814  2.02831  1.18595  
1.45532  2.92115  3.22975  5.54147  3.10109  5.09814  1.73453  2.22796  
1.92358  1.52899  3.22975  5.54147  3.10109  5.09814  1.35219  3.65946  
0.527764  3.97384  3.22975  5.54147  3.10109  5.09814  1.532  3.15837  
1.64643  2.47271  3.22975  5.54147  3.10109  5.09814  1.34853  3.52421  
1.83737  1.89448  3.22975  5.54147  3.10109  5.09814  2.1385  0.801514  
1.43265  2.96983  3.22975  5.54147  3.10109  5.09814  0.542435  3.95938  
2.05948  0.911376  3.22975  5.54147  3.10109  5.09814  0.28652  4.28652  
2.0868  0.636771  3.22975  5.54147  3.10109  5.09814  1.77088  2.3747  
0.677751  3.88847  3.22975  5.54147  3.10109  5.09814  0.602322  4.54147  
1.89813  1.59228  3.22975  5.54147  3.10109  5.09814  0.418548  4.04813  
1.87574  1.70069  3.22975  5.54147  3.10109  5.09814  1.07873  3.67009  
0.847843  3.744  3.22975  5.54147  3.10109  5.09814  1.55037  2.86232  
1.95817  1.33182  3.22975  5.54147  3.10109  5.09814  0.149078  4.14908  
1.98788  1.18017  3.22975  5.54147  3.10109  5.09814  2.10109  0.101093  
2.05263  0.987782  3.22975  5.54147  3.10109  5.09814  1.50725  3.04232  
1.23563  3.20045  3.22975  5.54147  3.10109  5.09814  2.06182  0.888194  
1.53735  2.73367  3.22975  5.54147  3.10109  5.09814  1.97136  1.28742  
0.592348  3.94129  3.22975  5.54147  3.10109  5.09814  1.6075  2.69909  
2.08056  0.67368  3.22975  5.54147  3.10109  5.09814  2.05557  1.07941  
0.922524  3.59635  3.22975  5.54147  3.10109  5.09814  0.0981405  4.09814  
1.86361  1.7497  3.22975  5.54147  3.10109  5.09814  1.46602  3.30404  
0.781628  3.77838  3.22975  5.54147  3.10109  5.09814  0.811655  4.0789  
1.29141  3.05793  3.22975  5.54147  3.10109  5.09814  1.30328  3.64945  
2.07332  0.792482  3.22975  5.54147  3.10109  5.09814  1.37407  3.43106  
1.2576  3.13898  3.22975  5.54147  3.10109  5.09814  1.57034  2.65044  
2.04539  1.06089  3.22975  5.54147  3.10109  5.09814  0.773299  3.78263  
0.763292  3.79548  3.22975  5.54147  3.10109  5.09814  1.79531  2.22564  
1.09537  3.41996  3.22975  5.54147  3.10109  5.09814  1.95258  1.94113  
1.94476  1.36367  3.22975  5.54147  3.10109  5.09814  1.75293  2.18787  
0.865555  3.70117  3.22975  5.54147  3.10109  5.09814  1.91716  2.16744  
1.11985  3.3776  3.22975  5.54147  3.10109  5.09814  1.766  2.11469  
1.07157  3.45755  3.22975  5.54147  3.10109  5.09814  2.04708  1.0502  
1.79608  2.01223  3.22975  5.54147  3.10109  5.09814  0.65835  3.93716  
1.19366  3.24949  3.22975  5.54147  3.10109  5.09814  2.02208  1.84674  
0.809079  3.76583  3.22975  5.54147  3.10109  5.09814  1.40623  3.27163  
0.947158  3.54984  3.22975  5.54147  3.10109  5.09814  0.948073  3.73575  
1.88981  1.63901  3.22975  5.54147  3.10109  5.09814  1.43577  3.0325  
1.92897  1.44346  3.22975  5.54147  3.10109  5.09814  1.79608  2.01223  
0.954629  3.53425  3.22975  5.54147  3.10109  5.09814  1.78603  2.47014  
0.542658  3.95921  3.22975  5.54147  3.10109  5.09814  1.85045  2.07435  
1.84653  1.8205  3.22975  5.54147  3.10109  5.09814  1.6882  2.39553  
1.77753  2.0942  3.22975  5.54147  3.10109  5.09814  2.04334  1.11399  
1.70784  2.29963  3.22975  5.54147  3.10109  5.09814  1.24614  3.48275  
1.32699  3.02473  3.22975  5.54147  3.10109  5.09814  1.9236  1.52887  
0.438096  4.03839  3.22975  5.54147  3.10109  5.09814  1.17306  3.27792  
0.931771  3.57796  3.22975  5.54147  3.10109  5.09814  2.10801  0.108611  
1.72037  2.27216  3.22975  5.54147  3.10109  5.09814  2.08066  0.672614  
1.14479  3.33307  3.22975  5.54147  3.10109  5.09814  1.89071  1.89316  
1.00879  3.48965  3.22975  5.54147  3.10109  5.09814  1.33934  3.37414  
1.3038  3.04617  3.22975  5.54147  3.10109  5.09814  0.839728  3.83186  
1.80944  1.98572  3.22975  5.54147  3.10109  5.09814  1.84712  1.81722  
1.732  2.2209  3.22975  5.54147  3.10109  5.09814  1.82626  1.93544  
0.895727  3.66509  3.22975  5.54147  3.10109  5.09814  1.92207  2.11461  
1.68489  2.3916  3.22975  5.54147  3.10109  5.09814  2.03583  1.13153  
1.27079  3.10422  3.22975  5.54147  3.10109  5.09814  1.68096  2.74363  
1.93569  1.38679  3.22975  5.54147  3.10109  5.09814  0.620376  4.2124  
0.719512  3.84991  3.22975  5.54147  3.10109  5.09814  0.924072  4.18272  
1.10897  3.39871  3.22975  5.54147  3.10109  5.09814  1.97994  2.09623  
2.03939  0.758162  3.17828  5.10568  3.10041  5.09805  1.86975  1.71218  
0.0980472  4.09805  3.17828  5.10568  3.10041  5.09805  0.286343  4.08248  
1.97489  1.15393  3.17828  5.10568  3.10041  5.09805  1.78965  2.02739  
0.717625  3.84108  3.17828  5.10568  3.10041  5.09805  0.391185  4.05658  
0.657062  3.86168  3.17828  5.10568  3.10041  5.09805  0.452505  4.02758  
1.37533  2.98323  3.17828  5.10568  3.10041  5.09805  1.61785  2.35598  
1.2787  3.08442  3.17828  5.10568  3.10041  5.09805  1.82462  1.90116  
0.902529  3.61643  3.17828  5.10568  3.10041  5.09805  1.19642  3.54972  
1.17304  3.27787  3.17828  5.10568  3.10041  5.09805  1.95413  1.31603  
1.85584  1.77463  3.17828  5.10568  3.10041  5.09805  0.555306  3.99294  
1.73991  2.02271  3.17828  5.10568  3.10041  5.09805  1.97117  1.16876  
0.793427  3.68072  3.17828  5.10568  3.10041  5.09805  2.07054  0.792304  
1.56933  2.48231  3.17828  5.10568  3.10041  5.09805  1.90147  1.56727  
0.760414  3.76555  3.17828  5.10568  3.10041  5.09805  1.35137  3.19815  
1.58411  2.46581  3.17828  5.10568  3.10041  5.09805  1.934  1.46689  
1.96941  1.18214  3.17828  5.10568  3.10041  5.09805  1.56933  2.48231  
1.48706  2.73703  3.17828  5.10568  3.10041  5.09805  2.10091  0.100905  
0.737982  3.80221  3.17828  5.10568  3.10041  5.09805  0.809378  3.76693  
1.23472  3.14704  3.17828  5.10568  3.10041  5.09805  1.81177  1.94957  
2.01582  0.839979  3.17828  5.10568  3.10041  5.09805  1.05253  3.61051  
0.804357  3.66556  3.17828  5.10568  3.10041  5.09805  0.97711  3.49037  
1.06435  3.45788  3.17828  5.10568  3.10041  5.09805  0.724457  3.834  
1.15694  3.30771  3.17828  5.10568  3.10041  5.09805  1.13579  3.379  
2.10041  0.100412  3.17828  5.10568  3.10041  5.09805  2.17828  0.252878  
1.13277  3.35555  3.17828  5.10568  3.10041  5.09805  0.918407  3.67081  
0.196043  4.04904  3.17828  5.10568  3.10041  5.09805  0.746687  3.81939  
1.50687  2.645  3.17828  5.10568  3.10041  5.09805  1.47727  2.77008  
0.640865  3.88441  3.17828  5.10568  3.10041  5.09805  1.65955  2.42684  
0.612961  3.90852  3.17828  5.10568  3.10041  5.09805  1.82278  2.04216  
0.482255  4.00381  3.17828  5.10568  3.10041  5.09805  1.9291  1.42924  
1.4755  2.7843  3.17828  5.10568  3.10041  5.09805  1.86968  1.79579  
0.856789  3.64741  3.17828  5.10568  3.10041  5.09805  0.907213  3.65306  
0.598189  3.92965  3.17828  5.10568  3.10041  5.09805  1.9002  1.60668  
1.45712  2.89822  3.17828  5.10568  3.10041  5.09805  2.00868  1.30639  
1.75771  1.99254  3.17828  5.10568  3.10041  5.09805  2.02675  1.18291  
1.91914  1.47951  3.17828  5.10568  3.10041  5.09805  1.71162  2.3584  
1.8246  1.85362  3.17828  5.10568  3.10041  5.09805  1.50478  2.84937  
1.22047  3.17565  3.17828  5.10568  3.10041  5.09805  1.79705  2.00122  
2.00788  0.874414  3.17828  5.10568  3.10041  5.09805  0.801939  3.66664  
1.64828  2.32135  3.17828  5.10568  3.10041  5.09805  0.577837  3.94749  
1.00906  3.47364  3.17828  5.10568  3.10041  5.09805  1.50687  2.645  
1.34207  3.01331  3.17828  5.10568  3.10041  5.09805  2.07541  0.733363  
1.42282  2.91109  3.17828  5.10568  3.10041  5.09805  0.232983  4.09349  
1.91352  1.52282  3.17828  5.10568  3.10041  5.09805  0.796566  3.77285  
0.500982  3.98295  3.17828  5.10568  3.10041  5.09805  0.442989  4.04136  
1.49976  2.70503  3.17828  5.10568  3.10041  5.09805  0.657062  3.86168  
1.81804  1.8852  3.17828  5.10568  3.10041  5.09805  1.91848  1.48297  
1.3991  2.9478  3.17828  5.10568  3.10041  5.09805  0.509005  3.97562  
1.60223  2.43331  3.17828  5.10568  3.10041  5.09805  1.42792  3.08088  
2.08816  0.542318  3.17828  5.10568  3.10041  5.09805  0.48507  4.01599  
1.18974  3.244  3.17828  5.10568  3.10041  5.09805  1.6901  2.34151  
1.90027  1.57075  3.17828  5.10568  3.10041  5.09805  0.417514  4.04778  
1.87335  1.69856  3.17828  5.10568  3.10041  5.09805  0.761876  3.80358  
1.61183  2.38595  3.17828  5.10568  3.10041  5.09805  1.88927  1.63069  
1.95957  1.26764  3.17828  5.10568  3.10041  5.09805  0.359907  4.06293  
1.99351  1.03395  3.17828  5.10568  3.10041  5.09805  2.10041  0.100412  
2.00281  0.962852  3.17828  5.10568  3.10041  5.09805  1.80473  1.97228  
1.20816  3.20625  3.17828  5.10568  3.10041  5.09805  2.06539  0.845621  
1.56199  2.52809  3.17828  5.10568  3.10041  5.09805  2.00847  0.869744  
0.556771  3.95388  3.17828  5.10568  3.10041  5.09805  1.51165  2.80638  
1.72097  2.05198  3.17828  5.10568  3.10041  5.09805  2.06568  0.873261  
1.55447  2.58265  3.17828  5.10568  3.10041  5.09805  0.0980472  4.09805  
1.86622  1.72968  3.17828  5.10568  3.10041  5.09805  1.85512  1.77784  
0.777292  3.70804  3.17828  5.10568  3.10041  5.09805  1.89531  1.61084  
1.29141  3.05793  3.17828  5.10568  3.10041  5.09805  1.983  1.36097  
2.02925  0.793531  3.17828  5.10568  3.10041  5.09805  0.105676  4.10568  
2.06594  0.652082  3.17828  5.10568  3.10041  5.09805  1.62379  2.61282  
1.52448  2.62982  3.17828  5.10568  3.10041  5.09805  0.775151  3.77956  
0.767307  3.74111  3.17828  5.10568  3.10041  5.09805  0.612961  3.90852  
1.09537  3.41996  3.17828  5.10568  3.10041  5.09805  1.88165  1.65989  
1.94938  1.33405  3.17828  5.10568  3.10041  5.09805  1.39944  2.94627  
2.07689  0.624692  3.17828  5.10568  3.10041  5.09805  1.75906  2.13822  
1.11985  3.3776  3.17828  5.10568  3.10041  5.09805  1.78267  2.05065  
1.0844  3.43627  3.17828  5.10568  3.10041  5.09805  2.04735  1.02246  
1.71078  2.08166  3.17828  5.10568  3.10041  5.09805  1.52455  2.75373  
1.61785  2.35598  3.17828  5.10568  3.10041  5.09805  0.259722  4.08642  
1.25161  3.13125  3.17828  5.10568  3.10041  5.09805  1.7134  2.06652  
0.947475  3.54634  3.17828  5.10568  3.10041  5.09805  1.58426  2.64017  
1.88176  1.65935  3.17828  5.10568  3.10041  5.09805  1.83043  1.89556  
1.92855  1.43248  3.17828  5.10568  3.10041  5.09805  0.211937  4.03885  
0.961318  3.51851  3.17828  5.10568  3.10041  5.09805  1.46878  3.00039  
0.519468  3.97031  3.17828  5.10568  3.10041  5.09805  0.939996  3.62716  
1.84515  1.81622  3.17828  5.10568  3.10041  5.09805  1.69917  2.31518  
1.8903  1.62754  3.17828  5.10568  3.10041  5.09805  2.06731  0.826161  
0.211937  4.03885  3.17828  5.10568  3.10041  5.09805  1.55709  2.68225  
1.32699  3.02473  3.17828  5.10568  3.10041  5.09805  0.45096  4.03866  
0.286603  4.02589  3.17828  5.10568  3.10041  5.09805  1.23488  3.14677  
0.931771  3.57796  3.17828  5.10568  3.10041  5.09805  1.86204  1.75588  
1.78724  1.93302  3.17828  5.10568  3.10041  5.09805  2.08067  0.661483  
1.14479  3.33307  3.17828  5.10568  3.10041  5.09805  1.9411  1.38367  
0.97711  3.49037  3.17828  5.10568  3.10041  5.09805  2.08816  0.542318  
1.3038  3.04617  3.17828  5.10568  3.10041  5.09805  0.753921  3.82958  
1.98764  1.08918  3.17828  5.10568  3.10041  5.09805  1.84515  1.81622  
1.70147  2.14671  3.17828  5.10568  3.10041  5.09805  1.81781  1.92409  
0.173691  4.07084  3.17828  5.10568  3.10041  5.09805  0.851826  3.71896  
1.40665  2.92899  3.17828  5.10568  3.10041  5.09805  0.673918  3.89587  
1.69112  2.20231  3.17828  5.10568  3.10041  5.09805  1.54837  2.70461  
1.93596  1.38386  3.17828  5.10568  3.10041  5.09805  1.73311  2.30511  
1.63476  2.33449  3.17828  5.10568  3.10041  5.09805  0.326618  4.07141  
1.66696  2.29943  3.17828  5.10568  3.10041  5.09805  1.83323  1.86719  
1.79251  1.82452  3.10031  5.10063  3.05099  5.09802  1.86353  1.73904  
0.0980211  4.09802  3.10031  5.10063  3.05099  5.09802  1.38383  3.10086  
1.96905  0.997447  3.10031  5.10063  3.05099  5.09802  1.26107  3.25153  
1.76967  1.89203  3.10031  5.10063  3.05099  5.09802  1.95121  1.1404  
0.644785  3.85477  3.10031  5.10063  3.05099  5.09802  0.442469  4.03198  
1.37533  2.98323  3.10031  5.10063  3.05099  5.09802  1.60243  2.41128  
1.2787  3.08442  3.10031  5.10063  3.05099  5.09802  1.82451  1.90004  
0.879987  3.62459  3.10031  5.10063  3.05099  5.09802  1.42131  2.89739  
1.16406  3.26773  3.10031  5.10063  3.05099  5.09802  1.95178  1.29408  
1.85998  1.48156  3.10031  5.10063  3.05099  5.09802  0.714951  3.84569  
1.74247  1.99091  3.10031  5.10063  3.05099  5.09802  1.97447  1.14403  
0.794545  3.67451  3.10031  5.10063  3.05099  5.09802  0.547389  3.94937  
1.56902  2.48203  3.10031  5.10063  3.05099  5.09802  1.43105  2.86971  
1.99333  0.457385  3.10031  5.10063  3.05099  5.09802  1.67257  2.20323  
1.93139  1.24306  3.10031  5.10063  3.05099  5.09802  1.46638  2.81109  
1.95875  1.07361  3.10031  5.10063  3.05099  5.09802  1.56807  2.4852  
1.46831  2.7183  3.10031  5.10063  3.05099  5.09802  1.31815  3.12667  
0.66386  3.84159  3.10031  5.10063  3.05099  5.09802  0.443834  4.01723  
1.23467  3.1469  3.10031  5.10063  3.05099  5.09802  1.43962  2.78074  
2.05099  0.0509919  3.10031  5.10063  3.05099  5.09802  0.879987  3.62459  
0.811028  3.66241  3.10031  5.10063  3.05099  5.09802  0.976949  3.49049  
1.02762  3.44279  3.10031  5.10063  3.05099  5.09802  0.62313  3.89523  
1.13844  3.30387  3.10031  5.10063  3.05099  5.09802  1.30887  3.04535  
1.90831  1.30723  3.10031  5.10063  3.05099  5.09802  0.919354  3.58446  
2.01197  0.362521  3.10031  5.10063  3.05099  5.09802  1.98287  1.13884  
0.191113  4.04708  3.10031  5.10063  3.05099  5.09802  1.14269  3.29961  
1.5028  2.64087  3.10031  5.10063  3.05099  5.09802  1.46831  2.7183  
0.626767  3.87094  3.10031  5.10063  3.05099  5.09802  1.49175  2.70994  
0.577961  3.90819  3.10031  5.10063  3.05099  5.09802  2.05099  0.0509919  
0.454025  3.97363  3.10031  5.10063  3.05099  5.09802  1.92894  1.42468  
1.70338  2.13016  3.10031  5.10063  3.05099  5.09802  1.10883  3.33295  
0.856789  3.64741  3.10031  5.10063  3.05099  5.09802  1.61855  2.35933  
0.560105  3.92567  3.10031  5.10063  3.05099  5.09802  0.557821  3.9337  
0.916878  3.58366  3.10031  5.10063  3.05099  5.09802  0.577961  3.90819  
1.90017  1.34396  3.10031  5.10063  3.05099  5.09802  1.3766  2.99862  
0.704143  3.7784  3.10031  5.10063  3.05099  5.09802  0.956692  3.52003  
1.81652  1.69967  3.10031  5.10063  3.05099  5.09802  1.74247  1.99091  
1.22047  3.17565  3.10031  5.10063  3.05099  5.09802  1.76466  2.13081  
1.88612  1.40512  3.10031  5.10063  3.05099  5.09802  0.800741  3.66592  
1.75575  1.92021  3.10031  5.10063  3.05099  5.09802  1.18876  3.28807  
1.00082  3.4645  3.10031  5.10063  3.05099  5.09802  1.5028  2.64087  
1.35722  2.99932  3.10031  5.10063  3.05099  5.09802  0.522169  3.95873  
1.42131  2.89739  3.10031  5.10063  3.05099  5.09802  1.80525  1.72604  
0.935272  3.55454  3.10031  5.10063  3.05099  5.09802  1.00082  3.4645  
0.721108  3.75217  3.10031  5.10063  3.05099  5.09802  1.04081  3.56483  
1.07541  3.38216  3.10031  5.10063  3.05099  5.09802  0.639206  3.88008  
1.8049  1.72718  3.10031  5.10063  3.05099  5.09802  1.91571  1.49845  
1.39672  2.95195  3.10031  5.10063  3.05099  5.09802  0.433062  4.02515  
1.58765  2.44239  3.10031  5.10063  3.05099  5.09802  1.62016  2.53284  
0.610207  3.88526  3.10031  5.10063  3.05099  5.09802  1.8295  2.42946  
1.18191  3.23238  3.10031  5.10063  3.05099  5.09802  1.38861  2.99935  
0.737352  3.73393  3.10031  5.10063  3.05099  5.09802  1.54791  2.56735  
0.486627  3.95852  3.10031  5.10063  3.05099  5.09802  1.39364  2.97313  
1.60374  2.40615  3.10031  5.10063  3.05099  5.09802  2.0455  0.354579  
1.83221  1.66962  3.10031  5.10063  3.05099  5.09802  1.07457  3.38325  
1.43962  2.78074  3.10031  5.10063  3.05099  5.09802  2.10031  0.100314  
0.685055  3.82475  3.10031  5.10063  3.05099  5.09802  0.66214  3.84722  
1.19959  3.20767  3.10031  5.10063  3.05099  5.09802  0.732124  3.81132  
1.56215  2.51902  3.10031  5.10063  3.05099  5.09802  2.01107  0.850859  
0.532297  3.94414  3.10031  5.10063  3.05099  5.09802  0.948079  3.60337  
1.72377  2.04841  3.10031  5.10063  3.05099  5.09802  1.36219  3.02441  
1.54791  2.56735  3.10031  5.10063  3.05099  5.09802  0.0980211  4.09802  
1.9829  0.642503  3.10031  5.10063  3.05099  5.09802  0.691633  3.8174  
0.760058  3.71042  3.10031  5.10063  3.05099  5.09802  1.02821  3.44247  
1.29141  3.05793  3.10031  5.10063  3.05099  5.09802  1.98627  0.496673  
1.68137  2.18907  3.10031  5.10063  3.05099  5.09802  0.100631  4.10063  
1.65975  2.26233  3.10031  5.10063  3.05099  5.09802  0.453892  3.97372  
1.52699  2.62728  3.10031  5.10063  3.05099  5.09802  0.77688  3.77715  
0.156105  4.08267  3.10031  5.10063  3.05099  5.09802  0.573223  3.93716  
1.94362  1.20457  3.10031  5.10063  3.05099  5.09802  1.88912  1.6291  
2.00083  0.411378  3.10031  5.10063  3.05099  5.09802  1.404  2.93464  
1.85212  1.55494  3.10031  5.10063  3.05099  5.09802  1.71575  2.27313  
1.98606  0.499178  3.10031  5.10063  3.05099  5.09802  1.79809  2.00919  
1.06375  3.40161  3.10031  5.10063  3.05099  5.09802  1.9422  1.35725  
1.71256  2.06822  3.10031  5.10063  3.05099  5.09802  1.14716  3.39527  
1.61734  2.35532  3.10031  5.10063  3.05099  5.09802  0.260745  4.08578  
1.25604  3.12509  3.10031  5.10063  3.05099  5.09802  1.71264  2.06787  
1.92207  1.26155  3.10031  5.10063  3.05099  5.09802  1.58384  2.62227  
1.84517  1.61045  3.10031  5.10063  3.05099  5.09802  1.86236  1.46564  
2.04554  0.315211  3.10031  5.10063  3.05099  5.09802  0.211404  4.03716  
0.956692  3.52003  3.10031  5.10063  3.05099  5.09802  2.05356  0.436972  
0.432373  3.99345  3.10031  5.10063  3.05099  5.09802  0.935113  3.55479  
1.95121  1.1404  3.10031  5.10063  3.05099  5.09802  0.736424  3.73471  
1.79916  1.77487  3.10031  5.10063  3.05099  5.09802  1.75946  1.91137  
0.222548  4.03534  3.10031  5.10063  3.05099  5.09802  1.55469  2.70134  
1.32699  3.02473  3.10031  5.10063  3.05099  5.09802  1.95395  1.2824  
0.286603  4.02589  3.10031  5.10063  3.05099  5.09802  1.23446  3.14731  
0.899996  3.60045  3.10031  5.10063  3.05099  5.09802  1.96339  1.21917  
1.8703  1.4433  3.10031  5.10063  3.05099  5.09802  0.90545  3.60405  
1.11065  3.33054  3.10031  5.10063  3.05099  5.09802  1.90831  1.30723  
0.976949  3.49049  3.10031  5.10063  3.05099  5.09802  1.98097  1.10392  
1.3038  3.04617  3.10031  5.10063  3.05099  5.09802  0.817308  3.74327  
1.97967  0.731496  3.10031  5.10063  3.05099  5.09802  0.522891  3.98083  
1.43105  2.86971  3.10031  5.10063  3.05099  5.09802  1.67212  2.43738  
0.177995  4.06389  3.10031  5.10063  3.05099  5.09802  0.363131  4.05556  
1.40912  2.92338  3.10031  5.10063  3.05099  5.09802  0.638802  3.86776  
0.352128  4.01893  3.10031  5.10063  3.05099  5.09802  1.18298  3.23034  
1.09456  3.35552  3.10031  5.10063  3.05099  5.09802  1.27182  3.10533  
1.63829  2.30468  3.10031  5.10063  3.05099  5.09802  1.6387  2.30399  
1.66761  2.21947  3.10031  5.10063  3.05099  5.09802  1.06435  3.45936  
1.91057  1.19233  3.00221  5.07418  3.00221  5.07418  0.317049  4.01342  
0.0741849  4.07418  3.00221  5.07418  3.00221  5.07418  1.27105  3.09524  
1.9049  1.23739  3.00221  5.07418  3.00221  5.07418  0.877151  3.62588  
1.76243  1.89468  3.00221  5.07418  3.00221  5.07418  1.94158  0.969492  
0.41893  3.9837  3.00221  5.07418  3.00221  5.07418  0.588495  3.88655  
1.3582  2.98345  3.00221  5.07418  3.00221  5.07418  1.59346  2.42075  
1.27642  3.08377  3.00221  5.07418  3.00221  5.07418  1.36563  2.97427  
0.877151  3.62588  3.00221  5.07418  3.00221  5.07418  1.41174  2.90885  
1.15548  3.26694  3.00221  5.07418  3.00221  5.07418  0.524684  3.9278  
1.85998  1.48156  3.00221  5.07418  3.00221  5.07418  1.8732  1.40703  
1.73718  1.98622  3.00221  5.07418  3.00221  5.07418  0.636964  3.8441  
0.794374  3.67392  3.00221  5.07418  3.00221  5.07418  0.399398  3.99512  
1.56787  2.48456  3.00221  5.07418  3.00221  5.07418  1.42621  2.87277  
1.99348  0.445154  3.00221  5.07418  3.00221  5.07418  1.67076  2.20121  
1.94158  0.969492  3.00221  5.07418  3.00221  5.07418  2.00221  0.00221423  
1.87265  1.41124  3.00221  5.07418  3.00221  5.07418  1.56784  2.48461  
1.46804  2.71791  3.00221  5.07418  3.00221  5.07418  0.774612  3.69545  
0.318265  4.01309  3.00221  5.07418  3.00221  5.07418  1.28228  3.07016  
1.23467  3.1469  3.00221  5.07418  3.00221  5.07418  1.43884  2.77971  
2.00221  0.00221423  3.00221  5.07418  3.00221  5.07418  1.84342  1.56968  
0.811028  3.66241  3.00221  5.07418  3.00221  5.07418  0.977191  3.49028  
1.01773  3.44414  3.00221  5.07418  3.00221  5.07418  1.97824  0.681509  
1.12508  3.3074  3.00221  5.07418  3.00221  5.07418  1.32175  3.03023  
0.612554  3.85984  3.00221  5.07418  3.00221  5.07418  0.41893  3.9837  
0.133369  4.05167  3.00221  5.07418  3.00221  5.07418  0.650503  3.82698  
0.670602  3.80453  3.00221  5.07418  3.00221  5.07418  1.12508  3.3074  
1.50262  2.6407  3.00221  5.07418  3.00221  5.07418  1.46804  2.71791  
0.908284  3.58713  3.00221  5.07418  3.00221  5.07418  0.714911  3.7591  
0.546789  3.91156  3.00221  5.07418  3.00221  5.07418  1.97209  0.723166  
0.44455  3.97154  3.00221  5.07418  3.00221  5.07418  1.65265  2.25798  
1.69699  2.12499  3.00221  5.07418  3.00221  5.07418  1.10461  3.3348  
0.856789  3.64741  3.00221  5.07418  3.00221  5.07418  1.61819  2.35311  
0.524684  3.9278  3.00221  5.07418  3.00221  5.07418  1.15513  3.26753  
0.927748  3.56063  3.00221  5.07418  3.00221  5.07418  1.77548  1.85327  
1.89176  1.30727  3.00221  5.07418  3.00221  5.07418  1.17627  3.24414  
1.04109  3.42821  3.00221  5.07418  3.00221  5.07418  0.96103  3.51246  
1.30872  3.04429  3.00221  5.07418  3.00221  5.07418  1.73718  1.98622  
1.21992  3.17328  3.00221  5.07418  3.00221  5.07418  0.948698  3.53052  
1.87986  1.38597  3.00221  5.07418  3.00221  5.07418  0.800722  3.66564  
1.75188  1.94037  3.00221  5.07418  3.00221  5.07418  0.908284  3.58713  
0.999963  3.46445  3.00221  5.07418  3.00221  5.07418  1.50262  2.6407  
1.34098  3.003  3.00221  5.07418  3.00221  5.07418  1.30096  3.05098  
1.2521  3.11958  3.00221  5.07418  3.00221  5.07418  1.80457  1.72691  
0.941233  3.54107  3.00221  5.07418  3.00221  5.07418  0.999963  3.46445  
0.716901  3.75611  3.00221  5.07418  3.00221  5.07418  1.08899  3.35823  
1.07387  3.3839  3.00221  5.07418  3.00221  5.07418  0.894881  3.60333  
1.80457  1.72691  3.00221  5.07418  3.00221  5.07418  1.89177  1.30722  
1.96356  0.779832  3.00221  5.07418  3.00221  5.07418  1.78778  1.80011  
1.58419  2.44573  3.00221  5.07418  3.00221  5.07418  1.60712  2.38342  
0.588495  3.88655  3.00221  5.07418  3.00221  5.07418  1.38204  2.95481  
1.18079  3.23441  3.00221  5.07418  3.00221  5.07418  0.612554  3.85984  
0.739254  3.72958  3.00221  5.07418  3.00221  5.07418  1.53723  2.5609  
0.49174  3.9489  3.00221  5.07418  3.00221  5.07418  1.75188  1.94037  
1.59346  2.42075  3.00221  5.07418  3.00221  5.07418  1.82185  1.66181  
1.82185  1.66181  3.00221  5.07418  3.00221  5.07418  1.07387  3.3839  
1.43884  2.77971  3.00221  5.07418  3.00221  5.07418  1.7253  2.03551  
1.84283  1.57445  3.00221  5.07418  3.00221  5.07418  0.670602  3.80453  
1.19675  3.20883  3.00221  5.07418  3.00221  5.07418  1.2521  3.11958  
1.55295  2.52372  3.00221  5.07418  3.00221  5.07418  1.01773  3.44414  
1.94947  0.936304  3.00221  5.07418  3.00221  5.07418  1.22102  3.17286  
1.7253  2.03551  3.00221  5.07418  3.00221  5.07418  1.68691  2.15732  
1.53723  2.5609  3.00221  5.07418  3.00221  5.07418  1.92256  1.13322  
0.778449  3.69105  3.00221  5.07418  3.00221  5.07418  1.52682  2.59264  
0.760765  3.70854  3.00221  5.07418  3.00221  5.07418  0.0741849  4.07418  
1.29141  3.05793  3.00221  5.07418  3.00221  5.07418  1.98536  0.495171  
1.68691  2.15732  3.00221  5.07418  3.00221  5.07418  0.546789  3.91156  
1.65265  2.25798  3.00221  5.07418  3.00221  5.07418  0.44455  3.97154  
0.698793  3.77805  3.00221  5.07418  3.00221  5.07418  0.735776  3.73521  
0.650503  3.82698  3.00221  5.07418  3.00221  5.07418  0.928444  3.55963  
1.93449  1.05795  3.00221  5.07418  3.00221  5.07418  1.88193  1.38124  
1.92256  1.13322  3.00221  5.07418  3.00221  5.07418  1.39897  2.93524  
1.84919  1.53172  3.00221  5.07418  3.00221  5.07418  1.58419  2.44573  
1.98518  0.495389  3.00221  5.07418  3.00221  5.07418  0.857632  3.64947  
1.06013  3.40363  3.00221  5.07418  3.00221  5.07418  1.95707  0.868033  
1.71232  2.06812  3.00221  5.07418  3.00221  5.07418  1.69699  2.12499  
1.61819  2.35311  3.00221  5.07418  3.00221  5.07418  1.99348  0.445154  
0.398854  3.99556  3.00221  5.07418  3.00221  5.07418  1.71232  2.06812  
1.95707  0.868033  3.00221  5.07418  3.00221  5.07418  1.55295  2.52372  
1.83007  1.62915  3.00221  5.07418  3.00221  5.07418  1.8505  1.52708  
1.52682  2.59264  3.00221  5.07418  3.00221  5.07418  0.210661  4.03778  
0.960163  3.51368  3.00221  5.07418  3.00221  5.07418  0.49174  3.9489  
1.60712  2.38342  3.00221  5.07418  3.00221  5.07418  1.86403  1.46922  
1.67076  2.20121  3.00221  5.07418  3.00221  5.07418  0.700111  3.77758  
1.78784  1.79994  3.00221  5.07418  3.00221  5.07418  1.76243  1.89468  
0.210661  4.03778  3.00221  5.07418  3.00221  5.07418  1.93449  1.05795  
1.32546  3.02215  3.00221  5.07418  3.00221  5.07418  1.96327  0.782616  
0.286603  4.02589  3.00221  5.07418  3.00221  5.07418  1.2343  3.14796  
0.894881  3.60333  3.00221  5.07418  3.00221  5.07418  1.20964  3.1936  
1.37933  2.95828  3.00221  5.07418  3.00221  5.07418  0.133369  4.05167  
1.10461  3.3348  3.00221  5.07418  3.00221  5.07418  1.91045  1.19402  
0.976945  3.49049  3.00221  5.07418  3.00221  5.07418  1.83012  1.62901  
1.39644  2.93901  3.00221  5.07418  3.00221  5.07418  1.34093  3.00305  
1.97409  0.707761  3.00221  5.07418  3.00221  5.07418  1.94947  0.936304  
1.42621  2.87277  3.00221  5.07418  3.00221  5.07418  0.472376  3.95958  
1.77548  1.85327  3.00221  5.07418  3.00221  5.07418  1.06013  3.40363  
1.41174  2.90885  3.00221  5.07418  3.00221  5.07418  0.74865  3.71882  
0.472376  3.95958  3.00221  5.07418  3.00221  5.07418  1.19064  3.21567  
1.08899  3.35823  3.00221  5.07418  3.00221  5.07418  1.90606  1.24144  
1.63744  2.29917  3.00221  5.07418  3.00221  5.07418  1.63744  2.29917  
0.636964  3.8441  3.00221  5.07418  3.00221  5.07418  1.04109  3.42821  
1.90978  1.19324  3.00107  5.07339  3.00107  5.07339  0.315614  4.01075  
0.0733874  4.07339  3.00107  5.07339  3.00107  5.07339  1.27103  3.09474  
1.90194  1.24808  3.00107  5.07339  3.00107  5.07339  0.876862  3.62577  
1.7617  1.89546  3.00107  5.07339  3.00107  5.07339  1.94075  0.971266  
1.14528  3.28539  3.00107  5.07339  3.00107  5.07339  0.576062  3.88062  
1.36039  2.98008  3.00107  5.07339  3.00107  5.07339  1.59318  2.42024  
1.27621  3.0835  3.00107  5.07339  3.00107  5.07339  1.36039  2.98008  
0.876862  3.62577  3.00107  5.07339  3.00107  5.07339  1.41137  2.90811  
1.16036  3.25987  3.00107  5.07339  3.00107  5.07339  0.520857  3.91774  
1.86139  1.46607  3.00107  5.07339  3.00107  5.07339  1.87246  1.40846  
1.73701  1.98582  3.00107  5.07339  3.00107  5.07339  0.275321  4.02236  
0.750042  3.71688  3.00107  5.07339  3.00107  5.07339  0.097345  4.06012  
1.5678  2.48456  3.00107  5.07339  3.00107  5.07339  1.42572  2.87228  
1.99142  0.389118  3.00107  5.07339  3.00107  5.07339  1.67056  2.20129  
1.94075  0.971266  3.00107  5.07339  3.00107  5.07339  2.00107  0.00106577  
1.87246  1.40846  3.00107  5.07339  3.00107  5.07339  1.5678  2.48456  
1.46788  2.71777  3.00107  5.07339  3.00107  5.07339  0.770054  3.69318  
0.315614  4.01075  3.00107  5.07339  3.00107  5.07339  1.2822  3.07006  
1.23467  3.1469  3.00107  5.07339  3.00107  5.07339  1.43877  2.77955  
2.00107  0.00106577  3.00107  5.07339  3.00107  5.07339  1.8411  1.56833  
0.800578  3.66573  3.00107  5.07339  3.00107  5.07339  0.977004  3.49036  
1.01739  3.44408  3.00107  5.07339  3.00107  5.07339  1.9761  0.636326  
1.12496  3.3074  3.00107  5.07339  3.00107  5.07339  1.31943  3.02784  
0.619107  3.84812  3.00107  5.07339  3.00107  5.07339  0.403765  3.97757  
0.144787  4.04686  3.00107  5.07339  3.00107  5.07339  0.651168  3.82166  
0.673656  3.80102  3.00107  5.07339  3.00107  5.07339  1.12501  3.30733  
1.50257  2.64072  3.00107  5.07339  3.00107  5.07339  1.46788  2.71777  
0.910126  3.58299  3.00107  5.07339  3.00107  5.07339  0.717585  3.7537  
0.552923  3.89685  3.00107  5.07339  3.00107  5.07339  1.96898  0.710585  
0.444572  3.95862  3.00107  5.07339  3.00107  5.07339  1.65187  2.25656  
1.69739  2.11793  3.00107  5.07339  3.00107  5.07339  1.10453  3.3348  
0.831592  3.65345  3.00107  5.07339  3.00107  5.07339  1.61852  2.35145  
0.520857  3.91774  3.00107  5.07339  3.00107  5.07339  1.15529  3.26695  
0.928577  3.55854  3.00107  5.07339  3.00107  5.07339  1.7741  1.85089  
1.89092  1.30658  3.00107  5.07339  3.00107  5.07339  1.17736  3.2418  
1.03639  3.43109  3.00107  5.07339  3.00107  5.07339  0.961224  3.51189  
1.31943  3.02784  3.00107  5.07339  3.00107  5.07339  1.73701  1.98582  
1.21992  3.17328  3.00107  5.07339  3.00107  5.07339  0.946965  3.53263  
1.88077  1.36926  3.00107  5.07339  3.00107  5.07339  0.800578  3.66573  
1.74925  1.94237  3.00107  5.07339  3.00107  5.07339  0.910126  3.58299  
0.999891  3.46441  3.00107  5.07339  3.00107  5.07339  1.50257  2.64072  
1.34041  3.00349  3.00107  5.07339  3.00107  5.07339  1.30187  3.04938  
1.25214  3.1194  3.00107  5.07339  3.00107  5.07339  1.80444  1.72677  
0.946965  3.53263  3.00107  5.07339  3.00107  5.07339  0.999891  3.46441  
0.717585  3.7537  3.00107  5.07339  3.00107  5.07339  1.08897  3.35805  
1.07426  3.38317  3.00107  5.07339  3.00107  5.07339  0.89464  3.60331  
1.80444  1.72677  3.00107  5.07339  3.00107  5.07339  1.89092  1.30658  
1.96243  0.779427  3.00107  5.07339  3.00107  5.07339  1.78691  1.79924  
1.58352  2.44551  3.00107  5.07339  3.00107  5.07339  1.60674  2.38319  
0.576062  3.88062  3.00107  5.07339  3.00107  5.07339  1.37675  2.95985  
1.18079  3.23441  3.00107  5.07339  3.00107  5.07339  0.619107  3.84812  
0.735849  3.73391  3.00107  5.07339  3.00107  5.07339  1.53698  2.56054  
0.484141  3.9379  3.00107  5.07339  3.00107  5.07339  1.74925  1.94237  
1.59318  2.42024  3.00107  5.07339  3.00107  5.07339  1.8201  1.66222  
1.8201  1.66222  3.00107  5.07339  3.00107  5.07339  1.07426  3.38317  
1.43877  2.77955  3.00107  5.07339  3.00107  5.07339  1.7243  2.02952  
1.8411  1.56833  3.00107  5.07339  3.00107  5.07339  0.673656  3.80102  
1.19324  3.21087  3.00107  5.07339  3.00107  5.07339  1.25188  3.11972  
1.55255  2.52341  3.00107  5.07339  3.00107  5.07339  1.01739  3.44408  
1.94738  0.921033  3.00107  5.07339  3.00107  5.07339  1.219  3.17702  
1.7243  2.02952  3.00107  5.07339  3.00107  5.07339  1.68573  2.15544  
1.53698  2.56054  3.00107  5.07339  3.00107  5.07339  1.91947  1.12985  
0.770054  3.69318  3.00107  5.07339  3.00107  5.07339  1.52496  2.59108  
0.403765  3.97757  3.00107  5.07339  3.00107  5.07339  0.0733874  4.07339  
1.29141  3.05793  3.00107  5.07339  3.00107  5.07339  1.98515  0.495306  
1.68573  2.15544  3.00107  5.07339  3.00107  5.07339  0.552923  3.89685  
1.65187  2.25656  3.00107  5.07339  3.00107  5.07339  0.444572  3.95862  
0.696484  3.77604  3.00107  5.07339  3.00107  5.07339  0.735849  3.73391  
0.651168  3.82166  3.00107  5.07339  3.00107  5.07339  0.928577  3.55854  
1.93024  1.05374  3.00107  5.07339  3.00107  5.07339  1.88077  1.36926  
1.91947  1.12985  3.00107  5.07339  3.00107  5.07339  1.39437  2.93862  
1.85032  1.52341  3.00107  5.07339  3.00107  5.07339  1.58352  2.44551  
1.98515  0.495306  3.00107  5.07339  3.00107  5.07339  0.831592  3.65345  
1.05922  3.40489  3.00107  5.07339  3.00107  5.07339  1.95431  0.859269  
1.71227  2.06805  3.00107  5.07339  3.00107  5.07339  1.69739  2.11793  
1.61852  2.35145  3.00107  5.07339  3.00107  5.07339  1.99142  0.389118  
0.097345  4.06012  3.00107  5.07339  3.00107  5.07339  1.71227  2.06805  
1.95431  0.859269  3.00107  5.07339  3.00107  5.07339  1.55255  2.52341  
1.83001  1.61806  3.00107  5.07339  3.00107  5.07339  1.85032  1.52341  
1.52496  2.59108  3.00107  5.07339  3.00107  5.07339  0.210223  4.03761  
0.961224  3.51189  3.00107  5.07339  3.00107  5.07339  0.484141  3.9379  
1.60674  2.38319  3.00107  5.07339  3.00107  5.07339  1.86139  1.46607  
1.67056  2.20129  3.00107  5.07339  3.00107  5.07339  0.696484  3.77604  
1.78691  1.79924  3.00107  5.07339  3.00107  5.07339  1.7617  1.89546  
0.210223  4.03761  3.00107  5.07339  3.00107  5.07339  1.93024  1.05374  
0.59522  3.86666  3.00107  5.07339  3.00107  5.07339  1.96243  0.779427  
0.275321  4.02236  3.00107  5.07339  3.00107  5.07339  1.23456  3.14719  
0.89464  3.60331  3.00107  5.07339  3.00107  5.07339  0.59522  3.86666  
1.37675  2.95985  3.00107  5.07339  3.00107  5.07339  0.144787  4.04686  
1.10453  3.3348  3.00107  5.07339  3.00107  5.07339  1.90978  1.19324  
0.977004  3.49036  3.00107  5.07339  3.00107  5.07339  1.83001  1.61806  
1.39437  2.93862  3.00107  5.07339  3.00107  5.07339  1.34041  3.00349  
1.96898  0.710585  3.00107  5.07339  3.00107  5.07339  1.94738  0.921033  
1.42572  2.87228  3.00107  5.07339  3.00107  5.07339  0.360631  3.99525  
1.7741  1.85089  3.00107  5.07339  3.00107  5.07339  1.05922  3.40489  
1.41137  2.90811  3.00107  5.07339  3.00107  5.07339  0.750042  3.71688  
0.360631  3.99525  3.00107  5.07339  3.00107  5.07339  1.19284  3.21124  
1.08897  3.35805  3.00107  5.07339  3.00107  5.07339  1.90194  1.24808  
1.63711  2.29886  3.00107  5.07339  3.00107  5.07339  1.63711  2.29886  
1.9761  0.636326  3.00107  5.07339  3.00107  5.07339  1.03639  3.43109  
1.90957  1.19211  3.00046  5.07317  3.00046  5.07317  0.315585  4.01061  
0.0731698  4.07317  3.00046  5.07317  3.00046  5.07317  1.27104  3.09464  
1.90094  1.24801  3.00046  5.07317  3.00046  5.07317  0.875809  3.62687  
1.76156  1.89527  3.00046  5.07317  3.00046  5.07317  1.94061  0.971158  
1.14528  3.28539  3.00046  5.07317  3.00046  5.07317  0.575982  3.88058  
1.35687  2.98317  3.00046  5.07317  3.00046  5.07317  1.59286  2.41985  
1.27513  3.08515  3.00046  5.07317  3.00046  5.07317  1.35687  2.98317  
0.875809  3.62687  3.00046  5.07317  3.00046  5.07317  1.41205  2.90637  
1.16036  3.25987  3.00046  5.07317  3.00046  5.07317  0.5215  3.91689  
1.8612  1.46607  3.00046  5.07317  3.00046  5.07317  1.87226  1.40821  
1.73655  1.98625  3.00046  5.07317  3.00046  5.07317  0.275099  4.02224  
0.750595  3.71599  3.00046  5.07317  3.00046  5.07317  0.0962536  4.06024  
1.56773  2.48449  3.00046  5.07317  3.00046  5.07317  1.42567  2.87223  
1.99138  0.384604  3.00046  5.07317  3.00046  5.07317  1.67037  2.20106  
1.94061  0.971158  3.00046  5.07317  3.00046  5.07317  2.00046  0.000460737  
1.87226  1.40821  3.00046  5.07317  3.00046  5.07317  1.56773  2.48449  
1.4678  2.71768  3.00046  5.07317  3.00046  5.07317  0.770875  3.69121  
0.315585  4.01061  3.00046  5.07317  3.00046  5.07317  1.28215  3.07003  
1.23467  3.1469  3.00046  5.07317  3.00046  5.07317  1.43864  2.77944  
2.00046  0.000460737  3.00046  5.07317  3.00046  5.07317  1.84052  1.56816  
0.800552  3.66569  3.00046  5.07317  3.00046  5.07317  0.977036  3.49032  
1.01736  3.44401  3.00046  5.07317  3.00046  5.07317  1.97587  0.629249  
1.12494  3.30738  3.00046  5.07317  3.00046  5.07317  1.3185  3.02824  
0.619285  3.84767  3.00046  5.07317  3.00046  5.07317  0.403709  3.97748  
0.144751  4.04679  3.00046  5.07317  3.00046  5.07317  0.649685  3.81899  
0.673626  3.80093  3.00046  5.07317  3.00046  5.07317  1.12499  3.30733  
1.50251  2.64066  3.00046  5.07317  3.00046  5.07317  1.4678  2.71768  
0.910684  3.58209  3.00046  5.07317  3.00046  5.07317  0.713739  3.7569  
0.552622  3.89689  3.00046  5.07317  3.00046  5.07317  1.96877  0.709451  
0.444686  3.95822  3.00046  5.07317  3.00046  5.07317  1.65177  2.25646  
1.69718  2.11759  3.00046  5.07317  3.00046  5.07317  1.10448  3.33482  
0.831605  3.65345  3.00046  5.07317  3.00046  5.07317  1.61844  2.35086  
0.5215  3.91689  3.00046  5.07317  3.00046  5.07317  1.15524  3.2669  
0.928913  3.55747  3.00046  5.07317  3.00046  5.07317  1.77346  1.85036  
1.89086  1.30652  3.00046  5.07317  3.00046  5.07317  1.17803  3.24024  
1.03652  3.43097  3.00046  5.07317  3.00046  5.07317  0.961237  3.51179  
1.31669  3.03036  3.00046  5.07317  3.00046  5.07317  1.73655  1.98625  
1.21992  3.17328  3.00046  5.07317  3.00046  5.07317  0.946896  3.53255  
1.88099  1.36341  3.00046  5.07317  3.00046  5.07317  0.800552  3.66569  
1.7489  1.94194  3.00046  5.07317  3.00046  5.07317  0.910684  3.58209  
0.999871  3.46438  3.00046  5.07317  3.00046  5.07317  1.50251  2.64066  
1.33799  3.00624  3.00046  5.07317  3.00046  5.07317  1.30161  3.04956  
1.25199  3.11947  3.00046  5.07317  3.00046  5.07317  1.80436  1.72669  
0.946896  3.53255  3.00046  5.07317  3.00046  5.07317  0.999871  3.46438  
0.713739  3.7569  3.00046  5.07317  3.00046  5.07317  1.08897  3.35798  
1.07428  3.38311  3.00046  5.07317  3.00046  5.07317  0.894561  3.60323  
1.80436  1.72669  3.00046  5.07317  3.00046  5.07317  1.89086  1.30652  
1.96214  0.779546  3.00046  5.07317  3.00046  5.07317  1.78668  1.79891  
1.5833  2.44529  3.00046  5.07317  3.00046  5.07317  1.60663  2.38301  
0.575982  3.88058  3.00046  5.07317  3.00046  5.07317  1.37602  2.96052  
1.18079  3.23441  3.00046  5.07317  3.00046  5.07317  0.619285  3.84767  
0.734437  3.73465  3.00046  5.07317  3.00046  5.07317  1.53687  2.56044  
0.484374  3.9371  3.00046  5.07317  3.00046  5.07317  1.7489  1.94194  
1.59286  2.41985  3.00046  5.07317  3.00046  5.07317  1.81942  1.66356  
1.81942  1.66356  3.00046  5.07317  3.00046  5.07317  1.07428  3.38311  
1.43864  2.77944  3.00046  5.07317  3.00046  5.07317  1.72419  2.02908  
1.84052  1.56816  3.00046  5.07317  3.00046  5.07317  0.673626  3.80093  
1.19351  3.20982  3.00046  5.07317  3.00046  5.07317  1.25187  3.11962  
1.55232  2.52315  3.00046  5.07317  3.00046  5.07317  1.01736  3.44401  
1.94674  0.921216  3.00046  5.07317  3.00046  5.07317  1.21832  3.17771  
1.72419  2.02908  3.00046  5.07317  3.00046  5.07317  1.68526  2.15497  
1.53687  2.56044  3.00046  5.07317  3.00046  5.07317  1.91937  1.12893  
0.770875  3.69121  3.00046  5.07317  3.00046  5.07317  1.52442  2.59061  
0.403709  3.97748  3.00046  5.07317  3.00046  5.07317  0.0731698  4.07317  
1.29141  3.05793  3.00046  5.07317  3.00046  5.07317  1.9849  0.494468  
1.68526  2.15497  3.00046  5.07317  3.00046  5.07317  0.552622  3.89689  
1.65177  2.25646  3.00046  5.07317  3.00046  5.07317  0.444686  3.95822  
0.693786  3.77833  3.00046  5.07317  3.00046  5.07317  0.734437  3.73465  
0.649685  3.81899  3.00046  5.07317  3.00046  5.07317  0.928913  3.55747  
1.92999  1.05288  3.00046  5.07317  3.00046  5.07317  1.88099  1.36341  
1.91937  1.12893  3.00046  5.07317  3.00046  5.07317  1.39429  2.93857  
1.85013  1.52322  3.00046  5.07317  3.00046  5.07317  1.5833  2.44529  
1.9849  0.494468  3.00046  5.07317  3.00046  5.07317  0.831605  3.65345  
1.0593  3.40468  3.00046  5.07317  3.00046  5.07317  1.95415  0.856457  
1.71224  2.06802  3.00046  5.07317  3.00046  5.07317  1.69718  2.11759  
1.61844  2.35086  3.00046  5.07317  3.00046  5.07317  1.99138  0.384604  
0.0962536  4.06024  3.00046  5.07317  3.00046  5.07317  1.71224  2.06802  
1.95415  0.856457  3.00046  5.07317  3.00046  5.07317  1.55232  2.52315  
1.8296  1.61754  3.00046  5.07317  3.00046  5.07317  1.85013  1.52322  
1.52442  2.59061  3.00046  5.07317  3.00046  5.07317  0.210576  4.03739  
0.961237  3.51179  3.00046  5.07317  3.00046  5.07317  0.484374  3.9371  
1.60663  2.38301  3.00046  5.07317  3.00046  5.07317  1.8612  1.46607  
1.67037  2.20106  3.00046  5.07317  3.00046  5.07317  0.693786  3.77833  
1.78668  1.79891  3.00046  5.07317  3.00046  5.07317  1.76156  1.89527  
0.210576  4.03739  3.00046  5.07317  3.00046  5.07317  1.92999  1.05288  
0.595105  3.86649  3.00046  5.07317  3.00046  5.07317  1.96214  0.779546  
0.275099  4.02224  3.00046  5.07317  3.00046  5.07317  1.23454  3.14712  
0.894561  3.60323  3.00046  5.07317  3.00046  5.07317  0.595105  3.86649  
1.37602  2.96052  3.00046  5.07317  3.00046  5.07317  0.144751  4.04679  
1.10448  3.33482  3.00046  5.07317  3.00046  5.07317  1.90957  1.19211  
0.977036  3.49032  3.00046  5.07317  3.00046  5.07317  1.8296  1.61754  
1.39429  2.93857  3.00046  5.07317  3.00046  5.07317  1.33799  3.00624  
1.96877  0.709451  3.00046  5.07317  3.00046  5.07317  1.94674  0.921216  
1.42567  2.87223  3.00046  5.07317  3.00046  5.07317  0.36067  3.99507  
1.77346  1.85036  3.00046  5.07317  3.00046  5.07317  1.0593  3.40468  
1.41205  2.90637  3.00046  5.07317  3.00046  5.07317  0.750595  3.71599  
0.36067  3.99507  3.00046  5.07317  3.00046  5.07317  1.19344  3.2099  
1.08897  3.35798  3.00046  5.07317  3.00046  5.07317  1.90094  1.24801  
1.63701  2.29876  3.00046  5.07317  3.00046  5.07317  1.63701  2.29876  
1.97587  0.629249  3.00046  5.07317  3.00046  5.07317  1.03652  3.43097  
1.90952  1.19196  3.00028  5.0717  3.00028  5.0717  0.315629  4.01056  
0.0716953  4.0717  3.00028  5.0717  3.00028  5.0717  1.27061  3.09469  
1.9008  1.24781  3.00028  5.0717  3.00028  5.0717  0.873639  3.62945  
1.76147  1.89528  3.00028  5.0717  3.00028  5.0717  1.94049  0.971404  
1.14528  3.28539  3.00028  5.0717  3.00028  5.0717  0.575957  3.88055  
1.35651  2.98353  3.00028  5.0717  3.00028  5.0717  1.59284  2.41977  
1.27513  3.08515  3.00028  5.0717  3.00028  5.0717  1.35651  2.98353  
0.873639  3.62945  3.00028  5.0717  3.00028  5.0717  1.41198  2.9063  
1.16036  3.25987  3.00028  5.0717  3.00028  5.0717  0.517859  3.91719  
1.86115  1.46558  3.00028  5.0717  3.00028  5.0717  1.87218  1.40812  
1.73632  1.98638  3.00028  5.0717  3.00028  5.0717  0.275089  4.02218  
0.750894  3.71555  3.00028  5.0717  3.00028  5.0717  0.0945679  4.06054  
1.56768  2.48443  3.00028  5.0717  3.00028  5.0717  1.42566  2.87222  
1.99133  0.382665  3.00028  5.0717  3.00028  5.0717  1.67031  2.201  
1.94049  0.971404  3.00028  5.0717  3.00028  5.0717  2.00028  0.00028067  
1.87218  1.40812  3.00028  5.0717  3.00028  5.0717  1.56768  2.48443  
1.46771  2.71759  3.00028  5.0717  3.00028  5.0717  0.77077  3.69115  
0.315629  4.01056  3.00028  5.0717  3.00028  5.0717  1.28215  3.07002  
1.23456  3.14706  3.00028  5.0717  3.00028  5.0717  1.43857  2.77937  
2.00028  0.00028067  3.00028  5.0717  3.00028  5.0717  1.84029  1.56821  
0.800557  3.66568  3.00028  5.0717  3.00028  5.0717  0.977044  3.49029  
1.01734  3.44399  3.00028  5.0717  3.00028  5.0717  1.97626  0.622204  
1.12491  3.30741  3.00028  5.0717  3.00028  5.0717  1.31849  3.02823  
0.619263  3.84766  3.00028  5.0717  3.00028  5.0717  0.40366  3.97739  
0.144722  4.04673  3.00028  5.0717  3.00028  5.0717  0.648854  3.81938  
0.671448  3.79879  3.00028  5.0717  3.00028  5.0717  1.12497  3.30734  
1.50249  2.64062  3.00028  5.0717  3.00028  5.0717  1.46771  2.71759  
0.910668  3.58208  3.00028  5.0717  3.00028  5.0717  0.713784  3.75676  
0.550067  3.89857  3.00028  5.0717  3.00028  5.0717  1.96864  0.709408  
0.44462  3.95819  3.00028  5.0717  3.00028  5.0717  1.65173  2.25642  
1.69717  2.11725  3.00028  5.0717  3.00028  5.0717  1.10444  3.33486  
0.831564  3.6534  3.00028  5.0717  3.00028  5.0717  1.61838  2.3508  
0.517859  3.91719  3.00028  5.0717  3.00028  5.0717  1.15529  3.26679  
0.928962  3.55737  3.00028  5.0717  3.00028  5.0717  1.7735  1.85017  
1.89071  1.30626  3.00028  5.0717  3.00028  5.0717  1.17784  3.2395  
1.03815  3.42984  3.00028  5.0717  3.00028  5.0717  0.961319  3.51159  
1.31667  3.03026  3.00028  5.0717  3.00028  5.0717  1.73632  1.98638  
1.21992  3.17328  3.00028  5.0717  3.00028  5.0717  0.946731  3.5327  
1.88082  1.36224  3.00028  5.0717  3.00028  5.0717  0.800557  3.66568  
1.7488  1.94184  3.00028  5.0717  3.00028  5.0717  0.910668  3.58208  
0.999862  3.46438  3.00028  5.0717  3.00028  5.0717  1.50249  2.64062  
1.33798  3.0062  3.00028  5.0717  3.00028  5.0717  1.29883  3.05007  
1.25192  3.11953  3.00028  5.0717  3.00028  5.0717  1.80429  1.72677  
0.946731  3.5327  3.00028  5.0717  3.00028  5.0717  0.999862  3.46438  
0.713784  3.75676  3.00028  5.0717  3.00028  5.0717  1.09021  3.35575  
1.07446  3.38276  3.00028  5.0717  3.00028  5.0717  0.893705  3.60427  
1.80429  1.72677  3.00028  5.0717  3.00028  5.0717  1.89071  1.30626  
1.96204  0.779527  3.00028  5.0717  3.00028  5.0717  1.78662  1.79888  
1.58312  2.4455  3.00028  5.0717  3.00028  5.0717  1.60661  2.38299  
0.575957  3.88055  3.00028  5.0717  3.00028  5.0717  1.37556  2.96103  
1.17999  3.23571  3.00028  5.0717  3.00028  5.0717  0.619263  3.84766  
0.734564  3.73427  3.00028  5.0717  3.00028  5.0717  1.53682  2.56039  
0.484331  3.93695  3.00028  5.0717  3.00028  5.0717  1.7488  1.94184  
1.59284  2.41977  3.00028  5.0717  3.00028  5.0717  1.81919  1.66402  
1.81919  1.66402  3.00028  5.0717  3.00028  5.0717  1.07446  3.38276  
1.43857  2.77937  3.00028  5.0717  3.00028  5.0717  1.72407  2.02896  
1.84029  1.56821  3.00028  5.0717  3.00028  5.0717  0.671448  3.79879  
1.19345  3.20988  3.00028  5.0717  3.00028  5.0717  1.25185  3.11962  
1.55227  2.52311  3.00028  5.0717  3.00028  5.0717  1.01734  3.44399  
1.94679  0.91976  3.00028  5.0717  3.00028  5.0717  1.21832  3.17756  
1.72407  2.02896  3.00028  5.0717  3.00028  5.0717  1.68523  2.15489  
1.53682  2.56039  3.00028  5.0717  3.00028  5.0717  1.91915  1.12878  
0.77077  3.69115  3.00028  5.0717  3.00028  5.0717  1.5241  2.59117  
0.40366  3.97739  3.00028  5.0717  3.00028  5.0717  0.0716953  4.0717  
1.29141  3.05793  3.00028  5.0717  3.00028  5.0717  1.98483  0.494485  
1.68523  2.15489  3.00028  5.0717  3.00028  5.0717  0.550067  3.89857  
1.65173  2.25642  3.00028  5.0717  3.00028  5.0717  0.44462  3.95819  
0.69368  3.77786  3.00028  5.0717  3.00028  5.0717  0.734564  3.73427  
0.648854  3.81938  3.00028  5.0717  3.00028  5.0717  0.928962  3.55737  
1.92976  1.05306  3.00028  5.0717  3.00028  5.0717  1.88082  1.36224  
1.91915  1.12878  3.00028  5.0717  3.00028  5.0717  1.39424  2.93858  
1.85012  1.52134  3.00028  5.0717  3.00028  5.0717  1.58312  2.4455  
1.98483  0.494485  3.00028  5.0717  3.00028  5.0717  0.831564  3.6534  
1.05924  3.40471  3.00028  5.0717  3.00028  5.0717  1.95402  0.8563  
1.71225  2.06794  3.00028  5.0717  3.00028  5.0717  1.69717  2.11725  
1.61838  2.3508  3.00028  5.0717  3.00028  5.0717  1.99133  0.382665  
0.0945679  4.06054  3.00028  5.0717  3.00028  5.0717  1.71225  2.06794  
1.95402  0.8563  3.00028  5.0717  3.00028  5.0717  1.55227  2.52311  
1.82949  1.61742  3.00028  5.0717  3.00028  5.0717  1.85012  1.52134  
1.5241  2.59117  3.00028  5.0717  3.00028  5.0717  0.218046  4.03601  
0.961319  3.51159  3.00028  5.0717  3.00028  5.0717  0.484331  3.93695  
1.60661  2.38299  3.00028  5.0717  3.00028  5.0717  1.86115  1.46558  
1.67031  2.201  3.00028  5.0717  3.00028  5.0717  0.69368  3.77786  
1.78662  1.79888  3.00028  5.0717  3.00028  5.0717  1.76147  1.89528  
0.218046  4.03601  3.00028  5.0717  3.00028  5.0717  1.92976  1.05306  
0.595125  3.86641  3.00028  5.0717  3.00028  5.0717  1.96204  0.779527  
0.275089  4.02218  3.00028  5.0717  3.00028  5.0717  1.23456  3.14706  
0.893705  3.60427  3.00028  5.0717  3.00028  5.0717  0.595125  3.86641  
1.37556  2.96103  3.00028  5.0717  3.00028  5.0717  0.144722  4.04673  
1.10444  3.33486  3.00028  5.0717  3.00028  5.0717  1.90952  1.19196  
0.977044  3.49029  3.00028  5.0717  3.00028  5.0717  1.82949  1.61742  
1.39424  2.93858  3.00028  5.0717  3.00028  5.0717  1.33798  3.0062  
1.96864  0.709408  3.00028  5.0717  3.00028  5.0717  1.94679  0.91976  
1.42566  2.87222  3.00028  5.0717  3.00028  5.0717  0.360693  3.995  
1.7735  1.85017  3.00028  5.0717  3.00028  5.0717  1.05924  3.40471  
1.41198  2.9063  3.00028  5.0717  3.00028  5.0717  0.750894  3.71555  
0.360693  3.995  3.00028  5.0717  3.00028  5.0717  1.19345  3.20988  
1.09021  3.35575  3.00028  5.0717  3.00028  5.0717  1.9008  1.24781  
1.63699  2.29876  3.00028  5.0717  3.00028  5.0717  1.63699  2.29876  
1.97626  0.622204  3.00028  5.0717  3.00028  5.0717  1.03815  3.42984  
1.90951  1.19189  3.00019  5.07166  3.00019  5.07166  0.315566  4.01053  
0.0716617  4.07166  3.00019  5.07166  3.00019  5.07166  1.27057  3.09465  
1.90071  1.2477  3.00019  5.07166  3.00019  5.07166  0.873634  3.62944  
1.76148  1.89511  3.00019  5.07166  3.00019  5.07166  1.9404  0.97132  
1.14528  3.28539  3.00019  5.07166  3.00019  5.07166  0.566397  3.88466  
1.35648  2.98355  3.00019  5.07166  3.00019  5.07166  1.5928  2.41976  
1.27475  3.08585  3.00019  5.07166  3.00019  5.07166  1.35655  2.98347  
0.873634  3.62944  3.00019  5.07166  3.00019  5.07166  1.41198  2.90629  
1.16036  3.25987  3.00019  5.07166  3.00019  5.07166  0.517285  3.91738  
1.86109  1.46551  3.00019  5.07166  3.00019  5.07166  1.87217  1.40812  
1.73633  1.98629  3.00019  5.07166  3.00019  5.07166  0.274998  4.02215  
0.750826  3.71554  3.00019  5.07166  3.00019  5.07166  0.0945447  4.06051  
1.56766  2.48441  3.00019  5.07166  3.00019  5.07166  1.42566  2.87222  
1.99113  0.382338  3.00019  5.07166  3.00019  5.07166  1.6703  2.20099  
1.9404  0.97132  3.00019  5.07166  3.00019  5.07166  2.00019  0.00018808  
1.87217  1.40812  3.00019  5.07166  3.00019  5.07166  1.56766  2.48441  
1.4677  2.71759  3.00019  5.07166  3.00019  5.07166  0.7708  3.69108  
0.315566  4.01053  3.00019  5.07166  3.00019  5.07166  1.2821  3.07007  
1.23459  3.147  3.00019  5.07166  3.00019  5.07166  1.43857  2.77937  
2.00019  0.00018808  3.00019  5.07166  3.00019  5.07166  1.84025  1.56793  
0.800563  3.66567  3.00019  5.07166  3.00019  5.07166  0.97701  3.49031  
1.01734  3.44397  3.00019  5.07166  3.00019  5.07166  1.97598  0.62304  
1.12497  3.30733  3.00019  5.07166  3.00019  5.07166  1.31845  3.02824  
0.619254  3.84765  3.00019  5.07166  3.00019  5.07166  0.403654  3.97738  
0.144772  4.04671  3.00019  5.07166  3.00019  5.07166  0.648498  3.81966  
0.671279  3.79869  3.00019  5.07166  3.00019  5.07166  1.12497  3.30733  
1.50247  2.64061  3.00019  5.07166  3.00019  5.07166  1.4677  2.71759  
0.910662  3.58207  3.00019  5.07166  3.00019  5.07166  0.713774  3.75675  
0.543914  3.90015  3.00019  5.07166  3.00019  5.07166  1.96855  0.708747  
0.444639  3.95812  3.00019  5.07166  3.00019  5.07166  1.65166  2.25635  
1.69713  2.11723  3.00019  5.07166  3.00019  5.07166  1.10446  3.33482  
0.831551  3.65341  3.00019  5.07166  3.00019  5.07166  1.61832  2.35077  
0.517285  3.91738  3.00019  5.07166  3.00019  5.07166  1.15532  3.26669  
0.928986  3.5573  3.00019  5.07166  3.00019  5.07166  1.7734  1.8503  
1.89068  1.30626  3.00019  5.07166  3.00019  5.07166  1.17865  3.23791  
1.03796  3.42991  3.00019  5.07166  3.00019  5.07166  0.961325  3.51157  
1.31533  3.03155  3.00019  5.07166  3.00019  5.07166  1.73633  1.98629  
1.21992  3.17328  3.00019  5.07166  3.00019  5.07166  0.946695  3.53275  
1.88076  1.36219  3.00019  5.07166  3.00019  5.07166  0.800563  3.66567  
1.74877  1.9418  3.00019  5.07166  3.00019  5.07166  0.910662  3.58207  
0.999876  3.46435  3.00019  5.07166  3.00019  5.07166  1.50247  2.64061  
1.33694  3.00675  3.00019  5.07166  3.00019  5.07166  1.29891  3.04976  
1.2519  3.11952  3.00019  5.07166  3.00019  5.07166  1.80427  1.72677  
0.946695  3.53275  3.00019  5.07166  3.00019  5.07166  0.999876  3.46435  
0.713774  3.75675  3.00019  5.07166  3.00019  5.07166  1.0902  3.35574  
1.07449  3.3827  3.00019  5.07166  3.00019  5.07166  0.893685  3.60425  
1.80427  1.72677  3.00019  5.07166  3.00019  5.07166  1.89068  1.30626  
1.96202  0.779467  3.00019  5.07166  3.00019  5.07166  1.78657  1.79884  
1.58299  2.44546  3.00019  5.07166  3.00019  5.07166  1.60658  2.38295  
0.566397  3.88466  3.00019  5.07166  3.00019  5.07166  1.37531  2.96129  
1.18079  3.23398  3.00019  5.07166  3.00019  5.07166  0.619254  3.84765  
0.732027  3.7369  3.00019  5.07166  3.00019  5.07166  1.53678  2.56038  
0.484294  3.9369  3.00019  5.07166  3.00019  5.07166  1.74877  1.9418  
1.5928  2.41976  3.00019  5.07166  3.00019  5.07166  1.81913  1.66379  
1.81913  1.66379  3.00019  5.07166  3.00019  5.07166  1.07449  3.3827  
1.43857  2.77937  3.00019  5.07166  3.00019  5.07166  1.72393  2.02881  
1.84025  1.56793  3.00019  5.07166  3.00019  5.07166  0.671279  3.79869  
1.19344  3.20987  3.00019  5.07166  3.00019  5.07166  1.25186  3.11958  
1.55228  2.52307  3.00019  5.07166  3.00019  5.07166  1.01734  3.44397  
1.94672  0.919826  3.00019  5.07166  3.00019  5.07166  1.21831  3.17754  
1.72393  2.02881  3.00019  5.07166  3.00019  5.07166  1.68519  2.15486  
1.53678  2.56038  3.00019  5.07166  3.00019  5.07166  1.91909  1.12828  
0.7708  3.69108  3.00019  5.07166  3.00019  5.07166  1.52399  2.59106  
0.403654  3.97738  3.00019  5.07166  3.00019  5.07166  0.0716617  4.07166  
1.29141  3.05793  3.00019  5.07166  3.00019  5.07166  1.98482  0.494474  
1.68519  2.15486  3.00019  5.07166  3.00019  5.07166  0.543914  3.90015  
1.65166  2.25635  3.00019  5.07166  3.00019  5.07166  0.444639  3.95812  
0.693967  3.77685  3.00019  5.07166  3.00019  5.07166  0.732027  3.7369  
0.648498  3.81966  3.00019  5.07166  3.00019  5.07166  0.928986  3.5573  
1.92974  1.05279  3.00019  5.07166  3.00019  5.07166  1.88076  1.36219  
1.91909  1.12828  3.00019  5.07166  3.00019  5.07166  1.39421  2.93859  
1.84995  1.521  3.00019  5.07166  3.00019  5.07166  1.58299  2.44546  
1.98482  0.494474  3.00019  5.07166  3.00019  5.07166  0.831551  3.65341  
1.05916  3.40477  3.00019  5.07166  3.00019  5.07166  1.95388  0.856662  
1.71223  2.06791  3.00019  5.07166  3.00019  5.07166  1.69713  2.11723  
1.61832  2.35077  3.00019  5.07166  3.00019  5.07166  1.99113  0.382338  
0.0945447  4.06051  3.00019  5.07166  3.00019  5.07166  1.71223  2.06791  
1.95388  0.856662  3.00019  5.07166  3.00019  5.07166  1.55228  2.52307  
1.8294  1.61733  3.00019  5.07166  3.00019  5.07166  1.84995  1.521  
1.52399  2.59106  3.00019  5.07166  3.00019  5.07166  0.218178  4.03596  
0.961325  3.51157  3.00019  5.07166  3.00019  5.07166  0.484294  3.9369  
1.60658  2.38295  3.00019  5.07166  3.00019  5.07166  1.86109  1.46551  
1.6703  2.20099  3.00019  5.07166  3.00019  5.07166  0.693967  3.77685  
1.78657  1.79884  3.00019  5.07166  3.00019  5.07166  1.76148  1.89511  
0.218178  4.03596  3.00019  5.07166  3.00019  5.07166  1.92974  1.05279  
0.587371  3.86933  3.00019  5.07166  3.00019  5.07166  1.96202  0.779467  
0.274998  4.02215  3.00019  5.07166  3.00019  5.07166  1.23455  3.14706  
0.893685  3.60425  3.00019  5.07166  3.00019  5.07166  0.587371  3.86933  
1.37531  2.96129  3.00019  5.07166  3.00019  5.07166  0.144772  4.04671  
1.10446  3.33482  3.00019  5.07166  3.00019  5.07166  1.90951  1.19189  
0.97701  3.49031  3.00019  5.07166  3.00019  5.07166  1.8294  1.61733  
1.39421  2.93859  3.00019  5.07166  3.00019  5.07166  1.33935  3.00329  
1.96855  0.708747  3.00019  5.07166  3.00019  5.07166  1.94672  0.919826  
1.42566  2.87222  3.00019  5.07166  3.00019  5.07166  0.360692  3.99494  
1.7734  1.8503  3.00019  5.07166  3.00019  5.07166  1.05916  3.40477  
1.41198  2.90629  3.00019  5.07166  3.00019  5.07166  0.750826  3.71554  
0.360692  3.99494  3.00019  5.07166  3.00019  5.07166  1.19344  3.20987  
1.0902  3.35574  3.00019  5.07166  3.00019  5.07166  1.90071  1.2477  
1.63697  2.29875  3.00019  5.07166  3.00019  5.07166  1.63697  2.29875  
1.97598  0.62304  3.00019  5.07166  3.00019  5.07166  1.03796  3.42991  
1.90958  1.19086  3.00017  5.07164  3.00017  5.07164  0.315568  4.01053  
0.0716381  4.07164  3.00017  5.07164  3.00017  5.07164  1.27057  3.09464  
1.90057  1.24767  3.00017  5.07164  3.00017  5.07164  0.873643  3.62941  
1.76141  1.89528  3.00017  5.07164  3.00017  5.07164  1.94033  0.971252  
1.14528  3.28539  3.00017  5.07164  3.00017  5.07164  0.566358  3.88457  
1.358  2.98169  3.00017  5.07164  3.00017  5.07164  1.59274  2.41971  
1.27475  3.08585  3.00017  5.07164  3.00017  5.07164  1.358  2.98169  
0.873643  3.62941  3.00017  5.07164  3.00017  5.07164  1.41197  2.90628  
1.16036  3.25987  3.00017  5.07164  3.00017  5.07164  0.517238  3.91733  
1.86106  1.46549  3.00017  5.07164  3.00017  5.07164  1.87213  1.40807  
1.73627  1.98629  3.00017  5.07164  3.00017  5.07164  0.274986  4.02214  
0.750837  3.7155  3.00017  5.07164  3.00017  5.07164  0.0945293  4.0605  
1.56765  2.4844  3.00017  5.07164  3.00017  5.07164  1.42565  2.87221  
1.99108  0.382248  3.00017  5.07164  3.00017  5.07164  1.67028  2.20094  
1.94033  0.971252  3.00017  5.07164  3.00017  5.07164  2.00017  0.000168278  
1.87213  1.40807  3.00017  5.07164  3.00017  5.07164  1.56765  2.4844  
1.4677  2.71758  3.00017  5.07164  3.00017  5.07164  0.770795  3.69107  
0.315568  4.01053  3.00017  5.07164  3.00017  5.07164  1.28212  3.07003  
1.23459  3.14699  3.00017  5.07164  3.00017  5.07164  1.43855  2.77934  
2.00017  0.000168278  3.00017  5.07164  3.00017  5.07164  1.84023  1.56791  
0.800561  3.66565  3.00017  5.07164  3.00017  5.07164  0.977017  3.4903  
1.01732  3.44395  3.00017  5.07164  3.00017  5.07164  1.97585  0.622912  
1.1249  3.30741  3.00017  5.07164  3.00017  5.07164  1.31814  3.02713  
0.619219  3.84766  3.00017  5.07164  3.00017  5.07164  0.403677  3.97736  
0.144722  4.04671  3.00017  5.07164  3.00017  5.07164  0.644624  3.82288  
0.671255  3.79865  3.00017  5.07164  3.00017  5.07164  1.12497  3.30732  
1.50245  2.64058  3.00017  5.07164  3.00017  5.07164  1.4677  2.71758  
0.910662  3.58207  3.00017  5.07164  3.00017  5.07164  0.713774  3.75668  
0.543878  3.90009  3.00017  5.07164  3.00017  5.07164  1.96852  0.708779  
0.444619  3.95809  3.00017  5.07164  3.00017  5.07164  1.65166  2.25635  
1.69716  2.117  3.00017  5.07164  3.00017  5.07164  1.10444  3.33483  
0.834307  3.6523  3.00017  5.07164  3.00017  5.07164  1.61831  2.35075  
0.517238  3.91733  3.00017  5.07164  3.00017  5.07164  1.15532  3.26668  
0.929103  3.55708  3.00017  5.07164  3.00017  5.07164  1.77338  1.85029  
1.89068  1.3061  3.00017  5.07164  3.00017  5.07164  1.17862  3.23791  
1.03766  3.43006  3.00017  5.07164  3.00017  5.07164  0.96137  3.5115  
1.31669  3.02906  3.00017  5.07164  3.00017  5.07164  1.73627  1.98629  
1.21992  3.17328  3.00017  5.07164  3.00017  5.07164  0.946889  3.53215  
1.88071  1.36223  3.00017  5.07164  3.00017  5.07164  0.800561  3.66565  
1.74874  1.94177  3.00017  5.07164  3.00017  5.07164  0.910662  3.58207  
0.999875  3.46435  3.00017  5.07164  3.00017  5.07164  1.50245  2.64058  
1.33919  3.00345  3.00017  5.07164  3.00017  5.07164  1.29734  3.0501  
1.25188  3.11953  3.00017  5.07164  3.00017  5.07164  1.80427  1.72675  
0.946889  3.53215  3.00017  5.07164  3.00017  5.07164  0.999875  3.46435  
0.713774  3.75668  3.00017  5.07164  3.00017  5.07164  1.09018  3.35576  
1.07262  3.38266  3.00017  5.07164  3.00017  5.07164  0.893681  3.60425  
1.80427  1.72675  3.00017  5.07164  3.00017  5.07164  1.89068  1.3061  
1.96187  0.779538  3.00017  5.07164  3.00017  5.07164  1.78655  1.79881  
1.58294  2.44547  3.00017  5.07164  3.00017  5.07164  1.60652  2.3829  
0.566358  3.88457  3.00017  5.07164  3.00017  5.07164  1.37541  2.96117  
1.18079  3.23398  3.00017  5.07164  3.00017  5.07164  0.619219  3.84766  
0.732016  3.7369  3.00017  5.07164  3.00017  5.07164  1.53677  2.56036  
0.484247  3.93689  3.00017  5.07164  3.00017  5.07164  1.74874  1.94177  
1.59274  2.41971  3.00017  5.07164  3.00017  5.07164  1.8191  1.66379  
1.8191  1.66379  3.00017  5.07164  3.00017  5.07164  1.07262  3.38266  
1.43855  2.77934  3.00017  5.07164  3.00017  5.07164  1.72388  2.02877  
1.84023  1.56791  3.00017  5.07164  3.00017  5.07164  0.671255  3.79865  
1.19344  3.20986  3.00017  5.07164  3.00017  5.07164  1.25185  3.11957  
1.55221  2.523  3.00017  5.07164  3.00017  5.07164  1.01732  3.44395  
1.94664  0.919726  3.00017  5.07164  3.00017  5.07164  1.2183  3.17754  
1.72388  2.02877  3.00017  5.07164  3.00017  5.07164  1.68517  2.15483  
1.53677  2.56036  3.00017  5.07164  3.00017  5.07164  1.91911  1.12789  
0.770795  3.69107  3.00017  5.07164  3.00017  5.07164  1.52393  2.591  
0.403677  3.97736  3.00017  5.07164  3.00017  5.07164  0.0716381  4.07164  
1.29141  3.05793  3.00017  5.07164  3.00017  5.07164  1.9848  0.494369  
1.68517  2.15483  3.00017  5.07164  3.00017  5.07164  0.543878  3.90009  
1.65166  2.25635  3.00017  5.07164  3.00017  5.07164  0.444619  3.95809  
0.69401  3.77671  3.00017  5.07164  3.00017  5.07164  0.732016  3.7369  
0.644624  3.82288  3.00017  5.07164  3.00017  5.07164  0.929103  3.55708  
1.92967  1.05258  3.00017  5.07164  3.00017  5.07164  1.88071  1.36223  
1.91911  1.12789  3.00017  5.07164  3.00017  5.07164  1.3941  2.93869  
1.84996  1.52092  3.00017  5.07164  3.00017  5.07164  1.58294  2.44547  
1.9848  0.494369  3.00017  5.07164  3.00017  5.07164  0.834307  3.6523  
1.05802  3.40662  3.00017  5.07164  3.00017  5.07164  1.95386  0.856566  
1.71222  2.0679  3.00017  5.07164  3.00017  5.07164  1.69716  2.117  
1.61831  2.35075  3.00017  5.07164  3.00017  5.07164  1.99108  0.382248  
0.0945293  4.0605  3.00017  5.07164  3.00017  5.07164  1.71222  2.0679  
1.95386  0.856566  3.00017  5.07164  3.00017  5.07164  1.55221  2.523  
1.82938  1.61728  3.00017  5.07164  3.00017  5.07164  1.84996  1.52092  
1.52393  2.591  3.00017  5.07164  3.00017  5.07164  0.218222  4.03592  
0.96137  3.5115  3.00017  5.07164  3.00017  5.07164  0.484247  3.93689  
1.60652  2.3829  3.00017  5.07164  3.00017  5.07164  1.86106  1.46549  
1.67028  2.20094  3.00017  5.07164  3.00017  5.07164  0.69401  3.77671  
1.78655  1.79881  3.00017  5.07164  3.00017  5.07164  1.76141  1.89528  
0.218222  4.03592  3.00017  5.07164  3.00017  5.07164  1.92967  1.05258  
0.591604  3.86644  3.00017  5.07164  3.00017  5.07164  1.96187  0.779538  
0.274986  4.02214  3.00017  5.07164  3.00017  5.07164  1.23456  3.14705  
0.893681  3.60425  3.00017  5.07164  3.00017  5.07164  0.591604  3.86644  
1.37541  2.96117  3.00017  5.07164  3.00017  5.07164  0.144722  4.04671  
1.10444  3.33483  3.00017  5.07164  3.00017  5.07164  1.90958  1.19086  
0.977017  3.4903  3.00017  5.07164  3.00017  5.07164  1.82938  1.61728  
1.3941  2.93869  3.00017  5.07164  3.00017  5.07164  1.33919  3.00345  
1.96852  0.708779  3.00017  5.07164  3.00017  5.07164  1.94664  0.919726  
1.42565  2.87221  3.00017  5.07164  3.00017  5.07164  0.360685  3.99491  
1.77338  1.85029  3.00017  5.07164  3.00017  5.07164  1.05802  3.40662  
1.41197  2.90628  3.00017  5.07164  3.00017  5.07164  0.750837  3.7155  
0.360685  3.99491  3.00017  5.07164  3.00017  5.07164  1.19344  3.20986  
1.09018  3.35576  3.00017  5.07164  3.00017  5.07164  1.90057  1.24767  
1.63696  2.29874  3.00017  5.07164  3.00017  5.07164  1.63696  2.29874  
1.97585  0.622912  3.00017  5.07164  3.00017  5.07164  1.03766  3.43006  
