2.93104  0.98535  3.97863  2.27222  1.79769e+308  1.79769e+308  2.93104  0.98535  
2.88132  1.00584  3.97863  2.27222  1.79769e+308  1.79769e+308  2.88132  1.00584  
2.91047  0.977938  3.97863  2.27222  1.79769e+308  1.79769e+308  2.91047  0.977938  
2.713  1.27222  3.97863  2.27222  1.79769e+308  1.79769e+308  2.713  1.27222  
2.88791  0.991305  3.97863  2.27222  1.79769e+308  1.79769e+308  2.88791  0.991305  
2.89838  0.998349  3.97863  2.27222  1.79769e+308  1.79769e+308  2.89838  0.998349  
2.95628  0.984863  3.97863  2.27222  1.79769e+308  1.79769e+308  2.95628  0.984863  
2.9303  0.989795  3.97863  2.27222  1.79769e+308  1.79769e+308  2.9303  0.989795  
2.92008  0.974049  3.97863  2.27222  1.79769e+308  1.79769e+308  2.92008  0.974049  
2.93005  0.97985  3.97863  2.27222  1.79769e+308  1.79769e+308  2.93005  0.97985  
2.8879  0.991008  3.97863  2.27222  1.79769e+308  1.79769e+308  2.8879  0.991008  
2.91281  0.993358  3.97863  2.27222  1.79769e+308  1.79769e+308  2.91281  0.993358  
2.948  0.978686  3.97863  2.27222  1.79769e+308  1.79769e+308  2.948  0.978686  
2.91683  0.985185  3.97863  2.27222  1.79769e+308  1.79769e+308  2.91683  0.985185  
2.94755  0.977402  3.97863  2.27222  1.79769e+308  1.79769e+308  2.94755  0.977402  
2.97073  0.982868  3.97863  2.27222  1.79769e+308  1.79769e+308  2.97073  0.982868  
2.90621  0.975307  3.97863  2.27222  1.79769e+308  1.79769e+308  2.90621  0.975307  
2.95724  0.975714  3.97863  2.27222  1.79769e+308  1.79769e+308  2.95724  0.975714  
2.95274  0.98299  3.97863  2.27222  1.79769e+308  1.79769e+308  2.95274  0.98299  
2.9358  0.990813  3.97863  2.27222  1.79769e+308  1.79769e+308  2.9358  0.990813  
2.92297  0.989236  3.97863  2.27222  1.79769e+308  1.79769e+308  2.92297  0.989236  
2.95892  0.979744  3.97863  2.27222  1.79769e+308  1.79769e+308  2.95892  0.979744  
2.95752  0.991089  3.97863  2.27222  1.79769e+308  1.79769e+308  2.95752  0.991089  
2.9145  0.983875  3.97863  2.27222  1.79769e+308  1.79769e+308  2.9145  0.983875  
2.94094  0.986322  3.97863  2.27222  1.79769e+308  1.79769e+308  2.94094  0.986322  
2.90421  0.995837  3.97863  2.27222  1.79769e+308  1.79769e+308  2.90421  0.995837  
2.83912  1.04141  3.97863  2.27222  1.79769e+308  1.79769e+308  2.83912  1.04141  
2.95103  0.986135  3.97863  2.27222  1.79769e+308  1.79769e+308  2.95103  0.986135  
2.94746  0.971087  3.97863  2.27222  1.79769e+308  1.79769e+308  2.94746  0.971087  
2.90935  0.987662  3.97863  2.27222  1.79769e+308  1.79769e+308  2.90935  0.987662  
2.93349  0.975734  3.97863  2.27222  1.79769e+308  1.79769e+308  2.93349  0.975734  
2.9512  0.986022  3.97863  2.27222  1.79769e+308  1.79769e+308  2.9512  0.986022  
2.91185  0.996595  3.97863  2.27222  1.79769e+308  1.79769e+308  2.91185  0.996595  
2.91706  0.993552  3.97863  2.27222  1.79769e+308  1.79769e+308  2.91706  0.993552  
2.8774  1.00709  3.97863  2.27222  1.79769e+308  1.79769e+308  2.8774  1.00709  
2.92576  0.985241  3.97863  2.27222  1.79769e+308  1.79769e+308  2.92576  0.985241  
2.86376  1.00857  3.97863  2.27222  1.79769e+308  1.79769e+308  2.86376  1.00857  
2.95814  0.983859  3.97863  2.27222  1.79769e+308  1.79769e+308  2.95814  0.983859  
2.96682  0.984946  3.97863  2.27222  1.79769e+308  1.79769e+308  2.96682  0.984946  
2.91262  0.986527  3.97863  2.27222  1.79769e+308  1.79769e+308  2.91262  0.986527  
2.95667  0.97692  3.97863  2.27222  1.79769e+308  1.79769e+308  2.95667  0.97692  
2.89306  0.981995  3.97863  2.27222  1.79769e+308  1.79769e+308  2.89306  0.981995  
2.9463  0.981303  3.97863  2.27222  1.79769e+308  1.79769e+308  2.9463  0.981303  
2.90744  0.989582  3.97863  2.27222  1.79769e+308  1.79769e+308  2.90744  0.989582  
2.95803  0.985819  3.97863  2.27222  1.79769e+308  1.79769e+308  2.95803  0.985819  
2.95371  0.988505  3.97863  2.27222  1.79769e+308  1.79769e+308  2.95371  0.988505  
2.93507  0.987295  3.97863  2.27222  1.79769e+308  1.79769e+308  2.93507  0.987295  
2.95738  0.977595  3.97863  2.27222  1.79769e+308  1.79769e+308  2.95738  0.977595  
2.90456  0.992608  3.97863  2.27222  1.79769e+308  1.79769e+308  2.90456  0.992608  
2.93015  0.988364  3.97863  2.27222  1.79769e+308  1.79769e+308  2.93015  0.988364  
2.95354  0.989596  3.97863  2.27222  1.79769e+308  1.79769e+308  2.95354  0.989596  
2.91505  0.990273  3.97863  2.27222  1.79769e+308  1.79769e+308  2.91505  0.990273  
2.97863  0.983638  3.97863  2.27222  1.79769e+308  1.79769e+308  2.97863  0.983638  
2.9269  0.975085  3.97863  2.27222  1.79769e+308  1.79769e+308  2.9269  0.975085  
2.90268  0.994054  3.97863  2.27222  1.79769e+308  1.79769e+308  2.90268  0.994054  
2.90618  0.991812  3.97863  2.27222  1.79769e+308  1.79769e+308  2.90618  0.991812  
2.89571  0.99236  3.97863  2.27222  1.79769e+308  1.79769e+308  2.89571  0.99236  
2.93857  0.984129  3.97863  2.27222  1.79769e+308  1.79769e+308  2.93857  0.984129  
2.9565  0.980102  3.97863  2.27222  1.79769e+308  1.79769e+308  2.9565  0.980102  
2.82529  1.04326  3.97863  2.27222  1.79769e+308  1.79769e+308  2.82529  1.04326  
2.96106  0.985211  3.97863  2.27222  1.79769e+308  1.79769e+308  2.96106  0.985211  
2.91577  0.989085  3.97863  2.27222  1.79769e+308  1.79769e+308  2.91577  0.989085  
2.88247  1.00917  3.97863  2.27222  1.79769e+308  1.79769e+308  2.88247  1.00917  
2.96892  0.98194  3.97863  2.27222  1.79769e+308  1.79769e+308  2.96892  0.98194  
2.90676  0.983876  3.97863  2.27222  1.79769e+308  1.79769e+308  2.90676  0.983876  
2.94868  0.981619  3.97863  2.27222  1.79769e+308  1.79769e+308  2.94868  0.981619  
2.94869  0.985581  3.97863  2.27222  1.79769e+308  1.79769e+308  2.94869  0.985581  
2.9194  0.991076  3.97863  2.27222  1.79769e+308  1.79769e+308  2.9194  0.991076  
2.92101  0.983276  3.97863  2.27222  1.79769e+308  1.79769e+308  2.92101  0.983276  
2.92246  0.983805  3.97863  2.27222  1.79769e+308  1.79769e+308  2.92246  0.983805  
2.94305  0.979166  3.97863  2.27222  1.79769e+308  1.79769e+308  2.94305  0.979166  
2.93125  0.987446  3.97863  2.27222  1.79769e+308  1.79769e+308  2.93125  0.987446  
2.93545  0.991002  3.97863  2.27222  1.79769e+308  1.79769e+308  2.93545  0.991002  
2.89942  0.990651  3.97863  2.27222  1.79769e+308  1.79769e+308  2.89942  0.990651  
2.92546  0.9822  3.97863  2.27222  1.79769e+308  1.79769e+308  2.92546  0.9822  
2.87268  1.00826  3.97863  2.27222  1.79769e+308  1.79769e+308  2.87268  1.00826  
2.95897  0.990907  3.97863  2.27222  1.79769e+308  1.79769e+308  2.95897  0.990907  
2.92482  0.972577  3.97863  2.27222  1.79769e+308  1.79769e+308  2.92482  0.972577  
2.93361  0.987437  3.97863  2.27222  1.79769e+308  1.79769e+308  2.93361  0.987437  
2.92767  0.987409  3.97863  2.27222  1.79769e+308  1.79769e+308  2.92767  0.987409  
2.92874  0.984155  3.97863  2.27222  1.79769e+308  1.79769e+308  2.92874  0.984155  
2.91325  0.991648  3.97863  2.27222  1.79769e+308  1.79769e+308  2.91325  0.991648  
2.91416  0.990892  3.97863  2.27222  1.79769e+308  1.79769e+308  2.91416  0.990892  
2.93162  0.986332  3.97863  2.27222  1.79769e+308  1.79769e+308  2.93162  0.986332  
2.95005  0.979928  3.97863  2.27222  1.79769e+308  1.79769e+308  2.95005  0.979928  
2.91631  0.987926  3.97863  2.27222  1.79769e+308  1.79769e+308  2.91631  0.987926  
2.94101  0.988532  3.97863  2.27222  1.79769e+308  1.79769e+308  2.94101  0.988532  
2.91797  0.986474  3.97863  2.27222  1.79769e+308  1.79769e+308  2.91797  0.986474  
2.93133  0.988584  3.97863  2.27222  1.79769e+308  1.79769e+308  2.93133  0.988584  
2.87349  1.00568  3.97863  2.27222  1.79769e+308  1.79769e+308  2.87349  1.00568  
2.95415  0.985935  3.97863  2.27222  1.79769e+308  1.79769e+308  2.95415  0.985935  
2.9487  0.993808  3.97863  2.27222  1.79769e+308  1.79769e+308  2.9487  0.993808  
2.93848  0.989262  3.97863  2.27222  1.79769e+308  1.79769e+308  2.93848  0.989262  
2.96756  0.987474  3.97863  2.27222  1.79769e+308  1.79769e+308  2.96756  0.987474  
2.95184  0.98523  3.97863  2.27222  1.79769e+308  1.79769e+308  2.95184  0.98523  
2.97554  0.984431  3.97863  2.27222  1.79769e+308  1.79769e+308  2.97554  0.984431  
2.96547  0.98729  3.97863  2.27222  1.79769e+308  1.79769e+308  2.96547  0.98729  
2.9491  0.978069  3.97863  2.27222  1.79769e+308  1.79769e+308  2.9491  0.978069  
2.96792  0.984569  3.97863  2.27222  1.79769e+308  1.79769e+308  2.96792  0.984569  
2.94607  0.986822  3.97863  2.27222  1.79769e+308  1.79769e+308  2.94607  0.986822  
2.22875  1.58378  3.89886  4.20533  3.7685  5.03172  2.86197  0.884912  
2.74429  0.774886  3.89886  4.20533  3.7685  5.03172  2.80871  0.890424  
2.30413  1.55773  3.89886  4.20533  3.7685  5.03172  2.80169  0.89774  
1.32373  2.99202  3.89886  4.20533  3.7685  5.03172  2.846  0.886566  
1.73991  2.30307  3.89886  4.20533  3.7685  5.03172  2.50714  1.28876  
1.64015  2.37895  3.89886  4.20533  3.7685  5.03172  2.75712  0.925059  
1.12264  3.18633  3.89886  4.20533  3.7685  5.03172  2.65807  1.0054  
1.09845  3.20981  3.89886  4.20533  3.7685  5.03172  2.80497  0.90325  
1.90612  1.94861  3.89886  4.20533  3.7685  5.03172  2.7685  0.924213  
1.30507  3.0476  3.89886  4.20533  3.7685  5.03172  1.13867  3.20533  
1.29493  3.07883  3.89886  4.20533  3.7685  5.03172  2.81376  0.877139  
2.57238  0.974033  3.89886  4.20533  3.7685  5.03172  2.84059  0.85797  
1.10893  3.19605  3.89886  4.20533  3.7685  5.03172  2.43284  1.49084  
1.54108  2.41723  3.89886  4.20533  3.7685  5.03172  2.85213  0.900288  
2.13424  1.60002  3.89886  4.20533  3.7685  5.03172  2.75383  0.851164  
1.33517  2.96004  3.89886  4.20533  3.7685  5.03172  2.65336  1.0676  
2.00525  1.7281  3.89886  4.20533  3.7685  5.03172  2.89169  0.903965  
1.44644  2.59566  3.89886  4.20533  3.7685  5.03172  1.48385  2.59896  
1.48475  2.49676  3.89886  4.20533  3.7685  5.03172  2.61228  1.02264  
1.37443  2.82357  3.89886  4.20533  3.7685  5.03172  2.74263  0.94614  
2.66931  0.806529  3.89886  4.20533  3.7685  5.03172  1.92334  2.06183  
2.6523  0.824534  3.89886  4.20533  3.7685  5.03172  2.119  1.69188  
1.36779  2.85317  3.89886  4.20533  3.7685  5.03172  2.74792  0.93704  
1.56531  2.40452  3.89886  4.20533  3.7685  5.03172  2.55078  1.16984  
2.37554  1.43636  3.89886  4.20533  3.7685  5.03172  1.81067  2.41355  
1.69134  2.35606  3.89886  4.20533  3.7685  5.03172  2.72381  0.910993  
1.83888  2.1174  3.89886  4.20533  3.7685  5.03172  2.8539  0.889232  
2.17502  1.59375  3.89886  4.20533  3.7685  5.03172  2.79046  0.921586  
1.27266  3.16733  3.89886  4.20533  3.7685  5.03172  2.73584  0.892966  
0.981623  3.80978  3.89886  4.20533  3.7685  5.03172  2.5798  1.27546  
1.72471  2.32128  3.89886  4.20533  3.7685  5.03172  2.72191  0.950189  
1.35024  2.93376  3.89886  4.20533  3.7685  5.03172  2.80401  0.891676  
1.28672  3.11738  3.89886  4.20533  3.7685  5.03172  2.89796  0.908989  
2.6286  0.874354  3.89886  4.20533  3.7685  5.03172  2.84679  0.891168  
1.31377  3.02741  3.89886  4.20533  3.7685  5.03172  2.73313  0.90364  
1.42252  2.68481  3.89886  4.20533  3.7685  5.03172  2.74397  0.870288  
0.926841  4.03172  3.89886  4.20533  3.7685  5.03172  2.67391  0.967697  
2.42847  1.30871  3.89886  4.20533  3.7685  5.03172  2.67286  1.09524  
1.77493  2.25123  3.89886  4.20533  3.7685  5.03172  2.45092  1.49744  
1.59478  2.39294  3.89886  4.20533  3.7685  5.03172  1.85283  2.24692  
1.0088  3.66169  3.89886  4.20533  3.7685  5.03172  1.85633  2.38114  
2.02786  1.68738  3.89886  4.20533  3.7685  5.03172  1.92297  2.09677  
1.87193  2.03948  3.89886  4.20533  3.7685  5.03172  2.16401  1.6425  
2.53646  1.01086  3.89886  4.20533  3.7685  5.03172  2.66832  1.00493  
1.82134  2.15868  3.89886  4.20533  3.7685  5.03172  2.85456  0.879752  
2.7326  0.785149  3.89886  4.20533  3.7685  5.03172  2.89886  0.919607  
2.60729  0.895934  3.89886  4.20533  3.7685  5.03172  2.83133  0.837313  
1.5282  2.42861  3.89886  4.20533  3.7685  5.03172  1.65852  2.46867  
1.06925  3.27524  3.89886  4.20533  3.7685  5.03172  2.61343  1.19293  
2.05991  1.63918  3.89886  4.20533  3.7685  5.03172  2.73128  0.915454  
2.36628  1.47929  3.89886  4.20533  3.7685  5.03172  2.79917  0.922282  
1.76576  2.28683  3.89886  4.20533  3.7685  5.03172  2.67158  0.953023  
1.42923  2.62183  3.89886  4.20533  3.7685  5.03172  2.80205  0.921586  
2.50073  1.13848  3.89886  4.20533  3.7685  5.03172  2.66093  0.992816  
1.02869  3.56231  3.89886  4.20533  3.7685  5.03172  2.87882  0.898659  
1.51282  2.44679  3.89886  4.20533  3.7685  5.03172  2.68822  1.04295  
1.14294  3.18448  3.89886  4.20533  3.7685  5.03172  2.86031  0.880627  
2.28434  1.56592  3.89886  4.20533  3.7685  5.03172  2.83053  0.893156  
2.64397  0.865583  3.89886  4.20533  3.7685  5.03172  2.67889  1.07477  
1.80733  2.19012  3.89886  4.20533  3.7685  5.03172  2.75968  0.902179  
1.92042  1.91808  3.89886  4.20533  3.7685  5.03172  2.64921  1.09121  
1.78606  2.22757  3.89886  4.20533  3.7685  5.03172  1.89648  2.23465  
2.59817  0.930048  3.89886  4.20533  3.7685  5.03172  2.79407  0.923674  
2.44134  1.24829  3.89886  4.20533  3.7685  5.03172  2.71962  0.973266  
1.928  1.90235  3.89886  4.20533  3.7685  5.03172  2.86999  0.91016  
2.48309  1.17347  3.89886  4.20533  3.7685  5.03172  1.66102  2.4403  
1.05064  3.33497  3.89886  4.20533  3.7685  5.03172  2.78129  0.888557  
1.06016  3.30199  3.89886  4.20533  3.7685  5.03172  2.67497  1.16977  
1.08252  3.23451  3.89886  4.20533  3.7685  5.03172  2.8308  0.853859  
2.57753  0.959086  3.89886  4.20533  3.7685  5.03172  1.81912  2.32372  
1.67222  2.36812  3.89886  4.20533  3.7685  5.03172  2.73809  0.9839  
2.38989  1.39749  3.89886  4.20533  3.7685  5.03172  2.72191  0.876709  
1.95728  1.78473  3.89886  4.20533  3.7685  5.03172  2.71701  1.00495  
1.03831  3.49462  3.89886  4.20533  3.7685  5.03172  2.81686  0.890824  
1.94201  1.86729  3.89886  4.20533  3.7685  5.03172  2.15773  1.70251  
1.49902  2.473  3.89886  4.20533  3.7685  5.03172  2.70192  0.859567  
2.46839  1.22979  3.89886  4.20533  3.7685  5.03172  2.87806  0.891275  
1.8996  1.96466  3.89886  4.20533  3.7685  5.03172  2.86041  0.866344  
2.41726  1.34854  3.89886  4.20533  3.7685  5.03172  2.78073  0.807397  
2.03793  1.64984  3.89886  4.20533  3.7685  5.03172  2.87344  0.897903  
1.61487  2.38313  3.89886  4.20533  3.7685  5.03172  2.81086  0.866552  
2.51652  1.06177  3.89886  4.20533  3.7685  5.03172  2.58057  1.22255  
1.87634  2.01722  3.89886  4.20533  3.7685  5.03172  2.87996  0.887933  
2.09417  1.61393  3.89886  4.20533  3.7685  5.03172  2.69074  1.02286  
1.46839  2.52831  3.89886  4.20533  3.7685  5.03172  2.77707  0.930649  
1.38608  2.76511  3.89886  4.20533  3.7685  5.03172  2.04218  1.79175  
1.70955  2.33936  3.89886  4.20533  3.7685  5.03172  2.88168  0.892131  
2.33015  1.53196  3.89886  4.20533  3.7685  5.03172  2.83636  0.91224  
2.35276  1.50778  3.89886  4.20533  3.7685  5.03172  1.83582  2.42083  
1.94983  1.83643  3.89886  4.20533  3.7685  5.03172  2.87239  0.883832  
1.8275  2.14353  3.89886  4.20533  3.7685  5.03172  2.56374  1.23874  
2.38286  1.41225  3.89886  4.20533  3.7685  5.03172  1.90229  2.01457  
1.02142  3.59405  3.89886  4.20533  3.7685  5.03172  2.79181  0.855043  
1.84658  2.077  3.89886  4.20533  3.7685  5.03172  2.69661  0.946648  
1.39941  2.70481  3.89886  4.20533  3.7685  5.03172  2.75392  0.924683  
1.04296  3.43558  3.89886  4.20533  3.7685  5.03172  2.60781  1.15795  
1.35962  2.88711  3.89886  4.20533  3.7685  5.03172  2.83588  0.856151  
2.68738  0.795029  3.89886  4.20533  3.7685  5.03172  2.79045  0.902855  
1.88823  1.99624  3.89886  4.20533  3.7685  5.03172  2.86199  0.905507  
2.40147  1.38117  3.89886  4.20533  3.7685  5.03172  2.69847  0.922979  
2.43937  1.12359  3.83427  4.2284  3.76295  5.03172  2.63075  0.882086  
2.53156  0.909793  3.83427  4.2284  3.76295  5.03172  2.7469  0.780981  
1.36957  2.68012  3.83427  4.2284  3.76295  5.03172  2.83427  0.908136  
1.01251  3.28468  3.83427  4.2284  3.76295  5.03172  1.02403  3.2284  
2.51937  0.956366  3.83427  4.2284  3.76295  5.03172  2.6908  0.800682  
1.97661  1.66904  3.83427  4.2284  3.76295  5.03172  2.77753  0.78188  
1.80233  2.02669  3.83427  4.2284  3.76295  5.03172  2.80102  0.826633  
2.14786  1.54213  3.83427  4.2284  3.76295  5.03172  2.73373  0.796745  
1.68907  2.26874  3.83427  4.2284  3.76295  5.03172  2.64113  0.804804  
1.70781  2.25229  3.83427  4.2284  3.76295  5.03172  2.81015  0.865202  
2.323  1.42757  3.83427  4.2284  3.76295  5.03172  2.67551  0.931939  
2.57404  0.840868  3.83427  4.2284  3.76295  5.03172  2.66098  0.826242  
1.91259  1.81978  3.83427  4.2284  3.76295  5.03172  1.83002  1.93801  
1.32494  2.84319  3.83427  4.2284  3.76295  5.03172  2.79684  0.811764  
1.88949  1.88978  3.83427  4.2284  3.76295  5.03172  2.04135  1.69293  
1.74794  2.20232  3.83427  4.2284  3.76295  5.03172  2.70445  0.84046  
2.02136  1.58807  3.83427  4.2284  3.76295  5.03172  2.73481  0.833951  
1.75504  2.1598  3.83427  4.2284  3.76295  5.03172  2.72037  0.802875  
2.60688  0.790498  3.83427  4.2284  3.76295  5.03172  2.59943  0.934935  
1.78578  2.08595  3.83427  4.2284  3.76295  5.03172  2.70898  0.831387  
1.23092  3.11996  3.83427  4.2284  3.76295  5.03172  2.5929  0.893702  
1.90258  1.86799  3.83427  4.2284  3.76295  5.03172  2.7337  0.816761  
2.07472  1.5607  3.83427  4.2284  3.76295  5.03172  2.79834  0.867719  
2.55388  0.894631  3.83427  4.2284  3.76295  5.03172  2.37926  1.55149  
1.99893  1.59955  3.83427  4.2284  3.76295  5.03172  2.78492  0.869844  
1.33896  2.74074  3.83427  4.2284  3.76295  5.03172  2.47996  1.17077  
1.59903  2.33448  3.83427  4.2284  3.76295  5.03172  2.50368  1.27019  
1.73057  2.21571  3.83427  4.2284  3.76295  5.03172  2.77015  0.856692  
1.26144  3.05089  3.83427  4.2284  3.76295  5.03172  2.49715  1.1726  
0.977135  3.66478  3.83427  4.2284  3.76295  5.03172  2.7821  0.819711  
1.25361  3.06392  3.83427  4.2284  3.76295  5.03172  2.66156  0.893997  
1.32778  2.79206  3.83427  4.2284  3.76295  5.03172  2.69437  0.809686  
1.39763  2.55072  3.83427  4.2284  3.76295  5.03172  2.63501  0.923395  
2.41785  1.17587  3.83427  4.2284  3.76295  5.03172  2.76501  0.844155  
1.29799  2.95472  3.83427  4.2284  3.76295  5.03172  2.74388  0.778252  
2.25816  1.5171  3.83427  4.2284  3.76295  5.03172  2.72451  0.797979  
0.926841  4.03172  3.83427  4.2284  3.76295  5.03172  2.69488  0.851932  
1.33456  2.76735  3.83427  4.2284  3.76295  5.03172  2.75747  0.840431  
2.10297  1.55449  3.83427  4.2284  3.76295  5.03172  2.64909  0.975577  
1.44393  2.44916  3.83427  4.2284  3.76295  5.03172  2.51476  1.17124  
2.66681  0.745302  3.83427  4.2284  3.76295  5.03172  2.74311  0.758159  
2.3192  1.43487  3.83427  4.2284  3.76295  5.03172  2.75844  0.795198  
2.64007  0.758298  3.83427  4.2284  3.76295  5.03172  2.79449  0.818307  
2.61715  0.776556  3.83427  4.2284  3.76295  5.03172  2.71465  1.0104  
2.71302  0.736514  3.83427  4.2284  3.76295  5.03172  2.72178  0.896844  
1.07284  3.14568  3.83427  4.2284  3.76295  5.03172  2.43782  1.21845  
1.93209  1.71561  3.83427  4.2284  3.76295  5.03172  2.58022  0.98035  
1.56266  2.34197  3.83427  4.2284  3.76295  5.03172  2.71181  0.781973  
0.992368  3.37739  3.83427  4.2284  3.76295  5.03172  2.78613  0.80012  
1.52919  2.36166  3.83427  4.2284  3.76295  5.03172  1.78836  2.27103  
2.22286  1.53348  3.83427  4.2284  3.76295  5.03172  2.7975  0.802819  
1.09278  3.14319  3.83427  4.2284  3.76295  5.03172  2.19209  1.69004  
1.34666  2.72601  3.83427  4.2284  3.76295  5.03172  2.8277  0.839711  
1.82439  1.9502  3.83427  4.2284  3.76295  5.03172  2.66706  0.924868  
1.96552  1.69013  3.83427  4.2284  3.76295  5.03172  2.67427  0.848838  
1.49173  2.38355  3.83427  4.2284  3.76295  5.03172  1.70875  2.29828  
1.83002  1.93801  3.83427  4.2284  3.76295  5.03172  2.75934  0.789598  
2.58366  0.811953  3.83427  4.2284  3.76295  5.03172  2.46302  1.24312  
1.37512  2.60485  3.83427  4.2284  3.76295  5.03172  2.70451  0.838385  
1.43722  2.46444  3.83427  4.2284  3.76295  5.03172  1.54607  2.45343  
2.68924  0.741118  3.83427  4.2284  3.76295  5.03172  1.91825  2.05631  
1.04607  3.1791  3.83427  4.2284  3.76295  5.03172  2.67589  0.780307  
2.49988  1.00832  3.83427  4.2284  3.76295  5.03172  2.61429  0.890889  
1.40884  2.52759  3.83427  4.2284  3.76295  5.03172  2.77156  0.808173  
2.39043  1.23324  3.83427  4.2284  3.76295  5.03172  2.75297  0.791143  
2.45717  1.06499  3.83427  4.2284  3.76295  5.03172  2.63917  0.927721  
1.02403  3.2284  3.83427  4.2284  3.76295  5.03172  1.92068  2.09821  
2.04778  1.57386  3.83427  4.2284  3.76295  5.03172  2.57548  1.08717  
2.46932  1.04461  3.83427  4.2284  3.76295  5.03172  2.63452  0.82747  
2.3374  1.37895  3.83427  4.2284  3.76295  5.03172  2.71179  0.825154  
1.63254  2.32337  3.83427  4.2284  3.76295  5.03172  2.72904  0.807523  
1.4809  2.39362  3.83427  4.2284  3.76295  5.03172  2.3512  1.47215  
1.05558  3.16468  3.83427  4.2284  3.76295  5.03172  2.52497  1.07968  
1.81571  1.9769  3.83427  4.2284  3.76295  5.03172  2.6504  0.821714  
1.71375  2.24474  3.83427  4.2284  3.76295  5.03172  2.75466  0.82308  
1.47449  2.41184  3.83427  4.2284  3.76295  5.03172  2.50092  1.0301  
2.42881  1.14401  3.83427  4.2284  3.76295  5.03172  2.75666  0.8232  
1.98761  1.62971  3.83427  4.2284  3.76295  5.03172  2.80412  0.832524  
2.35384  1.34443  3.83427  4.2284  3.76295  5.03172  2.54335  1.05877  
2.56425  0.872904  3.83427  4.2284  3.76295  5.03172  2.75802  0.828216  
1.39368  2.57329  3.83427  4.2284  3.76295  5.03172  2.77163  0.861298  
2.47728  1.02771  3.83427  4.2284  3.76295  5.03172  2.73767  0.781757  
2.35952  1.30858  3.83427  4.2284  3.76295  5.03172  2.75313  0.828568  
1.67652  2.28495  3.83427  4.2284  3.76295  5.03172  2.80399  0.814681  
2.36897  1.2856  3.83427  4.2284  3.76295  5.03172  2.39396  1.40155  
0.991632  3.49578  3.83427  4.2284  3.76295  5.03172  2.74811  0.813554  
1.35492  2.69387  3.83427  4.2284  3.76295  5.03172  2.71133  0.736576  
0.99359  3.37169  3.83427  4.2284  3.76295  5.03172  2.54625  0.915392  
2.3097  1.46009  3.83427  4.2284  3.76295  5.03172  1.11987  3.15994  
2.4464  1.09873  3.83427  4.2284  3.76295  5.03172  2.7118  0.792838  
1.76417  2.13302  3.83427  4.2284  3.76295  5.03172  2.29264  1.57029  
1.46008  2.43668  3.83427  4.2284  3.76295  5.03172  2.65094  0.898628  
1.79873  2.04382  3.83427  4.2284  3.76295  5.03172  2.73147  0.784854  
1.91893  1.78265  3.83427  4.2284  3.76295  5.03172  2.64706  0.935609  
1.65893  2.2963  3.83427  4.2284  3.76295  5.03172  2.11421  1.59491  
1.02965  3.21343  3.83427  4.2284  3.76295  5.03172  2.72834  0.869557  
2.40768  1.21139  3.83427  4.2284  3.76295  5.03172  1.49432  2.52971  
2.51183  0.980152  3.83427  4.2284  3.76295  5.03172  2.75004  0.81779  
2.28357  1.47234  3.83427  4.2284  3.76295  5.03172  2.46022  1.14493  
1.42769  2.49093  3.83427  4.2284  3.76295  5.03172  2.71082  0.907593  
1.22448  2.21404  3.46356  4.72098  3.42905  5.20362  1.7434  1.40539  
1.19635  2.26151  3.46356  4.72098  3.42905  5.20362  2.26578  0.653161  
2.40478  0.481697  3.46356  4.72098  3.42905  5.20362  1.35462  2.1463  
0.654237  3.72098  3.46356  4.72098  3.42905  5.20362  1.79314  1.30277  
1.56528  1.77816  3.46356  4.72098  3.42905  5.20362  2.39167  0.489618  
2.17324  0.873132  3.46356  4.72098  3.42905  5.20362  2.25812  0.70201  
1.18513  2.28962  3.46356  4.72098  3.42905  5.20362  2.34146  0.585499  
1.49311  2.02411  3.46356  4.72098  3.42905  5.20362  1.32848  2.10932  
2.30133  0.592112  3.46356  4.72098  3.42905  5.20362  2.06502  1.2942  
2.06271  1.15936  3.46356  4.72098  3.42905  5.20362  1.65499  1.54366  
2.42905  0.469792  3.46356  4.72098  3.42905  5.20362  2.09396  1.27456  
1.12995  2.45746  3.46356  4.72098  3.42905  5.20362  2.19752  0.940136  
1.4716  2.06064  3.46356  4.72098  3.42905  5.20362  2.37372  0.54371  
2.15285  0.940915  3.46356  4.72098  3.42905  5.20362  1.24438  2.62469  
1.25236  2.15267  3.46356  4.72098  3.42905  5.20362  1.17857  2.38385  
2.32119  0.541688  3.46356  4.72098  3.42905  5.20362  1.86431  1.28654  
1.27285  2.1284  3.46356  4.72098  3.42905  5.20362  1.87949  1.30279  
1.16604  2.33344  3.46356  4.72098  3.42905  5.20362  2.42859  0.509566  
1.05898  2.72054  3.46356  4.72098  3.42905  5.20362  1.09029  2.66432  
1.55221  1.79232  3.46356  4.72098  3.42905  5.20362  2.21755  0.849623  
2.29257  0.607847  3.46356  4.72098  3.42905  5.20362  1.15125  2.78975  
1.01569  2.82267  3.46356  4.72098  3.42905  5.20362  1.9968  1.23479  
2.19381  0.829835  3.46356  4.72098  3.42905  5.20362  2.35699  0.585248  
2.00782  1.22468  3.46356  4.72098  3.42905  5.20362  1.62829  1.78151  
1.11484  2.51144  3.46356  4.72098  3.42905  5.20362  2.45883  0.504363  
2.1611  0.915135  3.46356  4.72098  3.42905  5.20362  2.19968  0.877786  
1.57212  1.73866  3.46356  4.72098  3.42905  5.20362  1.36137  2.18615  
1.9299  1.27954  3.46356  4.72098  3.42905  5.20362  2.30872  0.668562  
1.61437  1.64454  3.46356  4.72098  3.42905  5.20362  2.42905  0.469792  
1.75335  1.34172  3.46356  4.72098  3.42905  5.20362  2.22039  0.777211  
2.26446  0.656005  3.46356  4.72098  3.42905  5.20362  1.57212  1.73866  
2.1989  0.814822  3.46356  4.72098  3.42905  5.20362  2.17045  1.12321  
1.58661  1.71022  3.46356  4.72098  3.42905  5.20362  0.971962  2.92441  
1.51876  1.91793  3.46356  4.72098  3.42905  5.20362  1.53291  1.94087  
1.12085  2.47811  3.46356  4.72098  3.42905  5.20362  2.31174  0.604383  
1.44897  2.08841  3.46356  4.72098  3.42905  5.20362  2.46078  0.48794  
1.73392  1.38249  3.46356  4.72098  3.42905  5.20362  2.20337  0.871277  
2.3391  0.523177  3.46356  4.72098  3.42905  5.20362  1.80443  1.34236  
0.971962  2.92441  3.46356  4.72098  3.42905  5.20362  2.06943  1.14762  
1.08798  2.61958  3.46356  4.72098  3.42905  5.20362  2.13916  1.00523  
1.20558  2.23849  3.46356  4.72098  3.42905  5.20362  2.29678  0.619591  
1.03558  2.77772  3.46356  4.72098  3.42905  5.20362  2.16973  0.90021  
1.68832  1.41781  3.46356  4.72098  3.42905  5.20362  1.77473  1.34002  
1.99123  1.24213  3.46356  4.72098  3.42905  5.20362  2.37545  0.528892  
1.50324  1.94097  3.46356  4.72098  3.42905  5.20362  1.49849  2.06382  
0.882756  2.97491  3.46356  4.72098  3.42905  5.20362  2.18922  0.928451  
0.692976  3.61845  3.46356  4.72098  3.42905  5.20362  2.20623  0.829938  
1.24224  2.17565  3.46356  4.72098  3.42905  5.20362  2.21613  0.870959  
0.666267  3.6981  3.46356  4.72098  3.42905  5.20362  2.46356  0.47383  
2.39167  0.489618  3.46356  4.72098  3.42905  5.20362  2.33521  0.60109  
2.35489  0.510969  3.46356  4.72098  3.42905  5.20362  1.19109  2.30789  
2.24671  0.687524  3.46356  4.72098  3.42905  5.20362  2.18033  0.951399  
1.71177  1.40661  3.46356  4.72098  3.42905  5.20362  1.70516  1.56456  
1.48208  2.04482  3.46356  4.72098  3.42905  5.20362  1.68347  1.42701  
1.29244  2.11307  3.46356  4.72098  3.42905  5.20362  1.84587  1.30436  
1.62227  1.61254  3.46356  4.72098  3.42905  5.20362  2.24748  0.777959  
0.712776  3.53155  3.46356  4.72098  3.42905  5.20362  2.35705  0.548832  
0.874237  2.98488  3.46356  4.72098  3.42905  5.20362  2.23238  0.857979  
1.67011  1.50558  3.46356  4.72098  3.42905  5.20362  1.50316  2.07071  
1.54545  1.80581  3.46356  4.72098  3.42905  5.20362  2.30884  0.635543  
2.21337  0.780809  3.46356  4.72098  3.42905  5.20362  1.71803  1.4169  
0.898757  2.96394  3.46356  4.72098  3.42905  5.20362  1.34308  2.14822  
1.80431  1.29446  3.46356  4.72098  3.42905  5.20362  1.73587  1.37775  
1.04458  2.74533  3.46356  4.72098  3.42905  5.20362  1.4514  2.10634  
2.09705  1.0865  3.46356  4.72098  3.42905  5.20362  1.25919  2.16516  
1.96822  1.2608  3.46356  4.72098  3.42905  5.20362  2.44936  0.493224  
2.27577  0.633711  3.46356  4.72098  3.42905  5.20362  2.35565  0.564987  
0.603873  4.20362  3.46356  4.72098  3.42905  5.20362  2.31948  0.620098  
1.63997  1.55688  3.46356  4.72098  3.42905  5.20362  1.21257  2.32938  
1.77536  1.30876  3.46356  4.72098  3.42905  5.20362  2.10527  1.11231  
1.32848  2.10932  3.46356  4.72098  3.42905  5.20362  2.40805  0.521564  
2.10346  1.04982  3.46356  4.72098  3.42905  5.20362  1.7079  1.47666  
0.821429  3.20763  3.46356  4.72098  3.42905  5.20362  1.7555  1.34703  
1.5974  1.68213  3.46356  4.72098  3.42905  5.20362  1.13824  2.47444  
0.98747  2.90687  3.46356  4.72098  3.42905  5.20362  2.12588  1.08643  
1.53017  1.87052  3.46356  4.72098  3.42905  5.20362  1.86225  1.29943  
2.23664  0.703043  3.46356  4.72098  3.42905  5.20362  2.39162  0.550496  
2.07799  1.10883  3.46356  4.72098  3.42905  5.20362  1.27367  2.1365  
1.00472  2.87605  3.46356  4.72098  3.42905  5.20362  0.654237  3.72098  
1.53389  1.82977  3.46356  4.72098  3.42905  5.20362  1.65771  1.54916  
2.0414  1.18459  3.46356  4.72098  3.42905  5.20362  2.32119  0.541688  
2.12324  1.0129  3.46356  4.72098  3.42905  5.20362  2.42592  0.508381  
0.842607  3.05823  3.46356  4.72098  3.42905  5.20362  1.14092  2.52695  
1.73961  1.36667  3.46356  4.72098  3.42905  5.20362  2.26808  0.709209  
1.86431  1.28654  3.46356  4.72098  3.42905  5.20362  2.36386  0.543869  
0.785586  3.29982  3.46356  4.72098  3.42905  5.20362  2.46052  0.488807  
2.22854  0.73934  3.46356  4.72098  3.42905  5.20362  2.38011  0.51774  
0.7354  3.32218  3.46356  4.72098  3.42905  5.20362  1.63018  1.76934  
0.796146  3.24513  3.46356  4.72098  3.42905  5.20362  0.7354  3.32218  
1.06514  2.67134  3.46356  4.72098  3.42905  5.20362  2.36609  0.533133  
0.725194  3.46351  3.46356  4.72098  3.42905  5.20362  2.24981  0.794593  
2.03317  1.19536  3.46356  4.72098  3.42905  5.20362  2.09745  1.10028  
1.68347  1.42701  3.46356  4.72098  3.42905  5.20362  2.36826  0.524148  
2.37709  0.499199  3.46356  4.72098  3.42905  5.20362  2.24487  0.691528  
2.18205  0.860473  3.46356  4.72098  3.42905  5.20362  2.13044  1.07308  
2.12981  0.987789  3.46356  4.72098  3.42905  5.20362  1.20558  2.23849  
1.15158  2.39979  3.46356  4.72098  3.42905  5.20362  2.13589  1.05857  
1.10335  2.59175  3.46356  4.72098  3.42905  5.20362  2.33978  0.614384  
2.14206  0.960748  3.46356  4.72098  3.42905  5.20362  2.28273  0.664659  
1.65605  1.53387  3.46356  4.72098  3.42905  5.20362  2.37659  0.517879  
1.08571  1.62632  3.08024  4.34285  3.07216  4.74308  1.30618  1.07963  
1.12945  1.53344  3.08024  4.34285  3.07216  4.74308  1.7062  0.754016  
1.19678  1.34806  3.08024  4.34285  3.07216  4.74308  0.72218  2.13097  
0.889684  1.72495  3.08024  4.34285  3.07216  4.74308  1.96681  0.187939  
0.287201  3.21428  3.08024  4.34285  3.07216  4.74308  2.08024  0.104905  
1.71801  0.728878  3.08024  4.34285  3.07216  4.74308  1.89119  0.27188  
1.39548  0.947557  3.08024  4.34285  3.07216  4.74308  2.05274  0.11434  
1.74989  0.634592  3.08024  4.34285  3.07216  4.74308  0.621459  2.41974  
1.1118  1.57201  3.08024  4.34285  3.07216  4.74308  1.83573  0.39134  
1.81178  0.448115  3.08024  4.34285  3.07216  4.74308  0.43709  2.59105  
0.460852  2.5291  3.08024  4.34285  3.07216  4.74308  2.01936  0.146672  
1.28147  1.14029  3.08024  4.34285  3.07216  4.74308  0.878089  1.75642  
0.640418  2.35515  3.08024  4.34285  3.07216  4.74308  1.2091  1.31722  
1.60363  0.881604  3.08024  4.34285  3.07216  4.74308  1.65364  0.861633  
0.653719  2.30851  3.08024  4.34285  3.07216  4.74308  0.292618  3.21157  
2.0314  0.110922  3.08024  4.34285  3.07216  4.74308  1.9443  0.218715  
1.2091  1.31722  3.08024  4.34285  3.07216  4.74308  0.787678  1.89611  
1.77947  0.532659  3.08024  4.34285  3.07216  4.74308  1.10621  1.6125  
0.207904  3.33251  3.08024  4.34285  3.07216  4.74308  0.657663  2.36001  
1.14509  1.49776  3.08024  4.34285  3.07216  4.74308  1.19283  1.36893  
1.94545  0.176906  3.08024  4.34285  3.07216  4.74308  0.468998  2.56954  
0.41244  2.61272  3.08024  4.34285  3.07216  4.74308  0.754822  2.00477  
1.24199  1.24418  3.08024  4.34285  3.07216  4.74308  1.24003  1.25036  
0.379709  2.73003  3.08024  4.34285  3.07216  4.74308  1.18132  1.41598  
1.80404  0.475394  3.08024  4.34285  3.07216  4.74308  1.90202  0.314531  
0.629062  2.38169  3.08024  4.34285  3.07216  4.74308  1.18386  1.39894  
1.34816  1.00339  3.08024  4.34285  3.07216  4.74308  1.72437  0.718345  
1.87722  0.29262  3.08024  4.34285  3.07216  4.74308  1.26625  1.18602  
0.572063  2.49928  3.08024  4.34285  3.07216  4.74308  0.849747  1.76571  
1.84654  0.365332  3.08024  4.34285  3.07216  4.74308  1.98874  0.146618  
1.66484  0.826393  3.08024  4.34285  3.07216  4.74308  1.3951  0.973804  
1.72822  0.703137  3.08024  4.34285  3.07216  4.74308  0.705259  2.19452  
0.612591  2.43337  3.08024  4.34285  3.07216  4.74308  1.99912  0.160024  
1.03031  1.70047  3.08024  4.34285  3.07216  4.74308  1.75169  0.665155  
1.17021  1.42697  3.08024  4.34285  3.07216  4.74308  0.673879  2.24673  
1.76888  0.558271  3.08024  4.34285  3.07216  4.74308  0.877428  1.75619  
1.23006  1.28375  3.08024  4.34285  3.07216  4.74308  1.79843  0.541831  
1.06543  1.66118  3.08024  4.34285  3.07216  4.74308  0.750503  2.02362  
0.864368  1.73992  3.08024  4.34285  3.07216  4.74308  1.28661  1.14055  
0.319594  3.03154  3.08024  4.34285  3.07216  4.74308  1.76403  0.628146  
0.596431  2.46533  3.08024  4.34285  3.07216  4.74308  1.91661  0.239839  
0.781289  1.8749  3.08024  4.34285  3.07216  4.74308  1.8666  0.316335  
1.73676  0.686705  3.08024  4.34285  3.07216  4.74308  1.85342  0.404725  
0.422642  2.58427  3.08024  4.34285  3.07216  4.74308  1.85469  0.400122  
1.98328  0.1371  3.08024  4.34285  3.07216  4.74308  1.6534  0.860559  
0.441598  2.54961  3.08024  4.34285  3.07216  4.74308  0.866843  1.74699  
1.89429  0.26016  3.08024  4.34285  3.07216  4.74308  0.313441  3.14185  
1.30072  1.09174  3.08024  4.34285  3.07216  4.74308  1.37114  1.00119  
1.90921  0.23182  3.08024  4.34285  3.07216  4.74308  2.04448  0.114621  
1.65068  0.847714  3.08024  4.34285  3.07216  4.74308  1.78548  0.540146  
0.337907  2.92018  3.08024  4.34285  3.07216  4.74308  0.586478  2.48283  
0.183158  3.42838  3.08024  4.34285  3.07216  4.74308  0.729019  2.10205  
2.07216  0.103382  3.08024  4.34285  3.07216  4.74308  1.73676  0.686705  
1.29042  1.11896  3.08024  4.34285  3.07216  4.74308  0.337907  2.92018  
0.275641  3.2686  3.08024  4.34285  3.07216  4.74308  0.752304  2.02836  
1.37702  0.965173  3.08024  4.34285  3.07216  4.74308  0.46083  2.52911  
1.92687  0.203043  3.08024  4.34285  3.07216  4.74308  1.24756  1.23077  
1.35926  0.985132  3.08024  4.34285  3.07216  4.74308  1.60521  0.897834  
1.41452  0.923722  3.08024  4.34285  3.07216  4.74308  0.653216  2.37341  
0.264541  3.30488  3.08024  4.34285  3.07216  4.74308  1.7334  0.72409  
0.773971  1.91617  3.08024  4.34285  3.07216  4.74308  0.911921  1.7215  
1.26073  1.19292  3.08024  4.34285  3.07216  4.74308  0.787487  1.90113  
1.27001  1.16957  3.08024  4.34285  3.07216  4.74308  1.331  1.03221  
0.153113  3.74308  3.08024  4.34285  3.07216  4.74308  0.379709  2.73003  
0.154107  3.73208  3.08024  4.34285  3.07216  4.74308  0.197791  3.34285  
0.747245  1.98428  3.08024  4.34285  3.07216  4.74308  1.95423  0.182115  
0.807729  1.81892  3.08024  4.34285  3.07216  4.74308  1.929  0.19983  
1.68959  0.757538  3.08024  4.34285  3.07216  4.74308  1.81178  0.448115  
1.82104  0.424705  3.08024  4.34285  3.07216  4.74308  1.20063  1.37419  
0.397015  2.65825  3.08024  4.34285  3.07216  4.74308  1.62586  0.892263  
0.761951  1.94759  3.08024  4.34285  3.07216  4.74308  0.812765  1.82415  
1.18506  1.38911  3.08024  4.34285  3.07216  4.74308  0.807847  1.85409  
2.0028  0.123618  3.08024  4.34285  3.07216  4.74308  0.925186  1.73644  
0.499807  2.52116  3.08024  4.34285  3.07216  4.74308  0.704981  2.18134  
0.711139  2.10828  3.08024  4.34285  3.07216  4.74308  2.00028  0.12832  
1.44233  0.911772  3.08024  4.34285  3.07216  4.74308  1.77996  0.603097  
1.04686  1.68041  3.08024  4.34285  3.07216  4.74308  1.10586  1.61215  
1.96568  0.15344  3.08024  4.34285  3.07216  4.74308  1.26473  1.1839  
1.31549  1.05804  3.08024  4.34285  3.07216  4.74308  1.78611  0.573391  
0.197791  3.34285  3.08024  4.34285  3.07216  4.74308  2.06515  0.104222  
0.819639  1.79439  3.08024  4.34285  3.07216  4.74308  0.761009  1.96565  
0.361955  2.85555  3.08024  4.34285  3.07216  4.74308  0.836627  1.86034  
0.310398  3.08204  3.08024  4.34285  3.07216  4.74308  1.9703  0.152308  
0.688895  2.17892  3.08024  4.34285  3.07216  4.74308  1.34161  1.02297  
0.325861  2.99215  3.08024  4.34285  3.07216  4.74308  0.711085  2.14755  
1.75898  0.590185  3.08024  4.34285  3.07216  4.74308  0.773027  1.92431  
0.368248  2.82396  3.08024  4.34285  3.07216  4.74308  1.66937  0.827874  
0.673812  2.23925  3.08024  4.34285  3.07216  4.74308  1.35926  0.985132  
0.923173  1.7191  3.08024  4.34285  3.07216  4.74308  0.737879  2.05935  
1.33434  1.02458  3.08024  4.34285  3.07216  4.74308  1.40907  0.962098  
0.83916  1.76918  3.08024  4.34285  3.07216  4.74308  0.900194  1.74299  
1.85981  0.331499  3.08024  4.34285  3.07216  4.74308  1.14317  1.52481  
0.298099  3.19036  3.08024  4.34285  3.07216  4.74308  1.06917  1.66993  
0.697513  2.14409  3.08024  4.34285  3.07216  4.74308  1.3075  1.15357  
1.83541  0.389103  3.08024  4.34285  3.07216  4.74308  1.62423  0.88306  
0.7254  2.05569  3.08024  4.34285  3.07216  4.74308  0.382036  2.99924  
1.10207  1.59576  3.08024  4.34285  3.07216  4.74308  1.44233  0.911772  
0.736551  2.01878  3.08024  4.34285  3.07216  4.74308  1.15667  1.46475  
0.664477  2.27694  3.08024  4.34285  3.07216  4.74308  0.413013  2.61612  
1.15686  1.46301  3.08024  4.34285  3.07216  4.74308  1.67273  0.855478  
1.87723  0.195196  3.06142  4.79514  3.06115  4.79514  1.91515  0.13886  
1.31146  0.932399  3.06142  4.79514  3.06115  4.79514  0.967921  1.65458  
1.38193  0.877675  3.06142  4.79514  3.06115  4.79514  1.5496  0.847836  
0.972415  1.65184  3.06142  4.79514  3.06115  4.79514  0.319588  2.70169  
0.319719  2.70108  3.06142  4.79514  3.06115  4.79514  0.361225  2.54957  
0.209783  3.23086  3.06142  4.79514  3.06115  4.79514  0.671205  2.01257  
2.06115  0.0694761  3.06142  4.79514  3.06115  4.79514  1.682  0.653446  
0.0952683  3.65047  3.06142  4.79514  3.06115  4.79514  1.69716  0.618513  
0.653785  2.07474  3.06142  4.79514  3.06115  4.79514  0.251019  3.07061  
0.628717  2.16479  3.06142  4.79514  3.06115  4.79514  0.786341  1.71855  
2.00985  0.0738827  3.06142  4.79514  3.06115  4.79514  1.61027  0.786309  
1.66499  0.690195  3.06142  4.79514  3.06115  4.79514  1.79355  0.375427  
1.06054  1.53218  3.06142  4.79514  3.06115  4.79514  0.533291  2.42352  
0.136841  3.29448  3.06142  4.79514  3.06115  4.79514  0.239561  3.12605  
0.274395  2.94324  3.06142  4.79514  3.06115  4.79514  0.123158  3.35103  
1.83201  0.284661  3.06142  4.79514  3.06115  4.79514  1.63047  0.755139  
1.1757  1.22899  3.06142  4.79514  3.06115  4.79514  1.97997  0.0840917  
1.63138  0.753614  3.06142  4.79514  3.06115  4.79514  1.88103  0.188735  
1.00107  1.62707  3.06142  4.79514  3.06115  4.79514  0.696613  1.92661  
1.10693  1.42175  3.06142  4.79514  3.06115  4.79514  0.210169  3.22994  
0.158247  3.27004  3.06142  4.79514  3.06115  4.79514  1.89765  0.162586  
0.39855  2.4858  3.06142  4.79514  3.06115  4.79514  1.05197  1.54942  
0.732375  1.82287  3.06142  4.79514  3.06115  4.79514  2.06142  0.069475  
0.573669  2.33915  3.06142  4.79514  3.06115  4.79514  0.75249  1.77618  
1.91158  0.143378  3.06142  4.79514  3.06115  4.79514  1.21224  1.1292  
1.76411  0.450097  3.06142  4.79514  3.06115  4.79514  0.683817  1.96895  
1.80423  0.349203  3.06142  4.79514  3.06115  4.79514  0.295499  2.82482  
1.77739  0.416092  3.06142  4.79514  3.06115  4.79514  0.646118  2.10241  
0.263451  3.00443  3.06142  4.79514  3.06115  4.79514  0.226419  3.18027  
0.704271  1.90242  3.06142  4.79514  3.06115  4.79514  1.10994  1.41377  
1.21673  1.11763  3.06142  4.79514  3.06115  4.79514  0.723314  1.8468  
1.61258  0.783022  3.06142  4.79514  3.06115  4.79514  1.8214  0.308618  
0.226198  3.18108  3.06142  4.79514  3.06115  4.79514  1.75275  0.479382  
1.79076  0.382377  3.06142  4.79514  3.06115  4.79514  0.866702  1.67028  
1.42173  0.870112  3.06142  4.79514  3.06115  4.79514  1.42399  0.869975  
1.59195  0.809948  3.06142  4.79514  3.06115  4.79514  0.116844  3.39448  
1.35415  0.891575  3.06142  4.79514  3.06115  4.79514  0.262405  3.01017  
1.68052  0.656756  3.06142  4.79514  3.06115  4.79514  1.09644  1.4489  
0.829231  1.68043  3.06142  4.79514  3.06115  4.79514  0.39874  2.48562  
1.16225  1.26728  3.06142  4.79514  3.06115  4.79514  1.12319  1.37783  
1.7096  0.588596  3.06142  4.79514  3.06115  4.79514  0.709643  1.88605  
1.07689  1.49631  3.06142  4.79514  3.06115  4.79514  1.31565  0.92723  
0.666226  2.03017  3.06142  4.79514  3.06115  4.79514  0.831394  1.67938  
0.803448  1.69909  3.06142  4.79514  3.06115  4.79514  0.633464  2.14791  
0.557181  2.37904  3.06142  4.79514  3.06115  4.79514  0.620654  2.19308  
0.641327  2.11969  3.06142  4.79514  3.06115  4.79514  0.737474  1.81018  
1.18919  1.19121  3.06142  4.79514  3.06115  4.79514  1.17405  1.23366  
0.112345  3.43356  3.06142  4.79514  3.06115  4.79514  0.581138  2.31883  
1.89383  0.16829  3.06142  4.79514  3.06115  4.79514  0.806599  1.69616  
0.0868301  3.79514  3.06142  4.79514  3.06115  4.79514  0.56683  2.35656  
1.24551  1.04852  3.06142  4.79514  3.06115  4.79514  1.95534  0.0990579  
1.64865  0.72267  3.06142  4.79514  3.06115  4.79514  1.58449  0.818288  
1.73727  0.519174  3.06142  4.79514  3.06115  4.79514  0.284363  2.88684  
0.747645  1.78659  3.06142  4.79514  3.06115  4.79514  0.428083  2.47084  
0.514458  2.44711  3.06142  4.79514  3.06115  4.79514  1.35686  0.88982  
0.332084  2.64693  3.06142  4.79514  3.06115  4.79514  1.23882  1.06371  
0.345676  2.59605  3.06142  4.79514  3.06115  4.79514  0.378093  2.51299  
1.12107  1.38366  3.06142  4.79514  3.06115  4.79514  1.29829  0.950394  
0.123158  3.35103  3.06142  4.79514  3.06115  4.79514  1.83575  0.276462  
1.97778  0.0851604  3.06142  4.79514  3.06115  4.79514  1.22538  1.09588  
0.360625  2.55113  3.06142  4.79514  3.06115  4.79514  1.80737  0.34164  
0.296506  2.81932  3.06142  4.79514  3.06115  4.79514  0.0868301  3.79514  
0.678701  1.98645  3.06142  4.79514  3.06115  4.79514  1.25269  1.03283  
0.538251  2.41563  3.06142  4.79514  3.06115  4.79514  1.77983  0.409889  
0.251875  3.06623  3.06142  4.79514  3.06115  4.79514  0.995015  1.6334  
0.588566  2.29736  3.06142  4.79514  3.06115  4.79514  0.307281  2.76216  
1.09225  1.45942  3.06142  4.79514  3.06115  4.79514  1.73935  0.513845  
1.95256  0.101177  3.06142  4.79514  3.06115  4.79514  1.03502  1.58008  
1.84647  0.253692  3.06142  4.79514  3.06115  4.79514  0.551154  2.39179  
1.81797  0.316553  3.06142  4.79514  3.06115  4.79514  0.658635  2.05729  
1.1487  1.30601  3.06142  4.79514  3.06115  4.79514  1.38391  0.877  
1.72355  0.553975  3.06142  4.79514  3.06115  4.79514  2.01129  0.0735736  
1.29342  0.957729  3.06142  4.79514  3.06115  4.79514  1.1489  1.30543  
0.782448  1.72385  3.06142  4.79514  3.06115  4.79514  1.64865  0.72267  
1.69526  0.62299  3.06142  4.79514  3.06115  4.79514  1.76627  0.444555  
1.53709  0.854872  3.06142  4.79514  3.06115  4.79514  1.66578  0.688542  
1.56792  0.83423  3.06142  4.79514  3.06115  4.79514  0.59462  2.279  
1.04293  1.56635  3.06142  4.79514  3.06115  4.79514  1.01646  1.6082  
0.71795  1.86176  3.06142  4.79514  3.06115  4.79514  0.273448  2.94859  
0.615747  2.20999  3.06142  4.79514  3.06115  4.79514  0.13971  3.28776  
0.428323  2.4708  3.06142  4.79514  3.06115  4.79514  1.1361  1.34177  
0.307937  2.75879  3.06142  4.79514  3.06115  4.79514  0.768527  1.74561  
0.37773  2.51364  3.06142  4.79514  3.06115  4.79514  1.93401  0.11767  
0.866079  1.67034  3.06142  4.79514  3.06115  4.79514  1.86546  0.216297  
1.33139  0.910123  3.06142  4.79514  3.06115  4.79514  0.607864  2.23653  
0.239667  3.12557  3.06142  4.79514  3.06115  4.79514  1.71144  0.584089  
0.602484  2.25414  3.06142  4.79514  3.06115  4.79514  1.28222  0.975928  
0.691357  1.94373  3.06142  4.79514  3.06115  4.79514  1.0677  1.51694  
1.93094  0.120815  3.06142  4.79514  3.06115  4.79514  1.08236  1.48351  
0.28537  2.88116  3.06142  4.79514  3.06115  4.79514  0.346394  2.59363  
1.23091  1.0824  3.06142  4.79514  3.06115  4.79514  0.332579  2.64492  
1.20282  1.15407  3.06142  4.79514  3.06115  4.79514  1.72573  0.548491  
1.27655  0.985881  3.06142  4.79514  3.06115  4.79514  1.26712  1.00347  
1.86149  0.223788  3.06142  4.79514  3.06115  4.79514  1.33482  0.906867  
1.75071  0.484638  3.06142  4.79514  3.06115  4.79514  0.510701  2.45065  
0.103236  3.53547  3.06142  4.79514  3.06115  4.79514  1.19936  1.16337  
1.26068  1.01622  3.06142  4.79514  3.06115  4.79514  0.169808  3.26945  
0.764159  1.75334  3.06142  4.79514  3.06115  4.79514  1.8504  0.245638  
1.13504  1.34476  3.06142  4.79514  3.06115  4.79514  1.16151  1.2694  
1.02361  1.59806  3.06142  4.79514  3.06115  4.79514  1.18668  1.19818  
1.87737  0.194958  3.06105  5.00091  3.06115  5.00091  1.91026  0.145096  
1.31048  0.933652  3.06105  5.00091  3.06115  5.00091  0.120315  3.36904  
1.38158  0.877799  3.06105  5.00091  3.06115  5.00091  1.53817  0.854331  
0.97109  1.65268  3.06105  5.00091  3.06115  5.00091  0.319841  2.70051  
0.319936  2.70007  3.06105  5.00091  3.06115  5.00091  0.360658  2.55105  
0.208338  3.23421  3.06105  5.00091  3.06115  5.00091  0.670129  2.01635  
2.06115  0.0694761  3.06105  5.00091  3.06115  5.00091  1.66807  0.683743  
0.0926657  3.69293  3.06105  5.00091  3.06115  5.00091  1.68393  0.649099  
0.653473  2.07587  3.06105  5.00091  3.06115  5.00091  0.251115  3.07012  
0.628097  2.16699  3.06105  5.00091  3.06115  5.00091  0.785327  1.7199  
2.00985  0.0738827  3.06105  5.00091  3.06115  5.00091  1.59379  0.807781  
1.65694  0.706563  3.06105  5.00091  3.06115  5.00091  1.78567  0.395119  
1.05856  1.53626  3.06105  5.00091  3.06115  5.00091  0.515425  2.44614  
0.133272  3.30503  3.06105  5.00091  3.06115  5.00091  0.238744  3.12974  
0.274264  2.94398  3.06105  5.00091  3.06115  5.00091  0.109812  3.45876  
1.83207  0.284542  3.06105  5.00091  3.06115  5.00091  1.61486  0.779702  
1.17455  1.23227  3.06105  5.00091  3.06115  5.00091  1.97713  0.08549  
1.61952  0.772691  3.06105  5.00091  3.06115  5.00091  1.8754  0.198371  
0.999458  1.62882  3.06105  5.00091  3.06115  5.00091  0.695623  1.9298  
1.10511  1.42651  3.06105  5.00091  3.06115  5.00091  0.208256  3.2344  
0.152213  3.27224  3.06105  5.00091  3.06115  5.00091  1.89227  0.170666  
0.398383  2.48595  3.06105  5.00091  3.06115  5.00091  1.04007  1.57144  
0.732739  1.82194  3.06105  5.00091  3.06115  5.00091  2.06105  0.0694766  
0.57248  2.34226  3.06105  5.00091  3.06115  5.00091  0.751389  1.7785  
1.91167  0.14326  3.06105  5.00091  3.06115  5.00091  1.21423  1.12406  
1.76227  0.454849  3.06105  5.00091  3.06115  5.00091  0.682742  1.9726  
1.80396  0.34986  3.06105  5.00091  3.06115  5.00091  0.296466  2.81954  
1.7761  0.41937  3.06105  5.00091  3.06115  5.00091  0.644681  2.1076  
0.262962  3.00712  3.06105  5.00091  3.06115  5.00091  0.225016  3.18536  
0.704789  1.90082  3.06105  5.00091  3.06115  5.00091  1.10375  1.43008  
1.21594  1.11965  3.06105  5.00091  3.06115  5.00091  0.722239  1.84975  
1.5978  0.802892  3.06105  5.00091  3.06115  5.00091  1.81421  0.325366  
0.225139  3.18492  3.06105  5.00091  3.06115  5.00091  1.74322  0.503923  
1.79011  0.383992  3.06105  5.00091  3.06115  5.00091  0.866751  1.67028  
1.4219  0.870101  3.06105  5.00091  3.06115  5.00091  1.42127  0.870143  
1.57267  0.830026  3.06105  5.00091  3.06115  5.00091  0.100793  3.56821  
1.35344  0.892048  3.06105  5.00091  3.06115  5.00091  0.262771  3.00817  
1.67357  0.672005  3.06105  5.00091  3.06115  5.00091  1.08905  1.46734  
0.829201  1.68045  3.06105  5.00091  3.06115  5.00091  0.398506  2.48584  
1.16105  1.27071  3.06105  5.00091  3.06115  5.00091  1.11805  1.39192  
1.70488  0.60007  3.06105  5.00091  3.06115  5.00091  0.708778  1.88865  
1.07486  1.50096  3.06105  5.00091  3.06115  5.00091  1.3094  0.935048  
0.666058  2.03077  3.06105  5.00091  3.06115  5.00091  0.830858  1.67963  
0.80354  1.699  3.06105  5.00091  3.06115  5.00091  0.631859  2.15363  
0.556125  2.38135  3.06105  5.00091  3.06115  5.00091  0.618603  2.20018  
0.640846  2.12143  3.06105  5.00091  3.06115  5.00091  0.736378  1.81285  
1.18809  1.19427  3.06105  5.00091  3.06115  5.00091  1.17294  1.23683  
0.109812  3.45876  3.06105  5.00091  3.06115  5.00091  0.575198  2.3351  
1.89394  0.16812  3.06105  5.00091  3.06115  5.00091  0.805773  1.69691  
0.0849586  3.82938  3.06105  5.00091  3.06115  5.00091  0.558616  2.37586  
1.24467  1.0504  3.06105  5.00091  3.06115  5.00091  1.95162  0.101913  
1.63903  0.740349  3.06105  5.00091  3.06115  5.00091  1.56937  0.832971  
1.73407  0.527333  3.06105  5.00091  3.06115  5.00091  0.285243  2.88188  
0.747969  1.78588  3.06105  5.00091  3.06115  5.00091  0.428415  2.47078  
0.513793  2.44777  3.06105  5.00091  3.06115  5.00091  1.35267  0.892571  
0.332431  2.64552  3.06105  5.00091  3.06115  5.00091  1.2431  1.05392  
0.345839  2.5955  3.06105  5.00091  3.06115  5.00091  0.377645  2.51379  
1.11948  1.38801  3.06105  5.00091  3.06115  5.00091  1.29117  0.961222  
0.120315  3.36904  3.06105  5.00091  3.06115  5.00091  1.82881  0.291784  
1.97778  0.0851604  3.06105  5.00091  3.06115  5.00091  1.22848  1.08828  
0.360624  2.55113  3.06105  5.00091  3.06115  5.00091  1.79984  0.359905  
0.296638  2.8186  3.06105  5.00091  3.06115  5.00091  0.0849586  3.82938  
0.678706  1.98643  3.06105  5.00091  3.06115  5.00091  1.25834  1.02099  
0.537487  2.41689  3.06105  5.00091  3.06115  5.00091  1.77158  0.430931  
0.251276  3.0693  3.06105  5.00091  3.06115  5.00091  0.970748  1.65289  
0.587525  2.30044  3.06105  5.00091  3.06115  5.00091  0.307931  2.75883  
1.0903  1.46427  3.06105  5.00091  3.06115  5.00091  1.72879  0.540753  
1.95256  0.101177  3.06105  5.00091  3.06115  5.00091  1.02092  1.60198  
1.8466  0.253416  3.06105  5.00091  3.06115  5.00091  0.539396  2.41371  
1.81788  0.316768  3.06105  5.00091  3.06115  5.00091  0.657391  2.06176  
1.14734  1.30988  3.06105  5.00091  3.06115  5.00091  1.38094  0.878027  
1.71967  0.563708  3.06105  5.00091  3.06115  5.00091  2.00943  0.0739756  
1.29238  0.959329  3.06105  5.00091  3.06115  5.00091  1.14576  1.31439  
0.782629  1.7236  3.06105  5.00091  3.06115  5.00091  1.63383  0.749437  
1.68942  0.636581  3.06105  5.00091  3.06115  5.00091  1.75738  0.467432  
0.0753737  4.00091  3.06105  5.00091  3.06115  5.00091  1.6515  0.717221  
1.5407  0.853017  3.06105  5.00091  3.06115  5.00091  0.590418  2.29182  
1.04102  1.56976  3.06105  5.00091  3.06115  5.00091  0.998835  1.62948  
0.718469  1.86029  3.06105  5.00091  3.06115  5.00091  0.274071  2.94507  
0.615013  2.21249  3.06105  5.00091  3.06115  5.00091  0.133272  3.30503  
0.428194  2.47082  3.06105  5.00091  3.06115  5.00091  1.13202  1.35327  
0.308071  2.75811  3.06105  5.00091  3.06115  5.00091  0.767512  1.74736  
0.37757  2.51392  3.06105  5.00091  3.06115  5.00091  1.92981  0.122002  
0.86589  1.67036  3.06105  5.00091  3.06115  5.00091  1.85927  0.228058  
1.33047  0.911021  3.06105  5.00091  3.06115  5.00091  0.604819  2.24656  
0.238879  3.12913  3.06105  5.00091  3.06115  5.00091  1.69931  0.613414  
0.601577  2.25706  3.06105  5.00091  3.06115  5.00091  1.27427  0.990015  
0.691563  1.94305  3.06105  5.00091  3.06115  5.00091  1.05744  1.53854  
1.93098  0.120773  3.06105  5.00091  3.06115  5.00091  1.07365  1.50372  
0.285434  2.8808  3.06105  5.00091  3.06115  5.00091  0.345836  2.59551  
1.23009  1.08437  3.06105  5.00091  3.06115  5.00091  0.332382  2.64572  
1.20193  1.15644  3.06105  5.00091  3.06115  5.00091  1.71423  0.577227  
1.27563  0.987531  3.06105  5.00091  3.06115  5.00091  0.0926657  3.69293  
1.86166  0.223462  3.06105  5.00091  3.06115  5.00091  1.32958  0.91191  
1.7481  0.491358  3.06105  5.00091  3.06115  5.00091  0.0753737  4.00091  
0.100793  3.56821  3.06105  5.00091  3.06115  5.00091  1.2003  1.16082  
1.25982  1.01796  3.06105  5.00091  3.06115  5.00091  0.152213  3.27224  
0.764411  1.75289  3.06105  5.00091  3.06115  5.00091  1.84381  0.259239  
1.13352  1.34905  3.06105  5.00091  3.06115  5.00091  1.15937  1.27551  
1.02174  1.60079  3.06105  5.00091  3.06115  5.00091  1.18655  1.19854  
1.87636  0.196705  3.06097  5.00091  3.06113  5.00091  1.90911  0.14661  
1.31008  0.934168  3.06097  5.00091  3.06113  5.00091  0.119109  3.37744  
1.38124  0.877921  3.06097  5.00091  3.06113  5.00091  1.5373  0.85477  
0.970842  1.65283  3.06097  5.00091  3.06113  5.00091  0.319903  2.70023  
0.319984  2.69985  3.06097  5.00091  3.06113  5.00091  0.360631  2.55112  
0.20808  3.2348  3.06097  5.00091  3.06113  5.00091  0.667105  2.02705  
2.06113  0.0694762  3.06097  5.00091  3.06113  5.00091  1.6665  0.687044  
0.091439  3.71368  3.06097  5.00091  3.06113  5.00091  1.68229  0.652785  
0.653235  2.07673  3.06097  5.00091  3.06113  5.00091  0.251084  3.07028  
0.627685  2.16844  3.06097  5.00091  3.06113  5.00091  0.78387  1.72188  
2.00979  0.0738956  3.06097  5.00091  3.06113  5.00091  1.59253  0.809264  
1.65285  0.714595  3.06097  5.00091  3.06113  5.00091  1.78378  0.399895  
1.05803  1.53734  3.06097  5.00091  3.06113  5.00091  0.513893  2.44767  
0.132185  3.30877  3.06097  5.00091  3.06113  5.00091  0.238673  3.13006  
0.274236  2.94414  3.06097  5.00091  3.06113  5.00091  0.108664  3.47096  
1.83004  0.289038  3.06097  5.00091  3.06113  5.00091  1.61348  0.781721  
1.17384  1.23427  3.06097  5.00091  3.06113  5.00091  1.97641  0.085854  
1.61596  0.778064  3.06097  5.00091  3.06113  5.00091  1.87397  0.200872  
0.999089  1.62921  3.06097  5.00091  3.06113  5.00091  0.69291  1.93863  
1.10451  1.42809  3.06097  5.00091  3.06113  5.00091  0.208003  3.23497  
0.151426  3.27271  3.06097  5.00091  3.06113  5.00091  1.89097  0.172675  
0.398361  2.48597  3.06097  5.00091  3.06113  5.00091  1.03965  1.57217  
0.732901  1.82153  3.06097  5.00091  3.06113  5.00091  2.06097  0.0694769  
0.572063  2.34335  3.06097  5.00091  3.06113  5.00091  0.749424  1.78271  
1.91113  0.14396  3.06097  5.00091  3.06113  5.00091  1.21371  1.12539  
1.75865  0.464159  3.06097  5.00091  3.06113  5.00091  0.679955  1.98213  
1.80115  0.35671  3.06097  5.00091  3.06113  5.00091  0.296557  2.81904  
1.77278  0.427858  3.06097  5.00091  3.06113  5.00091  0.641593  2.11873  
0.262904  3.00744  3.06097  5.00091  3.06113  5.00091  0.224879  3.18585  
0.704841  1.90066  3.06097  5.00091  3.06113  5.00091  1.10316  1.43163  
1.21519  1.12157  3.06097  5.00091  3.06113  5.00091  0.719917  1.85621  
1.59488  0.806471  3.06097  5.00091  3.06113  5.00091  1.81258  0.329212  
0.224982  3.18548  3.06097  5.00091  3.06113  5.00091  1.74128  0.508887  
1.78692  0.391975  3.06097  5.00091  3.06113  5.00091  0.866234  1.67032  
1.42148  0.870129  3.06097  5.00091  3.06113  5.00091  1.42101  0.87016  
1.57034  0.832119  3.06097  5.00091  3.06113  5.00091  0.099639  3.58446  
1.35307  0.8923  3.06097  5.00091  3.06113  5.00091  0.262778  3.00813  
1.66949  0.680748  3.06097  5.00091  3.06113  5.00091  1.0885  1.46869  
0.829251  1.68042  3.06097  5.00091  3.06113  5.00091  0.398396  2.48594  
1.16027  1.27292  3.06097  5.00091  3.06113  5.00091  1.11741  1.39365  
1.7007  0.610108  3.06097  5.00091  3.06113  5.00091  0.70617  1.89658  
1.07432  1.5022  3.06097  5.00091  3.06113  5.00091  1.30897  0.935606  
0.665912  2.03128  3.06097  5.00091  3.06113  5.00091  0.829982  1.68006  
0.803628  1.69892  3.06097  5.00091  3.06113  5.00091  0.628734  2.16473  
0.555714  2.38224  3.06097  5.00091  3.06113  5.00091  0.615572  2.21058  
0.640539  2.12253  3.06097  5.00091  3.06113  5.00091  0.734234  1.81817  
1.18749  1.19594  3.06097  5.00091  3.06113  5.00091  1.17236  1.23846  
0.108664  3.47096  3.06097  5.00091  3.06113  5.00091  0.572774  2.3415  
1.89322  0.169214  3.06097  5.00091  3.06113  5.00091  0.804569  1.69803  
0.083553  3.85532  3.06097  5.00091  3.06113  5.00091  0.556352  2.38086  
1.24405  1.05178  3.06097  5.00091  3.06113  5.00091  1.95076  0.102592  
1.63509  0.747268  3.06097  5.00091  3.06113  5.00091  1.5683  0.833906  
1.73016  0.53728  3.06097  5.00091  3.06113  5.00091  0.285306  2.88152  
0.748128  1.78553  3.06097  5.00091  3.06113  5.00091  0.428203  2.47082  
0.513517  2.44803  3.06097  5.00091  3.06113  5.00091  1.35231  0.892816  
0.332458  2.64541  3.06097  5.00091  3.06113  5.00091  1.24261  1.05504  
0.345853  2.59545  3.06097  5.00091  3.06113  5.00091  0.377587  2.51389  
1.11883  1.38977  3.06097  5.00091  3.06113  5.00091  1.29071  0.961961  
0.119109  3.37744  3.06097  5.00091  3.06113  5.00091  1.82726  0.295259  
1.97763  0.0852365  3.06097  5.00091  3.06113  5.00091  1.22795  1.08958  
0.360624  2.55113  3.06097  5.00091  3.06113  5.00091  1.79809  0.364197  
0.296661  2.81848  3.06097  5.00091  3.06113  5.00091  0.083553  3.85532  
0.678651  1.98662  3.06097  5.00091  3.06113  5.00091  1.25785  1.02199  
0.537056  2.4176  3.06097  5.00091  3.06113  5.00091  1.76962  0.435954  
0.251193  3.06972  3.06097  5.00091  3.06113  5.00091  0.970385  1.65311  
0.587046  2.30185  3.06097  5.00091  3.06113  5.00091  0.308024  2.75835  
1.08976  1.4656  3.06097  5.00091  3.06113  5.00091  1.72696  0.545392  
1.95234  0.101348  3.06097  5.00091  3.06113  5.00091  1.02051  1.60256  
1.84496  0.256825  3.06097  5.00091  3.06113  5.00091  0.537569  2.41676  
1.81547  0.3224  3.06097  5.00091  3.06113  5.00091  0.65433  2.07278  
1.14663  1.31191  3.06097  5.00091  3.06113  5.00091  1.38066  0.878127  
1.71562  0.573786  3.06097  5.00091  3.06113  5.00091  2.00896  0.0740809  
1.29194  0.960022  3.06097  5.00091  3.06113  5.00091  1.14513  1.31618  
0.782738  1.72345  3.06097  5.00091  3.06113  5.00091  1.63237  0.751926  
1.68533  0.645939  3.06097  5.00091  3.06113  5.00091  1.7555  0.472287  
0.0753737  4.00091  3.06097  5.00091  3.06113  5.00091  1.64993  0.720224  
1.53893  0.853947  3.06097  5.00091  3.06113  5.00091  0.587872  2.29941  
1.04056  1.57058  3.06097  5.00091  3.06113  5.00091  0.99845  1.62989  
0.718543  1.86008  3.06097  5.00091  3.06113  5.00091  0.27411  2.94485  
0.614573  2.21399  3.06097  5.00091  3.06113  5.00091  0.132163  3.30885  
0.428145  2.47083  3.06097  5.00091  3.06113  5.00091  1.13138  1.35506  
0.308119  2.75786  3.06097  5.00091  3.06113  5.00091  0.76579  1.7504  
0.377575  2.51392  3.06097  5.00091  3.06113  5.00091  1.92879  0.123082  
0.86589  1.67036  3.06097  5.00091  3.06113  5.00091  1.85781  0.230883  
1.3301  0.91139  3.06097  5.00091  3.06113  5.00091  0.602029  2.25561  
0.238777  3.12959  3.06097  5.00091  3.06113  5.00091  1.69755  0.617583  
0.601119  2.25853  3.06097  5.00091  3.06113  5.00091  1.27379  0.990896  
0.691609  1.9429  3.06097  5.00091  3.06113  5.00091  1.057  1.53944  
1.93064  0.121127  3.06097  5.00091  3.06113  5.00091  1.07318  1.50477  
0.285425  2.88085  3.06097  5.00091  3.06113  5.00091  0.345827  2.59554  
1.22943  1.08598  3.06097  5.00091  3.06113  5.00091  0.3324  2.64565  
1.20128  1.15819  3.06097  5.00091  3.06113  5.00091  1.71239  0.581745  
1.27514  0.988416  3.06097  5.00091  3.06113  5.00091  0.091439  3.71368  
1.86028  0.226111  3.06097  5.00091  3.06113  5.00091  1.32915  0.912337  
1.74446  0.500719  3.06097  5.00091  3.06113  5.00091  0.0753737  4.00091  
0.099639  3.58446  3.06097  5.00091  3.06113  5.00091  1.19973  1.16237  
1.25925  1.01913  3.06097  5.00091  3.06113  5.00091  0.151372  3.27275  
0.764563  1.75261  3.06097  5.00091  3.06113  5.00091  1.84231  0.262389  
1.13286  1.3509  3.06097  5.00091  3.06113  5.00091  1.15876  1.27724  
1.02133  1.60139  3.06097  5.00091  3.06113  5.00091  1.18599  1.20009  
1.87525  0.198633  3.06092  5.00091  3.06105  5.00091  1.90858  0.147304  
1.30979  0.934541  3.06092  5.00091  3.06105  5.00091  0.11906  3.37779  
1.38124  0.877921  3.06092  5.00091  3.06105  5.00091  1.53708  0.854876  
0.970738  1.65289  3.06092  5.00091  3.06105  5.00091  0.319909  2.7002  
0.319984  2.69985  3.06092  5.00091  3.06105  5.00091  0.360622  2.55114  
0.208028  3.23491  3.06092  5.00091  3.06105  5.00091  0.666056  2.03077  
2.06105  0.0694766  3.06092  5.00091  3.06105  5.00091  1.66588  0.688348  
0.0913609  3.71502  3.06092  5.00091  3.06105  5.00091  1.68164  0.654251  
0.653011  2.07753  3.06092  5.00091  3.06105  5.00091  0.251077  3.07032  
0.627455  2.16926  3.06092  5.00091  3.06105  5.00091  0.783255  1.72273  
2.00938  0.0739869  3.06092  5.00091  3.06105  5.00091  1.59218  0.80968  
1.65145  0.717317  3.06092  5.00091  3.06105  5.00091  1.78313  0.401538  
1.05781  1.53779  3.06092  5.00091  3.06105  5.00091  0.513425  2.44812  
0.132129  3.30897  3.06092  5.00091  3.06105  5.00091  0.238658  3.13013  
0.274206  2.9443  3.06092  5.00091  3.06105  5.00091  0.108603  3.47162  
1.82875  0.291916  3.06092  5.00091  3.06105  5.00091  1.61306  0.78232  
1.1735  1.23523  3.06092  5.00091  3.06105  5.00091  1.97615  0.0859896  
1.61483  0.779747  3.06092  5.00091  3.06105  5.00091  1.87335  0.201975  
0.998963  1.62934  3.06092  5.00091  3.06105  5.00091  0.691938  1.94182  
1.10414  1.42905  3.06092  5.00091  3.06105  5.00091  0.207985  3.23501  
0.151372  3.27275  3.06092  5.00091  3.06105  5.00091  1.89041  0.173561  
0.398361  2.48597  3.06092  5.00091  3.06105  5.00091  1.03937  1.57266  
0.732901  1.82153  3.06092  5.00091  3.06105  5.00091  2.06092  0.0694772  
0.571797  2.34403  3.06092  5.00091  3.06105  5.00091  0.748689  1.7843  
1.91013  0.145261  3.06092  5.00091  3.06105  5.00091  1.21338  1.12625  
1.75714  0.468068  3.06092  5.00091  3.06105  5.00091  0.678894  1.98578  
1.79972  0.360198  3.06092  5.00091  3.06105  5.00091  0.296561  2.81902  
1.77127  0.431724  3.06092  5.00091  3.06105  5.00091  0.640553  2.12248  
0.262866  3.00765  3.06092  5.00091  3.06105  5.00091  0.224879  3.18585  
0.704804  1.90077  3.06092  5.00091  3.06105  5.00091  1.10286  1.43241  
1.21478  1.12264  3.06092  5.00091  3.06105  5.00091  0.719025  1.85872  
1.59371  0.807875  3.06092  5.00091  3.06105  5.00091  1.81182  0.331001  
0.224935  3.18565  3.06092  5.00091  3.06105  5.00091  1.74059  0.510675  
1.78542  0.395753  3.06092  5.00091  3.06105  5.00091  0.86601  1.67034  
1.42144  0.870131  3.06092  5.00091  3.06105  5.00091  1.4209  0.870168  
1.56931  0.833028  3.06092  5.00091  3.06105  5.00091  0.09956  3.58559  
1.35296  0.892373  3.06092  5.00091  3.06105  5.00091  0.262778  3.00813  
1.66805  0.683799  3.06092  5.00091  3.06105  5.00091  1.08816  1.46953  
0.82926  1.68042  3.06092  5.00091  3.06105  5.00091  0.398341  2.48599  
1.15992  1.27394  3.06092  5.00091  3.06105  5.00091  1.11711  1.39446  
1.69918  0.61373  3.06092  5.00091  3.06105  5.00091  0.705269  1.89934  
1.07403  1.50284  3.06092  5.00091  3.06105  5.00091  1.30871  0.935944  
0.665708  2.03201  3.06092  5.00091  3.06105  5.00091  0.82957  1.68026  
0.803647  1.6989  3.06092  5.00091  3.06105  5.00091  0.627692  2.16842  
0.555476  2.38275  3.06092  5.00091  3.06105  5.00091  0.614564  2.21402  
0.640307  2.12336  3.06092  5.00091  3.06105  5.00091  0.733446  1.82015  
1.18715  1.19687  3.06092  5.00091  3.06105  5.00091  1.17205  1.23936  
0.108603  3.47162  3.06092  5.00091  3.06105  5.00091  0.571964  2.3436  
1.89214  0.170877  3.06092  5.00091  3.06105  5.00091  0.804057  1.69851  
0.0835378  3.8556  3.06092  5.00091  3.06105  5.00091  0.55561  2.38246  
1.24371  1.05255  3.06092  5.00091  3.06105  5.00091  1.95043  0.102861  
1.63387  0.749368  3.06092  5.00091  3.06105  5.00091  1.56801  0.83415  
1.72867  0.541076  3.06092  5.00091  3.06105  5.00091  0.285308  2.88151  
0.748128  1.78553  3.06092  5.00091  3.06105  5.00091  0.428132  2.47083  
0.513361  2.44818  3.06092  5.00091  3.06105  5.00091  1.35209  0.892969  
0.332473  2.64535  3.06092  5.00091  3.06105  5.00091  1.24231  1.05572  
0.345872  2.59539  3.06092  5.00091  3.06105  5.00091  0.37756  2.51394  
1.11847  1.39076  3.06092  5.00091  3.06105  5.00091  1.29043  0.962394  
0.11906  3.37779  3.06092  5.00091  3.06105  5.00091  1.82655  0.296873  
1.97703  0.0855373  3.06092  5.00091  3.06105  5.00091  1.22763  1.09036  
0.360634  2.55111  3.06092  5.00091  3.06105  5.00091  1.79739  0.365925  
0.296661  2.81848  3.06092  5.00091  3.06105  5.00091  0.0835378  3.8556  
0.67852  1.98707  3.06092  5.00091  3.06105  5.00091  1.25754  1.02264  
0.536849  2.41793  3.06092  5.00091  3.06105  5.00091  1.76891  0.437776  
0.251149  3.06995  3.06092  5.00091  3.06105  5.00091  0.970213  1.65322  
0.586765  2.30267  3.06092  5.00091  3.06105  5.00091  0.308033  2.75831  
1.08937  1.46655  3.06092  5.00091  3.06105  5.00091  1.72627  0.547134  
1.9516  0.101927  3.06092  5.00091  3.06105  5.00091  1.02028  1.60289  
1.84375  0.259365  3.06092  5.00091  3.06105  5.00091  0.536955  2.41776  
1.81416  0.325469  3.06092  5.00091  3.06105  5.00091  0.653313  2.07644  
1.14624  1.31303  3.06092  5.00091  3.06105  5.00091  1.38047  0.878199  
1.71411  0.577504  3.06092  5.00091  3.06105  5.00091  2.00879  0.0741197  
1.29161  0.960543  3.06092  5.00091  3.06105  5.00091  1.14483  1.31703  
0.782764  1.72341  3.06092  5.00091  3.06105  5.00091  1.63194  0.752665  
1.68388  0.649212  3.06092  5.00091  3.06105  5.00091  1.75476  0.474205  
0.0753737  4.00091  3.06092  5.00091  3.06105  5.00091  1.64939  0.72125  
1.53811  0.854361  3.06092  5.00091  3.06105  5.00091  0.586927  2.3022  
1.04038  1.57089  3.06092  5.00091  3.06105  5.00091  0.998261  1.63008  
0.718543  1.86008  3.06092  5.00091  3.06105  5.00091  0.27411  2.94485  
0.614358  2.21472  3.06092  5.00091  3.06105  5.00091  0.132129  3.30897  
0.428138  2.47083  3.06092  5.00091  3.06105  5.00091  1.13107  1.35592  
0.308119  2.75786  3.06092  5.00091  3.06105  5.00091  0.765122  1.7516  
0.377575  2.51392  3.06092  5.00091  3.06105  5.00091  1.92834  0.123573  
0.86586  1.67036  3.06092  5.00091  3.06105  5.00091  1.85715  0.23217  
1.32991  0.911572  3.06092  5.00091  3.06105  5.00091  0.601021  2.25885  
0.238723  3.12983  3.06092  5.00091  3.06105  5.00091  1.69686  0.619224  
0.600845  2.25941  3.06092  5.00091  3.06105  5.00091  1.27349  0.991436  
0.691512  1.94322  3.06092  5.00091  3.06105  5.00091  1.05671  1.54001  
1.92978  0.122033  3.06092  5.00091  3.06105  5.00091  1.07286  1.50549  
0.285419  2.88088  3.06092  5.00091  3.06105  5.00091  0.345828  2.59554  
1.229  1.08701  3.06092  5.00091  3.06105  5.00091  0.332408  2.64561  
1.20088  1.15928  3.06092  5.00091  3.06105  5.00091  1.7117  0.583451  
1.27481  0.989032  3.06092  5.00091  3.06105  5.00091  0.0913609  3.71502  
1.85916  0.228278  3.06092  5.00091  3.06105  5.00091  1.32892  0.912567  
1.74295  0.504595  3.06092  5.00091  3.06105  5.00091  0.0753737  4.00091  
0.09956  3.58559  3.06092  5.00091  3.06105  5.00091  1.19943  1.16318  
1.25888  1.01988  3.06092  5.00091  3.06105  5.00091  0.151372  3.27275  
0.764571  1.7526  3.06092  5.00091  3.06105  5.00091  1.84161  0.263885  
1.13249  1.35193  3.06092  5.00091  3.06105  5.00091  1.15847  1.27807  
1.02114  1.60167  3.06092  5.00091  3.06105  5.00091  1.18568  1.20096  
1.87457  0.199816  3.0609  5.00091  3.061  5.00091  1.90837  0.147584  
1.30952  0.934889  3.0609  5.00091  3.061  5.00091  0.119024  3.37804  
1.38094  0.878026  3.0609  5.00091  3.061  5.00091  1.53693  0.854952  
0.970582  1.65299  3.0609  5.00091  3.061  5.00091  0.319909  2.7002  
0.319984  2.69985  3.0609  5.00091  3.061  5.00091  0.360612  2.55117  
0.208028  3.23491  3.0609  5.00091  3.061  5.00091  0.665744  2.03188  
2.061  0.0694768  3.0609  5.00091  3.061  5.00091  1.66558  0.68897  
0.0913183  3.71575  3.0609  5.00091  3.061  5.00091  1.68134  0.654923  
0.652818  2.07823  3.0609  5.00091  3.061  5.00091  0.251077  3.07032  
0.627231  2.17005  3.0609  5.00091  3.061  5.00091  0.783063  1.72299  
2.00915  0.0740372  3.0609  5.00091  3.061  5.00091  1.59195  0.809949  
1.65069  0.718781  3.0609  5.00091  3.061  5.00091  1.78273  0.402547  
1.05756  1.53829  3.0609  5.00091  3.061  5.00091  0.513304  2.44824  
0.132095  3.30909  3.0609  5.00091  3.061  5.00091  0.238658  3.13013  
0.274203  2.94432  3.0609  5.00091  3.061  5.00091  0.108567  3.47201  
1.82792  0.29379  3.0609  5.00091  3.061  5.00091  1.61279  0.782722  
1.1731  1.23637  3.0609  5.00091  3.061  5.00091  1.97595  0.0860928  
1.61416  0.780719  3.0609  5.00091  3.061  5.00091  1.87311  0.202391  
0.998798  1.62952  3.0609  5.00091  3.061  5.00091  0.691593  1.94295  
1.10391  1.42966  3.0609  5.00091  3.061  5.00091  0.207971  3.23504  
0.151345  3.27277  3.0609  5.00091  3.061  5.00091  1.89017  0.173923  
0.39835  2.48598  3.0609  5.00091  3.061  5.00091  1.03925  1.57287  
0.732884  1.82157  3.0609  5.00091  3.061  5.00091  2.0609  0.0694773  
0.571649  2.34441  3.0609  5.00091  3.061  5.00091  0.748433  1.78486  
1.90962  0.145934  3.0609  5.00091  3.061  5.00091  1.21324  1.12661  
1.7563  0.470224  3.0609  5.00091  3.061  5.00091  0.678576  1.98688  
1.79886  0.362305  3.0609  5.00091  3.061  5.00091  0.296561  2.81902  
1.77045  0.433808  3.0609  5.00091  3.061  5.00091  0.640218  2.12368  
0.262862  3.00767  3.0609  5.00091  3.061  5.00091  0.224879  3.18585  
0.70472  1.90104  3.0609  5.00091  3.061  5.00091  1.10274  1.43272  
1.21441  1.12358  3.0609  5.00091  3.061  5.00091  0.718749  1.8595  
1.59317  0.808513  3.0609  5.00091  3.061  5.00091  1.81149  0.3318  
0.224923  3.18569  3.0609  5.00091  3.061  5.00091  1.74021  0.511645  
1.78464  0.397712  3.0609  5.00091  3.061  5.00091  0.865896  1.67036  
1.42125  0.870144  3.0609  5.00091  3.061  5.00091  1.42084  0.870172  
1.5688  0.833469  3.0609  5.00091  3.061  5.00091  0.0995255  3.58608  
1.35272  0.892536  3.0609  5.00091  3.061  5.00091  0.262778  3.00813  
1.66724  0.685504  3.0609  5.00091  3.061  5.00091  1.08806  1.46978  
0.829275  1.68041  3.0609  5.00091  3.061  5.00091  0.398336  2.486  
1.15953  1.27504  3.0609  5.00091  3.061  5.00091  1.117  1.39477  
1.69837  0.615641  3.0609  5.00091  3.061  5.00091  0.704943  1.90035  
1.07378  1.50342  3.0609  5.00091  3.061  5.00091  1.3086  0.936093  
0.665553  2.03256  3.0609  5.00091  3.061  5.00091  0.829428  1.68034  
0.803664  1.69888  3.0609  5.00091  3.061  5.00091  0.627347  2.16963  
0.555323  2.38308  3.0609  5.00091  3.061  5.00091  0.614244  2.21511  
0.64009  2.12414  3.0609  5.00091  3.061  5.00091  0.733166  1.82086  
1.18674  1.198  3.0609  5.00091  3.061  5.00091  1.1719  1.23977  
0.108567  3.47201  3.0609  5.00091  3.061  5.00091  0.571734  2.3442  
1.89154  0.171804  3.0609  5.00091  3.061  5.00091  0.803896  1.69866  
0.0835003  3.85629  3.0609  5.00091  3.061  5.00091  0.555416  2.38288  
1.24336  1.05333  3.0609  5.00091  3.061  5.00091  1.9502  0.103042  
1.63313  0.750642  3.0609  5.00091  3.061  5.00091  1.56782  0.834317  
1.72786  0.543119  3.0609  5.00091  3.061  5.00091  0.285313  2.88148  
0.748138  1.78551  3.0609  5.00091  3.061  5.00091  0.428118  2.47083  
0.513247  2.44829  3.0609  5.00091  3.061  5.00091  1.35197  0.893051  
0.332473  2.64535  3.0609  5.00091  3.061  5.00091  1.24216  1.05606  
0.345872  2.59539  3.0609  5.00091  3.061  5.00091  0.377548  2.51396  
1.11822  1.39145  3.0609  5.00091  3.061  5.00091  1.29031  0.96259  
0.119024  3.37804  3.0609  5.00091  3.061  5.00091  1.82622  0.297612  
1.97674  0.085688  3.0609  5.00091  3.061  5.00091  1.22748  1.09073  
0.360645  2.55108  3.0609  5.00091  3.061  5.00091  1.79701  0.366861  
0.296656  2.81851  3.0609  5.00091  3.061  5.00091  0.0835003  3.85629  
0.678369  1.9876  3.0609  5.00091  3.061  5.00091  1.25741  1.02292  
0.536714  2.41815  3.0609  5.00091  3.061  5.00091  1.76855  0.438688  
0.251149  3.06995  3.0609  5.00091  3.061  5.00091  0.970116  1.65328  
0.586582  2.30321  3.0609  5.00091  3.061  5.00091  0.308033  2.75831  
1.08919  1.46701  3.0609  5.00091  3.061  5.00091  1.7259  0.548075  
1.95118  0.102259  3.0609  5.00091  3.061  5.00091  1.02014  1.60309  
1.84294  0.261059  3.0609  5.00091  3.061  5.00091  0.536791  2.41803  
1.81327  0.327585  3.0609  5.00091  3.061  5.00091  0.652994  2.0776  
1.14592  1.31394  3.0609  5.00091  3.061  5.00091  1.38035  0.878241  
1.71326  0.579619  3.0609  5.00091  3.061  5.00091  2.00864  0.0741534  
1.29132  0.960988  3.0609  5.00091  3.061  5.00091  1.14468  1.31746  
0.78278  1.72339  3.0609  5.00091  3.061  5.00091  1.63162  0.753198  
1.68312  0.65093  3.0609  5.00091  3.061  5.00091  1.7544  0.475111  
0.0753737  4.00091  3.0609  5.00091  3.061  5.00091  1.64907  0.721864  
1.53773  0.854556  3.0609  5.00091  3.061  5.00091  0.586683  2.30291  
1.04013  1.57134  3.0609  5.00091  3.061  5.00091  0.998144  1.63021  
0.718474  1.86028  3.0609  5.00091  3.061  5.00091  0.274113  2.94483  
0.614134  2.21549  3.0609  5.00091  3.061  5.00091  0.132095  3.30909  
0.428115  2.47083  3.0609  5.00091  3.061  5.00091  1.13095  1.35625  
0.308119  2.75786  3.0609  5.00091  3.061  5.00091  0.764888  1.75202  
0.377575  2.51392  3.0609  5.00091  3.061  5.00091  1.92813  0.123798  
0.86586  1.67036  3.0609  5.00091  3.061  5.00091  1.85688  0.232701  
1.32962  0.911865  3.0609  5.00091  3.061  5.00091  0.600763  2.25967  
0.238716  3.12987  3.0609  5.00091  3.061  5.00091  1.69656  0.619937  
0.600647  2.26005  3.0609  5.00091  3.061  5.00091  1.27338  0.99165  
0.691389  1.94362  3.0609  5.00091  3.061  5.00091  1.05658  1.54027  
1.92926  0.122585  3.0609  5.00091  3.061  5.00091  1.07273  1.50578  
0.285409  2.88094  3.0609  5.00091  3.061  5.00091  0.345828  2.59554  
1.22868  1.08779  3.0609  5.00091  3.061  5.00091  0.332408  2.64561  
1.20048  1.16034  3.0609  5.00091  3.061  5.00091  1.71139  0.584221  
1.27445  0.989679  3.0609  5.00091  3.061  5.00091  0.0913183  3.71575  
1.85841  0.229715  3.0609  5.00091  3.061  5.00091  1.3288  0.912689  
1.74209  0.506818  3.0609  5.00091  3.061  5.00091  0.0753737  4.00091  
0.0995255  3.58608  3.0609  5.00091  3.061  5.00091  1.19928  1.16359  
1.25856  1.02054  3.0609  5.00091  3.061  5.00091  0.151345  3.27277  
0.76459  1.75256  3.0609  5.00091  3.061  5.00091  1.8413  0.264535  
1.13215  1.3529  3.0609  5.00091  3.061  5.00091  1.15832  1.2785  
1.0209  1.60201  3.0609  5.00091  3.061  5.00091  1.18552  1.20141  
1.87419  0.200485  3.06088  5.00091  3.06098  5.00091  1.90824  0.147755  
1.30917  0.935347  3.06088  5.00091  3.06098  5.00091  0.119015  3.37811  
1.38074  0.8781  3.06088  5.00091  3.06098  5.00091  1.53678  0.855024  
0.970424  1.65309  3.06088  5.00091  3.06098  5.00091  0.319911  2.70019  
0.319984  2.69985  3.06088  5.00091  3.06098  5.00091  0.360612  2.55117  
0.208007  3.23496  3.06088  5.00091  3.06098  5.00091  0.665648  2.03222  
2.06098  0.0694769  3.06088  5.00091  3.06098  5.00091  1.66533  0.689483  
0.0913183  3.71575  3.06088  5.00091  3.06098  5.00091  1.68109  0.655475  
0.652762  2.07843  3.06088  5.00091  3.06098  5.00091  0.251066  3.07037  
0.627155  2.17031  3.06088  5.00091  3.06098  5.00091  0.782977  1.72311  
2.00904  0.0740619  3.06088  5.00091  3.06098  5.00091  1.5917  0.810237  
1.65021  0.719686  3.06088  5.00091  3.06098  5.00091  1.78255  0.402999  
1.05717  1.53909  3.06088  5.00091  3.06098  5.00091  0.513233  2.44831  
0.132095  3.30909  3.06088  5.00091  3.06098  5.00091  0.238648  3.13017  
0.274199  2.94434  3.06088  5.00091  3.06098  5.00091  0.108558  3.47211  
1.8274  0.294962  3.06088  5.00091  3.06098  5.00091  1.61255  0.783062  
1.17282  1.23716  3.06088  5.00091  3.06098  5.00091  1.97589  0.0861211  
1.61373  0.781352  3.06088  5.00091  3.06098  5.00091  1.87296  0.20266  
0.998574  1.62976  3.06088  5.00091  3.06098  5.00091  0.691525  1.94317  
1.10351  1.43072  3.06088  5.00091  3.06098  5.00091  0.207971  3.23504  
0.151345  3.27277  3.06088  5.00091  3.06098  5.00091  1.89003  0.174149  
0.39835  2.48598  3.06088  5.00091  3.06098  5.00091  1.03913  1.57308  
0.732875  1.8216  3.06088  5.00091  3.06098  5.00091  2.06088  0.0694774  
0.571581  2.34459  3.06088  5.00091  3.06098  5.00091  0.748341  1.78506  
1.90927  0.146389  3.06088  5.00091  3.06098  5.00091  1.21307  1.12704  
1.75577  0.471596  3.06088  5.00091  3.06098  5.00091  0.678484  1.9872  
1.79836  0.363527  3.06088  5.00091  3.06098  5.00091  0.296561  2.81902  
1.76994  0.43512  3.06088  5.00091  3.06098  5.00091  0.640163  2.12388  
0.262862  3.00767  3.06088  5.00091  3.06098  5.00091  0.224861  3.18591  
0.704677  1.90117  3.06088  5.00091  3.06098  5.00091  1.10259  1.43311  
1.21417  1.1242  3.06088  5.00091  3.06098  5.00091  0.718655  1.85976  
1.59279  0.808958  3.06088  5.00091  3.06098  5.00091  1.81129  0.332259  
0.224923  3.18569  3.06088  5.00091  3.06098  5.00091  1.73999  0.512204  
1.78412  0.399022  3.06088  5.00091  3.06098  5.00091  0.865877  1.67036  
1.4211  0.870154  3.06088  5.00091  3.06098  5.00091  1.4208  0.870175  
1.56854  0.833696  3.06088  5.00091  3.06098  5.00091  0.0995255  3.58608  
1.35238  0.89277  3.06088  5.00091  3.06098  5.00091  0.262771  3.00817  
1.66679  0.68643  3.06088  5.00091  3.06098  5.00091  1.08791  1.47014  
0.829275  1.68041  3.06088  5.00091  3.06098  5.00091  0.398329  2.486  
1.15919  1.27602  3.06088  5.00091  3.06098  5.00091  1.11685  1.39519  
1.69786  0.61686  3.06088  5.00091  3.06098  5.00091  0.70486  1.9006  
1.0734  1.50428  3.06088  5.00091  3.06098  5.00091  1.30849  0.936237  
0.665505  2.03273  3.06088  5.00091  3.06098  5.00091  0.82938  1.68036  
0.803664  1.69888  3.06088  5.00091  3.06098  5.00091  0.627289  2.16984  
0.555262  2.38321  3.06088  5.00091  3.06098  5.00091  0.614182  2.21532  
0.640011  2.12443  3.06088  5.00091  3.06098  5.00091  0.733073  1.8211  
1.18648  1.19873  3.06088  5.00091  3.06098  5.00091  1.1717  1.24033  
0.108558  3.47211  3.06088  5.00091  3.06098  5.00091  0.571649  2.34442  
1.89115  0.172399  3.06088  5.00091  3.06098  5.00091  0.803838  1.69872  
0.0835003  3.85629  3.06088  5.00091  3.06098  5.00091  0.555328  2.38307  
1.243  1.05416  3.06088  5.00091  3.06098  5.00091  1.95013  0.103101  
1.63267  0.751421  3.06088  5.00091  3.06098  5.00091  1.5676  0.834501  
1.72722  0.544745  3.06088  5.00091  3.06098  5.00091  0.285313  2.88148  
0.748138  1.78551  3.06088  5.00091  3.06098  5.00091  0.428093  2.47084  
0.513213  2.44833  3.06088  5.00091  3.06098  5.00091  1.3519  0.893101  
0.332473  2.64535  3.06088  5.00091  3.06098  5.00091  1.24202  1.05636  
0.345872  2.59539  3.06088  5.00091  3.06098  5.00091  0.377548  2.51396  
1.11782  1.39254  3.06088  5.00091  3.06098  5.00091  1.29019  0.962785  
0.119015  3.37811  3.06088  5.00091  3.06098  5.00091  1.82604  0.298024  
1.97654  0.0857876  3.06088  5.00091  3.06098  5.00091  1.22734  1.09106  
0.360645  2.55108  3.06088  5.00091  3.06098  5.00091  1.79683  0.367308  
0.296656  2.81851  3.06088  5.00091  3.06098  5.00091  0.0835003  3.85629  
0.678333  1.98772  3.06088  5.00091  3.06098  5.00091  1.25724  1.02325  
0.536661  2.41824  3.06088  5.00091  3.06098  5.00091  1.76836  0.439179  
0.251146  3.06996  3.06088  5.00091  3.06098  5.00091  0.97004  1.65332  
0.586532  2.30335  3.06088  5.00091  3.06098  5.00091  0.308033  2.75831  
1.08875  1.46808  3.06088  5.00091  3.06098  5.00091  1.72568  0.548626  
1.95093  0.102458  3.06088  5.00091  3.06098  5.00091  1.02004  1.60323  
1.8425  0.261997  3.06088  5.00091  3.06098  5.00091  0.536709  2.41816  
1.81278  0.328726  3.06088  5.00091  3.06098  5.00091  0.652903  2.07792  
1.14553  1.31504  3.06088  5.00091  3.06098  5.00091  1.38031  0.878258  
1.71269  0.581013  3.06088  5.00091  3.06098  5.00091  2.0086  0.0741629  
1.29097  0.961537  3.06088  5.00091  3.06098  5.00091  1.14452  1.31792  
0.78278  1.72339  3.06088  5.00091  3.06098  5.00091  1.63138  0.753602  
1.68264  0.652016  3.06088  5.00091  3.06098  5.00091  1.75418  0.47568  
0.0753737  4.00091  3.06088  5.00091  3.06098  5.00091  1.64884  0.722297  
1.53751  0.854663  3.06088  5.00091  3.06098  5.00091  0.586605  2.30314  
1.03979  1.57193  3.06088  5.00091  3.06098  5.00091  0.998048  1.63031  
0.718474  1.86028  3.06088  5.00091  3.06098  5.00091  0.274111  2.94484  
0.614057  2.21575  3.06088  5.00091  3.06098  5.00091  0.132095  3.30909  
0.428115  2.47083  3.06088  5.00091  3.06098  5.00091  1.13079  1.35671  
0.308119  2.75786  3.06088  5.00091  3.06098  5.00091  0.764801  1.75218  
0.377575  2.51392  3.06088  5.00091  3.06098  5.00091  1.92804  0.123888  
0.865851  1.67036  3.06088  5.00091  3.06098  5.00091  1.85672  0.233018  
1.3293  0.912187  3.06088  5.00091  3.06098  5.00091  0.600682  2.25993  
0.238716  3.12987  3.06088  5.00091  3.06098  5.00091  1.6963  0.620537  
0.600603  2.26019  3.06088  5.00091  3.06098  5.00091  1.27322  0.991929  
0.691342  1.94378  3.06088  5.00091  3.06098  5.00091  1.05646  1.54053  
1.92894  0.122926  3.06088  5.00091  3.06098  5.00091  1.07258  1.50611  
0.285405  2.88096  3.06088  5.00091  3.06098  5.00091  0.345828  2.59554  
1.22839  1.0885  3.06088  5.00091  3.06098  5.00091  0.332408  2.64561  
1.20026  1.16094  3.06088  5.00091  3.06098  5.00091  1.71114  0.584823  
1.27411  0.990299  3.06088  5.00091  3.06098  5.00091  0.0913183  3.71575  
1.85803  0.230457  3.06088  5.00091  3.06098  5.00091  1.32871  0.91278  
1.74157  0.508163  3.06088  5.00091  3.06098  5.00091  0.0753737  4.00091  
0.0995255  3.58608  3.06088  5.00091  3.06098  5.00091  1.19911  1.16406  
1.25816  1.02137  3.06088  5.00091  3.06098  5.00091  0.151341  3.27277  
0.76459  1.75256  3.06088  5.00091  3.06098  5.00091  1.84114  0.26487  
1.13177  1.35395  3.06088  5.00091  3.06098  5.00091  1.15813  1.27906  
1.02066  1.60235  3.06088  5.00091  3.06098  5.00091  1.18534  1.2019  
