1.38995  2.20904  6.35227  5.21291  1.79769e+308  1.79769e+308  1.38995  2.20904  
2.32839  0.710479  6.35227  5.21291  1.79769e+308  1.79769e+308  2.32839  0.710479  
1.39668  1.97263  6.35227  5.21291  1.79769e+308  1.79769e+308  1.39668  1.97263  
0.442891  3.14329  6.35227  5.21291  1.79769e+308  1.79769e+308  0.442891  3.14329  
3.85584  0.171943  6.35227  5.21291  1.79769e+308  1.79769e+308  3.85584  0.171943  
4.80318  0.0279767  6.35227  5.21291  1.79769e+308  1.79769e+308  4.80318  0.0279767  
2.56881  0.90083  6.35227  5.21291  1.79769e+308  1.79769e+308  2.56881  0.90083  
2.11958  0.705235  6.35227  5.21291  1.79769e+308  1.79769e+308  2.11958  0.705235  
2.53342  0.605177  6.35227  5.21291  1.79769e+308  1.79769e+308  2.53342  0.605177  
1.78994  1.82797  6.35227  5.21291  1.79769e+308  1.79769e+308  1.78994  1.82797  
4.7495  0.192241  6.35227  5.21291  1.79769e+308  1.79769e+308  4.7495  0.192241  
1.97545  1.45994  6.35227  5.21291  1.79769e+308  1.79769e+308  1.97545  1.45994  
0.795283  2.74584  6.35227  5.21291  1.79769e+308  1.79769e+308  0.795283  2.74584  
2.82515  0.593963  6.35227  5.21291  1.79769e+308  1.79769e+308  2.82515  0.593963  
1.10474  2.90391  6.35227  5.21291  1.79769e+308  1.79769e+308  1.10474  2.90391  
1.59366  1.36576  6.35227  5.21291  1.79769e+308  1.79769e+308  1.59366  1.36576  
2.54367  1.8138  6.35227  5.21291  1.79769e+308  1.79769e+308  2.54367  1.8138  
0.900737  2.91127  6.35227  5.21291  1.79769e+308  1.79769e+308  0.900737  2.91127  
4.03168  0.129444  6.35227  5.21291  1.79769e+308  1.79769e+308  4.03168  0.129444  
2.67328  0.543231  6.35227  5.21291  1.79769e+308  1.79769e+308  2.67328  0.543231  
1.90842  0.986275  6.35227  5.21291  1.79769e+308  1.79769e+308  1.90842  0.986275  
0.479214  3.1112  6.35227  5.21291  1.79769e+308  1.79769e+308  0.479214  3.1112  
2.69914  0.64151  6.35227  5.21291  1.79769e+308  1.79769e+308  2.69914  0.64151  
3.95778  0.169979  6.35227  5.21291  1.79769e+308  1.79769e+308  3.95778  0.169979  
3.11071  0.491018  6.35227  5.21291  1.79769e+308  1.79769e+308  3.11071  0.491018  
1.43787  2.21139  6.35227  5.21291  1.79769e+308  1.79769e+308  1.43787  2.21139  
2.21419  1.30354  6.35227  5.21291  1.79769e+308  1.79769e+308  2.21419  1.30354  
2.67281  0.729737  6.35227  5.21291  1.79769e+308  1.79769e+308  2.67281  0.729737  
3.38471  0.250356  6.35227  5.21291  1.79769e+308  1.79769e+308  3.38471  0.250356  
2.58189  0.729059  6.35227  5.21291  1.79769e+308  1.79769e+308  2.58189  0.729059  
2.36233  0.637975  6.35227  5.21291  1.79769e+308  1.79769e+308  2.36233  0.637975  
2.91607  0.626  6.35227  5.21291  1.79769e+308  1.79769e+308  2.91607  0.626  
2.77126  0.518139  6.35227  5.21291  1.79769e+308  1.79769e+308  2.77126  0.518139  
3.08357  0.547377  6.35227  5.21291  1.79769e+308  1.79769e+308  3.08357  0.547377  
2.76999  0.639359  6.35227  5.21291  1.79769e+308  1.79769e+308  2.76999  0.639359  
1.29589  2.06783  6.35227  5.21291  1.79769e+308  1.79769e+308  1.29589  2.06783  
2.6015  0.890353  6.35227  5.21291  1.79769e+308  1.79769e+308  2.6015  0.890353  
1.78877  1.65492  6.35227  5.21291  1.79769e+308  1.79769e+308  1.78877  1.65492  
0.227739  3.43768  6.35227  5.21291  1.79769e+308  1.79769e+308  0.227739  3.43768  
0.537039  2.95123  6.35227  5.21291  1.79769e+308  1.79769e+308  0.537039  2.95123  
4.21458  0.515875  6.35227  5.21291  1.79769e+308  1.79769e+308  4.21458  0.515875  
1.45883  1.51797  6.35227  5.21291  1.79769e+308  1.79769e+308  1.45883  1.51797  
3.88036  0.0854466  6.35227  5.21291  1.79769e+308  1.79769e+308  3.88036  0.0854466  
2.42168  0.771248  6.35227  5.21291  1.79769e+308  1.79769e+308  2.42168  0.771248  
0.467833  3.03033  6.35227  5.21291  1.79769e+308  1.79769e+308  0.467833  3.03033  
1.74739  1.32137  6.35227  5.21291  1.79769e+308  1.79769e+308  1.74739  1.32137  
2.70542  0.703077  6.35227  5.21291  1.79769e+308  1.79769e+308  2.70542  0.703077  
4.26029  0.0220113  6.35227  5.21291  1.79769e+308  1.79769e+308  4.26029  0.0220113  
0.708924  2.75818  6.35227  5.21291  1.79769e+308  1.79769e+308  0.708924  2.75818  
0.535513  2.96354  6.35227  5.21291  1.79769e+308  1.79769e+308  0.535513  2.96354  
1.49401  1.82788  6.35227  5.21291  1.79769e+308  1.79769e+308  1.49401  1.82788  
1.34339  1.63089  6.35227  5.21291  1.79769e+308  1.79769e+308  1.34339  1.63089  
2.2267  1.45236  6.35227  5.21291  1.79769e+308  1.79769e+308  2.2267  1.45236  
1.10094  1.99899  6.35227  5.21291  1.79769e+308  1.79769e+308  1.10094  1.99899  
0.218605  3.58113  6.35227  5.21291  1.79769e+308  1.79769e+308  0.218605  3.58113  
1.75733  1.69386  6.35227  5.21291  1.79769e+308  1.79769e+308  1.75733  1.69386  
0.695608  3.00237  6.35227  5.21291  1.79769e+308  1.79769e+308  0.695608  3.00237  
2.14573  0.950588  6.35227  5.21291  1.79769e+308  1.79769e+308  2.14573  0.950588  
2.34658  1.75267  6.35227  5.21291  1.79769e+308  1.79769e+308  2.34658  1.75267  
2.68108  0.80143  6.35227  5.21291  1.79769e+308  1.79769e+308  2.68108  0.80143  
0.287318  3.87503  6.35227  5.21291  1.79769e+308  1.79769e+308  0.287318  3.87503  
0.188484  3.50723  6.35227  5.21291  1.79769e+308  1.79769e+308  0.188484  3.50723  
0.330214  3.8658  6.35227  5.21291  1.79769e+308  1.79769e+308  0.330214  3.8658  
0.254916  3.92962  6.35227  5.21291  1.79769e+308  1.79769e+308  0.254916  3.92962  
1.61508  2.26549  6.35227  5.21291  1.79769e+308  1.79769e+308  1.61508  2.26549  
1.32926  1.92519  6.35227  5.21291  1.79769e+308  1.79769e+308  1.32926  1.92519  
1.07672  2.27545  6.35227  5.21291  1.79769e+308  1.79769e+308  1.07672  2.27545  
5.35227  0.0118045  6.35227  5.21291  1.79769e+308  1.79769e+308  5.35227  0.0118045  
0.999153  2.62262  6.35227  5.21291  1.79769e+308  1.79769e+308  0.999153  2.62262  
0.866791  2.92715  6.35227  5.21291  1.79769e+308  1.79769e+308  0.866791  2.92715  
2.81736  0.543009  6.35227  5.21291  1.79769e+308  1.79769e+308  2.81736  0.543009  
2.49006  0.798206  6.35227  5.21291  1.79769e+308  1.79769e+308  2.49006  0.798206  
1.43625  1.79595  6.35227  5.21291  1.79769e+308  1.79769e+308  1.43625  1.79595  
4.23142  0.15815  6.35227  5.21291  1.79769e+308  1.79769e+308  4.23142  0.15815  
5.01848  0.0799254  6.35227  5.21291  1.79769e+308  1.79769e+308  5.01848  0.0799254  
0.0114319  3.43954  6.35227  5.21291  1.79769e+308  1.79769e+308  0.0114319  3.43954  
2.72673  0.785285  6.35227  5.21291  1.79769e+308  1.79769e+308  2.72673  0.785285  
1.05718  2.53546  6.35227  5.21291  1.79769e+308  1.79769e+308  1.05718  2.53546  
3.74236  0.332104  6.35227  5.21291  1.79769e+308  1.79769e+308  3.74236  0.332104  
0.50787  3.11986  6.35227  5.21291  1.79769e+308  1.79769e+308  0.50787  3.11986  
1.57355  2.18902  6.35227  5.21291  1.79769e+308  1.79769e+308  1.57355  2.18902  
2.79015  0.531481  6.35227  5.21291  1.79769e+308  1.79769e+308  2.79015  0.531481  
3.91781  0.0900008  6.35227  5.21291  1.79769e+308  1.79769e+308  3.91781  0.0900008  
0.753142  3.06866  6.35227  5.21291  1.79769e+308  1.79769e+308  0.753142  3.06866  
2.60095  0.361611  6.35227  5.21291  1.79769e+308  1.79769e+308  2.60095  0.361611  
1.86299  1.7538  6.35227  5.21291  1.79769e+308  1.79769e+308  1.86299  1.7538  
0.288657  3.30815  6.35227  5.21291  1.79769e+308  1.79769e+308  0.288657  3.30815  
2.37725  0.954451  6.35227  5.21291  1.79769e+308  1.79769e+308  2.37725  0.954451  
5.30783  0.283956  6.35227  5.21291  1.79769e+308  1.79769e+308  5.30783  0.283956  
2.13179  1.62174  6.35227  5.21291  1.79769e+308  1.79769e+308  2.13179  1.62174  
4.65473  0.00362008  6.35227  5.21291  1.79769e+308  1.79769e+308  4.65473  0.00362008  
2.21912  0.902528  6.35227  5.21291  1.79769e+308  1.79769e+308  2.21912  0.902528  
3.41519  0.592943  6.35227  5.21291  1.79769e+308  1.79769e+308  3.41519  0.592943  
0.346962  2.55613  6.35227  5.21291  1.79769e+308  1.79769e+308  0.346962  2.55613  
4.44036  0.235142  6.35227  5.21291  1.79769e+308  1.79769e+308  4.44036  0.235142  
0.233078  3.53261  6.35227  5.21291  1.79769e+308  1.79769e+308  0.233078  3.53261  
0.20242  4.21291  6.35227  5.21291  1.79769e+308  1.79769e+308  0.20242  4.21291  
4.17069  0.162873  6.35227  5.21291  1.79769e+308  1.79769e+308  4.17069  0.162873  
0.273357  3.9947  6.35227  5.21291  1.79769e+308  1.79769e+308  0.273357  3.9947  
2.92442  0.468353  6.35227  5.21291  1.79769e+308  1.79769e+308  2.92442  0.468353  
0.139116  0.646842  6.39132  6.72656  3.04728  2.00291  0.010368  0.900792  
0.0996149  0.686927  6.39132  6.72656  3.04728  2.00291  0.849524  2.99938  
0.114225  0.66454  6.39132  6.72656  3.04728  2.00291  0.92037  0.129427  
0.014523  0.882078  6.39132  6.72656  3.04728  2.00291  5.29635  1.29895e-05  
0.902127  0.0517647  6.39132  6.72656  3.04728  2.00291  0.0688922  3.56577  
0.889941  0.0580897  6.39132  6.72656  3.04728  2.00291  2.18527  0.307302  
0.947707  0.0280495  6.39132  6.72656  3.04728  2.00291  2.21376  0.306037  
0.637781  0.20639  6.39132  6.72656  3.04728  2.00291  1.96758  0.27669  
0.360862  0.401421  6.39132  6.72656  3.04728  2.00291  4.77884  0.0986206  
0.985703  0.00869702  6.39132  6.72656  3.04728  2.00291  4.85098  0.00178913  
0.372469  0.392561  6.39132  6.72656  3.04728  2.00291  1.98324  0.278892  
0.921668  0.0422472  6.39132  6.72656  3.04728  2.00291  4.38634  0.000217984  
0.00566413  0.927391  6.39132  6.72656  3.04728  2.00291  1.86842  1.50097  
0.000262543  0.98653  6.39132  6.72656  3.04728  2.00291  4.43953  0.0169526  
0.174804  0.585148  6.39132  6.72656  3.04728  2.00291  2.62174  0.3468  
0.977924  0.012612  6.39132  6.72656  3.04728  2.00291  1.48459  0.208769  
0.0908293  0.703912  6.39132  6.72656  3.04728  2.00291  2.24774  0.329641  
0.0270093  0.838429  6.39132  6.72656  3.04728  2.00291  1.88644  0.292358  
0.894013  0.0562261  6.39132  6.72656  3.04728  2.00291  1.59841  0.224776  
0.966089  0.0187875  6.39132  6.72656  3.04728  2.00291  4.94106  0.000353094  
0.0250528  0.844502  6.39132  6.72656  3.04728  2.00291  1.75744  0.248609  
0.906803  0.0494753  6.39132  6.72656  3.04728  2.00291  4.99489  0.193271  
0.0375208  0.808786  6.39132  6.72656  3.04728  2.00291  0.809189  0.261871  
0.0689236  0.740157  6.39132  6.72656  3.04728  2.00291  1.42692  0.200667  
0.0497518  0.779397  6.39132  6.72656  3.04728  2.00291  2.04088  0.286997  
0.000968948  0.971585  6.39132  6.72656  3.04728  2.00291  0.821207  0.265748  
0.00179908  0.960282  6.39132  6.72656  3.04728  2.00291  1.685  0.252624  
0.0112613  0.89649  6.39132  6.72656  3.04728  2.00291  0.0790477  3.62212  
0.00363214  0.942405  6.39132  6.72656  3.04728  2.00291  1.45823  0.205063  
0.150398  0.614624  6.39132  6.72656  3.04728  2.00291  0.147048  3.46313  
0.918239  0.0440389  6.39132  6.72656  3.04728  2.00291  0.0570322  4.87308  
0.0595186  0.758661  6.39132  6.72656  3.04728  2.00291  2.14933  0.620291  
0.973888  0.0146739  6.39132  6.72656  3.04728  2.00291  1.79067  0.251813  
0.912728  0.046211  6.39132  6.72656  3.04728  2.00291  0.92021  0.129404  
0.0522417  0.774379  6.39132  6.72656  3.04728  2.00291  1.12996  0.1589  
0.0285582  0.833531  6.39132  6.72656  3.04728  2.00291  2.14922  0.302233  
0.356898  0.405006  6.39132  6.72656  3.04728  2.00291  4.10997  0.135082  
0.0843194  0.712206  6.39132  6.72656  3.04728  2.00291  1.55195  0.218243  
0.0307527  0.827393  6.39132  6.72656  3.04728  2.00291  2.1623  0.304003  
1.68106e-06  1.00291  6.39132  6.72656  3.04728  2.00291  2.00801  0.280817  
0.875193  0.0660857  6.39132  6.72656  3.04728  2.00291  0.513444  3.54147  
0.158214  0.608759  6.39132  6.72656  3.04728  2.00291  1.36725  0.211894  
0.00462502  0.934654  6.39132  6.72656  3.04728  2.00291  0.292959  2.77879  
0.936008  0.0340857  6.39132  6.72656  3.04728  2.00291  1.6329  0.528416  
0.055708  0.766898  6.39132  6.72656  3.04728  2.00291  4.82564  0.00290965  
0.0188696  0.8652  6.39132  6.72656  3.04728  2.00291  1.78525  0.275979  
0.294251  0.459788  6.39132  6.72656  3.04728  2.00291  1.10928  0.156038  
0.125143  0.64898  6.39132  6.72656  3.04728  2.00291  1.78051  0.250383  
0.0798828  0.720915  6.39132  6.72656  3.04728  2.00291  0.00373099  5.72656  
0.0127209  0.889813  6.39132  6.72656  3.04728  2.00291  1.04756  0.147313  
0.0225311  0.852445  6.39132  6.72656  3.04728  2.00291  1.71862  0.240261  
0.103344  0.682253  6.39132  6.72656  3.04728  2.00291  2.10634  0.296203  
1.00269  1.78113e-15  6.39132  6.72656  3.04728  2.00291  2.70915  0.485352  
0.998741  0.00212648  6.39132  6.72656  3.04728  2.00291  2.71335  0.385088  
0.882986  0.0619301  6.39132  6.72656  3.04728  2.00291  2.41392  1.01607  
0.0399204  0.80268  6.39132  6.72656  3.04728  2.00291  0.453256  3.12633  
0.960853  0.0211404  6.39132  6.72656  3.04728  2.00291  2.38274  0.329322  
0.454462  0.374433  6.39132  6.72656  3.04728  2.00291  2.05678  0.289234  
0.344345  0.415528  6.39132  6.72656  3.04728  2.00291  0.637781  0.20639  
0.107415  0.677466  6.39132  6.72656  3.04728  2.00291  2.87726  0.40344  
0.20559  0.549759  6.39132  6.72656  3.04728  2.00291  0.247865  3.464  
0.828571  0.0926768  6.39132  6.72656  3.04728  2.00291  1.06103  0.149207  
0.0026293  0.951668  6.39132  6.72656  3.04728  2.00291  1.76692  0.247035  
0.00839018  0.911285  6.39132  6.72656  3.04728  2.00291  1.66214  0.233738  
0.836041  0.0888349  6.39132  6.72656  3.04728  2.00291  5.39132  0.0887451  
0.80245  0.105873  6.39132  6.72656  3.04728  2.00291  1.84293  1.42032  
0.842024  0.0868416  6.39132  6.72656  3.04728  2.00291  0.665154  2.71943  
0.930362  0.0371644  6.39132  6.72656  3.04728  2.00291  0.00307872  5.18107  
0.276788  0.477174  6.39132  6.72656  3.04728  2.00291  0.350887  3.91806  
0.0448336  0.790962  6.39132  6.72656  3.04728  2.00291  0.623967  2.85954  
0.954114  0.0249084  6.39132  6.72656  3.04728  2.00291  1.00269  1.78113e-15  
0.86511  0.0721419  6.39132  6.72656  3.04728  2.00291  3.81889  0.336029  
0.042362  0.796652  6.39132  6.72656  3.04728  2.00291  0.165825  4.61038  
0.0960593  0.692619  6.39132  6.72656  3.04728  2.00291  1.27503  0.179301  
0.0884672  0.706054  6.39132  6.72656  3.04728  2.00291  1.72833  0.241617  
0.0758998  0.727107  6.39132  6.72656  3.04728  2.00291  1.18917e-05  4.01451  
0.981186  0.0108096  6.39132  6.72656  3.04728  2.00291  0.0188012  4.29561  
0.144067  0.6352  6.39132  6.72656  3.04728  2.00291  4.98865  0.000356495  
0.119346  0.657291  6.39132  6.72656  3.04728  2.00291  1.79957  0.254569  
0.873073  0.068677  6.39132  6.72656  3.04728  2.00291  0.13326  3.51244  
0.0471968  0.785208  6.39132  6.72656  3.04728  2.00291  0.013535  4.82702  
0.170394  0.589849  6.39132  6.72656  3.04728  2.00291  4.72993  9.79579e-05  
0.0722256  0.733637  6.39132  6.72656  3.04728  2.00291  1.76212  0.246341  
0.316543  0.439904  6.39132  6.72656  3.04728  2.00291  0.00899628  4.00892  
0.970295  0.0166478  6.39132  6.72656  3.04728  2.00291  0.935562  0.131563  
0.0163525  0.874703  6.39132  6.72656  3.04728  2.00291  2.60779  0.646118  
0.813791  0.10099  6.39132  6.72656  3.04728  2.00291  0.253074  3.24449  
0.0653916  0.746918  6.39132  6.72656  3.04728  2.00291  0.234958  5.28258  
0.941379  0.0314596  6.39132  6.72656  3.04728  2.00291  0.0991265  3.96446  
0.00959875  0.904647  6.39132  6.72656  3.04728  2.00291  1.58257  0.222548  
0.0330828  0.820618  6.39132  6.72656  3.04728  2.00291  1.85553  0.260934  
0.281874  0.472068  6.39132  6.72656  3.04728  2.00291  1.97729  0.273347  
0.993302  0.00470405  6.39132  6.72656  3.04728  2.00291  4.80395  0.196828  
0.988652  0.00704298  6.39132  6.72656  3.04728  2.00291  4.9034  0.00010155  
0.10977  0.672056  6.39132  6.72656  3.04728  2.00291  1.95062  0.274306  
0.195298  0.560655  6.39132  6.72656  3.04728  2.00291  2.42171  0.486486  
0.0207808  0.858401  6.39132  6.72656  3.04728  2.00291  0.0235831  4.48375  
0.00696091  0.919209  6.39132  6.72656  3.04728  2.00291  0.2102  4.72594  
0.062929  0.751554  6.39132  6.72656  3.04728  2.00291  0.48428  3.24844  
0.0357758  0.81335  6.39132  6.72656  3.04728  2.00291  5.27503  0.209025  
0.184852  0.571857  6.85184  6.92316  2.83942  2.00291  0.00739032  0.916206  
0.100112  0.685512  6.85184  6.92316  2.83942  2.00291  0.186264  4.85386  
0.114431  0.663638  6.85184  6.92316  2.83942  2.00291  0.919084  0.129244  
0.0148808  0.880151  6.85184  6.92316  2.83942  2.00291  5.17931  0.00114113  
0.902127  0.0517647  6.85184  6.92316  2.83942  2.00291  5.01513  0.000651555  
0.889941  0.0580897  6.85184  6.92316  2.83942  2.00291  0.0154804  5.70628  
0.947325  0.0279383  6.85184  6.92316  2.83942  2.00291  1.41169  0.212018  
0.635454  0.20564  6.85184  6.92316  2.83942  2.00291  1.0695  3.22962  
0.360862  0.401421  6.85184  6.92316  2.83942  2.00291  1.9354e-06  4.4939  
0.984461  0.00902197  6.85184  6.92316  2.83942  2.00291  0.338649  3.81881  
0.372469  0.392561  6.85184  6.92316  2.83942  2.00291  0.599875  3.08827  
0.214874  0.53852  6.85184  6.92316  2.83942  2.00291  0.61716  3.43313  
0.0813534  0.716751  6.85184  6.92316  2.83942  2.00291  0.133456  4.77967  
0.000579135  0.978184  6.85184  6.92316  2.83942  2.00291  0.0110825  5.92316  
0.174804  0.585148  6.85184  6.92316  2.83942  2.00291  3.38602  0.131966  
0.978346  0.0121184  6.85184  6.92316  2.83942  2.00291  0.0601289  5.54571  
0.0893466  0.703028  6.85184  6.92316  2.83942  2.00291  0.638252  3.25894  
0.0264996  0.839305  6.85184  6.92316  2.83942  2.00291  0.147916  4.0612  
0.895829  0.0547254  6.85184  6.92316  2.83942  2.00291  1.59303  0.515523  
0.966106  0.018373  6.85184  6.92316  2.83942  2.00291  1.828  0.246526  
0.301328  0.453017  6.85184  6.92316  2.83942  2.00291  0.805708  0.260737  
0.907471  0.0487056  6.85184  6.92316  2.83942  2.00291  4.10603  0.0977937  
0.0373292  0.808854  6.85184  6.92316  2.83942  2.00291  0.747717  2.62581  
0.0693728  0.73859  6.85184  6.92316  2.83942  2.00291  2.00359  0.271496  
0.0495201  0.77956  6.85184  6.92316  2.83942  2.00291  4.43149  5.75007e-06  
0.852705  0.0779345  6.85184  6.92316  2.83942  2.00291  5.07784  0.0333293  
0.151232  0.612948  6.85184  6.92316  2.83942  2.00291  1.35111  0.189817  
0.0104922  0.899733  6.85184  6.92316  2.83942  2.00291  1.39348  0.188494  
0.0031558  0.946031  6.85184  6.92316  2.83942  2.00291  5.00323  0.0288683  
0.225854  0.526808  6.85184  6.92316  2.83942  2.00291  0.326205  4.12055  
0.916589  0.0439378  6.85184  6.92316  2.83942  2.00291  0.649003  3.18124  
0.0591738  0.758748  6.85184  6.92316  2.83942  2.00291  1.54322  0.217014  
0.972231  0.0152183  6.85184  6.92316  2.83942  2.00291  1.83427  0.25794  
0.210891  0.54271  6.85184  6.92316  2.83942  2.00291  0.920012  0.129376  
0.0528411  0.772143  6.85184  6.92316  2.83942  2.00291  0.211361  3.47651  
0.0292725  0.83099  6.85184  6.92316  2.83942  2.00291  0.205786  3.23609  
0.356898  0.405006  6.85184  6.92316  2.83942  2.00291  0.00497818  4.70252  
0.0852011  0.710403  6.85184  6.92316  2.83942  2.00291  4.74472  0.0219415  
0.031976  0.823255  6.85184  6.92316  2.83942  2.00291  0.630627  2.88436  
1.68106e-06  1.00291  6.85184  6.92316  2.83942  2.00291  4.64938  0.0210121  
0.876978  0.0648676  6.85184  6.92316  2.83942  2.00291  5.34613  7.50403e-05  
0.158214  0.608759  6.85184  6.92316  2.83942  2.00291  1.16472  3.10459  
0.00477619  0.933082  6.85184  6.92316  2.83942  2.00291  1.27169  3.24699  
0.933851  0.0349418  6.85184  6.92316  2.83942  2.00291  1.19969  0.162281  
0.0564238  0.764494  6.85184  6.92316  2.83942  2.00291  4.66281  0.000606697  
0.0191246  0.863828  6.85184  6.92316  2.83942  2.00291  5.27537  0.139623  
0.294251  0.459788  6.85184  6.92316  2.83942  2.00291  5.14551  0.013718  
0.127243  0.645306  6.85184  6.92316  2.83942  2.00291  4.52089  6.3457e-05  
0.0778147  0.72303  6.85184  6.92316  2.83942  2.00291  0.086919  5.18928  
0.0127229  0.889353  6.85184  6.92316  2.83942  2.00291  5.09261  0.000264412  
0.0239541  0.84733  6.85184  6.92316  2.83942  2.00291  0.783447  3.15468  
0.104726  0.678299  6.85184  6.92316  2.83942  2.00291  4.98588  0.105135  
1.00242  2.22583e-16  6.85184  6.92316  2.83942  2.00291  1.17381  0.165064  
0.801277  0.112678  6.85184  6.92316  2.83942  2.00291  4.10616  0.175925  
0.881208  0.0624822  6.85184  6.92316  2.83942  2.00291  0.00056651  4.22435  
0.0402221  0.801489  6.85184  6.92316  2.83942  2.00291  1.34663  0.183907  
0.959374  0.0217607  6.85184  6.92316  2.83942  2.00291  1.27095  3.34712  
0.454462  0.374433  6.85184  6.92316  2.83942  2.00291  1.04719  0.14726  
0.344345  0.415528  6.85184  6.92316  2.83942  2.00291  0.635454  0.20564  
0.389963  0.377613  6.85184  6.92316  2.83942  2.00291  0.00359939  4.45891  
0.20559  0.549759  6.85184  6.92316  2.83942  2.00291  0.0457128  5.12824  
0.824142  0.09353  6.85184  6.92316  2.83942  2.00291  1.25234  0.426366  
0.00167563  0.961296  6.85184  6.92316  2.83942  2.00291  0.609485  3.41944  
0.25039  0.501313  6.85184  6.92316  2.83942  2.00291  5.1566  0.137168  
0.835192  0.0874786  6.85184  6.92316  2.83942  2.00291  1.04817  0.147396  
0.802872  0.105358  6.85184  6.92316  2.83942  2.00291  4.01361  0.0955925  
0.218937  0.53402  6.85184  6.92316  2.83942  2.00291  1.31184  0.446624  
0.924811  0.0396062  6.85184  6.92316  2.83942  2.00291  0.804464  0.260334  
0.276788  0.477174  6.85184  6.92316  2.83942  2.00291  4.61023  0.136369  
0.131653  0.639222  6.85184  6.92316  2.83942  2.00291  0.443821  4.25569  
0.953046  0.0250275  6.85184  6.92316  2.83942  2.00291  1.00242  2.22583e-16  
0.860027  0.0739328  6.85184  6.92316  2.83942  2.00291  1.27462  0.179241  
0.043264  0.794045  6.85184  6.92316  2.83942  2.00291  5.31063  0.111983  
0.0960593  0.692619  6.85184  6.92316  2.83942  2.00291  1.83651  0.988485  
0.868387  0.0694212  6.85184  6.92316  2.83942  2.00291  0.621991  3.20334  
0.0732302  0.731358  6.85184  6.92316  2.83942  2.00291  0.462334  3.09838  
0.260321  0.491658  6.85184  6.92316  2.83942  2.00291  5.19215  0.000674553  
0.137119  0.631755  6.85184  6.92316  2.83942  2.00291  5.71961  0.0152486  
0.120764  0.654571  6.85184  6.92316  2.83942  2.00291  5.34367  0.000649923  
0.147818  0.617369  6.85184  6.92316  2.83942  2.00291  3.64747  0.000248848  
0.0460404  0.787462  6.85184  6.92316  2.83942  2.00291  1.64619  0.230675  
0.170394  0.589849  6.85184  6.92316  2.83942  2.00291  4.57109  0.0452371  
0.163849  0.597062  6.85184  6.92316  2.83942  2.00291  1.38392  0.205907  
0.316543  0.439904  6.85184  6.92316  2.83942  2.00291  0.786699  2.58099  
0.110075  0.670324  6.85184  6.92316  2.83942  2.00291  1.06185  0.143886  
0.0169839  0.871806  6.85184  6.92316  2.83942  2.00291  4.36803  0.135249  
0.813457  0.0994614  6.85184  6.92316  2.83942  2.00291  5.85184  0.0871079  
0.0656324  0.746006  6.85184  6.92316  2.83942  2.00291  5.35622  0.172173  
0.941434  0.0308976  6.85184  6.92316  2.83942  2.00291  0.975263  0.315607  
0.0084841  0.910063  6.85184  6.92316  2.83942  2.00291  5.3323  0.0312187  
0.481365  0.31476  6.85184  6.92316  2.83942  2.00291  4.86614  1.11802e-05  
0.281874  0.472068  6.85184  6.92316  2.83942  2.00291  0.0401763  4.50713  
0.996429  0.0030018  6.85184  6.92316  2.83942  2.00291  0.136594  5.08875  
0.990582  0.00593806  6.85184  6.92316  2.83942  2.00291  0.435894  4.17968  
0.201384  0.553194  6.85184  6.92316  2.83942  2.00291  1.50897  0.212198  
0.195298  0.560655  6.85184  6.92316  2.83942  2.00291  5.30637  8.86741e-06  
0.0214195  0.855761  6.85184  6.92316  2.83942  2.00291  1.41257  0.457124  
0.00669284  0.920374  6.85184  6.92316  2.83942  2.00291  1.81469  0.255187  
0.0624164  0.752164  6.85184  6.92316  2.83942  2.00291  1.35224  0.189535  
0.0346528  0.815937  6.85184  6.92316  2.83942  2.00291  1.24999  0.17578  
0.18458  0.571935  7.0404  5.8515  2.0019  5.16135  0.0407451  0.799829  
0.100275  0.684997  7.0404  5.8515  2.0019  5.16135  1.04967  0.147607  
0.114117  0.663827  7.0404  5.8515  2.0019  5.16135  0.918181  0.129117  
0.0143822  0.881928  7.0404  5.8515  2.0019  5.16135  0.262191  2.68278  
0.157306  0.605009  7.0404  5.8515  2.0019  5.16135  3.19256e-11  3.089  
0.886491  0.0595444  7.0404  5.8515  2.0019  5.16135  0.802862  0.259816  
0.945856  0.028462  7.0404  5.8515  2.0019  5.16135  0.825166  1.38792  
0.633838  0.205117  7.0404  5.8515  2.0019  5.16135  0.0444292  3.19254  
0.360862  0.401421  7.0404  5.8515  2.0019  5.16135  0.164691  3.41848  
0.98126  0.0104099  7.0404  5.8515  2.0019  5.16135  1.17081e-11  3.58669  
0.372469  0.392561  7.0404  5.8515  2.0019  5.16135  0.527023  2.33775  
0.238212  0.513421  7.0404  5.8515  2.0019  5.16135  0.0155572  3.82544  
0.081582  0.716065  7.0404  5.8515  2.0019  5.16135  0.803006  0.259862  
0.000493642  0.979732  7.0404  5.8515  2.0019  5.16135  0.00259193  3.28796  
0.174687  0.584097  7.0404  5.8515  2.0019  5.16135  0.00605386  3.02198  
0.973965  0.0141028  7.0404  5.8515  2.0019  5.16135  7.26545e-11  4.61371  
0.0893886  0.702757  7.0404  5.8515  2.0019  5.16135  6.0404  0.118553  
0.026787  0.83816  7.0404  5.8515  2.0019  5.16135  4.11087e-09  2.8519  
0.895829  0.0547254  7.0404  5.8515  2.0019  5.16135  1.43006e-11  4.38088  
0.967161  0.0175445  7.0404  5.8515  2.0019  5.16135  0.022574  2.09344  
0.301328  0.453017  7.0404  5.8515  2.0019  5.16135  0.0946002  4.10466  
0.907802  0.0482828  7.0404  5.8515  2.0019  5.16135  0.802823  0.259803  
0.0374134  0.808266  7.0404  5.8515  2.0019  5.16135  0.281461  3.20736  
0.0704541  0.736294  7.0404  5.8515  2.0019  5.16135  2.72087  0.0426242  
0.0504981  0.776944  7.0404  5.8515  2.0019  5.16135  0.272604  2.85904  
0.852705  0.0779345  7.0404  5.8515  2.0019  5.16135  0.974255  0.315281  
0.141602  0.62522  7.0404  5.8515  2.0019  5.16135  1.04592  0.14708  
0.0100114  0.901816  7.0404  5.8515  2.0019  5.16135  3.40893  0.00135618  
0.00302547  0.946913  7.0404  5.8515  2.0019  5.16135  3.31278  0.00131793  
0.22423  0.527976  7.0404  5.8515  2.0019  5.16135  1.12567  0.158295  
0.917691  0.0431021  7.0404  5.8515  2.0019  5.16135  0.174007  3.12282  
0.058473  0.759834  7.0404  5.8515  2.0019  5.16135  0.317056  3.03636  
0.18994  0.565776  7.0404  5.8515  2.0019  5.16135  0.527672  2.34063  
0.210891  0.54271  7.0404  5.8515  2.0019  5.16135  0.918614  0.129178  
0.054734  0.7677  7.0404  5.8515  2.0019  5.16135  0.17951  3.4022  
0.0293855  0.83029  7.0404  5.8515  2.0019  5.16135  2.66209  0.0374676  
0.356898  0.405006  7.0404  5.8515  2.0019  5.16135  0.802624  0.259739  
0.0858477  0.708744  7.0404  5.8515  2.0019  5.16135  0.201187  2.46519  
0.0321189  0.822578  7.0404  5.8515  2.0019  5.16135  0.0571003  4.10304  
1.68106e-06  1.00291  7.0404  5.8515  2.0019  5.16135  0.0726669  3.83037  
0.876915  0.0648125  7.0404  5.8515  2.0019  5.16135  0.843554  2.10782  
0.153363  0.610026  7.0404  5.8515  2.0019  5.16135  0.67358  2.0378  
0.00460286  0.93406  7.0404  5.8515  2.0019  5.16135  1.75093  0.566622  
0.932112  0.0355607  7.0404  5.8515  2.0019  5.16135  0.512015  2.69265  
0.287664  0.4651  7.0404  5.8515  2.0019  5.16135  2.21952e-05  4.35631  
0.0191086  0.863602  7.0404  5.8515  2.0019  5.16135  0.00321218  2.83892  
0.294251  0.459788  7.0404  5.8515  2.0019  5.16135  0.452893  2.83855  
0.127243  0.645306  7.0404  5.8515  2.0019  5.16135  0.675271  2.4648  
0.0777427  0.722873  7.0404  5.8515  2.0019  5.16135  1.70797e-07  3.81497  
0.0121421  0.891672  7.0404  5.8515  2.0019  5.16135  2.3211  1.92138e-05  
0.0241142  0.846531  7.0404  5.8515  2.0019  5.16135  1.0459  0.147078  
0.104807  0.67783  7.0404  5.8515  2.0019  5.16135  2.99743  0  
1.0019  0  7.0404  5.8515  2.0019  5.16135  0.918592  0.129175  
0.801277  0.112678  7.0404  5.8515  2.0019  5.16135  1.29039e-11  3.95301  
0.960237  0.0210891  7.0404  5.8515  2.0019  5.16135  0.115132  3.61868  
0.0405905  0.800213  7.0404  5.8515  2.0019  5.16135  1.81185e-05  2.96084  
0.231575  0.520327  7.0404  5.8515  2.0019  5.16135  0.200511  2.99116  
0.415967  0.356428  7.0404  5.8515  2.0019  5.16135  5.27653e-05  4.8515  
0.344345  0.415528  7.0404  5.8515  2.0019  5.16135  0.633838  0.205117  
0.389963  0.377613  7.0404  5.8515  2.0019  5.16135  3.59827  0  
0.20559  0.549759  7.0404  5.8515  2.0019  5.16135  0.0965263  1.89482  
0.824142  0.09353  7.0404  5.8515  2.0019  5.16135  3.38667  0.038932  
0.00151985  0.96285  7.0404  5.8515  2.0019  5.16135  0.000101804  4.35927  
0.25039  0.501313  7.0404  5.8515  2.0019  5.16135  3.09219  0.00123017  
0.835192  0.0874786  7.0404  5.8515  2.0019  5.16135  0.0160956  3.20709  
0.802872  0.105358  7.0404  5.8515  2.0019  5.16135  0.535467  1.75125  
0.218937  0.53402  7.0404  5.8515  2.0019  5.16135  0.203375  2.72365  
0.924203  0.0396694  7.0404  5.8515  2.0019  5.16135  0.411253  1.93826  
0.276788  0.477174  7.0404  5.8515  2.0019  5.16135  0.918879  0.129216  
0.132071  0.638255  7.0404  5.8515  2.0019  5.16135  0.125312  3.107  
0.953621  0.0244365  7.0404  5.8515  2.0019  5.16135  1.0019  0  
0.860027  0.0739328  7.0404  5.8515  2.0019  5.16135  2.71103  0.0200108  
0.0437076  0.792613  7.0404  5.8515  2.0019  5.16135  0.585586  1.35957  
0.0948393  0.693708  7.0404  5.8515  2.0019  5.16135  0.803136  0.259904  
0.868387  0.0694212  7.0404  5.8515  2.0019  5.16135  4.37252  0.109187  
0.0738744  0.729905  7.0404  5.8515  2.0019  5.16135  0.382606  2.94211  
0.262271  0.489687  7.0404  5.8515  2.0019  5.16135  0.251336  3.2483  
0.137119  0.631755  7.0404  5.8515  2.0019  5.16135  0.0622649  2.57373  
0.119896  0.65537  7.0404  5.8515  2.0019  5.16135  3.84303e-11  3.73133  
0.147818  0.617369  7.0404  5.8515  2.0019  5.16135  0.299971  2.87274  
0.047731  0.783193  7.0404  5.8515  2.0019  5.16135  0.487609  1.76464  
0.168368  0.591363  7.0404  5.8515  2.0019  5.16135  0.107283  3.18857  
0.162709  0.598203  7.0404  5.8515  2.0019  5.16135  0.0224365  4.47055  
0.316543  0.439904  7.0404  5.8515  2.0019  5.16135  0.00382345  2.49191  
0.108609  0.67209  7.0404  5.8515  2.0019  5.16135  4.02973e-11  4.04154  
0.0167346  0.872482  7.0404  5.8515  2.0019  5.16135  0.313805  2.95606  
0.813167  0.0994896  7.0404  5.8515  2.0019  5.16135  0.00727057  3.63056  
0.0663996  0.744053  7.0404  5.8515  2.0019  5.16135  0.00248924  4.15936  
0.938329  0.0323432  7.0404  5.8515  2.0019  5.16135  0.125447  2.81604  
0.242234  0.509567  7.0404  5.8515  2.0019  5.16135  0.304927  2.69028  
0.481365  0.31476  7.0404  5.8515  2.0019  5.16135  0.167132  1.92978  
0.281874  0.472068  7.0404  5.8515  2.0019  5.16135  0.000963766  4.14071  
0.995001  0.00349124  7.0404  5.8515  2.0019  5.16135  4.66578e-11  3.83586  
0.988107  0.00695653  7.0404  5.8515  2.0019  5.16135  1.70355e-05  3.34359  
0.198493  0.556007  7.0404  5.8515  2.0019  5.16135  0.0166591  2.16921  
0.900956  0.0518493  7.0404  5.8515  2.0019  5.16135  3.86743  0.0965739  
0.0214954  0.855214  7.0404  5.8515  2.0019  5.16135  4.79459e-11  3.94176  
0.00737983  0.915886  7.0404  5.8515  2.0019  5.16135  0.00248033  4.14447  
0.0626683  0.751405  7.0404  5.8515  2.0019  5.16135  3.56854  0  
0.0348495  0.815107  7.0404  5.8515  2.0019  5.16135  0.00015433  3.35138  
0.178426  0.578954  3.01511  4.55329  2.00172  2.5396  0.0676207  1.63137  
0.100347  0.68482  3.01511  4.55329  2.00172  2.5396  0.0739883  1.85892  
0.11498  0.662345  3.01511  4.55329  2.00172  2.5396  0.918133  0.129111  
0.0144075  0.881637  3.01511  4.55329  2.00172  2.5396  0.203682  1.5393  
0.157586  0.604411  3.01511  4.55329  2.00172  2.5396  0.364511  1.26909  
0.886491  0.0595444  3.01511  4.55329  2.00172  2.5396  0.802232  0.259612  
0.946161  0.0281771  3.01511  4.55329  2.00172  2.5396  0  2.4389  
0.633104  0.20488  3.01511  4.55329  2.00172  2.5396  1.07969e-05  1.63381  
0.360862  0.401421  3.01511  4.55329  2.00172  2.5396  0.119672  1.27062  
0.980878  0.0104772  3.01511  4.55329  2.00172  2.5396  0.0224373  1.50393  
0.372469  0.392561  3.01511  4.55329  2.00172  2.5396  0.521939  0.798127  
0.236558  0.515091  3.01511  4.55329  2.00172  2.5396  0.290389  1.51622  
0.0811868  0.716628  3.01511  4.55329  2.00172  2.5396  0.802315  0.259639  
0.406352  0.370727  3.01511  4.55329  2.00172  2.5396  0.157047  1.58187  
0.173112  0.585298  3.01511  4.55329  2.00172  2.5396  0.0340785  1.8367  
0.972836  0.0145491  3.01511  4.55329  2.00172  2.5396  2.34816e-05  3.55329  
0.0903242  0.70106  3.01511  4.55329  2.00172  2.5396  0.192464  1.52319  
0.184067  0.572323  3.01511  4.55329  2.00172  2.5396  0.891143  0.537993  
0.895015  0.0549056  3.01511  4.55329  2.00172  2.5396  0  2.27409  
0.964537  0.0187689  3.01511  4.55329  2.00172  2.5396  1.6735  0.0370019  
0.301328  0.453017  3.01511  4.55329  2.00172  2.5396  0.251624  1.33623  
0.903387  0.0504377  3.01511  4.55329  2.00172  2.5396  0.802124  0.259577  
0.0374301  0.808134  3.01511  4.55329  2.00172  2.5396  3.05118e-05  2.31805  
0.0695598  0.737839  3.01511  4.55329  2.00172  2.5396  0.0881308  1.56338  
0.0507367  0.776327  3.01511  4.55329  2.00172  2.5396  0.876618  0.529224  
0.321761  0.438077  3.01511  4.55329  2.00172  2.5396  0.0130367  2.10985  
0.142362  0.62409  3.01511  4.55329  2.00172  2.5396  0.219505  1.12437  
0.0100114  0.901816  3.01511  4.55329  2.00172  2.5396  0.0597662  1.47301  
0.00302547  0.946913  3.01511  4.55329  2.00172  2.5396  0.0128556  2.08055  
0.22423  0.527976  3.01511  4.55329  2.00172  2.5396  0.0022531  1.85476  
0.914807  0.0444439  3.01511  4.55329  2.00172  2.5396  0.497489  0.66117  
0.0580128  0.760702  3.01511  4.55329  2.00172  2.5396  0.271418  1.03585  
0.192044  0.563118  3.01511  4.55329  2.00172  2.5396  0.285749  1.35297  
0.210891  0.54271  3.01511  4.55329  2.00172  2.5396  0.918308  0.129135  
0.054734  0.7677  3.01511  4.55329  2.00172  2.5396  1.45258  0.0667495  
0.0291741  0.830861  3.01511  4.55329  2.00172  2.5396  0.000482404  2.17831  
0.356898  0.405006  3.01511  4.55329  2.00172  2.5396  0.802354  0.259651  
0.0850852  0.709778  3.01511  4.55329  2.00172  2.5396  1.42955  0.462619  
0.0328224  0.820415  3.01511  4.55329  2.00172  2.5396  0.0793694  2.65737  
1.68106e-06  1.00291  3.01511  4.55329  2.00172  2.5396  0.0122861  1.98839  
0.877916  0.0639964  3.01511  4.55329  2.00172  2.5396  0.000431184  1.94703  
0.152542  0.61082  3.01511  4.55329  2.00172  2.5396  0.674545  0.40723  
0.00531437  0.928855  3.01511  4.55329  2.00172  2.5396  0  2.6848  
0.930712  0.0361582  3.01511  4.55329  2.00172  2.5396  1.07406  0.151037  
0.287664  0.4651  3.01511  4.55329  2.00172  2.5396  0.371087  0.992186  
0.0189559  0.864016  3.01511  4.55329  2.00172  2.5396  0.642553  0.606345  
0.293207  0.460199  3.01511  4.55329  2.00172  2.5396  0.291383  1.42982  
0.128667  0.64298  3.01511  4.55329  2.00172  2.5396  0.973453  0.315021  
0.0776624  0.722834  3.01511  4.55329  2.00172  2.5396  0.359911  1.39047  
0.259284  0.492085  3.01511  4.55329  2.00172  2.5396  0.892478  0.717715  
0.0240276  0.846671  3.01511  4.55329  2.00172  2.5396  0.167359  1.38832  
0.104641  0.677962  3.01511  4.55329  2.00172  2.5396  1.54875  0.21779  
1.00172  0  3.01511  4.55329  2.00172  2.5396  0.918351  0.129141  
0.79062  0.111179  3.01511  4.55329  2.00172  2.5396  0.20791  1.56585  
0.309998  0.449184  3.01511  4.55329  2.00172  2.5396  0.0927136  1.64468  
0.0402932  0.800906  3.01511  4.55329  2.00172  2.5396  0.812801  0.834014  
0.231381  0.520417  3.01511  4.55329  2.00172  2.5396  2.01511  0  
0.415967  0.356428  3.01511  4.55329  2.00172  2.5396  0.0866494  1.99039  
0.338219  0.424291  3.01511  4.55329  2.00172  2.5396  0.633104  0.20488  
0.389963  0.377613  3.01511  4.55329  2.00172  2.5396  1.49472  0.127074  
0.20437  0.54926  3.01511  4.55329  2.00172  2.5396  0.165779  1.1243  
0.82338  0.0935904  3.01511  4.55329  2.00172  2.5396  1.5272  0.0950639  
0.00151985  0.96285  3.01511  4.55329  2.00172  2.5396  0.20532  1.55302  
0.25039  0.501313  3.01511  4.55329  2.00172  2.5396  0.609887  0.941447  
0.835192  0.0874786  3.01511  4.55329  2.00172  2.5396  0.00592992  2.66732  
0.802872  0.105358  3.01511  4.55329  2.00172  2.5396  0  1.55967  
0.216967  0.535524  3.01511  4.55329  2.00172  2.5396  0.0425433  1.81535  
0.923217  0.0400537  3.01511  4.55329  2.00172  2.5396  0.79062  0.111179  
0.277693  0.474215  3.01511  4.55329  2.00172  2.5396  0.918587  0.129174  
0.1335  0.636032  3.01511  4.55329  2.00172  2.5396  0.339444  1.29428  
0.954388  0.0239541  3.01511  4.55329  2.00172  2.5396  1.00172  0  
0.859365  0.0740497  3.01511  4.55329  2.00172  2.5396  0.284981  0.933895  
0.0437434  0.79244  3.01511  4.55329  2.00172  2.5396  0.0567651  2.03126  
0.0956873  0.692253  3.01511  4.55329  2.00172  2.5396  0.177647  0.582158  
0.869183  0.068631  3.01511  4.55329  2.00172  2.5396  0.0756947  1.34278  
0.0732448  0.730985  3.01511  4.55329  2.00172  2.5396  0.0686814  1.63735  
0.272057  0.483953  3.01511  4.55329  2.00172  2.5396  0.724819  0.912295  
0.137562  0.63051  3.01511  4.55329  2.00172  2.5396  0.56776  1.33953  
0.124069  0.649214  3.01511  4.55329  2.00172  2.5396  1.63489  0.0177522  
0.147401  0.617483  3.01511  4.55329  2.00172  2.5396  0.771867  1.19149  
0.0471155  0.784562  3.01511  4.55329  2.00172  2.5396  0.783299  1.14552  
0.167435  0.592182  3.01511  4.55329  2.00172  2.5396  0  2.11718  
0.162085  0.598778  3.01511  4.55329  2.00172  2.5396  1.76437  0  
0.316543  0.439904  3.01511  4.55329  2.00172  2.5396  0.0744609  1.79639  
0.110144  0.669557  3.01511  4.55329  2.00172  2.5396  0.0488503  1.7779  
0.442668  0.336074  3.01511  4.55329  2.00172  2.5396  0.721287  1.00838  
0.813167  0.0994896  3.01511  4.55329  2.00172  2.5396  0  2.16028  
0.0655804  0.745501  3.01511  4.55329  2.00172  2.5396  0.107982  1.17637  
0.938799  0.0319721  3.01511  4.55329  2.00172  2.5396  0.00107883  2.22126  
0.245419  0.505899  3.01511  4.55329  2.00172  2.5396  1.46216  0  
0.477252  0.310395  3.01511  4.55329  2.00172  2.5396  0.105053  1.65176  
0.11965  0.65555  3.01511  4.55329  2.00172  2.5396  0.0394774  1.32174  
0.994789  0.00347287  3.01511  4.55329  2.00172  2.5396  1.15315e-06  2.38678  
0.987837  0.00696741  3.01511  4.55329  2.00172  2.5396  2.29536e-05  2.64857  
0.198493  0.556007  3.01511  4.55329  2.00172  2.5396  1.56065  0.124658  
0.84796  0.0812538  3.01511  4.55329  2.00172  2.5396  0.0957987  1.69941  
0.506274  0.305581  3.01511  4.55329  2.00172  2.5396  1.52713  0.138297  
0.00778999  0.91348  3.01511  4.55329  2.00172  2.5396  1.71003  0  
0.0618829  0.752831  3.01511  4.55329  2.00172  2.5396  0.221763  1.45554  
0.347643  0.411616  3.01511  4.55329  2.00172  2.5396  0.166532  1.62255  
0.176063  0.580401  2  1.99898  2  1.99955  0.123763  0.6482  
0.100762  0.682569  2  1.99898  2  1.99955  0.00130941  0.963814  
0.112265  0.664941  2  1.99898  2  1.99955  0.253224  0.496787  
0.0145456  0.879395  2  1.99898  2  1.99955  0.35033  0.408113  
0.45339  0.326658  2  1.99898  2  1.99955  0.117237  0.657601  
0.882189  0.0607511  2  1.99898  2  1.99955  0.886181  0.0586283  
0.942316  0.0292705  2  1.99898  2  1.99955  0.423732  0.349053  
0.633081  0.204873  2  1.99898  2  1.99955  0.430811  0.343639  
0.364982  0.395863  2  1.99898  2  1.99955  0.18496  0.569931  
0.980729  0.00968277  2  1.99898  2  1.99955  0.930936  0.0351497  
0.373516  0.388841  2  1.99898  2  1.99955  0.834486  0.0864978  
0.23748  0.512681  2  1.99898  2  1.99955  0.0269168  0.835937  
0.38207  0.381883  2  1.99898  2  1.99955  0.0422027  0.794567  
0.40827  0.36104  2  1.99898  2  1.99955  0.164427  0.594504  
0.830015  0.0889489  2  1.99898  2  1.99955  0.445663  0.33242  
0.971196  0.0145079  2  1.99898  2  1.99955  0.0599596  0.755134  
0.0894119  0.700982  2  1.99898  2  1.99955  0.0118802  0.891004  
0.182605  0.572678  2  1.99898  2  1.99955  0.157358  0.603316  
0.892452  0.0553037  2  1.99898  2  1.99955  0.438226  0.338014  
0.961519  0.0194293  2  1.99898  2  1.99955  0.273805  0.476737  
0.426254  0.347119  2  1.99898  2  1.99955  0.23864  0.511492  
0.902566  0.0499655  2  1.99898  2  1.99955  0.468705  0.31538  
0.0348029  0.813446  2  1.99898  2  1.99955  0.378897  0.384454  
0.471795  0.313127  2  1.99898  2  1.99955  0.315113  0.438651  
0.0483784  0.780049  2  1.99898  2  1.99955  0.48409  0.304234  
0.322637  0.43199  2  1.99898  2  1.99955  0.343465  0.413941  
0.143176  0.621615  2  1.99898  2  1.99955  0.294547  0.457279  
0.0110589  0.894843  2  1.99898  2  1.99955  0.097255  0.688143  
0.00274719  0.947587  2  1.99898  2  1.99955  0.869403  0.0675823  
0.223181  0.52758  2  1.99898  2  1.99955  0.0838081  0.710504  
0.912676  0.0446596  2  1.99898  2  1.99955  0.0369177  0.80786  
0.435327  0.340208  2  1.99898  2  1.99955  0.246472  0.503541  
0.189043  0.56521  2  1.99898  2  1.99955  0.00393238  0.937292  
0.209267  0.542544  2  1.99898  2  1.99955  0.817464  0.0958628  
0.0530808  0.769608  2  1.99898  2  1.99955  0.4021  0.365886  
0.0261638  0.83825  2  1.99898  2  1.99955  1.03328e-06  0.998984  
0.462507  0.319922  2  1.99898  2  1.99955  0.416938  0.354293  
0.0838081  0.710504  2  1.99898  2  1.99955  0.974559  0.0128024  
0.0303517  0.825786  2  1.99898  2  1.99955  0.322276  0.432307  
2.0399e-07  0.999549  2  1.99898  2  1.99955  0.843056  0.0818194  
0.87171  0.0663461  2  1.99898  2  1.99955  0.0661513  0.742801  
0.156187  0.604796  2  1.99898  2  1.99955  0.329332  0.426125  
0.0051497  0.928239  2  1.99898  2  1.99955  0.386522  0.378291  
0.356372  0.403031  2  1.99898  2  1.99955  0.0720609  0.731559  
0.282304  0.468677  2  1.99898  2  1.99955  0.499972  0.292913  
0.0182877  0.864769  2  1.99898  2  1.99955  0.199821  0.552987  
0.298204  0.45392  2  1.99898  2  1.99955  0.0219954  0.851692  
0.130254  0.639093  2  1.99898  2  1.99955  0.895074  0.0539164  
0.078293  0.720191  2  1.99898  2  1.99955  0.877764  0.0631094  
0.25935  0.490736  2  1.99898  2  1.99955  0.921663  0.0399672  
0.0221333  0.851227  2  1.99898  2  1.99955  0.130254  0.639093  
0.290122  0.461372  2  1.99898  2  1.99955  0.215525  0.535754  
1  0  2  1.99898  2  1.99955  0.364391  0.396352  
0.79054  0.111168  2  1.99898  2  1.99955  0.45339  0.326658  
0.330837  0.424816  2  1.99898  2  1.99955  0.476225  0.30991  
0.124141  0.647664  2  1.99898  2  1.99955  0.00738949  0.914038  
0.230263  0.520144  2  1.99898  2  1.99955  0.800199  0.105462  
0.417203  0.354089  2  1.99898  2  1.99955  0.111055  0.666751  
0.339201  0.417591  2  1.99898  2  1.99955  0.633081  0.204873  
0.39063  0.374997  2  1.99898  2  1.99955  0.98715  0.00644588  
0.202427  0.550082  2  1.99898  2  1.99955  0.143176  0.621615  
0.820085  0.0944148  2  1.99898  2  1.99955  0.461078  0.320973  
0.000934853  0.969425  2  1.99898  2  1.99955  0.912046  0.0449891  
0.252029  0.497976  2  1.99898  2  1.99955  0.223469  0.527275  
0.840298  0.0833223  2  1.99898  2  1.99955  0.0318325  0.821584  
0.800199  0.105462  2  1.99898  2  1.99955  0.0907027  0.698831  
0.216073  0.535164  2  1.99898  2  1.99955  0.94077  0.0300674  
0.922515  0.0395235  2  1.99898  2  1.99955  0.79054  0.111168  
0.274441  0.476129  2  1.99898  2  1.99955  0.962632  0.018862  
0.136682  0.630295  2  1.99898  2  1.99955  0.851698  0.0771255  
0.951919  0.0243368  2  1.99898  2  1.99955  1  0  
0.850852  0.0775839  2  1.99898  2  1.99955  0.49174  0.298758  
0.0437846  0.790753  2  1.99898  2  1.99955  0.336406  0.419995  
0.0950918  0.691631  2  1.99898  2  1.99955  0.260101  0.489999  
0.861239  0.0719704  2  1.99898  2  1.99955  0.266853  0.483422  
0.0729762  0.729859  2  1.99898  2  1.99955  0.171249  0.586177  
0.266853  0.483422  2  1.99898  2  1.99955  0.0169202  0.869923  
0.499972  0.292913  2  1.99898  2  1.99955  0.903284  0.0495874  
0.490687  0.29951  2  1.99898  2  1.99955  0.394302  0.372065  
0.149713  0.613073  2  1.99898  2  1.99955  0.207603  0.544365  
0.399343  0.368065  2  1.99898  2  1.99955  0.0478305  0.781299  
0.169437  0.588373  2  1.99898  2  1.99955  0.409584  0.360013  
0.162891  0.596402  2  1.99898  2  1.99955  0.951633  0.0244834  
0.314412  0.439276  2  1.99898  2  1.99955  0.0779724  0.720765  
0.10652  0.673626  2  1.99898  2  1.99955  0.357161  0.402371  
0.444236  0.333491  2  1.99898  2  1.99955  0.104171  0.677245  
0.810219  0.0998786  2  1.99898  2  1.99955  0.308351  0.444707  
0.0392757  0.801819  2  1.99898  2  1.99955  0.230941  0.519437  
0.932503  0.0343383  2  1.99898  2  1.99955  0.371618  0.390395  
0.244747  0.505281  2  1.99898  2  1.99955  0.301249  0.451138  
0.481223  0.306298  2  1.99898  2  1.99955  0.136709  0.630258  
0.118176  0.656232  2  1.99898  2  1.99955  0.280961  0.469942  
0.306294  0.446562  2  1.99898  2  1.99955  0.826031  0.0911377  
0.99036  0.00483168  2  1.99898  2  1.99955  0.809237  0.100424  
0.195706  0.557614  2  1.99898  2  1.99955  0.149946  0.612772  
0.0629779  0.749047  2  1.99898  2  1.99955  0.192087  0.561722  
0.0678981  0.739428  2  1.99898  2  1.99955  0.28789  0.463447  
0.00793418  0.910926  2  1.99898  2  1.99955  0.0539489  0.767731  
0.0580002  0.759168  2  1.99898  2  1.99955  0.177905  0.578213  
0.347742  0.410304  2  1.99898  2  1.99955  0.860661  0.072282  
0.175702  0.580831  2.18772  1.99934  2.18772  1.99951  0.122595  0.649865  
0.100728  0.682624  2.18772  1.99934  2.18772  1.99951  0.00140693  0.962491  
0.112417  0.664714  2.18772  1.99934  2.18772  1.99951  0.250236  0.499765  
0.014691  0.878794  2.18772  1.99934  2.18772  1.99951  0.350399  0.408055  
0.453464  0.326603  2.18772  1.99934  2.18772  1.99951  0.115835  0.659655  
0.880921  0.061426  2.18772  1.99934  2.18772  1.99951  0.889957  0.0566248  
0.940855  0.0300231  2.18772  1.99934  2.18772  1.99951  0.423518  0.349218  
0.633081  0.204873  2.18772  1.99934  2.18772  1.99951  0.430981  0.343509  
0.364919  0.395914  2.18772  1.99934  2.18772  1.99951  0.185195  0.569658  
0.980438  0.00982923  2.18772  1.99934  2.18772  1.99951  0.938484  0.0312462  
0.373525  0.388833  2.18772  1.99934  2.18772  1.99951  0.835024  0.0862038  
0.237732  0.512423  2.18772  1.99934  2.18772  1.99951  0.0253602  0.840751  
0.382167  0.381803  2.18772  1.99934  2.18772  1.99951  0.0412463  0.796908  
0.408415  0.360926  2.18772  1.99934  2.18772  1.99951  0.163876  0.595184  
0.830346  0.0887667  2.18772  1.99934  2.18772  1.99951  0.445958  0.332199  
0.970537  0.0148415  2.18772  1.99934  2.18772  1.99951  0.0585836  0.757959  
0.0894005  0.701001  2.18772  1.99934  2.18772  1.99951  0.0115728  0.892423  
0.18234  0.572987  2.18772  1.99934  2.18772  1.99951  0.156843  0.603966  
0.891001  0.0560713  2.18772  1.99934  2.18772  1.99951  0.438455  0.337841  
0.960733  0.0198299  2.18772  1.99934  2.18772  1.99951  0.272027  0.478438  
0.426229  0.347138  2.18772  1.99934  2.18772  1.99951  0.23566  0.514552  
0.901013  0.0507831  2.18772  1.99934  2.18772  1.99951  0.468781  0.315324  
0.0346045  0.813977  2.18772  1.99934  2.18772  1.99951  0.379259  0.38416  
0.471895  0.313054  2.18772  1.99934  2.18772  1.99951  0.314824  0.438908  
0.0482999  0.780228  2.18772  1.99934  2.18772  1.99951  0.484292  0.304089  
0.322928  0.431733  2.18772  1.99934  2.18772  1.99951  0.343293  0.414088  
0.143233  0.621538  2.18772  1.99934  2.18772  1.99951  0.293444  0.458295  
0.0112962  0.893717  2.18772  1.99934  2.18772  1.99951  0.0960654  0.690056  
0.00289674  0.946179  2.18772  1.99934  2.18772  1.99951  0.871241  0.066597  
0.223388  0.52736  2.18772  1.99934  2.18772  1.99951  0.0831259  0.711684  
0.910997  0.0455381  2.18772  1.99934  2.18772  1.99951  0.035813  0.810757  
0.435238  0.340274  2.18772  1.99934  2.18772  1.99951  0.242946  0.507105  
0.189032  0.565221  2.18772  1.99934  2.18772  1.99951  0.00415216  0.935563  
0.209398  0.5424  2.18772  1.99934  2.18772  1.99951  0.817357  0.0959219  
0.0530595  0.769654  2.18772  1.99934  2.18772  1.99951  0.401326  0.366497  
0.0261373  0.83833  2.18772  1.99934  2.18772  1.99951  4.32879e-07  0.999342  
0.462654  0.319813  2.18772  1.99934  2.18772  1.99951  0.4161  0.354942  
0.0838899  0.710362  2.18772  1.99934  2.18772  1.99951  0.97916  0.010475  
0.0303079  0.825908  2.18772  1.99934  2.18772  1.99951  0.321917  0.432623  
2.37239e-07  0.999513  2.18772  1.99934  2.18772  1.99951  0.84391  0.0813543  
0.870793  0.0668372  2.18772  1.99934  2.18772  1.99951  0.0646353  0.745765  
0.156079  0.604932  2.18772  1.99934  2.18772  1.99951  0.329039  0.426381  
0.00533923  0.92693  2.18772  1.99934  2.18772  1.99951  0.386594  0.378233  
0.356373  0.40303  2.18772  1.99934  2.18772  1.99951  0.0706228  0.73425  
0.282921  0.468097  2.18772  1.99934  2.18772  1.99951  0.499999  0.292894  
0.0183094  0.864688  2.18772  1.99934  2.18772  1.99951  0.199569  0.553269  
0.298707  0.453459  2.18772  1.99934  2.18772  1.99951  0.0205121  0.85678  
0.130685  0.638496  2.18772  1.99934  2.18772  1.99951  0.899495  0.0515831  
0.0784817  0.719854  2.18772  1.99934  2.18772  1.99951  0.880562  0.0616175  
0.259889  0.490207  2.18772  1.99934  2.18772  1.99951  0.928578  0.0363726  
0.0221255  0.851254  2.18772  1.99934  2.18772  1.99951  0.129356  0.640339  
0.290814  0.460728  2.18772  1.99934  2.18772  1.99951  0.213996  0.537403  
1  0  2.18772  1.99934  2.18772  1.99951  0.36472  0.396079  
0.79054  0.111168  2.18772  1.99934  2.18772  1.99951  0.453523  0.326559  
0.331205  0.424496  2.18772  1.99934  2.18772  1.99951  0.476505  0.309707  
0.124517  0.647131  2.18772  1.99934  2.18772  1.99951  0.00761011  0.912764  
0.230522  0.519873  2.18772  1.99934  2.18772  1.99951  0.800005  0.10557  
0.417301  0.354011  2.18772  1.99934  2.18772  1.99951  0.109248  0.669473  
0.339502  0.417332  2.18772  1.99934  2.18772  1.99951  0.633081  0.204873  
0.390858  0.374814  2.18772  1.99934  2.18772  1.99951  0.989567  0.00523035  
0.202526  0.549971  2.18772  1.99934  2.18772  1.99951  0.143007  0.621838  
0.820241  0.0943286  2.18772  1.99934  2.18772  1.99951  0.461145  0.320924  
0.000975887  0.968761  2.18772  1.99934  2.18772  1.99951  0.918814  0.0414521  
0.252433  0.497573  2.18772  1.99934  2.18772  1.99951  0.221196  0.529685  
0.840469  0.0832293  2.18772  1.99934  2.18772  1.99951  0.030479  0.825418  
0.800078  0.105529  2.18772  1.99934  2.18772  1.99951  0.089514  0.700811  
0.216349  0.534867  2.18772  1.99934  2.18772  1.99951  0.948559  0.0260602  
0.921029  0.0402974  2.18772  1.99934  2.18772  1.99951  0.79054  0.111168  
0.275188  0.475417  2.18772  1.99934  2.18772  1.99951  0.968787  0.0157303  
0.136915  0.62998  2.18772  1.99934  2.18772  1.99951  0.852921  0.076463  
0.950816  0.0249019  2.18772  1.99934  2.18772  1.99951  1  0  
0.850581  0.0777305  2.18772  1.99934  2.18772  1.99951  0.492116  0.29849  
0.0436213  0.791143  2.18772  1.99934  2.18772  1.99951  0.336156  0.42021  
0.0950196  0.691748  2.18772  1.99934  2.18772  1.99951  0.257542  0.492514  
0.860676  0.0722738  2.18772  1.99934  2.18772  1.99951  0.264813  0.4854  
0.0731846  0.729473  2.18772  1.99934  2.18772  1.99951  0.170925  0.586569  
0.267448  0.482847  2.18772  1.99934  2.18772  1.99951  0.0158756  0.874002  
0.499999  0.292894  2.18772  1.99934  2.18772  1.99951  0.909146  0.0465085  
0.49056  0.2996  2.18772  1.99934  2.18772  1.99951  0.393955  0.372341  
0.149633  0.613175  2.18772  1.99934  2.18772  1.99951  0.206767  0.545284  
0.399605  0.367857  2.18772  1.99934  2.18772  1.99951  0.0468723  0.7835  
0.169132  0.588744  2.18772  1.99934  2.18772  1.99951  0.408691  0.36071  
0.162574  0.596795  2.18772  1.99934  2.18772  1.99951  0.958691  0.0208722  
0.314751  0.438973  2.18772  1.99934  2.18772  1.99951  0.0768334  0.722812  
0.106529  0.673613  2.18772  1.99934  2.18772  1.99951  0.357533  0.402059  
0.444317  0.333429  2.18772  1.99934  2.18772  1.99951  0.102646  0.679616  
0.810139  0.099923  2.18772  1.99934  2.18772  1.99951  0.307708  0.445286  
0.039055  0.802377  2.18772  1.99934  2.18772  1.99951  0.228466  0.522019  
0.930952  0.0351412  2.18772  1.99934  2.18772  1.99951  0.371957  0.390117  
0.245012  0.505013  2.18772  1.99934  2.18772  1.99951  0.300581  0.451747  
0.481196  0.306317  2.18772  1.99934  2.18772  1.99951  0.13614  0.631029  
0.11841  0.655892  2.18772  1.99934  2.18772  1.99951  0.279255  0.471555  
0.306697  0.446198  2.18772  1.99934  2.18772  1.99951  0.826138  0.0910788  
0.990248  0.00488798  2.18772  1.99934  2.18772  1.99951  0.808646  0.100753  
0.195751  0.557563  2.18772  1.99934  2.18772  1.99951  0.14988  0.612856  
0.0629069  0.749188  2.18772  1.99934  2.18772  1.99951  0.192374  0.561395  
0.0680022  0.739228  2.18772  1.99934  2.18772  1.99951  0.286395  0.464841  
0.00816591  0.909635  2.18772  1.99934  2.18772  1.99951  0.0526616  0.770519  
0.0579319  0.75931  2.18772  1.99934  2.18772  1.99951  0.178049  0.578042  
0.347885  0.410182  2.18772  1.99934  2.18772  1.99951  0.862034  0.0715421  
0.175661  0.580881  2  1.99931  2  1.99951  0.121967  0.650762  
0.100751  0.682587  2  1.99931  2  1.99951  0.00136855  0.963006  
0.112445  0.664672  2  1.99931  2  1.99951  0.249186  0.500814  
0.014691  0.878794  2  1.99931  2  1.99951  0.350281  0.408155  
0.453464  0.326603  2  1.99931  2  1.99951  0.115258  0.660504  
0.880633  0.0615794  2  1.99931  2  1.99951  0.890988  0.0560784  
0.940606  0.0301514  2  1.99931  2  1.99951  0.423518  0.349218  
0.633081  0.204873  2  1.99931  2  1.99951  0.430981  0.343509  
0.364945  0.395893  2  1.99931  2  1.99951  0.184627  0.570318  
0.980256  0.00992139  2  1.99931  2  1.99951  0.939305  0.0308224  
0.373525  0.388833  2  1.99931  2  1.99951  0.835513  0.085936  
0.23797  0.512178  2  1.99931  2  1.99951  0.0249851  0.841933  
0.382167  0.381803  2  1.99931  2  1.99951  0.0406785  0.798311  
0.408423  0.36092  2  1.99931  2  1.99951  0.163369  0.595811  
0.830304  0.0887897  2  1.99931  2  1.99951  0.445974  0.332187  
0.970373  0.0149248  2  1.99931  2  1.99951  0.0579779  0.759214  
0.0894126  0.700981  2  1.99931  2  1.99951  0.0113311  0.893553  
0.182318  0.573013  2  1.99931  2  1.99951  0.156394  0.604533  
0.890691  0.0562355  2  1.99931  2  1.99951  0.438455  0.337841  
0.960463  0.0199681  2  1.99931  2  1.99951  0.2708  0.479615  
0.426249  0.347122  2  1.99931  2  1.99951  0.234759  0.515481  
0.900714  0.0509404  2  1.99931  2  1.99951  0.468826  0.315292  
0.0346045  0.813977  2  1.99931  2  1.99951  0.379259  0.38416  
0.471895  0.313054  2  1.99931  2  1.99951  0.314163  0.439498  
0.0482537  0.780333  2  1.99931  2  1.99951  0.484314  0.304074  
0.323017  0.431654  2  1.99931  2  1.99951  0.343089  0.414262  
0.143241  0.621528  2  1.99931  2  1.99951  0.292452  0.459212  
0.0113018  0.89369  2  1.99931  2  1.99951  0.09548  0.691002  
0.00289929  0.946155  2  1.99931  2  1.99951  0.87214  0.0661157  
0.22359  0.527147  2  1.99931  2  1.99951  0.0826143  0.712573  
0.910702  0.0456931  2  1.99931  2  1.99951  0.0352773  0.812178  
0.435246  0.340268  2  1.99931  2  1.99951  0.241972  0.508094  
0.189021  0.565235  2  1.99931  2  1.99951  0.00406404  0.93625  
0.209527  0.542259  2  1.99931  2  1.99951  0.817585  0.0957958  
0.0530425  0.769691  2  1.99931  2  1.99951  0.401298  0.36652  
0.0261222  0.838377  2  1.99931  2  1.99951  4.70511e-07  0.999314  
0.462654  0.319813  2  1.99931  2  1.99951  0.416093  0.354947  
0.0839033  0.710339  2  1.99931  2  1.99951  0.979544  0.0102809  
0.030295  0.825946  2  1.99931  2  1.99951  0.32138  0.433096  
2.37239e-07  0.999513  2  1.99931  2  1.99951  0.844595  0.0809815  
0.870621  0.0669295  2  1.99931  2  1.99951  0.0639684  0.74708  
0.156042  0.604979  2  1.99931  2  1.99951  0.328598  0.426766  
0.00533923  0.92693  2  1.99931  2  1.99951  0.386594  0.378233  
0.356403  0.403005  2  1.99931  2  1.99951  0.0700835  0.735267  
0.283119  0.467911  2  1.99931  2  1.99951  0.499999  0.292894  
0.0183094  0.864688  2  1.99931  2  1.99951  0.198932  0.553982  
0.298846  0.453332  2  1.99931  2  1.99951  0.0201562  0.858028  
0.130685  0.638496  2  1.99931  2  1.99951  0.900541  0.0510314  
0.0785004  0.719821  2  1.99931  2  1.99951  0.881486  0.0611253  
0.260138  0.489963  2  1.99931  2  1.99951  0.92952  0.0358838  
0.0221255  0.851254  2  1.99931  2  1.99951  0.128767  0.641158  
0.290945  0.460607  2  1.99931  2  1.99951  0.213221  0.538241  
1  0  2  1.99931  2  1.99951  0.36472  0.396079  
0.79054  0.111168  2  1.99931  2  1.99951  0.453551  0.326538  
0.33124  0.424465  2  1.99931  2  1.99951  0.476544  0.309678  
0.124517  0.647131  2  1.99931  2  1.99951  0.00746066  0.913625  
0.230719  0.519668  2  1.99931  2  1.99951  0.800001  0.105572  
0.417301  0.354011  2  1.99931  2  1.99951  0.10863  0.670409  
0.339571  0.417272  2  1.99931  2  1.99951  0.633081  0.204873  
0.390858  0.374814  2  1.99931  2  1.99951  0.989731  0.00514752  
0.202621  0.549866  2  1.99931  2  1.99951  0.142504  0.622503  
0.820197  0.0943529  2  1.99931  2  1.99951  0.461167  0.320907  
0.000975887  0.968761  2  1.99931  2  1.99951  0.919729  0.040975  
0.252651  0.497356  2  1.99931  2  1.99951  0.220402  0.53053  
0.840385  0.083275  2  1.99931  2  1.99951  0.0300358  0.826692  
0.800078  0.105529  2  1.99931  2  1.99951  0.0889796  0.701706  
0.216516  0.534687  2  1.99931  2  1.99951  0.949261  0.0256996  
0.920681  0.0404789  2  1.99931  2  1.99951  0.79054  0.111168  
0.275375  0.475238  2  1.99931  2  1.99951  0.969357  0.0154409  
0.136931  0.629958  2  1.99931  2  1.99951  0.853725  0.0760276  
0.950528  0.02505  2  1.99931  2  1.99951  1  0  
0.850472  0.0777896  2  1.99931  2  1.99951  0.492141  0.298473  
0.043597  0.791201  2  1.99931  2  1.99951  0.335878  0.420451  
0.0950247  0.691739  2  1.99931  2  1.99951  0.256367  0.493673  
0.860555  0.0723392  2  1.99931  2  1.99951  0.26353  0.486648  
0.0731936  0.729457  2  1.99931  2  1.99951  0.170378  0.587231  
0.267721  0.482583  2  1.99931  2  1.99951  0.0156046  0.875082  
0.499999  0.292894  2  1.99931  2  1.99951  0.910118  0.0459989  
0.49056  0.2996  2  1.99931  2  1.99951  0.393936  0.372357  
0.149603  0.613214  2  1.99931  2  1.99951  0.20606  0.546061  
0.399605  0.367857  2  1.99931  2  1.99951  0.0462704  0.784894  
0.169069  0.58882  2  1.99931  2  1.99951  0.408691  0.36071  
0.162529  0.596851  2  1.99931  2  1.99951  0.959281  0.0205713  
0.314873  0.438865  2  1.99931  2  1.99951  0.0763046  0.723767  
0.106551  0.673579  2  1.99931  2  1.99951  0.357487  0.402098  
0.444317  0.333429  2  1.99931  2  1.99951  0.102018  0.680597  
0.810139  0.099923  2  1.99931  2  1.99951  0.30691  0.446005  
0.0390474  0.802396  2  1.99931  2  1.99951  0.22764  0.522884  
0.930669  0.0352879  2  1.99931  2  1.99951  0.371968  0.390108  
0.245257  0.504765  2  1.99931  2  1.99951  0.299647  0.4526  
0.481196  0.306317  2  1.99931  2  1.99951  0.135626  0.631726  
0.118433  0.655859  2  1.99931  2  1.99951  0.27801  0.472734  
0.306814  0.446092  2  1.99931  2  1.99951  0.826516  0.0908707  
0.990121  0.00495185  2  1.99931  2  1.99951  0.808807  0.100663  
0.195797  0.55751  2  1.99931  2  1.99951  0.149428  0.613441  
0.0629069  0.749188  2  1.99931  2  1.99951  0.191768  0.562087  
0.0680022  0.739228  2  1.99931  2  1.99951  0.28525  0.465912  
0.00816591  0.909635  2  1.99931  2  1.99951  0.0520422  0.771872  
0.0579235  0.759327  2  1.99931  2  1.99951  0.177496  0.578697  
0.347945  0.410131  2  1.99931  2  1.99951  0.862887  0.0710831  
0.175661  0.580881  2  1.99931  2  1.99951  0.121495  0.651439  
0.100751  0.682587  2  1.99931  2  1.99951  0.00135464  0.963195  
0.112456  0.664656  2  1.99931  2  1.99951  0.248493  0.50151  
0.014691  0.878794  2  1.99931  2  1.99951  0.350028  0.408368  
0.453464  0.326603  2  1.99931  2  1.99951  0.114714  0.661305  
0.880422  0.0616919  2  1.99931  2  1.99951  0.891549  0.0557813  
0.940412  0.0302517  2  1.99931  2  1.99951  0.423518  0.349218  
0.633081  0.204873  2  1.99931  2  1.99951  0.430981  0.343509  
0.364969  0.395874  2  1.99931  2  1.99951  0.183912  0.57115  
0.980129  0.00998548  2  1.99931  2  1.99951  0.939747  0.0305944  
0.373525  0.388833  2  1.99931  2  1.99951  0.835768  0.0857963  
0.238071  0.512075  2  1.99931  2  1.99951  0.0246671  0.842942  
0.382167  0.381803  2  1.99931  2  1.99951  0.0403491  0.799129  
0.408423  0.36092  2  1.99931  2  1.99951  0.162718  0.596617  
0.830239  0.0888253  2  1.99931  2  1.99951  0.445974  0.332187  
0.970235  0.014995  2  1.99931  2  1.99951  0.0575138  0.76018  
0.0894126  0.700981  2  1.99931  2  1.99951  0.0111404  0.894452  
0.182313  0.573019  2  1.99931  2  1.99951  0.155739  0.605362  
0.890453  0.0563617  2  1.99931  2  1.99951  0.438455  0.337841  
0.960302  0.02005  2  1.99931  2  1.99951  0.270213  0.48018  
0.426249  0.347122  2  1.99931  2  1.99951  0.233998  0.516267  
0.90053  0.0510374  2  1.99931  2  1.99951  0.468845  0.315277  
0.0345738  0.81406  2  1.99931  2  1.99951  0.379207  0.384202  
0.471895  0.313054  2  1.99931  2  1.99951  0.313774  0.439845  
0.0482244  0.780399  2  1.99931  2  1.99951  0.484314  0.304074  
0.323083  0.431596  2  1.99931  2  1.99951  0.342755  0.414547  
0.14323  0.621542  2  1.99931  2  1.99951  0.291939  0.459687  
0.0113018  0.89369  2  1.99931  2  1.99951  0.0949905  0.691795  
0.00289929  0.946155  2  1.99931  2  1.99951  0.872609  0.0658648  
0.223664  0.527069  2  1.99931  2  1.99951  0.0821557  0.713372  
0.910524  0.0457862  2  1.99931  2  1.99951  0.034929  0.813107  
0.435246  0.340268  2  1.99931  2  1.99951  0.241226  0.508852  
0.189021  0.565235  2  1.99931  2  1.99951  0.00400298  0.936731  
0.209568  0.542215  2  1.99931  2  1.99951  0.817789  0.095683  
0.053017  0.769746  2  1.99931  2  1.99951  0.401298  0.36652  
0.0261222  0.838377  2  1.99931  2  1.99951  4.70511e-07  0.999314  
0.462654  0.319813  2  1.99931  2  1.99951  0.416093  0.354947  
0.0839159  0.710318  2  1.99931  2  1.99951  0.979713  0.0101956  
0.0302703  0.826016  2  1.99931  2  1.99951  0.320987  0.433443  
2.37239e-07  0.999513  2  1.99931  2  1.99951  0.844882  0.0808254  
0.870378  0.0670594  2  1.99931  2  1.99951  0.063527  0.747954  
0.156041  0.60498  2  1.99931  2  1.99951  0.328205  0.427108  
0.00533923  0.92693  2  1.99931  2  1.99951  0.386569  0.378253  
0.356445  0.40297  2  1.99931  2  1.99951  0.0696559  0.736076  
0.283213  0.467822  2  1.99931  2  1.99951  0.499999  0.292894  
0.0183094  0.864688  2  1.99931  2  1.99951  0.198122  0.554892  
0.298911  0.453272  2  1.99931  2  1.99951  0.0198761  0.859018  
0.130685  0.638496  2  1.99931  2  1.99951  0.901013  0.0507832  
0.0785004  0.719821  2  1.99931  2  1.99951  0.881957  0.0608744  
0.260248  0.489855  2  1.99931  2  1.99951  0.929966  0.0356524  
0.0221255  0.851254  2  1.99931  2  1.99951  0.12826  0.641866  
0.291038  0.46052  2  1.99931  2  1.99951  0.212471  0.539055  
1  0  2  1.99931  2  1.99951  0.364573  0.396201  
0.79054  0.111168  2  1.99931  2  1.99951  0.453551  0.326538  
0.331314  0.424401  2  1.99931  2  1.99951  0.476544  0.309678  
0.124517  0.647131  2  1.99931  2  1.99951  0.00733515  0.914355  
0.230839  0.519543  2  1.99931  2  1.99951  0.800001  0.105572  
0.417301  0.354011  2  1.99931  2  1.99951  0.108098  0.671217  
0.339616  0.417235  2  1.99931  2  1.99951  0.633081  0.204873  
0.390858  0.374814  2  1.99931  2  1.99951  0.989846  0.00509  
0.20264  0.549845  2  1.99931  2  1.99951  0.141915  0.623285  
0.820179  0.0943625  2  1.99931  2  1.99951  0.461181  0.320897  
0.000975887  0.968761  2  1.99931  2  1.99951  0.920245  0.0407058  
0.25276  0.497248  2  1.99931  2  1.99951  0.219573  0.531414  
0.840268  0.0833388  2  1.99931  2  1.99951  0.029709  0.827637  
0.800041  0.10555  2  1.99931  2  1.99951  0.0885377  0.702447  
0.21659  0.534608  2  1.99931  2  1.99951  0.949617  0.0255169  
0.920483  0.040582  2  1.99931  2  1.99951  0.79054  0.111168  
0.275476  0.475142  2  1.99931  2  1.99951  0.969644  0.0152952  
0.136914  0.629981  2  1.99931  2  1.99951  0.854065  0.0758437  
0.950377  0.0251272  2  1.99931  2  1.99951  1  0  
0.850297  0.0778846  2  1.99931  2  1.99951  0.492141  0.298473  
0.0435543  0.791303  2  1.99931  2  1.99951  0.335469  0.420803  
0.0950247  0.691739  2  1.99931  2  1.99951  0.255808  0.494225  
0.860337  0.0724564  2  1.99931  2  1.99951  0.263003  0.487162  
0.0731936  0.729457  2  1.99931  2  1.99951  0.169711  0.58804  
0.267844  0.482464  2  1.99931  2  1.99951  0.0153388  0.87615  
0.499999  0.292894  2  1.99931  2  1.99951  0.910653  0.0457185  
0.490578  0.299587  2  1.99931  2  1.99951  0.393932  0.37236  
0.149603  0.613214  2  1.99931  2  1.99951  0.205291  0.546909  
0.39962  0.367845  2  1.99931  2  1.99951  0.0459301  0.785687  
0.169067  0.588823  2  1.99931  2  1.99951  0.408687  0.360714  
0.162527  0.596853  2  1.99931  2  1.99951  0.959608  0.0204041  
0.314961  0.438786  2  1.99931  2  1.99951  0.0758371  0.724615  
0.106551  0.673579  2  1.99931  2  1.99951  0.357303  0.402252  
0.44432  0.333426  2  1.99931  2  1.99951  0.10153  0.681362  
0.810109  0.0999393  2  1.99931  2  1.99951  0.306472  0.4464  
0.0389985  0.80252  2  1.99931  2  1.99951  0.226797  0.523768  
0.930416  0.0354195  2  1.99931  2  1.99951  0.371896  0.390167  
0.245378  0.504644  2  1.99931  2  1.99951  0.299246  0.452967  
0.481196  0.306317  2  1.99931  2  1.99951  0.135049  0.632509  
0.11844  0.65585  2  1.99931  2  1.99951  0.277473  0.473243  
0.306894  0.44602  2  1.99931  2  1.99951  0.826755  0.0907394  
0.990071  0.00497706  2  1.99931  2  1.99951  0.808845  0.100642  
0.195797  0.55751  2  1.99931  2  1.99951  0.148847  0.614193  
0.0629069  0.749188  2  1.99931  2  1.99951  0.191001  0.562964  
0.0680022  0.739228  2  1.99931  2  1.99951  0.284677  0.466448  
0.00816738  0.909626  2  1.99931  2  1.99951  0.0516502  0.772733  
0.0579041  0.759367  2  1.99931  2  1.99951  0.176823  0.579497  
0.348001  0.410084  2  1.99931  2  1.99951  0.863286  0.0708681  
0.175661  0.580881  2  1.99933  2  1.99951  0.120776  0.652471  
0.100751  0.682587  2  1.99933  2  1.99951  0.00134578  0.963315  
0.112456  0.664656  2  1.99933  2  1.99951  0.247858  0.502147  
0.0147059  0.878732  2  1.99933  2  1.99951  0.349824  0.408541  
0.453464  0.326603  2  1.99933  2  1.99951  0.114071  0.662257  
0.880246  0.061786  2  1.99933  2  1.99951  0.891726  0.0556873  
0.940264  0.030328  2  1.99933  2  1.99951  0.423518  0.349218  
0.633046  0.204861  2  1.99933  2  1.99951  0.430981  0.343509  
0.364984  0.395861  2  1.99933  2  1.99951  0.183249  0.571924  
0.980091  0.0100047  2  1.99933  2  1.99951  0.939995  0.0304668  
0.373552  0.388811  2  1.99933  2  1.99951  0.836012  0.0856628  
0.238162  0.511982  2  1.99933  2  1.99951  0.0244611  0.843599  
0.382167  0.381803  2  1.99933  2  1.99951  0.0400501  0.799875  
0.408434  0.360911  2  1.99933  2  1.99951  0.162086  0.597401  
0.830167  0.0888652  2  1.99933  2  1.99951  0.445984  0.33218  
0.970151  0.0150374  2  1.99933  2  1.99951  0.0571406  0.760959  
0.0894377  0.700939  2  1.99933  2  1.99951  0.011083  0.894724  
0.182313  0.573019  2  1.99933  2  1.99951  0.155143  0.606118  
0.890292  0.0564473  2  1.99933  2  1.99951  0.438455  0.337841  
0.9602  0.020102  2  1.99933  2  1.99951  0.269585  0.480785  
0.426249  0.347122  2  1.99933  2  1.99951  0.233411  0.516873  
0.900251  0.0511845  2  1.99933  2  1.99951  0.468869  0.31526  
0.0345595  0.814098  2  1.99933  2  1.99951  0.379175  0.384228  
0.471918  0.313037  2  1.99933  2  1.99951  0.313345  0.440228  
0.0482244  0.780399  2  1.99933  2  1.99951  0.484354  0.304045  
0.323184  0.431507  2  1.99933  2  1.99951  0.342531  0.414739  
0.14323  0.621542  2  1.99933  2  1.99951  0.291496  0.460096  
0.01131  0.893651  2  1.99933  2  1.99951  0.0943075  0.692905  
0.00290868  0.946068  2  1.99933  2  1.99951  0.872891  0.0657136  
0.223714  0.527016  2  1.99933  2  1.99951  0.0815089  0.714502  
0.91028  0.0459139  2  1.99933  2  1.99951  0.0346584  0.813832  
0.435264  0.340255  2  1.99933  2  1.99951  0.24057  0.509521  
0.189021  0.565235  2  1.99933  2  1.99951  0.00397695  0.936937  
0.209591  0.542189  2  1.99933  2  1.99951  0.817878  0.0956339  
0.0530063  0.769769  2  1.99933  2  1.99951  0.401277  0.366536  
0.0261178  0.83839  2  1.99933  2  1.99951  4.54009e-07  0.999326  
0.462654  0.319813  2  1.99933  2  1.99951  0.41609  0.354949  
0.0839159  0.710318  2  1.99933  2  1.99951  0.979796  0.0101538  
0.0302703  0.826016  2  1.99933  2  1.99951  0.320619  0.433767  
2.37239e-07  0.999513  2  1.99933  2  1.99951  0.845164  0.0806722  
0.870195  0.0671575  2  1.99933  2  1.99951  0.063037  0.748928  
0.156041  0.60498  2  1.99933  2  1.99951  0.32793  0.427349  
0.00535351  0.926832  2  1.99933  2  1.99951  0.386521  0.378292  
0.356502  0.402922  2  1.99933  2  1.99951  0.0691012  0.737129  
0.283363  0.467682  2  1.99933  2  1.99951  0.499999  0.292894  
0.0183094  0.864688  2  1.99933  2  1.99951  0.197463  0.555632  
0.299069  0.453128  2  1.99933  2  1.99951  0.0197325  0.859528  
0.130679  0.638504  2  1.99933  2  1.99951  0.901229  0.050669  
0.0785073  0.719808  2  1.99933  2  1.99951  0.882277  0.060704  
0.260406  0.4897  2  1.99933  2  1.99951  0.930206  0.0355279  
0.0221255  0.851254  2  1.99933  2  1.99951  0.127581  0.642815  
0.291178  0.460391  2  1.99933  2  1.99951  0.211753  0.539834  
1  0  2  1.99933  2  1.99951  0.364477  0.396281  
0.79054  0.111168  2  1.99933  2  1.99951  0.453567  0.326526  
0.331397  0.424329  2  1.99933  2  1.99951  0.476581  0.309651  
0.124517  0.647131  2  1.99933  2  1.99951  0.00729713  0.914577  
0.230902  0.519477  2  1.99933  2  1.99951  0.800001  0.105572  
0.417319  0.353997  2  1.99933  2  1.99951  0.107365  0.672334  
0.339687  0.417173  2  1.99933  2  1.99951  0.633046  0.204861  
0.390858  0.374814  2  1.99933  2  1.99951  0.989846  0.00509  
0.202679  0.549801  2  1.99933  2  1.99951  0.14133  0.624062  
0.82011  0.0944005  2  1.99933  2  1.99951  0.461181  0.320897  
0.000979608  0.968701  2  1.99933  2  1.99951  0.920501  0.0405724  
0.252922  0.497087  2  1.99933  2  1.99951  0.218975  0.532053  
0.840164  0.0833956  2  1.99933  2  1.99951  0.0294651  0.828346  
0.800041  0.10555  2  1.99933  2  1.99951  0.0879032  0.703515  
0.216614  0.534582  2  1.99933  2  1.99951  0.949822  0.025412  
0.920286  0.0406847  2  1.99933  2  1.99951  0.79054  0.111168  
0.275633  0.474992  2  1.99933  2  1.99951  0.969756  0.0152381  
0.136914  0.629981  2  1.99933  2  1.99951  0.854358  0.0756849  
0.950252  0.0251913  2  1.99933  2  1.99951  1  0  
0.850157  0.0779605  2  1.99933  2  1.99951  0.492162  0.298458  
0.0435498  0.791314  2  1.99933  2  1.99951  0.335213  0.421024  
0.095051  0.691697  2  1.99933  2  1.99951  0.25506  0.494966  
0.86018  0.0725411  2  1.99933  2  1.99951  0.262338  0.487811  
0.0732041  0.729437  2  1.99933  2  1.99951  0.169108  0.588772  
0.267986  0.482326  2  1.99933  2  1.99951  0.015241  0.876545  
0.499999  0.292894  2  1.99933  2  1.99951  0.910828  0.0456271  
0.490578  0.299587  2  1.99933  2  1.99951  0.393895  0.372389  
0.149603  0.613214  2  1.99933  2  1.99951  0.204581  0.547693  
0.39962  0.367845  2  1.99933  2  1.99951  0.0456146  0.786424  
0.169067  0.588823  2  1.99933  2  1.99951  0.408687  0.360714  
0.162527  0.596853  2  1.99933  2  1.99951  0.959765  0.0203239  
0.315052  0.438705  2  1.99933  2  1.99951  0.0752313  0.725717  
0.106551  0.673579  2  1.99933  2  1.99951  0.357179  0.402355  
0.444352  0.333403  2  1.99933  2  1.99951  0.100772  0.682554  
0.810077  0.099957  2  1.99933  2  1.99951  0.306039  0.446792  
0.0389985  0.80252  2  1.99933  2  1.99951  0.226194  0.524401  
0.930269  0.0354954  2  1.99933  2  1.99951  0.371792  0.390253  
0.245507  0.504513  2  1.99933  2  1.99951  0.298729  0.453439  
0.481215  0.306304  2  1.99933  2  1.99951  0.134461  0.63331  
0.11844  0.65585  2  1.99933  2  1.99951  0.276907  0.47378  
0.307009  0.445917  2  1.99933  2  1.99951  0.826918  0.09065  
0.990032  0.00499658  2  1.99933  2  1.99951  0.808908  0.100607  
0.195823  0.557482  2  1.99933  2  1.99951  0.148235  0.614986  
0.0629069  0.749188  2  1.99933  2  1.99951  0.19036  0.563697  
0.0680022  0.739228  2  1.99933  2  1.99951  0.284202  0.466894  
0.00817865  0.909564  2  1.99933  2  1.99951  0.0512979  0.77351  
0.0579041  0.759367  2  1.99933  2  1.99951  0.176156  0.580291  
0.34806  0.410034  2  1.99933  2  1.99951  0.863594  0.0707025  
0.175661  0.580881  2  1.99933  2  1.99951  0.120146  0.65338  
0.10076  0.682572  2  1.99933  2  1.99951  0.00132979  0.963534  
0.112456  0.664656  2  1.99933  2  1.99951  0.247332  0.502675  
0.0146961  0.878773  2  1.99933  2  1.99951  0.349656  0.408683  
0.453488  0.326585  2  1.99933  2  1.99951  0.113481  0.66313  
0.880155  0.0618343  2  1.99933  2  1.99951  0.891922  0.0555836  
0.940167  0.0303779  2  1.99933  2  1.99951  0.4235  0.349231  
0.633046  0.204861  2  1.99933  2  1.99951  0.430969  0.343518  
0.36501  0.39584  2  1.99933  2  1.99951  0.182676  0.572594  
0.980052  0.0100243  2  1.99933  2  1.99951  0.940128  0.0303981  
0.373573  0.388794  2  1.99933  2  1.99951  0.836055  0.0856397  
0.238211  0.511932  2  1.99933  2  1.99951  0.0242725  0.844204  
0.3822  0.381777  2  1.99933  2  1.99951  0.0397912  0.800523  
0.408434  0.360911  2  1.99933  2  1.99951  0.1614  0.598254  
0.830073  0.0889164  2  1.99933  2  1.99951  0.445984  0.33218  
0.970077  0.0150749  2  1.99933  2  1.99951  0.0567494  0.761779  
0.0894377  0.700939  2  1.99933  2  1.99951  0.0109789  0.89522  
0.182322  0.573008  2  1.99933  2  1.99951  0.154454  0.606994  
0.890144  0.0565257  2  1.99933  2  1.99951  0.438455  0.337841  
0.960121  0.0201425  2  1.99933  2  1.99951  0.26914  0.481213  
0.42628  0.347099  2  1.99933  2  1.99951  0.232902  0.5174  
0.90017  0.051227  2  1.99933  2  1.99951  0.468869  0.31526  
0.0345595  0.814098  2  1.99933  2  1.99951  0.379067  0.384316  
0.471918  0.313037  2  1.99933  2  1.99951  0.313053  0.440489  
0.0482244  0.780399  2  1.99933  2  1.99951  0.484354  0.304045  
0.3233  0.431405  2  1.99933  2  1.99951  0.342303  0.414933  
0.14323  0.621542  2  1.99933  2  1.99951  0.291056  0.460503  
0.01131  0.893651  2  1.99933  2  1.99951  0.0937812  0.693763  
0.00290868  0.946068  2  1.99933  2  1.99951  0.873052  0.0656278  
0.223779  0.526948  2  1.99933  2  1.99951  0.0810442  0.715317  
0.910194  0.0459589  2  1.99933  2  1.99951  0.0344284  0.814451  
0.435288  0.340237  2  1.99933  2  1.99951  0.240154  0.509945  
0.189047  0.565205  2  1.99933  2  1.99951  0.0039348  0.937272  
0.209638  0.542138  2  1.99933  2  1.99951  0.817898  0.0956226  
0.0530063  0.769769  2  1.99933  2  1.99951  0.401185  0.366609  
0.0261178  0.83839  2  1.99933  2  1.99951  4.54009e-07  0.999326  
0.462678  0.319796  2  1.99933  2  1.99951  0.41605  0.354981  
0.0839305  0.710292  2  1.99933  2  1.99951  0.979836  0.0101334  
0.0302703  0.826016  2  1.99933  2  1.99951  0.320299  0.434051  
2.37239e-07  0.999513  2  1.99933  2  1.99951  0.845235  0.0806335  
0.870156  0.0671785  2  1.99933  2  1.99951  0.0626567  0.749687  
0.156036  0.604986  2  1.99933  2  1.99951  0.327634  0.427607  
0.00535351  0.926832  2  1.99933  2  1.99951  0.386434  0.378362  
0.356524  0.402903  2  1.99933  2  1.99951  0.0686766  0.737938  
0.283468  0.467583  2  1.99933  2  1.99951  0.499999  0.292894  
0.0183094  0.864688  2  1.99933  2  1.99951  0.196949  0.556211  
0.299157  0.453048  2  1.99933  2  1.99951  0.0195673  0.860117  
0.130679  0.638504  2  1.99933  2  1.99951  0.901409  0.0505742  
0.0785243  0.719778  2  1.99933  2  1.99951  0.882468  0.0606024  
0.260504  0.489604  2  1.99933  2  1.99951  0.93034  0.0354584  
0.0221255  0.851254  2  1.99933  2  1.99951  0.126858  0.643828  
0.291273  0.460303  2  1.99933  2  1.99951  0.211309  0.540317  
1  0  2  1.99933  2  1.99951  0.364358  0.396379  
0.79054  0.111168  2  1.99933  2  1.99951  0.453567  0.326526  
0.331505  0.424236  2  1.99933  2  1.99951  0.476581  0.309651  
0.124517  0.647131  2  1.99933  2  1.99951  0.00720748  0.915103  
0.230962  0.519415  2  1.99933  2  1.99951  0.800001  0.105572  
0.417319  0.353997  2  1.99933  2  1.99951  0.106824  0.67316  
0.339794  0.417082  2  1.99933  2  1.99951  0.633046  0.204861  
0.390882  0.374794  2  1.99933  2  1.99951  0.989894  0.00506559  
0.202686  0.549794  2  1.99933  2  1.99951  0.140549  0.625102  
0.820052  0.0944329  2  1.99933  2  1.99951  0.461181  0.320897  
0.000979608  0.968701  2  1.99933  2  1.99951  0.920624  0.0405082  
0.253024  0.496985  2  1.99933  2  1.99951  0.21853  0.532528  
0.840082  0.0834403  2  1.99933  2  1.99951  0.0292309  0.829029  
0.800041  0.10555  2  1.99933  2  1.99951  0.0873899  0.704382  
0.216654  0.534539  2  1.99933  2  1.99951  0.949966  0.0253381  
0.920215  0.0407216  2  1.99933  2  1.99951  0.79054  0.111168  
0.275722  0.474908  2  1.99933  2  1.99951  0.969823  0.0152043  
0.136914  0.629981  2  1.99933  2  1.99951  0.854441  0.0756404  
0.950169  0.0252341  2  1.99933  2  1.99951  1  0  
0.850115  0.0779832  2  1.99933  2  1.99951  0.492162  0.298458  
0.0435498  0.791314  2  1.99933  2  1.99951  0.334973  0.421232  
0.095051  0.691697  2  1.99933  2  1.99951  0.25457  0.495451  
0.86014  0.0725628  2  1.99933  2  1.99951  0.261823  0.488314  
0.0732162  0.729415  2  1.99933  2  1.99951  0.168445  0.589579  
0.268063  0.482252  2  1.99933  2  1.99951  0.0151205  0.877035  
0.499999  0.292894  2  1.99933  2  1.99951  0.910973  0.0455511  
0.490578  0.299587  2  1.99933  2  1.99951  0.3938  0.372465  
0.149603  0.613214  2  1.99933  2  1.99951  0.204139  0.548182  
0.39962  0.367845  2  1.99933  2  1.99951  0.0453089  0.787141  
0.169067  0.588823  2  1.99933  2  1.99951  0.408598  0.360783  
0.162527  0.596853  2  1.99933  2  1.99951  0.959867  0.0202719  
0.315167  0.438603  2  1.99933  2  1.99951  0.0747789  0.726543  
0.106565  0.673558  2  1.99933  2  1.99951  0.357004  0.402502  
0.444352  0.333403  2  1.99933  2  1.99951  0.100266  0.683351  
0.810051  0.0999719  2  1.99933  2  1.99951  0.305654  0.44714  
0.0389887  0.802544  2  1.99933  2  1.99951  0.225734  0.524885  
0.93016  0.0355519  2  1.99933  2  1.99951  0.371702  0.390326  
0.245573  0.504447  2  1.99933  2  1.99951  0.298366  0.453771  
0.481215  0.306304  2  1.99933  2  1.99951  0.13367  0.634391  
0.11844  0.65585  2  1.99933  2  1.99951  0.276453  0.474212  
0.307132  0.445805  2  1.99933  2  1.99951  0.826943  0.0906362  
0.990032  0.00499658  2  1.99933  2  1.99951  0.80892  0.1006  
0.195823  0.557482  2  1.99933  2  1.99951  0.147461  0.615994  
0.0629069  0.749188  2  1.99933  2  1.99951  0.189811  0.564327  
0.0680022  0.739228  2  1.99933  2  1.99951  0.283777  0.467293  
0.00817865  0.909564  2  1.99933  2  1.99951  0.0509722  0.77423  
0.0579041  0.759367  2  1.99933  2  1.99951  0.175545  0.581019  
0.348116  0.409986  2  1.99933  2  1.99951  0.863754  0.0706165  
