1.55  3.0117  3.23691  4.84516  1.79769e+308  1.79769e+308  1.55  3.0117  
1.70288  2.62051  3.23691  4.84516  1.79769e+308  1.79769e+308  1.70288  2.62051  
1.61467  2.46571  3.23691  4.84516  1.79769e+308  1.79769e+308  1.61467  2.46571  
1.73571  2.0255  3.23691  4.84516  1.79769e+308  1.79769e+308  1.73571  2.0255  
1.79911  2.30676  3.23691  4.84516  1.79769e+308  1.79769e+308  1.79911  2.30676  
1.6039  2.44138  3.23691  4.84516  1.79769e+308  1.79769e+308  1.6039  2.44138  
1.00572  3.84516  3.23691  4.84516  1.79769e+308  1.79769e+308  1.00572  3.84516  
1.42171  2.75486  3.23691  4.84516  1.79769e+308  1.79769e+308  1.42171  2.75486  
1.32724  3.2506  3.23691  4.84516  1.79769e+308  1.79769e+308  1.32724  3.2506  
1.83847  2.07496  3.23691  4.84516  1.79769e+308  1.79769e+308  1.83847  2.07496  
1.67407  2.24273  3.23691  4.84516  1.79769e+308  1.79769e+308  1.67407  2.24273  
2.0183  1.41219  3.23691  4.84516  1.79769e+308  1.79769e+308  2.0183  1.41219  
1.83666  2.2181  3.23691  4.84516  1.79769e+308  1.79769e+308  1.83666  2.2181  
1.44459  2.94387  3.23691  4.84516  1.79769e+308  1.79769e+308  1.44459  2.94387  
1.31264  2.79178  3.23691  4.84516  1.79769e+308  1.79769e+308  1.31264  2.79178  
1.57187  2.58787  3.23691  4.84516  1.79769e+308  1.79769e+308  1.57187  2.58787  
2.06308  1.51938  3.23691  4.84516  1.79769e+308  1.79769e+308  2.06308  1.51938  
1.95371  1.82829  3.23691  4.84516  1.79769e+308  1.79769e+308  1.95371  1.82829  
1.33925  2.96161  3.23691  4.84516  1.79769e+308  1.79769e+308  1.33925  2.96161  
1.36575  2.94974  3.23691  4.84516  1.79769e+308  1.79769e+308  1.36575  2.94974  
1.74575  2.48517  3.23691  4.84516  1.79769e+308  1.79769e+308  1.74575  2.48517  
1.32219  2.91209  3.23691  4.84516  1.79769e+308  1.79769e+308  1.32219  2.91209  
1.11497  3.42908  3.23691  4.84516  1.79769e+308  1.79769e+308  1.11497  3.42908  
1.75328  2.02531  3.23691  4.84516  1.79769e+308  1.79769e+308  1.75328  2.02531  
1.61609  2.53142  3.23691  4.84516  1.79769e+308  1.79769e+308  1.61609  2.53142  
1.78668  2.16724  3.23691  4.84516  1.79769e+308  1.79769e+308  1.78668  2.16724  
1.98731  1.91585  3.23691  4.84516  1.79769e+308  1.79769e+308  1.98731  1.91585  
1.93203  1.83465  3.23691  4.84516  1.79769e+308  1.79769e+308  1.93203  1.83465  
1.33109  2.9153  3.23691  4.84516  1.79769e+308  1.79769e+308  1.33109  2.9153  
1.16057  3.60861  3.23691  4.84516  1.79769e+308  1.79769e+308  1.16057  3.60861  
1.3083  2.76359  3.23691  4.84516  1.79769e+308  1.79769e+308  1.3083  2.76359  
1.57829  2.63082  3.23691  4.84516  1.79769e+308  1.79769e+308  1.57829  2.63082  
1.82183  1.74831  3.23691  4.84516  1.79769e+308  1.79769e+308  1.82183  1.74831  
1.3726  2.64197  3.23691  4.84516  1.79769e+308  1.79769e+308  1.3726  2.64197  
1.26727  2.96486  3.23691  4.84516  1.79769e+308  1.79769e+308  1.26727  2.96486  
1.9787  1.90143  3.23691  4.84516  1.79769e+308  1.79769e+308  1.9787  1.90143  
1.76702  1.99032  3.23691  4.84516  1.79769e+308  1.79769e+308  1.76702  1.99032  
1.87701  2.0588  3.23691  4.84516  1.79769e+308  1.79769e+308  1.87701  2.0588  
1.50614  2.62404  3.23691  4.84516  1.79769e+308  1.79769e+308  1.50614  2.62404  
1.56847  2.2384  3.23691  4.84516  1.79769e+308  1.79769e+308  1.56847  2.2384  
1.4957  2.37447  3.23691  4.84516  1.79769e+308  1.79769e+308  1.4957  2.37447  
1.57146  2.58527  3.23691  4.84516  1.79769e+308  1.79769e+308  1.57146  2.58527  
1.67342  2.50208  3.23691  4.84516  1.79769e+308  1.79769e+308  1.67342  2.50208  
1.02551  3.27157  3.23691  4.84516  1.79769e+308  1.79769e+308  1.02551  3.27157  
1.40465  2.85337  3.23691  4.84516  1.79769e+308  1.79769e+308  1.40465  2.85337  
1.22675  3.67902  3.23691  4.84516  1.79769e+308  1.79769e+308  1.22675  3.67902  
1.53638  2.79272  3.23691  4.84516  1.79769e+308  1.79769e+308  1.53638  2.79272  
1.91475  1.85927  3.23691  4.84516  1.79769e+308  1.79769e+308  1.91475  1.85927  
1.38843  2.93995  3.23691  4.84516  1.79769e+308  1.79769e+308  1.38843  2.93995  
1.59098  2.38574  3.23691  4.84516  1.79769e+308  1.79769e+308  1.59098  2.38574  
1.25547  3.17705  3.23691  4.84516  1.79769e+308  1.79769e+308  1.25547  3.17705  
1.73697  2.254  3.23691  4.84516  1.79769e+308  1.79769e+308  1.73697  2.254  
1.27681  2.95043  3.23691  4.84516  1.79769e+308  1.79769e+308  1.27681  2.95043  
1.46229  2.75371  3.23691  4.84516  1.79769e+308  1.79769e+308  1.46229  2.75371  
1.24836  3.36653  3.23691  4.84516  1.79769e+308  1.79769e+308  1.24836  3.36653  
1.56344  2.64269  3.23691  4.84516  1.79769e+308  1.79769e+308  1.56344  2.64269  
2.23691  1.48426  3.23691  4.84516  1.79769e+308  1.79769e+308  2.23691  1.48426  
1.79884  2.49953  3.23691  4.84516  1.79769e+308  1.79769e+308  1.79884  2.49953  
1.78478  2.2772  3.23691  4.84516  1.79769e+308  1.79769e+308  1.78478  2.2772  
1.79311  1.54579  3.23691  4.84516  1.79769e+308  1.79769e+308  1.79311  1.54579  
1.56936  2.34434  3.23691  4.84516  1.79769e+308  1.79769e+308  1.56936  2.34434  
1.6341  2.55599  3.23691  4.84516  1.79769e+308  1.79769e+308  1.6341  2.55599  
2.0199  1.7119  3.23691  4.84516  1.79769e+308  1.79769e+308  2.0199  1.7119  
1.74806  2.17502  3.23691  4.84516  1.79769e+308  1.79769e+308  1.74806  2.17502  
1.67881  2.5181  3.23691  4.84516  1.79769e+308  1.79769e+308  1.67881  2.5181  
1.05343  3.00371  3.23691  4.84516  1.79769e+308  1.79769e+308  1.05343  3.00371  
1.31649  3.20093  3.23691  4.84516  1.79769e+308  1.79769e+308  1.31649  3.20093  
1.92824  1.81789  3.23691  4.84516  1.79769e+308  1.79769e+308  1.92824  1.81789  
2.17892  0.958577  3.23691  4.84516  1.79769e+308  1.79769e+308  2.17892  0.958577  
1.8906  2.08773  3.23691  4.84516  1.79769e+308  1.79769e+308  1.8906  2.08773  
1.43813  2.8579  3.23691  4.84516  1.79769e+308  1.79769e+308  1.43813  2.8579  
1.66331  2.11423  3.23691  4.84516  1.79769e+308  1.79769e+308  1.66331  2.11423  
1.51449  2.49391  3.23691  4.84516  1.79769e+308  1.79769e+308  1.51449  2.49391  
1.89913  2.00254  3.23691  4.84516  1.79769e+308  1.79769e+308  1.89913  2.00254  
1.57682  2.30307  3.23691  4.84516  1.79769e+308  1.79769e+308  1.57682  2.30307  
1.19692  3.10648  3.23691  4.84516  1.79769e+308  1.79769e+308  1.19692  3.10648  
1.88045  1.80691  3.23691  4.84516  1.79769e+308  1.79769e+308  1.88045  1.80691  
1.29438  3.33721  3.23691  4.84516  1.79769e+308  1.79769e+308  1.29438  3.33721  
1.59238  2.48881  3.23691  4.84516  1.79769e+308  1.79769e+308  1.59238  2.48881  
1.54612  2.85554  3.23691  4.84516  1.79769e+308  1.79769e+308  1.54612  2.85554  
1.41884  2.78762  3.23691  4.84516  1.79769e+308  1.79769e+308  1.41884  2.78762  
1.53769  2.89912  3.23691  4.84516  1.79769e+308  1.79769e+308  1.53769  2.89912  
1.84524  1.80125  3.23691  4.84516  1.79769e+308  1.79769e+308  1.84524  1.80125  
1.67651  2.345  3.23691  4.84516  1.79769e+308  1.79769e+308  1.67651  2.345  
2.00537  1.18714  3.23691  4.84516  1.79769e+308  1.79769e+308  2.00537  1.18714  
1.70614  2.78574  3.23691  4.84516  1.79769e+308  1.79769e+308  1.70614  2.78574  
1.32383  2.86165  3.23691  4.84516  1.79769e+308  1.79769e+308  1.32383  2.86165  
1.24745  3.25684  3.23691  4.84516  1.79769e+308  1.79769e+308  1.24745  3.25684  
1.87338  2.15693  3.23691  4.84516  1.79769e+308  1.79769e+308  1.87338  2.15693  
1.15635  3.55746  3.23691  4.84516  1.79769e+308  1.79769e+308  1.15635  3.55746  
1.73126  2.06448  3.23691  4.84516  1.79769e+308  1.79769e+308  1.73126  2.06448  
1.06028  3.59218  3.23691  4.84516  1.79769e+308  1.79769e+308  1.06028  3.59218  
1.57362  2.7624  3.23691  4.84516  1.79769e+308  1.79769e+308  1.57362  2.7624  
1.45801  2.81165  3.23691  4.84516  1.79769e+308  1.79769e+308  1.45801  2.81165  
1.75461  2.39324  3.23691  4.84516  1.79769e+308  1.79769e+308  1.75461  2.39324  
1.40671  2.71301  3.23691  4.84516  1.79769e+308  1.79769e+308  1.40671  2.71301  
1.60417  2.54351  3.23691  4.84516  1.79769e+308  1.79769e+308  1.60417  2.54351  
1.30069  2.90757  3.23691  4.84516  1.79769e+308  1.79769e+308  1.30069  2.90757  
1.47457  2.46769  3.23691  4.84516  1.79769e+308  1.79769e+308  1.47457  2.46769  
2.13967  1.35313  3.23691  4.84516  1.79769e+308  1.79769e+308  2.13967  1.35313  
0.768418  2.47411  3.15192  5.10828  3.00428  5.00165  1.72187  1.13166  
1.46042  1.0926  3.15192  5.10828  3.00428  5.00165  1.47232  1.74777  
0.22433  3.56614  3.15192  5.10828  3.00428  5.00165  1.26181  1.7753  
1.00236  2.00586  3.15192  5.10828  3.00428  5.00165  0.919747  3.09435  
1.05513  1.90455  3.15192  5.10828  3.00428  5.00165  1.79774  0.85107  
2.00428  0.00427941  3.15192  5.10828  3.00428  5.00165  1.26659  2.19476  
0.551434  2.91071  3.15192  5.10828  3.00428  5.00165  1.51241  1.37051  
0.255037  3.49917  3.15192  5.10828  3.00428  5.00165  1.60863  1.57743  
0.59366  2.82852  3.15192  5.10828  3.00428  5.00165  1.69555  1.27275  
0.845384  2.32048  3.15192  5.10828  3.00428  5.00165  1.19434  2.38278  
0.618713  2.78556  3.15192  5.10828  3.00428  5.00165  1.27615  2.23479  
0.926655  2.15449  3.15192  5.10828  3.00428  5.00165  2.07863  0.906389  
1.03468  1.94121  3.15192  5.10828  3.00428  5.00165  1.48756  1.86604  
1.94945  0.114675  3.15192  5.10828  3.00428  5.00165  0.778254  3.0727  
1.33597  1.34745  3.15192  5.10828  3.00428  5.00165  1.37069  1.67547  
1.96788  0.0778222  3.15192  5.10828  3.00428  5.00165  1.3246  2.21888  
1.52279  0.97297  3.15192  5.10828  3.00428  5.00165  0.843937  2.96514  
1.81412  0.386489  3.15192  5.10828  3.00428  5.00165  0.793558  3.15834  
1.55837  0.897884  3.15192  5.10828  3.00428  5.00165  1.60272  1.70396  
1.91615  0.186299  3.15192  5.10828  3.00428  5.00165  1.53255  1.71358  
1.22687  1.56312  3.15192  5.10828  3.00428  5.00165  0.810216  3.45573  
0.908957  2.18989  3.15192  5.10828  3.00428  5.00165  0.851849  3.09885  
0.354708  3.30252  3.15192  5.10828  3.00428  5.00165  1.72013  1.70441  
0.336867  3.33755  3.15192  5.10828  3.00428  5.00165  1.17665  2.36062  
1.34853  1.32233  3.15192  5.10828  3.00428  5.00165  2.15192  0.485983  
1.29689  1.43276  3.15192  5.10828  3.00428  5.00165  1.44545  2.63263  
0.202537  3.6078  3.15192  5.10828  3.00428  5.00165  0.487764  4.08917  
1.87535  0.267742  3.15192  5.10828  3.00428  5.00165  0.436543  4.00547  
0.803912  2.40313  3.15192  5.10828  3.00428  5.00165  1.95772  0.763294  
0.632122  2.74861  3.15192  5.10828  3.00428  5.00165  0.448748  3.59342  
1.31655  1.38873  3.15192  5.10828  3.00428  5.00165  1.29522  2.31501  
1.50171  1.01002  3.15192  5.10828  3.00428  5.00165  1.46268  1.92773  
1.20172  1.61559  3.15192  5.10828  3.00428  5.00165  0.943044  2.63574  
0.00165701  4.00165  3.15192  5.10828  3.00428  5.00165  0.707608  3.36641  
1.60742  0.805164  3.15192  5.10828  3.00428  5.00165  0.616402  3.42176  
1.82767  0.365759  3.15192  5.10828  3.00428  5.00165  1.35272  2.30828  
1.53984  0.936306  3.15192  5.10828  3.00428  5.00165  1.28064  2.35215  
1.26247  1.49812  3.15192  5.10828  3.00428  5.00165  1.37965  2.13036  
1.76838  0.486737  3.15192  5.10828  3.00428  5.00165  1.10231  2.5071  
0.739641  2.5337  3.15192  5.10828  3.00428  5.00165  0.597296  2.86295  
0.988555  2.03347  3.15192  5.10828  3.00428  5.00165  1.81443  1.07714  
1.92517  0.163129  3.15192  5.10828  3.00428  5.00165  0.00165701  4.00165  
1.58414  0.850673  3.15192  5.10828  3.00428  5.00165  0.924136  2.22582  
0.971349  2.06186  3.15192  5.10828  3.00428  5.00165  1.49442  1.92975  
0.530337  2.94863  3.15192  5.10828  3.00428  5.00165  1.2469  2.34762  
1.12415  1.76975  3.15192  5.10828  3.00428  5.00165  0.991905  3.10967  
0.417461  3.17795  3.15192  5.10828  3.00428  5.00165  0.754405  2.59361  
0.0872975  3.83358  3.15192  5.10828  3.00428  5.00165  1.07053  2.57026  
0.886463  2.23505  3.15192  5.10828  3.00428  5.00165  1.91373  1.27995  
0.17531  3.65897  3.15192  5.10828  3.00428  5.00165  1.08184  1.96554  
0.862943  2.28153  3.15192  5.10828  3.00428  5.00165  0.858642  3.18395  
1.65917  0.716448  3.15192  5.10828  3.00428  5.00165  1.08371  2.67878  
0.110544  3.78589  3.15192  5.10828  3.00428  5.00165  1.78984  1.41227  
1.01747  1.97564  3.15192  5.10828  3.00428  5.00165  1.68697  1.75333  
1.43155  1.1527  3.15192  5.10828  3.00428  5.00165  1.62486  1.43092  
0.294081  3.43149  3.15192  5.10828  3.00428  5.00165  1.04967  2.53168  
1.36825  1.27648  3.15192  5.10828  3.00428  5.00165  1.00697  2.45973  
1.24594  1.53119  3.15192  5.10828  3.00428  5.00165  1.7564  1.09586  
1.68544  0.658737  3.15192  5.10828  3.00428  5.00165  1.63357  1.52962  
1.98558  0.0416832  3.15192  5.10828  3.00428  5.00165  1.36794  2.41261  
1.79644  0.421746  3.15192  5.10828  3.00428  5.00165  0.339331  3.85601  
0.684269  2.65243  3.15192  5.10828  3.00428  5.00165  1.22573  2.37186  
0.938019  2.13092  3.15192  5.10828  3.00428  5.00165  0.823745  3.40852  
0.51578  2.98253  3.15192  5.10828  3.00428  5.00165  1.13662  2.37883  
1.64135  0.735355  3.15192  5.10828  3.00428  5.00165  1.89298  1.19417  
1.38676  1.24615  3.15192  5.10828  3.00428  5.00165  1.89486  0.966807  
0.787175  2.43717  3.15192  5.10828  3.00428  5.00165  0.513541  3.71349  
0.494956  3.01868  3.15192  5.10828  3.00428  5.00165  1.25891  1.97308  
1.27937  1.46237  3.15192  5.10828  3.00428  5.00165  1.30457  2.11589  
1.14111  1.73294  3.15192  5.10828  3.00428  5.00165  1.45159  2.06162  
1.85111  0.312365  3.15192  5.10828  3.00428  5.00165  0.189727  4.10828  
0.66059  2.70531  3.15192  5.10828  3.00428  5.00165  0.431772  3.4934  
0.954098  2.09636  3.15192  5.10828  3.00428  5.00165  1.82076  1.08927  
1.47768  1.05807  3.15192  5.10828  3.00428  5.00165  1.52043  1.95552  
1.73976  0.542428  3.15192  5.10828  3.00428  5.00165  1.0677  2.37785  
0.323576  3.36952  3.15192  5.10828  3.00428  5.00165  1.80646  1.07698  
1.89118  0.241061  3.15192  5.10828  3.00428  5.00165  1.40016  1.21709  
0.712927  2.58775  3.15192  5.10828  3.00428  5.00165  1.28074  2.27202  
1.18781  1.648  3.15192  5.10828  3.00428  5.00165  1.13618  2.75497  
1.17006  1.67324  3.15192  5.10828  3.00428  5.00165  1.58962  1.60242  
0.14844  3.71607  3.15192  5.10828  3.00428  5.00165  1.29001  2.06271  
0.394028  3.23973  3.15192  5.10828  3.00428  5.00165  1.57681  1.63308  
0.0494329  3.9061  3.15192  5.10828  3.00428  5.00165  1.71985  1.3408  
0.697039  2.62018  3.15192  5.10828  3.00428  5.00165  1.79833  1  
1.10123  1.81295  3.15192  5.10828  3.00428  5.00165  2.00428  0.00427941  
0.0637437  3.87751  3.15192  5.10828  3.00428  5.00165  0.352544  3.74167  
0.284593  3.44816  3.15192  5.10828  3.00428  5.00165  1.59678  1.79186  
1.41028  1.193  3.15192  5.10828  3.00428  5.00165  1.29675  2.5971  
0.365453  3.28826  3.15192  5.10828  3.00428  5.00165  2.08257  0.777923  
0.462573  3.08104  3.15192  5.10828  3.00428  5.00165  1.41546  2.1247  
0.0184589  3.96801  3.15192  5.10828  3.00428  5.00165  1.10873  2.65961  
0.824525  2.36364  3.15192  5.10828  3.00428  5.00165  1.9774  0.67166  
0.577809  2.85489  3.15192  5.10828  3.00428  5.00165  1.33665  1.90334  
1.077  1.86112  3.15192  5.10828  3.00428  5.00165  1.56943  1.7755  
1.72662  0.562933  3.15192  5.10828  3.00428  5.00165  2.04925  0.661198  
1.15713  1.70094  3.15192  5.10828  3.00428  5.00165  0.842699  2.87009  
1.70879  0.616811  3.15192  5.10828  3.00428  5.00165  0.940051  2.91257  
0.126216  3.75987  3.15192  5.10828  3.00428  5.00165  1.60425  1.82256  
0.0355071  3.93399  3.15192  5.10828  3.00428  5.00165  1.22162  2.41744  
0.432056  3.14372  3.15192  5.10828  3.00428  5.00165  1.55881  1.61718  
0.767134  2.47289  3.19997  5.00071  3.00162  5.00071  1.44713  2.10222  
1.01667  1.97097  3.19997  5.00071  3.00162  5.00071  0.531626  3.74625  
0.231998  3.54019  3.19997  5.00071  3.00162  5.00071  1.05471  2.82246  
0.994185  2.01541  3.19997  5.00071  3.00162  5.00071  1.33123  2.23692  
1.04915  1.90506  3.19997  5.00071  3.00162  5.00071  0.919462  3.21959  
2.00162  0.00162073  3.19997  5.00071  3.00162  5.00071  1.84988  1.09004  
0.549232  2.90515  3.19997  5.00071  3.00162  5.00071  1.8616  0.969955  
0.255037  3.49917  3.19997  5.00071  3.00162  5.00071  1.52048  1.93546  
1.62363  0.769259  3.19997  5.00071  3.00162  5.00071  0.47923  3.75555  
0.84237  2.32113  3.19997  5.00071  3.00162  5.00071  1.96652  0.983736  
0.608705  2.78484  3.19997  5.00071  3.00162  5.00071  1.18244  2.27318  
0.917597  2.16814  3.19997  5.00071  3.00162  5.00071  1.23619  2.43265  
1.03114  1.94057  3.19997  5.00071  3.00162  5.00071  1.73208  1.74374  
1.94628  0.112337  3.19997  5.00071  3.00162  5.00071  1.74477  1.24046  
1.33606  1.33236  3.19997  5.00071  3.00162  5.00071  1.83935  1.28773  
1.96541  0.0740519  3.19997  5.00071  3.00162  5.00071  1.63488  1.88057  
0.16005  3.68375  3.19997  5.00071  3.00162  5.00071  1.43655  1.70774  
0.192064  3.62803  3.19997  5.00071  3.00162  5.00071  1.31543  2.38807  
1.54233  0.921294  3.19997  5.00071  3.00162  5.00071  1.23111  2.41796  
1.90093  0.205117  3.19997  5.00071  3.00162  5.00071  1.20247  2.34426  
1.19786  1.6105  3.19997  5.00071  3.00162  5.00071  1.05622  2.78081  
0.901595  2.20136  3.19997  5.00071  3.00162  5.00071  0.813874  3.39424  
1.44962  1.10644  3.19997  5.00071  3.00162  5.00071  1.40356  1.9755  
0.342054  3.32039  3.19997  5.00071  3.00162  5.00071  1.26634  2.16915  
1.35675  1.29256  3.19997  5.00071  3.00162  5.00071  1.31221  2.25912  
1.29791  1.41151  3.19997  5.00071  3.00162  5.00071  0.830363  2.71808  
0.206139  3.59069  3.19997  5.00071  3.00162  5.00071  0.882791  3.11551  
0.587965  2.82704  3.19997  5.00071  3.00162  5.00071  0.869526  3.09652  
0.808923  2.38989  3.19997  5.00071  3.00162  5.00071  0.279564  3.91686  
0.621319  2.76269  3.19997  5.00071  3.00162  5.00071  0.826446  3.15133  
1.31597  1.37283  3.19997  5.00071  3.00162  5.00071  1.38556  2.11004  
1.49624  1.01235  3.19997  5.00071  3.00162  5.00071  1.213  2.58465  
1.17249  1.66051  3.19997  5.00071  3.00162  5.00071  1.56047  1.70711  
0.000713757  4.00071  3.19997  5.00071  3.00162  5.00071  1.91535  1.29819  
1.60396  0.796581  3.19997  5.00071  3.00162  5.00071  0.623741  3.51169  
1.81591  0.374674  3.19997  5.00071  3.00162  5.00071  1.36858  2.33882  
1.52033  0.964383  3.19997  5.00071  3.00162  5.00071  2.19997  0.548672  
1.27406  1.458  3.19997  5.00071  3.00162  5.00071  1.21824  2.25577  
1.7705  0.464568  3.19997  5.00071  3.00162  5.00071  1.24996  1.99156  
0.722414  2.55774  3.19997  5.00071  3.00162  5.00071  1.24017  2.14866  
0.280232  3.44773  3.19997  5.00071  3.00162  5.00071  0.97891  2.76383  
1.92492  0.155073  3.19997  5.00071  3.00162  5.00071  0.000713757  4.00071  
1.58225  0.841909  3.19997  5.00071  3.00162  5.00071  0.79811  3.28016  
0.971638  2.06001  3.19997  5.00071  3.00162  5.00071  0.738967  3.50133  
0.52234  2.95839  3.19997  5.00071  3.00162  5.00071  1.11218  2.90624  
1.11163  1.78331  3.19997  5.00071  3.00162  5.00071  1.16708  2.34683  
0.406146  3.19086  3.19997  5.00071  3.00162  5.00071  0.585748  3.77701  
0.0890684  3.82506  3.19997  5.00071  3.00162  5.00071  1.33487  2.24231  
0.880409  2.24236  3.19997  5.00071  3.00162  5.00071  1.72555  1.41008  
0.420708  3.16362  3.19997  5.00071  3.00162  5.00071  0.824856  3.08181  
0.867566  2.26962  3.19997  5.00071  3.00162  5.00071  1.574  1.75418  
1.5635  0.878435  3.19997  5.00071  3.00162  5.00071  1.33392  1.97547  
0.110544  3.78589  3.19997  5.00071  3.00162  5.00071  1.33444  1.9082  
0.750249  2.50207  3.19997  5.00071  3.00162  5.00071  1.27869  2.4725  
1.43263  1.13986  3.19997  5.00071  3.00162  5.00071  0.956182  3.28966  
0.29949  3.40412  3.19997  5.00071  3.00162  5.00071  1.74353  0.890159  
1.36955  1.26568  3.19997  5.00071  3.00162  5.00071  1.16174  2.53485  
1.2384  1.53219  3.19997  5.00071  3.00162  5.00071  1.17808  2.47023  
1.67572  0.657879  3.19997  5.00071  3.00162  5.00071  1.7715  1.30685  
1.98348  0.0378929  3.19997  5.00071  3.00162  5.00071  1.32227  2.14066  
1.79644  0.421746  3.19997  5.00071  3.00162  5.00071  0.977049  2.95083  
0.6645  2.67835  3.19997  5.00071  3.00162  5.00071  1.62181  1.55219  
0.936369  2.1306  3.19997  5.00071  3.00162  5.00071  1.2027  2.23731  
0.4989  3.00527  3.19997  5.00071  3.00162  5.00071  0.897245  3.31557  
1.63432  0.738064  3.19997  5.00071  3.00162  5.00071  0.543013  2.9395  
1.39115  1.22201  3.19997  5.00071  3.00162  5.00071  1.69779  1.96154  
0.788099  2.43184  3.19997  5.00071  3.00162  5.00071  1.72649  1.13337  
1.71614  0.590402  3.19997  5.00071  3.00162  5.00071  1.51257  1.86515  
1.25897  1.49105  3.19997  5.00071  3.00162  5.00071  1.01085  2.82125  
1.13422  1.73756  3.19997  5.00071  3.00162  5.00071  1.63922  1.33957  
1.85048  0.303188  3.19997  5.00071  3.00162  5.00071  0.510372  3.78085  
0.638866  2.72884  3.19997  5.00071  3.00162  5.00071  0.625161  3.8889  
0.954098  2.09636  3.19997  5.00071  3.00162  5.00071  1.61344  1.2708  
1.47403  1.0579  3.19997  5.00071  3.00162  5.00071  1.09242  2.49455  
1.74922  0.513868  3.19997  5.00071  3.00162  5.00071  1.65849  1.67776  
0.321241  3.36337  3.19997  5.00071  3.00162  5.00071  1.10123  2.70489  
1.87591  0.25403  3.19997  5.00071  3.00162  5.00071  1.53052  1.91435  
0.699064  2.60919  3.19997  5.00071  3.00162  5.00071  0.738791  3.38814  
0.477288  3.04961  3.19997  5.00071  3.00162  5.00071  1.54879  1.93453  
1.21928  1.56747  3.19997  5.00071  3.00162  5.00071  1.19  2.22337  
0.145728  3.71371  3.19997  5.00071  3.00162  5.00071  1.52466  1.89626  
0.389434  3.22968  3.19997  5.00071  3.00162  5.00071  0.517772  3.52515  
0.0504543  3.9013  3.19997  5.00071  3.00162  5.00071  1.08612  2.61887  
0.680515  2.64509  3.19997  5.00071  3.00162  5.00071  1.11287  2.76045  
1.08608  1.83306  3.19997  5.00071  3.00162  5.00071  2.00162  0.00162073  
0.0676603  3.86743  3.19997  5.00071  3.00162  5.00071  0.764591  3.31775  
1.66333  0.690164  3.19997  5.00071  3.00162  5.00071  1.39816  1.93116  
1.41501  1.17429  3.19997  5.00071  3.00162  5.00071  1.79862  1.22327  
0.371973  3.26164  3.19997  5.00071  3.00162  5.00071  0.737982  3.42252  
0.456907  3.08921  3.19997  5.00071  3.00162  5.00071  1.5604  1.40443  
0.0175629  3.96703  3.19997  5.00071  3.00162  5.00071  0.321864  3.66396  
0.825884  2.35722  3.19997  5.00071  3.00162  5.00071  1.05847  2.53363  
0.569381  2.86485  3.19997  5.00071  3.00162  5.00071  0.977246  2.38702  
1.06751  1.87008  3.19997  5.00071  3.00162  5.00071  0.962347  2.8746  
1.72662  0.562933  3.19997  5.00071  3.00162  5.00071  0.536773  3.80982  
1.1585  1.68762  3.19997  5.00071  3.00162  5.00071  1.62215  1.36296  
1.68845  0.633221  3.19997  5.00071  3.00162  5.00071  1.36761  1.3066  
0.126129  3.75531  3.19997  5.00071  3.00162  5.00071  0.298144  3.88362  
0.0344106  3.93334  3.19997  5.00071  3.00162  5.00071  1.81283  0.585189  
0.437209  3.12841  3.19997  5.00071  3.00162  5.00071  0.909376  2.42761  
0.767575  2.46795  3.16101  5.12164  3.00129  5.00071  1.80432  0.773126  
1.01667  1.97097  3.16101  5.12164  3.00129  5.00071  1.76658  0.930631  
0.231998  3.54019  3.16101  5.12164  3.00129  5.00071  0.34617  3.51022  
0.994185  2.01541  3.16101  5.12164  3.00129  5.00071  2.16101  0.257425  
1.04915  1.90506  3.16101  5.12164  3.00129  5.00071  0.816725  2.79931  
2.00129  0.00129438  3.16101  5.12164  3.00129  5.00071  1.16195  1.69173  
0.549232  2.90515  3.16101  5.12164  3.00129  5.00071  1.71639  1.0202  
0.257873  3.49258  3.16101  5.12164  3.00129  5.00071  0.838527  2.70602  
1.82841  0.348072  3.16101  5.12164  3.00129  5.00071  1.65526  1.10214  
0.84237  2.32113  3.16101  5.12164  3.00129  5.00071  1.61644  1.48865  
0.608705  2.78484  3.16101  5.12164  3.00129  5.00071  0.274843  3.63263  
0.917597  2.16814  3.16101  5.12164  3.00129  5.00071  1.48356  1.47342  
1.03114  1.94057  3.16101  5.12164  3.00129  5.00071  2.08739  0.586765  
1.94543  0.113564  3.16101  5.12164  3.00129  5.00071  1.07024  1.89909  
1.33606  1.33236  3.16101  5.12164  3.00129  5.00071  1.50482  1.54958  
1.96619  0.0715475  3.16101  5.12164  3.00129  5.00071  0.65388  3.36426  
0.16005  3.68375  3.16101  5.12164  3.00129  5.00071  0.432821  3.14897  
0.184536  3.63937  3.16101  5.12164  3.00129  5.00071  1.43869  1.51007  
1.54285  0.919262  3.16101  5.12164  3.00129  5.00071  0.522142  3.43992  
1.89775  0.210085  3.16101  5.12164  3.00129  5.00071  0.750683  2.80047  
1.19699  1.61223  3.16101  5.12164  3.00129  5.00071  0.735474  2.7534  
0.89647  2.2098  3.16101  5.12164  3.00129  5.00071  1.1527  2.00669  
1.45052  1.1044  3.16101  5.12164  3.00129  5.00071  1.9196  0.337285  
0.342054  3.32039  3.16101  5.12164  3.00129  5.00071  1.1896  2.11626  
1.35675  1.29256  3.16101  5.12164  3.00129  5.00071  0.767711  2.65909  
1.29734  1.41226  3.16101  5.12164  3.00129  5.00071  1.06936  2.08284  
0.206139  3.59069  3.16101  5.12164  3.00129  5.00071  1.4334  1.33796  
0.587965  2.82704  3.16101  5.12164  3.00129  5.00071  0.368383  4.12164  
0.804516  2.39763  3.16101  5.12164  3.00129  5.00071  1.19628  1.91205  
1.71119  0.589089  3.16101  5.12164  3.00129  5.00071  1.65791  1.22703  
1.31597  1.37283  3.16101  5.12164  3.00129  5.00071  0.678475  3.31244  
1.49624  1.01235  3.16101  5.12164  3.00129  5.00071  1.79672  1.06304  
1.17628  1.65335  3.16101  5.12164  3.00129  5.00071  0.616469  3.55579  
0.000710903  4.00071  3.16101  5.12164  3.00129  5.00071  1.13832  2.07672  
1.59877  0.808397  3.16101  5.12164  3.00129  5.00071  1.44677  1.7135  
1.81294  0.380143  3.16101  5.12164  3.00129  5.00071  0.942183  2.69352  
1.52089  0.961957  3.16101  5.12164  3.00129  5.00071  1.76919  0.644117  
1.27638  1.45408  3.16101  5.12164  3.00129  5.00071  1.28732  1.83245  
1.7705  0.464568  3.16101  5.12164  3.00129  5.00071  2.00827  0.684863  
0.722414  2.55774  3.16101  5.12164  3.00129  5.00071  0.588763  3.25484  
0.280771  3.44268  3.16101  5.12164  3.00129  5.00071  1.98133  0.825416  
1.92492  0.155073  3.16101  5.12164  3.00129  5.00071  0.00155441  4.00155  
1.58102  0.842963  3.16101  5.12164  3.00129  5.00071  1.42955  1.95747  
0.9727  2.05821  3.16101  5.12164  3.00129  5.00071  1.41267  1.42453  
0.52234  2.95839  3.16101  5.12164  3.00129  5.00071  0.793033  2.90792  
1.10778  1.79005  3.16101  5.12164  3.00129  5.00071  1.10309  2.29723  
0.406146  3.19086  3.16101  5.12164  3.00129  5.00071  1.49784  1.26996  
0.0886773  3.82561  3.16101  5.12164  3.00129  5.00071  0.997225  2.62439  
0.880409  2.24236  3.16101  5.12164  3.00129  5.00071  0.67952  2.8259  
0.421155  3.16286  3.16101  5.12164  3.00129  5.00071  1.42005  1.40913  
0.859605  2.2866  3.16101  5.12164  3.00129  5.00071  1.26269  1.89632  
1.56293  0.879366  3.16101  5.12164  3.00129  5.00071  1.46912  1.58074  
0.112947  3.77627  3.16101  5.12164  3.00129  5.00071  0.905871  2.42869  
0.750249  2.50207  3.16101  5.12164  3.00129  5.00071  1.09594  2.32076  
1.43263  1.13986  3.16101  5.12164  3.00129  5.00071  0.751098  2.96378  
0.29949  3.40412  3.16101  5.12164  3.00129  5.00071  0.592308  3.12315  
1.36955  1.26568  3.16101  5.12164  3.00129  5.00071  0.688051  3.22493  
1.23841  1.53054  3.16101  5.12164  3.00129  5.00071  1.90525  0.58085  
1.67317  0.661468  3.16101  5.12164  3.00129  5.00071  1.80889  1.09392  
1.98402  0.0359134  3.16101  5.12164  3.00129  5.00071  1.08631  2.20738  
1.78824  0.430371  3.16101  5.12164  3.00129  5.00071  0.968866  2.09027  
0.653115  2.69795  3.16101  5.12164  3.00129  5.00071  1.66934  1.37253  
0.936369  2.1306  3.16101  5.12164  3.00129  5.00071  1.64319  1.10125  
0.4989  3.00527  3.16101  5.12164  3.00129  5.00071  1.56006  1.50633  
1.61634  0.773005  3.16101  5.12164  3.00129  5.00071  1.78007  1.18313  
1.39115  1.22201  3.16101  5.12164  3.00129  5.00071  1.51185  0.999369  
0.788362  2.42952  3.16101  5.12164  3.00129  5.00071  0.998966  2.45609  
0.358485  3.28525  3.16101  5.12164  3.00129  5.00071  1.64597  1.23122  
1.25551  1.49559  3.16101  5.12164  3.00129  5.00071  0.388752  3.4327  
1.13516  1.73528  3.16101  5.12164  3.00129  5.00071  1.19424  1.97586  
1.85048  0.303188  3.16101  5.12164  3.00129  5.00071  0.628376  3.44008  
0.640679  2.72462  3.16101  5.12164  3.00129  5.00071  1.40309  1.20524  
0.953625  2.09644  3.16101  5.12164  3.00129  5.00071  0.605488  3.00565  
1.47403  1.0579  3.16101  5.12164  3.00129  5.00071  0.872768  2.63777  
1.74922  0.513868  3.16101  5.12164  3.00129  5.00071  1.69733  0.995717  
0.321241  3.36337  3.16101  5.12164  3.00129  5.00071  1.56617  1.24371  
1.87248  0.260019  3.16101  5.12164  3.00129  5.00071  0.555003  2.91371  
0.69935  2.6065  3.16101  5.12164  3.00129  5.00071  0.440046  3.88225  
0.477523  3.0483  3.16101  5.12164  3.00129  5.00071  1.36837  1.56887  
1.21929  1.56718  3.16101  5.12164  3.00129  5.00071  1.33871  1.85062  
1.65519  0.694246  3.16101  5.12164  3.00129  5.00071  2.05613  0.509833  
0.62633  2.75495  3.16101  5.12164  3.00129  5.00071  0.882846  2.71273  
0.0504543  3.9013  3.16101  5.12164  3.00129  5.00071  1.81516  0.947946  
0.676719  2.65214  3.16101  5.12164  3.00129  5.00071  0.925979  2.59607  
1.08544  1.83395  3.16101  5.12164  3.00129  5.00071  2.00129  0.00129438  
0.0676603  3.86743  3.16101  5.12164  3.00129  5.00071  0.199011  3.83536  
1.63656  0.730881  3.16101  5.12164  3.00129  5.00071  1.34305  1.40501  
1.41312  1.17821  3.16101  5.12164  3.00129  5.00071  1.17284  2.03032  
0.38425  3.2371  3.16101  5.12164  3.00129  5.00071  1.18954  2.11912  
0.456907  3.08921  3.16101  5.12164  3.00129  5.00071  0.689943  3.06104  
0.0176397  3.96685  3.16101  5.12164  3.00129  5.00071  0.792329  2.76917  
0.822011  2.36304  3.16101  5.12164  3.00129  5.00071  1.15836  2.1414  
0.569381  2.86485  3.16101  5.12164  3.00129  5.00071  1.69894  0.798682  
1.06751  1.87008  3.16101  5.12164  3.00129  5.00071  0.475441  3.56854  
1.729  0.553407  3.16101  5.12164  3.00129  5.00071  1.33737  1.81394  
1.1585  1.68762  3.16101  5.12164  3.00129  5.00071  0.927749  2.55711  
1.68842  0.628058  3.16101  5.12164  3.00129  5.00071  0.829835  2.36758  
0.134231  3.73574  3.16101  5.12164  3.00129  5.00071  1.0881  2.24845  
0.0339815  3.93417  3.16101  5.12164  3.00129  5.00071  1.84357  0.487677  
0.437209  3.12841  3.16101  5.12164  3.00129  5.00071  0.640441  3.5918  
0.759467  2.48428  3.07301  5.00104  3.0005  5.00071  1.55175  0.899834  
1.01287  1.97727  3.07301  5.00104  3.0005  5.00071  1.74808  0.645053  
0.228498  3.54667  3.07301  5.00104  3.0005  5.00071  0.765713  2.47976  
0.993367  2.01587  3.07301  5.00104  3.0005  5.00071  1.28552  1.43214  
1.05047  1.90236  3.07301  5.00104  3.0005  5.00071  1.69817  0.709891  
2.0005  0.000496598  3.07301  5.00104  3.0005  5.00071  0.334459  3.63569  
0.543025  2.91701  3.07301  5.00104  3.0005  5.00071  1.86702  0.408854  
0.253011  3.49754  3.07301  5.00104  3.0005  5.00071  1.77733  0.55437  
1.83441  0.333564  3.07301  5.00104  3.0005  5.00071  0.564488  2.87586  
0.837948  2.32718  3.07301  5.00104  3.0005  5.00071  0.741233  2.52704  
0.608705  2.78484  3.07301  5.00104  3.0005  5.00071  1.59915  0.818562  
0.91687  2.16868  3.07301  5.00104  3.0005  5.00071  0.98189  2.12183  
1.03114  1.94057  3.07301  5.00104  3.0005  5.00071  1.11421  1.88731  
1.93906  0.123477  3.07301  5.00104  3.0005  5.00071  1.21196  1.5818  
1.33683  1.32935  3.07301  5.00104  3.0005  5.00071  0.960025  2.08542  
1.95978  0.0820536  3.07301  5.00104  3.0005  5.00071  1.18039  1.64865  
0.159519  3.68469  3.07301  5.00104  3.0005  5.00071  1.50388  1.13593  
0.182465  3.63909  3.07301  5.00104  3.0005  5.00071  0.915383  2.17409  
1.53863  0.924557  3.07301  5.00104  3.0005  5.00071  0.527135  3.04625  
1.89816  0.205834  3.07301  5.00104  3.0005  5.00071  1.02316  2.0487  
1.19407  1.61457  3.07301  5.00104  3.0005  5.00071  0.130843  3.83326  
0.898188  2.20652  3.07301  5.00104  3.0005  5.00071  1.99485  0.287587  
1.45178  1.09845  3.07301  5.00104  3.0005  5.00071  1.31741  1.37181  
0.337958  3.32765  3.07301  5.00104  3.0005  5.00071  1.02244  1.96285  
1.35461  1.2934  3.07301  5.00104  3.0005  5.00071  0.956981  2.18707  
1.29924  1.40454  3.07301  5.00104  3.0005  5.00071  1.06824  1.9663  
0.206139  3.59069  3.07301  5.00104  3.0005  5.00071  0.163006  3.8986  
0.587965  2.82704  3.07301  5.00104  3.0005  5.00071  1.0638  1.87638  
0.80186  2.39976  3.07301  5.00104  3.0005  5.00071  0.472572  3.1505  
1.71055  0.581529  3.07301  5.00104  3.0005  5.00071  1.70369  0.709488  
1.31826  1.36632  3.07301  5.00104  3.0005  5.00071  0.326153  3.41647  
1.4984  1.00502  3.07301  5.00104  3.0005  5.00071  0.217804  3.85326  
1.17325  1.65525  3.07301  5.00104  3.0005  5.00071  1.87476  0.375316  
0.000710903  4.00071  3.07301  5.00104  3.0005  5.00071  1.16879  1.76753  
1.59255  0.816425  3.07301  5.00104  3.0005  5.00071  0.875545  2.28071  
1.81565  0.370455  3.07301  5.00104  3.0005  5.00071  1.86231  0.388612  
1.5184  0.965019  3.07301  5.00104  3.0005  5.00071  1.35503  1.53021  
1.27936  1.44374  3.07301  5.00104  3.0005  5.00071  1.95943  0.179396  
1.7727  0.456327  3.07301  5.00104  3.0005  5.00071  1.91256  0.259568  
0.722414  2.55774  3.07301  5.00104  3.0005  5.00071  1.1516  1.82486  
0.276393  3.45115  3.07301  5.00104  3.0005  5.00071  0.959859  2.08714  
1.91936  0.163298  3.07301  5.00104  3.0005  5.00071  0.00104127  4.00104  
1.57497  0.851699  3.07301  5.00104  3.0005  5.00071  1.70332  0.598785  
0.973188  2.05654  3.07301  5.00104  3.0005  5.00071  1.10677  1.88385  
0.52234  2.95839  3.07301  5.00104  3.0005  5.00071  0.826902  2.46264  
1.11001  1.78206  3.07301  5.00104  3.0005  5.00071  0.830756  2.34468  
0.39741  3.20835  3.07301  5.00104  3.0005  5.00071  0.115459  3.97665  
0.0886773  3.82561  3.07301  5.00104  3.0005  5.00071  0.502084  3.09931  
0.879559  2.24393  3.07301  5.00104  3.0005  5.00071  0.801555  2.40191  
0.418872  3.16528  3.07301  5.00104  3.0005  5.00071  0.94067  2.13218  
0.859594  2.28432  3.07301  5.00104  3.0005  5.00071  1.58128  0.922642  
1.55744  0.886767  3.07301  5.00104  3.0005  5.00071  1.38584  1.33339  
0.112947  3.77627  3.07301  5.00104  3.0005  5.00071  0.707822  2.59119  
0.742315  2.51902  3.07301  5.00104  3.0005  5.00071  0.480905  3.04395  
1.4318  1.13848  3.07301  5.00104  3.0005  5.00071  1.09193  1.81974  
0.299132  3.40478  3.07301  5.00104  3.0005  5.00071  1.21621  1.5815  
1.37184  1.25912  3.07301  5.00104  3.0005  5.00071  1.50602  0.998342  
1.23754  1.52699  3.07301  5.00104  3.0005  5.00071  0.388545  3.23032  
1.6677  0.666518  3.07301  5.00104  3.0005  5.00071  1.46432  1.16478  
1.97998  0.0415455  3.07301  5.00104  3.0005  5.00071  1.9486  0.321038  
1.79231  0.416999  3.07301  5.00104  3.0005  5.00071  0.524607  2.95766  
0.663422  2.67648  3.07301  5.00104  3.0005  5.00071  1.77224  0.457233  
0.936321  2.13049  3.07301  5.00104  3.0005  5.00071  1.66618  0.7908  
0.4989  3.00527  3.07301  5.00104  3.0005  5.00071  0.93005  2.23925  
1.61096  0.780453  3.07301  5.00104  3.0005  5.00071  0.670471  2.67122  
1.39138  1.21955  3.07301  5.00104  3.0005  5.00071  2.07301  0.16345  
0.780332  2.44306  3.07301  5.00104  3.0005  5.00071  0.996185  2.01417  
0.358485  3.28525  3.07301  5.00104  3.0005  5.00071  1.45  1.20816  
1.25913  1.48383  3.07301  5.00104  3.0005  5.00071  1.04027  1.92569  
1.13085  1.74038  3.07301  5.00104  3.0005  5.00071  0.749452  2.60002  
1.85434  0.292998  3.07301  5.00104  3.0005  5.00071  0.795224  2.51125  
0.644971  2.71315  3.07301  5.00104  3.0005  5.00071  0.884908  2.23876  
0.956031  2.09102  3.07301  5.00104  3.0005  5.00071  1.34942  1.30818  
1.47431  1.05348  3.07301  5.00104  3.0005  5.00071  1.41632  1.27794  
1.7533  0.495125  3.07301  5.00104  3.0005  5.00071  1.25492  1.49503  
0.318881  3.36558  3.07301  5.00104  3.0005  5.00071  0.61859  2.86446  
1.87978  0.242448  3.07301  5.00104  3.0005  5.00071  1.35716  1.38341  
0.703198  2.59561  3.07301  5.00104  3.0005  5.00071  0.675458  2.75333  
0.478332  3.04644  3.07301  5.00104  3.0005  5.00071  1.21452  1.5852  
1.21746  1.56758  3.07301  5.00104  3.0005  5.00071  0.793149  2.42753  
1.64943  0.703202  3.07301  5.00104  3.0005  5.00071  1.52709  1.08014  
0.62689  2.74917  3.07301  5.00104  3.0005  5.00071  0.41242  3.29869  
0.0504543  3.9013  3.07301  5.00104  3.0005  5.00071  1.88628  0.319246  
0.683039  2.63706  3.07301  5.00104  3.0005  5.00071  1.14793  1.72116  
1.08952  1.82288  3.07301  5.00104  3.0005  5.00071  2.0005  0.000496598  
0.0676603  3.86743  3.07301  5.00104  3.0005  5.00071  1.5506  0.993395  
1.62804  0.746174  3.07301  5.00104  3.0005  5.00071  1.10348  1.9058  
1.41097  1.18038  3.07301  5.00104  3.0005  5.00071  1.64419  0.716671  
0.379118  3.24486  3.07301  5.00104  3.0005  5.00071  0.230033  3.65366  
0.456907  3.08921  3.07301  5.00104  3.0005  5.00071  0.849359  2.38873  
0.0176397  3.96685  3.07301  5.00104  3.0005  5.00071  0.289714  3.70111  
0.820292  2.36327  3.07301  5.00104  3.0005  5.00071  0.71866  2.65942  
0.566084  2.87109  3.07301  5.00104  3.0005  5.00071  0.624696  2.75735  
1.07004  1.862  3.07301  5.00104  3.0005  5.00071  1.46749  1.0768  
1.73068  0.540905  3.07301  5.00104  3.0005  5.00071  1.42573  1.16005  
1.15416  1.69428  3.07301  5.00104  3.0005  5.00071  0.617119  2.87927  
1.68873  0.624324  3.07301  5.00104  3.0005  5.00071  1.12133  1.77026  
0.136346  3.73072  3.07301  5.00104  3.0005  5.00071  1.38653  1.23082  
0.0339815  3.93417  3.07301  5.00104  3.0005  5.00071  1.31603  1.55676  
0.437209  3.12841  3.07301  5.00104  3.0005  5.00071  1.6159  0.855018  
0.758488  2.48305  3.00001  5.00001  3.00001  5.00001  0.611056  2.77791  
1.01345  1.97312  3.00001  5.00001  3.00001  5.00001  0.34051  3.31901  
0.224874  3.55028  3.00001  5.00001  3.00001  5.00001  1.71027  0.579474  
0.993534  2.01296  3.00001  5.00001  3.00001  5.00001  1.24579  1.50843  
1.05316  1.8937  3.00001  5.00001  3.00001  5.00001  1.26548  1.46907  
2.00001  9.34797e-06  3.00001  5.00001  3.00001  5.00001  1.48857  1.02289  
0.539465  2.9211  3.00001  5.00001  3.00001  5.00001  1.8838  0.232423  
0.246031  3.50797  3.00001  5.00001  3.00001  5.00001  0.32138  3.35727  
1.83462  0.33079  3.00001  5.00001  3.00001  5.00001  0.359618  3.28079  
0.836777  2.32647  3.00001  5.00001  3.00001  5.00001  1.18709  1.62584  
0.599851  2.80032  3.00001  5.00001  3.00001  5.00001  1.86138  0.27727  
0.915006  2.17001  3.00001  5.00001  3.00001  5.00001  1.36498  1.27006  
1.03311  1.9338  3.00001  5.00001  3.00001  5.00001  1.92955  0.14092  
1.93786  0.124297  3.00001  5.00001  3.00001  5.00001  0.686212  2.6276  
1.3332  1.33363  3.00001  5.00001  3.00001  5.00001  0.282584  3.43486  
1.95846  0.0831121  3.00001  5.00001  3.00001  5.00001  1.46758  1.06487  
0.161501  3.67703  3.00001  5.00001  3.00001  5.00001  0.705165  2.58969  
0.182322  3.63538  3.00001  5.00001  3.00001  5.00001  1.69043  0.619158  
1.53335  0.933313  3.00001  5.00001  3.00001  5.00001  1.38539  1.22925  
1.8968  0.206419  3.00001  5.00001  3.00001  5.00001  0.182322  3.63538  
1.19285  1.61432  3.00001  5.00001  3.00001  5.00001  1.79416  0.411715  
0.89545  2.20912  3.00001  5.00001  3.00001  5.00001  0.781086  2.43785  
1.45361  1.0928  3.00001  5.00001  3.00001  5.00001  1.52948  0.941059  
0.331927  3.33618  3.00001  5.00001  3.00001  5.00001  1.34475  1.31053  
1.35356  1.29289  3.00001  5.00001  3.00001  5.00001  1.42614  1.14773  
1.29322  1.41359  3.00001  5.00001  3.00001  5.00001  0.0713896  3.85725  
0.203368  3.59329  3.00001  5.00001  3.00001  5.00001  0.024149  3.95173  
0.57977  2.84048  3.00001  5.00001  3.00001  5.00001  1.12772  1.74459  
0.797711  2.40461  3.00001  5.00001  3.00001  5.00001  1.40588  1.18826  
1.712  0.576022  3.00001  5.00001  3.00001  5.00001  0.761806  2.47641  
1.31324  1.37355  3.00001  5.00001  3.00001  5.00001  1.08804  1.82395  
1.49376  1.01251  3.00001  5.00001  3.00001  5.00001  0.667238  2.66555  
1.1728  1.65443  3.00001  5.00001  3.00001  5.00001  1.57017  0.859676  
1.4272e-05  4.00001  3.00001  5.00001  3.00001  5.00001  1.63042  0.739178  
1.59257  0.814877  3.00001  5.00001  3.00001  5.00001  1.50917  0.981677  
1.81388  0.372263  3.00001  5.00001  3.00001  5.00001  0.398382  3.20326  
1.51358  0.972853  3.00001  5.00001  3.00001  5.00001  1.22618  1.54767  
1.27311  1.4538  3.00001  5.00001  3.00001  5.00001  0.457574  3.08488  
1.77298  0.454069  3.00001  5.00001  3.00001  5.00001  1.20662  1.58679  
0.71906  2.56191  3.00001  5.00001  3.00001  5.00001  0.117591  3.76485  
0.267331  3.46536  3.00001  5.00001  3.00001  5.00001  1.44677  1.10649  
1.91726  0.165507  3.00001  5.00001  3.00001  5.00001  1.4272e-05  4.00001  
1.5729  0.854228  3.00001  5.00001  3.00001  5.00001  0.378949  3.24213  
0.97374  2.05254  3.00001  5.00001  3.00001  5.00001  0.989884  2.02026  
0.519375  2.96128  3.00001  5.00001  3.00001  5.00001  0.263343  3.47334  
1.11244  1.77513  3.00001  5.00001  3.00001  5.00001  0.554515  2.89099  
0.395467  3.20909  3.00001  5.00001  3.00001  5.00001  1.73045  0.539134  
0.0995672  3.80089  3.00001  5.00001  3.00001  5.00001  0.592391  2.81524  
0.875737  2.24855  3.00001  5.00001  3.00001  5.00001  0.535369  2.92928  
0.416239  3.16755  3.00001  5.00001  3.00001  5.00001  0.742907  2.51421  
0.856296  2.28743  3.00001  5.00001  3.00001  5.00001  0.477206  3.04561  
1.55304  0.893948  3.00001  5.00001  3.00001  5.00001  0.161501  3.67703  
0.119692  3.76065  3.00001  5.00001  3.00001  5.00001  0.970762  2.0585  
0.738727  2.52257  3.00001  5.00001  3.00001  5.00001  1.97625  0.0475169  
1.43353  1.13297  3.00001  5.00001  3.00001  5.00001  1.02884  1.94234  
0.289004  3.42202  3.00001  5.00001  3.00001  5.00001  1.77233  0.455355  
1.37353  1.25296  3.00001  5.00001  3.00001  5.00001  0.648579  2.70286  
1.23292  1.53419  3.00001  5.00001  3.00001  5.00001  0.139637  3.72076  
1.67197  0.656083  3.00001  5.00001  3.00001  5.00001  0.838119  2.32379  
1.97899  0.0420521  3.00001  5.00001  3.00001  5.00001  1.00926  1.9815  
1.79333  0.41337  3.00001  5.00001  3.00001  5.00001  1.83899  0.322043  
0.659253  2.68151  3.00001  5.00001  3.00001  5.00001  0.516393  2.96724  
0.934483  2.13106  3.00001  5.00001  3.00001  5.00001  1.06841  1.8632  
0.498984  3.00206  3.00001  5.00001  3.00001  5.00001  1.67031  0.659418  
1.61232  0.775386  3.00001  5.00001  3.00001  5.00001  1.90668  0.186675  
1.39365  1.21273  3.00001  5.00001  3.00001  5.00001  1.61041  0.779203  
0.778239  2.44355  3.00001  5.00001  3.00001  5.00001  0.819117  2.36179  
0.35321  3.29361  3.00001  5.00001  3.00001  5.00001  1.81609  0.367847  
1.25306  1.49391  3.00001  5.00001  3.00001  5.00001  1.28512  1.42979  
1.13254  1.73494  3.00001  5.00001  3.00001  5.00001  0.875914  2.2482  
1.85529  0.289451  3.00001  5.00001  3.00001  5.00001  1.30509  1.38984  
0.639601  2.72082  3.00001  5.00001  3.00001  5.00001  0.723871  2.55228  
0.95391  2.09221  3.00001  5.00001  3.00001  5.00001  1.95298  0.0940701  
1.47375  1.05254  3.00001  5.00001  3.00001  5.00001  0.418015  3.164  
1.75246  0.495095  3.00001  5.00001  3.00001  5.00001  0.913591  2.17284  
0.310531  3.37897  3.00001  5.00001  3.00001  5.00001  0.0475416  3.90494  
1.87617  0.247682  3.00001  5.00001  3.00001  5.00001  0.629889  2.74024  
0.699168  2.60169  3.00001  5.00001  3.00001  5.00001  0.243672  3.51268  
0.478423  3.04318  3.00001  5.00001  3.00001  5.00001  1.1477  1.70462  
1.21279  1.57444  3.00001  5.00001  3.00001  5.00001  0.932356  2.13531  
1.65186  0.696306  3.00001  5.00001  3.00001  5.00001  0.302349  3.39533  
0.620008  2.76001  3.00001  5.00001  3.00001  5.00001  0.437644  3.12474  
0.0594372  3.88115  3.00001  5.00001  3.00001  5.00001  1.04861  1.9028  
0.679301  2.64142  3.00001  5.00001  3.00001  5.00001  1.59026  0.819498  
1.09281  1.81441  3.00001  5.00001  3.00001  5.00001  2.00001  9.34797e-06  
0.0792738  3.84148  3.00001  5.00001  3.00001  5.00001  0.857043  2.28594  
1.63187  0.736278  3.00001  5.00001  3.00001  5.00001  0.203319  3.59339  
1.41365  1.17272  3.00001  5.00001  3.00001  5.00001  0.0944886  3.81105  
0.374404  3.25122  3.00001  5.00001  3.00001  5.00001  1.32489  1.35024  
0.457574  3.08488  3.00001  5.00001  3.00001  5.00001  0.894819  2.21038  
0.0192347  3.96157  3.00001  5.00001  3.00001  5.00001  1.65027  0.69948  
0.81733  2.36537  3.00001  5.00001  3.00001  5.00001  0.496784  3.00646  
0.559726  2.88057  3.00001  5.00001  3.00001  5.00001  0.573719  2.85259  
1.073  1.85403  3.00001  5.00001  3.00001  5.00001  1.75124  0.497545  
1.73205  0.535929  3.00001  5.00001  3.00001  5.00001  1.10802  1.78398  
1.15258  1.69487  3.00001  5.00001  3.00001  5.00001  1.54991  0.900202  
1.69195  0.61612  3.00001  5.00001  3.00001  5.00001  0.800167  2.39969  
0.140245  3.71954  3.00001  5.00001  3.00001  5.00001  1.16754  1.66494  
0.0389831  3.92206  3.00001  5.00001  3.00001  5.00001  0.223627  3.55277  
0.436877  3.12628  3.00001  5.00001  3.00001  5.00001  0.951519  2.09699  
0.757627  2.48475  3  5  3  5  0.61025  2.7795  
1.0138  1.97239  3  5  3  5  0.336589  3.32682  
0.225975  3.54805  3  5  3  5  1.71644  0.567114  
0.994066  2.01187  3  5  3  5  1.24658  1.50685  
1.05342  1.89315  3  5  3  5  1.26645  1.46709  
2  1.1587e-07  3  5  3  5  1.48826  1.02349  
0.53776  2.92448  3  5  3  5  1.88966  0.220678  
0.246929  3.50614  3  5  3  5  0.316148  3.3677  
1.83571  0.328572  3  5  3  5  0.356673  3.28665  
0.836451  2.3271  3  5  3  5  1.18719  1.62562  
0.598488  2.80302  3  5  3  5  1.8678  0.264407  
0.915098  2.1698  3  5  3  5  1.36669  1.26662  
1.03358  1.93284  3  5  3  5  1.9336  0.132806  
1.93825  0.12349  3  5  3  5  0.686324  2.62735  
1.33326  1.33347  3  5  3  5  0.275397  3.44921  
1.95882  0.0823689  3  5  3  5  1.46795  1.0641  
0.163245  3.67351  3  5  3  5  0.70532  2.58936  
0.184095  3.63181  3  5  3  5  1.69525  0.60949  
1.53314  0.933711  3  5  3  5  1.38682  1.22635  
1.89711  0.205777  3  5  3  5  0.171259  3.65748  
1.19311  1.61378  3  5  3  5  1.80235  0.395294  
0.895411  2.20918  3  5  3  5  0.781256  2.43749  
1.45322  1.09356  3  5  3  5  1.52915  0.941702  
0.330798  3.3384  3  5  3  5  1.3466  1.3068  
1.35325  1.29349  3  5  3  5  1.42727  1.14545  
1.29318  1.41364  3  5  3  5  0.0647246  3.87055  
0.204971  3.59006  3  5  3  5  0.021627  3.95675  
0.578293  2.84341  3  5  3  5  1.12822  1.74355  
0.796991  2.40602  3  5  3  5  1.40705  1.1859  
1.71372  0.572559  3  5  3  5  0.762269  2.47546  
1.31324  1.37352  3  5  3  5  1.08897  1.82206  
1.49315  1.0137  3  5  3  5  0.667354  2.66529  
1.17314  1.65372  3  5  3  5  1.57035  0.859299  
9.52763e-08  4  3  5  3  5  1.63245  0.735105  
1.59307  0.813855  3  5  3  5  1.50867  0.98266  
1.81522  0.369562  3  5  3  5  0.396611  3.20678  
1.51319  0.973617  3  5  3  5  1.2267  1.54659  
1.27318  1.45365  3  5  3  5  0.455648  3.08871  
1.77441  0.451173  3  5  3  5  1.20694  1.58613  
0.718144  2.56371  3  5  3  5  0.107531  3.78494  
0.267844  3.46431  3  5  3  5  1.44754  1.10492  
1.91766  0.164688  3  5  3  5  9.49271e-08  4  
1.57307  0.853863  3  5  3  5  0.376768  3.24646  
0.974326  2.05135  3  5  3  5  0.991604  2.01679  
0.517257  2.96549  3  5  3  5  0.2549  3.4902  
1.11313  1.77374  3  5  3  5  0.552754  2.89449  
0.393365  3.21327  3  5  3  5  1.73771  0.524573  
0.101396  3.79721  3  5  3  5  0.591102  2.8178  
0.875736  2.24853  3  5  3  5  0.533448  2.9331  
0.414152  3.1717  3  5  3  5  0.743295  2.51341  
0.856079  2.28784  3  5  3  5  0.47531  3.04938  
1.55311  0.893777  3  5  3  5  0.150093  3.69981  
0.121826  3.75635  3  5  3  5  0.97236  2.05528  
0.73791  2.52418  3  5  3  5  1.97785  0.0443025  
1.43319  1.13361  3  5  3  5  1.0304  1.93919  
0.288846  3.42231  3  5  3  5  1.78071  0.438588  
1.37325  1.25349  3  5  3  5  0.648379  2.70324  
1.23314  1.53372  3  5  3  5  0.128896  3.74221  
1.67332  0.653364  3  5  3  5  0.838242  2.32352  
1.97941  0.0411849  3  5  3  5  1.01098  1.97804  
1.79478  0.41043  3  5  3  5  1.84588  0.308245  
0.658489  2.68302  3  5  3  5  0.514142  2.97172  
0.934781  2.13044  3  5  3  5  1.0694  1.8612  
0.496773  3.00645  3  5  3  5  1.6742  0.651599  
1.61311  0.773787  3  5  3  5  1.91163  0.176749  
1.39326  1.21348  3  5  3  5  1.61176  0.776472  
0.777344  2.44531  3  5  3  5  0.819232  2.36154  
0.351745  3.29651  3  5  3  5  1.82396  0.352082  
1.25314  1.49371  3  5  3  5  1.28644  1.42713  
1.13315  1.7337  3  5  3  5  0.876386  2.24723  
1.85616  0.287672  3  5  3  5  1.30644  1.38711  
0.638533  2.72293  3  5  3  5  0.724311  2.55138  
0.954542  2.09092  3  5  3  5  1.95571  0.0885803  
1.47322  1.05356  3  5  3  5  0.416461  3.16708  
1.75411  0.491788  3  5  3  5  0.914628  2.17074  
0.309791  3.38042  3  5  3  5  0.0432696  3.91346  
1.87665  0.246709  3  5  3  5  0.629379  2.74124  
0.698318  2.60336  3  5  3  5  0.234134  3.53173  
0.476169  3.04766  3  5  3  5  1.14787  1.70426  
1.21315  1.5737  3  5  3  5  0.933867  2.13227  
1.65323  0.693549  3  5  3  5  0.295831  3.40834  
0.618523  2.76295  3  5  3  5  0.436053  3.1279  
0.060649  3.8787  3  5  3  5  1.04982  1.90036  
0.678446  2.64311  3  5  3  5  1.591  0.818004  
1.09319  1.81362  3  5  3  5  2  1.1587e-07  
0.0809553  3.83809  3  5  3  5  0.857304  2.28539  
1.63316  0.733688  3  5  3  5  0.19239  3.61522  
1.41324  1.17352  3  5  3  5  0.0861747  3.82765  
0.372648  3.25471  3  5  3  5  1.32655  1.34691  
0.455495  3.08901  3  5  3  5  0.895512  2.20898  
0.0202506  3.9595  3  5  3  5  1.65331  0.693388  
0.816745  2.36651  3  5  3  5  0.494686  3.01063  
0.558076  2.88385  3  5  3  5  0.571994  2.85601  
1.0733  1.8534  3  5  3  5  1.75919  0.481616  
1.73388  0.53224  3  5  3  5  1.10858  1.78284  
1.15315  1.6937  3  5  3  5  1.54974  0.900512  
1.69347  0.613064  3  5  3  5  0.80024  2.39952  
0.142583  3.71483  3  5  3  5  1.16752  1.66497  
0.0404374  3.91913  3  5  3  5  0.213334  3.57333  
0.434905  3.13019  3  5  3  5  0.953137  2.09373  
0.757362  2.48528  3  5  3  5  0.609376  2.78125  
1.01404  1.97193  3  5  3  5  0.333344  3.33331  
0.226217  3.54757  3  5  3  5  1.71893  0.562141  
0.994248  2.0115  3  5  3  5  1.24735  1.50529  
1.05372  1.89256  3  5  3  5  1.2673  1.4654  
2  5.43319e-09  3  5  3  5  1.48954  1.02091  
0.536594  2.92681  3  5  3  5  1.89086  0.218285  
0.247079  3.50584  3  5  3  5  0.31302  3.37396  
1.83585  0.328308  3  5  3  5  0.353636  3.29273  
0.836382  2.32724  3  5  3  5  1.18781  1.62439  
0.597464  2.80507  3  5  3  5  1.86915  0.261703  
0.915186  2.16963  3  5  3  5  1.36738  1.26524  
1.03386  1.93229  3  5  3  5  1.9345  0.13101  
1.93829  0.12342  3  5  3  5  0.686074  2.62785  
1.33322  1.33356  3  5  3  5  0.272369  3.45526  
1.95883  0.082332  3  5  3  5  1.46901  1.06198  
0.163919  3.67216  3  5  3  5  0.705191  2.58962  
0.184634  3.63073  3  5  3  5  1.69775  0.604499  
1.5331  0.933804  3  5  3  5  1.38759  1.22482  
1.89722  0.205554  3  5  3  5  0.168982  3.66204  
1.19317  1.61366  3  5  3  5  1.80439  0.391224  
0.895474  2.20905  3  5  3  5  0.781294  2.43741  
1.45319  1.09363  3  5  3  5  1.53068  0.938645  
0.330543  3.33891  3  5  3  5  1.34733  1.30534  
1.35322  1.29355  3  5  3  5  1.4283  1.14341  
1.29316  1.41369  3  5  3  5  0.0637388  3.87252  
0.20539  3.58922  3  5  3  5  0.0213644  3.95727  
0.577243  2.84551  3  5  3  5  1.12865  1.7427  
0.796946  2.40611  3  5  3  5  1.40798  1.18405  
1.71405  0.571891  3  5  3  5  0.762265  2.47547  
1.31318  1.37363  3  5  3  5  1.08946  1.82108  
1.49315  1.0137  3  5  3  5  0.666947  2.66611  
1.1732  1.6536  3  5  3  5  1.57202  0.855969  
5.20403e-09  4  3  5  3  5  1.63447  0.731058  
1.5932  0.8136  3  5  3  5  1.51008  0.979837  
1.81546  0.369081  3  5  3  5  0.394004  3.21199  
1.51312  0.973752  3  5  3  5  1.22749  1.54502  
1.27316  1.45368  3  5  3  5  0.45349  3.09302  
1.7748  0.450401  3  5  3  5  1.20762  1.58476  
0.717644  2.56471  3  5  3  5  0.106013  3.78797  
0.267944  3.46411  3  5  3  5  1.44859  1.10281  
1.91775  0.164506  3  5  3  5  4.82459e-09  4  
1.57314  0.853725  3  5  3  5  0.373812  3.25238  
0.974449  2.0511  3  5  3  5  0.99228  2.01544  
0.516226  2.96755  3  5  3  5  0.252004  3.49599  
1.11335  1.7733  3  5  3  5  0.55129  2.89742  
0.392788  3.21442  3  5  3  5  1.7401  0.519791  
0.102125  3.79575  3  5  3  5  0.590011  2.81998  
0.875761  2.24848  3  5  3  5  0.531886  2.93623  
0.413484  3.17303  3  5  3  5  0.743265  2.51347  
0.856073  2.28785  3  5  3  5  0.473106  3.05379  
1.55311  0.893775  3  5  3  5  0.148051  3.7039  
0.122654  3.75469  3  5  3  5  0.972958  2.05408  
0.737568  2.52486  3  5  3  5  1.97812  0.0437517  
1.43319  1.13362  3  5  3  5  1.03104  1.93793  
0.288811  3.42238  3  5  3  5  1.78297  0.43406  
1.37321  1.25358  3  5  3  5  0.647809  2.70438  
1.23314  1.53371  3  5  3  5  0.127041  3.74592  
1.67362  0.652751  3  5  3  5  0.838463  2.32307  
1.97941  0.0411792  3  5  3  5  1.01161  1.97678  
1.79508  0.409838  3  5  3  5  1.84758  0.304848  
0.657798  2.6844  3  5  3  5  0.512383  2.97523  
0.934923  2.13015  3  5  3  5  1.06993  1.86014  
0.495823  3.00835  3  5  3  5  1.67661  0.646779  
1.6133  0.7734  3  5  3  5  1.91267  0.174661  
1.39322  1.21357  3  5  3  5  1.61347  0.773057  
0.777182  2.44564  3  5  3  5  0.819374  2.36125  
0.351353  3.29729  3  5  3  5  1.82595  0.348092  
1.25314  1.49372  3  5  3  5  1.28725  1.42549  
1.1333  1.7334  3  5  3  5  0.876703  2.24659  
1.85626  0.287478  3  5  3  5  1.30724  1.38551  
0.637709  2.72458  3  5  3  5  0.724271  2.55146  
0.954683  2.09063  3  5  3  5  1.95631  0.0873874  
1.47316  1.05367  3  5  3  5  0.413822  3.17236  
1.75452  0.490966  3  5  3  5  0.915111  2.16978  
0.309679  3.38064  3  5  3  5  0.0425475  3.9149  
1.87673  0.246545  3  5  3  5  0.628616  2.74277  
0.697745  2.60451  3  5  3  5  0.231364  3.53727  
0.475305  3.04939  3  5  3  5  1.14833  1.70335  
1.21315  1.57371  3  5  3  5  0.934363  2.13127  
1.65351  0.69299  3  5  3  5  0.292707  3.41459  
0.617609  2.76478  3  5  3  5  0.433694  3.13261  
0.0611778  3.87764  3  5  3  5  1.05047  1.89907  
0.677788  2.64442  3  5  3  5  1.59276  0.814487  
1.09345  1.8131  3  5  3  5  2  4.99198e-09  
0.0816165  3.83677  3  5  3  5  0.857566  2.28487  
1.6334  0.733209  3  5  3  5  0.189897  3.62021  
1.4132  1.17359  3  5  3  5  0.0849721  3.83006  
0.372088  3.25582  3  5  3  5  1.32722  1.34557  
0.454782  3.09044  3  5  3  5  0.895883  2.20823  
0.0203806  3.95924  3  5  3  5  1.65548  0.689035  
0.816677  2.36665  3  5  3  5  0.492806  3.01439  
0.556969  2.88606  3  5  3  5  0.570663  2.85867  
1.07357  1.85285  3  5  3  5  1.7615  0.476993  
1.73429  0.531429  3  5  3  5  1.10905  1.7819  
1.15324  1.69352  3  5  3  5  1.55134  0.897323  
1.69383  0.612345  3  5  3  5  0.800311  2.39938  
0.14328  3.71344  3  5  3  5  1.16801  1.66398  
0.0407544  3.91849  3  5  3  5  0.210689  3.57862  
0.434153  3.13169  3  5  3  5  0.953635  2.09273  
0.75696  2.48608  3  5  3  5  0.608449  2.7831  
1.0141  1.97179  3  5  3  5  0.331784  3.33643  
0.226394  3.54721  3  5  3  5  1.72027  0.559462  
0.994312  2.01138  3  5  3  5  1.24808  1.50383  
1.05377  1.89246  3  5  3  5  1.26808  1.46385  
2  7.69397e-10  3  5  3  5  1.49087  1.01826  
0.535935  2.92813  3  5  3  5  1.89158  0.216837  
0.247194  3.50561  3  5  3  5  0.311467  3.37707  
1.83601  0.327976  3  5  3  5  0.352055  3.29589  
0.836269  2.32746  3  5  3  5  1.18848  1.62303  
0.596777  2.80645  3  5  3  5  1.86999  0.260011  
0.915231  2.16954  3  5  3  5  1.3685  1.26301  
1.03395  1.93211  3  5  3  5  1.93487  0.130267  
1.93832  0.123369  3  5  3  5  0.685731  2.62854  
1.33319  1.33362  3  5  3  5  0.270707  3.45859  
1.95884  0.0823144  3  5  3  5  1.47033  1.05933  
0.16415  3.6717  3  5  3  5  0.70492  2.59016  
0.184867  3.63027  3  5  3  5  1.69908  0.601847  
1.53315  0.933704  3  5  3  5  1.38878  1.22244  
1.89732  0.205369  3  5  3  5  0.167593  3.66481  
1.1932  1.6136  3  5  3  5  1.8055  0.389003  
0.895505  2.20899  3  5  3  5  0.7813  2.4374  
1.45317  1.09366  3  5  3  5  1.53202  0.935965  
0.330454  3.33909  3  5  3  5  1.34829  1.30343  
1.3532  1.29361  3  5  3  5  1.42949  1.14102  
1.29317  1.41367  3  5  3  5  0.063086  3.87383  
0.205613  3.58877  3  5  3  5  0.021118  3.95776  
0.576545  2.84691  3  5  3  5  1.12924  1.74151  
0.796643  2.40671  3  5  3  5  1.40904  1.18192  
1.71411  0.571773  3  5  3  5  0.762221  2.47556  
1.31318  1.37364  3  5  3  5  1.09001  1.81998  
1.49315  1.01369  3  5  3  5  0.666452  2.6671  
1.17322  1.65355  3  5  3  5  1.57342  0.85315  
5.54183e-10  4  3  5  3  5  1.6359  0.728201  
1.59325  0.813508  3  5  3  5  1.51145  0.977105  
1.81562  0.368756  3  5  3  5  0.392225  3.21555  
1.51316  0.973688  3  5  3  5  1.22818  1.54365  
1.27316  1.45368  3  5  3  5  0.451973  3.09605  
1.77492  0.450153  3  5  3  5  1.20829  1.58343  
0.717104  2.56579  3  5  3  5  0.105005  3.78999  
0.267989  3.46402  3  5  3  5  1.44989  1.10023  
1.91781  0.164381  3  5  3  5  7.0122e-10  4  
1.57321  0.853582  3  5  3  5  0.372232  3.25554  
0.97452  2.05096  3  5  3  5  0.992657  2.01469  
0.515598  2.9688  3  5  3  5  0.250263  3.49947  
1.1134  1.7732  3  5  3  5  0.550202  2.8996  
0.392566  3.21487  3  5  3  5  1.74149  0.517029  
0.102288  3.79542  3  5  3  5  0.589095  2.82181  
0.87578  2.24844  3  5  3  5  0.530686  2.93863  
0.413193  3.17361  3  5  3  5  0.743138  2.51372  
0.856026  2.28795  3  5  3  5  0.471725  3.05655  
1.55316  0.893673  3  5  3  5  0.146778  3.70644  
0.122882  3.75424  3  5  3  5  0.973259  2.05348  
0.737018  2.52596  3  5  3  5  1.97824  0.0435284  
1.43319  1.13362  3  5  3  5  1.0315  1.93701  
0.288811  3.42238  3  5  3  5  1.78421  0.431583  
1.3732  1.25359  3  5  3  5  0.647138  2.70572  
1.23316  1.53368  3  5  3  5  0.125931  3.74814  
1.67371  0.652575  3  5  3  5  0.838596  2.32281  
1.97942  0.0411579  3  5  3  5  1.01206  1.97588  
1.79525  0.409507  3  5  3  5  1.84845  0.303102  
0.657168  2.68566  3  5  3  5  0.511147  2.97771  
0.934966  2.13007  3  5  3  5  1.07046  1.85908  
0.495243  3.00951  3  5  3  5  1.67791  0.644188  
1.61334  0.773327  3  5  3  5  1.91323  0.173534  
1.3932  1.2136  3  5  3  5  1.61502  0.769963  
0.776809  2.44638  3  5  3  5  0.819479  2.36104  
0.351194  3.29761  3  5  3  5  1.82697  0.346052  
1.25317  1.49367  3  5  3  5  1.28809  1.42382  
1.13334  1.73331  3  5  3  5  0.87696  2.24608  
1.8564  0.287207  3  5  3  5  1.30815  1.3837  
0.637055  2.72589  3  5  3  5  0.724048  2.5519  
0.954742  2.09052  3  5  3  5  1.9565  0.0870029  
1.47316  1.05368  3  5  3  5  0.412282  3.17544  
1.75462  0.490766  3  5  3  5  0.915377  2.16925  
0.309641  3.38072  3  5  3  5  0.0420561  3.91589  
1.87686  0.246277  3  5  3  5  0.627796  2.74441  
0.697109  2.60578  3  5  3  5  0.229706  3.54059  
0.474812  3.05038  3  5  3  5  1.14895  1.7021  
1.21317  1.57365  3  5  3  5  0.934653  2.13069  
1.65357  0.692853  3  5  3  5  0.291113  3.41777  
0.616928  2.76614  3  5  3  5  0.432224  3.13555  
0.0612934  3.87741  3  5  3  5  1.05096  1.89808  
0.677138  2.64572  3  5  3  5  1.59421  0.811582  
1.09349  1.81301  3  5  3  5  2  3.09244e-10  
0.0817703  3.83646  3  5  3  5  0.857769  2.28446  
1.63346  0.733082  3  5  3  5  0.188386  3.62323  
1.41319  1.17361  3  5  3  5  0.0840736  3.83185  
0.371916  3.25617  3  5  3  5  1.32818  1.34364  
0.454338  3.09132  3  5  3  5  0.896152  2.2077  
0.0203905  3.95922  3  5  3  5  1.65678  0.686437  
0.816472  2.36706  3  5  3  5  0.49145  3.0171  
0.556254  2.88749  3  5  3  5  0.569701  2.8606  
1.07362  1.85276  3  5  3  5  1.76279  0.474413  
1.73434  0.53131  3  5  3  5  1.1096  1.78079  
1.15326  1.69348  3  5  3  5  1.55269  0.894613  
1.6939  0.612209  3  5  3  5  0.800384  2.39923  
0.143487  3.71303  3  5  3  5  1.16865  1.66269  
0.0407935  3.91841  3  5  3  5  0.209088  3.58182  
0.433774  3.13245  3  5  3  5  0.953962  2.09208  
0.75674  2.48652  3  5  3  5  0.607974  2.78405  
1.01415  1.97169  3  5  3  5  0.33044  3.33912  
0.226521  3.54696  3  5  3  5  1.7212  0.557592  
0.994335  2.01133  3  5  3  5  1.24881  1.50238  
1.05384  1.89233  3  5  3  5  1.26882  1.46236  
2  2.46827e-10  3  5  3  5  1.49175  1.01651  
0.535498  2.929  3  5  3  5  1.89206  0.215887  
0.247262  3.50548  3  5  3  5  0.310175  3.37965  
1.83607  0.327869  3  5  3  5  0.350675  3.29865  
0.836189  2.32762  3  5  3  5  1.1892  1.62161  
0.596282  2.80744  3  5  3  5  1.87054  0.258917  
0.915245  2.16951  3  5  3  5  1.36955  1.2609  
1.034  1.932  3  5  3  5  1.93519  0.129619  
1.93836  0.123275  3  5  3  5  0.685424  2.62915  
1.33319  1.33362  3  5  3  5  0.269537  3.46093  
1.95887  0.0822543  3  5  3  5  1.47124  1.05753  
0.164441  3.67112  3  5  3  5  0.704625  2.59075  
0.185108  3.62978  3  5  3  5  1.70006  0.599881  
1.53319  0.933625  3  5  3  5  1.38985  1.2203  
1.89735  0.205301  3  5  3  5  0.166688  3.66662  
1.19321  1.61358  3  5  3  5  1.80628  0.387437  
0.895505  2.20899  3  5  3  5  0.781307  2.43739  
1.45317  1.09366  3  5  3  5  1.53297  0.934064  
0.330308  3.33938  3  5  3  5  1.34931  1.30138  
1.3532  1.29361  3  5  3  5  1.43047  1.13907  
1.29317  1.41366  3  5  3  5  0.0627159  3.87457  
0.205843  3.58831  3  5  3  5  0.0209144  3.95817  
0.576134  2.84773  3  5  3  5  1.12993  1.74014  
0.796531  2.40694  3  5  3  5  1.41014  1.17971  
1.71424  0.571516  3  5  3  5  0.762182  2.47564  
1.31318  1.37364  3  5  3  5  1.09068  1.81864  
1.49317  1.01367  3  5  3  5  0.666095  2.66781  
1.17325  1.65349  3  5  3  5  1.57445  0.851102  
5.54183e-10  4  3  5  3  5  1.63692  0.726151  
1.59332  0.813355  3  5  3  5  1.5123  0.975406  
1.81567  0.368654  3  5  3  5  0.390907  3.21819  
1.51317  0.97367  3  5  3  5  1.2289  1.54219  
1.27316  1.45367  3  5  3  5  0.450762  3.09848  
1.77502  0.449963  3  5  3  5  1.20901  1.58198  
0.716877  2.56625  3  5  3  5  0.104402  3.7912  
0.268041  3.46392  3  5  3  5  1.45082  1.09835  
1.91784  0.164316  3  5  3  5  4.83298e-10  4  
1.57326  0.853488  3  5  3  5  0.370831  3.25834  
0.974542  2.05092  3  5  3  5  0.99322  2.01356  
0.515186  2.96963  3  5  3  5  0.249122  3.50176  
1.11348  1.77303  3  5  3  5  0.549316  2.90137  
0.392309  3.21538  3  5  3  5  1.74238  0.515248  
0.102588  3.79482  3  5  3  5  0.588505  2.82299  
0.87575  2.2485  3  5  3  5  0.529609  2.94078  
0.412902  3.1742  3  5  3  5  0.743034  2.51393  
0.855973  2.28805  3  5  3  5  0.470523  3.05895  
1.55321  0.893584  3  5  3  5  0.146005  3.70799  
0.123174  3.75365  3  5  3  5  0.97381  2.05238  
0.73678  2.52644  3  5  3  5  1.97837  0.0432588  
1.43318  1.13364  3  5  3  5  1.0321  1.93579  
0.288835  3.42233  3  5  3  5  1.78492  0.430164  
1.3732  1.2536  3  5  3  5  0.646764  2.70647  
1.23316  1.53367  3  5  3  5  0.125224  3.74955  
1.67388  0.652235  3  5  3  5  0.838799  2.3224  
1.97943  0.0411452  3  5  3  5  1.01263  1.97473  
1.79534  0.409324  3  5  3  5  1.84915  0.301707  
0.656735  2.68653  3  5  3  5  0.509894  2.98021  
0.934985  2.13003  3  5  3  5  1.0711  1.85779  
0.494785  3.01043  3  5  3  5  1.67897  0.642061  
1.61344  0.773115  3  5  3  5  1.91361  0.172782  
1.3932  1.2136  3  5  3  5  1.61602  0.767955  
0.77666  2.44668  3  5  3  5  0.819606  2.36079  
0.351018  3.29796  3  5  3  5  1.82773  0.344532  
1.25317  1.49367  3  5  3  5  1.28884  1.42232  
1.13338  1.73325  3  5  3  5  0.877193  2.24561  
1.85646  0.287083  3  5  3  5  1.30895  1.3821  
0.636596  2.72681  3  5  3  5  0.723834  2.55233  
0.954762  2.09048  3  5  3  5  1.95674  0.0865121  
1.47316  1.05368  3  5  3  5  0.410988  3.17802  
1.75476  0.490475  3  5  3  5  0.915705  2.16859  
0.309604  3.38079  3  5  3  5  0.0418204  3.91636  
1.87688  0.246234  3  5  3  5  0.627417  2.74517  
0.696881  2.60624  3  5  3  5  0.228606  3.54279  
0.474369  3.05126  3  5  3  5  1.14967  1.70066  
1.21317  1.57365  3  5  3  5  0.935007  2.12999  
1.65372  0.692555  3  5  3  5  0.289867  3.42027  
0.616398  2.7672  3  5  3  5  0.430975  3.13805  
0.061461  3.87708  3  5  3  5  1.05157  1.89685  
0.676813  2.64637  3  5  3  5  1.59524  0.809511  
1.09359  1.81282  3  5  3  5  2  8.63797e-12  
0.0820119  3.83598  3  5  3  5  0.857941  2.28412  
1.63356  0.732875  3  5  3  5  0.187379  3.62524  
1.41319  1.17361  3  5  3  5  0.083576  3.83285  
0.371678  3.25664  3  5  3  5  1.3291  1.3418  
0.453842  3.09232  3  5  3  5  0.89644  2.20712  
0.0204551  3.95909  3  5  3  5  1.6579  0.684193  
0.816359  2.36728  3  5  3  5  0.490187  3.01963  
0.555737  2.88853  3  5  3  5  0.568964  2.86207  
1.07369  1.85262  3  5  3  5  1.76361  0.472772  
1.73448  0.531046  3  5  3  5  1.11029  1.77943  
1.15331  1.69338  3  5  3  5  1.5537  0.892605  
1.69404  0.611921  3  5  3  5  0.800469  2.39906  
0.14379  3.71242  3  5  3  5  1.16942  1.66116  
0.0409329  3.91813  3  5  3  5  0.207975  3.58405  
0.433433  3.13313  3  5  3  5  0.954408  2.09118  
0.756588  2.48682  3  5  3  5  0.607305  2.78539  
1.01417  1.97166  3  5  3  5  0.32915  3.3417  
0.226562  3.54688  3  5  3  5  1.72208  0.555849  
0.994343  2.01131  3  5  3  5  1.24966  1.50067  
1.05386  1.89228  3  5  3  5  1.2697  1.46061  
2  2.46827e-10  3  5  3  5  1.49277  1.01445  
0.535105  2.92979  3  5  3  5  1.8924  0.2152  
0.247297  3.50541  3  5  3  5  0.308903  3.38219  
1.83607  0.327854  3  5  3  5  0.349413  3.30117  
0.836148  2.3277  3  5  3  5  1.19001  1.61997  
0.595903  2.80819  3  5  3  5  1.87098  0.258038  
0.915245  2.16951  3  5  3  5  1.37042  1.25915  
1.03401  1.93198  3  5  3  5  1.93537  0.129262  
1.93836  0.123275  3  5  3  5  0.684954  2.63009  
1.33319  1.33362  3  5  3  5  0.268295  3.46341  
1.95889  0.082213  3  5  3  5  1.47223  1.05553  
0.164481  3.67104  3  5  3  5  0.704294  2.59141  
0.185137  3.62973  3  5  3  5  1.70092  0.598152  
1.53321  0.933585  3  5  3  5  1.39076  1.21848  
1.8974  0.205194  3  5  3  5  0.165828  3.66834  
1.19321  1.61358  3  5  3  5  1.80692  0.386159  
0.895505  2.20899  3  5  3  5  0.781269  2.43746  
1.45317  1.09366  3  5  3  5  1.53389  0.932214  
0.330137  3.33973  3  5  3  5  1.3501  1.29979  
1.3532  1.29361  3  5  3  5  1.43137  1.13726  
1.29317  1.41366  3  5  3  5  0.0624184  3.87516  
0.205843  3.58831  3  5  3  5  0.0208002  3.9584  
0.575646  2.84871  3  5  3  5  1.13072  1.73856  
0.796426  2.40715  3  5  3  5  1.41105  1.1779  
1.71434  0.571319  3  5  3  5  0.762047  2.47591  
1.31318  1.37364  3  5  3  5  1.09128  1.81744  
1.49318  1.01365  3  5  3  5  0.665573  2.66885  
1.17325  1.65349  3  5  3  5  1.57534  0.849312  
5.54183e-10  4  3  5  3  5  1.63783  0.724332  
1.59341  0.813185  3  5  3  5  1.51333  0.97334  
1.81571  0.368573  3  5  3  5  0.389701  3.2206  
1.51319  0.973616  3  5  3  5  1.22975  1.5405  
1.27317  1.45367  3  5  3  5  0.449499  3.101  
1.77511  0.449778  3  5  3  5  1.20984  1.58031  
0.716625  2.56675  3  5  3  5  0.103907  3.79219  
0.268038  3.46392  3  5  3  5  1.45179  1.09641  
1.91787  0.164256  3  5  3  5  4.72397e-10  4  
1.57331  0.853385  3  5  3  5  0.369534  3.26093  
0.974542  2.05092  3  5  3  5  0.993528  2.01294  
0.514759  2.97048  3  5  3  5  0.24794  3.50412  
1.11349  1.77301  3  5  3  5  0.548441  2.90312  
0.391993  3.21601  3  5  3  5  1.74328  0.513442  
0.102665  3.79467  3  5  3  5  0.58779  2.82442  
0.87575  2.2485  3  5  3  5  0.528748  2.9425  
0.412564  3.17487  3  5  3  5  0.742838  2.51432  
0.855973  2.28805  3  5  3  5  0.469385  3.06123  
1.55324  0.893512  3  5  3  5  0.145193  3.70961  
0.123222  3.75356  3  5  3  5  0.974089  2.05182  
0.736617  2.52677  3  5  3  5  1.97846  0.043072  
1.43318  1.13364  3  5  3  5  1.03253  1.93494  
0.288752  3.4225  3  5  3  5  1.78568  0.428648  
1.3732  1.2536  3  5  3  5  0.646191  2.70762  
1.23316  1.53367  3  5  3  5  0.124549  3.7509  
1.67393  0.652132  3  5  3  5  0.838883  2.32223  
1.97945  0.0410944  3  5  3  5  1.01299  1.97403  
1.79538  0.409242  3  5  3  5  1.84959  0.30081  
0.656457  2.68709  3  5  3  5  0.509063  2.98187  
0.934993  2.13001  3  5  3  5  1.07167  1.85666  
0.494391  3.01122  3  5  3  5  1.67988  0.640239  
1.61352  0.772954  3  5  3  5  1.91388  0.172244  
1.3932  1.21361  3  5  3  5  1.61695  0.766098  
0.776505  2.44699  3  5  3  5  0.819675  2.36065  
0.35079  3.29842  3  5  3  5  1.82821  0.343579  
1.25317  1.49367  3  5  3  5  1.28968  1.42065  
1.13339  1.73321  3  5  3  5  0.877389  2.24522  
1.85651  0.286972  3  5  3  5  1.30978  1.38043  
0.636289  2.72742  3  5  3  5  0.723574  2.55285  
0.954762  2.09048  3  5  3  5  1.95691  0.0861795  
1.47317  1.05366  3  5  3  5  0.409704  3.18059  
1.75482  0.49036  3  5  3  5  0.915985  2.16803  
0.309476  3.38105  3  5  3  5  0.0416231  3.91675  
1.87695  0.246101  3  5  3  5  0.626766  2.74647  
0.696611  2.60678  3  5  3  5  0.227433  3.54513  
0.474013  3.05197  3  5  3  5  1.15043  1.69915  
1.21318  1.57365  3  5  3  5  0.935297  2.12941  
1.65377  0.692453  3  5  3  5  0.288607  3.42279  
0.616096  2.76781  3  5  3  5  0.42964  3.14072  
0.0615289  3.87694  3  5  3  5  1.05211  1.89577  
0.676531  2.64694  3  5  3  5  1.59611  0.807775  
1.09362  1.81275  3  5  3  5  2  1.29235e-12  
0.0820802  3.83584  3  5  3  5  0.858108  2.28378  
1.63364  0.732716  3  5  3  5  0.18642  3.62716  
1.41319  1.17361  3  5  3  5  0.0831783  3.83364  
0.371421  3.25716  3  5  3  5  1.32994  1.34013  
0.453572  3.09286  3  5  3  5  0.896677  2.20665  
0.0204849  3.95903  3  5  3  5  1.65886  0.682279  
0.816312  2.36738  3  5  3  5  0.489257  3.02149  
0.555326  2.88935  3  5  3  5  0.568137  2.86373  
1.07374  1.85252  3  5  3  5  1.76448  0.471038  
1.73455  0.530904  3  5  3  5  1.111  1.77799  
1.15332  1.69337  3  5  3  5  1.5546  0.890793  
1.69412  0.611755  3  5  3  5  0.800469  2.39906  
0.143863  3.71227  3  5  3  5  1.17026  1.65948  
0.0409897  3.91802  3  5  3  5  0.206954  3.58609  
0.433103  3.13379  3  5  3  5  0.954734  2.09053  
