4.83502  5.83732  9.52789  9.18013  1.79769e+308  1.79769e+308  4.83502  5.83732  
7.14963  7.04919  9.52789  9.18013  1.79769e+308  1.79769e+308  7.14963  7.04919  
6.34837  5.30742  9.52789  9.18013  1.79769e+308  1.79769e+308  6.34837  5.30742  
4.99375  6.94577  9.52789  9.18013  1.79769e+308  1.79769e+308  4.99375  6.94577  
7.06775  6.2851  9.52789  9.18013  1.79769e+308  1.79769e+308  7.06775  6.2851  
4.4109  5.68839  9.52789  9.18013  1.79769e+308  1.79769e+308  4.4109  5.68839  
5.48863  6.16889  9.52789  9.18013  1.79769e+308  1.79769e+308  5.48863  6.16889  
4.56137  5.18141  9.52789  9.18013  1.79769e+308  1.79769e+308  4.56137  5.18141  
4.70181  5.95246  9.52789  9.18013  1.79769e+308  1.79769e+308  4.70181  5.95246  
6.13504  6.07942  9.52789  9.18013  1.79769e+308  1.79769e+308  6.13504  6.07942  
6.1528  6.36714  9.52789  9.18013  1.79769e+308  1.79769e+308  6.1528  6.36714  
4.73396  3.53265  9.52789  9.18013  1.79769e+308  1.79769e+308  4.73396  3.53265  
5.97108  6.48891  9.52789  9.18013  1.79769e+308  1.79769e+308  5.97108  6.48891  
5.90971  5.67636  9.52789  9.18013  1.79769e+308  1.79769e+308  5.90971  5.67636  
4.64933  7.60699  9.52789  9.18013  1.79769e+308  1.79769e+308  4.64933  7.60699  
7.35041  5.29397  9.52789  9.18013  1.79769e+308  1.79769e+308  7.35041  5.29397  
4.61793  5.30741  9.52789  9.18013  1.79769e+308  1.79769e+308  4.61793  5.30741  
6.79911  7.7412  9.52789  9.18013  1.79769e+308  1.79769e+308  6.79911  7.7412  
6.11788  5.36442  9.52789  9.18013  1.79769e+308  1.79769e+308  6.11788  5.36442  
5.67282  6.81696  9.52789  9.18013  1.79769e+308  1.79769e+308  5.67282  6.81696  
5.49266  4.21356  9.52789  9.18013  1.79769e+308  1.79769e+308  5.49266  4.21356  
6.35758  7.62914  9.52789  9.18013  1.79769e+308  1.79769e+308  6.35758  7.62914  
6.4953  6.32649  9.52789  9.18013  1.79769e+308  1.79769e+308  6.4953  6.32649  
7.02742  5.94617  9.52789  9.18013  1.79769e+308  1.79769e+308  7.02742  5.94617  
7.42797  4.49923  9.52789  9.18013  1.79769e+308  1.79769e+308  7.42797  4.49923  
5.97313  4.72103  9.52789  9.18013  1.79769e+308  1.79769e+308  5.97313  4.72103  
5.91075  5.84635  9.52789  9.18013  1.79769e+308  1.79769e+308  5.91075  5.84635  
6.64526  7.76317  9.52789  9.18013  1.79769e+308  1.79769e+308  6.64526  7.76317  
6.1125  5.13359  9.52789  9.18013  1.79769e+308  1.79769e+308  6.1125  5.13359  
7.3454  6.34785  9.52789  9.18013  1.79769e+308  1.79769e+308  7.3454  6.34785  
8.52789  5.77914  9.52789  9.18013  1.79769e+308  1.79769e+308  8.52789  5.77914  
3.49797  7.52434  9.52789  9.18013  1.79769e+308  1.79769e+308  3.49797  7.52434  
3.91438  7.44001  9.52789  9.18013  1.79769e+308  1.79769e+308  3.91438  7.44001  
4.70676  7.55186  9.52789  9.18013  1.79769e+308  1.79769e+308  4.70676  7.55186  
5.95691  7.01925  9.52789  9.18013  1.79769e+308  1.79769e+308  5.95691  7.01925  
4.77864  5.48779  9.52789  9.18013  1.79769e+308  1.79769e+308  4.77864  5.48779  
8.28534  6.88543  9.52789  9.18013  1.79769e+308  1.79769e+308  8.28534  6.88543  
5.68425  7.1176  9.52789  9.18013  1.79769e+308  1.79769e+308  5.68425  7.1176  
4.81474  5.41236  9.52789  9.18013  1.79769e+308  1.79769e+308  4.81474  5.41236  
7.87109  4.55826  9.52789  9.18013  1.79769e+308  1.79769e+308  7.87109  4.55826  
5.65526  6.73755  9.52789  9.18013  1.79769e+308  1.79769e+308  5.65526  6.73755  
5.74578  6.18953  9.52789  9.18013  1.79769e+308  1.79769e+308  5.74578  6.18953  
5.96874  5.98069  9.52789  9.18013  1.79769e+308  1.79769e+308  5.96874  5.98069  
5.16279  4.65201  9.52789  9.18013  1.79769e+308  1.79769e+308  5.16279  4.65201  
6.75213  6.85063  9.52789  9.18013  1.79769e+308  1.79769e+308  6.75213  6.85063  
5.50317  4.90059  9.52789  9.18013  1.79769e+308  1.79769e+308  5.50317  4.90059  
4.9034  5.09815  9.52789  9.18013  1.79769e+308  1.79769e+308  4.9034  5.09815  
7.69974  6.96163  9.52789  9.18013  1.79769e+308  1.79769e+308  7.69974  6.96163  
6.38567  4.14948  9.52789  9.18013  1.79769e+308  1.79769e+308  6.38567  4.14948  
5.95463  7.07716  9.52789  9.18013  1.79769e+308  1.79769e+308  5.95463  7.07716  
5.79471  7.6965  9.52789  9.18013  1.79769e+308  1.79769e+308  5.79471  7.6965  
6.41472  5.05958  9.52789  9.18013  1.79769e+308  1.79769e+308  6.41472  5.05958  
6.97472  6.10674  9.52789  9.18013  1.79769e+308  1.79769e+308  6.97472  6.10674  
5.84661  5.48398  9.52789  9.18013  1.79769e+308  1.79769e+308  5.84661  5.48398  
6.38921  3.99858  9.52789  9.18013  1.79769e+308  1.79769e+308  6.38921  3.99858  
5.87462  6.39237  9.52789  9.18013  1.79769e+308  1.79769e+308  5.87462  6.39237  
5.96444  5.19728  9.52789  9.18013  1.79769e+308  1.79769e+308  5.96444  5.19728  
6.98394  5.66865  9.52789  9.18013  1.79769e+308  1.79769e+308  6.98394  5.66865  
4.38835  6.51013  9.52789  9.18013  1.79769e+308  1.79769e+308  4.38835  6.51013  
6.39217  5.74617  9.52789  9.18013  1.79769e+308  1.79769e+308  6.39217  5.74617  
7.86826  5.26608  9.52789  9.18013  1.79769e+308  1.79769e+308  7.86826  5.26608  
6.97656  5.49788  9.52789  9.18013  1.79769e+308  1.79769e+308  6.97656  5.49788  
5.73323  5.24184  9.52789  9.18013  1.79769e+308  1.79769e+308  5.73323  5.24184  
4.93912  5.27452  9.52789  9.18013  1.79769e+308  1.79769e+308  4.93912  5.27452  
7.98912  5.17943  9.52789  9.18013  1.79769e+308  1.79769e+308  7.98912  5.17943  
5.00205  7.07196  9.52789  9.18013  1.79769e+308  1.79769e+308  5.00205  7.07196  
6.21808  5.96897  9.52789  9.18013  1.79769e+308  1.79769e+308  6.21808  5.96897  
7.5473  6.43796  9.52789  9.18013  1.79769e+308  1.79769e+308  7.5473  6.43796  
6.82801  6.96253  9.52789  9.18013  1.79769e+308  1.79769e+308  6.82801  6.96253  
8.43356  6.85983  9.52789  9.18013  1.79769e+308  1.79769e+308  8.43356  6.85983  
6.47828  8.18013  9.52789  9.18013  1.79769e+308  1.79769e+308  6.47828  8.18013  
7.29951  4.6368  9.52789  9.18013  1.79769e+308  1.79769e+308  7.29951  4.6368  
7.48215  4.45455  9.52789  9.18013  1.79769e+308  1.79769e+308  7.48215  4.45455  
7.05655  7.12824  9.52789  9.18013  1.79769e+308  1.79769e+308  7.05655  7.12824  
6.77395  5.45965  9.52789  9.18013  1.79769e+308  1.79769e+308  6.77395  5.45965  
6.29193  4.3254  9.52789  9.18013  1.79769e+308  1.79769e+308  6.29193  4.3254  
7.4105  4.51721  9.52789  9.18013  1.79769e+308  1.79769e+308  7.4105  4.51721  
8.39598  5.48883  9.52789  9.18013  1.79769e+308  1.79769e+308  8.39598  5.48883  
5.78301  5.15358  9.52789  9.18013  1.79769e+308  1.79769e+308  5.78301  5.15358  
6.19228  7.05916  9.52789  9.18013  1.79769e+308  1.79769e+308  6.19228  7.05916  
7.24079  4.57511  9.52789  9.18013  1.79769e+308  1.79769e+308  7.24079  4.57511  
5.46982  5.80818  9.52789  9.18013  1.79769e+308  1.79769e+308  5.46982  5.80818  
5.63695  5.10699  9.52789  9.18013  1.79769e+308  1.79769e+308  5.63695  5.10699  
7.11242  5.61605  9.52789  9.18013  1.79769e+308  1.79769e+308  7.11242  5.61605  
6.86663  4.91181  9.52789  9.18013  1.79769e+308  1.79769e+308  6.86663  4.91181  
5.28729  4.84863  9.52789  9.18013  1.79769e+308  1.79769e+308  5.28729  4.84863  
4.99956  7.80097  9.52789  9.18013  1.79769e+308  1.79769e+308  4.99956  7.80097  
5.80595  5.71188  9.52789  9.18013  1.79769e+308  1.79769e+308  5.80595  5.71188  
6.94002  5.66812  9.52789  9.18013  1.79769e+308  1.79769e+308  6.94002  5.66812  
5.90054  5.25462  9.52789  9.18013  1.79769e+308  1.79769e+308  5.90054  5.25462  
5.39313  5.77054  9.52789  9.18013  1.79769e+308  1.79769e+308  5.39313  5.77054  
5.28473  7.37713  9.52789  9.18013  1.79769e+308  1.79769e+308  5.28473  7.37713  
6.68019  5.67784  9.52789  9.18013  1.79769e+308  1.79769e+308  6.68019  5.67784  
5.94072  6.09037  9.52789  9.18013  1.79769e+308  1.79769e+308  5.94072  6.09037  
5.7045  6.13033  9.52789  9.18013  1.79769e+308  1.79769e+308  5.7045  6.13033  
6.25974  5.51538  9.52789  9.18013  1.79769e+308  1.79769e+308  6.25974  5.51538  
6.26709  5.99112  9.52789  9.18013  1.79769e+308  1.79769e+308  6.26709  5.99112  
6.47397  5.64231  9.52789  9.18013  1.79769e+308  1.79769e+308  6.47397  5.64231  
4.30314  5.57276  9.52789  9.18013  1.79769e+308  1.79769e+308  4.30314  5.57276  
6.06924  6.85904  9.52789  9.18013  1.79769e+308  1.79769e+308  6.06924  6.85904  
1.16093  1.11857  8.94685  9.47474  5.8179  6.11448  3.82928  5.65988  
1.04579  2.56828  8.94685  9.47474  5.8179  6.11448  0.715757  5.00612  
1.50436  4.98589  8.94685  9.47474  5.8179  6.11448  4.29552  3.56081  
4.73396  3.53265  8.94685  9.47474  5.8179  6.11448  3.49331  5.7219  
1.16093  1.11857  8.94685  9.47474  5.8179  6.11448  1.78036  1.43965  
0.46603  2.01605  8.94685  9.47474  5.8179  6.11448  2.80251  4.59429  
1.79457  1.01784  8.94685  9.47474  5.8179  6.11448  0.46602  2.01605  
4.56137  5.11448  8.94685  9.47474  5.8179  6.11448  5.15542  6.90658  
4.56137  5.11448  8.94685  9.47474  5.8179  6.11448  5.91241  4.4831  
0.231431  2.36521  8.94685  9.47474  5.8179  6.11448  5.81041  6.06171  
1.04579  2.56828  8.94685  9.47474  5.8179  6.11448  3.19283  4.13674  
4.73396  3.53265  8.94685  9.47474  5.8179  6.11448  3.90402  1.70574  
1.79457  1.01784  8.94685  9.47474  5.8179  6.11448  0.403952  3.87953  
1.50436  4.98589  8.94685  9.47474  5.8179  6.11448  2.17367  0.605308  
0.278858  3.0269  8.94685  9.47474  5.8179  6.11448  3.57276  4.25874  
0.889062  1.64126  8.94685  9.47474  5.8179  6.11448  4.36854  3.766  
2.29203  0.0507649  8.94685  9.47474  5.8179  6.11448  7.14767  7.9927  
1.16093  1.11712  8.94685  9.47474  5.8179  6.11448  5.07213  2.55697  
0.528146  1.75188  8.94685  9.47474  5.8179  6.11448  2.72999  2.06819  
1.50438  2.39958  8.94685  9.47474  5.8179  6.11448  3.09068  3.54488  
0.20901  2.95025  8.94685  9.47474  5.8179  6.11448  0.508098  2.81225  
0.209021  2.95026  8.94685  9.47474  5.8179  6.11448  6.5908  4.71955  
1.79457  1.0172  8.94685  9.47474  5.8179  6.11448  3.65059  6.78364  
1.76622  0.195052  8.94685  9.47474  5.8179  6.11448  7.94685  4.49789  
0.528146  1.75188  8.94685  9.47474  5.8179  6.11448  5.11258  1.14506  
1.16093  1.11477  8.94685  9.47474  5.8179  6.11448  1.79334  7.231  
1.53373  0.195074  8.94685  9.47474  5.8179  6.11448  5.26969  5.67417  
0.466025  2.01605  8.94685  9.47474  5.8179  6.11448  4.85982  5.03955  
0.278858  3.01577  8.94685  9.47474  5.8179  6.11448  5.79524  3.76662  
1.34836  0.195075  8.94685  9.47474  5.8179  6.11448  6.02896  3.45241  
0.278915  2.95025  8.94685  9.47474  5.8179  6.11448  4.03543  4.15536  
0.946702  1.64122  8.94685  9.47474  5.8179  6.11448  3.89793  2.57551  
0.307655  2.54874  8.94685  9.47474  5.8179  6.11448  4.57779  6.21018  
1.0496  1.6413  8.94685  9.47474  5.8179  6.11448  2.15676  6.43639  
0.46602  2.01605  8.94685  9.47474  5.8179  6.11448  4.39552  2.8768  
0.88906  1.65953  8.94685  9.47474  5.8179  6.11448  0.842778  3.12702  
0.46615  2.01605  8.94685  9.47474  5.8179  6.11448  2.10103  2.89009  
0.209041  2.95025  8.94685  9.47474  5.8179  6.11448  4.1881  2.90606  
1.51453  0.195113  8.94685  9.47474  5.8179  6.11448  3.02294  6.82599  
1.34833  0.195074  8.94685  9.47474  5.8179  6.11448  7.80106  6.75289  
0.527857  1.75135  8.94685  9.47474  5.8179  6.11448  1.73256  2.96965  
4.73398  2.00275  8.94685  9.47474  5.8179  6.11448  2.46702  5.79972  
0.290427  2.95025  8.94685  9.47474  5.8179  6.11448  6.74221  5.12639  
4.5614  0.675739  8.94685  9.47474  5.8179  6.11448  0.889062  1.64126  
4.56139  0.7376  8.94685  9.47474  5.8179  6.11448  5.52153  4.56902  
1.50566  1.1147  8.94685  9.47474  5.8179  6.11448  2.69377  0.80065  
4.56138  4.80597  8.94685  9.47474  5.8179  6.11448  2.32201  4.65858  
0.466033  2.01605  8.94685  9.47474  5.8179  6.11448  6.52143  7.82116  
4.73397  2.25046  8.94685  9.47474  5.8179  6.11448  6.67484  3.49162  
1.01053  1.57342  8.94685  9.47474  5.8179  6.11448  4.94172  5.02345  
4.73888  0.115733  8.94685  9.47474  5.8179  6.11448  2.60943  4.27581  
4.73402  0.115808  8.94685  9.47474  5.8179  6.11448  2.7829  2.17679  
1.51983  0.195074  8.94685  9.47474  5.8179  6.11448  2.85741  4.21954  
4.8179  0.115725  8.94685  9.47474  5.8179  6.11448  6.37582  7.76637  
1.04825  1.64138  8.94685  9.47474  5.8179  6.11448  2.13713  0.0507649  
0.217497  2.9502  8.94685  9.47474  5.8179  6.11448  5.3449  5.66197  
0.889062  1.64126  8.94685  9.47474  5.8179  6.11448  4.45267  5.29733  
0.209001  2.95028  8.94685  9.47474  5.8179  6.11448  6.18186  1.91172  
1.78566  0.195051  8.94685  9.47474  5.8179  6.11448  1.72787  5.45416  
4.73398  0.788773  8.94685  9.47474  5.8179  6.11448  3.82516  8.16283  
0.528241  1.75135  8.94685  9.47474  5.8179  6.11448  2.39228  6.34648  
1.04579  1.64564  8.94685  9.47474  5.8179  6.11448  6.76574  5.07019  
0.5282  1.75136  8.94685  9.47474  5.8179  6.11448  3.80881  4.81523  
1.15773  1.11368  8.94685  9.47474  5.8179  6.11448  1.59092  2.72857  
0.216179  2.95023  8.94685  9.47474  5.8179  6.11448  4.72432  7.16331  
0.555073  1.7513  8.94685  9.47474  5.8179  6.11448  5.41381  4.99224  
4.5614  0.115757  8.94685  9.47474  5.8179  6.11448  2.49955  3.60286  
1.20783  1.11367  8.94685  9.47474  5.8179  6.11448  1.34833  0.195072  
1.32969  0.329834  8.94685  9.47474  5.8179  6.11448  4.461  2.08829  
4.56139  0.676025  8.94685  9.47474  5.8179  6.11448  6.30807  5.54405  
4.56171  0.115727  8.94685  9.47474  5.8179  6.11448  4.57311  3.37418  
0.82331  1.70818  8.94685  9.47474  5.8179  6.11448  1.90167  1.84197  
0.674212  1.75058  8.94685  9.47474  5.8179  6.11448  2.81922  5.65469  
4.74134  0.115726  8.94685  9.47474  5.8179  6.11448  1.1907  1.59186  
1.34833  0.195072  8.94685  9.47474  5.8179  6.11448  3.14582  2.09792  
0.20995  2.95024  8.94685  9.47474  5.8179  6.11448  4.77614  4.37985  
1.16097  1.11373  8.94685  9.47474  5.8179  6.11448  2.91849  5.37167  
0.528165  1.7514  8.94685  9.47474  5.8179  6.11448  0.583634  3.78413  
4.73979  0.115728  8.94685  9.47474  5.8179  6.11448  2.34599  4.97693  
2.13713  0.0507649  8.94685  9.47474  5.8179  6.11448  3.52596  2.15076  
1.0465  1.6415  8.94685  9.47474  5.8179  6.11448  4.58209  5.47731  
4.56248  0.115725  8.94685  9.47474  5.8179  6.11448  3.42937  3.33238  
1.34838  0.195072  8.94685  9.47474  5.8179  6.11448  7.27568  6.65337  
4.73401  0.786558  8.94685  9.47474  5.8179  6.11448  5.81995  4.71166  
1.04611  1.6431  8.94685  9.47474  5.8179  6.11448  4.5754  3.89754  
1.50603  0.904905  8.94685  9.47474  5.8179  6.11448  7.85077  8.47474  
1.81042  0.195052  8.94685  9.47474  5.8179  6.11448  5.77397  5.88913  
1.79457  0.195052  8.94685  9.47474  5.8179  6.11448  2.62835  1.75503  
1.50441  1.42888  8.94685  9.47474  5.8179  6.11448  6.62381  4.15781  
0.278861  3.01511  8.94685  9.47474  5.8179  6.11448  7.8306  6.89047  
1.51835  0.195075  8.94685  9.47474  5.8179  6.11448  1.9614  4.72894  
1.50737  0.195181  8.94685  9.47474  5.8179  6.11448  4.80929  5.53101  
0.844978  1.66788  8.94685  9.47474  5.8179  6.11448  3.79737  3.22772  
0.278997  2.95025  8.94685  9.47474  5.8179  6.11448  2.10333  2.27214  
1.05049  1.30825  8.94685  9.47474  5.8179  6.11448  3.41251  2.32153  
0.528147  1.75149  8.94685  9.47474  5.8179  6.11448  0.527857  1.75135  
1.16093  1.1147  8.94685  9.47474  5.8179  6.11448  6.45838  6.99927  
1.16104  1.11368  8.94685  9.47474  5.8179  6.11448  4.23428  0.453553  
1.16096  1.11438  8.94685  9.47474  5.8179  6.11448  4.10203  3.25441  
0.278859  3.01515  8.94685  9.47474  5.8179  6.11448  4.12179  4.30436  
1.16093  1.11857  9.28003  7.72104  7.29435  6.11448  0.0501153  2.90054  
1.04579  2.56828  9.28003  7.72104  7.29435  6.11448  0.864357  2.8655  
2.1343  0.0501598  9.28003  7.72104  7.29435  6.11448  1.60988  3.55329  
4.73396  3.53265  9.28003  7.72104  7.29435  6.11448  1.50184  3.60601  
1.16093  1.11857  9.28003  7.72104  7.29435  6.11448  4.66158  0.544494  
2.13464  0.050667  9.28003  7.72104  7.29435  6.11448  0.821445  4.02855  
1.79457  1.01784  9.28003  7.72104  7.29435  6.11448  1.80468  1.77034  
4.56137  5.11448  9.28003  7.72104  7.29435  6.11448  1.84597  3.11503  
4.56137  5.11448  9.28003  7.72104  7.29435  6.11448  0.152586  3.64269  
2.13464  0.050667  9.28003  7.72104  7.29435  6.11448  3.73958  1.94519  
1.04579  2.56828  9.28003  7.72104  7.29435  6.11448  2.15172  4.98332  
4.73396  3.53265  9.28003  7.72104  7.29435  6.11448  2.05728  2.73209  
1.79457  1.01784  9.28003  7.72104  7.29435  6.11448  2.67204  0.637542  
2.1343  0.0501598  9.28003  7.72104  7.29435  6.11448  0.29027  1.72125  
6.29435  0.0501598  9.28003  7.72104  7.29435  6.11448  0.209451  1.32559  
2.13524  0.0501598  9.28003  7.72104  7.29435  6.11448  2.4325  0.338046  
2.13574  0.0501591  9.28003  7.72104  7.29435  6.11448  1.32346  4.1626  
1.16093  1.11712  9.28003  7.72104  7.29435  6.11448  1.11269  6.16313  
0.437011  1.18356  9.28003  7.72104  7.29435  6.11448  2.57804  2.5202  
0.208984  1.3901  9.28003  7.72104  7.29435  6.11448  3.21162  2.36288  
1.13332  0.390194  9.28003  7.72104  7.29435  6.11448  2.66017  2.40418  
0.208984  1.3901  9.28003  7.72104  7.29435  6.11448  0.959199  3.61506  
1.79457  1.0172  9.28003  7.72104  7.29435  6.11448  1.55853  3.58162  
1.13396  0.390194  9.28003  7.72104  7.29435  6.11448  1.73344  4.23045  
2.1343  0.0501598  9.28003  7.72104  7.29435  6.11448  3.72276  0.852165  
1.16093  1.11477  9.28003  7.72104  7.29435  6.11448  3.15341  0.693621  
2.1343  0.0501598  9.28003  7.72104  7.29435  6.11448  1.05585  4.72419  
1.13352  0.390196  9.28003  7.72104  7.29435  6.11448  4.49942  0.405957  
0.435615  1.18366  9.28003  7.72104  7.29435  6.11448  1.50307  3.22511  
1.13343  0.390196  9.28003  7.72104  7.29435  6.11448  1.61818  3.45818  
0.444105  1.18356  9.28003  7.72104  7.29435  6.11448  3.13404  2.5687  
0.0501144  2.96747  9.28003  7.72104  7.29435  6.11448  4.28383  1.28023  
1.11909  0.684036  9.28003  7.72104  7.29435  6.11448  2.62438  2.99576  
0.215082  1.32559  9.28003  7.72104  7.29435  6.11448  3.03099  2.07349  
1.13332  0.390194  9.28003  7.72104  7.29435  6.11448  1.66432  6.03898  
1.34782  0.130337  9.28003  7.72104  7.29435  6.11448  2.52829  1.27941  
2.1159  0.058593  9.28003  7.72104  7.29435  6.11448  8.28003  1.07212  
5.80688  0.0774905  9.28003  7.72104  7.29435  6.11448  1.16746  2.08764  
0.0501153  2.90054  9.28003  7.72104  7.29435  6.11448  5.61628  0.536801  
1.13331  0.520358  9.28003  7.72104  7.29435  6.11448  0.738324  4.07606  
1.11918  0.682199  9.28003  7.72104  7.29435  6.11448  2.17422  2.43937  
4.73398  2.00275  9.28003  7.72104  7.29435  6.11448  1.86964  1.90959  
0.209451  1.32559  9.28003  7.72104  7.29435  6.11448  2.81156  1.64667  
4.5614  0.675739  9.28003  7.72104  7.29435  6.11448  2.97878  2.67281  
4.56139  0.7376  9.28003  7.72104  7.29435  6.11448  1.07625  1.25668  
0.0501153  2.90054  9.28003  7.72104  7.29435  6.11448  3.67403  0.551946  
4.56138  4.80597  9.28003  7.72104  7.29435  6.11448  2.8993  2.7241  
1.13331  0.533494  9.28003  7.72104  7.29435  6.11448  0.157767  2.47578  
4.73397  2.25046  9.28003  7.72104  7.29435  6.11448  0.859921  2.9809  
1.08323  1.20299  9.28003  7.72104  7.29435  6.11448  0.581099  3.61389  
4.73888  0.115733  9.28003  7.72104  7.29435  6.11448  3.63446  2.0835  
4.73402  0.115808  9.28003  7.72104  7.29435  6.11448  1.72954  3.06817  
0.208984  1.42877  9.28003  7.72104  7.29435  6.11448  4.5029  1.73739  
4.8179  0.115725  9.28003  7.72104  7.29435  6.11448  3.93177  0.205104  
1.27941  0.133286  9.28003  7.72104  7.29435  6.11448  2.1343  0.0501598  
0.205015  2.24656  9.28003  7.72104  7.29435  6.11448  1.51754  2.77228  
5.7535  0.077535  9.28003  7.72104  7.29435  6.11448  0.390193  3.89712  
0.208983  1.43594  9.28003  7.72104  7.29435  6.11448  0.566064  3.74505  
0.43865  1.18356  9.28003  7.72104  7.29435  6.11448  4.21481  1.35953  
4.73398  0.788773  9.28003  7.72104  7.29435  6.11448  6.06034  1.39004  
1.34781  0.130386  9.28003  7.72104  7.29435  6.11448  2.21847  3.52393  
1.04579  1.64564  9.28003  7.72104  7.29435  6.11448  1.49337  4.0651  
1.96659  0.167477  9.28003  7.72104  7.29435  6.11448  0.725651  1.87979  
0.435617  1.18356  9.28003  7.72104  7.29435  6.11448  1.22934  0.65165  
2.01954  0.133813  9.28003  7.72104  7.29435  6.11448  1.35396  1.81606  
0.435487  1.18356  9.28003  7.72104  7.29435  6.11448  0.601321  2.5408  
4.5614  0.115757  9.28003  7.72104  7.29435  6.11448  5.5417  1.32957  
1.13331  0.409265  9.28003  7.72104  7.29435  6.11448  0.732811  1.61644  
1.30916  0.13054  9.28003  7.72104  7.29435  6.11448  2.56638  2.86488  
4.56139  0.676025  9.28003  7.72104  7.29435  6.11448  1.9372  2.78131  
4.56171  0.115727  9.28003  7.72104  7.29435  6.11448  3.74823  0.255267  
5.85312  0.0774603  9.28003  7.72104  7.29435  6.11448  1.71969  2.37135  
1.16443  0.390194  9.28003  7.72104  7.29435  6.11448  4.04242  1.46402  
4.74134  0.115726  9.28003  7.72104  7.29435  6.11448  1.13332  0.390194  
0.238106  1.32543  9.28003  7.72104  7.29435  6.11448  2.64172  2.05124  
2.13465  0.0501598  9.28003  7.72104  7.29435  6.11448  2.55646  2.16781  
1.16097  1.11373  9.28003  7.72104  7.29435  6.11448  1.11909  0.684036  
0.428308  1.21081  9.28003  7.72104  7.29435  6.11448  4.97822  1.73089  
4.73979  0.115728  9.28003  7.72104  7.29435  6.11448  2.53048  2.6267  
0.152808  2.3744  9.28003  7.72104  7.29435  6.11448  3.26981  2.26236  
5.72942  0.0951147  9.28003  7.72104  7.29435  6.11448  1.82624  3.27467  
4.56248  0.115725  9.28003  7.72104  7.29435  6.11448  3.28645  1.20058  
1.13352  0.390194  9.28003  7.72104  7.29435  6.11448  3.57785  1.88543  
4.73401  0.786558  9.28003  7.72104  7.29435  6.11448  2.45131  1.54627  
1.0458  1.60288  9.28003  7.72104  7.29435  6.11448  2.24802  1.83831  
1.16098  0.390194  9.28003  7.72104  7.29435  6.11448  2.04809  1.8183  
1.80898  0.172296  9.28003  7.72104  7.29435  6.11448  1.74133  1.17926  
1.79457  0.195052  9.28003  7.72104  7.29435  6.11448  1.23481  3.09762  
1.35776  0.130314  9.28003  7.72104  7.29435  6.11448  1.40916  2.55297  
0.404362  1.26787  9.28003  7.72104  7.29435  6.11448  1.62731  6.72104  
1.07625  1.25668  9.28003  7.72104  7.29435  6.11448  1.97587  3.84585  
0.209173  1.34083  9.28003  7.72104  7.29435  6.11448  3.45913  1.53418  
2.13464  0.050184  9.28003  7.72104  7.29435  6.11448  1.41934  4.0229  
1.34769  0.130481  9.28003  7.72104  7.29435  6.11448  1.58774  0.470952  
1.05049  1.30825  9.28003  7.72104  7.29435  6.11448  1.91113  5.91969  
0.106342  2.90053  9.28003  7.72104  7.29435  6.11448  0.435487  1.18356  
1.16093  1.1147  9.28003  7.72104  7.29435  6.11448  2.94451  0.682264  
1.16098  0.524503  9.28003  7.72104  7.29435  6.11448  6.23473  1.76717  
1.16096  1.11438  9.28003  7.72104  7.29435  6.11448  2.20926  2.83  
1.08622  0.888969  9.28003  7.72104  7.29435  6.11448  3.11063  2.73935  
1.16093  1.11857  5.43277  5.18995  5.57003  6.11448  1.28991  0.448255  
1.04579  2.56828  5.43277  5.18995  5.57003  6.11448  1.04866  1.91151  
0.00470047  1.197  5.43277  5.18995  5.57003  6.11448  0.214239  2.62959  
1.34832  1.10028e-05  5.43277  5.18995  5.57003  6.11448  0.819909  0.600527  
1.16093  1.11857  5.43277  5.18995  5.57003  6.11448  1.19256  1.30551  
2.13464  0.050667  5.43277  5.18995  5.57003  6.11448  2.87136  0.351453  
1.76872  0.000450437  5.43277  5.18995  5.57003  6.11448  2.76392  0.090695  
4.56137  5.11448  5.43277  5.18995  5.57003  6.11448  0.307585  2.46505  
4.56137  5.11448  5.43277  5.18995  5.57003  6.11448  3.16092  0.767399  
2.13464  0.050667  5.43277  5.18995  5.57003  6.11448  0.575114  2.05729  
1.04579  2.56828  5.43277  5.18995  5.57003  6.11448  3.60876  0.00303758  
0.00470047  1.197  5.43277  5.18995  5.57003  6.11448  2.15866  1.70385e-05  
1.34831  0.000109008  5.43277  5.18995  5.57003  6.11448  2.59932  0.256594  
1.34832  1.10028e-05  5.43277  5.18995  5.57003  6.11448  0.213469  1.39054  
1.00013  2.55817e-06  5.43277  5.18995  5.57003  6.11448  0.509335  0.960538  
1.0715  1.25211e-05  5.43277  5.18995  5.57003  6.11448  1.71929  0.311259  
1.00137  2.22325e-06  5.43277  5.18995  5.57003  6.11448  1.83572  0.787843  
1.16093  1.11712  5.43277  5.18995  5.57003  6.11448  1.79274  0.720409  
1.13934  2.89762e-06  5.43277  5.18995  5.57003  6.11448  0.818698  0.953447  
0.00470253  1.14532  5.43277  5.18995  5.57003  6.11448  1.05739  3.03813  
1.77738  7.87009e-05  5.43277  5.18995  5.57003  6.11448  3.37602  0.712258  
1.01038  2.18777e-06  5.43277  5.18995  5.57003  6.11448  1.01144  0.947773  
1.0103  2.22325e-06  5.43277  5.18995  5.57003  6.11448  0.791417  2.16647  
1.00001  2.55817e-06  5.43277  5.18995  5.57003  6.11448  4.43277  0.0651408  
0.552911  0.905282  5.43277  5.18995  5.57003  6.11448  2.15276  0.327446  
1.16093  1.11477  5.43277  5.18995  5.57003  6.11448  3.7175  0.600839  
3.77932e-06  1.45512  5.43277  5.18995  5.57003  6.11448  1.70863  0.688476  
1.76872  0.0001284  5.43277  5.18995  5.57003  6.11448  1.3968  1.65764  
5.83211e-06  1.13008  5.43277  5.18995  5.57003  6.11448  2.25936  0.191277  
1.07187  2.98508e-06  5.43277  5.18995  5.57003  6.11448  2.40566  0.675726  
0.552911  0.905282  5.43277  5.18995  5.57003  6.11448  3.46987  0.275049  
0.509335  0.960538  5.43277  5.18995  5.57003  6.11448  1.65452  0.122326  
0.509335  0.960538  5.43277  5.18995  5.57003  6.11448  0.711859  1.63673  
4.56174  0.0309404  5.43277  5.18995  5.57003  6.11448  0.4436  2.31155  
1.00001  0.000518714  5.43277  5.18995  5.57003  6.11448  0.665142  1.51807  
0.0102237  1.00002  5.43277  5.18995  5.57003  6.11448  1.50786  0.963744  
2.13629  8.45631e-05  5.43277  5.18995  5.57003  6.11448  2.91046  0.662836  
0.861654  0.600527  5.43277  5.18995  5.57003  6.11448  2.03678  2.86771  
2.07078  3.90032e-06  5.43277  5.18995  5.57003  6.11448  0.0565403  1.15035  
4.56687  0.0068818  5.43277  5.18995  5.57003  6.11448  0.640246  1.33761  
1.10662e-05  1.00002  5.43277  5.18995  5.57003  6.11448  0.552242  0.903806  
1.3682  2.89762e-06  5.43277  5.18995  5.57003  6.11448  1.8116  0.709345  
1.04726  2.22325e-06  5.43277  5.18995  5.57003  6.11448  2.2714  0.000252969  
1.04694  2.98508e-06  5.43277  5.18995  5.57003  6.11448  0.97839  2.18119  
4.56138  0.266966  5.43277  5.18995  5.57003  6.11448  0.450906  3.78719  
0.53493  0.907198  5.43277  5.18995  5.57003  6.11448  0.0654286  2.83906  
4.56138  3.45852  5.43277  5.18995  5.57003  6.11448  1.27747  1.06427  
1.01477  2.22325e-06  5.43277  5.18995  5.57003  6.11448  3.50706  0.243227  
1.07291  2.22325e-06  5.43277  5.18995  5.57003  6.11448  1.28889  1.34019  
0.00474787  1.00009  5.43277  5.18995  5.57003  6.11448  0.545353  1.03255  
1.34856  3.5576e-06  5.43277  5.18995  5.57003  6.11448  0.409061  3.87597  
1.02579  2.18777e-06  5.43277  5.18995  5.57003  6.11448  2.58665  0.996756  
0.848928  0.600527  5.43277  5.18995  5.57003  6.11448  1.87646  1.18019  
1.16154  2.22325e-06  5.43277  5.18995  5.57003  6.11448  2.72762  0.568717  
1.0715  3.14924e-06  5.43277  5.18995  5.57003  6.11448  1.43763  0.0501094  
1.04581  0.329841  5.43277  5.18995  5.57003  6.11448  1.92197  0.364072  
0.462371  1.00002  5.43277  5.18995  5.57003  6.11448  0.0511191  2.58352  
1.13687e-05  1.00002  5.43277  5.18995  5.57003  6.11448  0.226197  1.69541  
2.23177  1.09258e-05  5.43277  5.18995  5.57003  6.11448  0.657102  4.18995  
4.57003  0.00106568  5.43277  5.18995  5.57003  6.11448  3.01738  0.887423  
0.510783  0.960533  5.43277  5.18995  5.57003  6.11448  1.39125  1.3101  
1.04579  1.64564  5.43277  5.18995  5.57003  6.11448  3.95672  0.326445  
1.16101  0.000237945  5.43277  5.18995  5.57003  6.11448  1.43347  0.832901  
0.554543  0.903806  5.43277  5.18995  5.57003  6.11448  1.22366  0.64459  
0.00289504  1.00002  5.43277  5.18995  5.57003  6.11448  1.88489  0.764813  
2.16297  1.58539e-05  5.43277  5.18995  5.57003  6.11448  0.55041  1.88423  
4.5614  0.115757  5.43277  5.18995  5.57003  6.11448  1.25284  0.859034  
1.44886  2.22325e-06  5.43277  5.18995  5.57003  6.11448  0.641394  0.948979  
0.817361  0.821489  5.43277  5.18995  5.57003  6.11448  0.412051  2.93089  
0.758929  0.83583  5.43277  5.18995  5.57003  6.11448  1.47762  1.12868  
4.56159  0.067574  5.43277  5.18995  5.57003  6.11448  1.00001  2.18777e-06  
0.552242  0.903806  5.43277  5.18995  5.57003  6.11448  1.84063  1.48972  
1.83  3.78065e-05  5.43277  5.18995  5.57003  6.11448  3.32341  0.425998  
1.19078  2.18777e-06  5.43277  5.18995  5.57003  6.11448  1.19208  0.181776  
0.00470135  1.19508  5.43277  5.18995  5.57003  6.11448  1.03486  1.20338  
2.13465  0.0500862  5.43277  5.18995  5.57003  6.11448  1.11895  0.82923  
2.15866  1.70385e-05  5.43277  5.18995  5.57003  6.11448  1.58036e-05  2.42071  
1.16111  3.24561e-06  5.43277  5.18995  5.57003  6.11448  2.28136  0.338503  
0.00492238  1.00002  5.43277  5.18995  5.57003  6.11448  1.81568  0.476943  
0.509329  0.978519  5.43277  5.18995  5.57003  6.11448  1.11325  1.95506  
0.819909  0.600527  5.43277  5.18995  5.57003  6.11448  0.509756  2.50459  
2.13954  6.22392e-05  5.43277  5.18995  5.57003  6.11448  1.11018  2.364  
1.76875  8.62864e-05  5.43277  5.18995  5.57003  6.11448  4.11483  0.569239  
2.13525  8.59328e-05  5.43277  5.18995  5.57003  6.11448  0.0533809  1.80077  
1.0458  1.60288  5.43277  5.18995  5.57003  6.11448  0.630253  3.33719  
1.13993  2.01582e-06  5.43277  5.18995  5.57003  6.11448  0.105544  2.2202  
0.00475337  1.00004  5.43277  5.18995  5.57003  6.11448  1.27234  0.92793  
1.76872  0.000107792  5.43277  5.18995  5.57003  6.11448  0.296421  2.08581  
0.858234  0.600527  5.43277  5.18995  5.57003  6.11448  2.22726  1.22908  
0.819908  0.600721  5.43277  5.18995  5.57003  6.11448  2.69779  0.942405  
1.34832  4.46473e-06  5.43277  5.18995  5.57003  6.11448  2.54356  1.02994  
1.16103  9.75185e-06  5.43277  5.18995  5.57003  6.11448  1.10662e-05  1.00002  
2.13464  0.050184  5.43277  5.18995  5.57003  6.11448  2.76617  0.40156  
0.00471272  1.13262  5.43277  5.18995  5.57003  6.11448  1.00905  0.460149  
2.13478  0.000118536  5.43277  5.18995  5.57003  6.11448  0.515922  1.30115  
1.35475  3.24561e-06  5.43277  5.18995  5.57003  6.11448  0.363521  1.05066  
1.16094  1.00483  5.43277  5.18995  5.57003  6.11448  1.13636  0.961065  
0.55367  0.903806  5.43277  5.18995  5.57003  6.11448  2.41289  0.820298  
1.16094  0.00330428  5.43277  5.18995  5.57003  6.11448  3.24083  0.758054  
1.04608  3.38413e-06  5.43277  5.18995  5.57003  6.11448  1.34987  1.43526  
1.16093  1.11857  3.01979  4.71334  6.10952  6.11448  8.64004e-13  1.94659  
0.900736  0.165616  3.01979  4.71334  6.10952  6.11448  1.27865  0.260499  
1.07677e-07  1.00172  3.01979  4.71334  6.10952  6.11448  0.825899  0.745999  
1.34832  1.10028e-05  3.01979  4.71334  6.10952  6.11448  0.735782  0.329102  
1.16093  1.11857  3.01979  4.71334  6.10952  6.11448  1.36072  5.47915e-05  
2.13464  0.050667  3.01979  4.71334  6.10952  6.11448  1.55753  1.19297e-07  
1.76872  0.000450437  3.01979  4.71334  6.10952  6.11448  7.7387e-13  2.28087  
4.56137  5.11448  3.01979  4.71334  6.10952  6.11448  1  0.585541  
4.56137  5.11448  3.01979  4.71334  6.10952  6.11448  0.736917  0.589868  
2.13464  0.050667  3.01979  4.71334  6.10952  6.11448  4.28565e-10  2.32684  
0.974619  0.104006  3.01979  4.71334  6.10952  6.11448  9.78376e-13  1.63191  
5.89387e-08  1  3.01979  4.71334  6.10952  6.11448  0.360436  1.25113  
2.6245e-12  2.90244  3.01979  4.71334  6.10952  6.11448  1.28012  8.39741e-09  
0.974619  0.104006  3.01979  4.71334  6.10952  6.11448  0.212658  1.38978  
1  3.02482e-07  3.01979  4.71334  6.10952  6.11448  0.278608  1.00067  
7.41668e-08  1.00111  3.01979  4.71334  6.10952  6.11448  1.00999e-12  1.32626  
1  3.10228e-07  3.01979  4.71334  6.10952  6.11448  1.8086  9.20021e-09  
1.16093  0.947987  3.01979  4.71334  6.10952  6.11448  2.16217e-09  1.52044  
1.11114e-07  1  3.01979  4.71334  6.10952  6.11448  1.52448e-12  1.32538  
0.702271  0.756875  3.01979  4.71334  6.10952  6.11448  1.58392  1.58022e-08  
2.1362  4.16566e-08  3.01979  4.71334  6.10952  6.11448  6.3326e-08  1.52028  
0.0500682  0.950045  3.01979  4.71334  6.10952  6.11448  1.27867  4.9361e-09  
1  0.000732718  3.01979  4.71334  6.10952  6.11448  0.2786  1.26008  
1  5.4442e-07  3.01979  4.71334  6.10952  6.11448  5.25983e-09  1.5941  
9.86412e-08  1  3.01979  4.71334  6.10952  6.11448  1.29987  0.0503995  
1.16093  0.840511  3.01979  4.71334  6.10952  6.11448  0.409977  0.800707  
1  0.00108865  3.01979  4.71334  6.10952  6.11448  9.58262e-13  1.95864  
1.76872  0.0001284  3.01979  4.71334  6.10952  6.11448  0.00151929  1.52007  
3.55955e-11  1.33802  3.01979  4.71334  6.10952  6.11448  1.27871  0.260073  
0.0500492  0.950068  3.01979  4.71334  6.10952  6.11448  1.00019  0.260105  
1  0.0434148  3.01979  4.71334  6.10952  6.11448  1  0.330421  
1.25931e-11  2.74406  3.01979  4.71334  6.10952  6.11448  1.00323  0.521647  
2.93817e-08  1.00281  3.01979  4.71334  6.10952  6.11448  1  0.596628  
5.15931e-12  2.59047  3.01979  4.71334  6.10952  6.11448  8.2606e-13  1.99168  
0.900722  0.165615  3.01979  4.71334  6.10952  6.11448  7.29125e-13  1.96587  
2.13466  0.00305462  3.01979  4.71334  6.10952  6.11448  0.557447  1.00063  
1.00002  3.33425e-08  3.01979  4.71334  6.10952  6.11448  0.82622  0.747161  
1.83521e-08  1.00075  3.01979  4.71334  6.10952  6.11448  1  0.585957  
0.900736  0.165648  3.01979  4.71334  6.10952  6.11448  0.0500492  0.950044  
0.901262  0.165615  3.01979  4.71334  6.10952  6.11448  9.92622e-13  1.5861  
1.27868  4.9361e-09  3.01979  4.71334  6.10952  6.11448  0.466312  0.824168  
1.3116  8.6677e-09  3.01979  4.71334  6.10952  6.11448  1.84325  7.52721e-09  
1.77414  1.39081e-08  3.01979  4.71334  6.10952  6.11448  0.651348  0.832716  
0.437936  0.800203  3.01979  4.71334  6.10952  6.11448  1  0.520411  
4.56138  0.266966  3.01979  4.71334  6.10952  6.11448  3.1477e-05  1.5322  
1.16734  5.19387e-08  3.01979  4.71334  6.10952  6.11448  0.409661  0.800554  
4.56138  3.45852  3.01979  4.71334  6.10952  6.11448  0.520237  1.13046  
0.00485977  1  3.01979  4.71334  6.10952  6.11448  4.65738e-06  1.26026  
0.370967  0.832141  3.01979  4.71334  6.10952  6.11448  4.54651e-05  1.52127  
1.36138  4.9361e-09  3.01979  4.71334  6.10952  6.11448  6.36811e-08  1.62477  
0.370966  0.839214  3.01979  4.71334  6.10952  6.11448  1.00001  0.260026  
1  0.000197463  3.01979  4.71334  6.10952  6.11448  0.00149296  1.60748  
0.900722  0.165616  3.01979  4.71334  6.10952  6.11448  1  0.261061  
0.371089  0.831639  3.01979  4.71334  6.10952  6.11448  9.2294e-10  1.70311  
1.16124  1.18403e-07  3.01979  4.71334  6.10952  6.11448  1.01968  0.0500194  
0.974958  0.101963  3.01979  4.71334  6.10952  6.11448  1.27861  0.26094  
0.976257  0.101945  3.01979  4.71334  6.10952  6.11448  0.723458  0.917334  
1.00891  9.40085e-09  3.01979  4.71334  6.10952  6.11448  0.828286  0.746321  
0.974623  0.103682  3.01979  4.71334  6.10952  6.11448  0.278626  1.32516  
4.5619  0.000190803  3.01979  4.71334  6.10952  6.11448  0.628574  1.00025  
0.0501338  0.950043  3.01979  4.71334  6.10952  6.11448  1.29847  0.0500365  
9.01021e-11  1.18925  3.01979  4.71334  6.10952  6.11448  1.19783  0.258067  
1.16101  0.000237945  3.01979  4.71334  6.10952  6.11448  1  0.523757  
0.409661  0.800554  3.01979  4.71334  6.10952  6.11448  1.57831  1.13668e-08  
2.14017  7.52721e-09  3.01979  4.71334  6.10952  6.11448  1.55872  8.59405e-07  
1.80685  7.52643e-09  3.01979  4.71334  6.10952  6.11448  1.2786  0.000106052  
4.5614  0.115757  3.01979  4.71334  6.10952  6.11448  1.69901e-12  1.58583  
1.18832  2.35724e-08  3.01979  4.71334  6.10952  6.11448  0.168264  1.10458  
0.976508  0.101804  3.01979  4.71334  6.10952  6.11448  1.21081  0.270043  
0.703  0.445641  3.01979  4.71334  6.10952  6.11448  7.30079e-13  2.10688  
4.56155  0.00373363  3.01979  4.71334  6.10952  6.11448  1  3.33425e-08  
4.56164  0.00107174  3.01979  4.71334  6.10952  6.11448  1.28452  0.260119  
2.13485  2.82188e-07  3.01979  4.71334  6.10952  6.11448  8.94549e-13  3.71334  
5.10952  5.16821e-05  3.01979  4.71334  6.10952  6.11448  1.89515e-12  1.32516  
0.702525  0.756867  3.01979  4.71334  6.10952  6.11448  1  0.325441  
2.13465  0.0500862  3.01979  4.71334  6.10952  6.11448  0.278628  1  
0.00193775  1  3.01979  4.71334  6.10952  6.11448  0.2786  1  
1.16106  5.4442e-07  3.01979  4.71334  6.10952  6.11448  9.97709e-13  2.69498  
0.900772  0.165615  3.01979  4.71334  6.10952  6.11448  9.5484e-13  1.76143  
0.702208  0.75808  3.01979  4.71334  6.10952  6.11448  1.02764e-08  1.96902  
1.48141e-09  1.04266  3.01979  4.71334  6.10952  6.11448  1  0.260058  
0.735782  0.329102  3.01979  4.71334  6.10952  6.11448  0.370971  0.83164  
1.76872  3.09765e-08  3.01979  4.71334  6.10952  6.11448  7.73846e-10  2.03154  
0.902592  0.165615  3.01979  4.71334  6.10952  6.11448  0.900722  0.165615  
0.97156  0.101804  3.01979  4.71334  6.10952  6.11448  0.409835  0.80972  
0.971481  0.129085  3.01979  4.71334  6.10952  6.11448  1  0.521275  
0.974732  0.101965  3.01979  4.71334  6.10952  6.11448  0.910457  0.431957  
0.995635  0.101464  3.01979  4.71334  6.10952  6.11448  5.59394e-08  1.35045  
4.56238  9.74755e-05  3.01979  4.71334  6.10952  6.11448  1.55785  7.52643e-09  
0.735778  0.334897  3.01979  4.71334  6.10952  6.11448  1.65192e-09  1.26046  
0.900722  0.165615  3.01979  4.71334  6.10952  6.11448  0.361327  0.958658  
1.16103  9.75185e-06  3.01979  4.71334  6.10952  6.11448  1.83521e-08  1  
2.13464  0.050184  3.01979  4.71334  6.10952  6.11448  1.27871  3.59162e-08  
0.974656  0.102951  3.01979  4.71334  6.10952  6.11448  2.01979  8.52277e-09  
2.13472  1.70075e-05  3.01979  4.71334  6.10952  6.11448  1.27949  0.260026  
1.34836  9.39964e-09  3.01979  4.71334  6.10952  6.11448  1.84429e-09  1.68464  
0.991791  0.101756  3.01979  4.71334  6.10952  6.11448  0.278868  1.26026  
0.370971  0.83164  3.01979  4.71334  6.10952  6.11448  7.74429e-13  1.88876  
1.16094  0.00330428  3.01979  4.71334  6.10952  6.11448  1.65952  9.20065e-09  
2.13468  0.000799086  3.01979  4.71334  6.10952  6.11448  0.735404  0.592899  
1.16093  1.11857  2.00262  2.00146  6.10952  6.11448  0.900013  0.165929  
2.72044e-10  2.12399  2.00262  2.00146  6.10952  6.11448  2.80855e-10  1.00109  
1.07677e-07  1.00172  2.00262  2.00146  6.10952  6.11448  1  0.0154939  
1.34832  1.10028e-05  2.00262  2.00146  6.10952  6.11448  0.270487  0.800117  
1.16093  1.11857  2.00262  2.00146  6.10952  6.11448  0.459449  0.789029  
2.13464  0.050667  2.00262  2.00146  6.10952  6.11448  0.700035  0.300404  
1.76872  0.000450437  2.00262  2.00146  6.10952  6.11448  1.00061  2.40503e-10  
4.56137  5.11448  2.00262  2.00146  6.10952  6.11448  0.27066  0.800117  
4.56137  5.11448  2.00262  2.00146  6.10952  6.11448  0.0500037  0.950126  
2.13464  0.050667  2.00262  2.00146  6.10952  6.11448  1.00001  1.37405e-08  
0.974619  0.104006  2.00262  2.00146  6.10952  6.11448  0.900013  0.165891  
5.89387e-08  1  2.00262  2.00146  6.10952  6.11448  0.700026  0.300967  
9.2656e-14  1.02942  2.00262  2.00146  6.10952  6.11448  0.269806  0.800118  
0.974619  0.104006  2.00262  2.00146  6.10952  6.11448  1  0.000396748  
1  3.02482e-07  2.00262  2.00146  6.10952  6.11448  2.62482e-09  1.00036  
7.41668e-08  1.00111  2.00262  2.00146  6.10952  6.11448  1  0.000238595  
1  3.10228e-07  2.00262  2.00146  6.10952  6.11448  0.459782  0.789028  
1.16093  0.947987  2.00262  2.00146  6.10952  6.11448  1.11681e-09  1.00009  
1.11114e-07  1  2.00262  2.00146  6.10952  6.11448  1  0.0070602  
0.294836  0.800117  2.00262  2.00146  6.10952  6.11448  0.4583  0.789035  
2.1362  4.16566e-08  2.00262  2.00146  6.10952  6.11448  1.00043  2.95485e-09  
0.0500601  0.950005  2.00262  2.00146  6.10952  6.11448  0.269806  0.800119  
1  0.000732718  2.00262  2.00146  6.10952  6.11448  0.700035  0.300384  
1  5.4442e-07  2.00262  2.00146  6.10952  6.11448  1  0.00333832  
9.86412e-08  1  2.00262  2.00146  6.10952  6.11448  0.900013  0.16602  
1.16093  9.93012e-15  2.00262  2.00146  6.10952  6.11448  0.900013  0.166564  
1  0.00108865  2.00262  2.00146  6.10952  6.11448  1  0.000471308  
1.76872  0.0001284  2.00262  2.00146  6.10952  6.11448  0.0504027  0.950001  
0.458256  0.789035  2.00262  2.00146  6.10952  6.11448  0.0506647  0.950001  
1.07529  1.34439e-15  2.00262  2.00146  6.10952  6.11448  1  0.000192256  
1  0.0274577  2.00262  2.00146  6.10952  6.11448  0.0502141  0.950004  
5.28686e-09  1  2.00262  2.00146  6.10952  6.11448  0.900014  0.165199  
1.08485e-14  1.0118  2.00262  2.00146  6.10952  6.11448  1.0007  2.40503e-10  
0.447889  0.800117  2.00262  2.00146  6.10952  6.11448  0.0500037  0.950005  
2.74136e-10  1.06675  2.00262  2.00146  6.10952  6.11448  1  0.000270262  
2.13465  1.26046e-10  2.00262  2.00146  6.10952  6.11448  0.270014  0.800118  
1.00002  3.33425e-08  2.00262  2.00146  6.10952  6.11448  1  0.00333491  
0.700035  0.300404  2.00262  2.00146  6.10952  6.11448  0.900013  0.166765  
0.269806  0.800118  2.00262  2.00146  6.10952  6.11448  0.0500037  0.950005  
2.25555  8.27041e-11  2.00262  2.00146  6.10952  6.11448  0.000111841  1  
0.486168  0.789028  2.00262  2.00146  6.10952  6.11448  1.08485e-14  1.00146  
0.700231  0.300136  2.00262  2.00146  6.10952  6.11448  0.700082  0.300235  
0.700034  0.300801  2.00262  2.00146  6.10952  6.11448  0.900013  0.166132  
4.28668e-10  1.001  2.00262  2.00146  6.10952  6.11448  1.08485e-14  1.00143  
4.56138  0.266966  2.00262  2.00146  6.10952  6.11448  7.55997e-10  1.00051  
1  6.90977e-07  2.00262  2.00146  6.10952  6.11448  1.00262  1.34439e-15  
4.56138  3.45852  2.00262  2.00146  6.10952  6.11448  1.17525e-14  1.00111  
1.00381  1.34439e-15  2.00262  2.00146  6.10952  6.11448  7.55997e-10  1.00051  
1.3557  5.47545e-13  2.00262  2.00146  6.10952  6.11448  1  0.0154917  
0.269806  0.800382  2.00262  2.00146  6.10952  6.11448  0.701051  0.300037  
0.900015  0.165031  2.00262  2.00146  6.10952  6.11448  1  0.000247203  
0.700231  0.300149  2.00262  2.00146  6.10952  6.11448  0.458229  0.799395  
0.700038  0.300378  2.00262  2.00146  6.10952  6.11448  0.700285  0.300038  
0.26967  0.848008  2.00262  2.00146  6.10952  6.11448  0.26967  0.850644  
0.0504286  0.950001  2.00262  2.00146  6.10952  6.11448  0.458229  0.789036  
0.974958  0.101963  2.00262  2.00146  6.10952  6.11448  0.000166775  1  
0.976257  0.101945  2.00262  2.00146  6.10952  6.11448  4.33956e-09  1.00002  
0.900013  0.181831  2.00262  2.00146  6.10952  6.11448  0.0502141  0.950001  
0.974623  0.103682  2.00262  2.00146  6.10952  6.11448  0.700143  0.300055  
4.5619  0.000190803  2.00262  2.00146  6.10952  6.11448  0.931006  0.16503  
1  0.000397535  2.00262  2.00146  6.10952  6.11448  1.00023  4.56908e-09  
0.900013  0.16636  2.00262  2.00146  6.10952  6.11448  0.269806  0.800382  
0.0500007  0.956237  2.00262  2.00146  6.10952  6.11448  0.26967  0.848008  
0.0500037  0.950005  2.00262  2.00146  6.10952  6.11448  0.93096  0.16503  
2.14331  1.08819e-09  2.00262  2.00146  6.10952  6.11448  0.700157  0.300055  
1.77735  8.77455e-10  2.00262  2.00146  6.10952  6.11448  1  0.0002131  
4.5614  0.115757  2.00262  2.00146  6.10952  6.11448  0.459748  0.789029  
0.937786  0.16503  2.00262  2.00146  6.10952  6.11448  0.000191226  1  
0.976508  0.101804  2.00262  2.00146  6.10952  6.11448  5.27638e-10  1.00094  
0.901366  0.16503  2.00262  2.00146  6.10952  6.11448  0.900644  0.16503  
4.56155  0.00373363  2.00262  2.00146  6.10952  6.11448  1  1.37405e-08  
4.56164  0.00107174  2.00262  2.00146  6.10952  6.11448  0.900013  0.166553  
0.00145685  1  2.00262  2.00146  6.10952  6.11448  1  3.09454e-05  
5.10952  5.16821e-05  2.00262  2.00146  6.10952  6.11448  0.900013  0.166804  
0.0502141  0.950001  2.00262  2.00146  6.10952  6.11448  0.700082  0.300207  
0.700026  0.300799  2.00262  2.00146  6.10952  6.11448  0.459465  0.789029  
0.701063  0.300037  2.00262  2.00146  6.10952  6.11448  0.0500145  0.950005  
0.700034  0.302182  2.00262  2.00146  6.10952  6.11448  0.700038  0.300378  
0.459102  0.789031  2.00262  2.00146  6.10952  6.11448  0.269806  0.800325  
0.700283  0.300038  2.00262  2.00146  6.10952  6.11448  0.0502245  0.950001  
0.458229  0.789035  2.00262  2.00146  6.10952  6.11448  0.900114  0.165031  
0.460374  0.789028  2.00262  2.00146  6.10952  6.11448  0.701237  0.300037  
1.76872  3.09765e-08  2.00262  2.00146  6.10952  6.11448  0.459859  0.789028  
0.900014  0.165222  2.00262  2.00146  6.10952  6.11448  0.900014  0.165031  
0.97156  0.101804  2.00262  2.00146  6.10952  6.11448  0.700026  0.300799  
0.971481  0.129085  2.00262  2.00146  6.10952  6.11448  0.0500037  0.950081  
0.974732  0.101965  2.00262  2.00146  6.10952  6.11448  0.700143  0.30014  
0.995635  0.101464  2.00262  2.00146  6.10952  6.11448  4.28668e-10  1.001  
4.56238  9.74755e-05  2.00262  2.00146  6.10952  6.11448  1  0.00701024  
0.27066  0.800117  2.00262  2.00146  6.10952  6.11448  3.34338e-09  1.00023  
0.900054  0.165031  2.00262  2.00146  6.10952  6.11448  0.0507574  0.950001  
0.700082  0.300207  2.00262  2.00146  6.10952  6.11448  4.33956e-09  1  
2.13464  0.050184  2.00262  2.00146  6.10952  6.11448  0.900014  0.165032  
0.974656  0.102951  2.00262  2.00146  6.10952  6.11448  0.458229  0.789035  
0.908933  0.16503  2.00262  2.00146  6.10952  6.11448  0.700034  0.300797  
1.34836  9.39964e-09  2.00262  2.00146  6.10952  6.11448  1  0.000448246  
0.991791  0.101756  2.00262  2.00146  6.10952  6.11448  0.700283  0.300038  
0.0506647  0.950001  2.00262  2.00146  6.10952  6.11448  1.00105  1.34439e-15  
0.700143  0.300055  2.00262  2.00146  6.10952  6.11448  0.900641  0.16503  
0.459488  0.789029  2.00262  2.00146  6.10952  6.11448  1  4.36781e-05  
1.16093  1.11857  2  2.01976  6.10952  6.11448  2.79042e-20  1  
2.72044e-10  2.12399  2  2.01976  6.10952  6.11448  2.79042e-20  1  
1.07677e-07  1.00172  2  2.01976  6.10952  6.11448  2.79042e-20  1  
1.34832  1.10028e-05  2  2.01976  6.10952  6.11448  2.79042e-20  1  
1.16093  1.11857  2  2.01976  6.10952  6.11448  2.79042e-20  1  
2.13464  0.050667  2  2.01976  6.10952  6.11448  2.79042e-20  1  
1.76872  0.000450437  2  2.01976  6.10952  6.11448  2.79042e-20  1  
4.56137  5.11448  2  2.01976  6.10952  6.11448  2.79042e-20  1  
4.56137  5.11448  2  2.01976  6.10952  6.11448  2.79042e-20  1  
2.13464  0.050667  2  2.01976  6.10952  6.11448  2.79042e-20  1  
0.974619  0.104006  2  2.01976  6.10952  6.11448  2.79042e-20  1  
5.89387e-08  1  2  2.01976  6.10952  6.11448  2.79042e-20  1  
9.2656e-14  1.02942  2  2.01976  6.10952  6.11448  2.79042e-20  1  
0.974619  0.104006  2  2.01976  6.10952  6.11448  2.79042e-20  1  
1  3.02482e-07  2  2.01976  6.10952  6.11448  2.79042e-20  1  
7.41668e-08  1.00111  2  2.01976  6.10952  6.11448  2.79042e-20  1  
1  3.10228e-07  2  2.01976  6.10952  6.11448  2.79042e-20  1  
1.16093  0.947987  2  2.01976  6.10952  6.11448  2.79042e-20  1  
1.11114e-07  1  2  2.01976  6.10952  6.11448  2.79042e-20  1  
1.05312  3.98291e-11  2  2.01976  6.10952  6.11448  2.79042e-20  1  
2.1362  4.16566e-08  2  2.01976  6.10952  6.11448  2.79042e-20  1  
0.0509614  0.950001  2  2.01976  6.10952  6.11448  2.79042e-20  1  
1  0.000732718  2  2.01976  6.10952  6.11448  2.79042e-20  1  
1  5.4442e-07  2  2.01976  6.10952  6.11448  2.79042e-20  1  
9.86412e-08  1  2  2.01976  6.10952  6.11448  2.79042e-20  1  
1.16093  9.93012e-15  2  2.01976  6.10952  6.11448  2.79042e-20  1  
1  0.00108865  2  2.01976  6.10952  6.11448  2.79042e-20  1  
1.76872  0.0001284  2  2.01976  6.10952  6.11448  2.79042e-20  1  
1  2.16005e-07  2  2.01976  6.10952  6.11448  2.79042e-20  1  
1.07529  1.34439e-15  2  2.01976  6.10952  6.11448  2.79042e-20  1  
1  0.0274577  2  2.01976  6.10952  6.11448  2.79042e-20  1  
5.28686e-09  1  2  2.01976  6.10952  6.11448  2.79042e-20  1  
1.08485e-14  1.0118  2  2.01976  6.10952  6.11448  2.79042e-20  1  
0.0348782  1  2  2.01976  6.10952  6.11448  2.79042e-20  1  
2.74136e-10  1.06675  2  2.01976  6.10952  6.11448  2.79042e-20  1  
2.13465  1.26046e-10  2  2.01976  6.10952  6.11448  2.79042e-20  1  
1.00002  3.33425e-08  2  2.01976  6.10952  6.11448  2.79042e-20  1  
0.700035  0.300404  2  2.01976  6.10952  6.11448  2.79042e-20  1  
0.269806  0.800118  2  2.01976  6.10952  6.11448  2.79042e-20  1  
2.25555  8.27041e-11  2  2.01976  6.10952  6.11448  2.79042e-20  1  
1  2.12209e-05  2  2.01976  6.10952  6.11448  2.79042e-20  1  
2.57294e-12  1  2  2.01976  6.10952  6.11448  2.79042e-20  1  
0.0510939  0.95  2  2.01976  6.10952  6.11448  2.79042e-20  1  
4.28668e-10  1.001  2  2.01976  6.10952  6.11448  2.79042e-20  1  
4.56138  0.266966  2  2.01976  6.10952  6.11448  2.79042e-20  1  
1  6.90977e-07  2  2.01976  6.10952  6.11448  2.79042e-20  1  
4.56138  3.45852  2  2.01976  6.10952  6.11448  2.79042e-20  1  
1.00381  1.34439e-15  2  2.01976  6.10952  6.11448  2.79042e-20  1  
1.3557  5.47545e-13  2  2.01976  6.10952  6.11448  2.79042e-20  1  
0.269806  0.800382  2  2.01976  6.10952  6.11448  2.79042e-20  1  
0.0527828  0.95  2  2.01976  6.10952  6.11448  2.79042e-20  1  
4.83992e-12  1.00038  2  2.01976  6.10952  6.11448  2.79042e-20  1  
0.700035  0.300061  2  2.01976  6.10952  6.11448  2.79042e-20  1  
4.83992e-12  1.00615  2  2.01976  6.10952  6.11448  2.79042e-20  1  
0.700007  0.300012  2  2.01976  6.10952  6.11448  2.79042e-20  1  
0.974958  0.101963  2  2.01976  6.10952  6.11448  2.79042e-20  1  
0.976257  0.101945  2  2.01976  6.10952  6.11448  2.79042e-20  1  
1.00007  1.34439e-15  2  2.01976  6.10952  6.11448  2.79042e-20  1  
0.974623  0.103682  2  2.01976  6.10952  6.11448  2.79042e-20  1  
4.5619  0.000190803  2  2.01976  6.10952  6.11448  2.79042e-20  1  
0.700036  0.300004  2  2.01976  6.10952  6.11448  2.79042e-20  1  
0.269904  0.800004  2  2.01976  6.10952  6.11448  2.79042e-20  1  
0.269664  0.800004  2  2.01976  6.10952  6.11448  2.79042e-20  1  
0.945249  0.165017  2  2.01976  6.10952  6.11448  2.79042e-20  1  
2.14331  1.08819e-09  2  2.01976  6.10952  6.11448  2.79042e-20  1  
1.77735  8.77455e-10  2  2.01976  6.10952  6.11448  2.79042e-20  1  
4.5614  0.115757  2  2.01976  6.10952  6.11448  2.79042e-20  1  
0.000255574  1  2  2.01976  6.10952  6.11448  2.79042e-20  1  
0.976508  0.101804  2  2.01976  6.10952  6.11448  0.900001  0.165017  
0.900001  0.165017  2  2.01976  6.10952  6.11448  2.79042e-20  1  
4.56155  0.00373363  2  2.01976  6.10952  6.11448  2.79042e-20  1  
4.56164  0.00107174  2  2.01976  6.10952  6.11448  2.79042e-20  1  
2.79042e-20  1.0162  2  2.01976  6.10952  6.11448  2.79042e-20  1  
5.10952  5.16821e-05  2  2.01976  6.10952  6.11448  2.79042e-20  1  
2.79042e-20  1  2  2.01976  6.10952  6.11448  2.79042e-20  1  
0.700041  0.300002  2  2.01976  6.10952  6.11448  2.79042e-20  1  
0.269664  0.82839  2  2.01976  6.10952  6.11448  2.79042e-20  1  
0.700001  0.300002  2  2.01976  6.10952  6.11448  2.79042e-20  1  
0.0585311  0.95  2  2.01976  6.10952  6.11448  2.79042e-20  1  
2.79042e-20  1  2  2.01976  6.10952  6.11448  2.79042e-20  1  
0.05  0.95  2  2.01976  6.10952  6.11448  2.79042e-20  1  
2.79042e-20  1  2  2.01976  6.10952  6.11448  2.79042e-20  1  
1.76872  3.09765e-08  2  2.01976  6.10952  6.11448  2.79042e-20  1  
0.465802  0.783972  2  2.01976  6.10952  6.11448  0.269664  0.800004  
0.97156  0.101804  2  2.01976  6.10952  6.11448  2.79042e-20  1  
0.971481  0.129085  2  2.01976  6.10952  6.11448  2.79042e-20  1  
0.974732  0.101965  2  2.01976  6.10952  6.11448  2.79042e-20  1  
0.995635  0.101464  2  2.01976  6.10952  6.11448  2.79042e-20  1  
4.56238  9.74755e-05  2  2.01976  6.10952  6.11448  2.79042e-20  1  
0.269809  0.800009  2  2.01976  6.10952  6.11448  2.79042e-20  1  
0.700393  0.300002  2  2.01976  6.10952  6.11448  2.79042e-20  1  
0.46855  0.78397  2  2.01976  6.10952  6.11448  2.79042e-20  1  
2.13464  0.050184  2  2.01976  6.10952  6.11448  1  1.18156e-15  
0.974656  0.102951  2  2.01976  6.10952  6.11448  0.700001  0.300002  
0.270675  0.800004  2  2.01976  6.10952  6.11448  2.79042e-20  1  
1.34836  9.39964e-09  2  2.01976  6.10952  6.11448  0.454713  0.783972  
0.991791  0.101756  2  2.01976  6.10952  6.11448  0.46855  0.78397  
0.454727  0.783972  2  2.01976  6.10952  6.11448  0.05  0.95  
0.454703  0.783976  2  2.01976  6.10952  6.11448  0.454703  0.783976  
0.269664  0.800004  2  2.01976  6.10952  6.11448  2.79042e-20  1  
1.16093  1.11857  2  2.01514  6.10952  6.11448  2.79042e-20  1  
2.72044e-10  2.12399  2  2.01514  6.10952  6.11448  2.79042e-20  1  
1.07677e-07  1.00172  2  2.01514  6.10952  6.11448  2.79042e-20  1  
1.34832  1.10028e-05  2  2.01514  6.10952  6.11448  2.79042e-20  1  
1.16093  1.11857  2  2.01514  6.10952  6.11448  2.79042e-20  1  
2.13464  0.050667  2  2.01514  6.10952  6.11448  2.79042e-20  1  
1.76872  0.000450437  2  2.01514  6.10952  6.11448  2.79042e-20  1  
4.56137  5.11448  2  2.01514  6.10952  6.11448  2.79042e-20  1  
4.56137  5.11448  2  2.01514  6.10952  6.11448  2.79042e-20  1  
2.13464  0.050667  2  2.01514  6.10952  6.11448  2.79042e-20  1  
0.974619  0.104006  2  2.01514  6.10952  6.11448  2.79042e-20  1  
5.89387e-08  1  2  2.01514  6.10952  6.11448  2.79042e-20  1  
9.2656e-14  1.02942  2  2.01514  6.10952  6.11448  2.79042e-20  1  
0.974619  0.104006  2  2.01514  6.10952  6.11448  2.79042e-20  1  
1  3.02482e-07  2  2.01514  6.10952  6.11448  2.79042e-20  1  
7.41668e-08  1.00111  2  2.01514  6.10952  6.11448  2.79042e-20  1  
1  3.10228e-07  2  2.01514  6.10952  6.11448  2.79042e-20  1  
1.16093  0.947987  2  2.01514  6.10952  6.11448  2.79042e-20  1  
1.11114e-07  1  2  2.01514  6.10952  6.11448  2.79042e-20  1  
1.05312  3.98291e-11  2  2.01514  6.10952  6.11448  2.79042e-20  1  
2.1362  4.16566e-08  2  2.01514  6.10952  6.11448  2.79042e-20  1  
0.0509614  0.950001  2  2.01514  6.10952  6.11448  2.79042e-20  1  
1  0.000732718  2  2.01514  6.10952  6.11448  2.79042e-20  1  
1  5.4442e-07  2  2.01514  6.10952  6.11448  2.79042e-20  1  
9.86412e-08  1  2  2.01514  6.10952  6.11448  2.79042e-20  1  
1.16093  9.93012e-15  2  2.01514  6.10952  6.11448  2.79042e-20  1  
1  0.00108865  2  2.01514  6.10952  6.11448  2.79042e-20  1  
1.76872  0.0001284  2  2.01514  6.10952  6.11448  2.79042e-20  1  
1  2.16005e-07  2  2.01514  6.10952  6.11448  2.79042e-20  1  
1.07529  1.34439e-15  2  2.01514  6.10952  6.11448  2.79042e-20  1  
1  0.0274577  2  2.01514  6.10952  6.11448  2.79042e-20  1  
5.28686e-09  1  2  2.01514  6.10952  6.11448  2.79042e-20  1  
1.08485e-14  1.0118  2  2.01514  6.10952  6.11448  2.79042e-20  1  
0.0348782  1  2  2.01514  6.10952  6.11448  2.79042e-20  1  
2.74136e-10  1.06675  2  2.01514  6.10952  6.11448  2.79042e-20  1  
2.13465  1.26046e-10  2  2.01514  6.10952  6.11448  2.79042e-20  1  
1.00002  3.33425e-08  2  2.01514  6.10952  6.11448  2.79042e-20  1  
0.700035  0.300404  2  2.01514  6.10952  6.11448  2.79042e-20  1  
0.269806  0.800118  2  2.01514  6.10952  6.11448  2.79042e-20  1  
2.25555  8.27041e-11  2  2.01514  6.10952  6.11448  2.79042e-20  1  
1  2.12209e-05  2  2.01514  6.10952  6.11448  2.79042e-20  1  
2.57294e-12  1  2  2.01514  6.10952  6.11448  2.79042e-20  1  
0.0510939  0.95  2  2.01514  6.10952  6.11448  2.79042e-20  1  
4.28668e-10  1.001  2  2.01514  6.10952  6.11448  2.79042e-20  1  
4.56138  0.266966  2  2.01514  6.10952  6.11448  2.79042e-20  1  
1  6.90977e-07  2  2.01514  6.10952  6.11448  2.79042e-20  1  
4.56138  3.45852  2  2.01514  6.10952  6.11448  2.79042e-20  1  
1.00381  1.34439e-15  2  2.01514  6.10952  6.11448  2.79042e-20  1  
1.3557  5.47545e-13  2  2.01514  6.10952  6.11448  2.79042e-20  1  
0.269806  0.800382  2  2.01514  6.10952  6.11448  2.79042e-20  1  
0.0527828  0.95  2  2.01514  6.10952  6.11448  2.79042e-20  1  
4.83992e-12  1.00038  2  2.01514  6.10952  6.11448  2.79042e-20  1  
0.700035  0.300061  2  2.01514  6.10952  6.11448  2.79042e-20  1  
4.83992e-12  1.00615  2  2.01514  6.10952  6.11448  2.79042e-20  1  
0.700007  0.300012  2  2.01514  6.10952  6.11448  2.79042e-20  1  
0.974958  0.101963  2  2.01514  6.10952  6.11448  2.79042e-20  1  
0.976257  0.101945  2  2.01514  6.10952  6.11448  2.79042e-20  1  
1.00007  1.34439e-15  2  2.01514  6.10952  6.11448  2.79042e-20  1  
0.974623  0.103682  2  2.01514  6.10952  6.11448  2.79042e-20  1  
4.5619  0.000190803  2  2.01514  6.10952  6.11448  2.79042e-20  1  
0.700036  0.300004  2  2.01514  6.10952  6.11448  2.79042e-20  1  
0.269904  0.800004  2  2.01514  6.10952  6.11448  2.79042e-20  1  
0.269664  0.800004  2  2.01514  6.10952  6.11448  2.79042e-20  1  
0.945249  0.165017  2  2.01514  6.10952  6.11448  2.79042e-20  1  
2.14331  1.08819e-09  2  2.01514  6.10952  6.11448  2.79042e-20  1  
1.77735  8.77455e-10  2  2.01514  6.10952  6.11448  2.79042e-20  1  
4.5614  0.115757  2  2.01514  6.10952  6.11448  2.79042e-20  1  
0.000255574  1  2  2.01514  6.10952  6.11448  2.79042e-20  1  
0.976508  0.101804  2  2.01514  6.10952  6.11448  0.900001  0.165017  
0.900001  0.165017  2  2.01514  6.10952  6.11448  2.79042e-20  1  
4.56155  0.00373363  2  2.01514  6.10952  6.11448  2.79042e-20  1  
4.56164  0.00107174  2  2.01514  6.10952  6.11448  2.79042e-20  1  
2.79042e-20  1.00043  2  2.01514  6.10952  6.11448  2.79042e-20  1  
5.10952  5.16821e-05  2  2.01514  6.10952  6.11448  2.79042e-20  1  
2.79042e-20  1  2  2.01514  6.10952  6.11448  2.79042e-20  1  
0.700041  0.300002  2  2.01514  6.10952  6.11448  2.79042e-20  1  
2.79042e-20  1  2  2.01514  6.10952  6.11448  2.79042e-20  1  
0.451254  0.778425  2  2.01514  6.10952  6.11448  2.79042e-20  1  
0.0585311  0.95  2  2.01514  6.10952  6.11448  2.79042e-20  1  
0.900001  0.165676  2  2.01514  6.10952  6.11448  2.79042e-20  1  
0.05  0.95  2  2.01514  6.10952  6.11448  2.79042e-20  1  
0.451212  0.778451  2  2.01514  6.10952  6.11448  2.79042e-20  1  
1.76872  3.09765e-08  2  2.01514  6.10952  6.11448  2.79042e-20  1  
0.700001  0.329659  2  2.01514  6.10952  6.11448  0.269664  0.800004  
0.97156  0.101804  2  2.01514  6.10952  6.11448  2.79042e-20  1  
0.971481  0.129085  2  2.01514  6.10952  6.11448  2.79042e-20  1  
0.974732  0.101965  2  2.01514  6.10952  6.11448  2.79042e-20  1  
0.995635  0.101464  2  2.01514  6.10952  6.11448  2.79042e-20  1  
4.56238  9.74755e-05  2  2.01514  6.10952  6.11448  2.79042e-20  1  
0.269809  0.800009  2  2.01514  6.10952  6.11448  2.79042e-20  1  
0.719055  0.300002  2  2.01514  6.10952  6.11448  2.79042e-20  1  
0.539714  0.778407  2  2.01514  6.10952  6.11448  0.451165  0.778541  
2.13464  0.050184  2  2.01514  6.10952  6.11448  1  1.18156e-15  
0.974656  0.102951  2  2.01514  6.10952  6.11448  0.700001  0.300002  
0.270675  0.800004  2  2.01514  6.10952  6.11448  0.451254  0.778425  
1.34836  9.39964e-09  2  2.01514  6.10952  6.11448  0.539714  0.778407  
0.991791  0.101756  2  2.01514  6.10952  6.11448  0.269664  0.80001  
0.700001  0.300002  2  2.01514  6.10952  6.11448  0.05  0.95  
0.451165  0.778541  2  2.01514  6.10952  6.11448  0.451212  0.778451  
0.269664  0.801438  2  2.01514  6.10952  6.11448  0.700001  0.300099  
1.16093  1.11857  2  2.00018  6.10952  6.11448  2.79042e-20  1  
2.72044e-10  2.12399  2  2.00018  6.10952  6.11448  2.79042e-20  1  
1.07677e-07  1.00172  2  2.00018  6.10952  6.11448  2.79042e-20  1  
1.34832  1.10028e-05  2  2.00018  6.10952  6.11448  2.79042e-20  1  
1.16093  1.11857  2  2.00018  6.10952  6.11448  2.79042e-20  1  
2.13464  0.050667  2  2.00018  6.10952  6.11448  2.79042e-20  1  
1.76872  0.000450437  2  2.00018  6.10952  6.11448  2.79042e-20  1  
4.56137  5.11448  2  2.00018  6.10952  6.11448  2.79042e-20  1  
4.56137  5.11448  2  2.00018  6.10952  6.11448  2.79042e-20  1  
2.13464  0.050667  2  2.00018  6.10952  6.11448  2.79042e-20  1  
0.974619  0.104006  2  2.00018  6.10952  6.11448  2.79042e-20  1  
5.89387e-08  1  2  2.00018  6.10952  6.11448  2.79042e-20  1  
9.2656e-14  1.02942  2  2.00018  6.10952  6.11448  2.79042e-20  1  
0.974619  0.104006  2  2.00018  6.10952  6.11448  2.79042e-20  1  
1  3.02482e-07  2  2.00018  6.10952  6.11448  2.79042e-20  1  
7.41668e-08  1.00111  2  2.00018  6.10952  6.11448  2.79042e-20  1  
1  3.10228e-07  2  2.00018  6.10952  6.11448  2.79042e-20  1  
1.16093  0.947987  2  2.00018  6.10952  6.11448  2.79042e-20  1  
1.11114e-07  1  2  2.00018  6.10952  6.11448  2.79042e-20  1  
1.05312  3.98291e-11  2  2.00018  6.10952  6.11448  2.79042e-20  1  
2.1362  4.16566e-08  2  2.00018  6.10952  6.11448  2.79042e-20  1  
0.0509614  0.950001  2  2.00018  6.10952  6.11448  2.79042e-20  1  
1  0.000732718  2  2.00018  6.10952  6.11448  2.79042e-20  1  
1  5.4442e-07  2  2.00018  6.10952  6.11448  2.79042e-20  1  
9.86412e-08  1  2  2.00018  6.10952  6.11448  2.79042e-20  1  
1.16093  9.93012e-15  2  2.00018  6.10952  6.11448  2.79042e-20  1  
1  0.00108865  2  2.00018  6.10952  6.11448  2.79042e-20  1  
1.76872  0.0001284  2  2.00018  6.10952  6.11448  2.79042e-20  1  
1  2.16005e-07  2  2.00018  6.10952  6.11448  2.79042e-20  1  
1.07529  1.34439e-15  2  2.00018  6.10952  6.11448  2.79042e-20  1  
1  0.0274577  2  2.00018  6.10952  6.11448  2.79042e-20  1  
5.28686e-09  1  2  2.00018  6.10952  6.11448  2.79042e-20  1  
1.08485e-14  1.0118  2  2.00018  6.10952  6.11448  2.79042e-20  1  
0.0348782  1  2  2.00018  6.10952  6.11448  2.79042e-20  1  
2.74136e-10  1.06675  2  2.00018  6.10952  6.11448  2.79042e-20  1  
2.13465  1.26046e-10  2  2.00018  6.10952  6.11448  2.79042e-20  1  
1.00002  3.33425e-08  2  2.00018  6.10952  6.11448  2.79042e-20  1  
0.700035  0.300404  2  2.00018  6.10952  6.11448  2.79042e-20  1  
0.269806  0.800118  2  2.00018  6.10952  6.11448  2.79042e-20  1  
2.25555  8.27041e-11  2  2.00018  6.10952  6.11448  2.79042e-20  1  
1  2.12209e-05  2  2.00018  6.10952  6.11448  2.79042e-20  1  
2.57294e-12  1  2  2.00018  6.10952  6.11448  2.79042e-20  1  
0.0510939  0.95  2  2.00018  6.10952  6.11448  2.79042e-20  1  
4.28668e-10  1.001  2  2.00018  6.10952  6.11448  2.79042e-20  1  
4.56138  0.266966  2  2.00018  6.10952  6.11448  2.79042e-20  1  
1  6.90977e-07  2  2.00018  6.10952  6.11448  2.79042e-20  1  
4.56138  3.45852  2  2.00018  6.10952  6.11448  2.79042e-20  1  
1.00381  1.34439e-15  2  2.00018  6.10952  6.11448  2.79042e-20  1  
1.3557  5.47545e-13  2  2.00018  6.10952  6.11448  2.79042e-20  1  
0.269806  0.800382  2  2.00018  6.10952  6.11448  2.79042e-20  1  
0.0527828  0.95  2  2.00018  6.10952  6.11448  2.79042e-20  1  
4.83992e-12  1.00038  2  2.00018  6.10952  6.11448  2.79042e-20  1  
0.700035  0.300061  2  2.00018  6.10952  6.11448  2.79042e-20  1  
4.83992e-12  1.00615  2  2.00018  6.10952  6.11448  2.79042e-20  1  
0.700007  0.300012  2  2.00018  6.10952  6.11448  2.79042e-20  1  
0.974958  0.101963  2  2.00018  6.10952  6.11448  2.79042e-20  1  
0.976257  0.101945  2  2.00018  6.10952  6.11448  2.79042e-20  1  
1.00007  1.34439e-15  2  2.00018  6.10952  6.11448  2.79042e-20  1  
0.974623  0.103682  2  2.00018  6.10952  6.11448  2.79042e-20  1  
4.5619  0.000190803  2  2.00018  6.10952  6.11448  2.79042e-20  1  
0.700036  0.300004  2  2.00018  6.10952  6.11448  2.79042e-20  1  
0.269904  0.800004  2  2.00018  6.10952  6.11448  2.79042e-20  1  
0.269664  0.800004  2  2.00018  6.10952  6.11448  2.79042e-20  1  
0.945249  0.165017  2  2.00018  6.10952  6.11448  2.79042e-20  1  
2.14331  1.08819e-09  2  2.00018  6.10952  6.11448  2.79042e-20  1  
1.77735  8.77455e-10  2  2.00018  6.10952  6.11448  2.79042e-20  1  
4.5614  0.115757  2  2.00018  6.10952  6.11448  2.79042e-20  1  
0.000255574  1  2  2.00018  6.10952  6.11448  2.79042e-20  1  
0.976508  0.101804  2  2.00018  6.10952  6.11448  0.900001  0.165017  
0.900001  0.165017  2  2.00018  6.10952  6.11448  2.79042e-20  1  
4.56155  0.00373363  2  2.00018  6.10952  6.11448  2.79042e-20  1  
4.56164  0.00107174  2  2.00018  6.10952  6.11448  2.79042e-20  1  
2.79042e-20  1.00491  2  2.00018  6.10952  6.11448  2.79042e-20  1  
5.10952  5.16821e-05  2  2.00018  6.10952  6.11448  2.79042e-20  1  
2.79042e-20  1.01384  2  2.00018  6.10952  6.11448  2.79042e-20  1  
0.700041  0.300002  2  2.00018  6.10952  6.11448  2.79042e-20  1  
2.79042e-20  1  2  2.00018  6.10952  6.11448  2.79042e-20  1  
0.00469047  1  2  2.00018  6.10952  6.11448  2.79042e-20  1  
0.0585311  0.95  2  2.00018  6.10952  6.11448  2.79042e-20  1  
0.900001  0.165676  2  2.00018  6.10952  6.11448  2.79042e-20  1  
0.05  0.95  2  2.00018  6.10952  6.11448  2.79042e-20  1  
0.447395  0.773705  2  2.00018  6.10952  6.11448  2.79042e-20  1  
1.76872  3.09765e-08  2  2.00018  6.10952  6.11448  2.79042e-20  1  
0.700001  0.300002  2  2.00018  6.10952  6.11448  2.79042e-20  1  
0.97156  0.101804  2  2.00018  6.10952  6.11448  2.79042e-20  1  
0.971481  0.129085  2  2.00018  6.10952  6.11448  2.79042e-20  1  
0.974732  0.101965  2  2.00018  6.10952  6.11448  2.79042e-20  1  
0.995635  0.101464  2  2.00018  6.10952  6.11448  2.79042e-20  1  
4.56238  9.74755e-05  2  2.00018  6.10952  6.11448  2.79042e-20  1  
0.269809  0.800009  2  2.00018  6.10952  6.11448  0.269664  0.800004  
0.702611  0.300002  2  2.00018  6.10952  6.11448  2.79042e-20  1  
2.79042e-20  1.00129  2  2.00018  6.10952  6.11448  2.79042e-20  1  
2.13464  0.050184  2  2.00018  6.10952  6.11448  1  1.18156e-15  
0.974656  0.102951  2  2.00018  6.10952  6.11448  2.79042e-20  1  
0.270675  0.800004  2  2.00018  6.10952  6.11448  0.447395  0.773705  
1.34836  9.39964e-09  2  2.00018  6.10952  6.11448  0.05  0.95  
0.991791  0.101756  2  2.00018  6.10952  6.11448  0.700001  0.300002  
2.79042e-20  1  2  2.00018  6.10952  6.11448  2.79042e-20  1  
0.448042  0.773705  2  2.00018  6.10952  6.11448  2.79042e-20  1  
0.269664  0.801438  2  2.00018  6.10952  6.11448  2.79042e-20  1  
1.16093  1.11857  2  2  6.10952  6.11448  2.79042e-20  1  
2.72044e-10  2.12399  2  2  6.10952  6.11448  2.79042e-20  1  
1.07677e-07  1.00172  2  2  6.10952  6.11448  2.79042e-20  1  
1.34832  1.10028e-05  2  2  6.10952  6.11448  2.79042e-20  1  
1.16093  1.11857  2  2  6.10952  6.11448  2.79042e-20  1  
2.13464  0.050667  2  2  6.10952  6.11448  2.79042e-20  1  
1.76872  0.000450437  2  2  6.10952  6.11448  2.79042e-20  1  
4.56137  5.11448  2  2  6.10952  6.11448  2.79042e-20  1  
4.56137  5.11448  2  2  6.10952  6.11448  2.79042e-20  1  
2.13464  0.050667  2  2  6.10952  6.11448  2.79042e-20  1  
0.974619  0.104006  2  2  6.10952  6.11448  2.79042e-20  1  
5.89387e-08  1  2  2  6.10952  6.11448  2.79042e-20  1  
9.2656e-14  1.02942  2  2  6.10952  6.11448  2.79042e-20  1  
0.974619  0.104006  2  2  6.10952  6.11448  2.79042e-20  1  
1  3.02482e-07  2  2  6.10952  6.11448  2.79042e-20  1  
7.41668e-08  1.00111  2  2  6.10952  6.11448  2.79042e-20  1  
1  3.10228e-07  2  2  6.10952  6.11448  2.79042e-20  1  
1.16093  0.947987  2  2  6.10952  6.11448  2.79042e-20  1  
1.11114e-07  1  2  2  6.10952  6.11448  2.79042e-20  1  
1.05312  3.98291e-11  2  2  6.10952  6.11448  2.79042e-20  1  
2.1362  4.16566e-08  2  2  6.10952  6.11448  2.79042e-20  1  
0.0509614  0.950001  2  2  6.10952  6.11448  2.79042e-20  1  
1  0.000732718  2  2  6.10952  6.11448  2.79042e-20  1  
1  5.4442e-07  2  2  6.10952  6.11448  2.79042e-20  1  
9.86412e-08  1  2  2  6.10952  6.11448  2.79042e-20  1  
1.16093  9.93012e-15  2  2  6.10952  6.11448  2.79042e-20  1  
1  0.00108865  2  2  6.10952  6.11448  2.79042e-20  1  
1.76872  0.0001284  2  2  6.10952  6.11448  2.79042e-20  1  
1  2.16005e-07  2  2  6.10952  6.11448  2.79042e-20  1  
1.07529  1.34439e-15  2  2  6.10952  6.11448  2.79042e-20  1  
1  0.0274577  2  2  6.10952  6.11448  2.79042e-20  1  
5.28686e-09  1  2  2  6.10952  6.11448  2.79042e-20  1  
1.08485e-14  1.0118  2  2  6.10952  6.11448  2.79042e-20  1  
0.0348782  1  2  2  6.10952  6.11448  2.79042e-20  1  
2.74136e-10  1.06675  2  2  6.10952  6.11448  2.79042e-20  1  
2.13465  1.26046e-10  2  2  6.10952  6.11448  2.79042e-20  1  
1.00002  3.33425e-08  2  2  6.10952  6.11448  2.79042e-20  1  
0.700035  0.300404  2  2  6.10952  6.11448  2.79042e-20  1  
0.269806  0.800118  2  2  6.10952  6.11448  2.79042e-20  1  
2.25555  8.27041e-11  2  2  6.10952  6.11448  2.79042e-20  1  
1  2.12209e-05  2  2  6.10952  6.11448  2.79042e-20  1  
2.57294e-12  1  2  2  6.10952  6.11448  2.79042e-20  1  
0.0510939  0.95  2  2  6.10952  6.11448  2.79042e-20  1  
4.28668e-10  1.001  2  2  6.10952  6.11448  2.79042e-20  1  
4.56138  0.266966  2  2  6.10952  6.11448  2.79042e-20  1  
1  6.90977e-07  2  2  6.10952  6.11448  2.79042e-20  1  
4.56138  3.45852  2  2  6.10952  6.11448  2.79042e-20  1  
1.00381  1.34439e-15  2  2  6.10952  6.11448  2.79042e-20  1  
1.3557  5.47545e-13  2  2  6.10952  6.11448  2.79042e-20  1  
0.269806  0.800382  2  2  6.10952  6.11448  2.79042e-20  1  
0.0527828  0.95  2  2  6.10952  6.11448  2.79042e-20  1  
4.83992e-12  1.00038  2  2  6.10952  6.11448  2.79042e-20  1  
0.700035  0.300061  2  2  6.10952  6.11448  2.79042e-20  1  
4.83992e-12  1.00615  2  2  6.10952  6.11448  2.79042e-20  1  
0.700007  0.300012  2  2  6.10952  6.11448  2.79042e-20  1  
0.974958  0.101963  2  2  6.10952  6.11448  2.79042e-20  1  
0.976257  0.101945  2  2  6.10952  6.11448  2.79042e-20  1  
1.00007  1.34439e-15  2  2  6.10952  6.11448  2.79042e-20  1  
0.974623  0.103682  2  2  6.10952  6.11448  2.79042e-20  1  
4.5619  0.000190803  2  2  6.10952  6.11448  2.79042e-20  1  
0.700036  0.300004  2  2  6.10952  6.11448  2.79042e-20  1  
0.269904  0.800004  2  2  6.10952  6.11448  2.79042e-20  1  
2.79042e-20  1  2  2  6.10952  6.11448  2.79042e-20  1  
0.000257454  1  2  2  6.10952  6.11448  2.79042e-20  1  
2.14331  1.08819e-09  2  2  6.10952  6.11448  2.79042e-20  1  
1.77735  8.77455e-10  2  2  6.10952  6.11448  2.79042e-20  1  
4.5614  0.115757  2  2  6.10952  6.11448  2.79042e-20  1  
0.000255574  1  2  2  6.10952  6.11448  2.79042e-20  1  
0.976508  0.101804  2  2  6.10952  6.11448  0.900001  0.165017  
0.900001  0.165017  2  2  6.10952  6.11448  2.79042e-20  1  
4.56155  0.00373363  2  2  6.10952  6.11448  2.79042e-20  1  
4.56164  0.00107174  2  2  6.10952  6.11448  2.79042e-20  1  
0.0110759  1  2  2  6.10952  6.11448  2.79042e-20  1  
5.10952  5.16821e-05  2  2  6.10952  6.11448  2.79042e-20  1  
0.904241  0.165017  2  2  6.10952  6.11448  2.79042e-20  1  
0.700041  0.300002  2  2  6.10952  6.11448  2.79042e-20  1  
2.79042e-20  1.01303  2  2  6.10952  6.11448  2.79042e-20  1  
0.900001  0.16524  2  2  6.10952  6.11448  2.79042e-20  1  
0.0585311  0.95  2  2  6.10952  6.11448  2.79042e-20  1  
2.79042e-20  1.06245  2  2  6.10952  6.11448  2.79042e-20  1  
0.05  0.95  2  2  6.10952  6.11448  2.79042e-20  1  
0.442411  0.765739  2  2  6.10952  6.11448  2.79042e-20  1  
1.76872  3.09765e-08  2  2  6.10952  6.11448  2.79042e-20  1  
0.700001  0.300002  2  2  6.10952  6.11448  2.79042e-20  1  
0.97156  0.101804  2  2  6.10952  6.11448  2.79042e-20  1  
0.971481  0.129085  2  2  6.10952  6.11448  2.79042e-20  1  
0.974732  0.101965  2  2  6.10952  6.11448  2.79042e-20  1  
0.995635  0.101464  2  2  6.10952  6.11448  2.79042e-20  1  
4.56238  9.74755e-05  2  2  6.10952  6.11448  2.79042e-20  1  
0.269809  0.800009  2  2  6.10952  6.11448  0.269664  0.800004  
0.702611  0.300002  2  2  6.10952  6.11448  2.79042e-20  1  
0.477723  0.765654  2  2  6.10952  6.11448  0.441916  0.765837  
2.13464  0.050184  2  2  6.10952  6.11448  1  1.18156e-15  
0.974656  0.102951  2  2  6.10952  6.11448  0.05  0.95  
0.270356  0.800004  2  2  6.10952  6.11448  2.79042e-20  1  
1.34836  9.39964e-09  2  2  6.10952  6.11448  0.441593  0.766024  
0.991791  0.101756  2  2  6.10952  6.11448  0.700001  0.300002  
0.441916  0.765837  2  2  6.10952  6.11448  2.79042e-20  1  
0.441593  0.766024  2  2  6.10952  6.11448  0.477723  0.765654  
0.269664  0.800004  2  2  6.10952  6.11448  0.442411  0.765739  
1.16093  1.11857  2  2.13283  6.10952  6.11448  2.79042e-20  1  
2.72044e-10  2.12399  2  2.13283  6.10952  6.11448  2.79042e-20  1  
1.07677e-07  1.00172  2  2.13283  6.10952  6.11448  2.79042e-20  1  
1.34832  1.10028e-05  2  2.13283  6.10952  6.11448  2.79042e-20  1  
1.16093  1.11857  2  2.13283  6.10952  6.11448  2.79042e-20  1  
2.13464  0.050667  2  2.13283  6.10952  6.11448  2.79042e-20  1  
1.76872  0.000450437  2  2.13283  6.10952  6.11448  2.79042e-20  1  
4.56137  5.11448  2  2.13283  6.10952  6.11448  2.79042e-20  1  
4.56137  5.11448  2  2.13283  6.10952  6.11448  2.79042e-20  1  
2.13464  0.050667  2  2.13283  6.10952  6.11448  2.79042e-20  1  
0.974619  0.104006  2  2.13283  6.10952  6.11448  2.79042e-20  1  
5.89387e-08  1  2  2.13283  6.10952  6.11448  2.79042e-20  1  
9.2656e-14  1.02942  2  2.13283  6.10952  6.11448  2.79042e-20  1  
0.974619  0.104006  2  2.13283  6.10952  6.11448  2.79042e-20  1  
1  3.02482e-07  2  2.13283  6.10952  6.11448  2.79042e-20  1  
7.41668e-08  1.00111  2  2.13283  6.10952  6.11448  2.79042e-20  1  
1  3.10228e-07  2  2.13283  6.10952  6.11448  2.79042e-20  1  
1.16093  0.947987  2  2.13283  6.10952  6.11448  2.79042e-20  1  
1.11114e-07  1  2  2.13283  6.10952  6.11448  2.79042e-20  1  
1.05312  3.98291e-11  2  2.13283  6.10952  6.11448  2.79042e-20  1  
2.1362  4.16566e-08  2  2.13283  6.10952  6.11448  2.79042e-20  1  
0.0509614  0.950001  2  2.13283  6.10952  6.11448  2.79042e-20  1  
1  0.000732718  2  2.13283  6.10952  6.11448  2.79042e-20  1  
1  5.4442e-07  2  2.13283  6.10952  6.11448  2.79042e-20  1  
9.86412e-08  1  2  2.13283  6.10952  6.11448  2.79042e-20  1  
1.16093  9.93012e-15  2  2.13283  6.10952  6.11448  2.79042e-20  1  
1  0.00108865  2  2.13283  6.10952  6.11448  2.79042e-20  1  
1.76872  0.0001284  2  2.13283  6.10952  6.11448  2.79042e-20  1  
1  2.16005e-07  2  2.13283  6.10952  6.11448  2.79042e-20  1  
1.07529  1.34439e-15  2  2.13283  6.10952  6.11448  2.79042e-20  1  
1  0.0274577  2  2.13283  6.10952  6.11448  2.79042e-20  1  
5.28686e-09  1  2  2.13283  6.10952  6.11448  2.79042e-20  1  
1.08485e-14  1.0118  2  2.13283  6.10952  6.11448  2.79042e-20  1  
0.0348782  1  2  2.13283  6.10952  6.11448  2.79042e-20  1  
2.74136e-10  1.06675  2  2.13283  6.10952  6.11448  2.79042e-20  1  
2.13465  1.26046e-10  2  2.13283  6.10952  6.11448  2.79042e-20  1  
1.00002  3.33425e-08  2  2.13283  6.10952  6.11448  2.79042e-20  1  
0.700035  0.300404  2  2.13283  6.10952  6.11448  2.79042e-20  1  
0.269806  0.800118  2  2.13283  6.10952  6.11448  2.79042e-20  1  
2.25555  8.27041e-11  2  2.13283  6.10952  6.11448  2.79042e-20  1  
1  2.12209e-05  2  2.13283  6.10952  6.11448  2.79042e-20  1  
2.57294e-12  1  2  2.13283  6.10952  6.11448  2.79042e-20  1  
0.0510939  0.95  2  2.13283  6.10952  6.11448  2.79042e-20  1  
4.28668e-10  1.001  2  2.13283  6.10952  6.11448  2.79042e-20  1  
4.56138  0.266966  2  2.13283  6.10952  6.11448  2.79042e-20  1  
1  6.90977e-07  2  2.13283  6.10952  6.11448  2.79042e-20  1  
4.56138  3.45852  2  2.13283  6.10952  6.11448  2.79042e-20  1  
1.00381  1.34439e-15  2  2.13283  6.10952  6.11448  2.79042e-20  1  
1.3557  5.47545e-13  2  2.13283  6.10952  6.11448  2.79042e-20  1  
0.269806  0.800382  2  2.13283  6.10952  6.11448  2.79042e-20  1  
0.0527828  0.95  2  2.13283  6.10952  6.11448  2.79042e-20  1  
4.83992e-12  1.00038  2  2.13283  6.10952  6.11448  2.79042e-20  1  
0.700035  0.300061  2  2.13283  6.10952  6.11448  2.79042e-20  1  
4.83992e-12  1.00615  2  2.13283  6.10952  6.11448  2.79042e-20  1  
2.79042e-20  1.00043  2  2.13283  6.10952  6.11448  2.79042e-20  1  
0.974958  0.101963  2  2.13283  6.10952  6.11448  2.79042e-20  1  
0.976257  0.101945  2  2.13283  6.10952  6.11448  2.79042e-20  1  
2.79042e-20  1  2  2.13283  6.10952  6.11448  2.79042e-20  1  
0.974623  0.103682  2  2.13283  6.10952  6.11448  2.79042e-20  1  
4.5619  0.000190803  2  2.13283  6.10952  6.11448  2.79042e-20  1  
0.269664  0.800004  2  2.13283  6.10952  6.11448  2.79042e-20  1  
0.269904  0.800004  2  2.13283  6.10952  6.11448  2.79042e-20  1  
0.900001  0.165017  2  2.13283  6.10952  6.11448  2.79042e-20  1  
0.000257454  1  2  2.13283  6.10952  6.11448  2.79042e-20  1  
2.14331  1.08819e-09  2  2.13283  6.10952  6.11448  2.79042e-20  1  
1.77735  8.77455e-10  2  2.13283  6.10952  6.11448  2.79042e-20  1  
4.5614  0.115757  2  2.13283  6.10952  6.11448  2.79042e-20  1  
2.79042e-20  1.02054  2  2.13283  6.10952  6.11448  2.79042e-20  1  
0.976508  0.101804  2  2.13283  6.10952  6.11448  0.900001  0.165017  
2.79042e-20  1  2  2.13283  6.10952  6.11448  2.79042e-20  1  
4.56155  0.00373363  2  2.13283  6.10952  6.11448  2.79042e-20  1  
4.56164  0.00107174  2  2.13283  6.10952  6.11448  2.79042e-20  1  
0.0311215  1  2  2.13283  6.10952  6.11448  2.79042e-20  1  
5.10952  5.16821e-05  2  2.13283  6.10952  6.11448  2.79042e-20  1  
2.79042e-20  1  2  2.13283  6.10952  6.11448  2.79042e-20  1  
0.700041  0.300002  2  2.13283  6.10952  6.11448  2.79042e-20  1  
0.286583  0.800004  2  2.13283  6.10952  6.11448  2.79042e-20  1  
2.79042e-20  1  2  2.13283  6.10952  6.11448  2.79042e-20  1  
0.0585311  0.95  2  2.13283  6.10952  6.11448  2.79042e-20  1  
0.329841  0.800004  2  2.13283  6.10952  6.11448  2.79042e-20  1  
0.05  0.95  2  2.13283  6.10952  6.11448  2.79042e-20  1  
0.434787  0.757127  2  2.13283  6.10952  6.11448  2.79042e-20  1  
1.76872  3.09765e-08  2  2.13283  6.10952  6.11448  2.79042e-20  1  
0.700001  0.300002  2  2.13283  6.10952  6.11448  2.79042e-20  1  
0.97156  0.101804  2  2.13283  6.10952  6.11448  2.79042e-20  1  
0.971481  0.129085  2  2.13283  6.10952  6.11448  2.79042e-20  1  
0.974732  0.101965  2  2.13283  6.10952  6.11448  2.79042e-20  1  
0.995635  0.101464  2  2.13283  6.10952  6.11448  0.700001  0.300002  
4.56238  9.74755e-05  2  2.13283  6.10952  6.11448  2.79042e-20  1  
0.269809  0.800009  2  2.13283  6.10952  6.11448  2.79042e-20  1  
0.702611  0.300002  2  2.13283  6.10952  6.11448  0.269664  0.800004  
2.79042e-20  1  2  2.13283  6.10952  6.11448  1  1.18156e-15  
2.13464  0.050184  2  2.13283  6.10952  6.11448  2.79042e-20  1  
0.974656  0.102951  2  2.13283  6.10952  6.11448  0.05  0.95  
0.270356  0.800004  2  2.13283  6.10952  6.11448  2.79042e-20  1  
1.34836  9.39964e-09  2  2.13283  6.10952  6.11448  0.434787  0.757114  
0.991791  0.101756  2  2.13283  6.10952  6.11448  2.79042e-20  1  
2.79042e-20  1  2  2.13283  6.10952  6.11448  2.79042e-20  1  
0.434773  0.757135  2  2.13283  6.10952  6.11448  0.434773  0.757135  
0.434792  0.75676  2  2.13283  6.10952  6.11448  0.434792  0.75676  
