2.05382  2.98246  3.54914  5.23642  1.79769e+308  1.79769e+308  2.05382  2.98246  
2.36554  1.9388  3.54914  5.23642  1.79769e+308  1.79769e+308  2.36554  1.9388  
1.77633  3.82705  3.54914  5.23642  1.79769e+308  1.79769e+308  1.77633  3.82705  
1.98242  3.0246  3.54914  5.23642  1.79769e+308  1.79769e+308  1.98242  3.0246  
1.79884  3.59619  3.54914  5.23642  1.79769e+308  1.79769e+308  1.79884  3.59619  
2.24059  2.06043  3.54914  5.23642  1.79769e+308  1.79769e+308  2.24059  2.06043  
2.49451  1.99531  3.54914  5.23642  1.79769e+308  1.79769e+308  2.49451  1.99531  
1.83166  3.54525  3.54914  5.23642  1.79769e+308  1.79769e+308  1.83166  3.54525  
2.38401  2.16809  3.54914  5.23642  1.79769e+308  1.79769e+308  2.38401  2.16809  
1.64016  3.70877  3.54914  5.23642  1.79769e+308  1.79769e+308  1.64016  3.70877  
2.51102  1.47418  3.54914  5.23642  1.79769e+308  1.79769e+308  2.51102  1.47418  
1.79631  3.50744  3.54914  5.23642  1.79769e+308  1.79769e+308  1.79631  3.50744  
1.8006  3.79385  3.54914  5.23642  1.79769e+308  1.79769e+308  1.8006  3.79385  
2.2037  2.67926  3.54914  5.23642  1.79769e+308  1.79769e+308  2.2037  2.67926  
1.65692  3.75337  3.54914  5.23642  1.79769e+308  1.79769e+308  1.65692  3.75337  
2.18773  3.15266  3.54914  5.23642  1.79769e+308  1.79769e+308  2.18773  3.15266  
1.77961  3.61982  3.54914  5.23642  1.79769e+308  1.79769e+308  1.77961  3.61982  
2.30869  1.38851  3.54914  5.23642  1.79769e+308  1.79769e+308  2.30869  1.38851  
2.49486  1.59445  3.54914  5.23642  1.79769e+308  1.79769e+308  2.49486  1.59445  
2.33577  2.30481  3.54914  5.23642  1.79769e+308  1.79769e+308  2.33577  2.30481  
2.54914  1.42043  3.54914  5.23642  1.79769e+308  1.79769e+308  2.54914  1.42043  
2.17791  2.67428  3.54914  5.23642  1.79769e+308  1.79769e+308  2.17791  2.67428  
2.11547  3.22266  3.54914  5.23642  1.79769e+308  1.79769e+308  2.11547  3.22266  
2.02428  3.25705  3.54914  5.23642  1.79769e+308  1.79769e+308  2.02428  3.25705  
1.49361  4.13067  3.54914  5.23642  1.79769e+308  1.79769e+308  1.49361  4.13067  
2.18833  2.64622  3.54914  5.23642  1.79769e+308  1.79769e+308  2.18833  2.64622  
2.29368  2.33633  3.54914  5.23642  1.79769e+308  1.79769e+308  2.29368  2.33633  
2.03614  3.18009  3.54914  5.23642  1.79769e+308  1.79769e+308  2.03614  3.18009  
2.2339  2.67035  3.54914  5.23642  1.79769e+308  1.79769e+308  2.2339  2.67035  
2.16637  2.57793  3.54914  5.23642  1.79769e+308  1.79769e+308  2.16637  2.57793  
1.91288  3.68883  3.54914  5.23642  1.79769e+308  1.79769e+308  1.91288  3.68883  
1.63316  3.96583  3.54914  5.23642  1.79769e+308  1.79769e+308  1.63316  3.96583  
1.84863  3.61294  3.54914  5.23642  1.79769e+308  1.79769e+308  1.84863  3.61294  
2.30877  2.15148  3.54914  5.23642  1.79769e+308  1.79769e+308  2.30877  2.15148  
2.13166  3.25666  3.54914  5.23642  1.79769e+308  1.79769e+308  2.13166  3.25666  
2.35813  1.97605  3.54914  5.23642  1.79769e+308  1.79769e+308  2.35813  1.97605  
2.18189  2.61646  3.54914  5.23642  1.79769e+308  1.79769e+308  2.18189  2.61646  
1.87549  3.17041  3.54914  5.23642  1.79769e+308  1.79769e+308  1.87549  3.17041  
1.585  3.93919  3.54914  5.23642  1.79769e+308  1.79769e+308  1.585  3.93919  
2.37555  2.1395  3.54914  5.23642  1.79769e+308  1.79769e+308  2.37555  2.1395  
1.8092  3.5281  3.54914  5.23642  1.79769e+308  1.79769e+308  1.8092  3.5281  
1.6086  3.96663  3.54914  5.23642  1.79769e+308  1.79769e+308  1.6086  3.96663  
1.25831  4.07412  3.54914  5.23642  1.79769e+308  1.79769e+308  1.25831  4.07412  
2.10364  2.65846  3.54914  5.23642  1.79769e+308  1.79769e+308  2.10364  2.65846  
1.88827  3.63271  3.54914  5.23642  1.79769e+308  1.79769e+308  1.88827  3.63271  
2.17317  3.10991  3.54914  5.23642  1.79769e+308  1.79769e+308  2.17317  3.10991  
1.63739  3.72647  3.54914  5.23642  1.79769e+308  1.79769e+308  1.63739  3.72647  
2.21168  2.6538  3.54914  5.23642  1.79769e+308  1.79769e+308  2.21168  2.6538  
2.09834  3.48673  3.54914  5.23642  1.79769e+308  1.79769e+308  2.09834  3.48673  
2.20122  2.58103  3.54914  5.23642  1.79769e+308  1.79769e+308  2.20122  2.58103  
2.45907  1.786  3.54914  5.23642  1.79769e+308  1.79769e+308  2.45907  1.786  
2.17485  2.80941  3.54914  5.23642  1.79769e+308  1.79769e+308  2.17485  2.80941  
2.01211  2.93962  3.54914  5.23642  1.79769e+308  1.79769e+308  2.01211  2.93962  
1.73379  3.51116  3.54914  5.23642  1.79769e+308  1.79769e+308  1.73379  3.51116  
2.09879  2.81934  3.54914  5.23642  1.79769e+308  1.79769e+308  2.09879  2.81934  
2.35514  2.10718  3.54914  5.23642  1.79769e+308  1.79769e+308  2.35514  2.10718  
2.06705  2.81666  3.54914  5.23642  1.79769e+308  1.79769e+308  2.06705  2.81666  
2.00925  3.20864  3.54914  5.23642  1.79769e+308  1.79769e+308  2.00925  3.20864  
2.22899  2.69615  3.54914  5.23642  1.79769e+308  1.79769e+308  2.22899  2.69615  
2.09284  3.19007  3.54914  5.23642  1.79769e+308  1.79769e+308  2.09284  3.19007  
1.47658  4.12313  3.54914  5.23642  1.79769e+308  1.79769e+308  1.47658  4.12313  
2.00179  3.24934  3.54914  5.23642  1.79769e+308  1.79769e+308  2.00179  3.24934  
2.08408  2.94099  3.54914  5.23642  1.79769e+308  1.79769e+308  2.08408  2.94099  
2.00428  3.44724  3.54914  5.23642  1.79769e+308  1.79769e+308  2.00428  3.44724  
2.30668  2.04894  3.54914  5.23642  1.79769e+308  1.79769e+308  2.30668  2.04894  
2.32449  2.19807  3.54914  5.23642  1.79769e+308  1.79769e+308  2.32449  2.19807  
1.69917  3.83163  3.54914  5.23642  1.79769e+308  1.79769e+308  1.69917  3.83163  
1.78955  3.61163  3.54914  5.23642  1.79769e+308  1.79769e+308  1.78955  3.61163  
1.50341  4.037  3.54914  5.23642  1.79769e+308  1.79769e+308  1.50341  4.037  
2.06296  2.94917  3.54914  5.23642  1.79769e+308  1.79769e+308  2.06296  2.94917  
2.34791  2.53299  3.54914  5.23642  1.79769e+308  1.79769e+308  2.34791  2.53299  
1.63824  3.85453  3.54914  5.23642  1.79769e+308  1.79769e+308  1.63824  3.85453  
2.45219  2.48862  3.54914  5.23642  1.79769e+308  1.79769e+308  2.45219  2.48862  
1.49325  4.12794  3.54914  5.23642  1.79769e+308  1.79769e+308  1.49325  4.12794  
1.66833  3.87947  3.54914  5.23642  1.79769e+308  1.79769e+308  1.66833  3.87947  
1.42346  4.21767  3.54914  5.23642  1.79769e+308  1.79769e+308  1.42346  4.21767  
2.07721  2.5914  3.54914  5.23642  1.79769e+308  1.79769e+308  2.07721  2.5914  
2.19396  3.10097  3.54914  5.23642  1.79769e+308  1.79769e+308  2.19396  3.10097  
2.32972  2.48453  3.54914  5.23642  1.79769e+308  1.79769e+308  2.32972  2.48453  
2.11617  3.09061  3.54914  5.23642  1.79769e+308  1.79769e+308  2.11617  3.09061  
2.28738  2.23507  3.54914  5.23642  1.79769e+308  1.79769e+308  2.28738  2.23507  
1.76225  3.57854  3.54914  5.23642  1.79769e+308  1.79769e+308  1.76225  3.57854  
1.69124  3.90831  3.54914  5.23642  1.79769e+308  1.79769e+308  1.69124  3.90831  
2.34014  2.66527  3.54914  5.23642  1.79769e+308  1.79769e+308  2.34014  2.66527  
2.08239  3.03223  3.54914  5.23642  1.79769e+308  1.79769e+308  2.08239  3.03223  
2.23497  2.48704  3.54914  5.23642  1.79769e+308  1.79769e+308  2.23497  2.48704  
1.19772  4.23642  3.54914  5.23642  1.79769e+308  1.79769e+308  1.19772  4.23642  
1.99974  2.91381  3.54914  5.23642  1.79769e+308  1.79769e+308  1.99974  2.91381  
1.3833  3.95865  3.54914  5.23642  1.79769e+308  1.79769e+308  1.3833  3.95865  
2.16599  3.05119  3.54914  5.23642  1.79769e+308  1.79769e+308  2.16599  3.05119  
1.94958  3.48312  3.54914  5.23642  1.79769e+308  1.79769e+308  1.94958  3.48312  
1.96404  3.33765  3.54914  5.23642  1.79769e+308  1.79769e+308  1.96404  3.33765  
2.37282  1.79509  3.54914  5.23642  1.79769e+308  1.79769e+308  2.37282  1.79509  
2.35442  2.63851  3.54914  5.23642  1.79769e+308  1.79769e+308  2.35442  2.63851  
1.85347  3.34858  3.54914  5.23642  1.79769e+308  1.79769e+308  1.85347  3.34858  
1.69232  4.17675  3.54914  5.23642  1.79769e+308  1.79769e+308  1.69232  4.17675  
2.01451  3.10309  3.54914  5.23642  1.79769e+308  1.79769e+308  2.01451  3.10309  
2.45579  1.59836  3.54914  5.23642  1.79769e+308  1.79769e+308  2.45579  1.59836  
2.42407  1.76042  3.54914  5.23642  1.79769e+308  1.79769e+308  2.42407  1.76042  
1.46989  3.97452  3.54914  5.23642  1.79769e+308  1.79769e+308  1.46989  3.97452  
1.14412  3.39837  3.05  5.03767  3.05  5.03767  0.930748  3.64126  
1.50159  2.80165  3.05  5.03767  3.05  5.03767  1.80991  1.95022  
0.206918  4.03767  3.05  5.03767  3.05  5.03767  1.26506  3.22718  
1.69855  2.31475  3.05  5.03767  3.05  5.03767  1.36177  3.06944  
1.65522  2.43602  3.05  5.03767  3.05  5.03767  1.57846  2.62979  
1.35168  3.08685  3.05  5.03767  3.05  5.03767  1.48472  2.83682  
0.902834  3.66811  3.05  5.03767  3.05  5.03767  2.01083  0.837809  
0.927081  3.64485  3.05  5.03767  3.05  5.03767  1.23599  3.27082  
1.59521  2.58954  3.05  5.03767  3.05  5.03767  1.34813  3.09293  
0.450753  3.96888  3.05  5.03767  3.05  5.03767  0.990521  3.58011  
2.04599  0.303128  3.05  5.03767  3.05  5.03767  1.0828  3.47538  
1.8981  1.57906  3.05  5.03767  3.05  5.03767  1.40252  2.99665  
1.01872  3.54947  3.05  5.03767  3.05  5.03767  1.15431  3.38496  
2.02232  0.713234  3.05  5.03767  3.05  5.03767  1.06466  3.49701  
0.65705  3.86129  3.05  5.03767  3.05  5.03767  1.02812  3.539  
1.316  3.14661  3.05  5.03767  3.05  5.03767  1.30703  3.16119  
1.79233  2.01396  3.05  5.03767  3.05  5.03767  0.261921  4.02748  
1.22265  3.2903  3.05  5.03767  3.05  5.03767  2.04248  0.396552  
0.973844  3.59768  3.05  5.03767  3.05  5.03767  0.743587  3.80177  
1.40348  2.99489  3.05  5.03767  3.05  5.03767  1.29327  3.18323  
1.95752  1.25225  3.05  5.03767  3.05  5.03767  1.43019  2.94487  
1.81733  1.92248  3.05  5.03767  3.05  5.03767  1.51156  2.78044  
0.687261  3.84152  3.05  5.03767  3.05  5.03767  1.63299  2.49471  
1.94824  1.30966  3.05  5.03767  3.05  5.03767  2.03303  0.569986  
1.72641  2.23144  3.05  5.03767  3.05  5.03767  1.88561  1.63811  
1.56445  2.66261  3.05  5.03767  3.05  5.03767  0.393815  3.99045  
0.773063  3.77944  3.05  5.03767  3.05  5.03767  0.794875  3.76223  
2.00788  0.866571  3.05  5.03767  3.05  5.03767  1.18827  3.33897  
1.77955  2.05863  3.05  5.03767  3.05  5.03767  1.90074  1.56628  
1.54901  2.698  3.05  5.03767  3.05  5.03767  0.503146  3.94598  
1.80492  1.96858  3.05  5.03767  3.05  5.03767  1.95851  1.24598  
2.00018  0.93726  3.05  5.03767  3.05  5.03767  1.97233  1.15391  
1.87615  1.68116  3.05  5.03767  3.05  5.03767  0.909775  3.66153  
0.625875  3.8806  3.05  5.03767  3.05  5.03767  1.92973  1.41618  
1.06188  3.50028  3.05  5.03767  3.05  5.03767  1.79462  2.00582  
2.02906  0.627262  3.05  5.03767  3.05  5.03767  1.64723  2.45737  
1.04063  3.52486  3.05  5.03767  3.05  5.03767  1.76415  2.11078  
1.76661  2.10255  3.05  5.03767  3.05  5.03767  0.660422  3.85914  
1.93874  1.36554  3.05  5.03767  3.05  5.03767  0.630842  3.8776  
1.86484  1.7309  3.05  5.03767  3.05  5.03767  1.37534  3.04565  
1.8533  1.77988  3.05  5.03767  3.05  5.03767  1.91554  1.49187  
1.61034  2.55227  3.05  5.03767  3.05  5.03767  1.71955  2.25236  
1.12402  3.4243  3.05  5.03767  3.05  5.03767  0.819302  3.74225  
1.64039  2.4754  3.05  5.03767  3.05  5.03767  0.951335  3.62077  
1.88723  1.6306  3.05  5.03767  3.05  5.03767  0.769893  3.78189  
1.16417  3.37182  3.05  5.03767  3.05  5.03767  1.60561  2.56402  
0.560316  3.9176  3.05  5.03767  3.05  5.03767  1.38887  3.02149  
1.08294  3.47522  3.05  5.03767  3.05  5.03767  0.569122  3.91291  
1.45322  2.90025  3.05  5.03767  3.05  5.03767  1.55157  2.6922  
1.26069  3.23385  3.05  5.03767  3.05  5.03767  1.61919  2.53004  
0.878259  3.69087  3.05  5.03767  3.05  5.03767  0.309792  4.01611  
1.98386  1.07013  3.05  5.03767  3.05  5.03767  1.00951  3.5596  
1.9289  1.42076  3.05  5.03767  3.05  5.03767  1.11869  3.43107  
1.46946  2.8679  3.05  5.03767  3.05  5.03767  1.99851  0.951792  
1.43682  2.93218  3.05  5.03767  3.05  5.03767  1.10083  3.45338  
1.68434  2.35559  3.05  5.03767  3.05  5.03767  1.13655  3.40821  
1.51754  2.76758  3.05  5.03767  3.05  5.03767  0.468432  3.96148  
1.38648  3.02578  3.05  5.03767  3.05  5.03767  1.49813  2.80893  
0.319905  4.01341  3.05  5.03767  3.05  5.03767  1.70528  2.29503  
1.48561  2.83497  3.05  5.03767  3.05  5.03767  0.536635  3.92979  
1.99215  1.00513  3.05  5.03767  3.05  5.03767  2.05  0.0500698  
2.01525  0.792363  3.05  5.03767  3.05  5.03767  1.98577  1.05557  
1.5799  2.62637  3.05  5.03767  3.05  5.03767  0.353492  4.00368  
2.04098  0.429541  3.05  5.03767  3.05  5.03767  1.77941  2.05913  
0.410137  3.98462  3.05  5.03767  3.05  5.03767  1.87089  1.70454  
0.950705  3.6214  3.05  5.03767  3.05  5.03767  0.971289  3.60034  
1.7126  2.2733  3.05  5.03767  3.05  5.03767  1.94438  1.33271  
1.96658  1.19319  3.05  5.03767  3.05  5.03767  1.33452  3.11595  
1.24177  3.26228  3.05  5.03767  3.05  5.03767  1.45755  2.89169  
2.05  0.0500698  3.05  5.03767  3.05  5.03767  1.25043  3.24935  
0.8268  3.73596  3.05  5.03767  3.05  5.03767  1.53822  2.72222  
1.6255  2.51398  3.05  5.03767  3.05  5.03767  1.47117  2.86444  
0.99653  3.57368  3.05  5.03767  3.05  5.03767  1.52492  2.75157  
0.267832  4.0262  3.05  5.03767  3.05  5.03767  1.22043  3.29351  
1.90859  1.52737  3.05  5.03767  3.05  5.03767  0.888369  3.6816  
1.82953  1.87569  3.05  5.03767  3.05  5.03767  1.85556  1.7704  
1.91883  1.47475  3.05  5.03767  3.05  5.03767  0.689029  3.84033  
0.852828  3.71359  3.05  5.03767  3.05  5.03767  1.0465  3.51813  
0.8002  3.75794  3.05  5.03767  3.05  5.03767  1.66184  2.4181  
1.3692  3.05648  3.05  5.03767  3.05  5.03767  0.600543  3.89547  
0.489  3.95245  3.05  5.03767  3.05  5.03767  1.44389  2.9185  
0.745177  3.80059  3.05  5.03767  3.05  5.03767  0.842896  3.72223  
1.33394  3.11692  3.05  5.03767  3.05  5.03767  1.67682  2.37676  
1.75339  2.14615  3.05  5.03767  3.05  5.03767  0.432218  3.97628  
1.84154  1.82807  3.05  5.03767  3.05  5.03767  1.27934  3.20514  
1.10358  3.44998  3.05  5.03767  3.05  5.03767  1.5921  2.59709  
1.42027  2.96367  3.05  5.03767  3.05  5.03767  1.17137  3.36212  
0.593758  3.89933  3.05  5.03767  3.05  5.03767  1.4163  2.97111  
0.366907  3.99947  3.05  5.03767  3.05  5.03767  1.84017  1.83358  
1.73999  2.18908  3.05  5.03767  3.05  5.03767  2.02254  0.710569  
1.53336  2.73301  3.05  5.03767  3.05  5.03767  1.69102  2.33654  
1.20336  3.31788  3.05  5.03767  3.05  5.03767  0.865636  3.70225  
2.03529  0.53424  3.05  5.03767  3.05  5.03767  1.74875  2.16116  
1.97534  1.13272  3.05  5.03767  3.05  5.03767  1.73441  2.20663  
0.716662  3.82124  3.05  5.03767  3.05  5.03767  1.56485  2.66169  
1.2978  3.17602  3.05  5.03767  3.05  5.03767  0.71684  3.82111  
1.18388  3.34504  3.05  5.03767  3.05  5.03767  0.206918  4.03767  
0.525581  3.93527  3.05  5.03767  3.05  5.03767  1.32073  3.13885  
1.27937  3.20509  3.05  5.03767  3.05  5.03767  1.20452  3.31624  
1.66988  2.39604  3.05  5.03767  3.05  5.03767  1.82538  1.89175  
1.14425  3.3982  3.05  5.03767  3.05  5.03767  0.927893  3.64405  
1.5022  2.80035  3.05  5.03767  3.05  5.03767  1.81858  1.91777  
0.206918  4.03767  3.05  5.03767  3.05  5.03767  1.26519  3.22699  
1.69853  2.31481  3.05  5.03767  3.05  5.03767  1.35742  3.07697  
1.65544  2.43542  3.05  5.03767  3.05  5.03767  1.58277  2.61954  
1.35197  3.08636  3.05  5.03767  3.05  5.03767  1.48558  2.83504  
0.90164  3.66923  3.05  5.03767  3.05  5.03767  2.00878  0.857898  
0.925838  3.64606  3.05  5.03767  3.05  5.03767  1.23388  3.27393  
1.5958  2.58812  3.05  5.03767  3.05  5.03767  1.34245  3.10259  
0.449969  3.9692  3.05  5.03767  3.05  5.03767  0.988654  3.5821  
2.04601  0.302682  3.05  5.03767  3.05  5.03767  1.08277  3.47542  
1.89776  1.58072  3.05  5.03767  3.05  5.03767  1.40175  2.99806  
1.01785  3.55044  3.05  5.03767  3.05  5.03767  1.15255  3.38729  
2.02248  0.711277  3.05  5.03767  3.05  5.03767  1.06463  3.49705  
0.656379  3.86172  3.05  5.03767  3.05  5.03767  1.02745  3.53975  
1.31559  3.14546  3.05  5.03767  3.05  5.03767  1.3117  3.15362  
1.79233  2.01396  3.05  5.03767  3.05  5.03767  0.262096  4.02744  
1.22275  3.29016  3.05  5.03767  3.05  5.03767  2.04408  0.357435  
0.97263  3.59895  3.05  5.03767  3.05  5.03767  0.74103  3.80365  
1.40351  2.99483  3.05  5.03767  3.05  5.03767  1.29641  3.17823  
1.95749  1.25245  3.05  5.03767  3.05  5.03767  1.43029  2.94469  
1.81728  1.92266  3.05  5.03767  3.05  5.03767  1.51307  2.77722  
0.686652  3.84193  3.05  5.03767  3.05  5.03767  1.63986  2.47681  
1.94815  1.31022  3.05  5.03767  3.05  5.03767  2.02824  0.638454  
1.72636  2.23156  3.05  5.03767  3.05  5.03767  1.89275  1.60469  
1.56512  2.66107  3.05  5.03767  3.05  5.03767  0.394438  3.99023  
0.772407  3.77995  3.05  5.03767  3.05  5.03767  0.791609  3.76484  
2.008  0.865446  3.05  5.03767  3.05  5.03767  1.18566  3.34258  
1.77954  2.05868  3.05  5.03767  3.05  5.03767  1.90722  1.53423  
1.54968  2.69647  3.05  5.03767  3.05  5.03767  0.503657  3.94574  
1.80492  1.96858  3.05  5.03767  3.05  5.03767  1.9619  1.2241  
2.00027  0.936463  3.05  5.03767  3.05  5.03767  1.97449  1.13873  
1.87595  1.68207  3.05  5.03767  3.05  5.03767  0.906488  3.66465  
0.625141  3.88104  3.05  5.03767  3.05  5.03767  1.93515  1.38597  
1.06142  3.50081  3.05  5.03767  3.05  5.03767  1.8036  1.97341  
2.02914  0.62617  3.05  5.03767  3.05  5.03767  1.65443  2.43814  
1.03984  3.52575  3.05  5.03767  3.05  5.03767  1.77317  2.08046  
1.76654  2.10279  3.05  5.03767  3.05  5.03767  0.659219  3.85991  
1.93859  1.36643  3.05  5.03767  3.05  5.03767  0.629973  3.87812  
1.86463  1.73183  3.05  5.03767  3.05  5.03767  1.37242  3.05081  
1.85313  1.78057  3.05  5.03767  3.05  5.03767  1.92125  1.46197  
1.61096  2.55071  3.05  5.03767  3.05  5.03767  1.72788  2.22689  
1.12402  3.4243  3.05  5.03767  3.05  5.03767  0.815718  3.74523  
1.6407  2.47461  3.05  5.03767  3.05  5.03767  0.94856  3.62356  
1.887  1.63169  3.05  5.03767  3.05  5.03767  0.766832  3.78425  
1.16422  3.37176  3.05  5.03767  3.05  5.03767  1.61088  2.55093  
0.559517  3.91802  3.05  5.03767  3.05  5.03767  1.3873  3.02431  
1.08262  3.47561  3.05  5.03767  3.05  5.03767  0.569122  3.91291  
1.45352  2.89965  3.05  5.03767  3.05  5.03767  1.5549  2.68459  
1.2606  3.23398  3.05  5.03767  3.05  5.03767  1.62542  2.51417  
0.876954  3.69206  3.05  5.03767  3.05  5.03767  0.310107  4.01603  
1.98392  1.06974  3.05  5.03767  3.05  5.03767  1.00822  3.56102  
1.92874  1.42161  3.05  5.03767  3.05  5.03767  1.1184  3.43144  
1.46995  2.8669  3.05  5.03767  3.05  5.03767  1.99798  0.956341  
1.43698  2.93186  3.05  5.03767  3.05  5.03767  1.10071  3.45354  
1.68435  2.35555  3.05  5.03767  3.05  5.03767  1.13564  3.40939  
1.51816  2.76626  3.05  5.03767  3.05  5.03767  0.468955  3.96125  
1.38653  3.0257  3.05  5.03767  3.05  5.03767  1.49931  2.80645  
0.319397  4.01355  3.05  5.03767  3.05  5.03767  1.71323  2.27143  
1.48617  2.83381  3.05  5.03767  3.05  5.03767  0.536971  3.92962  
1.99222  1.0045  3.05  5.03767  3.05  5.03767  2.05  0.0500575  
2.01541  0.790662  3.05  5.03767  3.05  5.03767  1.98655  1.04958  
1.58051  2.6249  3.05  5.03767  3.05  5.03767  0.353855  4.00357  
2.04102  0.428633  3.05  5.03767  3.05  5.03767  1.78852  2.02741  
0.409467  3.98486  3.05  5.03767  3.05  5.03767  1.87834  1.67133  
0.949466  3.62265  3.05  5.03767  3.05  5.03767  0.968865  3.60285  
1.71255  2.27346  3.05  5.03767  3.05  5.03767  1.94879  1.30633  
1.96656  1.1933  3.05  5.03767  3.05  5.03767  2.0367  0.510479  
1.2418  3.26223  3.05  5.03767  3.05  5.03767  1.45814  2.89053  
2.05  0.0500575  3.05  5.03767  3.05  5.03767  1.24956  3.25066  
0.825963  3.73667  3.05  5.03767  3.05  5.03767  1.54089  2.71628  
1.62591  2.51294  3.05  5.03767  3.05  5.03767  1.47187  2.86304  
0.995364  3.57493  3.05  5.03767  3.05  5.03767  1.52708  2.74684  
0.267395  4.0263  3.05  5.03767  3.05  5.03767  1.21804  3.29696  
1.90831  1.52875  3.05  5.03767  3.05  5.03767  0.884587  3.68509  
1.82946  1.87594  3.05  5.03767  3.05  5.03767  1.86371  1.73577  
1.91864  1.47575  3.05  5.03767  3.05  5.03767  0.687277  3.84151  
0.851836  3.71446  3.05  5.03767  3.05  5.03767  1.04621  3.51847  
0.7995  3.7585  3.05  5.03767  3.05  5.03767  1.66905  2.39835  
1.36934  3.05622  3.05  5.03767  3.05  5.03767  0.599975  3.89579  
0.488248  3.95279  3.05  5.03767  3.05  5.03767  1.44424  2.91782  
0.744752  3.8009  3.05  5.03767  3.05  5.03767  0.839236  3.72538  
1.33444  3.11608  3.05  5.03767  3.05  5.03767  1.68368  2.35745  
1.75336  2.14625  3.05  5.03767  3.05  5.03767  0.43265  3.97611  
1.84144  1.82849  3.05  5.03767  3.05  5.03767  1.28093  3.20265  
1.10349  3.45009  3.05  5.03767  3.05  5.03767  1.5969  2.58542  
1.42032  2.96358  3.05  5.03767  3.05  5.03767  1.16921  3.36503  
0.593052  3.89972  3.05  5.03767  3.05  5.03767  1.41619  2.97132  
0.366226  3.99968  3.05  5.03767  3.05  5.03767  1.84868  1.79901  
1.73996  2.18918  3.05  5.03767  3.05  5.03767  2.0189  0.752647  
1.53393  2.73176  3.05  5.03767  3.05  5.03767  1.69834  2.31537  
1.20347  3.31773  3.05  5.03767  3.05  5.03767  0.862141  3.70537  
2.03535  0.533223  3.05  5.03767  3.05  5.03767  1.75783  2.13165  
1.97537  1.13249  3.05  5.03767  3.05  5.03767  1.74297  2.17964  
0.716219  3.82155  3.05  5.03767  3.05  5.03767  1.56901  2.652  
1.29751  3.17648  3.05  5.03767  3.05  5.03767  0.714676  3.82264  
1.18396  3.34492  3.05  5.03767  3.05  5.03767  0.206918  4.03767  
0.524692  3.9357  3.05  5.03767  3.05  5.03767  1.32717  3.12821  
1.27917  3.2054  3.05  5.03767  3.05  5.03767  1.20195  3.31987  
1.67  2.39572  3.05  5.03767  3.05  5.03767  1.83376  1.85907  
1.14423  3.39823  3.05  5.03767  3.05  5.03767  0.925141  3.64674  
1.50263  2.79946  3.05  5.03767  3.05  5.03767  1.82438  1.89563  
0.206918  4.03767  3.05  5.03767  3.05  5.03767  1.26555  3.22643  
1.69861  2.31459  3.05  5.03767  3.05  5.03767  1.35742  3.07697  
1.65567  2.4348  3.05  5.03767  3.05  5.03767  1.58702  2.60935  
1.35202  3.08628  3.05  5.03767  3.05  5.03767  1.48737  2.83134  
0.900974  3.66986  3.05  5.03767  3.05  5.03767  2.00856  0.860044  
0.925106  3.64677  3.05  5.03767  3.05  5.03767  1.23405  3.27368  
1.59626  2.58699  3.05  5.03767  3.05  5.03767  1.34236  3.10274  
0.449512  3.96938  3.05  5.03767  3.05  5.03767  0.98699  3.58386  
2.04602  0.302154  3.05  5.03767  3.05  5.03767  1.08195  3.47641  
1.89762  1.58139  3.05  5.03767  3.05  5.03767  1.40162  2.9983  
1.01735  3.55099  3.05  5.03767  3.05  5.03767  1.15212  3.38787  
2.02256  0.710297  3.05  5.03767  3.05  5.03767  1.0637  3.49813  
0.655654  3.86218  3.05  5.03767  3.05  5.03767  1.02602  3.54135  
1.31559  3.14546  3.05  5.03767  3.05  5.03767  1.31203  3.15308  
1.79225  2.01425  3.05  5.03767  3.05  5.03767  0.262271  4.02741  
1.22275  3.29016  3.05  5.03767  3.05  5.03767  2.04404  0.358615  
0.972111  3.59948  3.05  5.03767  3.05  5.03767  0.737881  3.80597  
1.40369  2.99451  3.05  5.03767  3.05  5.03767  1.29664  3.17786  
1.95747  1.25262  3.05  5.03767  3.05  5.03767  1.43037  2.94453  
1.8172  1.92296  3.05  5.03767  3.05  5.03767  1.51514  2.77277  
0.685986  3.84237  3.05  5.03767  3.05  5.03767  1.64541  2.46218  
1.94813  1.31032  3.05  5.03767  3.05  5.03767  2.02804  0.641113  
1.72636  2.23156  3.05  5.03767  3.05  5.03767  1.89593  1.58951  
1.56564  2.65985  3.05  5.03767  3.05  5.03767  0.394606  3.99018  
0.771704  3.78049  3.05  5.03767  3.05  5.03767  0.787886  3.76781  
2.00809  0.864618  3.05  5.03767  3.05  5.03767  1.18554  3.34275  
1.77947  2.05892  3.05  5.03767  3.05  5.03767  1.90973  1.52161  
1.55012  2.69548  3.05  5.03767  3.05  5.03767  0.503576  3.94578  
1.80483  1.96894  3.05  5.03767  3.05  5.03767  1.96237  1.22103  
2.00034  0.935812  3.05  5.03767  3.05  5.03767  1.9746  1.13795  
1.87571  1.68315  3.05  5.03767  3.05  5.03767  0.903962  3.66704  
0.624469  3.88144  3.05  5.03767  3.05  5.03767  1.93668  1.37733  
1.06103  3.50127  3.05  5.03767  3.05  5.03767  1.80927  1.95261  
2.02921  0.625244  3.05  5.03767  3.05  5.03767  1.66023  2.42248  
1.03937  3.52629  3.05  5.03767  3.05  5.03767  1.77942  2.05908  
1.7665  2.10293  3.05  5.03767  3.05  5.03767  0.657136  3.86124  
1.93853  1.36677  3.05  5.03767  3.05  5.03767  0.628661  3.87892  
1.86443  1.73269  3.05  5.03767  3.05  5.03767  1.37229  3.05104  
1.85296  1.7813  3.05  5.03767  3.05  5.03767  1.92328  1.45118  
1.61135  2.54974  3.05  5.03767  3.05  5.03767  1.73458  2.20608  
1.1239  3.42446  3.05  5.03767  3.05  5.03767  0.812308  3.74805  
1.64102  2.47376  3.05  5.03767  3.05  5.03767  0.946279  3.62585  
1.88679  1.63264  3.05  5.03767  3.05  5.03767  0.76342  3.78686  
1.16425  3.37172  3.05  5.03767  3.05  5.03767  1.61618  2.53764  
0.558878  3.91836  3.05  5.03767  3.05  5.03767  1.38702  3.02481  
1.08235  3.47593  3.05  5.03767  3.05  5.03767  0.568374  3.91331  
1.4539  2.8989  3.05  5.03767  3.05  5.03767  1.55821  2.67702  
1.2606  3.23398  3.05  5.03767  3.05  5.03767  1.63085  2.50025  
0.876235  3.69271  3.05  5.03767  3.05  5.03767  0.310412  4.01595  
1.98398  1.06928  3.05  5.03767  3.05  5.03767  1.00677  3.5626  
1.92869  1.42192  3.05  5.03767  3.05  5.03767  1.11769  3.43232  
1.4703  2.8662  3.05  5.03767  3.05  5.03767  1.9978  0.9579  
1.43736  2.93113  3.05  5.03767  3.05  5.03767  1.10006  3.45433  
1.68446  2.35525  3.05  5.03767  3.05  5.03767  1.13506  3.41014  
1.51859  2.76533  3.05  5.03767  3.05  5.03767  0.468989  3.96124  
1.38664  3.02549  3.05  5.03767  3.05  5.03767  1.5014  2.80205  
0.319107  4.01363  3.05  5.03767  3.05  5.03767  1.71993  2.25121  
1.4865  2.83313  3.05  5.03767  3.05  5.03767  0.536653  3.92978  
1.99231  1.00377  3.05  5.03767  3.05  5.03767  2.05  0.0500575  
2.0155  0.789793  3.05  5.03767  3.05  5.03767  1.98646  1.05027  
1.58104  2.62366  3.05  5.03767  3.05  5.03767  0.354087  4.0035  
2.04105  0.42805  3.05  5.03767  3.05  5.03767  1.79451  2.00619  
0.409079  3.985  3.05  5.03767  3.05  5.03767  1.8819  1.65519  
0.948752  3.62337  3.05  5.03767  3.05  5.03767  0.966963  3.60482  
1.71256  2.27341  3.05  5.03767  3.05  5.03767  1.9497  1.30082  
1.96656  1.1933  3.05  5.03767  3.05  5.03767  2.03657  0.512801  
1.2418  3.26223  3.05  5.03767  3.05  5.03767  1.45888  2.88905  
2.05  0.0500575  3.05  5.03767  3.05  5.03767  1.24989  3.25017  
0.82517  3.73734  3.05  5.03767  3.05  5.03767  1.54373  2.70991  
1.62628  2.51199  3.05  5.03767  3.05  5.03767  1.47311  2.86052  
0.994941  3.57539  3.05  5.03767  3.05  5.03767  1.52939  2.74176  
0.26722  4.02634  3.05  5.03767  3.05  5.03767  1.21804  3.29696  
1.90824  1.52909  3.05  5.03767  3.05  5.03767  0.881878  3.68757  
1.82933  1.87644  3.05  5.03767  3.05  5.03767  1.86772  1.71839  
1.9186  1.47597  3.05  5.03767  3.05  5.03767  0.684814  3.84316  
0.851002  3.71519  3.05  5.03767  3.05  5.03767  1.04506  3.51978  
0.798741  3.75912  3.05  5.03767  3.05  5.03767  1.67519  2.38132  
1.36944  3.05605  3.05  5.03767  3.05  5.03767  0.59895  3.89638  
0.487826  3.95298  3.05  5.03767  3.05  5.03767  1.44455  2.91722  
0.743861  3.80156  3.05  5.03767  3.05  5.03767  0.836247  3.72794  
1.33447  3.11604  3.05  5.03767  3.05  5.03767  1.69011  2.33914  
1.75331  2.14642  3.05  5.03767  3.05  5.03767  0.432744  3.97607  
1.84126  1.8292  3.05  5.03767  3.05  5.03767  1.28118  3.20227  
1.10332  3.45031  3.05  5.03767  3.05  5.03767  1.60146  2.57427  
1.42062  2.96301  3.05  5.03767  3.05  5.03767  1.169  3.36532  
0.592207  3.9002  3.05  5.03767  3.05  5.03767  1.41606  2.97155  
0.365866  3.9998  3.05  5.03767  3.05  5.03767  1.85327  1.78001  
1.73994  2.18926  3.05  5.03767  3.05  5.03767  2.01867  0.75521  
1.53444  2.73063  3.05  5.03767  3.05  5.03767  1.70499  2.2959  
1.20347  3.31772  3.05  5.03767  3.05  5.03767  0.859611  3.70761  
2.03538  0.532697  3.05  5.03767  3.05  5.03767  1.76471  2.1089  
1.97539  1.13237  3.05  5.03767  3.05  5.03767  1.74976  2.1579  
0.715279  3.82222  3.05  5.03767  3.05  5.03767  1.57272  2.64331  
1.29749  3.17651  3.05  5.03767  3.05  5.03767  0.711787  3.82467  
1.18396  3.34492  3.05  5.03767  3.05  5.03767  0.206918  4.03767  
0.524177  3.93595  3.05  5.03767  3.05  5.03767  1.32726  3.12805  
1.27916  3.20542  3.05  5.03767  3.05  5.03767  1.20188  3.31996  
1.67013  2.39537  3.05  5.03767  3.05  5.03767  1.83864  1.83971  
1.146  3.39013  3.05  5.03767  3.05  5.03767  1.06886  3.48658  
1.50253  2.79187  3.05  5.03767  3.05  5.03767  1.40045  2.99337  
0.206918  4.03767  3.05  5.03767  3.05  5.03767  0.989823  3.57569  
1.69831  2.30567  3.05  5.03767  3.05  5.03767  1.30641  3.15566  
1.65528  2.42661  3.05  5.03767  3.05  5.03767  1.16715  3.36195  
1.34752  3.08721  3.05  5.03767  3.05  5.03767  1.25313  3.23902  
0.899827  3.66609  3.05  5.03767  3.05  5.03767  0.359383  3.99857  
0.924272  3.64265  3.05  5.03767  3.05  5.03767  0.678524  3.8432  
1.5974  2.57558  3.05  5.03767  3.05  5.03767  1.28761  3.18573  
0.433864  3.97215  3.05  5.03767  3.05  5.03767  1.78798  2.018  
2.04653  0.172736  3.05  5.03767  3.05  5.03767  1.18567  3.33662  
1.89835  1.56321  3.05  5.03767  3.05  5.03767  1.52122  2.75169  
1.01862  3.54431  3.05  5.03767  3.05  5.03767  1.10819  3.43863  
2.02127  0.693204  3.05  5.03767  3.05  5.03767  0.733844  3.80459  
0.63512  3.87096  3.05  5.03767  3.05  5.03767  1.56484  2.6534  
1.31205  3.14648  3.05  5.03767  3.05  5.03767  1.722  2.23482  
1.7916  2.00517  3.05  5.03767  3.05  5.03767  1.01066  3.55311  
1.22249  3.28441  3.05  5.03767  3.05  5.03767  1.23639  3.26405  
0.97191  3.59459  3.05  5.03767  3.05  5.03767  1.43301  2.93219  
1.40018  2.99385  3.05  5.03767  3.05  5.03767  0.398404  3.98545  
1.95232  1.26676  3.05  5.03767  3.05  5.03767  1.4171  2.96243  
1.816  1.91557  3.05  5.03767  3.05  5.03767  1.50637  2.7837  
0.692369  3.83387  3.05  5.03767  3.05  5.03767  0.649641  3.86191  
1.94191  1.33  3.05  5.03767  3.05  5.03767  0.947526  3.6196  
1.72605  2.22234  3.05  5.03767  3.05  5.03767  1.49133  2.81543  
1.56666  2.64916  3.05  5.03767  3.05  5.03767  0.260609  4.02473  
0.77274  3.77525  3.05  5.03767  3.05  5.03767  1.82453  1.88288  
2.00611  0.857085  3.05  5.03767  3.05  5.03767  1.88603  1.62206  
1.7791  2.04907  3.05  5.03767  3.05  5.03767  1.81257  1.9285  
1.55083  2.68567  3.05  5.03767  3.05  5.03767  1.02892  3.53279  
1.8039  1.96069  3.05  5.03767  3.05  5.03767  2.04399  0.284684  
1.99803  0.931648  3.05  5.03767  3.05  5.03767  1.38343  3.02428  
1.87536  1.67098  3.05  5.03767  3.05  5.03767  1.26907  3.21469  
0.60532  3.88877  3.05  5.03767  3.05  5.03767  0.497494  3.94494  
1.06281  3.49375  3.05  5.03767  3.05  5.03767  1.70827  2.27627  
2.02845  0.598376  3.05  5.03767  3.05  5.03767  0.466212  3.95887  
1.04085  3.51925  3.05  5.03767  3.05  5.03767  1.36481  3.05728  
1.76601  2.09371  3.05  5.03767  3.05  5.03767  0.620948  3.87958  
0.664444  3.85244  3.05  5.03767  3.05  5.03767  1.66888  2.38942  
1.8637  1.72252  3.05  5.03767  3.05  5.03767  0.855416  3.70661  
1.85192  1.77269  3.05  5.03767  3.05  5.03767  0.832001  3.72694  
1.61226  2.5387  3.05  5.03767  3.05  5.03767  1.92223  1.4409  
1.12583  3.4163  3.05  5.03767  3.05  5.03767  0.901598  3.66442  
1.64118  2.46426  3.05  5.03767  3.05  5.03767  1.97879  1.08694  
1.88702  1.61745  3.05  5.03767  3.05  5.03767  0.590818  3.89707  
1.16592  3.3636  3.05  5.03767  3.05  5.03767  1.21957  3.28865  
0.541644  3.92349  3.05  5.03767  3.05  5.03767  1.60504  2.55674  
1.08442  3.46791  3.05  5.03767  3.05  5.03767  0.529335  3.92969  
1.45152  2.89618  3.05  5.03767  3.05  5.03767  1.63064  2.49183  
1.259  3.23012  3.05  5.03767  3.05  5.03767  1.59217  2.58838  
0.875083  3.68899  3.05  5.03767  3.05  5.03767  0.968642  3.59799  
1.98097  1.0706  3.05  5.03767  3.05  5.03767  0.784773  3.7658  
1.93156  1.38963  3.05  5.03767  3.05  5.03767  1.61781  2.5247  
1.46868  2.86193  3.05  5.03767  3.05  5.03767  1.86135  1.73268  
1.43447  2.92939  3.05  5.03767  3.05  5.03767  0.706186  3.82435  
1.68404  2.34684  3.05  5.03767  3.05  5.03767  0.92545  3.6415  
1.51898  2.75655  3.05  5.03767  3.05  5.03767  0.433203  3.97241  
1.38273  3.02554  3.05  5.03767  3.05  5.03767  1.89835  1.56321  
0.30378  4.01453  3.05  5.03767  3.05  5.03767  2.01369  0.779918  
1.4858  2.82693  3.05  5.03767  3.05  5.03767  0.559928  3.91398  
1.98963  1.00279  3.05  5.03767  3.05  5.03767  2.05  0.0500575  
2.01404  0.776173  3.05  5.03767  3.05  5.03767  1.04974  3.50905  
1.58209  2.61267  3.05  5.03767  3.05  5.03767  1.77508  2.0629  
2.04172  0.351443  3.05  5.03767  3.05  5.03767  0.808494  3.74663  
0.393216  3.98729  3.05  5.03767  3.05  5.03767  1.69523  2.31463  
0.948236  3.61887  3.05  5.03767  3.05  5.03767  0.760131  3.78496  
1.71247  2.2637  3.05  5.03767  3.05  5.03767  2.03521  0.49033  
1.96239  1.20197  3.05  5.03767  3.05  5.03767  1.87357  1.67903  
1.24088  3.25739  3.05  5.03767  3.05  5.03767  1.12837  3.41305  
2.05  0.0500575  3.05  5.03767  3.05  5.03767  1.34564  3.09043  
0.824525  3.73328  3.05  5.03767  3.05  5.03767  1.76197  2.10722  
1.62673  2.50191  3.05  5.03767  3.05  5.03767  1.83663  1.83524  
0.995331  3.56978  3.05  5.03767  3.05  5.03767  1.57851  2.62123  
0.251216  4.0267  3.05  5.03767  3.05  5.03767  1.74858  2.15115  
1.90962  1.50699  3.05  5.03767  3.05  5.03767  1.95634  1.2414  
1.82806  1.86914  3.05  5.03767  3.05  5.03767  0.315283  4.01148  
1.92084  1.44835  3.05  5.03767  3.05  5.03767  1.80046  1.97326  
0.849804  3.71155  3.05  5.03767  3.05  5.03767  1.46209  2.87517  
0.798713  3.75462  3.05  5.03767  3.05  5.03767  1.96779  1.1659  
1.36496  3.05702  3.05  5.03767  3.05  5.03767  1.08804  3.46351  
0.471889  3.95641  3.05  5.03767  3.05  5.03767  1.6435  2.45814  
0.746726  3.79508  3.05  5.03767  3.05  5.03767  1.91038  1.50309  
1.32972  3.11729  3.05  5.03767  3.05  5.03767  1.84876  1.78586  
1.75303  2.13668  3.05  5.03767  3.05  5.03767  2.0249  0.647155  
1.84  1.82171  3.05  5.03767  3.05  5.03767  1.44787  2.90336  
1.10542  3.44208  3.05  5.03767  3.05  5.03767  1.20228  3.3134  
1.41717  2.96229  3.05  5.03767  3.05  5.03767  1.32585  3.12375  
0.574287  3.90625  3.05  5.03767  3.05  5.03767  0.879132  3.6853  
0.350279  4.0014  3.05  5.03767  3.05  5.03767  2.00228  0.893344  
1.73972  2.17953  3.05  5.03767  3.05  5.03767  1.73567  2.19237  
1.53493  2.72148  3.05  5.03767  3.05  5.03767  1.14819  3.38725  
1.20385  3.31115  3.05  5.03767  3.05  5.03767  1.93391  1.37637  
2.03558  0.483481  3.05  5.03767  3.05  5.03767  1.5507  2.68598  
1.97165  1.13864  3.05  5.03767  3.05  5.03767  1.68218  2.35212  
0.719535  3.81492  3.05  5.03767  3.05  5.03767  1.47688  2.84528  
1.29464  3.17458  3.05  5.03767  3.05  5.03767  1.94516  1.31069  
1.18518  3.33729  3.05  5.03767  3.05  5.03767  0.206918  4.03767  
0.507104  3.94045  3.05  5.03767  3.05  5.03767  1.53614  2.7188  
1.27709  3.20225  3.05  5.03767  3.05  5.03767  1.99047  0.995971  
1.66952  2.38764  3.05  5.03767  3.05  5.03767  1.65611  2.42438  
1.95869  1.18833  3.0425  5.03267  3.0425  5.03267  1.74852  2.13009  
1.49769  2.78652  3.0425  5.03267  3.0425  5.03267  2.00139  0.849303  
0.201918  4.03267  3.0425  5.03267  3.0425  5.03267  1.28234  3.18117  
1.6921  2.30421  3.0425  5.03267  3.0425  5.03267  1.33449  3.09586  
1.64974  2.42306  3.0425  5.03267  3.0425  5.03267  1.86529  1.68864  
1.3515  3.06674  3.0425  5.03267  3.0425  5.03267  0.766043  3.77157  
0.895495  3.66045  3.0425  5.03267  3.0425  5.03267  1.73585  2.17095  
0.918519  3.63838  3.0425  5.03267  3.0425  5.03267  1.53903  2.6961  
1.56005  2.64791  3.0425  5.03267  3.0425  5.03267  1.88766  1.58575  
0.430667  3.96644  3.0425  5.03267  3.0425  5.03267  0.88992  3.66569  
2.00424  0.821118  3.0425  5.03267  3.0425  5.03267  1.92058  1.41776  
1.90435  1.50332  3.0425  5.03267  3.0425  5.03267  1.58371  2.59175  
1.00722  3.54639  3.0425  5.03267  3.0425  5.03267  0.936083  3.62105  
2.02618  0.552459  3.0425  5.03267  3.0425  5.03267  0.817465  3.73001  
0.635164  3.86284  3.0425  5.03267  3.0425  5.03267  0.555474  3.90869  
1.31757  3.12418  3.0425  5.03267  3.0425  5.03267  1.90968  1.47587  
1.7845  2.00764  3.0425  5.03267  3.0425  5.03267  1.62742  2.48219  
1.2099  3.29037  3.0425  5.03267  3.0425  5.03267  0.519646  3.927  
0.96339  3.59325  3.0425  5.03267  3.0425  5.03267  1.99231  0.93299  
1.40104  2.97805  3.0425  5.03267  3.0425  5.03267  1.50874  2.7629  
1.94827  1.25584  3.0425  5.03267  3.0425  5.03267  2.02527  0.566479  
1.80949  1.91627  3.0425  5.03267  3.0425  5.03267  1.56896  2.62701  
0.692554  3.82532  3.0425  5.03267  3.0425  5.03267  2.0425  0.0439724  
1.93762  1.32083  3.0425  5.03267  3.0425  5.03267  2.01791  0.667797  
1.71931  2.22268  3.0425  5.03267  3.0425  5.03267  0.354605  3.99349  
1.57535  2.61183  3.0425  5.03267  3.0425  5.03267  0.201918  4.03267  
0.773419  3.76581  3.0425  5.03267  3.0425  5.03267  0.249504  4.02102  
0.505003  3.93408  3.0425  5.03267  3.0425  5.03267  1.65574  2.40679  
1.77174  2.05219  3.0425  5.03267  3.0425  5.03267  1.00334  3.55065  
1.54461  2.68346  3.0425  5.03267  3.0425  5.03267  1.76097  2.08883  
1.79709  1.96231  3.0425  5.03267  3.0425  5.03267  1.95236  1.2298  
1.1122  3.42229  3.0425  5.03267  3.0425  5.03267  0.738945  3.79215  
1.86985  1.66827  3.0425  5.03267  3.0425  5.03267  0.866266  3.68745  
0.604479  3.88134  3.0425  5.03267  3.0425  5.03267  1.66965  2.36834  
1.04994  3.49796  3.0425  5.03267  3.0425  5.03267  1.9729  1.08855  
2.03246  0.442875  3.0425  5.03267  3.0425  5.03267  0.5888  3.89039  
1.02868  3.52241  3.0425  5.03267  3.0425  5.03267  1.94198  1.29464  
1.75891  2.09574  3.0425  5.03267  3.0425  5.03267  1.89874  1.53161  
0.664284  3.84428  3.0425  5.03267  3.0425  5.03267  1.52396  2.72971  
1.85799  1.72058  3.0425  5.03267  3.0425  5.03267  1.13002  3.39946  
1.84612  1.77101  3.0425  5.03267  3.0425  5.03267  1.80873  1.91912  
1.60563  2.5378  3.0425  5.03267  3.0425  5.03267  0.913227  3.64352  
1.13235  3.39644  3.0425  5.03267  3.0425  5.03267  1.02525  3.52629  
1.63523  2.46177  3.0425  5.03267  3.0425  5.03267  1.04683  3.50159  
1.88147  1.61498  3.0425  5.03267  3.0425  5.03267  1.77317  2.04727  
1.15217  3.37034  3.0425  5.03267  3.0425  5.03267  1.38423  3.00882  
0.539376  3.91709  3.0425  5.03267  3.0425  5.03267  1.71001  2.25104  
1.07093  3.47315  3.0425  5.03267  3.0425  5.03267  0.652317  3.85203  
1.44977  2.88474  3.0425  5.03267  3.0425  5.03267  1.1893  3.3196  
1.26488  3.20844  3.0425  5.03267  3.0425  5.03267  1.61303  2.51915  
0.872125  3.68213  3.0425  5.03267  3.0425  5.03267  2.03778  0.317199  
1.97825  1.0482  3.0425  5.03267  3.0425  5.03267  1.26421  3.20947  
1.24677  3.23608  3.0425  5.03267  3.0425  5.03267  1.08903  3.45118  
1.46583  2.85258  3.0425  5.03267  3.0425  5.03267  1.35134  3.06702  
1.43361  2.9164  3.0425  5.03267  3.0425  5.03267  0.305333  4.00781  
1.67819  2.34425  3.0425  5.03267  3.0425  5.03267  1.31735  3.12455  
1.51351  2.75259  3.0425  5.03267  3.0425  5.03267  1.59842  2.55575  
1.38469  3.00798  3.0425  5.03267  3.0425  5.03267  1.30012  3.15274  
0.298978  4.00947  3.0425  5.03267  3.0425  5.03267  0.792033  3.75098  
1.48177  2.8199  3.0425  5.03267  3.0425  5.03267  1.40028  2.97946  
1.99612  0.898931  3.0425  5.03267  3.0425  5.03267  1.44733  2.88958  
2.01932  0.649727  3.0425  5.03267  3.0425  5.03267  1.15007  3.37314  
1.59056  2.57511  3.0425  5.03267  3.0425  5.03267  0.842108  3.7089  
2.0425  0.0439724  3.0425  5.03267  3.0425  5.03267  1.20846  3.29244  
0.390063  3.98164  3.0425  5.03267  3.0425  5.03267  0.958743  3.59806  
0.941092  3.61603  3.0425  5.03267  3.0425  5.03267  1.10968  3.42547  
1.70578  2.26375  3.0425  5.03267  3.0425  5.03267  2.00996  0.761097  
1.9688  1.11836  3.0425  5.03267  3.0425  5.03267  1.69675  2.29056  
1.22846  3.26337  3.0425  5.03267  3.0425  5.03267  1.797  1.96263  
1.89298  1.56005  3.0425  5.03267  3.0425  5.03267  1.46287  2.85856  
0.824018  3.72447  3.0425  5.03267  3.0425  5.03267  0.981169  3.57458  
1.62051  2.50004  3.0425  5.03267  3.0425  5.03267  1.83157  1.83047  
0.985385  3.57009  3.0425  5.03267  3.0425  5.03267  1.24587  3.23743  
0.2457  4.0218  3.0425  5.03267  3.0425  5.03267  1.96263  1.16159  
1.91558  1.44475  3.0425  5.03267  3.0425  5.03267  1.64168  2.44469  
1.82187  1.86881  3.0425  5.03267  3.0425  5.03267  1.98278  1.01267  
1.92671  1.38375  3.0425  5.03267  3.0425  5.03267  1.43177  2.91995  
0.848312  3.70347  3.0425  5.03267  3.0425  5.03267  0.399947  3.9781  
0.799058  3.74527  3.0425  5.03267  3.0425  5.03267  1.06808  3.47656  
1.36816  3.03758  3.0425  5.03267  3.0425  5.03267  0.710925  3.81249  
0.468966  3.95051  3.0425  5.03267  3.0425  5.03267  1.47821  2.82726  
0.7471  3.78605  3.0425  5.03267  3.0425  5.03267  2.03194  0.453046  
1.33462  3.09564  3.0425  5.03267  3.0425  5.03267  0.621338  3.87131  
1.7459  2.13862  3.0425  5.03267  3.0425  5.03267  1.85418  1.73697  
1.83401  1.8207  3.0425  5.03267  3.0425  5.03267  0.442373  3.96174  
1.09171  3.44789  3.0425  5.03267  3.0425  5.03267  1.55403  2.66186  
1.41736  2.9475  3.0425  5.03267  3.0425  5.03267  1.68328  2.32972  
0.572626  3.89942  3.0425  5.03267  3.0425  5.03267  0.482394  3.94455  
0.346527  3.99601  3.0425  5.03267  3.0425  5.03267  1.82021  1.87525  
1.73266  2.18105  3.0425  5.03267  3.0425  5.03267  1.36789  3.03805  
1.52919  2.71813  3.0425  5.03267  3.0425  5.03267  1.84294  1.78426  
1.19093  3.31732  3.0425  5.03267  3.0425  5.03267  0.682084  3.83245  
2.03803  0.309779  3.0425  5.03267  3.0425  5.03267  1.87653  1.63793  
1.98731  0.975662  3.0425  5.03267  3.0425  5.03267  1.93138  1.35726  
0.720076  3.80595  3.0425  5.03267  3.0425  5.03267  1.16983  3.34651  
1.30028  3.15247  3.0425  5.03267  3.0425  5.03267  1.41607  2.94994  
1.17174  3.34391  3.0425  5.03267  3.0425  5.03267  1.72303  2.21121  
2.01198  0.738635  3.0425  5.03267  3.0425  5.03267  1.78519  2.0052  
1.28267  3.18064  3.0425  5.03267  3.0425  5.03267  1.49345  2.79549  
1.66406  2.38391  3.0425  5.03267  3.0425  5.03267  1.22744  3.26487  
1.95869  1.18833  3.0425  5.03267  3.0425  5.03267  1.74908  2.12826  
1.49945  2.78279  3.0425  5.03267  3.0425  5.03267  2.00238  0.83968  
0.201918  4.03267  3.0425  5.03267  3.0425  5.03267  1.28078  3.18363  
1.69224  2.30378  3.0425  5.03267  3.0425  5.03267  1.33329  3.09789  
1.64989  2.42266  3.0425  5.03267  3.0425  5.03267  1.87073  1.6643  
1.35186  3.06612  3.0425  5.03267  3.0425  5.03267  0.758272  3.77756  
0.894893  3.66102  3.0425  5.03267  3.0425  5.03267  1.73619  2.16986  
0.918163  3.63873  3.0425  5.03267  3.0425  5.03267  1.54049  2.69281  
1.56133  2.64492  3.0425  5.03267  3.0425  5.03267  1.89326  1.55865  
0.427379  3.96774  3.0425  5.03267  3.0425  5.03267  0.887627  3.66783  
2.004  0.823594  3.0425  5.03267  3.0425  5.03267  1.92588  1.38842  
1.90617  1.49402  3.0425  5.03267  3.0425  5.03267  1.5847  2.58936  
1.00742  3.54618  3.0425  5.03267  3.0425  5.03267  0.9352  3.62193  
2.02628  0.550954  3.0425  5.03267  3.0425  5.03267  0.81185  3.73471  
0.63097  3.86543  3.0425  5.03267  3.0425  5.03267  0.5446  3.9144  
1.31739  3.12449  3.0425  5.03267  3.0425  5.03267  1.91522  1.44664  
1.78597  2.00242  3.0425  5.03267  3.0425  5.03267  1.62772  2.48142  
1.20914  3.29147  3.0425  5.03267  3.0425  5.03267  0.509767  3.9318  
0.963507  3.59313  3.0425  5.03267  3.0425  5.03267  1.99383  0.919549  
1.40233  2.97566  3.0425  5.03267  3.0425  5.03267  1.5102  2.75974  
1.94871  1.25307  3.0425  5.03267  3.0425  5.03267  2.02548  0.563297  
1.81139  1.90908  3.0425  5.03267  3.0425  5.03267  1.57009  2.62434  
0.68949  3.82742  3.0425  5.03267  3.0425  5.03267  2.0425  0.042652  
1.9384  1.3162  3.0425  5.03267  3.0425  5.03267  2.0183  0.662828  
1.71976  2.22132  3.0425  5.03267  3.0425  5.03267  0.348681  3.99535  
1.57646  2.60917  3.0425  5.03267  3.0425  5.03267  0.201918  4.03267  
0.771315  3.76746  3.0425  5.03267  3.0425  5.03267  0.246721  4.02159  
0.501414  3.93577  3.0425  5.03267  3.0425  5.03267  1.65567  2.40696  
1.77305  2.0477  3.0425  5.03267  3.0425  5.03267  1.0034  3.55059  
1.54604  2.68021  3.0425  5.03267  3.0425  5.03267  1.76182  2.08597  
1.79871  1.95637  3.0425  5.03267  3.0425  5.03267  1.95666  1.20178  
1.11185  3.42272  3.0425  5.03267  3.0425  5.03267  0.730593  3.79831  
1.87199  1.65862  3.0425  5.03267  3.0425  5.03267  0.862953  3.69043  
0.600451  3.88369  3.0425  5.03267  3.0425  5.03267  1.66944  2.36892  
1.05008  3.4978  3.0425  5.03267  3.0425  5.03267  1.97578  1.06708  
2.03257  0.440594  3.0425  5.03267  3.0425  5.03267  0.578235  3.89632  
1.02889  3.52217  3.0425  5.03267  3.0425  5.03267  1.94659  1.26634  
1.75993  2.0923  3.0425  5.03267  3.0425  5.03267  1.90427  1.50373  
0.660647  3.84665  3.0425  5.03267  3.0425  5.03267  1.52544  2.72645  
1.86025  1.71079  3.0425  5.03267  3.0425  5.03267  1.12956  3.40006  
1.84827  1.76204  3.0425  5.03267  3.0425  5.03267  1.81161  1.90825  
1.60621  2.53635  3.0425  5.03267  3.0425  5.03267  0.911595  3.6451  
1.13187  3.39706  3.0425  5.03267  3.0425  5.03267  1.02525  3.52629  
1.63551  2.46104  3.0425  5.03267  3.0425  5.03267  1.04677  3.50166  
1.88351  1.60543  3.0425  5.03267  3.0425  5.03267  1.77446  2.04281  
1.15161  3.37108  3.0425  5.03267  3.0425  5.03267  1.38371  3.00976  
0.535804  3.91892  3.0425  5.03267  3.0425  5.03267  1.70986  2.25148  
1.07096  3.47311  3.0425  5.03267  3.0425  5.03267  0.642157  3.85847  
1.45152  2.88128  3.0425  5.03267  3.0425  5.03267  1.18835  3.32094  
1.26428  3.20937  3.0425  5.03267  3.0425  5.03267  1.61349  2.51797  
0.8712  3.68297  3.0425  5.03267  3.0425  5.03267  2.03787  0.314615  
1.97782  1.05151  3.0425  5.03267  3.0425  5.03267  1.26278  3.21167  
1.24614  3.23703  3.0425  5.03267  3.0425  5.03267  1.08883  3.45142  
1.46765  2.84889  3.0425  5.03267  3.0425  5.03267  1.35029  3.06884  
1.43526  2.91319  3.0425  5.03267  3.0425  5.03267  0.300548  4.00907  
1.67833  2.34386  3.0425  5.03267  3.0425  5.03267  1.31603  3.12674  
1.51515  2.74902  3.0425  5.03267  3.0425  5.03267  1.59914  2.55397  
1.38562  3.0063  3.0425  5.03267  3.0425  5.03267  1.29857  3.15524  
0.297186  4.00993  3.0425  5.03267  3.0425  5.03267  0.785397  3.75631  
1.48365  2.816  3.0425  5.03267  3.0425  5.03267  1.4001  2.9798  
1.99566  0.903128  3.0425  5.03267  3.0425  5.03267  1.44816  2.88793  
2.01937  0.649137  3.0425  5.03267  3.0425  5.03267  1.14942  3.374  
1.59137  2.57311  3.0425  5.03267  3.0425  5.03267  0.837723  3.71272  
2.0425  0.042652  3.0425  5.03267  3.0425  5.03267  1.2074  3.29397  
0.387226  3.98263  3.0425  5.03267  3.0425  5.03267  0.958411  3.5984  
0.941044  3.61608  3.0425  5.03267  3.0425  5.03267  1.10934  3.4259  
1.70606  2.26293  3.0425  5.03267  3.0425  5.03267  2.01057  0.754436  
1.9684  1.12119  3.0425  5.03267  3.0425  5.03267  1.6965  2.2913  
1.22776  3.26439  3.0425  5.03267  3.0425  5.03267  1.7994  1.95382  
1.89495  1.55036  3.0425  5.03267  3.0425  5.03267  1.46384  2.85661  
0.822262  3.72596  3.0425  5.03267  3.0425  5.03267  0.981161  3.57459  
1.62096  2.49889  3.0425  5.03267  3.0425  5.03267  1.83568  1.81395  
0.98563  3.56982  3.0425  5.03267  3.0425  5.03267  1.24459  3.23935  
0.244661  4.02201  3.0425  5.03267  3.0425  5.03267  1.96631  1.13603  
1.91713  1.43641  3.0425  5.03267  3.0425  5.03267  1.64179  2.44438  
1.82378  1.86132  3.0425  5.03267  3.0425  5.03267  1.98492  0.995377  
1.92787  1.37721  3.0425  5.03267  3.0425  5.03267  1.43229  2.91894  
0.847019  3.7046  3.0425  5.03267  3.0425  5.03267  0.392851  3.98065  
0.797116  3.74685  3.0425  5.03267  3.0425  5.03267  1.06798  3.47667  
1.36883  3.03639  3.0425  5.03267  3.0425  5.03267  0.701911  3.81884  
0.465251  3.95212  3.0425  5.03267  3.0425  5.03267  1.47938  2.82485  
0.744809  3.78777  3.0425  5.03267  3.0425  5.03267  2.03209  0.450145  
1.33471  3.09549  3.0425  5.03267  3.0425  5.03267  0.610905  3.87756  
1.7467  2.13602  3.0425  5.03267  3.0425  5.03267  1.85923  1.71521  
1.83611  1.81219  3.0425  5.03267  3.0425  5.03267  0.434106  3.96507  
1.09155  3.44808  3.0425  5.03267  3.0425  5.03267  1.55539  2.65873  
1.41885  2.94468  3.0425  5.03267  3.0425  5.03267  1.68306  2.33036  
0.568713  3.90157  3.0425  5.03267  3.0425  5.03267  0.47287  3.94879  
0.344167  3.99674  3.0425  5.03267  3.0425  5.03267  1.82372  1.86159  
1.73332  2.17896  3.0425  5.03267  3.0425  5.03267  1.36713  3.03941  
1.53066  2.71486  3.0425  5.03267  3.0425  5.03267  1.84753  1.76511  
1.1902  3.31834  3.0425  5.03267  3.0425  5.03267  0.672525  3.83885  
2.03808  0.308136  3.0425  5.03267  3.0425  5.03267  1.88212  1.61197  
1.98692  0.978972  3.0425  5.03267  3.0425  5.03267  1.93636  1.32824  
0.717473  3.80782  3.0425  5.03267  3.0425  5.03267  1.16902  3.34762  
1.29988  3.15312  3.0425  5.03267  3.0425  5.03267  1.41628  2.94955  
1.17105  3.34484  3.0425  5.03267  3.0425  5.03267  1.72313  2.2109  
2.01192  0.739336  3.0425  5.03267  3.0425  5.03267  1.78699  1.99879  
1.28219  3.1814  3.0425  5.03267  3.0425  5.03267  1.49488  2.79249  
1.66416  2.38363  3.0425  5.03267  3.0425  5.03267  1.22612  3.26681  
1.95885  1.18725  3.0425  5.03773  3.0425  5.03773  1.75023  2.12448  
1.50026  2.78107  3.0425  5.03773  3.0425  5.03773  2.0032  0.831597  
0.165534  4.03773  3.0425  5.03773  3.0425  5.03773  1.28052  3.18404  
1.69305  2.30144  3.0425  5.03773  3.0425  5.03773  1.33308  3.09825  
1.65061  2.42072  3.0425  5.03773  3.0425  5.03773  1.87243  1.65661  
1.35224  3.06547  3.0425  5.03773  3.0425  5.03773  0.754064  3.78078  
0.894363  3.66152  3.0425  5.03773  3.0425  5.03773  1.73723  2.16653  
0.917862  3.63902  3.0425  5.03773  3.0425  5.03773  1.54087  2.69195  
1.56201  2.64333  3.0425  5.03773  3.0425  5.03773  1.8949  1.55063  
0.414441  3.97272  3.0425  5.03773  3.0425  5.03773  0.885066  3.67022  
2.004  0.823617  3.0425  5.03773  3.0425  5.03773  1.92741  1.37985  
1.90668  1.49143  3.0425  5.03773  3.0425  5.03773  1.58518  2.5882  
1.00742  3.54618  3.0425  5.03773  3.0425  5.03773  0.93318  3.62395  
2.02628  0.550954  3.0425  5.03773  3.0425  5.03773  0.808485  3.73751  
0.625709  3.86866  3.0425  5.03773  3.0425  5.03773  0.534874  3.91939  
1.31756  3.12421  3.0425  5.03773  3.0425  5.03773  1.91673  1.4386  
1.78679  1.99948  3.0425  5.03773  3.0425  5.03773  1.62831  2.47989  
1.20896  3.29173  3.0425  5.03773  3.0425  5.03773  0.498295  3.93724  
0.963361  3.59328  3.0425  5.03773  3.0425  5.03773  1.99477  0.911127  
1.40299  2.97444  3.0425  5.03773  3.0425  5.03773  1.51061  2.75886  
1.94891  1.25177  3.0425  5.03773  3.0425  5.03773  2.02586  0.557418  
1.81215  1.9062  3.0425  5.03773  3.0425  5.03773  1.57053  2.6233  
0.685714  3.82999  3.0425  5.03773  3.0425  5.03773  2.0425  0.0425842  
1.9387  1.31441  3.0425  5.03773  3.0425  5.03773  2.01882  0.656225  
1.72059  2.21874  3.0425  5.03773  3.0425  5.03773  0.328892  4.00128  
1.57713  2.60758  3.0425  5.03773  3.0425  5.03773  0.165534  4.03773  
0.769163  3.76914  3.0425  5.03773  3.0425  5.03773  0.217058  4.02724  
0.491841  3.94024  3.0425  5.03773  3.0425  5.03773  1.65635  2.40511  
1.77386  2.04489  3.0425  5.03773  3.0425  5.03773  1.00196  3.55216  
1.54681  2.67844  3.0425  5.03773  3.0425  5.03773  1.76306  2.08178  
1.79956  1.95323  3.0425  5.03773  3.0425  5.03773  1.95787  1.19379  
1.11176  3.42285  3.0425  5.03773  3.0425  5.03773  0.725908  3.80173  
1.87269  1.65546  3.0425  5.03773  3.0425  5.03773  0.860128  3.69297  
0.594112  3.88735  3.0425  5.03773  3.0425  5.03773  1.67017  2.3669  
1.05008  3.4978  3.0425  5.03773  3.0425  5.03773  1.9769  1.05856  
2.03257  0.440678  3.0425  5.03773  3.0425  5.03773  0.569756  3.901  
1.0289  3.52216  3.0425  5.03773  3.0425  5.03773  1.94797  1.25771  
1.76072  2.08965  3.0425  5.03773  3.0425  5.03773  1.90591  1.49536  
0.656296  3.84947  3.0425  5.03773  3.0425  5.03773  1.52583  2.72557  
1.86092  1.70786  3.0425  5.03773  3.0425  5.03773  1.12863  3.40127  
1.849  1.75898  3.0425  5.03773  3.0425  5.03773  1.81315  1.90238  
1.60688  2.53467  3.0425  5.03773  3.0425  5.03773  0.909487  3.64713  
1.13175  3.39722  3.0425  5.03773  3.0425  5.03773  1.02398  3.52772  
1.63619  2.45924  3.0425  5.03773  3.0425  5.03773  1.04556  3.50306  
1.88424  1.60197  3.0425  5.03773  3.0425  5.03773  1.77579  2.03819  
1.15144  3.37131  3.0425  5.03773  3.0425  5.03773  1.38365  3.00986  
0.527397  3.92316  3.0425  5.03773  3.0425  5.03773  1.71082  2.24858  
1.07096  3.47311  3.0425  5.03773  3.0425  5.03773  0.635551  3.8626  
1.45231  2.87971  3.0425  5.03773  3.0425  5.03773  1.18767  3.32188  
1.26424  3.20942  3.0425  5.03773  3.0425  5.03773  1.61407  2.51649  
0.870412  3.68369  3.0425  5.03773  3.0425  5.03773  2.03796  0.311845  
1.97788  1.05104  3.0425  5.03773  3.0425  5.03773  1.26249  3.21213  
1.24605  3.23716  3.0425  5.03773  3.0425  5.03773  1.08779  3.4527  
1.46845  2.84727  3.0425  5.03773  3.0425  5.03773  1.35016  3.06906  
1.436  2.91175  3.0425  5.03773  3.0425  5.03773  0.276911  4.01493  
1.67906  2.34177  3.0425  5.03773  3.0425  5.03773  1.3158  3.12712  
1.5159  2.74738  3.0425  5.03773  3.0425  5.03773  1.59969  2.55261  
1.38622  3.00522  3.0425  5.03773  3.0425  5.03773  1.29825  3.15575  
0.274372  4.01553  3.0425  5.03773  3.0425  5.03773  0.781644  3.75931  
1.48443  2.81438  3.0425  5.03773  3.0425  5.03773  1.40008  2.97983  
1.99566  0.903088  3.0425  5.03773  3.0425  5.03773  1.44835  2.88755  
2.01937  0.649137  3.0425  5.03773  3.0425  5.03773  1.1486  3.37509  
1.59203  2.57151  3.0425  5.03773  3.0425  5.03773  0.834699  3.71533  
2.0425  0.0425842  3.0425  5.03773  3.0425  5.03773  1.20685  3.29476  
0.371794  3.98791  3.0425  5.03773  3.0425  5.03773  0.956451  3.60042  
0.940808  3.61632  3.0425  5.03773  3.0425  5.03773  1.10834  3.42716  
1.70687  2.26048  3.0425  5.03773  3.0425  5.03773  2.01122  0.747182  
1.96853  1.1203  3.0425  5.03773  3.0425  5.03773  1.69735  2.2888  
1.22761  3.26462  3.0425  5.03773  3.0425  5.03773  1.80085  1.94848  
1.89558  1.54729  3.0425  5.03773  3.0425  5.03773  1.46412  2.85603  
0.820953  3.72707  3.0425  5.03773  3.0425  5.03773  0.979544  3.57631  
1.62158  2.49729  3.0425  5.03773  3.0425  5.03773  1.83731  1.80733  
0.985561  3.5699  3.0425  5.03773  3.0425  5.03773  1.24416  3.24  
0.215471  4.02751  3.0425  5.03773  3.0425  5.03773  1.96753  1.1274  
1.91758  1.43399  3.0425  5.03773  3.0425  5.03773  1.64239  2.44279  
1.82461  1.85807  3.0425  5.03773  3.0425  5.03773  1.98601  0.986459  
1.92825  1.3751  3.0425  5.03773  3.0425  5.03773  1.43242  2.9187  
0.845956  3.70554  3.0425  5.03773  3.0425  5.03773  0.375777  3.98657  
0.795335  3.7483  3.0425  5.03773  3.0425  5.03773  1.06687  3.478  
1.36931  3.03555  3.0425  5.03773  3.0425  5.03773  0.696729  3.82244  
0.454202  3.95683  3.0425  5.03773  3.0425  5.03773  1.47978  2.82404  
0.742024  3.78985  3.0425  5.03773  3.0425  5.03773  2.03228  0.44637  
1.33499  3.09503  3.0425  5.03773  3.0425  5.03773  0.603306  3.88203  
1.7475  2.13341  3.0425  5.03773  3.0425  5.03773  1.86088  1.70802  
1.83689  1.80904  3.0425  5.03773  3.0425  5.03773  0.419147  3.97093  
1.09152  3.44812  3.0425  5.03773  3.0425  5.03773  1.55577  2.65785  
1.41956  2.94332  3.0425  5.03773  3.0425  5.03773  1.68381  2.32819  
0.561394  3.90553  3.0425  5.03773  3.0425  5.03773  0.45995  3.9544  
0.325649  4.00221  3.0425  5.03773  3.0425  5.03773  1.82534  1.85521  
1.73413  2.17641  3.0425  5.03773  3.0425  5.03773  1.36701  3.03962  
1.53139  2.71323  3.0425  5.03773  3.0425  5.03773  1.84916  1.7583  
1.19002  3.31859  3.0425  5.03773  3.0425  5.03773  0.666643  3.84273  
2.03808  0.308136  3.0425  5.03773  3.0425  5.03773  1.8838  1.60404  
1.98695  0.978716  3.0425  5.03773  3.0425  5.03773  1.93776  1.31999  
0.71435  3.81006  3.0425  5.03773  3.0425  5.03773  1.16828  3.34862  
1.29996  3.15299  3.0425  5.03773  3.0425  5.03773  1.41632  2.94947  
1.17087  3.34509  3.0425  5.03773  3.0425  5.03773  1.72412  2.20782  
2.01192  0.739336  3.0425  5.03773  3.0425  5.03773  1.7884  1.99373  
1.2822  3.18139  3.0425  5.03773  3.0425  5.03773  1.49528  2.79163  
1.66492  2.38152  3.0425  5.03773  3.0425  5.03773  1.22566  3.26749  
1.95911  1.18552  3.0425  5.03773  3.0425  5.03773  1.75129  2.12099  
1.50084  2.77982  3.0425  5.03773  3.0425  5.03773  2.00366  0.827003  
0.165534  4.03773  3.0425  5.03773  3.0425  5.03773  1.28  3.18486  
1.69379  2.29927  3.0425  5.03773  3.0425  5.03773  1.33274  3.09882  
1.65142  2.41852  3.0425  5.03773  3.0425  5.03773  1.87376  1.65058  
1.35252  3.06498  3.0425  5.03773  3.0425  5.03773  0.749291  3.7844  
0.892472  3.6633  3.0425  5.03773  3.0425  5.03773  1.73817  2.16353  
0.916282  3.64056  3.0425  5.03773  3.0425  5.03773  1.54119  2.69121  
1.56281  2.64146  3.0425  5.03773  3.0425  5.03773  1.89624  1.54404  
0.410264  3.97429  3.0425  5.03773  3.0425  5.03773  0.881526  3.6735  
2.00405  0.823032  3.0425  5.03773  3.0425  5.03773  1.9285  1.37366  
1.90709  1.48928  3.0425  5.03773  3.0425  5.03773  1.58562  2.58714  
1.0068  3.54685  3.0425  5.03773  3.0425  5.03773  0.930149  3.62695  
2.02628  0.550954  3.0425  5.03773  3.0425  5.03773  0.804114  3.74112  
0.621511  3.87121  3.0425  5.03773  3.0425  5.03773  0.529834  3.92194  
1.31778  3.12384  3.0425  5.03773  3.0425  5.03773  1.91798  1.43186  
1.78758  1.99667  3.0425  5.03773  3.0425  5.03773  1.62882  2.47854  
1.20894  3.29176  3.0425  5.03773  3.0425  5.03773  0.493438  3.9395  
0.962448  3.59423  3.0425  5.03773  3.0425  5.03773  1.99542  0.905312  
1.40339  2.97369  3.0425  5.03773  3.0425  5.03773  1.5109  2.75824  
1.94921  1.2499  3.0425  5.03773  3.0425  5.03773  2.02607  0.5541  
1.81293  1.90323  3.0425  5.03773  3.0425  5.03773  1.57095  2.6223  
0.681911  3.83257  3.0425  5.03773  3.0425  5.03773  2.0425  0.0425337  
1.93906  1.31226  3.0425  5.03773  3.0425  5.03773  2.01909  0.652711  
1.72131  2.21652  3.0425  5.03773  3.0425  5.03773  0.325628  4.00222  
1.57798  2.60555  3.0425  5.03773  3.0425  5.03773  0.165534  4.03773  
0.765733  3.77181  3.0425  5.03773  3.0425  5.03773  0.21565  4.02748  
0.487443  3.94226  3.0425  5.03773  3.0425  5.03773  1.65696  2.40346  
1.77471  2.04196  3.0425  5.03773  3.0425  5.03773  0.99961  3.55473  
1.54752  2.67682  3.0425  5.03773  3.0425  5.03773  1.7642  2.07793  
1.80035  1.95035  3.0425  5.03773  3.0425  5.03773  1.95878  1.18771  
1.11175  3.42285  3.0425  5.03773  3.0425  5.03773  0.720768  3.80545  
1.87321  1.65311  3.0425  5.03773  3.0425  5.03773  0.856297  3.69639  
0.589863  3.88978  3.0425  5.03773  3.0425  5.03773  1.67085  2.36497  
1.04981  3.49812  3.0425  5.03773  3.0425  5.03773  1.97772  1.05227  
2.03257  0.440678  3.0425  5.03773  3.0425  5.03773  0.56463  3.90378  
1.02849  3.52263  3.0425  5.03773  3.0425  5.03773  1.94892  1.25172  
1.76159  2.08675  3.0425  5.03773  3.0425  5.03773  1.90717  1.48888  
0.652287  3.85205  3.0425  5.03773  3.0425  5.03773  1.52611  2.72497  
1.86148  1.7054  3.0425  5.03773  3.0425  5.03773  1.12756  3.40265  
1.84959  1.75647  3.0425  5.03773  3.0425  5.03773  1.8144  1.89763  
1.60779  2.53237  3.0425  5.03773  3.0425  5.03773  0.906017  3.65046  
1.13173  3.39724  3.0425  5.03773  3.0425  5.03773  1.02188  3.53009  
1.63704  2.45699  3.0425  5.03773  3.0425  5.03773  1.04382  3.50508  
1.88473  1.59968  3.0425  5.03773  3.0425  5.03773  1.77698  2.03406  
1.15143  3.37133  3.0425  5.03773  3.0425  5.03773  1.38359  3.00998  
0.522922  3.92538  3.0425  5.03773  3.0425  5.03773  1.71165  2.24607  
1.07076  3.47335  3.0425  5.03773  3.0425  5.03773  0.629986  3.86604  
1.45282  2.87869  3.0425  5.03773  3.0425  5.03773  1.18685  3.32303  
1.26426  3.20939  3.0425  5.03773  3.0425  5.03773  1.61456  2.51525  
0.868122  3.68577  3.0425  5.03773  3.0425  5.03773  2.03803  0.309779  
1.97807  1.04964  3.0425  5.03773  3.0425  5.03773  1.26197  3.21292  
1.24603  3.23719  3.0425  5.03773  3.0425  5.03773  1.08653  3.45425  
1.46892  2.8463  3.0425  5.03773  3.0425  5.03773  1.34991  3.0695  
1.4365  2.91078  3.0425  5.03773  3.0425  5.03773  0.274398  4.01552  
1.6798  2.33967  3.0425  5.03773  3.0425  5.03773  1.31539  3.12778  
1.51657  2.74593  3.0425  5.03773  3.0425  5.03773  1.60019  2.55137  
1.3866  3.00452  3.0425  5.03773  3.0425  5.03773  1.29781  3.15647  
0.27223  4.01602  3.0425  5.03773  3.0425  5.03773  0.777092  3.76292  
1.48498  2.81325  3.0425  5.03773  3.0425  5.03773  1.40008  2.97983  
1.99575  0.902319  3.0425  5.03773  3.0425  5.03773  1.44851  2.88724  
2.01937  0.649137  3.0425  5.03773  3.0425  5.03773  1.14761  3.37641  
1.59292  2.56932  3.0425  5.03773  3.0425  5.03773  0.830396  3.71903  
2.0425  0.0425337  3.0425  5.03773  3.0425  5.03773  1.2061  3.29583  
0.368172  3.98911  3.0425  5.03773  3.0425  5.03773  0.953666  3.60327  
0.939643  3.61749  3.0425  5.03773  3.0425  5.03773  1.10718  3.42862  
1.70765  2.25816  3.0425  5.03773  3.0425  5.03773  2.01161  0.742848  
1.96874  1.11881  3.0425  5.03773  3.0425  5.03773  1.69819  2.28634  
1.2276  3.26464  3.0425  5.03773  3.0425  5.03773  1.8021  1.94388  
1.896  1.54521  3.0425  5.03773  3.0425  5.03773  1.46433  2.85561  
0.818102  3.72947  3.0425  5.03773  3.0425  5.03773  0.976816  3.5792  
1.62249  2.49495  3.0425  5.03773  3.0425  5.03773  1.83869  1.80172  
0.984806  3.57071  3.0425  5.03773  3.0425  5.03773  1.24359  3.24086  
0.214346  4.02771  3.0425  5.03773  3.0425  5.03773  1.96841  1.12114  
1.91799  1.43181  3.0425  5.03773  3.0425  5.03773  1.64296  2.44128  
1.82529  1.85542  3.0425  5.03773  3.0425  5.03773  1.98671  0.980707  
1.92863  1.37291  3.0425  5.03773  3.0425  5.03773  1.43254  2.91846  
0.843413  3.70776  3.0425  5.03773  3.0425  5.03773  0.371949  3.98786  
0.792235  3.75081  3.0425  5.03773  3.0425  5.03773  1.06536  3.4798  
1.36962  3.035  3.0425  5.03773  3.0425  5.03773  0.691479  3.82606  
0.449761  3.95869  3.0425  5.03773  3.0425  5.03773  1.47999  2.8236  
0.738591  3.79241  3.0425  5.03773  3.0425  5.03773  2.03243  0.443299  
1.33523  3.09462  3.0425  5.03773  3.0425  5.03773  0.597917  3.88516  
1.74832  2.13072  3.0425  5.03773  3.0425  5.03773  1.86222  1.70217  
1.83753  1.80643  3.0425  5.03773  3.0425  5.03773  0.414929  3.97254  
1.09141  3.44825  3.0425  5.03773  3.0425  5.03773  1.55617  2.65693  
1.42004  2.94242  3.0425  5.03773  3.0425  5.03773  1.68458  2.32599  
0.557122  3.90781  3.0425  5.03773  3.0425  5.03773  0.455307  3.95637  
0.322576  4.00308  3.0425  5.03773  3.0425  5.03773  1.82666  1.85001  
1.73487  2.17406  3.0425  5.03773  3.0425  5.03773  1.36685  3.0399  
1.53213  2.71159  3.0425  5.03773  3.0425  5.03773  1.85051  1.75258  
1.19002  3.31859  3.0425  5.03773  3.0425  5.03773  0.661214  3.84628  
2.03808  0.308136  3.0425  5.03773  3.0425  5.03773  1.8851  1.59789  
1.98709  0.977515  3.0425  5.03773  3.0425  5.03773  1.93887  1.31337  
0.710663  3.81268  3.0425  5.03773  3.0425  5.03773  1.16738  3.34985  
1.30011  3.15275  3.0425  5.03773  3.0425  5.03773  1.4164  2.94931  
1.17086  3.34511  3.0425  5.03773  3.0425  5.03773  1.72498  2.20514  
2.01193  0.739145  3.0425  5.03773  3.0425  5.03773  1.78965  1.98925  
1.2823  3.18122  3.0425  5.03773  3.0425  5.03773  1.49551  2.79114  
1.66565  2.37949  3.0425  5.03773  3.0425  5.03773  1.22503  3.2684  
1.95928  1.18437  3.0425  5.03792  3.0425  5.03792  1.75216  2.11812  
1.50135  2.77874  3.0425  5.03792  3.0425  5.03792  2.00398  0.823797  
0.163931  4.03792  3.0425  5.03792  3.0425  5.03792  1.27937  3.18585  
1.69457  2.29699  3.0425  5.03792  3.0425  5.03792  1.33247  3.09929  
1.65208  2.41673  3.0425  5.03792  3.0425  5.03792  1.87459  1.6468  
1.35275  3.06458  3.0425  5.03792  3.0425  5.03792  0.746447  3.78654  
0.890892  3.66478  3.0425  5.03792  3.0425  5.03792  1.73903  2.16079  
0.914682  3.64211  3.0425  5.03792  3.0425  5.03792  1.5416  2.69029  
1.56341  2.64007  3.0425  5.03792  3.0425  5.03792  1.89705  1.54003  
0.408021  3.97513  3.0425  5.03792  3.0425  5.03792  0.87877  3.67604  
2.0041  0.822577  3.0425  5.03792  3.0425  5.03792  1.92921  1.36966  
1.90748  1.48729  3.0425  5.03792  3.0425  5.03792  1.58616  2.58581  
1.00573  3.54804  3.0425  5.03792  3.0425  5.03792  0.927617  3.62946  
2.02628  0.550954  3.0425  5.03792  3.0425  5.03792  0.801282  3.74345  
0.619206  3.8726  3.0425  5.03792  3.0425  5.03792  0.52673  3.92349  
1.31792  3.1236  3.0425  5.03792  3.0425  5.03792  1.91869  1.42803  
1.78824  1.99429  3.0425  5.03792  3.0425  5.03792  1.62943  2.47696  
1.20885  3.29189  3.0425  5.03792  3.0425  5.03792  0.490585  3.94082  
0.961048  3.59568  3.0425  5.03792  3.0425  5.03792  1.99571  0.902666  
1.40368  2.97317  3.0425  5.03792  3.0425  5.03792  1.51121  2.75755  
1.94943  1.24853  3.0425  5.03792  3.0425  5.03792  2.02622  0.551802  
1.81352  1.90099  3.0425  5.03792  3.0425  5.03792  1.57145  2.62112  
0.679577  3.83414  3.0425  5.03792  3.0425  5.03792  2.0425  0.0425337  
1.9393  1.31079  3.0425  5.03792  3.0425  5.03792  2.0193  0.650001  
1.72207  2.21417  3.0425  5.03792  3.0425  5.03792  0.323226  4.0029  
1.57857  2.60413  3.0425  5.03792  3.0425  5.03792  0.163931  4.03792  
0.763661  3.77341  3.0425  5.03792  3.0425  5.03792  0.213584  4.02784  
0.484982  3.94338  3.0425  5.03792  3.0425  5.03792  1.65757  2.40177  
1.77533  2.0398  3.0425  5.03792  3.0425  5.03792  0.997628  3.55689  
1.54813  2.67544  3.0425  5.03792  3.0425  5.03792  1.76505  2.07506  
1.80098  1.94803  3.0425  5.03792  3.0425  5.03792  1.95941  1.1835  
1.11115  3.42362  3.0425  5.03792  3.0425  5.03792  0.717853  3.80755  
1.8737  1.65087  3.0425  5.03792  3.0425  5.03792  0.853558  3.69883  
0.587516  3.89111  3.0425  5.03792  3.0425  5.03792  1.67147  2.36324  
1.04893  3.49915  3.0425  5.03792  3.0425  5.03792  1.97815  1.04903  
2.03257  0.440678  3.0425  5.03792  3.0425  5.03792  0.561469  3.90549  
1.02753  3.52371  3.0425  5.03792  3.0425  5.03792  1.94959  1.24753  
1.76225  2.08453  3.0425  5.03792  3.0425  5.03792  1.90798  1.48468  
0.649889  3.85358  3.0425  5.03792  3.0425  5.03792  1.52646  2.72418  
1.86201  1.70307  3.0425  5.03792  3.0425  5.03792  1.12617  3.40444  
1.85016  1.75407  3.0425  5.03792  3.0425  5.03792  1.81527  1.8943  
1.60847  2.53066  3.0425  5.03792  3.0425  5.03792  0.903432  3.65293  
1.13128  3.39783  3.0425  5.03792  3.0425  5.03792  1.02001  3.53219  
1.63773  2.45518  3.0425  5.03792  3.0425  5.03792  1.04198  3.5072  
1.88519  1.59749  3.0425  5.03792  3.0425  5.03792  1.77784  2.03106  
1.1511  3.37177  3.0425  5.03792  3.0425  5.03792  1.38352  3.0101  
0.520624  3.92652  3.0425  5.03792  3.0425  5.03792  1.71237  2.24389  
1.07003  3.47423  3.0425  5.03792  3.0425  5.03792  0.627084  3.86782  
1.45319  2.87796  3.0425  5.03792  3.0425  5.03792  1.18592  3.32433  
1.26432  3.2093  3.0425  5.03792  3.0425  5.03792  1.61517  2.51369  
0.866534  3.6872  3.0425  5.03792  3.0425  5.03792  2.03808  0.30833  
1.97819  1.0487  3.0425  5.03792  3.0425  5.03792  1.2612  3.21411  
1.24605  3.23716  3.0425  5.03792  3.0425  5.03792  1.08478  3.45638  
1.46944  2.84525  3.0425  5.03792  3.0425  5.03792  1.34971  3.06984  
1.43686  2.91009  3.0425  5.03792  3.0425  5.03792  0.272225  4.01603  
1.68052  2.33761  3.0425  5.03792  3.0425  5.03792  1.31504  3.12837  
1.51709  2.74478  3.0425  5.03792  3.0425  5.03792  1.60073  2.55003  
1.38689  3.004  3.0425  5.03792  3.0425  5.03792  1.29733  3.15724  
0.269855  4.01657  3.0425  5.03792  3.0425  5.03792  0.774147  3.76524  
1.48546  2.81224  3.0425  5.03792  3.0425  5.03792  1.40008  2.97982  
1.99582  0.901668  3.0425  5.03792  3.0425  5.03792  1.4487  2.88687  
2.01938  0.648986  3.0425  5.03792  3.0425  5.03792  1.14638  3.37803  
1.59357  2.56771  3.0425  5.03792  3.0425  5.03792  0.827758  3.72129  
2.0425  0.0425337  3.0425  5.03792  3.0425  5.03792  1.20511  3.29725  
0.365855  3.98987  3.0425  5.03792  3.0425  5.03792  0.9515  3.60549  
0.938097  3.61904  3.0425  5.03792  3.0425  5.03792  1.10564  3.43056  
1.70839  2.25591  3.0425  5.03792  3.0425  5.03792  2.01186  0.739963  
1.96887  1.11784  3.0425  5.03792  3.0425  5.03792  1.69887  2.28431  
1.22757  3.26468  3.0425  5.03792  3.0425  5.03792  1.80294  1.94076  
1.89643  1.54309  3.0425  5.03792  3.0425  5.03792  1.46456  2.85515  
0.816261  3.73102  3.0425  5.03792  3.0425  5.03792  0.974818  3.5813  
1.62317  2.49319  3.0425  5.03792  3.0425  5.03792  1.8395  1.7984  
0.983638  3.57195  3.0425  5.03792  3.0425  5.03792  1.24267  3.24225  
0.212109  4.02809  3.0425  5.03792  3.0425  5.03792  1.96892  1.1175  
1.91831  1.43004  3.0425  5.03792  3.0425  5.03792  1.64355  2.43969  
1.82593  1.8529  3.0425  5.03792  3.0425  5.03792  1.98707  0.977658  
1.92891  1.37134  3.0425  5.03792  3.0425  5.03792  1.43265  2.91825  
0.841691  3.70927  3.0425  5.03792  3.0425  5.03792  0.369469  3.98868  
0.790245  3.75242  3.0425  5.03792  3.0425  5.03792  1.06359  3.4819  
1.36987  3.03455  3.0425  5.03792  3.0425  5.03792  0.68841  3.82816  
0.447524  3.95962  3.0425  5.03792  3.0425  5.03792  1.48025  2.82305  
0.736391  3.79404  3.0425  5.03792  3.0425  5.03792  2.03254  0.441216  
1.33542  3.09429  3.0425  5.03792  3.0425  5.03792  0.594947  3.88687  
1.74901  2.12847  3.0425  5.03792  3.0425  5.03792  1.86309  1.69836  
1.83814  1.80393  3.0425  5.03792  3.0425  5.03792  0.412352  3.97351  
1.09075  3.44907  3.0425  5.03792  3.0425  5.03792  1.55659  2.65595  
1.42032  2.94188  3.0425  5.03792  3.0425  5.03792  1.68523  2.32412  
0.554716  3.90909  3.0425  5.03792  3.0425  5.03792  0.452591  3.95751  
0.320179  4.00376  3.0425  5.03792  3.0425  5.03792  1.82746  1.84685  
1.73563  2.17164  3.0425  5.03792  3.0425  5.03792  1.36673  3.04011  
1.53265  2.71042  3.0425  5.03792  3.0425  5.03792  1.85135  1.74902  
1.18987  3.31881  3.0425  5.03792  3.0425  5.03792  0.658323  3.84816  
2.03809  0.308089  3.0425  5.03792  3.0425  5.03792  1.88593  1.59399  
1.98716  0.976917  3.0425  5.03792  3.0425  5.03792  1.93952  1.30951  
0.708368  3.8143  3.0425  5.03792  3.0425  5.03792  1.16627  3.35136  
1.30024  3.15254  3.0425  5.03792  3.0425  5.03792  1.41646  2.94921  
1.17062  3.34543  3.0425  5.03792  3.0425  5.03792  1.72576  2.2027  
2.01196  0.738846  3.0425  5.03792  3.0425  5.03792  1.79047  1.98633  
1.28237  3.18111  3.0425  5.03792  3.0425  5.03792  1.49581  2.79051  
1.66638  2.37747  3.0425  5.03792  3.0425  5.03792  1.22401  3.2699  
1.95948  1.183  3.0425  5.03792  3.0425  5.03792  1.75304  2.11522  
1.50176  2.77786  3.0425  5.03792  3.0425  5.03792  2.00422  0.821353  
0.163931  4.03792  3.0425  5.03792  3.0425  5.03792  1.27888  3.18661  
1.69515  2.29529  3.0425  5.03792  3.0425  5.03792  1.33215  3.09981  
1.65274  2.41493  3.0425  5.03792  3.0425  5.03792  1.8753  1.64356  
1.35291  3.06431  3.0425  5.03792  3.0425  5.03792  0.744509  3.788  
0.889774  3.66583  3.0425  5.03792  3.0425  5.03792  1.73996  2.15781  
0.913679  3.64308  3.0425  5.03792  3.0425  5.03792  1.54203  2.68932  
1.56382  2.6391  3.0425  5.03792  3.0425  5.03792  1.89769  1.53684  
0.4068  3.97558  3.0425  5.03792  3.0425  5.03792  0.877205  3.67748  
2.00422  0.821372  3.0425  5.03792  3.0425  5.03792  1.9298  1.36626  
1.90778  1.48576  3.0425  5.03792  3.0425  5.03792  1.58675  2.58438  
1.00504  3.54879  3.0425  5.03792  3.0425  5.03792  0.926061  3.63099  
2.02632  0.550309  3.0425  5.03792  3.0425  5.03792  0.799486  3.74492  
0.617676  3.87352  3.0425  5.03792  3.0425  5.03792  0.525136  3.92428  
1.31802  3.12345  3.0425  5.03792  3.0425  5.03792  1.91932  1.42462  
1.78864  1.99287  3.0425  5.03792  3.0425  5.03792  1.63013  2.47515  
1.20872  3.29208  3.0425  5.03792  3.0425  5.03792  0.488938  3.94157  
0.960281  3.59647  3.0425  5.03792  3.0425  5.03792  1.996  0.900065  
1.40397  2.97263  3.0425  5.03792  3.0425  5.03792  1.51156  2.7568  
1.94964  1.24717  3.0425  5.03792  3.0425  5.03792  2.02632  0.550309  
1.81394  1.89938  3.0425  5.03792  3.0425  5.03792  1.57197  2.61988  
0.678064  3.83516  3.0425  5.03792  3.0425  5.03792  2.0425  0.042519  
1.93954  1.30934  3.0425  5.03792  3.0425  5.03792  2.01944  0.648183  
1.72263  2.21244  3.0425  5.03792  3.0425  5.03792  0.322283  4.00317  
1.57899  2.60313  3.0425  5.03792  3.0425  5.03792  0.163931  4.03792  
0.762265  3.77449  3.0425  5.03792  3.0425  5.03792  0.21314  4.02791  
0.4834  3.94409  3.0425  5.03792  3.0425  5.03792  1.65841  2.39949  
1.77579  2.03819  3.0425  5.03792  3.0425  5.03792  0.996107  3.55854  
1.54848  2.67462  3.0425  5.03792  3.0425  5.03792  1.76598  2.07189  
1.80136  1.9466  3.0425  5.03792  3.0425  5.03792  1.95985  1.18054  
1.11075  3.42412  3.0425  5.03792  3.0425  5.03792  0.715926  3.80893  
1.87405  1.64925  3.0425  5.03792  3.0425  5.03792  0.851938  3.70026  
0.585973  3.89199  3.0425  5.03792  3.0425  5.03792  1.67234  2.36078  
1.04833  3.49985  3.0425  5.03792  3.0425  5.03792  1.97854  1.04596  
2.0326  0.440094  3.0425  5.03792  3.0425  5.03792  0.559826  3.90637  
1.02682  3.52452  3.0425  5.03792  3.0425  5.03792  1.95009  1.24432  
1.76274  2.08285  3.0425  5.03792  3.0425  5.03792  1.90859  1.48155  
0.648423  3.85451  3.0425  5.03792  3.0425  5.03792  1.52687  2.72328  
1.8624  1.70138  3.0425  5.03792  3.0425  5.03792  1.1251  3.40581  
1.85055  1.75243  3.0425  5.03792  3.0425  5.03792  1.81623  1.89063  
1.60893  2.52951  3.0425  5.03792  3.0425  5.03792  0.901881  3.6544  
1.1309  3.39832  3.0425  5.03792  3.0425  5.03792  1.01851  3.53386  
1.63828  2.4537  3.0425  5.03792  3.0425  5.03792  1.04062  3.50877  
1.88551  1.59597  3.0425  5.03792  3.0425  5.03792  1.77879  2.02775  
1.15078  3.37219  3.0425  5.03792  3.0425  5.03792  1.38336  3.01038  
0.519048  3.92729  3.0425  5.03792  3.0425  5.03792  1.7133  2.24108  
1.06945  3.47491  3.0425  5.03792  3.0425  5.03792  0.625268  3.86892  
1.4536  2.87715  3.0425  5.03792  3.0425  5.03792  1.18491  3.32573  
1.26433  3.20928  3.0425  5.03792  3.0425  5.03792  1.61584  2.512  
0.865386  3.68824  3.0425  5.03792  3.0425  5.03792  2.0381  0.307805  
1.97834  1.04755  3.0425  5.03792  3.0425  5.03792  1.26061  3.21501  
1.24604  3.23718  3.0425  5.03792  3.0425  5.03792  1.08358  3.45785  
1.46984  2.84444  3.0425  5.03792  3.0425  5.03792  1.34945  3.07028  
1.43722  2.90939  3.0425  5.03792  3.0425  5.03792  0.271453  4.0162  
1.68118  2.33572  3.0425  5.03792  3.0425  5.03792  1.31459  3.1291  
1.51748  2.74392  3.0425  5.03792  3.0425  5.03792  1.60135  2.54848  
1.38711  3.00359  3.0425  5.03792  3.0425  5.03792  1.29687  3.15798  
0.269213  4.01672  3.0425  5.03792  3.0425  5.03792  0.772235  3.76674  
1.48588  2.81137  3.0425  5.03792  3.0425  5.03792  1.40002  2.97993  
1.99595  0.900458  3.0425  5.03792  3.0425  5.03792  1.44876  2.88675  
2.01944  0.648183  3.0425  5.03792  3.0425  5.03792  1.14535  3.3794  
1.59403  2.56658  3.0425  5.03792  3.0425  5.03792  0.826  3.72279  
2.0425  0.042519  3.0425  5.03792  3.0425  5.03792  1.20424  3.29848  
0.36471  3.99025  3.0425  5.03792  3.0425  5.03792  0.94981  3.60721  
0.937179  3.61996  3.0425  5.03792  3.0425  5.03792  1.10462  3.43184  
1.70897  2.25419  3.0425  5.03792  3.0425  5.03792  2.01205  0.737788  
1.96905  1.11658  3.0425  5.03792  3.0425  5.03792  1.69981  2.28154  
1.22751  3.26477  3.0425  5.03792  3.0425  5.03792  1.80385  1.93738  
1.89672  1.54163  3.0425  5.03792  3.0425  5.03792  1.46469  2.85489  
0.815021  3.73206  3.0425  5.03792  3.0425  5.03792  0.973203  3.583  
1.62363  2.492  3.0425  5.03792  3.0425  5.03792  1.84037  1.79484  
0.982879  3.57276  3.0425  5.03792  3.0425  5.03792  1.24209  3.24312  
0.211768  4.02815  3.0425  5.03792  3.0425  5.03792  1.96935  1.11442  
1.9186  1.42851  3.0425  5.03792  3.0425  5.03792  1.64434  2.4376  
1.82632  1.85135  3.0425  5.03792  3.0425  5.03792  1.98745  0.974541  
1.92919  1.36976  3.0425  5.03792  3.0425  5.03792  1.43267  2.91821  
0.840481  3.71032  3.0425  5.03792  3.0425  5.03792  0.368333  3.98906  
0.788933  3.75348  3.0425  5.03792  3.0425  5.03792  1.06227  3.48347  
1.37009  3.03416  3.0425  5.03792  3.0425  5.03792  0.686501  3.82946  
0.446216  3.96016  3.0425  5.03792  3.0425  5.03792  1.48047  2.82261  
0.734872  3.79516  3.0425  5.03792  3.0425  5.03792  2.0326  0.440094  
1.33556  3.09406  3.0425  5.03792  3.0425  5.03792  0.593233  3.88786  
1.74954  2.12673  3.0425  5.03792  3.0425  5.03792  1.8638  1.6952  
1.83854  1.80232  3.0425  5.03792  3.0425  5.03792  0.410964  3.97403  
1.0903  3.44962  3.0425  5.03792  3.0425  5.03792  1.55708  2.65481  
1.42069  2.94119  3.0425  5.03792  3.0425  5.03792  1.68617  2.3214  
0.553316  3.90983  3.0425  5.03792  3.0425  5.03792  0.451017  3.95817  
0.319316  4.004  3.0425  5.03792  3.0425  5.03792  1.82844  1.84298  
1.73615  2.16999  3.0425  5.03792  3.0425  5.03792  1.36654  3.04045  
1.53306  2.70951  3.0425  5.03792  3.0425  5.03792  1.85217  1.74554  
1.18968  3.31907  3.0425  5.03792  3.0425  5.03792  0.656271  3.84949  
2.0381  0.307814  3.0425  5.03792  3.0425  5.03792  1.88657  1.59091  
1.9873  0.975747  3.0425  5.03792  3.0425  5.03792  1.94005  1.30629  
0.706887  3.81535  3.0425  5.03792  3.0425  5.03792  1.16527  3.35272  
1.3003  3.15244  3.0425  5.03792  3.0425  5.03792  1.41643  2.94925  
1.17033  3.34583  3.0425  5.03792  3.0425  5.03792  1.72668  2.19984  
2.01205  0.737788  3.0425  5.03792  3.0425  5.03792  1.79137  1.98308  
1.28241  3.18105  3.0425  5.03792  3.0425  5.03792  1.49608  2.78993  
1.66704  2.37564  3.0425  5.03792  3.0425  5.03792  1.22333  3.2709  
