2.34537  2.87462  3.69898  5.44791  1.79769e+308  1.79769e+308  2.34537  2.87462  
2.29832  2.98596  3.69898  5.44791  1.79769e+308  1.79769e+308  2.29832  2.98596  
2.21473  3.31526  3.69898  5.44791  1.79769e+308  1.79769e+308  2.21473  3.31526  
1.97817  3.78335  3.69898  5.44791  1.79769e+308  1.79769e+308  1.97817  3.78335  
1.81158  3.72424  3.69898  5.44791  1.79769e+308  1.79769e+308  1.81158  3.72424  
2.62122  1.81961  3.69898  5.44791  1.79769e+308  1.79769e+308  2.62122  1.81961  
2.33392  2.59965  3.69898  5.44791  1.79769e+308  1.79769e+308  2.33392  2.59965  
1.22254  4.44791  3.69898  5.44791  1.79769e+308  1.79769e+308  1.22254  4.44791  
1.81578  3.64869  3.69898  5.44791  1.79769e+308  1.79769e+308  1.81578  3.64869  
2.35712  3.07618  3.69898  5.44791  1.79769e+308  1.79769e+308  2.35712  3.07618  
2.44371  2.08879  3.69898  5.44791  1.79769e+308  1.79769e+308  2.44371  2.08879  
1.99195  3.44811  3.69898  5.44791  1.79769e+308  1.79769e+308  1.99195  3.44811  
2.19978  2.75976  3.69898  5.44791  1.79769e+308  1.79769e+308  2.19978  2.75976  
1.86884  4.05693  3.69898  5.44791  1.79769e+308  1.79769e+308  1.86884  4.05693  
2.41847  2.18578  3.69898  5.44791  1.79769e+308  1.79769e+308  2.41847  2.18578  
2.57188  2.1943  3.69898  5.44791  1.79769e+308  1.79769e+308  2.57188  2.1943  
1.66722  4.34837  3.69898  5.44791  1.79769e+308  1.79769e+308  1.66722  4.34837  
2.48149  2.29062  3.69898  5.44791  1.79769e+308  1.79769e+308  2.48149  2.29062  
2.18954  3.09564  3.69898  5.44791  1.79769e+308  1.79769e+308  2.18954  3.09564  
2.66377  1.54546  3.69898  5.44791  1.79769e+308  1.79769e+308  2.66377  1.54546  
2.197  3.0828  3.69898  5.44791  1.79769e+308  1.79769e+308  2.197  3.0828  
2.08856  3.32955  3.69898  5.44791  1.79769e+308  1.79769e+308  2.08856  3.32955  
2.32539  3.19192  3.69898  5.44791  1.79769e+308  1.79769e+308  2.32539  3.19192  
2.47262  2.4088  3.69898  5.44791  1.79769e+308  1.79769e+308  2.47262  2.4088  
2.45729  2.49335  3.69898  5.44791  1.79769e+308  1.79769e+308  2.45729  2.49335  
2.28404  3.09258  3.69898  5.44791  1.79769e+308  1.79769e+308  2.28404  3.09258  
2.18139  3.16377  3.69898  5.44791  1.79769e+308  1.79769e+308  2.18139  3.16377  
1.98464  3.68857  3.69898  5.44791  1.79769e+308  1.79769e+308  1.98464  3.68857  
2.0389  3.63738  3.69898  5.44791  1.79769e+308  1.79769e+308  2.0389  3.63738  
2.06992  3.33266  3.69898  5.44791  1.79769e+308  1.79769e+308  2.06992  3.33266  
1.96209  3.82498  3.69898  5.44791  1.79769e+308  1.79769e+308  1.96209  3.82498  
2.58171  1.50696  3.69898  5.44791  1.79769e+308  1.79769e+308  2.58171  1.50696  
2.06857  3.29104  3.69898  5.44791  1.79769e+308  1.79769e+308  2.06857  3.29104  
2.25583  2.95882  3.69898  5.44791  1.79769e+308  1.79769e+308  2.25583  2.95882  
2.46144  2.39965  3.69898  5.44791  1.79769e+308  1.79769e+308  2.46144  2.39965  
2.39469  2.31093  3.69898  5.44791  1.79769e+308  1.79769e+308  2.39469  2.31093  
2.24756  2.98479  3.69898  5.44791  1.79769e+308  1.79769e+308  2.24756  2.98479  
1.86305  3.9126  3.69898  5.44791  1.79769e+308  1.79769e+308  1.86305  3.9126  
2.11229  3.15202  3.69898  5.44791  1.79769e+308  1.79769e+308  2.11229  3.15202  
2.62985  2.2522  3.69898  5.44791  1.79769e+308  1.79769e+308  2.62985  2.2522  
2.3627  3.3125  3.69898  5.44791  1.79769e+308  1.79769e+308  2.3627  3.3125  
2.69898  1.55225  3.69898  5.44791  1.79769e+308  1.79769e+308  2.69898  1.55225  
1.77946  4.22075  3.69898  5.44791  1.79769e+308  1.79769e+308  1.77946  4.22075  
2.40691  2.55495  3.69898  5.44791  1.79769e+308  1.79769e+308  2.40691  2.55495  
2.46752  2.54921  3.69898  5.44791  1.79769e+308  1.79769e+308  2.46752  2.54921  
1.81122  4.14215  3.69898  5.44791  1.79769e+308  1.79769e+308  1.81122  4.14215  
2.45747  2.72398  3.69898  5.44791  1.79769e+308  1.79769e+308  2.45747  2.72398  
1.99539  3.6933  3.69898  5.44791  1.79769e+308  1.79769e+308  1.99539  3.6933  
2.35338  2.72732  3.69898  5.44791  1.79769e+308  1.79769e+308  2.35338  2.72732  
2.20776  3.12555  3.69898  5.44791  1.79769e+308  1.79769e+308  2.20776  3.12555  
2.48759  2.71521  3.69898  5.44791  1.79769e+308  1.79769e+308  2.48759  2.71521  
2.3108  2.53806  3.69898  5.44791  1.79769e+308  1.79769e+308  2.3108  2.53806  
1.42601  4.36104  3.69898  5.44791  1.79769e+308  1.79769e+308  1.42601  4.36104  
2.23706  2.84493  3.69898  5.44791  1.79769e+308  1.79769e+308  2.23706  2.84493  
2.49721  2.25053  3.69898  5.44791  1.79769e+308  1.79769e+308  2.49721  2.25053  
1.96805  3.38365  3.69898  5.44791  1.79769e+308  1.79769e+308  1.96805  3.38365  
1.66386  4.08188  3.69898  5.44791  1.79769e+308  1.79769e+308  1.66386  4.08188  
2.05381  3.34183  3.69898  5.44791  1.79769e+308  1.79769e+308  2.05381  3.34183  
1.74281  4.03756  3.69898  5.44791  1.79769e+308  1.79769e+308  1.74281  4.03756  
2.65366  1.38632  3.69898  5.44791  1.79769e+308  1.79769e+308  2.65366  1.38632  
2.16658  3.14187  3.69898  5.44791  1.79769e+308  1.79769e+308  2.16658  3.14187  
2.44545  2.62247  3.69898  5.44791  1.79769e+308  1.79769e+308  2.44545  2.62247  
2.22135  3.14137  3.69898  5.44791  1.79769e+308  1.79769e+308  2.22135  3.14137  
2.1905  3.38932  3.69898  5.44791  1.79769e+308  1.79769e+308  2.1905  3.38932  
2.08459  3.7176  3.69898  5.44791  1.79769e+308  1.79769e+308  2.08459  3.7176  
2.63994  1.26188  3.69898  5.44791  1.79769e+308  1.79769e+308  2.63994  1.26188  
2.68576  1.75131  3.69898  5.44791  1.79769e+308  1.79769e+308  2.68576  1.75131  
1.64815  3.99455  3.69898  5.44791  1.79769e+308  1.79769e+308  1.64815  3.99455  
2.45604  2.32554  3.69898  5.44791  1.79769e+308  1.79769e+308  2.45604  2.32554  
1.9975  3.73814  3.69898  5.44791  1.79769e+308  1.79769e+308  1.9975  3.73814  
1.48588  4.31972  3.69898  5.44791  1.79769e+308  1.79769e+308  1.48588  4.31972  
2.56311  2.10117  3.69898  5.44791  1.79769e+308  1.79769e+308  2.56311  2.10117  
2.22393  3.06478  3.69898  5.44791  1.79769e+308  1.79769e+308  2.22393  3.06478  
2.55952  1.72836  3.69898  5.44791  1.79769e+308  1.79769e+308  2.55952  1.72836  
2.45469  2.64854  3.69898  5.44791  1.79769e+308  1.79769e+308  2.45469  2.64854  
2.382  2.9243  3.69898  5.44791  1.79769e+308  1.79769e+308  2.382  2.9243  
2.51931  2.6159  3.69898  5.44791  1.79769e+308  1.79769e+308  2.51931  2.6159  
1.87822  3.66587  3.69898  5.44791  1.79769e+308  1.79769e+308  1.87822  3.66587  
1.99665  3.66377  3.69898  5.44791  1.79769e+308  1.79769e+308  1.99665  3.66377  
2.66338  1.93842  3.69898  5.44791  1.79769e+308  1.79769e+308  2.66338  1.93842  
2.47584  1.96986  3.69898  5.44791  1.79769e+308  1.79769e+308  2.47584  1.96986  
2.49442  2.59984  3.69898  5.44791  1.79769e+308  1.79769e+308  2.49442  2.59984  
2.43091  2.8294  3.69898  5.44791  1.79769e+308  1.79769e+308  2.43091  2.8294  
1.77072  3.94365  3.69898  5.44791  1.79769e+308  1.79769e+308  1.77072  3.94365  
2.54063  1.89905  3.69898  5.44791  1.79769e+308  1.79769e+308  2.54063  1.89905  
2.61008  2.52892  3.69898  5.44791  1.79769e+308  1.79769e+308  2.61008  2.52892  
2.12555  3.4862  3.69898  5.44791  1.79769e+308  1.79769e+308  2.12555  3.4862  
2.45128  2.87866  3.69898  5.44791  1.79769e+308  1.79769e+308  2.45128  2.87866  
2.38068  2.83212  3.69898  5.44791  1.79769e+308  1.79769e+308  2.38068  2.83212  
2.10462  3.62768  3.69898  5.44791  1.79769e+308  1.79769e+308  2.10462  3.62768  
2.54718  2.09833  3.69898  5.44791  1.79769e+308  1.79769e+308  2.54718  2.09833  
2.04864  3.48442  3.69898  5.44791  1.79769e+308  1.79769e+308  2.04864  3.48442  
2.25238  3.12078  3.69898  5.44791  1.79769e+308  1.79769e+308  2.25238  3.12078  
2.55758  1.875  3.69898  5.44791  1.79769e+308  1.79769e+308  2.55758  1.875  
2.35144  2.99216  3.69898  5.44791  1.79769e+308  1.79769e+308  2.35144  2.99216  
2.48362  1.8833  3.69898  5.44791  1.79769e+308  1.79769e+308  2.48362  1.8833  
1.89014  3.82393  3.69898  5.44791  1.79769e+308  1.79769e+308  1.89014  3.82393  
1.85367  3.99647  3.69898  5.44791  1.79769e+308  1.79769e+308  1.85367  3.99647  
2.54843  2.10668  3.69898  5.44791  1.79769e+308  1.79769e+308  2.54843  2.10668  
2.06231  3.12823  3.69898  5.44791  1.79769e+308  1.79769e+308  2.06231  3.12823  
1.48353  2.85421  3.14795  5.18488  3.03289  5.06297  2.00253  1.10564  
0.842743  3.73085  3.14795  5.18488  3.03289  5.06297  0.386524  4.00944  
0.150241  4.04802  3.14795  5.18488  3.03289  5.06297  1.5554  2.72936  
1.425  2.96842  3.14795  5.18488  3.03289  5.06297  1.27578  3.24091  
1.6834  2.35596  3.14795  5.18488  3.03289  5.06297  2.14795  0.471792  
1.7578  2.12894  3.14795  5.18488  3.03289  5.06297  0.293534  4.03616  
0.8882  3.69015  3.14795  5.18488  3.03289  5.06297  1.06703  3.675  
1.08072  3.48409  3.14795  5.18488  3.03289  5.06297  0.822131  3.77806  
0.535921  3.92784  3.14795  5.18488  3.03289  5.06297  1.35854  3.16584  
1.46744  2.8862  3.14795  5.18488  3.03289  5.06297  0.58958  3.92279  
0.459682  3.96283  3.14795  5.18488  3.03289  5.06297  1.14678  3.42293  
1.98328  0.990354  3.14795  5.18488  3.03289  5.06297  1.62616  2.92775  
1.27718  3.22152  3.14795  5.18488  3.03289  5.06297  1.71316  2.26924  
0.283739  4.02054  3.14795  5.18488  3.03289  5.06297  1.09431  3.47563  
1.92877  1.35901  3.14795  5.18488  3.03289  5.06297  0.351009  4.0255  
1.94774  1.24484  3.14795  5.18488  3.03289  5.06297  1.14398  3.83971  
1.35763  3.09005  3.14795  5.18488  3.03289  5.06297  1.90098  2.3976  
1.59381  2.59373  3.14795  5.18488  3.03289  5.06297  0.731566  3.8432  
1.01679  3.55391  3.14795  5.18488  3.03289  5.06297  0.493334  3.9683  
0.0629692  4.06297  3.14795  5.18488  3.03289  5.06297  1.63297  2.538  
1.96649  1.11881  3.14795  5.18488  3.03289  5.06297  1.36111  3.49312  
1.97497  1.05599  3.14795  5.18488  3.03289  5.06297  0.237087  4.18488  
0.681177  3.84822  3.14795  5.18488  3.03289  5.06297  0.993799  3.60539  
1.99843  0.857057  3.14795  5.18488  3.03289  5.06297  1.40023  3.01888  
1.00003  3.57875  3.14795  5.18488  3.03289  5.06297  1.24788  3.30006  
1.54651  2.69626  3.14795  5.18488  3.03289  5.06297  1.921  1.51633  
0.865878  3.71066  3.14795  5.18488  3.03289  5.06297  1.55453  2.72223  
1.85891  1.71011  3.14795  5.18488  3.03289  5.06297  1.87695  1.746  
1.25821  3.25  3.14795  5.18488  3.03289  5.06297  1.94555  1.86203  
1.37756  3.04487  3.14795  5.18488  3.03289  5.06297  0.237463  4.05064  
0.980957  3.59895  3.14795  5.18488  3.03289  5.06297  2.01699  0.806069  
1.45297  2.91477  3.14795  5.18488  3.03289  5.06297  1.32957  3.22305  
1.93858  1.30143  3.14795  5.18488  3.03289  5.06297  1.53056  2.79218  
1.95771  1.17976  3.14795  5.18488  3.03289  5.06297  1.02447  3.57645  
1.90966  1.46465  3.14795  5.18488  3.03289  5.06297  1.89023  1.66701  
1.91965  1.41223  3.14795  5.18488  3.03289  5.06297  1.76945  2.14434  
1.31669  3.15847  3.14795  5.18488  3.03289  5.06297  2.11732  1.41083  
1.4986  2.81023  3.14795  5.18488  3.03289  5.06297  1.13983  3.50899  
0.423082  3.9775  3.14795  5.18488  3.03289  5.06297  1.90444  1.61472  
1.10326  3.45208  3.14795  5.18488  3.03289  5.06297  1.62909  2.56424  
1.24292  3.27282  3.14795  5.18488  3.03289  5.06297  1.78426  2.09918  
2.00542  0.832962  3.14795  5.18488  3.03289  5.06297  1.80066  2.03933  
0.90963  3.67018  3.14795  5.18488  3.03289  5.06297  1.67016  2.44809  
0.819754  3.75022  3.14795  5.18488  3.03289  5.06297  0.777975  3.78663  
1.64051  2.47331  3.14795  5.18488  3.03289  5.06297  1.84983  1.85429  
0.338533  4.00604  3.14795  5.18488  3.03289  5.06297  1.061  3.88024  
0.930082  3.65055  3.14795  5.18488  3.03289  5.06297  0.749795  3.83096  
1.66841  2.39786  3.14795  5.18488  3.03289  5.06297  1.6865  2.38532  
1.4105  2.99543  3.14795  5.18488  3.03289  5.06297  1.95216  1.30311  
1.18897  3.34063  3.14795  5.18488  3.03289  5.06297  0.946605  3.91354  
1.33629  3.12617  3.14795  5.18488  3.03289  5.06297  0.836539  3.76683  
1.83463  1.81208  3.14795  5.18488  3.03289  5.06297  0.949553  3.64387  
1.78375  2.00475  3.14795  5.18488  3.03289  5.06297  1.33674  3.13543  
1.84611  1.76476  3.14795  5.18488  3.03289  5.06297  1.4936  2.8821  
0.742794  3.81027  3.14795  5.18488  3.03289  5.06297  2.00577  0.964999  
0.951576  3.62191  3.14795  5.18488  3.03289  5.06297  1.97373  1.06539  
2.02116  0.761159  3.14795  5.18488  3.03289  5.06297  1.31978  3.19576  
0.603183  3.89228  3.14795  5.18488  3.03289  5.06297  0.0629692  4.06297  
1.15882  3.38153  3.14795  5.18488  3.03289  5.06297  1.27681  3.28593  
1.14228  3.40253  3.14795  5.18488  3.03289  5.06297  0.440898  3.98879  
1.51411  2.77574  3.14795  5.18488  3.03289  5.06297  2.07273  0.0752147  
0.71312  3.83149  3.14795  5.18488  3.03289  5.06297  1.04938  3.54608  
1.43912  2.9416  3.14795  5.18488  3.03289  5.06297  1.7636  2.17208  
1.12275  3.42775  3.14795  5.18488  3.03289  5.06297  1.37448  3.08686  
1.69547  2.32136  3.14795  5.18488  3.03289  5.06297  1.50405  2.82595  
1.81322  1.89628  3.14795  5.18488  3.03289  5.06297  0.658883  3.8908  
1.88923  1.56868  3.14795  5.18488  3.03289  5.06297  1.83743  1.92344  
1.5389  2.72144  3.14795  5.18488  3.03289  5.06297  1.07659  3.5226  
1.1754  3.35923  3.14795  5.18488  3.03289  5.06297  1.7664  2.18375  
1.65483  2.43486  3.14795  5.18488  3.03289  5.06297  1.57087  2.70433  
1.80685  1.92599  3.14795  5.18488  3.03289  5.06297  1.91777  1.56148  
0.795908  3.76962  3.14795  5.18488  3.03289  5.06297  1.43705  2.95926  
1.78978  1.98464  3.14795  5.18488  3.03289  5.06297  1.67286  2.48093  
1.70824  2.28392  3.14795  5.18488  3.03289  5.06297  1.86053  1.80095  
1.76796  2.06845  3.14795  5.18488  3.03289  5.06297  1.93844  1.43366  
1.62414  2.51592  3.14795  5.18488  3.03289  5.06297  2.03289  0.0328858  
1.73277  2.19704  3.14795  5.18488  3.03289  5.06297  1.86646  2.08531  
1.73966  2.16186  3.14795  5.18488  3.03289  5.06297  0.630839  3.90573  
1.57905  2.63098  3.14795  5.18488  3.03289  5.06297  1.58233  2.658  
1.99083  0.926862  3.14795  5.18488  3.03289  5.06297  1.83936  1.90476  
1.22053  3.29523  3.14795  5.18488  3.03289  5.06297  1.60132  2.61981  
1.87957  1.61501  3.14795  5.18488  3.03289  5.06297  0.52524  4.02438  
1.56103  2.66389  3.14795  5.18488  3.03289  5.06297  1.86597  2.5774  
0.496835  3.94648  3.14795  5.18488  3.03289  5.06297  1.61362  2.58941  
0.240683  4.03155  3.14795  5.18488  3.03289  5.06297  0.0769588  4.07689  
1.60897  2.55551  3.14795  5.18488  3.03289  5.06297  0.91492  3.67637  
0.380579  3.99279  3.14795  5.18488  3.03289  5.06297  1.22546  3.31457  
2.02763  0.325289  3.14795  5.18488  3.03289  5.06297  1.81341  1.94425  
1.8686  1.66607  3.14795  5.18488  3.03289  5.06297  1.52059  2.87142  
0.769594  3.79018  3.14795  5.18488  3.03289  5.06297  0.685075  3.86503  
1.72067  2.24656  3.14795  5.18488  3.03289  5.06297  1.74532  2.20868  
1.39685  3.02036  3.14795  5.18488  3.03289  5.06297  0.883423  3.7103  
1.20912  3.31276  3.14795  5.18488  3.03289  5.06297  0.857543  3.74259  
2.03289  0.0328858  3.14795  5.18488  3.03289  5.06297  0.769812  4.05924  
1.296  3.19184  3.14795  5.18488  3.03289  5.06297  1.46972  2.9024  
1.05037  3.51638  3.14795  5.18488  3.03289  5.06297  0.543338  3.94558  
1.89944  1.51634  3.14795  5.18488  3.03289  5.06297  1.64877  2.47796  
0.653414  3.87355  3.14795  5.18488  3.03289  5.06297  1.57459  2.72778  
0.584549  3.90209  3.14795  5.18488  3.03289  5.06297  1.18807  3.37251  
1.82408  1.85421  3.14795  5.18488  3.03289  5.06297  1.25896  3.27402  
1.48198  2.84665  3.06451  5.07162  3.03281  5.06287  1.02281  3.58647  
0.842743  3.73085  3.06451  5.07162  3.03281  5.06287  0.549788  3.9416  
0.150241  4.04802  3.06451  5.07162  3.03281  5.06287  1.77093  2.13886  
1.41786  2.9716  3.06451  5.07162  3.03281  5.06287  1.64774  2.49704  
1.68145  2.36053  3.06451  5.07162  3.03281  5.06287  0.767891  3.80316  
1.75816  2.12719  3.06451  5.07162  3.03281  5.06287  0.356202  4.02014  
0.8882  3.69015  3.06451  5.07162  3.03281  5.06287  0.57985  3.92642  
1.07784  3.48472  3.06451  5.07162  3.03281  5.06287  0.466672  3.98145  
0.535921  3.92784  3.06451  5.07162  3.03281  5.06287  1.17475  3.38957  
1.46547  2.87965  3.06451  5.07162  3.03281  5.06287  0.927784  3.75017  
0.459682  3.96283  3.06451  5.07162  3.03281  5.06287  1.39292  3.03945  
1.98328  0.990354  3.06451  5.07162  3.03281  5.06287  0.717977  3.87455  
1.27707  3.21177  3.06451  5.07162  3.03281  5.06287  1.56891  2.65184  
0.283739  4.02054  3.06451  5.07162  3.03281  5.06287  1.22525  3.30202  
1.92877  1.35901  3.06451  5.07162  3.03281  5.06287  1.37612  3.07985  
1.94774  1.24484  3.06451  5.07162  3.03281  5.06287  1.78111  2.09483  
1.3512  3.09089  3.06451  5.07162  3.03281  5.06287  1.65146  2.55666  
1.59378  2.59011  3.06451  5.07162  3.03281  5.06287  0.524756  3.95643  
1.01679  3.55391  3.06451  5.07162  3.03281  5.06287  0.717873  3.84183  
0.0628748  4.06287  3.06451  5.07162  3.03281  5.06287  1.25628  3.26561  
1.9664  1.11911  3.06451  5.07162  3.03281  5.06287  1.66405  2.45545  
1.97493  1.05623  3.06451  5.07162  3.03281  5.06287  1.38447  3.22314  
0.681177  3.84822  3.06451  5.07162  3.03281  5.06287  0.972442  3.6203  
1.99911  0.850055  3.06451  5.07162  3.03281  5.06287  1.71716  2.27909  
1.00003  3.57875  3.06451  5.07162  3.03281  5.06287  1.96382  1.35772  
1.54651  2.69626  3.06451  5.07162  3.03281  5.06287  1.93262  1.45725  
0.865878  3.71066  3.06451  5.07162  3.03281  5.06287  1.50397  2.8213  
1.85891  1.71011  3.06451  5.07162  3.03281  5.06287  1.63364  2.53785  
1.26048  3.23723  3.06451  5.07162  3.03281  5.06287  1.07102  3.51603  
1.36909  3.05993  3.06451  5.07162  3.03281  5.06287  0.824908  3.76218  
0.980957  3.59895  3.06451  5.07162  3.03281  5.06287  2.01925  0.782884  
1.44738  2.9152  3.06451  5.07162  3.03281  5.06287  0.607214  3.90676  
1.93858  1.30143  3.06451  5.07162  3.03281  5.06287  1.19737  3.36797  
1.95747  1.18098  3.06451  5.07162  3.03281  5.06287  1.6161  2.57357  
1.90966  1.46465  3.06451  5.07162  3.03281  5.06287  1.96284  1.28023  
1.91965  1.41223  3.06451  5.07162  3.03281  5.06287  1.27992  3.23698  
1.31564  3.1504  3.06451  5.07162  3.03281  5.06287  1.281  3.40433  
1.4986  2.81023  3.06451  5.07162  3.03281  5.06287  0.229477  4.04508  
0.423082  3.9775  3.06451  5.07162  3.03281  5.06287  0.389561  4.00982  
1.10326  3.45208  3.06451  5.07162  3.03281  5.06287  1.41497  3.00569  
1.24396  3.26205  3.06451  5.07162  3.03281  5.06287  1.85166  1.84253  
2.02166  0.58917  3.06451  5.07162  3.03281  5.06287  1.81082  1.99371  
0.90963  3.67018  3.06451  5.07162  3.03281  5.06287  1.29805  3.2082  
0.819754  3.75022  3.06451  5.07162  3.03281  5.06287  1.09254  3.47677  
1.6391  2.47574  3.06451  5.07162  3.03281  5.06287  0.88205  3.70787  
0.338533  4.00604  3.06451  5.07162  3.03281  5.06287  1.5667  2.76271  
0.930082  3.65055  3.06451  5.07162  3.03281  5.06287  1.48459  2.86752  
1.66741  2.3996  3.06451  5.07162  3.03281  5.06287  1.02969  3.67992  
1.40303  2.99907  3.06451  5.07162  3.03281  5.06287  1.94498  1.34738  
1.18897  3.34063  3.06451  5.07162  3.03281  5.06287  1.66868  2.43529  
1.33308  3.12159  3.06451  5.07162  3.03281  5.06287  2.01022  0.945091  
1.83463  1.81208  3.06451  5.07162  3.03281  5.06287  1.03478  3.54873  
1.78375  2.00475  3.06451  5.07162  3.03281  5.06287  2.02802  0.840686  
1.84611  1.76476  3.06451  5.07162  3.03281  5.06287  1.44353  3.03381  
0.742794  3.81027  3.06451  5.07162  3.03281  5.06287  1.91925  1.52142  
0.951576  3.62191  3.06451  5.07162  3.03281  5.06287  1.97894  1.02567  
2.00705  0.769061  3.06451  5.07162  3.03281  5.06287  0.743073  3.82422  
0.603183  3.89228  3.06451  5.07162  3.03281  5.06287  0.0628748  4.06287  
1.16729  3.37122  3.06451  5.07162  3.03281  5.06287  1.00104  3.59914  
1.14228  3.40253  3.06451  5.07162  3.03281  5.06287  0.688991  3.85984  
1.5115  2.7802  3.06451  5.07162  3.03281  5.06287  2.06451  0.0645072  
0.71312  3.83149  3.06451  5.07162  3.03281  5.06287  1.3167  3.17523  
1.43217  2.94471  3.06451  5.07162  3.03281  5.06287  1.7428  2.2344  
1.12275  3.42775  3.06451  5.07162  3.03281  5.06287  1.60169  2.61442  
1.69465  2.32269  3.06451  5.07162  3.03281  5.06287  1.75593  2.17767  
1.81322  1.89628  3.06451  5.07162  3.03281  5.06287  1.75057  2.21352  
1.88923  1.56868  3.06451  5.07162  3.03281  5.06287  1.91209  1.5862  
1.52626  2.74902  3.06451  5.07162  3.03281  5.06287  1.12738  3.44267  
2.01458  0.682461  3.06451  5.07162  3.03281  5.06287  1.48501  2.88353  
1.65309  2.43844  3.06451  5.07162  3.03281  5.06287  0.299785  4.03063  
1.80685  1.92599  3.06451  5.07162  3.03281  5.06287  1.82447  1.94289  
0.795908  3.76962  3.06451  5.07162  3.03281  5.06287  0.0734076  4.07162  
1.78978  1.98464  3.06451  5.07162  3.03281  5.06287  1.54569  2.72814  
1.70782  2.28429  3.06451  5.07162  3.03281  5.06287  1.90156  1.61988  
1.76796  2.06845  3.06451  5.07162  3.03281  5.06287  0.846717  3.73585  
1.62352  2.51585  3.06451  5.07162  3.03281  5.06287  2.03281  0.0328112  
1.73277  2.19704  3.06451  5.07162  3.03281  5.06287  0.87153  3.72677  
1.73966  2.16186  3.06451  5.07162  3.03281  5.06287  0.651131  3.88175  
1.57765  2.62868  3.06451  5.07162  3.03281  5.06287  1.5258  2.77981  
1.99106  0.924364  3.06451  5.07162  3.03281  5.06287  1.83844  1.89393  
1.22654  3.28764  3.06451  5.07162  3.03281  5.06287  0.422082  3.99365  
1.87957  1.61501  3.06451  5.07162  3.03281  5.06287  1.89068  1.67769  
1.56103  2.66389  3.06451  5.07162  3.03281  5.06287  1.45518  2.90473  
0.496835  3.94648  3.06451  5.07162  3.03281  5.06287  1.87995  1.72128  
0.240683  4.03155  3.06451  5.07162  3.03281  5.06287  0.180863  4.05705  
1.60813  2.55464  3.06451  5.07162  3.03281  5.06287  0.90875  3.68151  
0.380579  3.99279  3.06451  5.07162  3.03281  5.06287  0.488342  4.01391  
2.02595  0.364804  3.06451  5.07162  3.03281  5.06287  1.33903  3.11318  
1.8686  1.66607  3.06451  5.07162  3.03281  5.06287  0.937701  3.65322  
0.769594  3.79018  3.06451  5.07162  3.03281  5.06287  1.21092  3.34169  
1.72055  2.24614  3.06451  5.07162  3.03281  5.06287  1.69472  2.36081  
1.38686  3.02841  3.06451  5.07162  3.03281  5.06287  1.24328  3.49847  
1.20912  3.31276  3.06451  5.07162  3.03281  5.06287  0.797327  3.78059  
2.03281  0.0328112  3.06451  5.07162  3.03281  5.06287  1.4334  2.96427  
1.29688  3.18064  3.06451  5.07162  3.03281  5.06287  1.15561  3.41004  
1.05037  3.51638  3.06451  5.07162  3.03281  5.06287  1.79959  2.02922  
1.89944  1.51634  3.06451  5.07162  3.03281  5.06287  1.86417  1.76734  
0.653414  3.87355  3.06451  5.07162  3.03281  5.06287  1.8912  1.68825  
0.584549  3.90209  3.06451  5.07162  3.03281  5.06287  1.17164  3.57431  
1.82408  1.85421  3.06451  5.07162  3.03281  5.06287  0.492852  3.96613  
1.47722  2.85042  3.06433  5.07647  3.03279  5.06284  1.38277  3.05566  
0.842743  3.73085  3.06433  5.07647  3.03279  5.06284  1.96601  1.25758  
0.150241  4.04802  3.06433  5.07647  3.03279  5.06284  0.608903  3.90602  
1.41806  2.9712  3.06433  5.07647  3.03279  5.06284  1.79373  2.04647  
1.68145  2.36053  3.06433  5.07647  3.03279  5.06284  1.13927  3.42173  
1.75767  2.12877  3.06433  5.07647  3.03279  5.06284  0.0773708  4.07647  
0.889548  3.68002  3.06433  5.07647  3.03279  5.06284  0.312468  4.0282  
1.08008  3.4781  3.06433  5.07647  3.03279  5.06284  0.832013  3.74525  
0.535921  3.92784  3.06433  5.07647  3.03279  5.06284  1.02762  3.5606  
1.46249  2.88151  3.06433  5.07647  3.03279  5.06284  1.8823  1.67358  
0.459682  3.96283  3.06433  5.07647  3.03279  5.06284  0.982119  3.6055  
1.97834  0.960881  3.06433  5.07647  3.03279  5.06284  1.89316  1.77653  
1.27383  3.21274  3.06433  5.07647  3.03279  5.06284  1.61697  2.53492  
0.283739  4.02054  3.06433  5.07647  3.03279  5.06284  1.23536  3.28928  
1.91974  1.35875  3.06433  5.07647  3.03279  5.06284  1.90143  1.61284  
1.94775  1.20471  3.06433  5.07647  3.03279  5.06284  0.908718  3.73964  
1.35467  3.08121  3.06433  5.07647  3.03279  5.06284  0.40167  4.00068  
1.59378  2.59011  3.06433  5.07647  3.03279  5.06284  0.514014  3.95146  
1.00347  3.56613  3.06433  5.07647  3.03279  5.06284  1.67028  2.42542  
0.0628418  4.06284  3.06433  5.07647  3.03279  5.06284  1.23632  3.33556  
1.96113  1.09537  3.06433  5.07647  3.03279  5.06284  1.5394  2.74774  
1.02633  3.54114  3.06433  5.07647  3.03279  5.06284  1.78532  2.07548  
0.681177  3.84822  3.06433  5.07647  3.03279  5.06284  2.0063  1.03012  
2.00064  0.747237  3.06433  5.07647  3.03279  5.06284  1.83306  1.88467  
1.04509  3.51965  3.06433  5.07647  3.03279  5.06284  0.549465  3.938  
1.54651  2.69626  3.06433  5.07647  3.03279  5.06284  1.87524  1.72138  
0.865878  3.71066  3.06433  5.07647  3.03279  5.06284  1.30893  3.17926  
1.85891  1.71011  3.06433  5.07647  3.03279  5.06284  1.57212  2.67217  
1.26108  3.23244  3.06433  5.07647  3.03279  5.06284  1.40399  3.07763  
1.36909  3.05993  3.06433  5.07647  3.03279  5.06284  0.436747  3.98757  
0.975639  3.59572  3.06433  5.07647  3.03279  5.06284  1.97591  1.1532  
1.44859  2.9128  3.06433  5.07647  3.03279  5.06284  1.42348  2.98693  
1.93858  1.30143  3.06433  5.07647  3.03279  5.06284  1.98276  1.26762  
1.95424  1.14799  3.06433  5.07647  3.03279  5.06284  1.86492  1.76839  
1.90966  1.46465  3.06433  5.07647  3.03279  5.06284  1.94158  1.40601  
1.43454  2.93999  3.06433  5.07647  3.03279  5.06284  1.50176  2.82809  
1.3131  3.15427  3.06433  5.07647  3.03279  5.06284  0.783647  3.79091  
1.49479  2.81415  3.06433  5.07647  3.03279  5.06284  0.257242  4.03983  
0.423082  3.9775  3.06433  5.07647  3.03279  5.06284  0.198336  4.05071  
1.10033  3.45317  3.06433  5.07647  3.03279  5.06284  1.56409  2.70122  
1.23719  3.26825  3.06433  5.07647  3.03279  5.06284  1.8526  1.81902  
2.01582  0.553874  3.06433  5.07647  3.03279  5.06284  1.60509  2.59993  
0.90963  3.67018  3.06433  5.07647  3.03279  5.06284  0.915491  3.66972  
0.819754  3.75022  3.06433  5.07647  3.03279  5.06284  0.953815  3.63077  
1.6391  2.47574  3.06433  5.07647  3.03279  5.06284  1.70726  2.32875  
0.338533  4.00604  3.06433  5.07647  3.03279  5.06284  0.675069  3.86574  
0.930082  3.65055  3.06433  5.07647  3.03279  5.06284  1.76139  2.15074  
1.66741  2.3996  3.06433  5.07647  3.03279  5.06284  1.05001  3.53312  
1.40303  2.99413  3.06433  5.07647  3.03279  5.06284  1.99282  1.02102  
1.1835  3.34478  3.06433  5.07647  3.03279  5.06284  0.577296  3.92405  
1.3274  3.12725  3.06433  5.07647  3.03279  5.06284  1.59077  2.62736  
1.83463  1.81208  3.06433  5.07647  3.03279  5.06284  1.28602  3.21766  
1.78375  2.00475  3.06433  5.07647  3.03279  5.06284  1.92766  1.46873  
1.84611  1.76476  3.06433  5.07647  3.03279  5.06284  0.806757  3.77052  
0.742794  3.81027  3.06433  5.07647  3.03279  5.06284  1.70315  2.39626  
0.951576  3.62191  3.06433  5.07647  3.03279  5.06284  2.0086  0.752387  
2.00558  0.692605  3.06433  5.07647  3.03279  5.06284  1.91433  1.55076  
0.603183  3.89228  3.06433  5.07647  3.03279  5.06284  0.0628418  4.06284  
1.1639  3.37132  3.06433  5.07647  3.03279  5.06284  1.65805  2.48048  
1.14413  3.3975  3.06433  5.07647  3.03279  5.06284  1.22135  3.31679  
1.511  2.77948  3.06433  5.07647  3.03279  5.06284  2.06433  0.0643269  
0.71312  3.83149  3.06433  5.07647  3.03279  5.06284  1.57337  2.67473  
1.99534  0.804402  3.06433  5.07647  3.03279  5.06284  1.69194  2.36781  
1.12343  3.4242  3.06433  5.07647  3.03279  5.06284  1.77428  2.11152  
1.69465  2.32269  3.06433  5.07647  3.03279  5.06284  0.628456  3.90856  
2.03026  0.234135  3.06433  5.07647  3.03279  5.06284  1.72225  2.28006  
1.88923  1.56868  3.06433  5.07647  3.03279  5.06284  1.55101  2.72087  
1.52926  2.73995  3.06433  5.07647  3.03279  5.06284  1.64356  2.49595  
1.96757  1.04744  3.06433  5.07647  3.03279  5.06284  0.471886  3.97956  
1.65309  2.43844  3.06433  5.07647  3.03279  5.06284  0.733312  3.82567  
1.80685  1.92599  3.06433  5.07647  3.03279  5.06284  1.95838  1.30934  
0.795908  3.76962  3.06433  5.07647  3.03279  5.06284  1.33545  3.13584  
1.78978  1.98464  3.06433  5.07647  3.03279  5.06284  1.52479  2.7777  
1.70782  2.28429  3.06433  5.07647  3.03279  5.06284  0.357637  4.01453  
1.76796  2.06845  3.06433  5.07647  3.03279  5.06284  1.18695  3.36543  
1.62352  2.51585  3.06433  5.07647  3.03279  5.06284  2.03279  0.032795  
1.73277  2.19704  3.06433  5.07647  3.03279  5.06284  0.871392  3.71002  
1.73966  2.16186  3.06433  5.07647  3.03279  5.06284  0.858934  3.73377  
1.57765  2.62868  3.06433  5.07647  3.03279  5.06284  1.4086  3.00544  
1.98411  0.911071  3.06433  5.07647  3.03279  5.06284  1.85449  1.93195  
1.22053  3.29257  3.06433  5.07647  3.03279  5.06284  0.760809  3.80564  
1.99009  0.856157  3.06433  5.07647  3.03279  5.06284  1.20427  3.33574  
1.56103  2.66389  3.06433  5.07647  3.03279  5.06284  1.4965  2.82605  
0.496835  3.94648  3.06433  5.07647  3.03279  5.06284  1.63719  2.5179  
0.240683  4.03155  3.06433  5.07647  3.03279  5.06284  1.00721  3.58521  
1.60813  2.55464  3.06433  5.07647  3.03279  5.06284  1.26172  3.25334  
0.380579  3.99279  3.06433  5.07647  3.03279  5.06284  1.09869  3.45528  
2.02595  0.364804  3.06433  5.07647  3.03279  5.06284  1.80847  1.96014  
1.86877  1.63986  3.06433  5.07647  3.03279  5.06284  1.94946  1.36413  
0.769594  3.79018  3.06433  5.07647  3.03279  5.06284  1.16457  3.39239  
1.72055  2.24614  3.06433  5.07647  3.03279  5.06284  0.64033  3.88478  
1.38595  3.03002  3.06433  5.07647  3.03279  5.06284  1.47803  2.88229  
1.20275  3.31785  3.06433  5.07647  3.03279  5.06284  0.485187  3.96819  
2.03279  0.032795  3.06433  5.07647  3.03279  5.06284  1.07396  3.505  
1.29709  3.17709  3.06433  5.07647  3.03279  5.06284  1.45612  2.92092  
1.06368  3.4976  3.06433  5.07647  3.03279  5.06284  1.08903  3.53726  
1.89944  1.51634  3.06433  5.07647  3.03279  5.06284  1.73856  2.21446  
0.653414  3.87355  3.06433  5.07647  3.03279  5.06284  0.157448  4.05884  
0.584549  3.90209  3.06433  5.07647  3.03279  5.06284  0.70441  3.84441  
1.82408  1.85421  3.06433  5.07647  3.03279  5.06284  1.36298  3.10128  
1.47961  2.84434  3.03278  5.06281  3.03278  5.06281  1.79299  2.00771  
0.839954  3.72314  3.03278  5.06281  3.03278  5.06281  1.44176  2.92014  
0.0741032  4.04908  3.03278  5.06281  3.03278  5.06281  1.04136  3.52241  
1.41553  2.96985  3.03278  5.06281  3.03278  5.06281  0.571647  3.91002  
1.68362  2.30401  3.03278  5.06281  3.03278  5.06281  1.54492  2.70433  
1.17385  3.35662  3.03278  5.06281  3.03278  5.06281  1.14847  3.39065  
0.88554  3.68266  3.03278  5.06281  3.03278  5.06281  1.52328  2.75268  
1.07992  3.4768  3.03278  5.06281  3.03278  5.06281  1.71747  2.25592  
0.535921  3.92784  3.03278  5.06281  3.03278  5.06281  1.97667  1.11522  
1.46347  2.87711  3.03278  5.06281  3.03278  5.06281  0.843778  3.73405  
0.459682  3.96283  3.03278  5.06281  3.03278  5.06281  0.890423  3.67826  
1.97834  0.960881  3.03278  5.06281  3.03278  5.06281  1.58592  2.60931  
1.28171  3.19895  3.03278  5.06281  3.03278  5.06281  1.90098  1.55977  
0.283739  4.02054  3.03278  5.06281  3.03278  5.06281  1.83552  1.84724  
1.92211  1.34551  3.03278  5.06281  3.03278  5.06281  1.73848  2.19012  
1.94289  1.2191  3.03278  5.06281  3.03278  5.06281  1.68159  2.36032  
1.35112  3.08534  3.03278  5.06281  3.03278  5.06281  1.50265  2.79629  
1.59073  2.59718  3.03278  5.06281  3.03278  5.06281  0.794864  3.77414  
0.99719  3.5709  3.03278  5.06281  3.03278  5.06281  1.31345  3.15216  
0.062807  4.06281  3.03278  5.06281  3.03278  5.06281  1.80256  1.9734  
1.96113  1.09537  3.03278  5.06281  3.03278  5.06281  1.7257  2.22994  
1.01815  3.54805  3.03278  5.06281  3.03278  5.06281  1.763  2.11118  
0.70052  3.83111  3.03278  5.06281  3.03278  5.06281  0.669703  3.85175  
2.00064  0.747237  3.03278  5.06281  3.03278  5.06281  1.99992  0.930574  
1.03989  3.52369  3.03278  5.06281  3.03278  5.06281  1.32715  3.12642  
1.54651  2.69626  3.03278  5.06281  3.03278  5.06281  1.4059  2.98783  
0.863389  3.70253  3.03278  5.06281  3.03278  5.06281  1.88264  1.64666  
1.8488  1.70868  3.03278  5.06281  3.03278  5.06281  0.3852  4.00233  
1.26174  3.22985  3.03278  5.06281  3.03278  5.06281  0.819839  3.75406  
1.36862  3.05486  3.03278  5.06281  3.03278  5.06281  1.07889  3.47986  
0.975868  3.59372  3.03278  5.06281  3.03278  5.06281  1.61937  2.52611  
1.4315  2.9398  3.03278  5.06281  3.03278  5.06281  1.75243  2.14531  
1.93347  1.27817  3.03278  5.06281  3.03278  5.06281  1.10034  3.4588  
1.95281  1.15324  3.03278  5.06281  3.03278  5.06281  0.29761  4.0278  
1.33294  3.11616  3.03278  5.06281  3.03278  5.06281  0.542288  3.93695  
1.8695  1.61693  3.03278  5.06281  3.03278  5.06281  0.245293  4.03915  
1.31476  3.14619  3.03278  5.06281  3.03278  5.06281  1.66933  2.39444  
1.49461  2.81348  3.03278  5.06281  3.03278  5.06281  1.63385  2.48907  
0.423082  3.9775  3.03278  5.06281  3.03278  5.06281  1.17914  3.34941  
1.10028  3.45196  3.03278  5.06281  3.03278  5.06281  1.36528  3.06068  
1.24377  3.25698  3.03278  5.06281  3.03278  5.06281  1.19588  3.32966  
2.0149  0.566751  3.03278  5.06281  3.03278  5.06281  0.7692  3.79409  
1.76276  2.04244  3.03278  5.06281  3.03278  5.06281  1.99241  0.994576  
0.816  3.74333  3.03278  5.06281  3.03278  5.06281  1.78292  2.0429  
1.64502  2.42084  3.03278  5.06281  3.03278  5.06281  1.65732  2.42717  
0.338533  4.00604  3.03278  5.06281  3.03278  5.06281  1.57343  2.63849  
0.930945  3.63921  3.03278  5.06281  3.03278  5.06281  1.77286  2.07711  
1.80057  1.90615  3.03278  5.06281  3.03278  5.06281  1.34615  3.09386  
1.39975  2.99921  3.03278  5.06281  3.03278  5.06281  1.38484  3.02668  
1.19036  3.33394  3.03278  5.06281  3.03278  5.06281  1.64704  2.45519  
2.02337  0.420739  3.03278  5.06281  3.03278  5.06281  1.70955  2.2788  
0.909413  3.6601  3.03278  5.06281  3.03278  5.06281  1.42553  2.95601  
1.77512  1.99876  3.03278  5.06281  3.03278  5.06281  1.89245  1.60058  
1.83803  1.75458  3.03278  5.06281  3.03278  5.06281  1.48826  2.82693  
0.731771  3.80898  3.03278  5.06281  3.03278  5.06281  0.966847  3.60311  
0.952883  3.61732  3.03278  5.06281  3.03278  5.06281  2.0196  0.61607  
2.00558  0.692605  3.03278  5.06281  3.03278  5.06281  1.95269  1.27543  
0.603183  3.89228  3.03278  5.06281  3.03278  5.06281  0.062807  4.06281  
1.85936  1.66211  3.03278  5.06281  3.03278  5.06281  1.90966  1.51646  
1.13771  3.40454  3.03278  5.06281  3.03278  5.06281  1.81261  1.93553  
1.51104  2.77843  3.03278  5.06281  3.03278  5.06281  1.91692  1.47955  
1.15664  3.37978  3.03278  5.06281  3.03278  5.06281  1.8544  1.77082  
1.91231  1.40058  3.03278  5.06281  3.03278  5.06281  1.92389  1.44233  
1.11995  3.42743  3.03278  5.06281  3.03278  5.06281  1.27733  3.20614  
1.69809  2.25503  3.03278  5.06281  3.03278  5.06281  1.25674  3.23903  
2.03005  0.241997  3.03278  5.06281  3.03278  5.06281  1.20724  3.31026  
1.89081  1.51346  3.03278  5.06281  3.03278  5.06281  2.00665  0.868054  
1.52839  2.74106  3.03278  5.06281  3.03278  5.06281  1.93088  1.40367  
1.96757  1.04744  3.03278  5.06281  3.03278  5.06281  1.45796  2.8886  
1.63158  2.495  3.03278  5.06281  3.03278  5.06281  1.11491  3.43421  
1.78924  1.94581  3.03278  5.06281  3.03278  5.06281  0.928404  3.6417  
0.790278  3.76419  3.03278  5.06281  3.03278  5.06281  1.96081  1.22374  
1.82061  1.82581  3.03278  5.06281  3.03278  5.06281  0.867124  3.71362  
1.71145  2.21683  3.03278  5.06281  3.03278  5.06281  0.742704  3.81396  
1.75048  2.08289  3.03278  5.06281  3.03278  5.06281  0.513109  3.95117  
1.6181  2.52932  3.03278  5.06281  3.03278  5.06281  2.03278  0.0327847  
1.72176  2.18368  3.03278  5.06281  3.03278  5.06281  1.93844  1.36103  
1.73325  2.1407  3.03278  5.06281  3.03278  5.06281  1.59577  2.58498  
1.57742  2.62918  3.03278  5.06281  3.03278  5.06281  1.00397  3.5637  
0.667628  3.85311  3.03278  5.06281  3.03278  5.06281  1.234  3.27164  
1.22515  3.28439  3.03278  5.06281  3.03278  5.06281  1.94512  1.32144  
1.99009  0.856157  3.03278  5.06281  3.03278  5.06281  1.82491  1.89278  
1.56103  2.66389  3.03278  5.06281  3.03278  5.06281  0.0741032  4.04908  
0.496835  3.94648  3.03278  5.06281  3.03278  5.06281  1.98483  1.05472  
0.210446  4.03612  3.03278  5.06281  3.03278  5.06281  1.60653  2.55867  
1.60387  2.56515  3.03278  5.06281  3.03278  5.06281  1.84512  1.80902  
0.380579  3.99279  3.03278  5.06281  3.03278  5.06281  2.01385  0.797068  
1.44734  2.909  3.03278  5.06281  3.03278  5.06281  1.69586  2.31864  
1.8805  1.56421  3.03278  5.06281  3.03278  5.06281  0.453192  3.97719  
0.75983  3.78817  3.03278  5.06281  3.03278  5.06281  1.29679  3.17519  
1.6594  2.38561  3.03278  5.06281  3.03278  5.06281  1.96819  1.17458  
1.384  3.02761  3.03278  5.06281  3.03278  5.06281  1.86385  1.73004  
1.20851  3.3083  3.03278  5.06281  3.03278  5.06281  0.483307  3.96461  
2.03278  0.0327847  3.03278  5.06281  3.03278  5.06281  0.715746  3.83332  
1.29809  3.17304  3.03278  5.06281  3.03278  5.06281  1.55979  2.67037  
1.06088  3.49939  3.03278  5.06281  3.03278  5.06281  1.87322  1.68949  
1.90085  1.46204  3.03278  5.06281  3.03278  5.06281  0.343058  4.01549  
0.633622  3.87438  3.03278  5.06281  3.03278  5.06281  0.4205  3.98995  
0.570873  3.91044  3.03278  5.06281  3.03278  5.06281  1.47351  2.85707  
1.81199  1.86099  3.03278  5.06281  3.03278  5.06281  0.620895  3.8823  
1.65682  2.36719  3.03275  5.06279  3.03275  5.06279  1.73106  2.14532  
0.777829  3.74481  3.03275  5.06279  3.03275  5.06279  1.98564  0.895821  
0.174437  4.0227  3.03275  5.06279  3.03275  5.06279  1.404  2.94457  
1.40204  2.94825  3.03275  5.06279  3.03275  5.06279  1.45377  2.8475  
1.68461  2.28785  3.03275  5.06279  3.03275  5.06279  1.43747  2.88003  
1.16307  3.33266  3.03275  5.06279  3.03275  5.06279  1.9146  1.38719  
1.12085  3.38895  3.03275  5.06279  3.03275  5.06279  0.733744  3.779  
1.05377  3.47223  3.03275  5.06279  3.03275  5.06279  0.791709  3.73354  
1.76433  2.03435  3.03275  5.06279  3.03275  5.06279  1.23898  3.22336  
1.4657  2.82319  3.03275  5.06279  3.03275  5.06279  1.74406  2.10292  
0.428416  3.95369  3.03275  5.06279  3.03275  5.06279  1.89481  1.49248  
1.97866  0.95675  3.03275  5.06279  3.03275  5.06279  1.42101  2.91216  
1.26318  3.18618  3.03275  5.06279  3.03275  5.06279  1.79447  1.92625  
0.884809  3.65158  3.03275  5.06279  3.03275  5.06279  0.187965  4.02068  
1.92361  1.33603  3.03275  5.06279  3.03275  5.06279  1.67709  2.30971  
1.94291  1.21814  3.03275  5.06279  3.03275  5.06279  1.29696  3.13227  
1.33552  3.06774  3.03275  5.06279  3.03275  5.06279  1.64935  2.38782  
1.99489  0.807312  3.03275  5.06279  3.03275  5.06279  1.96932  1.03214  
0.983617  3.55175  3.03275  5.06279  3.03275  5.06279  1.88462  1.54346  
0.0627874  4.06279  3.03275  5.06279  3.03275  5.06279  0.415142  3.95896  
1.9613  1.09232  3.03275  5.06279  3.03275  5.06279  1.13616  3.3689  
1.00713  3.52593  3.03275  5.06279  3.03275  5.06279  1.90478  1.44057  
0.687092  3.81261  3.03275  5.06279  3.03275  5.06279  1.02481  3.50596  
2.0028  0.722386  3.03275  5.06279  3.03275  5.06279  0.672694  3.82245  
1.52666  2.69224  3.03275  5.06279  3.03275  5.06279  1.81833  1.83463  
1.54178  2.65786  3.03275  5.06279  3.03275  5.06279  1.27782  3.16311  
0.910285  3.62715  3.03275  5.06279  3.03275  5.06279  0.0812606  4.0316  
1.84825  1.7108  3.03275  5.06279  3.03275  5.06279  0.368282  3.97605  
1.3522  3.03878  3.03275  5.06279  3.03275  5.06279  1.78229  1.97089  
0.510598  3.9169  3.03275  5.06279  3.03275  5.06279  2.02915  0.272576  
1.43432  2.88622  3.03275  5.06279  3.03275  5.06279  1.48602  2.78085  
1.41816  2.91764  3.03275  5.06279  3.03275  5.06279  1.75705  2.05934  
1.93342  1.27763  3.03275  5.06279  3.03275  5.06279  1.38662  2.97691  
1.95224  1.15625  3.03275  5.06279  3.03275  5.06279  0.258492  4.00719  
1.22438  3.24523  3.03275  5.06279  3.03275  5.06279  0.847329  3.68594  
1.87085  1.60927  3.03275  5.06279  3.03275  5.06279  2.00048  0.748344  
1.30059  3.12635  3.03275  5.06279  3.03275  5.06279  1.35119  3.04055  
1.48105  2.79132  3.03275  5.06279  3.03275  5.06279  2.00724  0.669536  
0.384753  3.97031  3.03275  5.06279  3.03275  5.06279  1.19864  3.28278  
1.55718  2.62204  3.03275  5.06279  3.03275  5.06279  0.574046  3.88346  
1.28219  3.15613  3.03275  5.06279  3.03275  5.06279  1.57815  2.57182  
2.01675  0.53759  3.03275  5.06279  3.03275  5.06279  1.94291  1.21814  
1.75157  2.07788  3.03275  5.06279  3.03275  5.06279  1.59252  2.53643  
0.654983  3.83423  3.03275  5.06279  3.03275  5.06279  1.86344  1.64342  
1.20439  3.27451  3.03275  5.06279  3.03275  5.06279  0.640858  3.84337  
0.341128  3.98491  3.03275  5.06279  3.03275  5.06279  1.25838  3.19365  
0.934941  3.60265  3.03275  5.06279  3.03275  5.06279  1.60685  2.50032  
1.80155  1.89964  3.03275  5.06279  3.03275  5.06279  0.499407  3.92234  
1.38572  2.97856  3.03275  5.06279  3.03275  5.06279  1.80656  1.88052  
1.73863  2.12077  3.03275  5.06279  3.03275  5.06279  1.56347  2.60715  
2.02298  0.427605  3.03275  5.06279  3.03275  5.06279  1.97773  0.964486  
1.07612  3.4453  3.03275  5.06279  3.03275  5.06279  1.70431  2.22899  
1.77704  1.98971  3.03275  5.06279  3.03275  5.06279  1.71763  2.18792  
1.83656  1.76045  3.03275  5.06279  3.03275  5.06279  1.11448  3.39718  
0.584844  3.87732  3.03275  5.06279  3.03275  5.06279  1.93365  1.27625  
0.95932  3.57758  3.03275  5.06279  3.03275  5.06279  1.6353  2.42593  
2.01006  0.633561  3.03275  5.06279  3.03275  5.06279  1.62113  2.46343  
0.858601  3.67581  3.03275  5.06279  3.03275  5.06279  0.0627874  4.06279  
1.8598  1.65986  3.03275  5.06279  3.03275  5.06279  0.976914  3.55896  
1.51161  2.72568  3.03275  5.06279  3.03275  5.06279  1.54849  2.64236  
1.49639  2.75874  3.03275  5.06279  3.03275  5.06279  1.85249  1.69231  
1.14231  3.36073  3.03275  5.06279  3.03275  5.06279  1.31566  3.10139  
1.91337  1.39399  3.03275  5.06279  3.03275  5.06279  1.09255  3.42498  
1.09892  3.41699  3.03275  5.06279  3.03275  5.06279  1.17837  3.3115  
1.69846  2.2467  3.03275  5.06279  3.03275  5.06279  1.21906  3.2531  
2.02845  0.294766  3.03275  5.06279  3.03275  5.06279  0.952406  3.58477  
1.89265  1.50347  3.03275  5.06279  3.03275  5.06279  2.01927  0.496231  
1.36899  3.00896  3.03275  5.06279  3.03275  5.06279  0.537843  3.90308  
1.97006  1.02633  3.03275  5.06279  3.03275  5.06279  1.51762  2.71243  
0.291315  3.99918  3.03275  5.06279  3.03275  5.06279  1.6633  2.34903  
1.78941  1.94495  3.03275  5.06279  3.03275  5.06279  0.316982  3.99214  
0.748755  3.76763  3.03275  5.06279  3.03275  5.06279  1.99336  0.822722  
1.82506  1.8077  3.03275  5.06279  3.03275  5.06279  0.926638  3.61099  
1.71194  2.20561  3.03275  5.06279  3.03275  5.06279  0.762929  3.75664  
0.0812606  4.0316  3.03275  5.06279  3.03275  5.06279  1.15731  3.34053  
1.62888  2.44303  3.03275  5.06279  3.03275  5.06279  2.03275  0.0327523  
1.64286  2.40555  3.03275  5.06279  3.03275  5.06279  0.87475  3.66098  
1.72549  2.16312  3.03275  5.06279  3.03275  5.06279  1.76978  2.01537  
1.58621  2.55209  3.03275  5.06279  3.03275  5.06279  1.96089  1.09536  
0.832143  3.69933  3.03275  5.06279  3.03275  5.06279  1.00117  3.53255  
1.24381  3.21603  3.03275  5.06279  3.03275  5.06279  1.46994  2.81445  
1.98695  0.883909  3.03275  5.06279  3.03275  5.06279  1.87417  1.59372  
1.6151  2.4791  3.03275  5.06279  3.03275  5.06279  2.02458  0.393843  
0.47006  3.93596  3.03275  5.06279  3.03275  5.06279  1.36899  3.00896  
0.236929  4.01185  3.03275  5.06279  3.03275  5.06279  1.69077  2.26966  
1.60058  2.51622  3.03275  5.06279  3.03275  5.06279  0.901132  3.63603  
0.71865  3.79016  3.03275  5.06279  3.03275  5.06279  1.92422  1.33249  
1.57187  2.58703  3.03275  5.06279  3.03275  5.06279  2.0133  0.589168  
1.8818  1.55723  3.03275  5.06279  3.03275  5.06279  1.53318  2.67752  
0.805643  3.72199  3.03275  5.06279  3.03275  5.06279  1.33373  3.0708  
1.67085  2.32763  3.03275  5.06279  3.03275  5.06279  1.07027  3.45243  
1.45017  2.85474  3.03275  5.06279  3.03275  5.06279  0.703485  3.80109  
1.31838  3.09683  3.03275  5.06279  3.03275  5.06279  1.95199  1.15789  
2.03275  0.0327523  3.03275  5.06279  3.03275  5.06279  0.819652  3.71013  
1.18398  3.30362  3.03275  5.06279  3.03275  5.06279  1.84127  1.74067  
1.03038  3.49957  3.03275  5.06279  3.03275  5.06279  0.608046  3.8637  
1.90307  1.44966  3.03275  5.06279  3.03275  5.06279  1.04772  3.47939  
0.620755  3.85596  3.03275  5.06279  3.03275  5.06279  1.50191  2.74683  
0.548452  3.89749  3.03275  5.06279  3.03275  5.06279  0.45978  3.94051  
1.81336  1.85421  3.03275  5.06279  3.03275  5.06279  1.82989  1.78803  
1.65825  2.36317  3.03274  5.03271  3.03274  5.03271  1.73114  2.14501  
0.764232  3.7556  3.03274  5.03271  3.03274  5.03271  1.98517  0.899908  
0.168369  4.02353  3.03274  5.03271  3.03274  5.03271  1.40301  2.94639  
1.40083  2.95049  3.03274  5.03271  3.03274  5.03271  1.45341  2.84818  
1.6857  2.28459  3.03274  5.03271  3.03274  5.03271  1.43687  2.88118  
1.15909  3.33809  3.03274  5.03271  3.03274  5.03271  1.91473  1.38641  
1.11658  3.39445  3.03274  5.03271  3.03274  5.03271  0.730445  3.78145  
1.04944  3.47734  3.03274  5.03271  3.03274  5.03271  0.789333  3.73548  
1.76449  2.03379  3.03274  5.03271  3.03274  5.03271  1.23751  3.22556  
1.4658  2.82296  3.03274  5.03271  3.03274  5.03271  1.7441  2.10277  
0.430107  3.95299  3.03274  5.03271  3.03274  5.03271  1.89469  1.49305  
1.97543  0.983391  3.03274  5.03271  3.03274  5.03271  1.42008  2.9139  
1.25828  3.19378  3.03274  5.03271  3.03274  5.03271  1.79405  1.92775  
0.875142  3.66061  3.03274  5.03271  3.03274  5.03271  0.164225  4.02409  
1.92241  1.34291  3.03274  5.03271  3.03274  5.03271  1.6777  2.30791  
1.94121  1.22895  3.03274  5.03271  3.03274  5.03271  1.29528  3.135  
1.33183  3.07403  3.03274  5.03271  3.03274  5.03271  1.65004  2.3859  
1.99836  0.771193  3.03274  5.03271  3.03274  5.03271  1.9692  1.03301  
0.977718  3.55808  3.03274  5.03271  3.03274  5.03271  1.88434  1.54477  
1.98337  0.915996  3.03274  5.03271  3.03274  5.03271  0.419828  3.95711  
1.95887  1.10979  3.03274  5.03271  3.03274  5.03271  1.13471  3.3708  
1.00208  3.53153  3.03274  5.03271  3.03274  5.03271  1.90483  1.44025  
0.675152  3.82078  3.03274  5.03271  3.03274  5.03271  1.02232  3.50879  
2.00535  0.692456  3.03274  5.03271  3.03274  5.03271  0.668606  3.82519  
1.52768  2.68993  3.03274  5.03271  3.03274  5.03271  1.8179  1.8363  
1.54278  2.65554  3.03274  5.03271  3.03274  5.03271  1.27631  3.16549  
0.901479  3.63568  3.03274  5.03271  3.03274  5.03271  0.284534  4.00091  
1.84869  1.70881  3.03274  5.03271  3.03274  5.03271  0.377843  3.97274  
1.3494  3.04366  3.03274  5.03271  3.03274  5.03271  1.78187  1.97238  
0.507824  3.91825  3.03274  5.03271  3.03274  5.03271  2.02898  0.277759  
1.43379  2.88725  3.03274  5.03271  3.03274  5.03271  1.48585  2.78116  
1.41745  2.91897  3.03274  5.03271  3.03274  5.03271  1.75686  2.05995  
1.93194  1.28659  3.03274  5.03271  3.03274  5.03271  1.3857  2.97859  
1.95018  1.17016  3.03274  5.03271  3.03274  5.03271  0.229732  4.01329  
1.21952  3.25239  3.03274  5.03271  3.03274  5.03271  0.845351  3.68769  
1.87098  1.60867  3.03274  5.03271  3.03274  5.03271  1.99984  0.755327  
1.2956  3.13447  3.03274  5.03271  3.03274  5.03271  1.3504  3.04191  
1.48154  2.79025  3.03274  5.03271  3.03274  5.03271  2.00663  0.676991  
0.387578  3.96928  3.03274  5.03271  3.03274  5.03271  1.19742  3.28452  
1.55774  2.62069  3.03274  5.03271  3.03274  5.03271  0.56945  3.88602  
1.27704  3.16433  3.03274  5.03271  3.03274  5.03271  1.57815  2.57181  
2.01814  0.515215  3.03274  5.03271  3.03274  5.03271  1.9431  1.21686  
1.75175  2.07724  3.03274  5.03271  3.03274  5.03271  1.59283  2.53562  
0.644063  3.8413  3.03274  5.03271  3.03274  5.03271  1.86302  1.64527  
1.19981  3.28109  3.03274  5.03271  3.03274  5.03271  0.636452  3.84615  
0.341787  3.9847  3.03274  5.03271  3.03274  5.03271  1.25705  3.19569  
0.927355  3.61026  3.03274  5.03271  3.03274  5.03271  1.60738  2.49891  
1.80162  1.89934  3.03274  5.03271  3.03274  5.03271  0.497826  3.92308  
1.38394  2.98181  3.03274  5.03271  3.03274  5.03271  1.80607  1.88239  
1.73885  2.12001  3.03274  5.03271  3.03274  5.03271  1.56327  2.60759  
2.0238  0.410492  3.03274  5.03271  3.03274  5.03271  1.97735  0.967593  
1.07229  3.44996  3.03274  5.03271  3.03274  5.03271  1.70471  2.22773  
1.77704  1.9897  3.03274  5.03271  3.03274  5.03271  1.71801  2.18668  
1.83721  1.75773  3.03274  5.03271  3.03274  5.03271  1.113  3.39907  
0.578664  3.88084  3.03274  5.03271  3.03274  5.03271  1.93387  1.27483  
0.952805  3.58435  3.03274  5.03271  3.03274  5.03271  1.63597  2.42409  
2.01197  0.607686  3.03274  5.03271  3.03274  5.03271  1.62177  2.46171  
0.848222  3.68513  3.03274  5.03271  3.03274  5.03271  0.0399423  4.03271  
1.85996  1.6591  3.03274  5.03271  3.03274  5.03271  0.974385  3.56165  
1.51246  2.72378  3.03274  5.03271  3.03274  5.03271  1.54819  2.64303  
1.49708  2.75723  3.03274  5.03271  3.03274  5.03271  1.85205  1.69417  
1.13809  3.36633  3.03274  5.03271  3.03274  5.03271  1.31401  3.10412  
1.91265  1.3979  3.03274  5.03271  3.03274  5.03271  1.09096  3.42696  
1.09478  3.42218  3.03274  5.03271  3.03274  5.03271  1.17685  3.3136  
1.69919  2.24448  3.03274  5.03271  3.03274  5.03271  1.21764  3.25516  
2.02875  0.285166  3.03274  5.03271  3.03274  5.03271  0.949584  3.58768  
1.89235  1.50493  3.03274  5.03271  3.03274  5.03271  2.0189  0.502441  
1.36677  3.01292  3.03274  5.03271  3.03274  5.03271  0.534182  3.90498  
1.96729  1.04767  3.03274  5.03271  3.03274  5.03271  1.51744  2.71279  
0.291758  3.99905  3.03274  5.03271  3.03274  5.03271  1.66395  2.34718  
1.78941  1.94493  3.03274  5.03271  3.03274  5.03271  0.332998  3.9874  
0.0399423  4.03271  3.03274  5.03271  3.03274  5.03271  1.99267  0.829411  
1.82553  1.80575  3.03274  5.03271  3.03274  5.03271  0.924367  3.61324  
1.71258  2.20357  3.03274  5.03271  3.03274  5.03271  0.760299  3.75868  
0.735182  3.77791  3.03274  5.03271  3.03274  5.03271  1.15603  3.34225  
1.63029  2.43926  3.03274  5.03271  3.03274  5.03271  2.03274  0.0327391  
1.6443  2.40159  3.03274  5.03271  3.03274  5.03271  0.87227  3.66327  
1.72582  2.16205  3.03274  5.03271  3.03274  5.03271  1.76946  2.01648  
1.58721  2.54958  3.03274  5.03271  3.03274  5.03271  1.96077  1.09609  
0.820749  3.70917  3.03274  5.03271  3.03274  5.03271  0.998673  3.53529  
1.23906  3.22322  3.03274  5.03271  3.03274  5.03271  1.46974  2.81484  
1.99102  0.845515  3.03274  5.03271  3.03274  5.03271  1.87378  1.59551  
1.61608  2.47654  3.03274  5.03271  3.03274  5.03271  2.02427  0.400368  
0.470028  3.93596  3.03274  5.03271  3.03274  5.03271  1.36815  3.01043  
0.236039  4.01202  3.03274  5.03271  3.03274  5.03271  1.69127  2.26817  
1.60172  2.5133  3.03274  5.03271  3.03274  5.03271  0.898596  3.63845  
0.705568  3.7996  3.03274  5.03271  3.03274  5.03271  1.92442  1.3313  
1.57254  2.5854  3.03274  5.03271  3.03274  5.03271  2.013  0.593378  
1.88181  1.55713  3.03274  5.03271  3.03274  5.03271  1.53292  2.67808  
0.792811  3.73263  3.03274  5.03271  3.03274  5.03271  1.33239  3.07307  
1.67204  2.3242  3.03274  5.03271  3.03274  5.03271  1.06848  3.45457  
1.44991  2.85524  3.03274  5.03271  3.03274  5.03271  0.699949  3.80359  
1.31382  3.10444  3.03274  5.03271  3.03274  5.03271  1.95206  1.15737  
2.03274  0.0327391  3.03274  5.03271  3.03274  5.03271  0.817665  3.71181  
1.17958  3.30978  3.03274  5.03271  3.03274  5.03271  1.84088  1.74225  
1.02593  3.50467  3.03274  5.03271  3.03274  5.03271  0.603372  3.86647  
1.90261  1.452  3.03274  5.03271  3.03274  5.03271  1.0457  3.48174  
0.611865  3.86137  3.03274  5.03271  3.03274  5.03271  1.50178  2.74708  
0.543933  3.89987  3.03274  5.03271  3.03274  5.03271  0.459736  3.94051  
1.81366  1.853  3.03274  5.03271  3.03274  5.03271  1.8295  1.78962  
1.65857  2.36227  3.03274  5.03271  3.03274  5.03271  1.73116  2.14495  
0.764554  3.75534  3.03274  5.03271  3.03274  5.03271  1.98507  0.900816  
0.167799  4.02361  3.03274  5.03271  3.03274  5.03271  1.40223  2.94788  
1.40008  2.9519  3.03274  5.03271  3.03274  5.03271  1.4529  2.84922  
1.68599  2.28375  3.03274  5.03271  3.03274  5.03271  1.43625  2.88241  
1.15615  3.34209  3.03274  5.03271  3.03274  5.03271  1.91472  1.38646  
1.11369  3.39818  3.03274  5.03271  3.03274  5.03271  0.730568  3.78136  
1.04676  3.4805  3.03274  5.03271  3.03274  5.03271  0.788774  3.73593  
1.76458  2.03348  3.03274  5.03271  3.03274  5.03271  1.23595  3.22791  
1.46563  2.82332  3.03274  5.03271  3.03274  5.03271  1.7441  2.10277  
0.428611  3.9536  3.03274  5.03271  3.03274  5.03271  1.89468  1.49314  
1.97559  0.982092  3.03274  5.03271  3.03274  5.03271  1.41939  2.91524  
1.25612  3.19713  3.03274  5.03271  3.03274  5.03271  1.79398  1.92802  
0.874834  3.66089  3.03274  5.03271  3.03274  5.03271  0.16504  4.02398  
1.92207  1.34488  3.03274  5.03271  3.03274  5.03271  1.67778  2.30768  
1.94096  1.23056  3.03274  5.03271  3.03274  5.03271  1.29403  3.13702  
1.33017  3.07687  3.03274  5.03271  3.03274  5.03271  1.65013  2.38565  
1.99858  0.768899  3.03274  5.03271  3.03274  5.03271  1.9691  1.03378  
0.976107  3.55981  3.03274  5.03271  3.03274  5.03271  1.88432  1.54487  
1.98357  0.914259  3.03274  5.03271  3.03274  5.03271  0.4219  3.95629  
1.95882  1.1102  3.03274  5.03271  3.03274  5.03271  1.13306  3.37297  
1.00021  3.5336  3.03274  5.03271  3.03274  5.03271  1.9048  1.4404  
0.675117  3.8208  3.03274  5.03271  3.03274  5.03271  1.02073  3.51059  
2.00556  0.689945  3.03274  5.03271  3.03274  5.03271  0.66937  3.82468  
1.52781  2.68964  3.03274  5.03271  3.03274  5.03271  1.81778  1.83676  
1.54292  2.65522  3.03274  5.03271  3.03274  5.03271  1.27499  3.16759  
0.900931  3.63621  3.03274  5.03271  3.03274  5.03271  0.285783  4.00059  
1.84852  1.70958  3.03274  5.03271  3.03274  5.03271  0.379779  3.97206  
1.34807  3.04597  3.03274  5.03271  3.03274  5.03271  1.7818  1.97262  
0.506546  3.91887  3.03274  5.03271  3.03274  5.03271  2.02897  0.278153  
1.43337  2.88807  3.03274  5.03271  3.03274  5.03271  1.4855  2.78191  
1.4168  2.9202  3.03274  5.03271  3.03274  5.03271  1.75685  2.05999  
1.93166  1.2883  3.03274  5.03271  3.03274  5.03271  1.38487  2.9801  
1.95002  1.17121  3.03274  5.03271  3.03274  5.03271  0.230936  4.01305  
1.21723  3.25578  3.03274  5.03271  3.03274  5.03271  0.844128  3.68877  
1.87063  1.61026  3.03274  5.03271  3.03274  5.03271  1.99975  0.756274  
1.29378  3.13742  3.03274  5.03271  3.03274  5.03271  1.34929  3.04385  
1.48147  2.7904  3.03274  5.03271  3.03274  5.03271  2.00655  0.67791  
0.386051  3.96983  3.03274  5.03271  3.03274  5.03271  1.19592  3.28667  
1.5579  2.62032  3.03274  5.03271  3.03274  5.03271  0.57087  3.88523  
1.27504  3.16751  3.03274  5.03271  3.03274  5.03271  1.57813  2.57185  
2.01828  0.51283  3.03274  5.03271  3.03274  5.03271  1.94305  1.21715  
1.75186  2.07688  3.03274  5.03271  3.03274  5.03271  1.59287  2.53554  
0.643659  3.84156  3.03274  5.03271  3.03274  5.03271  1.86298  1.64548  
1.19726  3.28475  3.03274  5.03271  3.03274  5.03271  0.637493  3.84549  
0.340579  3.98507  3.03274  5.03271  3.03274  5.03271  1.2556  3.19794  
0.926476  3.61114  3.03274  5.03271  3.03274  5.03271  1.60743  2.49879  
1.80168  1.89913  3.03274  5.03271  3.03274  5.03271  0.499543  3.92226  
1.38303  2.98347  3.03274  5.03271  3.03274  5.03271  1.80599  1.88268  
1.73899  2.11956  3.03274  5.03271  3.03274  5.03271  1.56321  2.60775  
2.02389  0.408694  3.03274  5.03271  3.03274  5.03271  1.97724  0.968495  
1.0695  3.45334  3.03274  5.03271  3.03274  5.03271  1.7048  2.22748  
1.77712  1.98942  3.03274  5.03271  3.03274  5.03271  1.71806  2.18651  
1.83711  1.75814  3.03274  5.03271  3.03274  5.03271  1.11142  3.40109  
0.577645  3.88142  3.03274  5.03271  3.03274  5.03271  1.93384  1.275  
0.951574  3.58562  3.03274  5.03271  3.03274  5.03271  1.63607  2.42384  
2.01214  0.605386  3.03274  5.03271  3.03274  5.03271  1.62183  2.46155  
0.848176  3.68517  3.03274  5.03271  3.03274  5.03271  0.0399422  4.03271  
1.85969  1.6603  3.03274  5.03271  3.03274  5.03271  0.97286  3.56328  
1.51252  2.72364  3.03274  5.03271  3.03274  5.03271  1.5481  2.64325  
1.4971  2.75718  3.03274  5.03271  3.03274  5.03271  1.852  1.6944  
1.13508  3.37031  3.03274  5.03271  3.03274  5.03271  1.31271  3.10629  
1.91225  1.40015  3.03274  5.03271  3.03274  5.03271  1.08937  3.42893  
1.09175  3.42597  3.03274  5.03271  3.03274  5.03271  1.17534  3.3157  
1.69949  2.24356  3.03274  5.03271  3.03274  5.03271  1.21613  3.25739  
2.0288  0.283588  3.03274  5.03271  3.03274  5.03271  0.948184  3.58912  
1.89194  1.507  3.03274  5.03271  3.03274  5.03271  2.01886  0.503227  
1.36568  3.01486  3.03274  5.03271  3.03274  5.03271  0.535927  3.90407  
1.96733  1.04735  3.03274  5.03271  3.03274  5.03271  1.51722  2.71328  
0.290797  3.9993  3.03274  5.03271  3.03274  5.03271  1.66403  2.34694  
1.78951  1.94456  3.03274  5.03271  3.03274  5.03271  0.334744  3.98687  
0.0399422  4.03271  3.03274  5.03271  3.03274  5.03271  1.99258  0.830288  
1.8255  1.80588  3.03274  5.03271  3.03274  5.03271  0.922968  3.61463  
1.71282  2.20282  3.03274  5.03271  3.03274  5.03271  0.760049  3.75887  
0.73546  3.7777  3.03274  5.03271  3.03274  5.03271  1.15438  3.34449  
1.63053  2.43862  3.03274  5.03271  3.03274  5.03271  2.03274  0.0327391  
1.64462  2.40072  3.03274  5.03271  3.03274  5.03271  0.870934  3.6645  
1.72597  2.16155  3.03274  5.03271  3.03274  5.03271  1.76942  2.0166  
1.58738  2.54916  3.03274  5.03271  3.03274  5.03271  1.96068  1.09681  
0.820925  3.70902  3.03274  5.03271  3.03274  5.03271  0.997056  3.53708  
1.23678  3.22667  3.03274  5.03271  3.03274  5.03271  1.46931  2.81573  
1.99125  0.843299  3.03274  5.03271  3.03274  5.03271  1.87376  1.59563  
1.61629  2.47599  3.03274  5.03271  3.03274  5.03271  2.02424  0.401009  
0.468582  3.9366  3.03274  5.03271  3.03274  5.03271  1.36722  3.01211  
0.235009  4.01223  3.03274  5.03271  3.03274  5.03271  1.69137  2.26785  
1.60189  2.51287  3.03274  5.03271  3.03274  5.03271  0.897179  3.63981  
0.705686  3.79951  3.03274  5.03271  3.03274  5.03271  1.9244  1.33136  
1.5727  2.58502  3.03274  5.03271  3.03274  5.03271  2.01294  0.594199  
1.88142  1.559  3.03274  5.03271  3.03274  5.03271  1.53276  2.67845  
0.793036  3.73244  3.03274  5.03271  3.03274  5.03271  1.33112  3.07524  
1.67234  2.32332  3.03274  5.03271  3.03274  5.03271  1.0669  3.45648  
1.44961  2.85584  3.03274  5.03271  3.03274  5.03271  0.700365  3.8033  
1.31215  3.10722  3.03274  5.03271  3.03274  5.03271  1.95199  1.15783  
2.03274  0.0327391  3.03274  5.03271  3.03274  5.03271  0.816721  3.71262  
1.17683  3.31362  3.03274  5.03271  3.03274  5.03271  1.8408  1.74261  
1.02372  3.50719  3.03274  5.03271  3.03274  5.03271  0.604691  3.86569  
1.90222  1.45405  3.03274  5.03271  3.03274  5.03271  1.04403  3.4837  
0.611204  3.86177  3.03274  5.03271  3.03274  5.03271  1.50147  2.74776  
0.542821  3.90046  3.03274  5.03271  3.03274  5.03271  0.46164  3.93968  
1.81369  1.85288  3.03274  5.03271  3.03274  5.03271  1.8294  1.79001  
1.65872  2.36186  3.03274  5.03271  3.03274  5.03271  1.73118  2.1449  
0.764546  3.75535  3.03274  5.03271  3.03274  5.03271  1.985  0.901465  
0.167587  4.02364  3.03274  5.03271  3.03274  5.03271  1.40169  2.94888  
1.39918  2.95358  3.03274  5.03271  3.03274  5.03271  1.45246  2.8501  
1.68612  2.28337  3.03274  5.03271  3.03274  5.03271  1.43579  2.88332  
1.15444  3.34441  3.03274  5.03271  3.03274  5.03271  1.91467  1.38678  
1.11202  3.40032  3.03274  5.03271  3.03274  5.03271  0.730416  3.78147  
1.04541  3.48209  3.03274  5.03271  3.03274  5.03271  0.788341  3.73629  
1.76463  2.03331  3.03274  5.03271  3.03274  5.03271  1.2353  3.22889  
1.46531  2.82397  3.03274  5.03271  3.03274  5.03271  1.74411  2.10273  
0.428044  3.95383  3.03274  5.03271  3.03274  5.03271  1.89462  1.49342  
1.97561  0.981916  3.03274  5.03271  3.03274  5.03271  1.41889  2.9162  
1.2545  3.19963  3.03274  5.03271  3.03274  5.03271  1.79398  1.92802  
0.874224  3.66146  3.03274  5.03271  3.03274  5.03271  0.165332  4.02394  
1.92199  1.34536  3.03274  5.03271  3.03274  5.03271  1.67783  2.30755  
1.9409  1.23093  3.03274  5.03271  3.03274  5.03271  1.29328  3.13824  
1.32908  3.07872  3.03274  5.03271  3.03274  5.03271  1.65016  2.38558  
1.9986  0.768675  3.03274  5.03271  3.03274  5.03271  1.96903  1.0343  
0.974964  3.56103  3.03274  5.03271  3.03274  5.03271  1.88426  1.54516  
1.98359  0.914088  3.03274  5.03271  3.03274  5.03271  0.422358  3.9561  
1.9588  1.1103  3.03274  5.03271  3.03274  5.03271  1.13208  3.37426  
0.998936  3.535  3.03274  5.03271  3.03274  5.03271  1.90475  1.44066  
0.674984  3.82089  3.03274  5.03271  3.03274  5.03271  1.01984  3.51161  
2.00558  0.689645  3.03274  5.03271  3.03274  5.03271  0.669483  3.8246  
1.52784  2.68955  3.03274  5.03271  3.03274  5.03271  1.81777  1.83682  
1.54299  2.65506  3.03274  5.03271  3.03274  5.03271  1.27425  3.16876  
0.900207  3.6369  3.03274  5.03271  3.03274  5.03271  0.286226  4.00048  
1.84845  1.70989  3.03274  5.03271  3.03274  5.03271  0.380274  3.97189  
1.34705  3.04777  3.03274  5.03271  3.03274  5.03271  1.7818  1.97262  
0.506012  3.91913  3.03274  5.03271  3.03274  5.03271  2.02896  0.278482  
1.43274  2.8893  3.03274  5.03271  3.03274  5.03271  1.48515  2.78265  
1.41609  2.92156  3.03274  5.03271  3.03274  5.03271  1.75685  2.05999  
1.93156  1.28888  3.03274  5.03271  3.03274  5.03271  1.38432  2.98111  
1.94999  1.17145  3.03274  5.03271  3.03274  5.03271  0.231253  4.01299  
1.21539  3.25847  3.03274  5.03271  3.03274  5.03271  0.843612  3.68923  
1.87055  1.61067  3.03274  5.03271  3.03274  5.03271  1.99968  0.756998  
1.29238  3.1397  3.03274  5.03271  3.03274  5.03271  1.3487  3.04488  
1.48128  2.79081  3.03274  5.03271  3.03274  5.03271  2.00649  0.678666  
0.385612  3.96999  3.03274  5.03271  3.03274  5.03271  1.19506  3.28789  
1.55801  2.62006  3.03274  5.03271  3.03274  5.03271  0.571241  3.88502  
1.27357  3.16983  3.03274  5.03271  3.03274  5.03271  1.57809  2.57194  
2.01831  0.512372  3.03274  5.03271  3.03274  5.03271  1.943  1.2175  
1.75194  2.0766  3.03274  5.03271  3.03274  5.03271  1.59286  2.53556  
0.643436  3.8417  3.03274  5.03271  3.03274  5.03271  1.86294  1.64562  
1.19536  3.28746  3.03274  5.03271  3.03274  5.03271  0.637707  3.84536  
0.340143  3.98521  3.03274  5.03271  3.03274  5.03271  1.25493  3.19896  
0.92561  3.612  3.03274  5.03271  3.03274  5.03271  1.60744  2.49877  
1.80169  1.8991  3.03274  5.03271  3.03274  5.03271  0.499994  3.92204  
1.382  2.98537  3.03274  5.03271  3.03274  5.03271  1.80596  1.88281  
1.73909  2.11922  3.03274  5.03271  3.03274  5.03271  1.56312  2.60797  
2.0239  0.408367  3.03274  5.03271  3.03274  5.03271  1.97717  0.969105  
1.06802  3.45513  3.03274  5.03271  3.03274  5.03271  1.70482  2.2274  
1.77716  1.98928  3.03274  5.03271  3.03274  5.03271  1.71808  2.18645  
1.83707  1.7583  3.03274  5.03271  3.03274  5.03271  1.11045  3.40233  
0.57729  3.88162  3.03274  5.03271  3.03274  5.03271  1.9338  1.27528  
0.950587  3.58664  3.03274  5.03271  3.03274  5.03271  1.63608  2.42381  
2.01218  0.604786  3.03274  5.03271  3.03274  5.03271  1.62185  2.46152  
0.847689  3.6856  3.03274  5.03271  3.03274  5.03271  0.0399328  4.03271  
1.8596  1.66072  3.03274  5.03271  3.03274  5.03271  0.971895  3.5643  
1.51251  2.72367  3.03274  5.03271  3.03274  5.03271  1.54797  2.64355  
1.49698  2.75743  3.03274  5.03271  3.03274  5.03271  1.85196  1.69461  
1.13349  3.3724  3.03274  5.03271  3.03274  5.03271  1.31203  3.10742  
1.91217  1.40057  3.03274  5.03271  3.03274  5.03271  1.08845  3.43008  
1.09025  3.42783  3.03274  5.03271  3.03274  5.03271  1.17446  3.31693  
1.69959  2.24327  3.03274  5.03271  3.03274  5.03271  1.21539  3.25847  
2.02881  0.283303  3.03274  5.03271  3.03274  5.03271  0.947236  3.5901  
1.8918  1.50774  3.03274  5.03271  3.03274  5.03271  2.01883  0.503722  
1.36473  3.01655  3.03274  5.03271  3.03274  5.03271  0.536302  3.90388  
1.96735  1.04722  3.03274  5.03271  3.03274  5.03271  1.51698  2.7138  
0.290528  3.99937  3.03274  5.03271  3.03274  5.03271  1.66408  2.34682  
1.78951  1.94454  3.03274  5.03271  3.03274  5.03271  0.335207  3.98673  
0.0399328  4.03271  3.03274  5.03271  3.03274  5.03271  1.99251  0.830946  
1.82548  1.80597  3.03274  5.03271  3.03274  5.03271  0.922133  3.61546  
1.71292  2.20252  3.03274  5.03271  3.03274  5.03271  0.759741  3.75911  
0.735455  3.7777  3.03274  5.03271  3.03274  5.03271  1.15347  3.34572  
1.63075  2.43804  3.03274  5.03271  3.03274  5.03271  2.03274  0.0327391  
1.64482  2.40018  3.03274  5.03271  3.03274  5.03271  0.870348  3.66504  
1.72609  2.16118  3.03274  5.03271  3.03274  5.03271  1.76942  2.0166  
1.58758  2.54865  3.03274  5.03271  3.03274  5.03271  1.96062  1.0972  
0.820622  3.70928  3.03274  5.03271  3.03274  5.03271  0.996084  3.53814  
1.23508  3.22923  3.03274  5.03271  3.03274  5.03271  1.46891  2.81655  
1.99125  0.843233  3.03274  5.03271  3.03274  5.03271  1.87372  1.59582  
1.61653  2.47536  3.03274  5.03271  3.03274  5.03271  2.02423  0.401354  
0.468046  3.93684  3.03274  5.03271  3.03274  5.03271  1.36663  3.01316  
0.234691  4.01229  3.03274  5.03271  3.03274  5.03271  1.6914  2.26776  
1.60214  2.51223  3.03274  5.03271  3.03274  5.03271  0.896512  3.64045  
0.705621  3.79956  3.03274  5.03271  3.03274  5.03271  1.92435  1.33166  
1.57289  2.58455  3.03274  5.03271  3.03274  5.03271  2.01289  0.594924  
1.88128  1.5597  3.03274  5.03271  3.03274  5.03271  1.53257  2.67886  
0.792942  3.73252  3.03274  5.03271  3.03274  5.03271  1.33051  3.07628  
1.67249  2.32292  3.03274  5.03271  3.03274  5.03271  1.06595  3.45764  
1.44919  2.85668  3.03274  5.03271  3.03274  5.03271  0.700339  3.80331  
1.31088  3.10934  3.03274  5.03271  3.03274  5.03271  1.95193  1.15827  
2.03274  0.0327391  3.03274  5.03271  3.03274  5.03271  0.816325  3.71295  
1.17501  3.31616  3.03274  5.03271  3.03274  5.03271  1.84077  1.74274  
1.0224  3.50869  3.03274  5.03271  3.03274  5.03271  0.604992  3.86551  
1.9021  1.45467  3.03274  5.03271  3.03274  5.03271  1.04311  3.48478  
0.610905  3.86196  3.03274  5.03271  3.03274  5.03271  1.50118  2.74838  
0.542362  3.9007  3.03274  5.03271  3.03274  5.03271  0.462116  3.93947  
1.81368  1.8529  3.03274  5.03271  3.03274  5.03271  1.82937  1.79015  
1.65882  2.36156  3.03274  5.03271  3.03274  5.03271  1.7312  2.14483  
0.764228  3.7556  3.03274  5.03271  3.03274  5.03271  1.98497  0.901745  
0.167319  4.02367  3.03274  5.03271  3.03274  5.03271  1.40131  2.9496  
1.39867  2.95455  3.03274  5.03271  3.03274  5.03271  1.45214  2.85076  
1.68621  2.2831  3.03274  5.03271  3.03274  5.03271  1.43543  2.88402  
1.1532  3.34608  3.03274  5.03271  3.03274  5.03271  1.91466  1.38682  
1.1107  3.40202  3.03274  5.03271  3.03274  5.03271  0.730284  3.78157  
1.0442  3.4835  3.03274  5.03271  3.03274  5.03271  0.788038  3.73653  
1.76467  2.03317  3.03274  5.03271  3.03274  5.03271  1.23442  3.23021  
1.46503  2.82454  3.03274  5.03271  3.03274  5.03271  1.74411  2.10273  
0.427689  3.95397  3.03274  5.03271  3.03274  5.03271  1.89461  1.49348  
1.97561  0.981954  3.03274  5.03271  3.03274  5.03271  1.41848  2.91699  
1.25353  3.20113  3.03274  5.03271  3.03274  5.03271  1.79396  1.9281  
0.87355  3.66208  3.03274  5.03271  3.03274  5.03271  0.165388  4.02393  
1.92192  1.34574  3.03274  5.03271  3.03274  5.03271  1.67784  2.3075  
1.94085  1.23127  3.03274  5.03271  3.03274  5.03271  1.29262  3.13931  
1.32836  3.07995  3.03274  5.03271  3.03274  5.03271  1.65016  2.38556  
1.99861  0.768573  3.03274  5.03271  3.03274  5.03271  1.96901  1.03446  
0.973912  3.56215  3.03274  5.03271  3.03274  5.03271  1.88425  1.54524  
1.98359  0.914088  3.03274  5.03271  3.03274  5.03271  0.422503  3.95605  
1.95878  1.11045  3.03274  5.03271  3.03274  5.03271  1.13124  3.37537  
0.997747  3.53631  3.03274  5.03271  3.03274  5.03271  1.90475  1.4407  
0.674753  3.82105  3.03274  5.03271  3.03274  5.03271  1.01887  3.51271  
2.0056  0.689461  3.03274  5.03271  3.03274  5.03271  0.66944  3.82463  
1.52785  2.68954  3.03274  5.03271  3.03274  5.03271  1.81774  1.83691  
1.54305  2.65492  3.03274  5.03271  3.03274  5.03271  1.27355  3.16987  
0.899469  3.63761  3.03274  5.03271  3.03274  5.03271  0.286492  4.00041  
1.8484  1.71011  3.03274  5.03271  3.03274  5.03271  0.380446  3.97183  
1.34627  3.04912  3.03274  5.03271  3.03274  5.03271  1.78178  1.9727  
0.505683  3.91929  3.03274  5.03271  3.03274  5.03271  2.02896  0.278586  
1.43233  2.89011  3.03274  5.03271  3.03274  5.03271  1.48493  2.78312  
1.41558  2.92255  3.03274  5.03271  3.03274  5.03271  1.75685  2.05999  
1.93151  1.28921  3.03274  5.03271  3.03274  5.03271  1.38389  2.9819  
1.94995  1.17171  3.03274  5.03271  3.03274  5.03271  0.231408  4.01296  
1.21443  3.25987  3.03274  5.03271  3.03274  5.03271  0.843196  3.6896  
1.87052  1.61081  3.03274  5.03271  3.03274  5.03271  1.99965  0.757295  
1.29158  3.141  3.03274  5.03271  3.03274  5.03271  1.34825  3.04567  
1.48107  2.79124  3.03274  5.03271  3.03274  5.03271  2.00647  0.678915  
0.385238  3.97012  3.03274  5.03271  3.03274  5.03271  1.19412  3.28923  
1.55808  2.61988  3.03274  5.03271  3.03274  5.03271  0.571258  3.88501  
1.27272  3.17118  3.03274  5.03271  3.03274  5.03271  1.57804  2.57206  
2.01831  0.512316  3.03274  5.03271  3.03274  5.03271  1.94297  1.21769  
1.75199  2.07645  3.03274  5.03271  3.03274  5.03271  1.59282  2.53565  
0.643234  3.84183  3.03274  5.03271  3.03274  5.03271  1.86289  1.64585  
1.19437  3.28888  3.03274  5.03271  3.03274  5.03271  0.637707  3.84536  
0.339745  3.98533  3.03274  5.03271  3.03274  5.03271  1.25415  3.20017  
0.924804  3.61281  3.03274  5.03271  3.03274  5.03271  1.60742  2.4988  
1.80169  1.8991  3.03274  5.03271  3.03274  5.03271  0.500088  3.922  
1.38146  2.98634  3.03274  5.03271  3.03274  5.03271  1.80595  1.88285  
1.73915  2.11905  3.03274  5.03271  3.03274  5.03271  1.56303  2.60817  
2.0239  0.408334  3.03274  5.03271  3.03274  5.03271  1.97713  0.969414  
1.06679  3.45662  3.03274  5.03271  3.03274  5.03271  1.70487  2.22726  
1.77719  1.98915  3.03274  5.03271  3.03274  5.03271  1.71812  2.18634  
1.83704  1.75844  3.03274  5.03271  3.03274  5.03271  1.10946  3.4036  
0.576978  3.88179  3.03274  5.03271  3.03274  5.03271  1.93377  1.27546  
0.949586  3.58767  3.03274  5.03271  3.03274  5.03271  1.63608  2.42381  
2.01218  0.604786  3.03274  5.03271  3.03274  5.03271  1.62185  2.46152  
0.847188  3.68605  3.03274  5.03271  3.03274  5.03271  0.0399302  4.03271  
1.85957  1.66086  3.03274  5.03271  3.03274  5.03271  0.971087  3.56516  
1.51245  2.72381  3.03274  5.03271  3.03274  5.03271  1.5478  2.64394  
1.49686  2.75769  3.03274  5.03271  3.03274  5.03271  1.85191  1.69479  
1.13214  3.37419  3.03274  5.03271  3.03274  5.03271  1.31143  3.10841  
1.9121  1.40094  3.03274  5.03271  3.03274  5.03271  1.08735  3.43144  
1.08895  3.42945  3.03274  5.03271  3.03274  5.03271  1.17353  3.31822  
1.69968  2.243  3.03274  5.03271  3.03274  5.03271  1.21443  3.25987  
2.02881  0.283303  3.03274  5.03271  3.03274  5.03271  0.946516  3.59084  
1.89175  1.50795  3.03274  5.03271  3.03274  5.03271  2.01881  0.503935  
1.36407  3.01774  3.03274  5.03271  3.03274  5.03271  0.536355  3.90385  
1.96734  1.04727  3.03274  5.03271  3.03274  5.03271  1.51681  2.71419  
0.290122  3.99948  3.03274  5.03271  3.03274  5.03271  1.66408  2.34681  
1.78954  1.94446  3.03274  5.03271  3.03274  5.03271  0.335444  3.98666  
0.0399302  4.03271  3.03274  5.03271  3.03274  5.03271  1.99249  0.831199  
1.82545  1.80608  3.03274  5.03271  3.03274  5.03271  0.921495  3.6161  
1.71302  2.2022  3.03274  5.03271  3.03274  5.03271  0.75953  3.75928  
0.735219  3.77788  3.03274  5.03271  3.03274  5.03271  1.15254  3.34698  
1.63081  2.43787  3.03274  5.03271  3.03274  5.03271  2.03274  0.0327391  
1.6449  2.39997  3.03274  5.03271  3.03274  5.03271  0.869867  3.66549  
1.72618  2.1609  3.03274  5.03271  3.03274  5.03271  1.76941  2.01665  
1.58765  2.5485  3.03274  5.03271  3.03274  5.03271  1.96059  1.0974  
0.82016  3.70968  3.03274  5.03271  3.03274  5.03271  0.995114  3.53921  
1.23421  3.23053  3.03274  5.03271  3.03274  5.03271  1.46864  2.81712  
1.99126  0.843147  3.03274  5.03271  3.03274  5.03271  1.87367  1.59602  
1.61658  2.47524  3.03274  5.03271  3.03274  5.03271  2.02422  0.401494  
0.467696  3.937  3.03274  5.03271  3.03274  5.03271  1.36619  3.01394  
0.234401  4.01235  3.03274  5.03271  3.03274  5.03271  1.69143  2.26769  
1.60219  2.51212  3.03274  5.03271  3.03274  5.03271  0.895947  3.64099  
0.705406  3.79971  3.03274  5.03271  3.03274  5.03271  1.92433  1.33177  
1.57294  2.58444  3.03274  5.03271  3.03274  5.03271  2.01287  0.595153  
1.88124  1.55987  3.03274  5.03271  3.03274  5.03271  1.53239  2.67928  
0.792544  3.73285  3.03274  5.03271  3.03274  5.03271  1.33004  3.07709  
1.6726  2.32259  3.03274  5.03271  3.03274  5.03271  1.06486  3.45894  
1.44882  2.85742  3.03274  5.03271  3.03274  5.03271  0.700256  3.80337  
1.31008  3.11065  3.03274  5.03271  3.03274  5.03271  1.95191  1.1584  
2.03274  0.0327391  3.03274  5.03271  3.03274  5.03271  0.815914  3.7133  
1.17396  3.31763  3.03274  5.03271  3.03274  5.03271  1.84073  1.74292  
1.02119  3.51008  3.03274  5.03271  3.03274  5.03271  0.605001  3.8655  
1.90205  1.45496  3.03274  5.03271  3.03274  5.03271  1.04215  3.48591  
0.610677  3.86209  3.03274  5.03271  3.03274  5.03271  1.50098  2.74882  
0.542082  3.90085  3.03274  5.03271  3.03274  5.03271  0.462251  3.93941  
1.81366  1.85297  3.03274  5.03271  3.03274  5.03271  1.82934  1.79028  
1.65889  2.36137  3.03274  5.03271  3.03274  5.03271  1.7312  2.14482  
0.763636  3.75607  3.03274  5.03271  3.03274  5.03271  1.98495  0.901953  
0.167319  4.02367  3.03274  5.03271  3.03274  5.03271  1.40076  2.95063  
1.39809  2.95562  3.03274  5.03271  3.03274  5.03271  1.45178  2.85147  
1.68632  2.28279  3.03274  5.03271  3.03274  5.03271  1.435  2.88487  
1.15241  3.34715  3.03274  5.03271  3.03274  5.03271  1.91462  1.38705  
1.10983  3.40313  3.03274  5.03271  3.03274  5.03271  0.730049  3.78174  
1.04332  3.48453  3.03274  5.03271  3.03274  5.03271  0.787625  3.73687  
1.76473  2.03293  3.03274  5.03271  3.03274  5.03271  1.23373  3.23125  
1.46476  2.8251  3.03274  5.03271  3.03274  5.03271  1.74412  2.10268  
0.427475  3.95406  3.03274  5.03271  3.03274  5.03271  1.89458  1.49362  
1.97561  0.981995  3.03274  5.03271  3.03274  5.03271  1.41795  2.91801  
1.25267  3.20245  3.03274  5.03271  3.03274  5.03271  1.79395  1.92813  
0.872931  3.66266  3.03274  5.03271  3.03274  5.03271  0.165388  4.02393  
1.9219  1.34586  3.03274  5.03271  3.03274  5.03271  1.67786  2.30744  
1.94084  1.23134  3.03274  5.03271  3.03274  5.03271  1.29197  3.14037  
1.32756  3.0813  3.03274  5.03271  3.03274  5.03271  1.65019  2.38549  
1.99864  0.768269  3.03274  5.03271  3.03274  5.03271  1.96899  1.03461  
0.973113  3.56301  3.03274  5.03271  3.03274  5.03271  1.88423  1.54532  
1.98359  0.914032  3.03274  5.03271  3.03274  5.03271  0.422577  3.95602  
1.95876  1.1106  3.03274  5.03271  3.03274  5.03271  1.13028  3.37663  
0.997021  3.53711  3.03274  5.03271  3.03274  5.03271  1.90471  1.4409  
0.674195  3.82142  3.03274  5.03271  3.03274  5.03271  1.0182  3.51347  
2.00562  0.689277  3.03274  5.03271  3.03274  5.03271  0.669386  3.82467  
1.52776  2.68973  3.03274  5.03271  3.03274  5.03271  1.81773  1.83698  
1.54304  2.65494  3.03274  5.03271  3.03274  5.03271  1.27287  3.17094  
0.898797  3.63826  3.03274  5.03271  3.03274  5.03271  0.286492  4.00041  
1.84837  1.71023  3.03274  5.03271  3.03274  5.03271  0.380532  3.97179  
1.34557  3.05035  3.03274  5.03271  3.03274  5.03271  1.78178  1.9727  
0.505464  3.9194  3.03274  5.03271  3.03274  5.03271  2.02895  0.278731  
1.43185  2.89105  3.03274  5.03271  3.03274  5.03271  1.4846  2.78382  
1.41509  2.92348  3.03274  5.03271  3.03274  5.03271  1.75685  2.05999  
1.9315  1.28927  3.03274  5.03271  3.03274  5.03271  1.38324  2.98309  
1.94993  1.17181  3.03274  5.03271  3.03274  5.03271  0.231473  4.01294  
1.21361  3.26108  3.03274  5.03271  3.03274  5.03271  0.842565  3.69016  
1.87049  1.61095  3.03274  5.03271  3.03274  5.03271  1.99964  0.757401  
1.29072  3.14239  3.03274  5.03271  3.03274  5.03271  1.34753  3.04692  
1.4808  2.79182  3.03274  5.03271  3.03274  5.03271  2.00646  0.679045  
0.385121  3.97016  3.03274  5.03271  3.03274  5.03271  1.19326  3.29047  
1.55809  2.61986  3.03274  5.03271  3.03274  5.03271  0.571322  3.88497  
1.27188  3.1725  3.03274  5.03271  3.03274  5.03271  1.57793  2.57233  
2.01833  0.512051  3.03274  5.03271  3.03274  5.03271  1.94293  1.21793  
1.75209  2.0761  3.03274  5.03271  3.03274  5.03271  1.59276  2.5358  
0.642695  3.84218  3.03274  5.03271  3.03274  5.03271  1.86288  1.64589  
1.19352  3.29009  3.03274  5.03271  3.03274  5.03271  0.637707  3.84536  
0.339632  3.98537  3.03274  5.03271  3.03274  5.03271  1.25338  3.20136  
0.924088  3.61352  3.03274  5.03271  3.03274  5.03271  1.60739  2.4989  
1.80169  1.8991  3.03274  5.03271  3.03274  5.03271  0.500146  3.92197  
1.38077  2.98761  3.03274  5.03271  3.03274  5.03271  1.80594  1.88288  
1.73927  2.11863  3.03274  5.03271  3.03274  5.03271  1.56292  2.60843  
2.02391  0.408171  3.03274  5.03271  3.03274  5.03271  1.97712  0.969504  
1.06585  3.45775  3.03274  5.03271  3.03274  5.03271  1.70487  2.22726  
1.77722  1.98904  3.03274  5.03271  3.03274  5.03271  1.71812  2.18634  
1.837  1.75861  3.03274  5.03271  3.03274  5.03271  1.10858  3.40472  
0.576642  3.88198  3.03274  5.03271  3.03274  5.03271  1.93373  1.27571  
0.948904  3.58838  3.03274  5.03271  3.03274  5.03271  1.6361  2.42376  
2.0122  0.604533  3.03274  5.03271  3.03274  5.03271  1.62184  2.46154  
0.846588  3.68659  3.03274  5.03271  3.03274  5.03271  0.0399302  4.03271  
1.85954  1.66098  3.03274  5.03271  3.03274  5.03271  0.970376  3.56592  
1.51232  2.72408  3.03274  5.03271  3.03274  5.03271  1.54765  2.64428  
1.49668  2.75808  3.03274  5.03271  3.03274  5.03271  1.85189  1.69488  
1.13126  3.37534  3.03274  5.03271  3.03274  5.03271  1.31075  3.10955  
1.91207  1.4011  3.03274  5.03271  3.03274  5.03271  1.08651  3.43248  
1.08807  3.43055  3.03274  5.03271  3.03274  5.03271  1.17259  3.31952  
1.6998  2.24264  3.03274  5.03271  3.03274  5.03271  1.21361  3.26108  
2.02882  0.283075  3.03274  5.03271  3.03274  5.03271  0.945794  3.59158  
1.89172  1.50811  3.03274  5.03271  3.03274  5.03271  2.01881  0.504036  
1.36328  3.01915  3.03274  5.03271  3.03274  5.03271  0.536408  3.90382  
1.96732  1.0474  3.03274  5.03271  3.03274  5.03271  1.51657  2.71472  
0.290075  3.99949  3.03274  5.03271  3.03274  5.03271  1.6641  2.34674  
1.78954  1.94446  3.03274  5.03271  3.03274  5.03271  0.335514  3.98664  
0.0399302  4.03271  3.03274  5.03271  3.03274  5.03271  1.99247  0.831404  
1.82543  1.80615  3.03274  5.03271  3.03274  5.03271  0.920769  3.61682  
1.71312  2.2019  3.03274  5.03271  3.03274  5.03271  0.75922  3.75952  
0.734682  3.77828  3.03274  5.03271  3.03274  5.03271  1.15161  3.34823  
1.63086  2.43773  3.03274  5.03271  3.03274  5.03271  2.03274  0.0327391  
1.64495  2.39984  3.03274  5.03271  3.03274  5.03271  0.869156  3.66614  
1.72628  2.16056  3.03274  5.03271  3.03274  5.03271  1.7694  2.01667  
1.58766  2.54846  3.03274  5.03271  3.03274  5.03271  1.96057  1.09754  
0.819568  3.71018  3.03274  5.03271  3.03274  5.03271  0.994548  3.53983  
1.23329  3.23191  3.03274  5.03271  3.03274  5.03271  1.46829  2.81784  
1.99128  0.84293  3.03274  5.03271  3.03274  5.03271  1.87366  1.59608  
1.61663  2.47511  3.03274  5.03271  3.03274  5.03271  2.02421  0.401709  
0.467454  3.93711  3.03274  5.03271  3.03274  5.03271  1.36549  3.0152  
0.234338  4.01237  3.03274  5.03271  3.03274  5.03271  1.69144  2.26764  
1.60221  2.51205  3.03274  5.03271  3.03274  5.03271  0.895248  3.64166  
0.704877  3.80009  3.03274  5.03271  3.03274  5.03271  1.92429  1.332  
1.57296  2.58439  3.03274  5.03271  3.03274  5.03271  2.01286  0.595265  
1.88121  1.56002  3.03274  5.03271  3.03274  5.03271  1.53222  2.67966  
0.791923  3.73335  3.03274  5.03271  3.03274  5.03271  1.32927  3.0784  
1.67268  2.32237  3.03274  5.03271  3.03274  5.03271  1.06415  3.45981  
1.44844  2.85818  3.03274  5.03271  3.03274  5.03271  0.700143  3.80345  
1.30929  3.11198  3.03274  5.03271  3.03274  5.03271  1.95189  1.15855  
2.03274  0.0327391  3.03274  5.03271  3.03274  5.03271  0.815395  3.71374  
1.17315  3.31875  3.03274  5.03271  3.03274  5.03271  1.84071  1.743  
1.0204  3.51097  3.03274  5.03271  3.03274  5.03271  0.605056  3.86547  
1.90201  1.45515  3.03274  5.03271  3.03274  5.03271  1.04146  3.48671  
0.610232  3.86236  3.03274  5.03271  3.03274  5.03271  1.50072  2.74938  
0.541819  3.90099  3.03274  5.03271  3.03274  5.03271  0.462303  3.93939  
1.81366  1.85297  3.03274  5.03271  3.03274  5.03271  1.82932  1.79034  
