2.92775  0.993971  3.97198  2.02801  1.79769e+308  1.79769e+308  2.92775  0.993971  
2.96266  0.980726  3.97198  2.02801  1.79769e+308  1.79769e+308  2.96266  0.980726  
2.9269  0.989435  3.97198  2.02801  1.79769e+308  1.79769e+308  2.9269  0.989435  
2.89322  1.00011  3.97198  2.02801  1.79769e+308  1.79769e+308  2.89322  1.00011  
2.90046  0.991384  3.97198  2.02801  1.79769e+308  1.79769e+308  2.90046  0.991384  
2.94313  0.984434  3.97198  2.02801  1.79769e+308  1.79769e+308  2.94313  0.984434  
2.95755  0.98872  3.97198  2.02801  1.79769e+308  1.79769e+308  2.95755  0.98872  
2.91274  0.991903  3.97198  2.02801  1.79769e+308  1.79769e+308  2.91274  0.991903  
2.9569  0.978235  3.97198  2.02801  1.79769e+308  1.79769e+308  2.9569  0.978235  
2.932  0.985264  3.97198  2.02801  1.79769e+308  1.79769e+308  2.932  0.985264  
2.94555  0.988082  3.97198  2.02801  1.79769e+308  1.79769e+308  2.94555  0.988082  
2.89908  0.982201  3.97198  2.02801  1.79769e+308  1.79769e+308  2.89908  0.982201  
2.95245  0.975987  3.97198  2.02801  1.79769e+308  1.79769e+308  2.95245  0.975987  
2.88913  0.992219  3.97198  2.02801  1.79769e+308  1.79769e+308  2.88913  0.992219  
2.95  0.98954  3.97198  2.02801  1.79769e+308  1.79769e+308  2.95  0.98954  
2.94341  0.97875  3.97198  2.02801  1.79769e+308  1.79769e+308  2.94341  0.97875  
2.87743  1.014  3.97198  2.02801  1.79769e+308  1.79769e+308  2.87743  1.014  
2.94129  0.988033  3.97198  2.02801  1.79769e+308  1.79769e+308  2.94129  0.988033  
2.95039  0.984546  3.97198  2.02801  1.79769e+308  1.79769e+308  2.95039  0.984546  
2.89577  0.992288  3.97198  2.02801  1.79769e+308  1.79769e+308  2.89577  0.992288  
2.94441  0.982256  3.97198  2.02801  1.79769e+308  1.79769e+308  2.94441  0.982256  
2.93498  0.982319  3.97198  2.02801  1.79769e+308  1.79769e+308  2.93498  0.982319  
2.90893  0.984754  3.97198  2.02801  1.79769e+308  1.79769e+308  2.90893  0.984754  
2.92875  0.973578  3.97198  2.02801  1.79769e+308  1.79769e+308  2.92875  0.973578  
2.93104  0.986549  3.97198  2.02801  1.79769e+308  1.79769e+308  2.93104  0.986549  
2.93792  0.977061  3.97198  2.02801  1.79769e+308  1.79769e+308  2.93792  0.977061  
2.9071  0.993344  3.97198  2.02801  1.79769e+308  1.79769e+308  2.9071  0.993344  
2.86591  1.01492  3.97198  2.02801  1.79769e+308  1.79769e+308  2.86591  1.01492  
2.93904  0.988892  3.97198  2.02801  1.79769e+308  1.79769e+308  2.93904  0.988892  
2.96336  0.981582  3.97198  2.02801  1.79769e+308  1.79769e+308  2.96336  0.981582  
2.94971  0.988374  3.97198  2.02801  1.79769e+308  1.79769e+308  2.94971  0.988374  
2.93952  0.982477  3.97198  2.02801  1.79769e+308  1.79769e+308  2.93952  0.982477  
2.90822  0.992861  3.97198  2.02801  1.79769e+308  1.79769e+308  2.90822  0.992861  
2.90541  0.987996  3.97198  2.02801  1.79769e+308  1.79769e+308  2.90541  0.987996  
2.93401  0.982865  3.97198  2.02801  1.79769e+308  1.79769e+308  2.93401  0.982865  
2.92142  0.991204  3.97198  2.02801  1.79769e+308  1.79769e+308  2.92142  0.991204  
2.86525  1.01692  3.97198  2.02801  1.79769e+308  1.79769e+308  2.86525  1.01692  
2.94674  0.97839  3.97198  2.02801  1.79769e+308  1.79769e+308  2.94674  0.97839  
2.91139  0.994665  3.97198  2.02801  1.79769e+308  1.79769e+308  2.91139  0.994665  
2.9326  0.984808  3.97198  2.02801  1.79769e+308  1.79769e+308  2.9326  0.984808  
2.93692  0.98489  3.97198  2.02801  1.79769e+308  1.79769e+308  2.93692  0.98489  
2.85115  1.02801  3.97198  2.02801  1.79769e+308  1.79769e+308  2.85115  1.02801  
2.91138  0.993832  3.97198  2.02801  1.79769e+308  1.79769e+308  2.91138  0.993832  
2.84311  1.02211  3.97198  2.02801  1.79769e+308  1.79769e+308  2.84311  1.02211  
2.97198  0.988716  3.97198  2.02801  1.79769e+308  1.79769e+308  2.97198  0.988716  
2.87807  0.994524  3.97198  2.02801  1.79769e+308  1.79769e+308  2.87807  0.994524  
2.89882  0.99368  3.97198  2.02801  1.79769e+308  1.79769e+308  2.89882  0.99368  
2.938  0.974616  3.97198  2.02801  1.79769e+308  1.79769e+308  2.938  0.974616  
2.90834  0.986543  3.97198  2.02801  1.79769e+308  1.79769e+308  2.90834  0.986543  
2.95721  0.980523  3.97198  2.02801  1.79769e+308  1.79769e+308  2.95721  0.980523  
2.91836  0.994784  3.97198  2.02801  1.79769e+308  1.79769e+308  2.91836  0.994784  
2.93972  0.9831  3.97198  2.02801  1.79769e+308  1.79769e+308  2.93972  0.9831  
2.94868  0.982921  3.97198  2.02801  1.79769e+308  1.79769e+308  2.94868  0.982921  
2.93949  0.986406  3.97198  2.02801  1.79769e+308  1.79769e+308  2.93949  0.986406  
2.95098  0.983941  3.97198  2.02801  1.79769e+308  1.79769e+308  2.95098  0.983941  
2.94718  0.98531  3.97198  2.02801  1.79769e+308  1.79769e+308  2.94718  0.98531  
2.944  0.981286  3.97198  2.02801  1.79769e+308  1.79769e+308  2.944  0.981286  
2.88205  1.00368  3.97198  2.02801  1.79769e+308  1.79769e+308  2.88205  1.00368  
2.89451  0.992991  3.97198  2.02801  1.79769e+308  1.79769e+308  2.89451  0.992991  
2.90656  0.983607  3.97198  2.02801  1.79769e+308  1.79769e+308  2.90656  0.983607  
2.94361  0.982432  3.97198  2.02801  1.79769e+308  1.79769e+308  2.94361  0.982432  
2.90016  0.982544  3.97198  2.02801  1.79769e+308  1.79769e+308  2.90016  0.982544  
2.91813  0.992738  3.97198  2.02801  1.79769e+308  1.79769e+308  2.91813  0.992738  
2.94333  0.989278  3.97198  2.02801  1.79769e+308  1.79769e+308  2.94333  0.989278  
2.9026  0.988419  3.97198  2.02801  1.79769e+308  1.79769e+308  2.9026  0.988419  
2.8916  0.986224  3.97198  2.02801  1.79769e+308  1.79769e+308  2.8916  0.986224  
2.92745  0.980765  3.97198  2.02801  1.79769e+308  1.79769e+308  2.92745  0.980765  
2.94348  0.983506  3.97198  2.02801  1.79769e+308  1.79769e+308  2.94348  0.983506  
2.94301  0.978344  3.97198  2.02801  1.79769e+308  1.79769e+308  2.94301  0.978344  
2.94364  0.985103  3.97198  2.02801  1.79769e+308  1.79769e+308  2.94364  0.985103  
2.91016  0.996551  3.97198  2.02801  1.79769e+308  1.79769e+308  2.91016  0.996551  
2.95881  0.989102  3.97198  2.02801  1.79769e+308  1.79769e+308  2.95881  0.989102  
2.92174  0.987329  3.97198  2.02801  1.79769e+308  1.79769e+308  2.92174  0.987329  
2.87797  1.00072  3.97198  2.02801  1.79769e+308  1.79769e+308  2.87797  1.00072  
2.92928  0.981372  3.97198  2.02801  1.79769e+308  1.79769e+308  2.92928  0.981372  
2.93052  0.979543  3.97198  2.02801  1.79769e+308  1.79769e+308  2.93052  0.979543  
2.95345  0.976825  3.97198  2.02801  1.79769e+308  1.79769e+308  2.95345  0.976825  
2.9078  0.984253  3.97198  2.02801  1.79769e+308  1.79769e+308  2.9078  0.984253  
2.95265  0.991116  3.97198  2.02801  1.79769e+308  1.79769e+308  2.95265  0.991116  
2.95451  0.98035  3.97198  2.02801  1.79769e+308  1.79769e+308  2.95451  0.98035  
2.89254  0.996689  3.97198  2.02801  1.79769e+308  1.79769e+308  2.89254  0.996689  
2.95533  0.989736  3.97198  2.02801  1.79769e+308  1.79769e+308  2.95533  0.989736  
2.91495  0.988544  3.97198  2.02801  1.79769e+308  1.79769e+308  2.91495  0.988544  
2.94239  0.975399  3.97198  2.02801  1.79769e+308  1.79769e+308  2.94239  0.975399  
2.94738  0.984346  3.97198  2.02801  1.79769e+308  1.79769e+308  2.94738  0.984346  
2.93547  0.977321  3.97198  2.02801  1.79769e+308  1.79769e+308  2.93547  0.977321  
2.92037  0.99081  3.97198  2.02801  1.79769e+308  1.79769e+308  2.92037  0.99081  
2.93334  0.992114  3.97198  2.02801  1.79769e+308  1.79769e+308  2.93334  0.992114  
2.88174  1.00241  3.97198  2.02801  1.79769e+308  1.79769e+308  2.88174  1.00241  
2.91872  0.980036  3.97198  2.02801  1.79769e+308  1.79769e+308  2.91872  0.980036  
2.92293  0.985464  3.97198  2.02801  1.79769e+308  1.79769e+308  2.92293  0.985464  
2.943  0.978658  3.97198  2.02801  1.79769e+308  1.79769e+308  2.943  0.978658  
2.95348  0.983196  3.97198  2.02801  1.79769e+308  1.79769e+308  2.95348  0.983196  
2.89587  0.990307  3.97198  2.02801  1.79769e+308  1.79769e+308  2.89587  0.990307  
2.95181  0.98168  3.97198  2.02801  1.79769e+308  1.79769e+308  2.95181  0.98168  
2.91005  0.983889  3.97198  2.02801  1.79769e+308  1.79769e+308  2.91005  0.983889  
2.93576  0.990234  3.97198  2.02801  1.79769e+308  1.79769e+308  2.93576  0.990234  
2.93476  0.9901  3.97198  2.02801  1.79769e+308  1.79769e+308  2.93476  0.9901  
2.90987  0.991187  3.97198  2.02801  1.79769e+308  1.79769e+308  2.90987  0.991187  
2.90041  0.990763  3.97198  2.02801  1.79769e+308  1.79769e+308  2.90041  0.990763  
1.03075  3.35522  3.86514  4.20748  3.71164  5.00007  2.60738  0.815892  
2.47038  1.1285  3.86514  4.20748  3.71164  5.00007  1.9429  2.04535  
1.46527  2.45233  3.86514  4.20748  3.71164  5.00007  1.6497  2.43603  
1.30523  2.95171  3.86514  4.20748  3.71164  5.00007  2.8001  0.856382  
1.41087  2.58637  3.86514  4.20748  3.71164  5.00007  2.53527  1.28049  
1.98803  1.62517  3.86514  4.20748  3.71164  5.00007  2.83445  0.850363  
1.83699  2.04132  3.86514  4.20748  3.71164  5.00007  2.69581  0.863666  
1.70488  2.33255  3.86514  4.20748  3.71164  5.00007  2.54006  1.26181  
2.71164  0.738151  3.86514  4.20748  3.71164  5.00007  2.71908  0.873625  
1.81939  2.09592  3.86514  4.20748  3.71164  5.00007  2.71805  0.854996  
2.41024  1.23104  3.86514  4.20748  3.71164  5.00007  2.81691  0.827564  
2.5208  0.958908  3.86514  4.20748  3.71164  5.00007  1.34281  3.01499  
1.85802  1.98536  3.86514  4.20748  3.71164  5.00007  2.59725  1.01667  
2.4294  1.1788  3.86514  4.20748  3.71164  5.00007  1.96531  1.97132  
1.2409  3.132  3.86514  4.20748  3.71164  5.00007  2.49918  1.20299  
2.70321  0.738645  3.86514  4.20748  3.71164  5.00007  2.82629  0.870949  
1.29651  2.97533  3.86514  4.20748  3.71164  5.00007  2.61075  1.00542  
2.65051  0.760224  3.86514  4.20748  3.71164  5.00007  1.47124  2.6152  
1.36571  2.76654  3.86514  4.20748  3.71164  5.00007  1.99077  1.59831  
1.9328  1.75052  3.86514  4.20748  3.71164  5.00007  2.60673  1.0124  
1.80147  2.14098  3.86514  4.20748  3.71164  5.00007  2.69031  0.938336  
1.41483  2.57286  3.86514  4.20748  3.71164  5.00007  1.59454  2.40255  
1.97465  1.64385  3.86514  4.20748  3.71164  5.00007  2.80572  0.862247  
1.01244  3.60551  3.86514  4.20748  3.71164  5.00007  2.80518  0.813908  
1.07982  3.31041  3.86514  4.20748  3.71164  5.00007  2.76183  0.817841  
1.1236  3.21021  3.86514  4.20748  3.71164  5.00007  2.76857  0.802971  
1.73213  2.30553  3.86514  4.20748  3.71164  5.00007  2.76005  0.828357  
1.22898  3.14796  3.86514  4.20748  3.71164  5.00007  2.44813  1.48805  
2.30357  1.4468  3.86514  4.20748  3.71164  5.00007  2.83578  0.843549  
2.54073  0.885883  3.86514  4.20748  3.71164  5.00007  2.86514  0.895801  
1.39576  2.64548  3.86514  4.20748  3.71164  5.00007  2.32717  1.56228  
2.47749  1.10697  3.86514  4.20748  3.71164  5.00007  2.41839  1.29976  
1.94963  1.71957  3.86514  4.20748  3.71164  5.00007  2.82399  0.861275  
1.32656  2.88759  3.86514  4.20748  3.71164  5.00007  1.41273  2.84084  
1.25734  3.09375  3.86514  4.20748  3.71164  5.00007  2.8056  0.879741  
1.14109  3.17585  3.86514  4.20748  3.71164  5.00007  1.98839  1.9622  
1.37247  2.74117  3.86514  4.20748  3.71164  5.00007  2.52623  1.36373  
1.86466  1.94303  3.86514  4.20748  3.71164  5.00007  2.43884  1.33303  
1.31666  2.917  3.86514  4.20748  3.71164  5.00007  2.76281  0.92221  
1.45795  2.47815  3.86514  4.20748  3.71164  5.00007  2.82125  0.82575  
1.26855  3.06879  3.86514  4.20748  3.71164  5.00007  2.75717  0.787155  
1.01187  3.63009  3.86514  4.20748  3.71164  5.00007  2.76457  0.849999  
2.33068  1.39701  3.86514  4.20748  3.71164  5.00007  2.6517  0.839998  
2.48455  1.0414  3.86514  4.20748  3.71164  5.00007  2.74014  0.795333  
2.45875  1.15621  3.86514  4.20748  3.71164  5.00007  1.5313  2.41897  
1.53771  2.37064  3.86514  4.20748  3.71164  5.00007  2.64241  0.914706  
2.08413  1.5875  3.86514  4.20748  3.71164  5.00007  2.49651  1.21816  
1.50001  2.3962  3.86514  4.20748  3.71164  5.00007  2.7999  0.829641  
1.78756  2.18493  3.86514  4.20748  3.71164  5.00007  2.08216  1.75366  
1.8445  2.02394  3.86514  4.20748  3.71164  5.00007  2.56886  1.03958  
1.40485  2.6125  3.86514  4.20748  3.71164  5.00007  2.71863  0.85134  
2.31516  1.42144  3.86514  4.20748  3.71164  5.00007  2.60867  0.978647  
1.10666  3.22102  3.86514  4.20748  3.71164  5.00007  2.36843  1.54777  
2.36135  1.33293  3.86514  4.20748  3.71164  5.00007  2.62597  0.973161  
1.79137  2.16794  3.86514  4.20748  3.71164  5.00007  2.68706  0.926778  
1.48145  2.41745  3.86514  4.20748  3.71164  5.00007  2.70055  0.903432  
1.2875  3.0066  3.86514  4.20748  3.71164  5.00007  2.62746  0.940506  
1.06521  3.32895  3.86514  4.20748  3.71164  5.00007  2.82936  0.840835  
1.9911  1.59792  3.86514  4.20748  3.71164  5.00007  2.73638  0.784848  
0.912819  4.00007  3.86514  4.20748  3.71164  5.00007  2.44451  1.26333  
2.37741  1.30774  3.86514  4.20748  3.71164  5.00007  2.77381  0.82959  
1.82811  2.07006  3.86514  4.20748  3.71164  5.00007  2.83125  0.85699  
1.52159  2.37767  3.86514  4.20748  3.71164  5.00007  2.28545  1.606  
2.42188  1.1978  3.86514  4.20748  3.71164  5.00007  2.79796  0.861312  
2.5341  0.931352  3.86514  4.20748  3.71164  5.00007  2.72658  0.821459  
1.2762  3.02842  3.86514  4.20748  3.71164  5.00007  2.38739  1.52608  
1.08792  3.29086  3.86514  4.20748  3.71164  5.00007  2.62805  1.02081  
1.89555  1.86662  3.86514  4.20748  3.71164  5.00007  2.74018  0.888365  
2.55351  0.880478  3.86514  4.20748  3.71164  5.00007  2.72596  0.932926  
2.36832  1.31709  3.86514  4.20748  3.71164  5.00007  1.8802  2.10467  
1.78017  2.24083  3.86514  4.20748  3.71164  5.00007  2.52816  1.10589  
1.56681  2.36638  3.86514  4.20748  3.71164  5.00007  2.59741  1.13246  
1.44749  2.50809  3.86514  4.20748  3.71164  5.00007  2.67541  0.849442  
2.24788  1.52609  3.86514  4.20748  3.71164  5.00007  2.57571  1.27492  
1.81173  2.11723  3.86514  4.20748  3.71164  5.00007  2.69674  0.845382  
1.02624  3.49789  3.86514  4.20748  3.71164  5.00007  2.52483  1.24658  
2.34405  1.37027  3.86514  4.20748  3.71164  5.00007  2.79141  0.846364  
2.60391  0.79488  3.86514  4.20748  3.71164  5.00007  2.67309  0.981076  
1.19973  3.16143  3.86514  4.20748  3.71164  5.00007  2.70793  0.936125  
1.42652  2.55673  3.86514  4.20748  3.71164  5.00007  1.81235  2.37215  
1.91281  1.80917  3.86514  4.20748  3.71164  5.00007  2.75345  0.806683  
1.88105  1.90507  3.86514  4.20748  3.71164  5.00007  2.81261  0.824174  
2.63462  0.771068  3.86514  4.20748  3.71164  5.00007  1.18281  3.20748  
2.23516  1.55337  3.86514  4.20748  3.71164  5.00007  2.36113  1.44109  
1.35403  2.82558  3.86514  4.20748  3.71164  5.00007  2.8054  0.894413  
2.14713  1.57534  3.86514  4.20748  3.71164  5.00007  2.76273  0.81557  
2.66646  0.748012  3.86514  4.20748  3.71164  5.00007  2.74202  0.982468  
1.38694  2.7094  3.86514  4.20748  3.71164  5.00007  2.59852  1.0419  
2.40326  1.28095  3.86514  4.20748  3.71164  5.00007  2.79804  0.843637  
2.57931  0.835113  3.86514  4.20748  3.71164  5.00007  2.50747  1.36538  
1.92103  1.77829  3.86514  4.20748  3.71164  5.00007  2.78904  0.840776  
1.75528  2.26638  3.86514  4.20748  3.71164  5.00007  1.53953  2.44725  
1.33491  2.85597  3.86514  4.20748  3.71164  5.00007  2.59272  1.111  
1.95619  1.70061  3.86514  4.20748  3.71164  5.00007  2.70321  0.738645  
1.50487  2.38932  3.86514  4.20748  3.71164  5.00007  2.60073  0.948357  
1.09589  3.27646  3.86514  4.20748  3.71164  5.00007  2.54021  1.10309  
2.19096  1.56419  3.86514  4.20748  3.71164  5.00007  2.55046  1.01023  
2.50825  1.02849  3.86514  4.20748  3.71164  5.00007  2.72308  0.842915  
2.27373  1.50361  3.86514  4.20748  3.71164  5.00007  2.74668  0.798933  
2.12448  1.5803  3.86514  4.20748  3.71164  5.00007  2.7234  0.877073  
1.03075  3.35522  3.87242  4.56802  3.71164  5.07521  2.55321  1.09202  
1.41934  2.4727  3.87242  4.56802  3.71164  5.07521  2.80152  0.883196  
0.971643  3.55366  3.87242  4.56802  3.71164  5.07521  2.77971  0.86326  
1.30392  2.88102  3.87242  4.56802  3.71164  5.07521  2.87242  0.892515  
1.3471  2.72035  3.87242  4.56802  3.71164  5.07521  2.20423  1.64465  
1.10199  3.19196  3.87242  4.56802  3.71164  5.07521  2.86532  0.888919  
1.21216  3.12301  3.87242  4.56802  3.71164  5.07521  2.78488  0.895233  
1.68527  2.31722  3.87242  4.56802  3.71164  5.07521  2.77685  0.906582  
2.71164  0.738151  3.87242  4.56802  3.71164  5.07521  2.1743  1.65196  
1.82265  2.06548  3.87242  4.56802  3.71164  5.07521  2.67822  0.933239  
2.41024  1.23104  3.87242  4.56802  3.71164  5.07521  2.83265  0.852911  
2.52049  0.943426  3.87242  4.56802  3.71164  5.07521  2.73372  0.89339  
1.84448  1.96537  3.87242  4.56802  3.71164  5.07521  2.62621  0.979559  
2.4294  1.1788  3.87242  4.56802  3.71164  5.07521  2.59996  1.23433  
1.23974  3.08505  3.87242  4.56802  3.71164  5.07521  2.49305  1.29298  
1.74069  2.22497  3.87242  4.56802  3.71164  5.07521  2.71202  0.957555  
1.29548  2.90983  3.87242  4.56802  3.71164  5.07521  2.10918  1.65925  
1.27706  2.98178  3.87242  4.56802  3.71164  5.07521  2.71781  0.91221  
1.36516  2.64511  3.87242  4.56802  3.71164  5.07521  2.85453  0.878275  
1.9328  1.75052  3.87242  4.56802  3.71164  5.07521  2.83476  0.851469  
1.78191  2.13556  3.87242  4.56802  3.71164  5.07521  2.78548  0.855689  
1.40555  2.51238  3.87242  4.56802  3.71164  5.07521  2.7668  0.909512  
1.97465  1.64385  3.87242  4.56802  3.71164  5.07521  2.80144  0.86705  
1.74998  2.21036  3.87242  4.56802  3.71164  5.07521  2.6684  0.965636  
1.89191  1.87991  3.87242  4.56802  3.71164  5.07521  2.72999  0.89728  
1.06872  3.24199  3.87242  4.56802  3.71164  5.07521  2.6221  1.10097  
1.70694  2.28931  3.87242  4.56802  3.71164  5.07521  2.70198  0.885231  
1.22757  3.10205  3.87242  4.56802  3.71164  5.07521  1.57927  2.47829  
2.30357  1.4468  3.87242  4.56802  3.71164  5.07521  2.70005  0.960539  
2.54073  0.885883  3.87242  4.56802  3.71164  5.07521  2.15225  1.61053  
2.06097  1.57986  3.87242  4.56802  3.71164  5.07521  2.68613  0.950231  
1.39949  2.52876  3.87242  4.56802  3.71164  5.07521  2.80786  0.859492  
1.94569  1.71947  3.87242  4.56802  3.71164  5.07521  2.54187  1.19094  
1.3247  2.80982  3.87242  4.56802  3.71164  5.07521  2.77784  0.8731  
1.25039  3.05324  3.87242  4.56802  3.71164  5.07521  2.20165  1.66402  
1.14109  3.17585  3.87242  4.56802  3.71164  5.07521  2.59908  1.08868  
1.37618  2.62673  3.87242  4.56802  3.71164  5.07521  2.80397  0.826804  
1.86466  1.94303  3.87242  4.56802  3.71164  5.07521  2.81019  0.866913  
1.31741  2.83538  3.87242  4.56802  3.71164  5.07521  2.79688  0.865236  
1.69123  2.30484  3.87242  4.56802  3.71164  5.07521  2.69259  0.934151  
1.26394  3.01896  3.87242  4.56802  3.71164  5.07521  2.78637  0.847882  
2.46725  1.06077  3.87242  4.56802  3.71164  5.07521  2.65301  0.983132  
2.33068  1.39701  3.87242  4.56802  3.71164  5.07521  2.69748  0.86801  
2.47629  1.04073  3.87242  4.56802  3.71164  5.07521  2.65684  0.948117  
2.45021  1.13047  3.87242  4.56802  3.71164  5.07521  2.44444  1.54769  
1.51057  2.35714  3.87242  4.56802  3.71164  5.07521  2.68114  0.930442  
1.18183  3.14935  3.87242  4.56802  3.71164  5.07521  2.68909  0.950022  
0.940531  3.8406  3.87242  4.56802  3.71164  5.07521  2.63116  1.02676  
0.877917  3.98399  3.87242  4.56802  3.71164  5.07521  2.83441  0.845163  
1.03856  3.3117  3.87242  4.56802  3.71164  5.07521  2.85919  0.889356  
1.3893  2.55168  3.87242  4.56802  3.71164  5.07521  2.80289  0.85155  
2.31516  1.42144  3.87242  4.56802  3.71164  5.07521  2.67522  0.957694  
1.05658  3.26576  3.87242  4.56802  3.71164  5.07521  2.78238  0.9366  
2.36135  1.33293  3.87242  4.56802  3.71164  5.07521  2.14919  1.70957  
2.4945  0.994788  3.87242  4.56802  3.71164  5.07521  2.84737  0.859702  
1.46495  2.39699  3.87242  4.56802  3.71164  5.07521  2.71584  0.994332  
1.28835  2.93341  3.87242  4.56802  3.71164  5.07521  2.76199  0.823002  
1.0419  3.28899  3.87242  4.56802  3.71164  5.07521  2.83176  0.864889  
1.98868  1.59689  3.87242  4.56802  3.71164  5.07521  2.82507  0.863968  
1.82461  2.06235  3.87242  4.56802  3.71164  5.07521  2.76271  0.841412  
2.37741  1.30774  3.87242  4.56802  3.71164  5.07521  2.57895  1.18172  
1.82758  2.0398  3.87242  4.56802  3.71164  5.07521  2.59076  1.13961  
0.959061  3.609  3.87242  4.56802  3.71164  5.07521  2.69273  0.786314  
2.42253  1.19039  3.87242  4.56802  3.71164  5.07521  2.63785  1.0648  
1.5471  2.34864  3.87242  4.56802  3.71164  5.07521  2.46599  1.50542  
1.7597  2.1928  3.87242  4.56802  3.71164  5.07521  2.59996  1.19695  
0.860542  4.07521  3.87242  4.56802  3.71164  5.07521  2.59279  1.03162  
1.89645  1.86293  3.87242  4.56802  3.71164  5.07521  2.7833  0.809911  
2.55351  0.880478  3.87242  4.56802  3.71164  5.07521  0.985315  3.56802  
2.36832  1.31709  3.87242  4.56802  3.71164  5.07521  1.6688  2.48769  
1.30935  2.86184  3.87242  4.56802  3.71164  5.07521  2.66478  0.901525  
1.56179  2.34149  3.87242  4.56802  3.71164  5.07521  2.73491  0.919656  
1.44021  2.44297  3.87242  4.56802  3.71164  5.07521  2.83889  0.851627  
2.24788  1.52609  3.87242  4.56802  3.71164  5.07521  2.57005  1.05048  
1.81174  2.09252  3.87242  4.56802  3.71164  5.07521  2.77723  0.893809  
1.02624  3.49789  3.87242  4.56802  3.71164  5.07521  2.04808  1.87521  
2.34405  1.37027  3.87242  4.56802  3.71164  5.07521  2.81939  0.879149  
2.60346  0.791245  3.87242  4.56802  3.71164  5.07521  2.60986  1.00539  
1.19149  3.14343  3.87242  4.56802  3.71164  5.07521  2.13657  1.73051  
2.44232  1.15343  3.87242  4.56802  3.71164  5.07521  2.76752  0.827452  
1.91281  1.80917  3.87242  4.56802  3.71164  5.07521  2.76213  0.861627  
1.88105  1.90507  3.87242  4.56802  3.71164  5.07521  2.7305  0.873481  
2.62481  0.772084  3.87242  4.56802  3.71164  5.07521  2.76338  0.915081  
2.22247  1.54914  3.87242  4.56802  3.71164  5.07521  2.72844  0.866054  
1.35352  2.69762  3.87242  4.56802  3.71164  5.07521  2.61847  0.969631  
2.50861  0.969306  3.87242  4.56802  3.71164  5.07521  2.80771  0.828089  
2.66646  0.748012  3.87242  4.56802  3.71164  5.07521  2.80665  0.87823  
1.76847  2.16632  3.87242  4.56802  3.71164  5.07521  2.63425  0.973368  
2.39493  1.28047  3.87242  4.56802  3.71164  5.07521  2.82026  0.827854  
2.5802  0.818635  3.87242  4.56802  3.71164  5.07521  2.64077  0.92112  
1.92088  1.77573  3.87242  4.56802  3.71164  5.07521  2.1855  1.6766  
1.72135  2.26137  3.87242  4.56802  3.71164  5.07521  2.81391  0.846752  
1.33672  2.77204  3.87242  4.56802  3.71164  5.07521  2.81703  0.834967  
1.9608  1.65706  3.87242  4.56802  3.71164  5.07521  2.82634  0.861079  
2.65226  0.753246  3.87242  4.56802  3.71164  5.07521  2.80745  0.882792  
1.08251  3.22002  3.87242  4.56802  3.71164  5.07521  2.67471  1.00194  
2.11616  1.55717  3.87242  4.56802  3.71164  5.07521  2.53212  1.23028  
1.47498  2.38361  3.87242  4.56802  3.71164  5.07521  2.83732  0.852331  
2.27373  1.50361  3.87242  4.56802  3.71164  5.07521  2.58684  1.16684  
2.09481  1.55899  3.87242  4.56802  3.71164  5.07521  2.80624  0.821853  
1.56632  1.88324  3.52556  4.88068  3.50073  5.58559  2.27222  0.80507  
1.83375  1.32585  3.52556  4.88068  3.50073  5.58559  2.40385  0.563157  
0.719302  3.74774  3.52556  4.88068  3.50073  5.58559  1.96505  1.32949  
2.3422  0.617069  3.52556  4.88068  3.50073  5.58559  2.25106  0.864107  
2.21477  0.920717  3.52556  4.88068  3.50073  5.58559  2.36874  0.642677  
0.827052  3.24206  3.52556  4.88068  3.50073  5.58559  2.24472  0.944649  
1.55642  1.91743  3.52556  4.88068  3.50073  5.58559  1.8414  1.32363  
1.64483  1.6339  3.52556  4.88068  3.50073  5.58559  1.26562  2.19167  
1.12699  2.54862  3.52556  4.88068  3.50073  5.58559  1.57179  1.92048  
1.22353  2.25219  3.52556  4.88068  3.50073  5.58559  1.34121  2.22233  
0.585586  4.58559  3.52556  4.88068  3.50073  5.58559  1.86289  1.3468  
0.758724  3.3485  3.52556  4.88068  3.50073  5.58559  2.3232  0.705262  
2.24067  0.846757  3.52556  4.88068  3.50073  5.58559  2.47257  0.542667  
0.741756  3.46186  3.52556  4.88068  3.50073  5.58559  1.35364  2.1602  
1.70007  1.53108  3.52556  4.88068  3.50073  5.58559  2.4735  0.536025  
2.41473  0.545764  3.52556  4.88068  3.50073  5.58559  0.966956  3.03089  
1.76103  1.39346  3.52556  4.88068  3.50073  5.58559  1.12181  2.77185  
1.30026  2.12364  3.52556  4.88068  3.50073  5.58559  1.35058  2.16607  
2.05375  1.25448  3.52556  4.88068  3.50073  5.58559  1.84832  1.36344  
1.7705  1.38234  3.52556  4.88068  3.50073  5.58559  2.12918  1.09915  
1.62833  1.68447  3.52556  4.88068  3.50073  5.58559  1.49902  2.02885  
1.61  1.7307  3.52556  4.88068  3.50073  5.58559  2.31329  0.70963  
2.19372  0.957286  3.52556  4.88068  3.50073  5.58559  2.50813  0.5297  
2.28382  0.740076  3.52556  4.88068  3.50073  5.58559  2.28613  0.790495  
1.54173  1.95592  3.52556  4.88068  3.50073  5.58559  1.0664  2.92797  
2.00866  1.29152  3.52556  4.88068  3.50073  5.58559  2.40871  0.579943  
2.17603  1.00673  3.52556  4.88068  3.50073  5.58559  2.17804  1.05944  
1.87034  1.31924  3.52556  4.88068  3.50073  5.58559  1.62066  1.77656  
1.69303  1.56319  3.52556  4.88068  3.50073  5.58559  2.33298  0.664063  
1.29093  2.12908  3.52556  4.88068  3.50073  5.58559  1.62617  1.75138  
2.2762  0.772705  3.52556  4.88068  3.50073  5.58559  2.2132  1.01636  
2.44648  0.522674  3.52556  4.88068  3.50073  5.58559  2.33335  0.729315  
0.676324  3.79457  3.52556  4.88068  3.50073  5.58559  1.21439  2.30655  
1.02358  2.93544  3.52556  4.88068  3.50073  5.58559  2.47641  0.531576  
1.48181  2.07201  3.52556  4.88068  3.50073  5.58559  2.10777  1.20457  
0.865572  3.07863  3.52556  4.88068  3.50073  5.58559  2.20101  0.971686  
1.46213  2.101  3.52556  4.88068  3.50073  5.58559  2.38002  0.6229  
1.80446  1.33747  3.52556  4.88068  3.50073  5.58559  2.42661  0.557129  
1.71642  1.46488  3.52556  4.88068  3.50073  5.58559  1.61838  1.78988  
1.70984  1.50982  3.52556  4.88068  3.50073  5.58559  1.63341  1.6483  
1.20001  2.30276  3.52556  4.88068  3.50073  5.58559  2.47971  0.53236  
1.26032  2.15417  3.52556  4.88068  3.50073  5.58559  2.1535  1.08021  
1.19194  2.33059  3.52556  4.88068  3.50073  5.58559  1.31908  2.14948  
1.17212  2.36358  3.52556  4.88068  3.50073  5.58559  1.54173  1.95592  
1.08299  2.89334  3.52556  4.88068  3.50073  5.58559  1.57514  1.99909  
1.24764  2.19151  3.52556  4.88068  3.50073  5.58559  2.42206  0.59197  
1.21381  2.27394  3.52556  4.88068  3.50073  5.58559  2.22517  0.94221  
2.16924  1.02072  3.52556  4.88068  3.50073  5.58559  2.05375  1.25448  
1.63319  1.64891  3.52556  4.88068  3.50073  5.58559  2.35609  0.639654  
1.0664  2.92797  3.52556  4.88068  3.50073  5.58559  1.35465  2.14366  
2.08559  1.20719  3.52556  4.88068  3.50073  5.58559  2.29095  0.781704  
2.37112  0.582709  3.52556  4.88068  3.50073  5.58559  1.29979  2.15974  
1.58988  1.78524  3.52556  4.88068  3.50073  5.58559  2.30054  0.756386  
2.14974  1.06433  3.52556  4.88068  3.50073  5.58559  2.32427  0.752951  
0.756516  3.37712  3.52556  4.88068  3.50073  5.58559  1.29795  2.16085  
0.632089  3.88068  3.52556  4.88068  3.50073  5.58559  2.23197  0.892122  
1.14661  2.45923  3.52556  4.88068  3.50073  5.58559  2.49507  0.521778  
1.99585  1.3045  3.52556  4.88068  3.50073  5.58559  2.09354  1.27894  
2.25767  0.808984  3.52556  4.88068  3.50073  5.58559  2.37906  0.589114  
1.78008  1.35816  3.52556  4.88068  3.50073  5.58559  2.36652  0.635294  
2.50073  0.516141  3.52556  4.88068  3.50073  5.58559  2.16488  1.06902  
0.876441  3.05523  3.52556  4.88068  3.50073  5.58559  2.52556  0.530602  
2.32889  0.659975  3.52556  4.88068  3.50073  5.58559  2.3148  0.836488  
1.00843  2.94619  3.52556  4.88068  3.50073  5.58559  1.90926  1.34998  
2.29911  0.708757  3.52556  4.88068  3.50073  5.58559  2.08559  1.20719  
1.12246  2.65164  3.52556  4.88068  3.50073  5.58559  1.54199  1.98051  
2.39625  0.560519  3.52556  4.88068  3.50073  5.58559  2.34589  0.68418  
0.838827  3.18537  3.52556  4.88068  3.50073  5.58559  2.41936  0.559006  
0.913508  2.99044  3.52556  4.88068  3.50073  5.58559  0.632089  3.88068  
0.86187  3.10921  3.52556  4.88068  3.50073  5.58559  2.00866  1.29152  
1.23667  2.22317  3.52556  4.88068  3.50073  5.58559  2.25414  0.920632  
1.16269  2.38502  3.52556  4.88068  3.50073  5.58559  1.24024  2.24826  
1.5201  2.00575  3.52556  4.88068  3.50073  5.58559  2.50073  0.516141  
2.23198  0.882742  3.52556  4.88068  3.50073  5.58559  2.41006  0.572874  
2.12918  1.09915  3.52556  4.88068  3.50073  5.58559  0.758724  3.3485  
1.66097  1.60032  3.52556  4.88068  3.50073  5.58559  2.14879  1.13875  
2.0288  1.27084  3.52556  4.88068  3.50073  5.58559  2.44346  0.554019  
1.49902  2.02885  3.52556  4.88068  3.50073  5.58559  1.63166  1.74295  
1.10289  2.80279  3.52556  4.88068  3.50073  5.58559  2.42351  0.565008  
0.844913  3.15433  3.52556  4.88068  3.50073  5.58559  1.15295  2.44647  
0.715627  3.75527  3.52556  4.88068  3.50073  5.58559  2.13134  1.31946  
1.73235  1.43818  3.52556  4.88068  3.50073  5.58559  1.58236  1.8668  
0.950506  2.97642  3.52556  4.88068  3.50073  5.58559  2.4726  0.531008  
0.884912  3.0267  3.52556  4.88068  3.50073  5.58559  1.74866  1.41961  
2.21917  0.898401  3.52556  4.88068  3.50073  5.58559  1.08322  3.16403  
1.1571  2.41061  3.52556  4.88068  3.50073  5.58559  2.42938  0.554221  
2.07079  1.23113  3.52556  4.88068  3.50073  5.58559  1.12892  2.84915  
2.11391  1.14489  3.52556  4.88068  3.50073  5.58559  2.22215  0.968124  
0.894318  3.01416  3.52556  4.88068  3.50073  5.58559  1.69303  1.56319  
1.52623  1.99276  3.52556  4.88068  3.50073  5.58559  1.61  1.7307  
1.56991  1.86906  3.52556  4.88068  3.50073  5.58559  2.3393  0.732492  
2.31443  0.686603  3.52556  4.88068  3.50073  5.58559  1.36609  2.14873  
2.42555  0.530468  3.52556  4.88068  3.50073  5.58559  2.36299  0.620269  
2.46115  0.519939  3.52556  4.88068  3.50073  5.58559  2.4211  0.569977  
1.74866  1.41961  3.52556  4.88068  3.50073  5.58559  1.77971  1.37118  
2.13907  1.0921  3.52556  4.88068  3.50073  5.58559  1.63388  1.75282  
1.1352  2.52077  3.52556  4.88068  3.50073  5.58559  2.39553  0.59918  
2.35781  0.594916  3.52556  4.88068  3.50073  5.58559  2.43502  0.540337  
2.09249  1.18729  3.52556  4.88068  3.50073  5.58559  1.48181  2.07201  
2.15924  1.04532  3.52556  4.88068  3.50073  5.58559  1.12364  2.84387  
0.618444  2.36268  3.08803  4.33541  3.08803  5.11427  1.79473  0.512294  
1.09428  1.57035  3.08803  4.33541  3.08803  5.11427  0.767932  1.89234  
0.689762  2.11163  3.08803  4.33541  3.08803  5.11427  0.615357  2.37735  
0.560039  2.48493  3.08803  4.33541  3.08803  5.11427  1.81526  0.466731  
1.9007  0.251132  3.08803  4.33541  3.08803  5.11427  2.00992  0.129895  
0.475042  2.50621  3.08803  4.33541  3.08803  5.11427  0.818501  1.77403  
0.634604  2.31712  3.08803  4.33541  3.08803  5.11427  1.77611  0.559408  
2.08803  0.103025  3.08803  4.33541  3.08803  5.11427  1.92803  0.21289  
1.87147  0.312508  3.08803  4.33541  3.08803  5.11427  0.740806  1.98258  
0.133714  3.71028  3.08803  4.33541  3.08803  5.11427  1.74031  0.650147  
0.675156  2.17052  3.08803  4.33541  3.08803  5.11427  1.75563  0.6105  
1.14586  1.4478  3.08803  4.33541  3.08803  5.11427  0.705896  2.0751  
1.13195  1.48324  3.08803  4.33541  3.08803  5.11427  0.486099  2.50604  
1.93319  0.19783  3.08803  4.33541  3.08803  5.11427  1.87599  0.340592  
1.62626  0.847072  3.08803  4.33541  3.08803  5.11427  1.17212  1.37309  
1.20124  1.29649  3.08803  4.33541  3.08803  5.11427  0.18279  3.33541  
1.32983  0.999792  3.08803  4.33541  3.08803  5.11427  1.38687  0.941318  
0.720529  2.01129  3.08803  4.33541  3.08803  5.11427  1.37207  0.954508  
1.17347  1.369  3.08803  4.33541  3.08803  5.11427  0.695801  2.11253  
1.04395  1.65622  3.08803  4.33541  3.08803  5.11427  1.18645  1.34117  
0.657154  2.22815  3.08803  4.33541  3.08803  5.11427  2.08803  0.103025  
1.72058  0.685227  3.08803  4.33541  3.08803  5.11427  1.97843  0.153324  
0.35399  2.75671  3.08803  4.33541  3.08803  5.11427  0.676959  2.16384  
0.731657  1.97848  3.08803  4.33541  3.08803  5.11427  2.07607  0.105527  
1.60267  0.876207  3.08803  4.33541  3.08803  5.11427  0.782992  1.85236  
1.06599  1.62446  3.08803  4.33541  3.08803  5.11427  2.05666  0.107221  
1.75454  0.604126  3.08803  4.33541  3.08803  5.11427  2.052  0.110419  
0.773944  1.85215  3.08803  4.33541  3.08803  5.11427  0.732646  2.00789  
1.11621  1.52535  3.08803  4.33541  3.08803  5.11427  1.76481  0.578441  
0.16582  3.40782  3.08803  4.33541  3.08803  5.11427  1.74791  0.634268  
1.82354  0.425264  3.08803  4.33541  3.08803  5.11427  0.267606  3.24478  
0.344328  2.80757  3.08803  4.33541  3.08803  5.11427  0.723448  2.02884  
1.64178  0.827529  3.08803  4.33541  3.08803  5.11427  1.25383  1.1568  
1.45722  0.90639  3.08803  4.33541  3.08803  5.11427  0.750866  1.94614  
1.6607  0.801604  3.08803  4.33541  3.08803  5.11427  1.39667  0.932952  
1.3087  1.0368  3.08803  4.33541  3.08803  5.11427  1.8404  0.409604  
0.248688  3.28788  3.08803  4.33541  3.08803  5.11427  2.02822  0.117843  
0.784718  1.82202  3.08803  4.33541  3.08803  5.11427  1.05799  1.65525  
1.42181  0.91164  3.08803  4.33541  3.08803  5.11427  1.10956  1.53799  
1.77949  0.536453  3.08803  4.33541  3.08803  5.11427  2.02054  0.12021  
0.285216  3.13901  3.08803  4.33541  3.08803  5.11427  1.30982  1.04074  
0.709104  2.06264  3.08803  4.33541  3.08803  5.11427  1.63693  0.83396  
0.451268  2.51135  3.08803  4.33541  3.08803  5.11427  1.09286  1.58853  
0.59649  2.42073  3.08803  4.33541  3.08803  5.11427  1.73121  0.67265  
2.04868  0.107041  3.08803  4.33541  3.08803  5.11427  1.14795  1.45657  
0.114268  4.11427  3.08803  4.33541  3.08803  5.11427  0.560001  2.48497  
0.864071  1.71669  3.08803  4.33541  3.08803  5.11427  1.02392  1.69295  
0.365973  2.69605  3.08803  4.33541  3.08803  5.11427  0.815717  1.7987  
0.263625  3.24726  3.08803  4.33541  3.08803  5.11427  2.04623  0.113697  
0.402418  2.5745  3.08803  4.33541  3.08803  5.11427  1.89815  0.276183  
0.311272  2.9702  3.08803  4.33541  3.08803  5.11427  1.88965  0.293697  
1.38618  0.930959  3.08803  4.33541  3.08803  5.11427  1.29962  1.056  
1.365  0.947025  3.08803  4.33541  3.08803  5.11427  1.85725  0.367356  
1.76649  0.574182  3.08803  4.33541  3.08803  5.11427  1.93776  0.191197  
1.01671  1.68286  3.08803  4.33541  3.08803  5.11427  1.90233  0.255335  
0.802328  1.78684  3.08803  4.33541  3.08803  5.11427  1.84673  0.377183  
1.21881  1.24688  3.08803  4.33541  3.08803  5.11427  1.80428  0.487389  
0.837415  1.74013  3.08803  4.33541  3.08803  5.11427  1.79207  0.527764  
2.01168  0.118866  3.08803  4.33541  3.08803  5.11427  0.802986  1.80342  
1.23346  1.21379  3.08803  4.33541  3.08803  5.11427  0.864071  1.71669  
1.88523  0.285507  3.08803  4.33541  3.08803  5.11427  0.92148  1.70488  
0.207616  3.31146  3.08803  4.33541  3.08803  5.11427  0.647565  2.26035  
1.70231  0.722238  3.08803  4.33541  3.08803  5.11427  1.36654  0.958979  
1.73812  0.643873  3.08803  4.33541  3.08803  5.11427  1.67642  0.782817  
1.98829  0.134194  3.08803  4.33541  3.08803  5.11427  1.88005  0.313345  
1.80768  0.468525  3.08803  4.33541  3.08803  5.11427  1.95315  0.172053  
0.426045  2.52954  3.08803  4.33541  3.08803  5.11427  1.71505  0.706091  
1.15889  1.41009  3.08803  4.33541  3.08803  5.11427  1.87852  0.330292  
1.85509  0.347241  3.08803  4.33541  3.08803  5.11427  0.321724  2.91111  
0.411796  2.55125  3.08803  4.33541  3.08803  5.11427  1.12772  1.50859  
1.26561  1.12441  3.08803  4.33541  3.08803  5.11427  1.82358  0.425165  
1.58235  0.889741  3.08803  4.33541  3.08803  5.11427  1.77949  0.536453  
0.278788  3.16992  3.08803  4.33541  3.08803  5.11427  0.30504  3.09978  
0.18279  3.33541  3.08803  4.33541  3.08803  5.11427  0.312026  2.98997  
1.25206  1.15712  3.08803  4.33541  3.08803  5.11427  1.74443  0.642648  
1.67554  0.774264  3.08803  4.33541  3.08803  5.11427  0.384411  2.62609  
1.83941  0.386016  3.08803  4.33541  3.08803  5.11427  1.45722  0.90639  
0.320582  2.91258  3.08803  4.33541  3.08803  5.11427  1.15863  1.4108  
1.19083  1.32266  3.08803  4.33541  3.08803  5.11427  0.837695  1.75253  
1.34527  0.970915  3.08803  4.33541  3.08803  5.11427  1.0816  1.61945  
1.9478  0.177709  3.08803  4.33541  3.08803  5.11427  0.885783  1.76727  
1.10545  1.54519  3.08803  4.33541  3.08803  5.11427  1.58896  0.89384  
0.815088  1.76582  3.08803  4.33541  3.08803  5.11427  1.9668  0.159193  
0.384411  2.62609  3.08803  4.33541  3.08803  5.11427  1.98566  0.143668  
1.79519  0.502067  3.08803  4.33541  3.08803  5.11427  1.14103  1.47574  
0.168582  3.39097  3.08803  4.33541  3.08803  5.11427  1.86292  0.333202  
1.96263  0.158752  3.08803  4.33541  3.08803  5.11427  1.66497  0.806886  
0.585293  2.44827  3.08803  4.33541  3.08803  5.11427  1.26791  1.13669  
0.375856  2.65665  3.08803  4.33541  3.08803  5.11427  1.86879  0.333073  
0.852203  1.724  3.08803  4.33541  3.08803  5.11427  1.68676  0.760973  
0.909259  1.70552  3.08803  4.33541  3.08803  5.11427  1.19751  1.30661  
0.752753  1.90071  3.08803  4.33541  3.08803  5.11427  1.42687  0.918563  
0.739876  1.94117  3.08803  4.33541  3.08803  5.11427  2.00373  0.1364  
0.29985  3.05946  3.08803  4.33541  3.08803  5.11427  1.84329  0.401358  
1.68888  0.751989  3.08803  4.33541  3.08803  5.11427  1.3372  0.996084  
1.08116  1.5997  3.08803  4.33541  3.08803  5.11427  1.60714  0.876737  
1.91663  0.223925  3.08803  4.33541  3.08803  5.11427  0.854743  1.73186  
0.642729  2.2844  3.08803  4.33541  3.08803  5.11427  1.02954  1.67783  
1.29673  1.05712  3.08803  4.33541  3.08803  5.11427  1.69732  0.758141  
1.2852  1.07676  3.08803  4.33541  3.08803  5.11427  1.21567  1.2683  
1.37809  0.879094  3.06148  4.65289  3.06139  4.65289  1.22993  1.08477  
1.53412  0.856293  3.06148  4.65289  3.06139  4.65289  0.770472  1.7423  
0.652331  2.07999  3.06148  4.65289  3.06139  4.65289  0.297104  2.81607  
0.429421  2.47061  3.06148  4.65289  3.06139  4.65289  1.35288  0.892425  
1.91465  0.139485  3.06148  4.65289  3.06139  4.65289  1.05291  1.54757  
1.08415  1.47924  3.06148  4.65289  3.06139  4.65289  1.74942  0.487972  
0.968617  1.65417  3.06148  4.65289  3.06139  4.65289  1.89857  0.161247  
1.89724  0.163187  3.06148  4.65289  3.06139  4.65289  0.308757  2.75461  
0.731203  1.82586  3.06148  4.65289  3.06139  4.65289  1.24435  1.0511  
1.60798  0.789517  3.06148  4.65289  3.06139  4.65289  0.331734  2.64837  
0.348396  2.58701  3.06148  4.65289  3.06139  4.65289  1.13702  1.33919  
1.62624  0.762101  3.06148  4.65289  3.06139  4.65289  0.969508  1.65364  
1.88092  0.188927  3.06148  4.65289  3.06139  4.65289  1.56305  0.838247  
1.23678  1.06846  3.06148  4.65289  3.06139  4.65289  1.73701  0.519841  
2.01102  0.0736308  3.06148  4.65289  3.06139  4.65289  1.29191  0.960061  
1.28581  0.969892  3.06148  4.65289  3.06139  4.65289  1.53336  0.856645  
0.263849  3.00224  3.06148  4.65289  3.06139  4.65289  1.65581  0.708802  
0.122984  3.35207  3.06148  4.65289  3.06139  4.65289  1.93456  0.117128  
0.334849  2.63583  3.06148  4.65289  3.06139  4.65289  0.831943  1.67912  
0.614913  2.21283  3.06148  4.65289  3.06139  4.65289  0.557229  2.37894  
0.601674  2.25675  3.06148  4.65289  3.06139  4.65289  0.213249  3.22213  
1.09847  1.44372  3.06148  4.65289  3.06139  4.65289  0.727882  1.83452  
1.86543  0.216354  3.06148  4.65289  3.06139  4.65289  1.71156  0.583794  
0.640092  2.12414  3.06148  4.65289  3.06139  4.65289  1.1237  1.37642  
1.58789  0.814585  3.06148  4.65289  3.06139  4.65289  0.120087  3.37059  
0.996317  1.63209  3.06148  4.65289  3.06139  4.65289  0.344485  2.60013  
1.83625  0.275373  3.06148  4.65289  3.06139  4.65289  1.78669  0.392548  
0.763047  1.75539  3.06148  4.65289  3.06139  4.65289  1.01832  1.60564  
1.06926  1.51352  3.06148  4.65289  3.06139  4.65289  0.152242  3.27222  
0.746542  1.78904  3.06148  4.65289  3.06139  4.65289  0.588828  2.29658  
1.34899  0.895173  3.06148  4.65289  3.06139  4.65289  0.741129  1.80143  
0.400409  2.48412  3.06148  4.65289  3.06139  4.65289  0.715167  1.86975  
1.9796  0.0842703  3.06148  4.65289  3.06139  4.65289  1.83885  0.269771  
0.5564  2.38075  3.06148  4.65289  3.06139  4.65289  1.67048  0.67865  
0.225394  3.184  3.06148  4.65289  3.06139  4.65289  1.25938  1.01886  
0.251835  3.06643  3.06148  4.65289  3.06139  4.65289  1.68467  0.647421  
1.19378  1.17857  3.06148  4.65289  3.06139  4.65289  0.629144  2.16328  
0.135236  3.29891  3.06148  4.65289  3.06139  4.65289  0.31976  2.70089  
1.67397  0.671129  3.06148  4.65289  3.06139  4.65289  0.095116  3.65289  
1.79528  0.371127  3.06148  4.65289  3.06139  4.65289  1.62396  0.765755  
0.703136  1.90595  3.06148  4.65289  3.06139  4.65289  0.284839  2.88415  
0.689959  1.94835  3.06148  4.65289  3.06139  4.65289  0.573784  2.33885  
0.298367  2.80922  3.06148  4.65289  3.06139  4.65289  0.397341  2.48695  
0.802587  1.69993  3.06148  4.65289  3.06139  4.65289  0.666344  2.02975  
0.537635  2.41665  3.06148  4.65289  3.06139  4.65289  0.807439  1.69541  
0.153318  3.27166  3.06148  4.65289  3.06139  4.65289  0.231705  3.15983  
1.15309  1.29345  3.06148  4.65289  3.06139  4.65289  0.129779  3.31801  
0.275544  2.93674  3.06148  4.65289  3.06139  4.65289  0.787593  1.71692  
1.05353  1.54635  3.06148  4.65289  3.06139  4.65289  0.654233  2.07313  
1.76893  0.437723  3.06148  4.65289  3.06139  4.65289  1.17606  1.22797  
1.18013  1.2165  3.06148  4.65289  3.06139  4.65289  0.702707  1.90728  
2.06139  0.0694751  3.06148  4.65289  3.06139  4.65289  1.81222  0.33006  
0.572576  2.34201  3.06148  4.65289  3.06139  4.65289  1.58619  0.816451  
1.75583  0.471429  3.06148  4.65289  3.06139  4.65289  0.272618  2.95327  
1.65888  0.702674  3.06148  4.65289  3.06139  4.65289  1.60608  0.792113  
1.01792  1.6062  3.06148  4.65289  3.06139  4.65289  1.95559  0.0988755  
1.9336  0.118086  3.06148  4.65289  3.06139  4.65289  0.678354  1.98765  
1.2523  1.03367  3.06148  4.65289  3.06139  4.65289  0.359481  2.55416  
0.514301  2.44727  3.06148  4.65289  3.06139  4.65289  0.867097  1.67024  
0.664633  2.03583  3.06148  4.65289  3.06139  4.65289  0.641743  2.11819  
1.85059  0.245251  3.06148  4.65289  3.06139  4.65289  1.27517  0.988371  
1.72951  0.538938  3.06148  4.65289  3.06139  4.65289  1.16305  1.265  
1.70241  0.606011  3.06148  4.65289  3.06139  4.65289  1.38097  0.878016  
1.222  1.10429  3.06148  4.65289  3.06139  4.65289  1.85275  0.240885  
0.62772  2.16832  3.06148  4.65289  3.06139  4.65289  1.33  0.911489  
1.80869  0.338465  3.06148  4.65289  3.06139  4.65289  0.755172  1.77065  
1.64301  0.733161  3.06148  4.65289  3.06139  4.65289  1.03651  1.57758  
1.13955  1.33203  3.06148  4.65289  3.06139  4.65289  1.98017  0.0839953  
1.56438  0.837176  3.06148  4.65289  3.06139  4.65289  1.82534  0.299609  
1.71605  0.572716  3.06148  4.65289  3.06139  4.65289  1.64038  0.737927  
1.74271  0.505231  3.06148  4.65289  3.06139  4.65289  0.602861  2.25292  
1.68844  0.638841  3.06148  4.65289  3.06139  4.65289  1.08271  1.48267  
0.095116  3.65289  3.06148  4.65289  3.06139  4.65289  1.21601  1.11947  
0.20902  3.23265  3.06148  4.65289  3.06139  4.65289  0.538244  2.41564  
1.26854  1.00074  3.06148  4.65289  3.06139  4.65289  1.77417  0.424315  
1.03663  1.57738  3.06148  4.65289  3.06139  4.65289  1.69837  0.615642  
0.112907  3.42828  3.06148  4.65289  3.06139  4.65289  0.616291  2.20813  
0.310275  2.74692  3.06148  4.65289  3.06139  4.65289  0.997169  1.63122  
1.1666  1.25486  3.06148  4.65289  3.06139  4.65289  1.18917  1.19128  
0.28708  2.87154  3.06148  4.65289  3.06139  4.65289  0.246881  3.09137  
0.23904  3.12841  3.06148  4.65289  3.06139  4.65289  0.428847  2.47071  
0.103687  3.52969  3.06148  4.65289  3.06139  4.65289  1.06816  1.51593  
0.828418  1.68085  3.06148  4.65289  3.06139  4.65289  1.91578  0.138078  
0.677101  1.99198  3.06148  4.65289  3.06139  4.65289  2.0114  0.0735495  
1.3045  0.941593  3.06148  4.65289  3.06139  4.65289  1.31001  0.934259  
1.41929  0.870286  3.06148  4.65289  3.06139  4.65289  1.09666  1.44833  
1.12605  1.3699  3.06148  4.65289  3.06139  4.65289  1.76178  0.456114  
1.11239  1.40722  3.06148  4.65289  3.06139  4.65289  1.2024  1.15519  
0.781478  1.72523  3.06148  4.65289  3.06139  4.65289  1.88249  0.186295  
1.20772  1.14103  3.06148  4.65289  3.06139  4.65289  0.376398  2.51605  
1.95486  0.0994216  3.06148  4.65289  3.06139  4.65289  0.260018  3.02318  
0.322262  2.68937  3.06148  4.65289  3.06139  4.65289  1.72431  0.552079  
0.363206  2.54455  3.06148  4.65289  3.06139  4.65289  1.42076  0.870177  
1.78203  0.404302  3.06148  4.65289  3.06139  4.65289  1.79935  0.361109  
0.379834  2.50999  3.06148  4.65289  3.06139  4.65289  1.11017  1.41316  
0.865197  1.67042  3.06148  4.65289  3.06139  4.65289  1.15007  1.30209  
1.32521  0.916401  3.06148  4.65289  3.06139  4.65289  0.690496  1.94657  
0.587688  2.29996  3.06148  4.65289  3.06139  4.65289  0.514388  2.44718  
0.716774  1.86512  3.06148  4.65289  3.06139  4.65289  1.86727  0.212951  
1.82232  0.306486  3.06148  4.65289  3.06139  4.65289  2.06148  0.0694747  
1.37814  0.879076  3.06126  4.66759  3.06137  4.66759  1.23024  1.084  
1.53379  0.856446  3.06126  4.66759  3.06137  4.66759  0.769187  1.74447  
0.652359  2.07988  3.06126  4.66759  3.06137  4.66759  0.291525  2.84673  
0.428601  2.47075  3.06126  4.66759  3.06137  4.66759  1.35293  0.892395  
1.91456  0.13959  3.06126  4.66759  3.06137  4.66759  1.05215  1.54905  
1.0843  1.47887  3.06126  4.66759  3.06137  4.66759  0.101991  3.55187  
0.968535  1.65422  3.06126  4.66759  3.06137  4.66759  1.89525  0.166151  
1.89713  0.16335  3.06126  4.66759  3.06137  4.66759  0.303645  2.78107  
0.731889  1.82411  3.06126  4.66759  3.06137  4.66759  1.2446  1.05054  
1.60762  0.790007  3.06126  4.66759  3.06137  4.66759  0.32902  2.65968  
0.347273  2.5907  3.06126  4.66759  3.06137  4.66759  1.13712  1.3389  
1.62579  0.762833  3.06126  4.66759  3.06137  4.66759  0.968235  1.6544  
1.88081  0.189099  3.06126  4.66759  3.06137  4.66759  1.53637  0.855227  
1.23755  1.06666  3.06126  4.66759  3.06137  4.66759  1.73652  0.521089  
2.01098  0.0736395  3.06126  4.66759  3.06137  4.66759  1.29192  0.960053  
1.28631  0.969065  3.06126  4.66759  3.06137  4.66759  0.120826  3.36562  
0.263905  3.00193  3.06126  4.66759  3.06137  4.66759  1.64745  0.724922  
0.120775  3.36596  3.06126  4.66759  3.06137  4.66759  1.93217  0.11954  
0.333822  2.63991  3.06126  4.66759  3.06137  4.66759  0.831579  1.67929  
0.613945  2.21613  3.06126  4.66759  3.06137  4.66759  0.554002  2.38589  
0.600517  2.26046  3.06126  4.66759  3.06137  4.66759  0.210272  3.22969  
1.09874  1.44304  3.06126  4.66759  3.06137  4.66759  0.724726  1.84295  
1.86536  0.216487  3.06126  4.66759  3.06137  4.66759  1.7085  0.591291  
0.639755  2.12535  3.06126  4.66759  3.06137  4.66759  1.12391  1.37584  
1.58739  0.81513  3.06126  4.66759  3.06137  4.66759  0.110689  3.44976  
0.996141  1.63227  3.06126  4.66759  3.06137  4.66759  0.342878  2.60575  
1.83622  0.275447  3.06126  4.66759  3.06137  4.66759  1.77753  0.415723  
0.763682  1.75422  3.06126  4.66759  3.06137  4.66759  1.01687  1.60765  
1.06931  1.51341  3.06126  4.66759  3.06137  4.66759  0.152431  3.27212  
0.747187  1.7876  3.06126  4.66759  3.06137  4.66759  0.584799  2.3084  
1.34916  0.895045  3.06126  4.66759  3.06137  4.66759  0.738575  1.80751  
0.399217  2.48518  3.06126  4.66759  3.06137  4.66759  0.711399  1.88081  
1.97948  0.0843272  3.06126  4.66759  3.06137  4.66759  1.83332  0.281788  
0.555265  2.38321  3.06126  4.66759  3.06137  4.66759  1.66365  0.692964  
0.225622  3.18318  3.06126  4.66759  3.06137  4.66759  1.25953  1.01855  
0.252062  3.06526  3.06126  4.66759  3.06137  4.66759  1.67915  0.659798  
1.19445  1.17675  3.06126  4.66759  3.06137  4.66759  0.624483  2.17972  
0.133454  3.30443  3.06126  4.66759  3.06137  4.66759  0.316031  2.71856  
1.67349  0.672186  3.06126  4.66759  3.06137  4.66759  0.0942028  3.66759  
1.79528  0.371127  3.06126  4.66759  3.06137  4.66759  1.61159  0.784435  
0.703784  1.90393  3.06126  4.66759  3.06137  4.66759  0.27959  2.91383  
0.690556  1.94637  3.06126  4.66759  3.06137  4.66759  0.570121  2.34833  
0.297956  2.81144  3.06126  4.66759  3.06137  4.66759  0.396814  2.48747  
0.802875  1.69965  3.06126  4.66759  3.06137  4.66759  0.661427  2.04728  
0.536668  2.41823  3.06126  4.66759  3.06137  4.66759  0.806897  1.69589  
0.152186  3.27226  3.06126  4.66759  3.06137  4.66759  0.227823  3.17503  
1.15364  1.29189  3.06126  4.66759  3.06137  4.66759  0.133553  3.3041  
0.275231  2.93851  3.06126  4.66759  3.06137  4.66759  0.786746  1.71802  
1.0535  1.54642  3.06126  4.66759  3.06137  4.66759  0.649215  2.09123  
1.76882  0.437995  3.06126  4.66759  3.06137  4.66759  1.17632  1.22725  
1.18077  1.21471  3.06126  4.66759  3.06137  4.66759  0.69855  1.9204  
2.06137  0.0694752  3.06126  4.66759  3.06137  4.66759  1.80502  0.347294  
0.57152  2.34475  3.06126  4.66759  3.06137  4.66759  1.56702  0.834991  
1.75567  0.471858  3.06126  4.66759  3.06137  4.66759  0.26756  2.98166  
1.65842  0.703606  3.06126  4.66759  3.06137  4.66759  1.59097  0.811082  
1.01777  1.60641  3.06126  4.66759  3.06137  4.66759  1.9536  0.100376  
1.93352  0.118171  3.06126  4.66759  3.06137  4.66759  0.673677  2.0039  
1.25288  1.03244  3.06126  4.66759  3.06137  4.66759  0.358106  2.55789  
0.513314  2.44823  3.06126  4.66759  3.06137  4.66759  0.866887  1.67026  
0.664951  2.0347  3.06126  4.66759  3.06137  4.66759  0.63697  2.13536  
1.85054  0.245352  3.06126  4.66759  3.06137  4.66759  1.27522  0.988269  
1.72919  0.539743  3.06126  4.66759  3.06137  4.66759  1.16327  1.26436  
1.70204  0.60689  3.06126  4.66759  3.06137  4.66759  1.38104  0.877992  
1.22276  1.10238  3.06126  4.66759  3.06137  4.66759  1.84791  0.250712  
0.627008  2.17083  3.06126  4.66759  3.06137  4.66759  1.32997  0.911517  
1.80868  0.338495  3.06126  4.66759  3.06137  4.66759  0.753305  1.77449  
1.64262  0.733877  3.06126  4.66759  3.06137  4.66759  1.03538  1.57949  
1.14017  1.33028  3.06126  4.66759  3.06137  4.66759  1.9786  0.084753  
1.56396  0.837521  3.06126  4.66759  3.06137  4.66759  1.81903  0.314089  
1.71575  0.573462  3.06126  4.66759  3.06137  4.66759  1.63018  0.755613  
1.74247  0.505833  3.06126  4.66759  3.06137  4.66759  0.598583  2.26661  
1.688  0.639835  3.06126  4.66759  3.06137  4.66759  1.08257  1.48301  
0.0942028  3.66759  3.06126  4.66759  3.06137  4.66759  1.21635  1.11861  
0.208698  3.2334  3.06126  4.66759  3.06137  4.66759  0.535559  2.42  
1.26905  0.999755  3.06126  4.66759  3.06137  4.66759  1.76391  0.450623  
1.03651  1.57758  3.06126  4.66759  3.06137  4.66759  1.69407  0.625787  
0.110669  3.44997  3.06126  4.66759  3.06137  4.66759  0.611733  2.22361  
0.309458  2.75105  3.06126  4.66759  3.06137  4.66759  0.995482  1.63294  
1.16716  1.25326  3.06126  4.66759  3.06137  4.66759  1.18947  1.19044  
0.286583  2.87434  3.06126  4.66759  3.06137  4.66759  0.242183  3.11395  
0.239508  3.12629  3.06126  4.66759  3.06137  4.66759  0.427151  2.47101  
0.101991  3.55187  3.06126  4.66759  3.06137  4.66759  1.06778  1.51675  
0.828584  1.68076  3.06126  4.66759  3.06137  4.66759  1.91291  0.141678  
0.677652  1.99007  3.06126  4.66759  3.06137  4.66759  2.0104  0.0737628  
1.30491  0.941022  3.06126  4.66759  3.06137  4.66759  1.30997  0.934309  
1.41923  0.87029  3.06126  4.66759  3.06137  4.66759  1.09675  1.44811  
1.12656  1.36849  3.06126  4.66759  3.06137  4.66759  1.75027  0.485775  
1.11282  1.40605  3.06126  4.66759  3.06137  4.66759  1.20278  1.15417  
0.7819  1.72463  3.06126  4.66759  3.06137  4.66759  1.87871  0.192658  
1.20847  1.13905  3.06126  4.66759  3.06137  4.66759  0.375505  2.51772  
1.95472  0.0995279  3.06126  4.66759  3.06137  4.66759  0.255204  3.0489  
0.321327  2.69365  3.06126  4.66759  3.06137  4.66759  1.72263  0.5563  
0.361981  2.54763  3.06126  4.66759  3.06137  4.66759  1.42115  0.870151  
1.78201  0.40437  3.06126  4.66759  3.06137  4.66759  1.7912  0.381257  
0.378778  2.5118  3.06126  4.66759  3.06137  4.66759  1.11048  1.41232  
0.865253  1.67042  3.06126  4.66759  3.06137  4.66759  1.15022  1.30167  
1.32554  0.916053  3.06126  4.66759  3.06137  4.66759  0.68601  1.96154  
0.586458  2.30357  3.06126  4.66759  3.06137  4.66759  0.512291  2.4492  
0.717503  1.86304  3.06126  4.66759  3.06137  4.66759  1.86302  0.220885  
1.82229  0.306553  3.06126  4.66759  3.06137  4.66759  2.06126  0.0694756  
1.37818  0.879058  3.06119  4.67818  3.06137  4.67818  1.23032  1.08382  
1.53373  0.856472  3.06119  4.67818  3.06137  4.67818  0.768568  1.74553  
0.652307  2.08007  3.06119  4.67818  3.06137  4.67818  0.291239  2.84831  
0.428573  2.47075  3.06119  4.67818  3.06137  4.67818  1.3529  0.892414  
1.91452  0.13964  3.06119  4.67818  3.06137  4.67818  1.05213  1.54911  
1.08447  1.47847  3.06119  4.67818  3.06137  4.67818  0.101488  3.55866  
0.968535  1.65422  3.06119  4.67818  3.06137  4.67818  1.89421  0.167714  
1.89711  0.163392  3.06119  4.67818  3.06137  4.67818  0.303308  2.78285  
0.732037  1.82373  3.06119  4.67818  3.06137  4.67818  1.24467  1.0504  
1.60737  0.790353  3.06119  4.67818  3.06137  4.67818  0.328722  2.66095  
0.347145  2.59112  3.06119  4.67818  3.06137  4.67818  1.13714  1.33884  
1.62556  0.763205  3.06119  4.67818  3.06137  4.67818  0.968189  1.65442  
1.8808  0.189124  3.06119  4.67818  3.06137  4.67818  1.53573  0.855536  
1.23787  1.06593  3.06119  4.67818  3.06137  4.67818  1.7351  0.524706  
2.01098  0.0736395  3.06119  4.67818  3.06137  4.67818  1.29196  0.959983  
1.28653  0.968696  3.06119  4.67818  3.06137  4.67818  0.12049  3.36786  
0.263784  3.0026  3.06119  4.67818  3.06137  4.67818  1.64616  0.727351  
0.120447  3.36815  3.06119  4.67818  3.06137  4.67818  1.93127  0.120473  
0.33376  2.64015  3.06119  4.67818  3.06137  4.67818  0.831241  1.67945  
0.613824  2.21654  3.06119  4.67818  3.06137  4.67818  0.553405  2.38715  
0.600394  2.26085  3.06119  4.67818  3.06137  4.67818  0.210052  3.23022  
1.09896  1.44247  3.06119  4.67818  3.06137  4.67818  0.723892  1.84522  
1.86533  0.216546  3.06119  4.67818  3.06137  4.67818  1.70705  0.594803  
0.639639  2.12577  3.06119  4.67818  3.06137  4.67818  1.12392  1.3758  
1.58722  0.815323  3.06119  4.67818  3.06137  4.67818  0.110277  3.45394  
0.996135  1.63228  3.06119  4.67818  3.06137  4.67818  0.342601  2.60674  
1.8362  0.275491  3.06119  4.67818  3.06137  4.67818  1.77613  0.419289  
0.763828  1.75395  3.06119  4.67818  3.06137  4.67818  1.01679  1.60774  
1.06941  1.51318  3.06119  4.67818  3.06137  4.67818  0.15226  3.27222  
0.747297  1.78736  3.06119  4.67818  3.06137  4.67818  0.584041  2.31058  
1.34923  0.894995  3.06119  4.67818  3.06137  4.67818  0.737855  1.80925  
0.399191  2.48521  3.06119  4.67818  3.06137  4.67818  0.710569  1.88328  
1.97948  0.0843272  3.06119  4.67818  3.06137  4.67818  1.83196  0.284776  
0.555234  2.38327  3.06119  4.67818  3.06137  4.67818  1.66233  0.695681  
0.2256  3.18326  3.06119  4.67818  3.06137  4.67818  1.2596  1.01841  
0.252002  3.06557  3.06119  4.67818  3.06137  4.67818  1.67775  0.662881  
1.19481  1.17576  3.06119  4.67818  3.06137  4.67818  0.623688  2.1825  
0.133223  3.30519  3.06119  4.67818  3.06137  4.67818  0.315713  2.72009  
1.67324  0.672722  3.06119  4.67818  3.06137  4.67818  0.0935546  3.67818  
1.79521  0.371305  3.06119  4.67818  3.06137  4.67818  1.6105  0.785995  
0.70391  1.90354  3.06119  4.67818  3.06137  4.67818  0.279298  2.91548  
0.690602  1.94622  3.06119  4.67818  3.06137  4.67818  0.569389  2.35019  
0.297813  2.81222  3.06119  4.67818  3.06137  4.67818  0.396648  2.48763  
0.803046  1.69948  3.06119  4.67818  3.06137  4.67818  0.660574  2.05034  
0.536668  2.41823  3.06119  4.67818  3.06137  4.67818  0.806424  1.69632  
0.152078  3.27232  3.06119  4.67818  3.06137  4.67818  0.227536  3.17611  
1.15408  1.29064  3.06119  4.67818  3.06137  4.67818  0.133302  3.30493  
0.275204  2.93866  3.06119  4.67818  3.06137  4.67818  0.786202  1.71873  
1.05356  1.5463  3.06119  4.67818  3.06137  4.67818  0.64841  2.09414  
1.76871  0.438281  3.06119  4.67818  3.06137  4.67818  1.17636  1.22712  
1.18113  1.2137  3.06119  4.67818  3.06137  4.67818  0.69769  1.92315  
2.06137  0.0694752  3.06119  4.67818  3.06137  4.67818  1.80367  0.350567  
0.571491  2.34482  3.06119  4.67818  3.06137  4.67818  1.56622  0.835665  
1.75553  0.472211  3.06119  4.67818  3.06137  4.67818  0.26729  2.98317  
1.65816  0.704117  3.06119  4.67818  3.06137  4.67818  1.58999  0.812217  
1.01777  1.60641  3.06119  4.67818  3.06137  4.67818  1.95285  0.100951  
1.93349  0.118197  3.06119  4.67818  3.06137  4.67818  0.672804  2.00695  
1.25329  1.03157  3.06119  4.67818  3.06137  4.67818  0.357864  2.55856  
0.513263  2.44828  3.06119  4.67818  3.06137  4.67818  0.866696  1.67028  
0.664951  2.0347  3.06119  4.67818  3.06137  4.67818  0.636123  2.13839  
1.85052  0.245399  3.06119  4.67818  3.06137  4.67818  1.27528  0.98817  
1.729  0.540216  3.06119  4.67818  3.06137  4.67818  1.16328  1.26432  
1.70177  0.607536  3.06119  4.67818  3.06137  4.67818  1.381  0.878006  
1.2231  1.10154  3.06119  4.67818  3.06137  4.67818  1.8466  0.253415  
0.626854  2.17138  3.06119  4.67818  3.06137  4.67818  1.32998  0.911509  
1.80865  0.338555  3.06119  4.67818  3.06137  4.67818  0.752629  1.77589  
1.64237  0.734333  3.06119  4.67818  3.06137  4.67818  1.03532  1.57958  
1.14055  1.3292  3.06119  4.67818  3.06137  4.67818  1.97802  0.0850412  
1.56386  0.837602  3.06119  4.67818  3.06137  4.67818  1.81767  0.317239  
1.71551  0.57404  3.06119  4.67818  3.06137  4.67818  1.62904  0.757522  
1.74231  0.506239  3.06119  4.67818  3.06137  4.67818  0.597818  2.26903  
1.68771  0.640499  3.06119  4.67818  3.06137  4.67818  1.08255  1.48305  
0.0935546  3.67818  3.06119  4.67818  3.06137  4.67818  1.21642  1.11842  
0.20864  3.23353  3.06119  4.67818  3.06137  4.67818  0.535062  2.42078  
1.26947  0.998956  3.06119  4.67818  3.06137  4.67818  1.7625  0.454242  
1.03651  1.57758  3.06119  4.67818  3.06137  4.67818  1.69261  0.6292  
0.110246  3.45427  3.06119  4.67818  3.06137  4.67818  0.610967  2.22618  
0.309352  2.75159  3.06119  4.67818  3.06137  4.67818  0.995421  1.633  
1.16758  1.25207  3.06119  4.67818  3.06137  4.67818  1.18953  1.19028  
0.286492  2.87485  3.06119  4.67818  3.06137  4.67818  0.241926  3.11516  
0.239484  3.1264  3.06119  4.67818  3.06137  4.67818  0.426999  2.47104  
0.101475  3.55884  3.06119  4.67818  3.06137  4.67818  1.06775  1.51681  
0.828676  1.68072  3.06119  4.67818  3.06137  4.67818  1.91196  0.14289  
0.677678  1.98998  3.06119  4.67818  3.06137  4.67818  2.01002  0.0738462  
1.30506  0.940819  3.06119  4.67818  3.06137  4.67818  1.31001  0.934258  
1.41928  0.870286  3.06119  4.67818  3.06137  4.67818  1.09674  1.44813  
1.12691  1.36752  3.06119  4.67818  3.06137  4.67818  1.74885  0.489441  
1.11309  1.40533  3.06119  4.67818  3.06137  4.67818  1.20286  1.15395  
0.782059  1.7244  3.06119  4.67818  3.06137  4.67818  1.87757  0.194614  
1.20878  1.13825  3.06119  4.67818  3.06137  4.67818  0.375307  2.51809  
1.9547  0.0995381  3.06119  4.67818  3.06137  4.67818  0.254947  3.05025  
0.321243  2.69403  3.06119  4.67818  3.06137  4.67818  1.72118  0.559933  
0.361788  2.54812  3.06119  4.67818  3.06137  4.67818  1.42106  0.870157  
1.78194  0.404538  3.06119  4.67818  3.06137  4.67818  1.78985  0.384638  
0.378683  2.51196  3.06119  4.67818  3.06137  4.67818  1.11048  1.41231  
0.865298  1.67041  3.06119  4.67818  3.06137  4.67818  1.15024  1.3016  
1.32562  0.915967  3.06119  4.67818  3.06137  4.67818  0.685166  1.96438  
0.586404  2.30373  3.06119  4.67818  3.06137  4.67818  0.511836  2.44962  
0.717664  1.86258  3.06119  4.67818  3.06137  4.67818  1.86177  0.223264  
1.82227  0.30661  3.06119  4.67818  3.06137  4.67818  2.06119  0.069476  
1.37835  0.878993  3.06116  4.67818  3.06137  4.67818  1.23036  1.08372  
1.53369  0.856494  3.06116  4.67818  3.06137  4.67818  0.76831  1.74598  
0.652297  2.08011  3.06116  4.67818  3.06137  4.67818  0.291117  2.84899  
0.428546  2.47076  3.06116  4.67818  3.06137  4.67818  1.3529  0.892414  
1.91452  0.13964  3.06116  4.67818  3.06137  4.67818  1.05212  1.54913  
1.08462  1.47811  3.06116  4.67818  3.06137  4.67818  0.101488  3.55866  
0.968535  1.65422  3.06116  4.67818  3.06137  4.67818  1.89384  0.16828  
1.89709  0.163413  3.06116  4.67818  3.06137  4.67818  0.30319  2.78346  
0.732127  1.8235  3.06116  4.67818  3.06137  4.67818  1.2447  1.05032  
1.60725  0.790514  3.06116  4.67818  3.06137  4.67818  0.328577  2.66156  
0.347013  2.59156  3.06116  4.67818  3.06137  4.67818  1.13717  1.33876  
1.62533  0.763564  3.06116  4.67818  3.06137  4.67818  0.96817  1.65444  
1.88078  0.189147  3.06116  4.67818  3.06137  4.67818  1.5355  0.855647  
1.23824  1.06506  3.06116  4.67818  3.06137  4.67818  1.73451  0.52622  
2.01098  0.0736395  3.06116  4.67818  3.06137  4.67818  1.292  0.959931  
1.28689  0.968111  3.06116  4.67818  3.06137  4.67818  0.120484  3.3679  
0.263718  3.00296  3.06116  4.67818  3.06137  4.67818  1.64569  0.728226  
0.120436  3.36822  3.06116  4.67818  3.06137  4.67818  1.931  0.120755  
0.333564  2.64094  3.06116  4.67818  3.06137  4.67818  0.831125  1.6795  
0.613811  2.21658  3.06116  4.67818  3.06137  4.67818  0.553144  2.3877  
0.600371  2.26093  3.06116  4.67818  3.06137  4.67818  0.210021  3.23029  
1.09915  1.44199  3.06116  4.67818  3.06137  4.67818  0.723539  1.84618  
1.86531  0.216578  3.06116  4.67818  3.06137  4.67818  1.70649  0.596169  
0.639639  2.12577  3.06116  4.67818  3.06137  4.67818  1.12394  1.37576  
1.58716  0.815385  3.06116  4.67818  3.06137  4.67818  0.11027  3.45402  
0.996144  1.63227  3.06116  4.67818  3.06137  4.67818  0.342478  2.60718  
1.83614  0.275607  3.06116  4.67818  3.06137  4.67818  1.77554  0.420798  
0.763879  1.75385  3.06116  4.67818  3.06137  4.67818  1.01679  1.60775  
1.06954  1.5129  3.06116  4.67818  3.06137  4.67818  0.152245  3.27222  
0.747401  1.78713  3.06116  4.67818  3.06137  4.67818  0.583711  2.31153  
1.34947  0.894821  3.06116  4.67818  3.06137  4.67818  0.737493  1.81013  
0.399086  2.4853  3.06116  4.67818  3.06137  4.67818  0.710167  1.88448  
1.97948  0.0843272  3.06116  4.67818  3.06137  4.67818  1.83145  0.285904  
0.55521  2.38332  3.06116  4.67818  3.06137  4.67818  1.66185  0.69665  
0.225572  3.18336  3.06116  4.67818  3.06137  4.67818  1.25963  1.01835  
0.251916  3.06602  3.06116  4.67818  3.06137  4.67818  1.67726  0.663957  
1.19516  1.17478  3.06116  4.67818  3.06137  4.67818  0.623204  2.1842  
0.133203  3.30526  3.06116  4.67818  3.06137  4.67818  0.315601  2.72063  
1.67302  0.673201  3.06116  4.67818  3.06137  4.67818  0.0935546  3.67818  
1.79511  0.371548  3.06116  4.67818  3.06137  4.67818  1.61012  0.786535  
0.703959  1.90339  3.06116  4.67818  3.06137  4.67818  0.27918  2.91615  
0.69066  1.94603  3.06116  4.67818  3.06137  4.67818  0.569106  2.3509  
0.297724  2.8127  3.06116  4.67818  3.06137  4.67818  0.396512  2.48777  
0.803046  1.69948  3.06116  4.67818  3.06137  4.67818  0.66008  2.05211  
0.536635  2.41828  3.06116  4.67818  3.06137  4.67818  0.806263  1.69646  
0.152064  3.27233  3.06116  4.67818  3.06137  4.67818  0.227495  3.17627  
1.15426  1.2901  3.06116  4.67818  3.06137  4.67818  0.133297  3.30495  
0.275122  2.93912  3.06116  4.67818  3.06137  4.67818  0.785981  1.71903  
1.05365  1.54613  3.06116  4.67818  3.06137  4.67818  0.647921  2.09591  
1.76858  0.438607  3.06116  4.67818  3.06137  4.67818  1.1764  1.22702  
1.18145  1.2128  3.06116  4.67818  3.06137  4.67818  0.697213  1.92468  
2.06137  0.0694752  3.06116  4.67818  3.06137  4.67818  1.8031  0.351947  
0.571455  2.34492  3.06116  4.67818  3.06137  4.67818  1.5659  0.835931  
1.75539  0.47257  3.06116  4.67818  3.06137  4.67818  0.267173  2.98382  
1.65795  0.70455  3.06116  4.67818  3.06137  4.67818  1.58961  0.812642  
1.01781  1.60635  3.06116  4.67818  3.06137  4.67818  1.95261  0.101137  
1.93348  0.118204  3.06116  4.67818  3.06137  4.67818  0.672317  2.00866  
1.2536  1.03091  3.06116  4.67818  3.06137  4.67818  0.357739  2.5589  
0.513263  2.44828  3.06116  4.67818  3.06137  4.67818  0.866641  1.67029  
0.664951  2.0347  3.06116  4.67818  3.06137  4.67818  0.635642  2.14012  
1.85049  0.245445  3.06116  4.67818  3.06137  4.67818  1.27531  0.988109  
1.72886  0.540574  3.06116  4.67818  3.06137  4.67818  1.16333  1.2642  
1.70161  0.607924  3.06116  4.67818  3.06137  4.67818  1.38099  0.878009  
1.22348  1.10059  3.06116  4.67818  3.06137  4.67818  1.84614  0.254383  
0.626846  2.1714  3.06116  4.67818  3.06137  4.67818  1.32999  0.9115  
1.80854  0.338823  3.06116  4.67818  3.06137  4.67818  0.752288  1.77661  
1.64212  0.734786  3.06116  4.67818  3.06137  4.67818  1.03532  1.57958  
1.14074  1.32865  3.06116  4.67818  3.06137  4.67818  1.97783  0.0851344  
1.56375  0.837684  3.06116  4.67818  3.06137  4.67818  1.81714  0.318483  
1.71536  0.574417  3.06116  4.67818  3.06137  4.67818  1.62859  0.758261  
1.74217  0.506618  3.06116  4.67818  3.06137  4.67818  0.597391  2.27037  
1.68752  0.640936  3.06116  4.67818  3.06137  4.67818  1.08254  1.48307  
0.0935546  3.67818  3.06116  4.67818  3.06137  4.67818  1.21645  1.11834  
0.208622  3.23357  3.06116  4.67818  3.06137  4.67818  0.534817  2.42117  
1.26972  0.998481  3.06116  4.67818  3.06137  4.67818  1.7619  0.455789  
1.03659  1.57744  3.06116  4.67818  3.06137  4.67818  1.69208  0.630433  
0.110246  3.45427  3.06116  4.67818  3.06137  4.67818  0.610502  2.22774  
0.309224  2.75224  3.06116  4.67818  3.06137  4.67818  0.995415  1.63301  
1.16779  1.25146  3.06116  4.67818  3.06137  4.67818  1.18955  1.19021  
0.286411  2.8753  3.06116  4.67818  3.06137  4.67818  0.241842  3.11555  
0.239428  3.12665  3.06116  4.67818  3.06137  4.67818  0.42689  2.47106  
0.101475  3.55884  3.06116  4.67818  3.06137  4.67818  1.06775  1.51681  
0.82871  1.6807  3.06116  4.67818  3.06137  4.67818  1.91162  0.143328  
0.677699  1.98991  3.06116  4.67818  3.06137  4.67818  2.00989  0.0738731  
1.30544  0.940306  3.06116  4.67818  3.06137  4.67818  1.31003  0.934233  
1.41937  0.870279  3.06116  4.67818  3.06137  4.67818  1.09673  1.44814  
1.12708  1.36706  3.06116  4.67818  3.06137  4.67818  1.74825  0.490969  
1.11326  1.40488  3.06116  4.67818  3.06137  4.67818  1.20287  1.15392  
0.782112  1.72433  3.06116  4.67818  3.06137  4.67818  1.87717  0.195292  
1.20915  1.13727  3.06116  4.67818  3.06137  4.67818  0.375172  2.51835  
1.95469  0.099544  3.06116  4.67818  3.06137  4.67818  0.254854  3.05074  
0.321091  2.69473  3.06116  4.67818  3.06137  4.67818  1.72063  0.561303  
0.361608  2.54859  3.06116  4.67818  3.06137  4.67818  1.42103  0.870159  
1.78181  0.404877  3.06116  4.67818  3.06137  4.67818  1.78926  0.386122  
0.378532  2.51223  3.06116  4.67818  3.06137  4.67818  1.1105  1.41228  
0.865339  1.67041  3.06116  4.67818  3.06137  4.67818  1.15028  1.3015  
1.32591  0.915668  3.06116  4.67818  3.06137  4.67818  0.684681  1.96602  
0.586343  2.30391  3.06116  4.67818  3.06137  4.67818  0.511679  2.44977  
0.717731  1.86239  3.06116  4.67818  3.06137  4.67818  1.86133  0.2241  
1.82219  0.306787  3.06116  4.67818  3.06137  4.67818  2.06116  0.0694761  
1.37845  0.878955  3.06115  4.68312  3.06137  4.68312  1.2304  1.08362  
1.5336  0.856532  3.06115  4.68312  3.06137  4.68312  0.768061  1.74641  
0.652297  2.08011  3.06115  4.68312  3.06137  4.68312  0.291066  2.84928  
0.428476  2.47077  3.06115  4.68312  3.06137  4.68312  1.3529  0.892414  
1.91451  0.139651  3.06115  4.68312  3.06137  4.68312  1.05212  1.54913  
1.08474  1.47782  3.06115  4.68312  3.06137  4.68312  0.101232  3.56216  
0.968567  1.6542  3.06115  4.68312  3.06137  4.68312  1.89365  0.168572  
1.89709  0.163413  3.06115  4.68312  3.06137  4.68312  0.303144  2.78371  
0.732166  1.8234  3.06115  4.68312  3.06137  4.68312  1.24474  1.05023  
1.60713  0.790687  3.06115  4.68312  3.06137  4.68312  0.328558  2.66165  
0.346824  2.59219  3.06115  4.68312  3.06137  4.68312  1.13717  1.33875  
1.62527  0.763659  3.06115  4.68312  3.06137  4.68312  0.968147  1.65445  
1.88076  0.189183  3.06115  4.68312  3.06137  4.68312  1.53538  0.855704  
1.23836  1.06478  3.06115  4.68312  3.06137  4.68312  1.73419  0.527042  
2.01093  0.0736496  3.06115  4.68312  3.06137  4.68312  1.29202  0.959896  
1.28706  0.967839  3.06115  4.68312  3.06137  4.68312  0.120315  3.36904  
0.263693  3.0031  3.06115  4.68312  3.06137  4.68312  1.64542  0.728721  
0.12026  3.36941  3.06115  4.68312  3.06137  4.68312  1.93082  0.120943  
0.333415  2.64154  3.06115  4.68312  3.06137  4.68312  0.830981  1.67957  
0.613775  2.21671  3.06115  4.68312  3.06137  4.68312  0.552874  2.38826  
0.600363  2.26095  3.06115  4.68312  3.06137  4.68312  0.209961  3.23044  
1.09927  1.44167  3.06115  4.68312  3.06137  4.68312  0.723238  1.84701  
1.86529  0.216623  3.06115  4.68312  3.06137  4.68312  1.70618  0.596924  
0.639609  2.12587  3.06115  4.68312  3.06137  4.68312  1.12394  1.37574  
1.58701  0.815555  3.06115  4.68312  3.06137  4.68312  0.110063  3.45615  
0.996173  1.63224  3.06115  4.68312  3.06137  4.68312  0.342449  2.60728  
1.83614  0.275607  3.06115  4.68312  3.06137  4.68312  1.77526  0.421523  
0.763963  1.7537  3.06115  4.68312  3.06137  4.68312  1.01679  1.60775  
1.06963  1.5127  3.06115  4.68312  3.06137  4.68312  0.152172  3.27226  
0.747443  1.78704  3.06115  4.68312  3.06137  4.68312  0.583407  2.3124  
1.34967  0.894677  3.06115  4.68312  3.06137  4.68312  0.737231  1.81077  
0.399009  2.48537  3.06115  4.68312  3.06137  4.68312  0.709823  1.88551  
1.97946  0.0843381  3.06115  4.68312  3.06137  4.68312  1.83124  0.286381  
0.555168  2.38341  3.06115  4.68312  3.06137  4.68312  1.66152  0.697328  
0.22552  3.18355  3.06115  4.68312  3.06137  4.68312  1.25967  1.01827  
0.251898  3.06611  3.06115  4.68312  3.06137  4.68312  1.67692  0.664697  
1.19528  1.17447  3.06115  4.68312  3.06137  4.68312  0.62285  2.18543  
0.133073  3.30569  3.06115  4.68312  3.06137  4.68312  0.315558  2.72084  
1.67295  0.673338  3.06115  4.68312  3.06137  4.68312  0.0932555  3.68312  
1.79506  0.371675  3.06115  4.68312  3.06137  4.68312  1.60987  0.786886  
0.703972  1.90335  3.06115  4.68312  3.06137  4.68312  0.279136  2.9164  
0.69066  1.94603  3.06115  4.68312  3.06137  4.68312  0.568826  2.3516  
0.297591  2.81343  3.06115  4.68312  3.06137  4.68312  0.396458  2.48782  
0.803121  1.69941  3.06115  4.68312  3.06137  4.68312  0.659691  2.0535  
0.536635  2.41828  3.06115  4.68312  3.06137  4.68312  0.806078  1.69663  
0.151986  3.27237  3.06115  4.68312  3.06137  4.68312  0.227428  3.17652  
1.15436  1.28983  3.06115  4.68312  3.06137  4.68312  0.133159  3.30541  
0.275081  2.93936  3.06115  4.68312  3.06137  4.68312  0.785766  1.71931  
1.05371  1.546  3.06115  4.68312  3.06137  4.68312  0.647505  2.09741  
1.7685  0.438826  3.06115  4.68312  3.06137  4.68312  1.17642  1.22696  
1.1815  1.21267  3.06115  4.68312  3.06137  4.68312  0.696905  1.92567  
2.06137  0.0694752  3.06115  4.68312  3.06137  4.68312  1.80283  0.35261  
0.571411  2.34503  3.06115  4.68312  3.06137  4.68312  1.56573  0.836068  
1.7553  0.472812  3.06115  4.68312  3.06137  4.68312  0.267135  2.98403  
1.65787  0.704709  3.06115  4.68312  3.06137  4.68312  1.58942  0.812863  
1.01785  1.6063  3.06115  4.68312  3.06137  4.68312  1.95246  0.101253  
1.93348  0.118204  3.06115  4.68312  3.06137  4.68312  0.671964  2.0099  
1.25381  1.03045  3.06115  4.68312  3.06137  4.68312  0.35771  2.55898  
0.513234  2.44831  3.06115  4.68312  3.06137  4.68312  0.866552  1.67029  
0.664951  2.0347  3.06115  4.68312  3.06137  4.68312  0.635253  2.14151  
1.85045  0.245527  3.06115  4.68312  3.06137  4.68312  1.27535  0.988045  
1.72871  0.540962  3.06115  4.68312  3.06137  4.68312  1.16335  1.26414  
1.70154  0.608106  3.06115  4.68312  3.06137  4.68312  1.38098  0.878012  
1.22359  1.10032  3.06115  4.68312  3.06137  4.68312  1.84593  0.254806  
0.626821  2.17149  3.06115  4.68312  3.06137  4.68312  1.32999  0.911496  
1.80851  0.338891  3.06115  4.68312  3.06137  4.68312  0.752057  1.77709  
1.64204  0.734942  3.06115  4.68312  3.06137  4.68312  1.03531  1.5796  
1.14082  1.32844  3.06115  4.68312  3.06137  4.68312  1.97772  0.0851892  
1.56363  0.837783  3.06115  4.68312  3.06137  4.68312  1.81689  0.319071  
1.71522  0.574775  3.06115  4.68312  3.06137  4.68312  1.62833  0.75868  
1.74205  0.506918  3.06115  4.68312  3.06137  4.68312  0.597082  2.27134  
1.68746  0.641068  3.06115  4.68312  3.06137  4.68312  1.08254  1.48308  
0.0932555  3.68312  3.06115  4.68312  3.06137  4.68312  1.21649  1.11824  
0.208578  3.23367  3.06115  4.68312  3.06137  4.68312  0.534623  2.42147  
1.26997  0.99802  3.06115  4.68312  3.06137  4.68312  1.76159  0.456586  
1.03666  1.57733  3.06115  4.68312  3.06137  4.68312  1.69175  0.631189  
0.110035  3.45644  3.06115  4.68312  3.06137  4.68312  0.610183  2.22881  
0.309061  2.75306  3.06115  4.68312  3.06137  4.68312  0.995406  1.63301  
1.16791  1.25112  3.06115  4.68312  3.06137  4.68312  1.18959  1.19011  
0.286322  2.87581  3.06115  4.68312  3.06137  4.68312  0.241801  3.11574  
0.239384  3.12685  3.06115  4.68312  3.06137  4.68312  0.426864  2.47107  
0.101222  3.56229  3.06115  4.68312  3.06137  4.68312  1.06774  1.51685  
0.828773  1.68067  3.06115  4.68312  3.06137  4.68312  1.91144  0.143558  
0.677699  1.98991  3.06115  4.68312  3.06137  4.68312  2.00981  0.0738906  
1.30562  0.940057  3.06115  4.68312  3.06137  4.68312  1.31004  0.934221  
1.41942  0.870275  3.06115  4.68312  3.06137  4.68312  1.09674  1.44813  
1.12719  1.36675  3.06115  4.68312  3.06137  4.68312  1.74793  0.491793  
1.1134  1.4045  3.06115  4.68312  3.06137  4.68312  1.20292  1.1538  
0.782222  1.72417  3.06115  4.68312  3.06137  4.68312  1.87697  0.195638  
1.20928  1.13692  3.06115  4.68312  3.06137  4.68312  0.375135  2.51842  
1.95469  0.099544  3.06115  4.68312  3.06137  4.68312  0.254819  3.05093  
0.320942  2.69541  3.06115  4.68312  3.06137  4.68312  1.72029  0.562148  
0.361603  2.5486  3.06115  4.68312  3.06137  4.68312  1.42103  0.870159  
1.78173  0.40507  3.06115  4.68312  3.06137  4.68312  1.78898  0.386826  
0.378433  2.5124  3.06115  4.68312  3.06137  4.68312  1.1105  1.41228  
0.86535  1.67041  3.06115  4.68312  3.06137  4.68312  1.15029  1.30147  
1.32611  0.915459  3.06115  4.68312  3.06137  4.68312  0.684322  1.96724  
0.586337  2.30393  3.06115  4.68312  3.06137  4.68312  0.511533  2.4499  
0.717731  1.86239  3.06115  4.68312  3.06137  4.68312  1.86113  0.224485  
1.82217  0.30683  3.06115  4.68312  3.06137  4.68312  2.06115  0.0694762  
1.3785  0.878934  3.06112  4.68496  3.06137  4.68496  1.2304  1.08362  
1.53358  0.856543  3.06112  4.68496  3.06137  4.68496  0.767898  1.74669  
0.652274  2.08019  3.06112  4.68496  3.06137  4.68496  0.291039  2.84942  
0.42846  2.47077  3.06112  4.68496  3.06137  4.68496  1.35292  0.892403  
1.9145  0.139669  3.06112  4.68496  3.06137  4.68496  1.0521  1.54916  
1.08484  1.47758  3.06112  4.68496  3.06137  4.68496  0.101136  3.56348  
0.968629  1.65417  3.06112  4.68496  3.06137  4.68496  1.89352  0.168768  
1.89706  0.163454  3.06112  4.68496  3.06137  4.68496  0.303116  2.78386  
0.73222  1.82326  3.06112  4.68496  3.06137  4.68496  1.24474  1.05023  
1.60702  0.790829  3.06112  4.68496  3.06137  4.68496  0.328521  2.6618  
0.346824  2.59219  3.06112  4.68496  3.06137  4.68496  1.13719  1.3387  
1.62513  0.763886  3.06112  4.68496  3.06137  4.68496  0.968147  1.65445  
1.88075  0.189205  3.06112  4.68496  3.06137  4.68496  1.53528  0.855751  
1.23862  1.06418  3.06112  4.68496  3.06137  4.68496  1.73399  0.527536  
2.01093  0.0736496  3.06112  4.68496  3.06137  4.68496  1.29202  0.959896  
1.2873  0.967441  3.06112  4.68496  3.06137  4.68496  0.120245  3.36951  
0.263585  3.0037  3.06112  4.68496  3.06137  4.68496  1.64525  0.729041  
0.120191  3.36988  3.06112  4.68496  3.06137  4.68496  1.93073  0.121035  
0.333415  2.64154  3.06112  4.68496  3.06137  4.68496  0.830914  1.67961  
0.613747  2.2168  3.06112  4.68496  3.06137  4.68496  0.55279  2.38843  
0.600338  2.26103  3.06112  4.68496  3.06137  4.68496  0.209924  3.23053  
1.09939  1.44137  3.06112  4.68496  3.06137  4.68496  0.722977  1.84772  
1.86525  0.216689  3.06112  4.68496  3.06137  4.68496  1.70596  0.597442  
0.63958  2.12598  3.06112  4.68496  3.06137  4.68496  1.12395  1.37572  
1.58695  0.815618  3.06112  4.68496  3.06137  4.68496  0.109985  3.45695  
0.996234  1.63218  3.06112  4.68496  3.06137  4.68496  0.342405  2.60743  
1.83607  0.275767  3.06112  4.68496  3.06137  4.68496  1.77512  0.421882  
0.763991  1.75365  3.06112  4.68496  3.06137  4.68496  1.01679  1.60775  
1.0697  1.51254  3.06112  4.68496  3.06137  4.68496  0.152123  3.27229  
0.747504  1.7869  3.06112  4.68496  3.06137  4.68496  0.583267  2.3128  
1.34974  0.894626  3.06112  4.68496  3.06137  4.68496  0.737  1.81133  
0.398947  2.48543  3.06112  4.68496  3.06137  4.68496  0.709606  1.88616  
1.97946  0.0843381  3.06112  4.68496  3.06137  4.68496  1.83109  0.286707  
0.555144  2.38346  3.06112  4.68496  3.06137  4.68496  1.66136  0.697669  
0.22552  3.18355  3.06112  4.68496  3.06137  4.68496  1.25967  1.01826  
0.251824  3.06649  3.06112  4.68496  3.06137  4.68496  1.67672  0.665148  
1.19544  1.17403  3.06112  4.68496  3.06137  4.68496  0.622697  2.18597  
0.133022  3.30587  3.06112  4.68496  3.06137  4.68496  0.315525  2.721  
1.67282  0.673614  3.06112  4.68496  3.06137  4.68496  0.093144  3.68496  
1.79497  0.371901  3.06112  4.68496  3.06137  4.68496  1.60973  0.787074  
0.703991  1.90329  3.06112  4.68496  3.06137  4.68496  0.279106  2.91657  
0.690691  1.94593  3.06112  4.68496  3.06137  4.68496  0.568686  2.35195  
0.297546  2.81367  3.06112  4.68496  3.06137  4.68496  0.39645  2.48783  
0.803149  1.69938  3.06112  4.68496  3.06137  4.68496  0.659496  2.0542  
0.536583  2.41836  3.06112  4.68496  3.06137  4.68496  0.80598  1.69672  
0.151945  3.2724  3.06112  4.68496  3.06137  4.68496  0.227401  3.17662  
1.1545  1.28942  3.06112  4.68496  3.06137  4.68496  0.133098  3.30561  
0.274982  2.93992  3.06112  4.68496  3.06137  4.68496  0.785617  1.71951  
1.05378  1.54586  3.06112  4.68496  3.06137  4.68496  0.647299  2.09815  
1.76844  0.438984  3.06112  4.68496  3.06137  4.68496  1.17643  1.22692  
1.18165  1.21223  3.06112  4.68496  3.06137  4.68496  0.69669  1.92636  
2.06137  0.0694752  3.06112  4.68496  3.06137  4.68496  1.80272  0.35289  
0.571411  2.34503  3.06112  4.68496  3.06137  4.68496  1.56563  0.836153  
1.75523  0.472973  3.06112  4.68496  3.06137  4.68496  0.267099  2.98423  
1.65775  0.704941  3.06112  4.68496  3.06137  4.68496  1.58931  0.812983  
1.0179  1.60622  3.06112  4.68496  3.06137  4.68496  1.95236  0.101331  
1.93348  0.118204  3.06112  4.68496  3.06137  4.68496  0.671725  2.01074  
1.25401  1.03004  3.06112  4.68496  3.06137  4.68496  0.357664  2.55911  
0.513194  2.44835  3.06112  4.68496  3.06137  4.68496  0.866507  1.6703  
0.66496  2.03467  3.06112  4.68496  3.06137  4.68496  0.635075  2.14215  
1.85041  0.245607  3.06112  4.68496  3.06137  4.68496  1.27535  0.988045  
1.72866  0.541097  3.06112  4.68496  3.06137  4.68496  1.16336  1.2641  
1.7014  0.60843  3.06112  4.68496  3.06137  4.68496  1.38098  0.878012  
1.2238  1.0998  3.06112  4.68496  3.06137  4.68496  1.84577  0.255135  
0.626794  2.17159  3.06112  4.68496  3.06137  4.68496  1.33001  0.911481  
1.80844  0.339078  3.06112  4.68496  3.06137  4.68496  0.751863  1.7775  
1.64194  0.735122  3.06112  4.68496  3.06137  4.68496  1.03531  1.57961  
1.14095  1.32806  3.06112  4.68496  3.06137  4.68496  1.97763  0.0852349  
1.56359  0.837811  3.06112  4.68496  3.06137  4.68496  1.81677  0.319356  
1.71515  0.574946  3.06112  4.68496  3.06137  4.68496  1.62818  0.758938  
1.74197  0.507114  3.06112  4.68496  3.06137  4.68496  0.596961  2.27172  
1.68733  0.641374  3.06112  4.68496  3.06137  4.68496  1.08254  1.48308  
0.093144  3.68496  3.06112  4.68496  3.06137  4.68496  1.2165  1.1182  
0.208578  3.23367  3.06112  4.68496  3.06137  4.68496  0.534541  2.4216  
1.27015  0.997675  3.06112  4.68496  3.06137  4.68496  1.76145  0.456959  
1.03671  1.57724  3.06112  4.68496  3.06137  4.68496  1.69155  0.631659  
0.109944  3.45738  3.06112  4.68496  3.06137  4.68496  0.61004  2.22929  
0.309061  2.75306  3.06112  4.68496  3.06137  4.68496  0.995406  1.63301  
1.16807  1.25067  3.06112  4.68496  3.06137  4.68496  1.1896  1.19008  
0.286255  2.87618  3.06112  4.68496  3.06137  4.68496  0.241776  3.11586  
0.239346  3.12703  3.06112  4.68496  3.06137  4.68496  0.426842  2.47107  
0.10113  3.56355  3.06112  4.68496  3.06137  4.68496  1.06774  1.51685  
0.8288  1.68065  3.06112  4.68496  3.06137  4.68496  1.91134  0.143689  
0.677728  1.98981  3.06112  4.68496  3.06137  4.68496  2.00975  0.0739042  
1.3058  0.939818  3.06112  4.68496  3.06137  4.68496  1.31005  0.934202  
1.41942  0.870275  3.06112  4.68496  3.06137  4.68496  1.09674  1.44813  
1.12731  1.36641  3.06112  4.68496  3.06137  4.68496  1.74776  0.492235  
1.11351  1.40422  3.06112  4.68496  3.06137  4.68496  1.20293  1.15377  
0.782222  1.72417  3.06112  4.68496  3.06137  4.68496  1.87682  0.195908  
1.20949  1.13637  3.06112  4.68496  3.06137  4.68496  0.375102  2.51848  
1.95469  0.099544  3.06112  4.68496  3.06137  4.68496  0.254784  3.05111  
0.320921  2.69551  3.06112  4.68496  3.06137  4.68496  1.72008  0.562674  
0.361526  2.54879  3.06112  4.68496  3.06137  4.68496  1.42099  0.870161  
1.78165  0.405276  3.06112  4.68496  3.06137  4.68496  1.78885  0.387131  
0.378346  2.51255  3.06112  4.68496  3.06137  4.68496  1.11051  1.41226  
0.865384  1.6704  3.06112  4.68496  3.06137  4.68496  1.1503  1.30143  
1.32626  0.915301  3.06112  4.68496  3.06137  4.68496  0.684106  1.96797  
0.586308  2.30401  3.06112  4.68496  3.06137  4.68496  0.511452  2.44998  
0.717769  1.86228  3.06112  4.68496  3.06137  4.68496  1.86098  0.224769  
1.82211  0.306973  3.06112  4.68496  3.06137  4.68496  2.06112  0.0694763  
