2.01915  0.538065  4.69193  5.79467  5.6333  7.57274  1.79769e+308  1.79769e+308  1.79769e+308  2.01915  0.538065  4.69193  
1.01018  2.74328  3.07017  5.79467  5.6333  7.57274  1.79769e+308  1.79769e+308  1.79769e+308  1.01018  2.74328  3.07017  
2.23775  0.285627  2.19748  5.79467  5.6333  7.57274  1.79769e+308  1.79769e+308  1.79769e+308  2.23775  0.285627  2.19748  
1.85549  1.71559  0.633772  5.79467  5.6333  7.57274  1.79769e+308  1.79769e+308  1.79769e+308  1.85549  1.71559  0.633772  
0.0317906  0.440343  5.09168  5.79467  5.6333  7.57274  1.79769e+308  1.79769e+308  1.79769e+308  0.0317906  0.440343  5.09168  
0.1464  0.557854  5.23863  5.79467  5.6333  7.57274  1.79769e+308  1.79769e+308  1.79769e+308  0.1464  0.557854  5.23863  
1.81434  2.39557  2.04452  5.79467  5.6333  7.57274  1.79769e+308  1.79769e+308  1.79769e+308  1.81434  2.39557  2.04452  
0.405002  0.151048  4.28306  5.79467  5.6333  7.57274  1.79769e+308  1.79769e+308  1.79769e+308  0.405002  0.151048  4.28306  
1.21986  0.822825  4.31023  5.79467  5.6333  7.57274  1.79769e+308  1.79769e+308  1.79769e+308  1.21986  0.822825  4.31023  
1.13698  0.24556  2.27882  5.79467  5.6333  7.57274  1.79769e+308  1.79769e+308  1.79769e+308  1.13698  0.24556  2.27882  
2.95007  1.19611  0.517843  5.79467  5.6333  7.57274  1.79769e+308  1.79769e+308  1.79769e+308  2.95007  1.19611  0.517843  
1.15269  2.31692  3.38613  5.79467  5.6333  7.57274  1.79769e+308  1.79769e+308  1.79769e+308  1.15269  2.31692  3.38613  
2.63514  1.42175  0.190017  5.79467  5.6333  7.57274  1.79769e+308  1.79769e+308  1.79769e+308  2.63514  1.42175  0.190017  
3.08428  2.23145  1.36548  5.79467  5.6333  7.57274  1.79769e+308  1.79769e+308  1.79769e+308  3.08428  2.23145  1.36548  
2.39538  0.437326  0.211969  5.79467  5.6333  7.57274  1.79769e+308  1.79769e+308  1.79769e+308  2.39538  0.437326  0.211969  
0.801245  0.0594042  3.52618  5.79467  5.6333  7.57274  1.79769e+308  1.79769e+308  1.79769e+308  0.801245  0.0594042  3.52618  
4.57711  0.0124561  0.679955  5.79467  5.6333  7.57274  1.79769e+308  1.79769e+308  1.79769e+308  4.57711  0.0124561  0.679955  
1.52455  0.188954  2.22011  5.79467  5.6333  7.57274  1.79769e+308  1.79769e+308  1.79769e+308  1.52455  0.188954  2.22011  
0.812336  0.696897  5.67857  5.79467  5.6333  7.57274  1.79769e+308  1.79769e+308  1.79769e+308  0.812336  0.696897  5.67857  
0.416186  0.199555  3.9046  5.79467  5.6333  7.57274  1.79769e+308  1.79769e+308  1.79769e+308  0.416186  0.199555  3.9046  
0.0539373  0.827193  5.97311  5.79467  5.6333  7.57274  1.79769e+308  1.79769e+308  1.79769e+308  0.0539373  0.827193  5.97311  
0.628423  2.40463  2.72686  5.79467  5.6333  7.57274  1.79769e+308  1.79769e+308  1.79769e+308  0.628423  2.40463  2.72686  
0.224382  2.20461  2.96463  5.79467  5.6333  7.57274  1.79769e+308  1.79769e+308  1.79769e+308  0.224382  2.20461  2.96463  
3.44192  0.811841  0.399041  5.79467  5.6333  7.57274  1.79769e+308  1.79769e+308  1.79769e+308  3.44192  0.811841  0.399041  
0.259978  0.275406  4.06195  5.79467  5.6333  7.57274  1.79769e+308  1.79769e+308  1.79769e+308  0.259978  0.275406  4.06195  
0.466986  0.220119  5.0962  5.79467  5.6333  7.57274  1.79769e+308  1.79769e+308  1.79769e+308  0.466986  0.220119  5.0962  
0.0196243  0.0128166  5.66254  5.79467  5.6333  7.57274  1.79769e+308  1.79769e+308  1.79769e+308  0.0196243  0.0128166  5.66254  
1.43223  1.40671  3.87768  5.79467  5.6333  7.57274  1.79769e+308  1.79769e+308  1.79769e+308  1.43223  1.40671  3.87768  
2.00872  0.174165  2.43623  5.79467  5.6333  7.57274  1.79769e+308  1.79769e+308  1.79769e+308  2.00872  0.174165  2.43623  
1.90639  0.371525  2.50935  5.79467  5.6333  7.57274  1.79769e+308  1.79769e+308  1.79769e+308  1.90639  0.371525  2.50935  
0.668191  1.17224  4.25296  5.79467  5.6333  7.57274  1.79769e+308  1.79769e+308  1.79769e+308  0.668191  1.17224  4.25296  
0.970434  0.0110597  3.38856  5.79467  5.6333  7.57274  1.79769e+308  1.79769e+308  1.79769e+308  0.970434  0.0110597  3.38856  
2.34887  0.263426  1.16106  5.79467  5.6333  7.57274  1.79769e+308  1.79769e+308  1.79769e+308  2.34887  0.263426  1.16106  
1.06166  2.85025  0.805001  5.79467  5.6333  7.57274  1.79769e+308  1.79769e+308  1.79769e+308  1.06166  2.85025  0.805001  
2.25955  2.08758  2.93359  5.79467  5.6333  7.57274  1.79769e+308  1.79769e+308  1.79769e+308  2.25955  2.08758  2.93359  
1.05353  1.16699  4.76613  5.79467  5.6333  7.57274  1.79769e+308  1.79769e+308  1.79769e+308  1.05353  1.16699  4.76613  
1.01525  0.426201  5.28348  5.79467  5.6333  7.57274  1.79769e+308  1.79769e+308  1.79769e+308  1.01525  0.426201  5.28348  
2.44024  1.13181  2.84646  5.79467  5.6333  7.57274  1.79769e+308  1.79769e+308  1.79769e+308  2.44024  1.13181  2.84646  
1.30789  2.61996  2.55449  5.79467  5.6333  7.57274  1.79769e+308  1.79769e+308  1.79769e+308  1.30789  2.61996  2.55449  
2.07228  2.85965  1.69392  5.79467  5.6333  7.57274  1.79769e+308  1.79769e+308  1.79769e+308  2.07228  2.85965  1.69392  
0.526613  0.254089  3.36956  5.79467  5.6333  7.57274  1.79769e+308  1.79769e+308  1.79769e+308  0.526613  0.254089  3.36956  
0.10821  0.0919141  6.57274  5.79467  5.6333  7.57274  1.79769e+308  1.79769e+308  1.79769e+308  0.10821  0.0919141  6.57274  
0.715798  3.27324  1.17501  5.79467  5.6333  7.57274  1.79769e+308  1.79769e+308  1.79769e+308  0.715798  3.27324  1.17501  
3.73823  1.13308  2.65087  5.79467  5.6333  7.57274  1.79769e+308  1.79769e+308  1.79769e+308  3.73823  1.13308  2.65087  
1.93822  0.0967172  2.43958  5.79467  5.6333  7.57274  1.79769e+308  1.79769e+308  1.79769e+308  1.93822  0.0967172  2.43958  
0.15636  0.10606  5.50584  5.79467  5.6333  7.57274  1.79769e+308  1.79769e+308  1.79769e+308  0.15636  0.10606  5.50584  
1.12797  0.26005  2.82964  5.79467  5.6333  7.57274  1.79769e+308  1.79769e+308  1.79769e+308  1.12797  0.26005  2.82964  
1.37564  0.265641  2.97569  5.79467  5.6333  7.57274  1.79769e+308  1.79769e+308  1.79769e+308  1.37564  0.265641  2.97569  
3.72013  1.04799  2.46674  5.79467  5.6333  7.57274  1.79769e+308  1.79769e+308  1.79769e+308  3.72013  1.04799  2.46674  
2.42586  1.30628  3.43477  5.79467  5.6333  7.57274  1.79769e+308  1.79769e+308  1.79769e+308  2.42586  1.30628  3.43477  
2.68854  0.791496  3.5752  5.79467  5.6333  7.57274  1.79769e+308  1.79769e+308  1.79769e+308  2.68854  0.791496  3.5752  
2.1084  2.62973  1.7589  5.79467  5.6333  7.57274  1.79769e+308  1.79769e+308  1.79769e+308  2.1084  2.62973  1.7589  
0.180426  0.215135  4.50297  5.79467  5.6333  7.57274  1.79769e+308  1.79769e+308  1.79769e+308  0.180426  0.215135  4.50297  
2.22652  1.5687  0.690652  5.79467  5.6333  7.57274  1.79769e+308  1.79769e+308  1.79769e+308  2.22652  1.5687  0.690652  
1.45019  0.728053  3.07878  5.79467  5.6333  7.57274  1.79769e+308  1.79769e+308  1.79769e+308  1.45019  0.728053  3.07878  
3.34666  1.53721  0.128024  5.79467  5.6333  7.57274  1.79769e+308  1.79769e+308  1.79769e+308  3.34666  1.53721  0.128024  
1.31096  2.4612  3.26676  5.79467  5.6333  7.57274  1.79769e+308  1.79769e+308  1.79769e+308  1.31096  2.4612  3.26676  
1.23223  2.97544  0.0284772  5.79467  5.6333  7.57274  1.79769e+308  1.79769e+308  1.79769e+308  1.23223  2.97544  0.0284772  
0.735345  1.89457  2.83002  5.79467  5.6333  7.57274  1.79769e+308  1.79769e+308  1.79769e+308  0.735345  1.89457  2.83002  
0.68062  0.034333  4.0043  5.79467  5.6333  7.57274  1.79769e+308  1.79769e+308  1.79769e+308  0.68062  0.034333  4.0043  
2.36302  1.7004  0.669527  5.79467  5.6333  7.57274  1.79769e+308  1.79769e+308  1.79769e+308  2.36302  1.7004  0.669527  
1.72855  2.78259  0.764102  5.79467  5.6333  7.57274  1.79769e+308  1.79769e+308  1.79769e+308  1.72855  2.78259  0.764102  
4.79467  0.32131  0.167267  5.79467  5.6333  7.57274  1.79769e+308  1.79769e+308  1.79769e+308  4.79467  0.32131  0.167267  
0.289321  3.95145  1.53658  5.79467  5.6333  7.57274  1.79769e+308  1.79769e+308  1.79769e+308  0.289321  3.95145  1.53658  
3.32978  0.577195  0.439499  5.79467  5.6333  7.57274  1.79769e+308  1.79769e+308  1.79769e+308  3.32978  0.577195  0.439499  
0.098286  0.08595  5.8396  5.79467  5.6333  7.57274  1.79769e+308  1.79769e+308  1.79769e+308  0.098286  0.08595  5.8396  
0.340198  1.26576  4.80689  5.79467  5.6333  7.57274  1.79769e+308  1.79769e+308  1.79769e+308  0.340198  1.26576  4.80689  
0.533327  4.465  0.0952599  5.79467  5.6333  7.57274  1.79769e+308  1.79769e+308  1.79769e+308  0.533327  4.465  0.0952599  
0.488575  2.49244  0.704758  5.79467  5.6333  7.57274  1.79769e+308  1.79769e+308  1.79769e+308  0.488575  2.49244  0.704758  
0.31003  2.4068  3.33672  5.79467  5.6333  7.57274  1.79769e+308  1.79769e+308  1.79769e+308  0.31003  2.4068  3.33672  
3.18068  0.41703  0.793342  5.79467  5.6333  7.57274  1.79769e+308  1.79769e+308  1.79769e+308  3.18068  0.41703  0.793342  
2.48732  1.04717  0.493938  5.79467  5.6333  7.57274  1.79769e+308  1.79769e+308  1.79769e+308  2.48732  1.04717  0.493938  
2.04762  3.00365  1.66691  5.79467  5.6333  7.57274  1.79769e+308  1.79769e+308  1.79769e+308  2.04762  3.00365  1.66691  
1.92251  0.247896  2.6629  5.79467  5.6333  7.57274  1.79769e+308  1.79769e+308  1.79769e+308  1.92251  0.247896  2.6629  
0.645835  0.104446  4.81889  5.79467  5.6333  7.57274  1.79769e+308  1.79769e+308  1.79769e+308  0.645835  0.104446  4.81889  
2.8989  1.55851  0.532432  5.79467  5.6333  7.57274  1.79769e+308  1.79769e+308  1.79769e+308  2.8989  1.55851  0.532432  
1.57821  3.00913  2.17009  5.79467  5.6333  7.57274  1.79769e+308  1.79769e+308  1.79769e+308  1.57821  3.00913  2.17009  
0.167733  1.01573  6.39899  5.79467  5.6333  7.57274  1.79769e+308  1.79769e+308  1.79769e+308  0.167733  1.01573  6.39899  
0.294039  0.416536  4.36508  5.79467  5.6333  7.57274  1.79769e+308  1.79769e+308  1.79769e+308  0.294039  0.416536  4.36508  
0.215824  1.04883  3.99929  5.79467  5.6333  7.57274  1.79769e+308  1.79769e+308  1.79769e+308  0.215824  1.04883  3.99929  
0.0220904  0.00729958  6.56001  5.79467  5.6333  7.57274  1.79769e+308  1.79769e+308  1.79769e+308  0.0220904  0.00729958  6.56001  
2.61431  1.47934  0.0382082  5.79467  5.6333  7.57274  1.79769e+308  1.79769e+308  1.79769e+308  2.61431  1.47934  0.0382082  
0.762678  0.559121  4.81976  5.79467  5.6333  7.57274  1.79769e+308  1.79769e+308  1.79769e+308  0.762678  0.559121  4.81976  
1.81721  1.70079  2.12142  5.79467  5.6333  7.57274  1.79769e+308  1.79769e+308  1.79769e+308  1.81721  1.70079  2.12142  
1.34117  0.424408  4.55856  5.79467  5.6333  7.57274  1.79769e+308  1.79769e+308  1.79769e+308  1.34117  0.424408  4.55856  
3.14883  1.71593  0.251392  5.79467  5.6333  7.57274  1.79769e+308  1.79769e+308  1.79769e+308  3.14883  1.71593  0.251392  
2.9864  1.53711  1.40293  5.79467  5.6333  7.57274  1.79769e+308  1.79769e+308  1.79769e+308  2.9864  1.53711  1.40293  
1.74114  3.4491  1.62015  5.79467  5.6333  7.57274  1.79769e+308  1.79769e+308  1.79769e+308  1.74114  3.4491  1.62015  
0.0827463  1.69475  5.04525  5.79467  5.6333  7.57274  1.79769e+308  1.79769e+308  1.79769e+308  0.0827463  1.69475  5.04525  
0.390724  0.862268  5.68878  5.79467  5.6333  7.57274  1.79769e+308  1.79769e+308  1.79769e+308  0.390724  0.862268  5.68878  
0.216964  0.935944  4.44324  5.79467  5.6333  7.57274  1.79769e+308  1.79769e+308  1.79769e+308  0.216964  0.935944  4.44324  
1.81768  2.29129  2.3102  5.79467  5.6333  7.57274  1.79769e+308  1.79769e+308  1.79769e+308  1.81768  2.29129  2.3102  
0.530937  2.51628  3.88961  5.79467  5.6333  7.57274  1.79769e+308  1.79769e+308  1.79769e+308  0.530937  2.51628  3.88961  
0.247667  4.6333  0.205992  5.79467  5.6333  7.57274  1.79769e+308  1.79769e+308  1.79769e+308  0.247667  4.6333  0.205992  
3.52011  0.922729  3.15217  5.79467  5.6333  7.57274  1.79769e+308  1.79769e+308  1.79769e+308  3.52011  0.922729  3.15217  
1.39177  1.24082  3.10633  5.79467  5.6333  7.57274  1.79769e+308  1.79769e+308  1.79769e+308  1.39177  1.24082  3.10633  
2.18999  2.2685  0.504639  5.79467  5.6333  7.57274  1.79769e+308  1.79769e+308  1.79769e+308  2.18999  2.2685  0.504639  
2.27556  0.46149  1.51072  5.79467  5.6333  7.57274  1.79769e+308  1.79769e+308  1.79769e+308  2.27556  0.46149  1.51072  
2.94169  1.69006  1.61805  5.79467  5.6333  7.57274  1.79769e+308  1.79769e+308  1.79769e+308  2.94169  1.69006  1.61805  
1.90538  3.07655  1.52289  5.79467  5.6333  7.57274  1.79769e+308  1.79769e+308  1.79769e+308  1.90538  3.07655  1.52289  
6.82725e-05  1.97008  2.04981e-05  6.95961  7.65164  5.88293  5.78358  3.40685  2  3.45964  1.30088  0.000695616  
1.67579e-06  0.265165  0.803319  6.95961  7.65164  5.88293  5.78358  3.40685  2  3.1555  1.0182  0.214549  
0.000582719  0.0677985  0.983539  6.95961  7.65164  5.88293  5.78358  3.40685  2  0.0253694  3.72054  0.895115  
2.22733  0.206346  0.00419956  6.95961  7.65164  5.88293  5.78358  3.40685  2  4.31299  0.860559  0.00287728  
2.57305  0.186881  1.26724e-10  6.95961  7.65164  5.88293  5.78358  3.40685  2  0.49774  6.07045  0.0122124  
1.68001  0.188295  0.0437377  6.95961  7.65164  5.88293  5.78358  3.40685  2  0.00017302  5.05239  0.0393434  
2.10048  0.00262778  0.199784  6.95961  7.65164  5.88293  5.78358  3.40685  2  4.45132  0.0774101  0.0199375  
0.000162876  0.0725944  0.981488  6.95961  7.65164  5.88293  5.78358  3.40685  2  0.545574  4.47976  0.000599193  
2.28722  0.211894  0.00142245  6.95961  7.65164  5.88293  5.78358  3.40685  2  8.6815e-05  5.57417  2.05026e-08  
1.54786e-06  0.244923  0.809645  6.95961  7.65164  5.88293  5.78358  3.40685  2  0.278363  3.39492  0.00484121  
6.35227e-05  1.52361  0.000586978  6.95961  7.65164  5.88293  5.78358  3.40685  2  0.854241  0.20343  2.91914  
1.12299  0.136438  0.0528916  6.95961  7.65164  5.88293  5.78358  3.40685  2  0.152723  0.877374  0  
0.0731525  0.00175569  0.993384  6.95961  7.65164  5.88293  5.78358  3.40685  2  0.298639  0.00159856  3.53142  
0.000182455  1.33492  0.0137612  6.95961  7.65164  5.88293  5.78358  3.40685  2  0  0  4.68454  
0.777827  0.0756527  0.808077  6.95961  7.65164  5.88293  5.78358  3.40685  2  0.876586  0.0812093  0.0719479  
1.94734  5.4873e-08  0.467675  6.95961  7.65164  5.88293  5.78358  3.40685  2  1.12406  0.0528539  3.31441  
0.078167  1.73556  0.00041277  6.95961  7.65164  5.88293  5.78358  3.40685  2  2.76744  0.402706  1.95422  
0.0388417  1.7684  1.56296e-11  6.95961  7.65164  5.88293  5.78358  3.40685  2  3.54145  1.76191  0.25734  
0.000152975  0.0681815  0.982866  6.95961  7.65164  5.88293  5.78358  3.40685  2  2.79159e-05  4.55207  1.50168e-07  
8.53731e-06  0.15781  0.85034  6.95961  7.65164  5.88293  5.78358  3.40685  2  4.78358  4.35959e-05  1.41259e-05  
1.71445  0.0536078  0.210856  6.95961  7.65164  5.88293  5.78358  3.40685  2  0.0241997  5.93316  0.342907  
1.69675  0.00560629  0.309996  6.95961  7.65164  5.88293  5.78358  3.40685  2  0.826243  3.47732  0.00413921  
2.2716  0.353121  0.000211386  6.95961  7.65164  5.88293  5.78358  3.40685  2  1.90358e-06  4.41476  1.40421  
2.28491  0.352166  4.45495e-09  6.95961  7.65164  5.88293  5.78358  3.40685  2  0  0  4.88293  
2.51351  0.000268977  0.145403  6.95961  7.65164  5.88293  5.78358  3.40685  2  3.78392  0.0167617  0.207636  
2.27023  1.745e-05  0.176807  6.95961  7.65164  5.88293  5.78358  3.40685  2  4.28413  0.690423  0.466004  
6.6798e-06  0.123475  0.885151  6.95961  7.65164  5.88293  5.78358  3.40685  2  0.0773008  3.45571  9.06437e-05  
1.91111  0.0799983  0.149569  6.95961  7.65164  5.88293  5.78358  3.40685  2  3.36923  1.26689  0.000677437  
0.0228778  2.05927  1.93769e-11  6.95961  7.65164  5.88293  5.78358  3.40685  2  0.216928  2.06281  1.63704  
2.9577e-05  0.827623  0.196652  6.95961  7.65164  5.88293  5.78358  3.40685  2  0.341793  0.0168917  4.21887  
1.99357  0.472304  1.78571e-05  6.95961  7.65164  5.88293  5.78358  3.40685  2  0.00486879  1.81787  3.5591  
0.000661737  0.0633514  0.991963  6.95961  7.65164  5.88293  5.78358  3.40685  2  0.466273  0.111571  0.452719  
1.73353  0.374015  0.000405734  6.95961  7.65164  5.88293  5.78358  3.40685  2  3.81353  0.391458  1.43345  
1.44556e-05  0.684073  0.421119  6.95961  7.65164  5.88293  5.78358  3.40685  2  5.87096  0.490204  1.94531e-11  
1.15532  0.125782  0.0675732  6.95961  7.65164  5.88293  5.78358  3.40685  2  2.60594  1.42226  0.909654  
0.520546  0.104786  0.528918  6.95961  7.65164  5.88293  5.78358  3.40685  2  3.33055  0.075139  1.52805e-10  
2.01467  0.411131  1.07095e-06  6.95961  7.65164  5.88293  5.78358  3.40685  2  5.95961  0.108845  0.627193  
0.15288  0.878034  0.000984392  6.95961  7.65164  5.88293  5.78358  3.40685  2  0.0473489  3.05444  0.148646  
1.26281  0.0589024  0.178279  6.95961  7.65164  5.88293  5.78358  3.40685  2  0.268666  5.2345  8.41962e-10  
2.05448  0.0717248  0.159717  6.95961  7.65164  5.88293  5.78358  3.40685  2  0.342925  3.11358  2.46984  
5.56108e-06  0.15561  0.850701  6.95961  7.65164  5.88293  5.78358  3.40685  2  2.12748  2.52593  0.550451  
6.06023e-06  0.169577  0.835026  6.95961  7.65164  5.88293  5.78358  3.40685  2  0.396727  0.0508643  3.53645  
1.57946  0.192572  0.0475585  6.95961  7.65164  5.88293  5.78358  3.40685  2  0.00280099  0.355485  3.87245  
1.60137  0.00816609  0.327289  6.95961  7.65164  5.88293  5.78358  3.40685  2  6.71153e-06  4.97695  1.49157  
1.79487  0.282039  0.0171991  6.95961  7.65164  5.88293  5.78358  3.40685  2  0.273591  2.48406  1.97047  
2.67844e-05  0.113721  0.900375  6.95961  7.65164  5.88293  5.78358  3.40685  2  2.16397e-06  5.01866  0.0351321  
2.19566e-06  1.90555  0.0573377  6.95961  7.65164  5.88293  5.78358  3.40685  2  4.58947e-06  3.65931  9.02592e-08  
2.09529  0.0702519  0.162046  6.95961  7.65164  5.88293  5.78358  3.40685  2  0.0443476  0.522855  4.06993  
2.44182  2.8969e-07  0.190169  6.95961  7.65164  5.88293  5.78358  3.40685  2  3.78883  0.551334  1.40885  
1.70048  1.22093e-08  0.472424  6.95961  7.65164  5.88293  5.78358  3.40685  2  8.48486e-05  4.94465  0  
1.976  0.0760976  0.15415  6.95961  7.65164  5.88293  5.78358  3.40685  2  3.24658  0.449418  1.29431  
1.84016  0.294125  0.00059264  6.95961  7.65164  5.88293  5.78358  3.40685  2  5.26236  0.96297  0.0322077  
1.92047e-05  0.0815387  0.930599  6.95961  7.65164  5.88293  5.78358  3.40685  2  0.000306738  0.16786  4.54925  
7.1005e-06  0.131251  0.876363  6.95961  7.65164  5.88293  5.78358  3.40685  2  0.289315  0.0746626  3.2705  
2.10847  0.0658179  0.163329  6.95961  7.65164  5.88293  5.78358  3.40685  2  2.95742  0.452317  2.14098  
4.95643e-06  0.138691  0.867671  6.95961  7.65164  5.88293  5.78358  3.40685  2  1.0016  3.59413  0.170552  
1.06928  0.140498  0.0508257  6.95961  7.65164  5.88293  5.78358  3.40685  2  3.35082  1.47675e-10  0.0479364  
3.66062e-06  0.102431  0.953735  6.95961  7.65164  5.88293  5.78358  3.40685  2  3.93312  0.688555  0  
5.64565e-06  0.157976  0.846656  6.95961  7.65164  5.88293  5.78358  3.40685  2  3.40292  0.513751  1.12407  
1.34423  0.202196  0.028706  6.95961  7.65164  5.88293  5.78358  3.40685  2  1.0033  3.60023  5.73398e-11  
2.02159  0.0718271  0.157254  6.95961  7.65164  5.88293  5.78358  3.40685  2  0.000793098  0.25179  2.72998  
2.15732  0.0366456  0.164807  6.95961  7.65164  5.88293  5.78358  3.40685  2  0.324997  0.0566191  4.48859  
2.49325  0.195952  1.79137e-15  6.95961  7.65164  5.88293  5.78358  3.40685  2  0.238953  5.6522  0.00560438  
1.89581  0.106868  0.00801146  6.95961  7.65164  5.88293  5.78358  3.40685  2  1.41033  5.04388  4.73418e-11  
5.12219e-08  2.06733  0.0446614  6.95961  7.65164  5.88293  5.78358  3.40685  2  0.471185  5.24888  0.0438538  
5.64154e-06  0.157862  0.846771  6.95961  7.65164  5.88293  5.78358  3.40685  2  0.0570605  0.00639089  3.72166  
5.79171e-05  1.62064  0.0218961  6.95961  7.65164  5.88293  5.78358  3.40685  2  5.61682  0.449744  0.000155645  
2.22705  0.315047  0.00026155  6.95961  7.65164  5.88293  5.78358  3.40685  2  5.2787  3.85787e-05  8.73941e-11  
3.65632e-09  2.20405  0.0618593  6.95961  7.65164  5.88293  5.78358  3.40685  2  0  0  2.66908  
1.60955  1.15662e-06  0.525191  6.95961  7.65164  5.88293  5.78358  3.40685  2  0.0466973  3.2194  0.792651  
4.74207e-06  1.95885  0.00781924  6.95961  7.65164  5.88293  5.78358  3.40685  2  4.24838  4.00289e-06  1.95544e-10  
2.3314  0.301171  3.74927e-07  6.95961  7.65164  5.88293  5.78358  3.40685  2  0  0  2.12007  
1.69394  1.43651e-06  0.470609  6.95961  7.65164  5.88293  5.78358  3.40685  2  0.151313  4.18288  0.0480133  
0.0730142  0.00176786  0.991712  6.95961  7.65164  5.88293  5.78358  3.40685  2  0.215339  2.53883  0.384446  
2.3399e-05  0.561234  0.749952  6.95961  7.65164  5.88293  5.78358  3.40685  2  1.36062e-05  0.105807  2.45936  
1.8843  0.00395291  0.41946  6.95961  7.65164  5.88293  5.78358  3.40685  2  0.000231555  2.77459  2.09439  
3.98251e-07  1.97548  0.00331958  6.95961  7.65164  5.88293  5.78358  3.40685  2  0  0  4.48437  
1.00319e-07  1.48176  0.0749274  6.95961  7.65164  5.88293  5.78358  3.40685  2  5.78671e-05  6.65164  0  
7.43928e-05  1.37514  0.111917  6.95961  7.65164  5.88293  5.78358  3.40685  2  0.294062  0.0336225  2.94438  
1.53609  0.296516  0.0148989  6.95961  7.65164  5.88293  5.78358  3.40685  2  2.8473  0.713726  0.0163234  
2.4839  2.69922e-12  0.235202  6.95961  7.65164  5.88293  5.78358  3.40685  2  0  0  2.84477  
2.56819  2.13794e-11  1.10539e-06  6.95961  7.65164  5.88293  5.78358  3.40685  2  0.295818  5.21361  0.00118301  
1.97857  1.52088e-11  0.410329  6.95961  7.65164  5.88293  5.78358  3.40685  2  4.33597  0.793448  0.00651265  
0.0174723  1.31402  0.194543  6.95961  7.65164  5.88293  5.78358  3.40685  2  3.25532  0.0427574  0.321749  
2.63459  6.77973e-05  9.96369e-10  6.95961  7.65164  5.88293  5.78358  3.40685  2  5.31823  0.0171033  0.369067  
1.58644e-06  0.251028  0.803533  6.95961  7.65164  5.88293  5.78358  3.40685  2  0.0433657  0.401083  3.15777  
4.46346e-06  0.0825061  0.925393  6.95961  7.65164  5.88293  5.78358  3.40685  2  3.07148  0.469762  2.59751e-11  
4.76251e-06  1.9673  9.41556e-05  6.95961  7.65164  5.88293  5.78358  3.40685  2  0  0  1  
0.876586  0.0812093  0.0719479  6.95961  7.65164  5.88293  5.78358  3.40685  2  0  0  2.99275  
0.072235  0.00195224  0.983824  6.95961  7.65164  5.88293  5.78358  3.40685  2  0.120096  3.1979  2.55853  
1.34402e-05  1.96764  3.88795e-05  6.95961  7.65164  5.88293  5.78358  3.40685  2  0.275034  3.35433  0.000353724  
0.000162158  2.08403  5.52959e-08  6.95961  7.65164  5.88293  5.78358  3.40685  2  3.20461  0.700979  0.0223582  
0.152723  0.877374  0  6.95961  7.65164  5.88293  5.78358  3.40685  2  1.9629  1.76646  0.125112  
2.11206  0.375978  4.57862e-11  6.95961  7.65164  5.88293  5.78358  3.40685  2  3.22521e-05  5.25916  0.16061  
9.47906e-12  2.40685  2.61515e-11  6.95961  7.65164  5.88293  5.78358  3.40685  2  0.203155  1.41031  2.3133  
0.466273  0.111571  0.452719  6.95961  7.65164  5.88293  5.78358  3.40685  2  0.00103907  6.29088  0.0174279  
2.1981  0.00108092  0.012518  6.95961  7.65164  5.88293  5.78358  3.40685  2  2.50696e-06  3.86211  1.89108  
2.06615  1.598e-06  0.391731  6.95961  7.65164  5.88293  5.78358  3.40685  2  3.6543e-05  5.95884  2.19173e-08  
0  0  1  6.95961  7.65164  5.88293  5.78358  3.40685  2  4.95806  0.370467  1.48068e-10  
1.74612  0.654904  1.27271e-10  6.95961  7.65164  5.88293  5.78358  3.40685  2  5.14054  0.438854  0.205783  
0.504135  0.105484  0.505846  4.64731  5.77897  3.49634  2  2.89438  2.22276  0.600696  1.13608  5.9711e-05  
9.78367e-12  0.28178  0.757326  4.64731  5.77897  3.49634  2  2.89438  2.22276  4.18613e-31  1.89454  1.13792  
3.03738e-22  0.629043  0.380571  4.64731  5.77897  3.49634  2  2.89438  2.22276  3.09659e-12  1.65641  0.903281  
1.29761e-11  0.370664  0.629455  4.64731  5.77897  3.49634  2  2.89438  2.22276  1.36912e-28  3.58507  5.28545e-09  
4.95123e-22  0.837314  0.162686  4.64731  5.77897  3.49634  2  2.89438  2.22276  2.01557e-13  3.28551  0.000553406  
6.48411e-29  1.7678  0  4.64731  5.77897  3.49634  2  2.89438  2.22276  1.83792e-30  2.505  8.06683e-09  
4.7061e-22  0.795858  0.204142  4.64731  5.77897  3.49634  2  2.89438  2.22276  0.210652  0.476199  0.469866  
0.000162876  0.0725944  0.981488  4.64731  5.77897  3.49634  2  2.89438  2.22276  1.31394e-31  3.09623  1.26109  
4.671e-22  0.789924  0.210076  4.64731  5.77897  3.49634  2  2.89438  2.22276  0.973001  1.85232  5.45315e-05  
1.54786e-06  0.244923  0.809645  4.64731  5.77897  3.49634  2  2.89438  2.22276  1.29862e-11  0.370954  0.629152  
5.13066e-22  0.867658  0.132342  4.64731  5.77897  3.49634  2  2.89438  2.22276  2.85663e-11  2.90598  0  
2.70632e-11  0.372849  0.627697  4.64731  5.77897  3.49634  2  2.89438  2.22276  2.19409e-31  3.64541  0  
2.75848e-22  0.571284  0.456024  4.64731  5.77897  3.49634  2  2.89438  2.22276  2.87636e-31  4.77897  0  
2.24685e-11  0.309548  0.690784  4.64731  5.77897  3.49634  2  2.89438  2.22276  6.72779e-31  2.92454  1.38757e-10  
2.76059e-11  0.380326  0.620007  4.64731  5.77897  3.49634  2  2.89438  2.22276  1  0  9.17356e-12  
1.1652e-11  0.332841  0.667265  4.64731  5.77897  3.49634  2  2.89438  2.22276  0.159372  1.52401  0  
5.38112e-22  0.910013  0.0899871  4.64731  5.77897  3.49634  2  2.89438  2.22276  0.00130191  1.76818  0  
5.36889e-22  0.907945  0.0920557  4.64731  5.77897  3.49634  2  2.89438  2.22276  6.95657e-31  2.26567  0.883398  
0.000152975  0.0681815  0.982866  4.64731  5.77897  3.49634  2  2.89438  2.22276  6.48411e-29  1.7678  0  
5.01084e-22  0.847394  0.152606  4.64731  5.77897  3.49634  2  2.89438  2.22276  0.914599  0.193773  0  
5.17108e-22  0.874492  0.125508  4.64731  5.77897  3.49634  2  2.89438  2.22276  4.5015e-31  1.4049  1.45076  
2.89255e-11  0.398506  0.601829  4.64731  5.77897  3.49634  2  2.89438  2.22276  3.72736e-31  3.01828  1.97494e-09  
1.28692e-11  0.367611  0.632701  4.64731  5.77897  3.49634  2  2.89438  2.22276  1.83179e-30  2.75015  0  
3.18516e-11  0.438819  0.561514  4.64731  5.77897  3.49634  2  2.89438  2.22276  2.39551  0  0.00600549  
0.914599  0.193773  0  4.64731  5.77897  3.49634  2  2.89438  2.22276  0.586615  1.73874  0.027272  
4.98097e-22  0.842343  0.157657  4.64731  5.77897  3.49634  2  2.89438  2.22276  9.65574e-12  2.26909  0.3891  
6.6798e-06  0.123475  0.885151  4.64731  5.77897  3.49634  2  2.89438  2.22276  2.638e-31  0.823311  0.860638  
5.49637e-22  0.929504  0.0705274  4.64731  5.77897  3.49634  2  2.89438  2.22276  3.65897e-32  2.50085  1.0186  
5.11362e-22  0.864776  0.135224  4.64731  5.77897  3.49634  2  2.89438  2.22276  2.97371e-34  2.89791  0.0404275  
3.82725e-10  0.294271  0.715247  4.64731  5.77897  3.49634  2  2.89438  2.22276  0.730293  1.38119  4.26204e-06  
1.29862e-11  0.370954  0.629152  4.64731  5.77897  3.49634  2  2.89438  2.22276  8.15104e-31  1.26654  0.777118  
0.000661737  0.0633514  0.991963  4.64731  5.77897  3.49634  2  2.89438  2.22276  0.458323  0.109668  0.445  
5.61411e-22  0.949415  0.050746  4.64731  5.77897  3.49634  2  2.89438  2.22276  2.28019  0.483094  0  
3.42473e-22  0.709265  0.340941  4.64731  5.77897  3.49634  2  2.89438  2.22276  8.91883e-29  2.33541  0.00422502  
4.75536e-22  0.804189  0.195811  4.64731  5.77897  3.49634  2  2.89438  2.22276  0.633766  0.411322  0  
0.520546  0.104786  0.528918  4.64731  5.77897  3.49634  2  2.89438  2.22276  2.39909  0  0  
4.6898e-22  0.793102  0.206898  4.64731  5.77897  3.49634  2  2.89438  2.22276  9.35439e-06  0.000580147  1.59831  
5.08848e-22  0.860523  0.139477  4.64731  5.77897  3.49634  2  2.89438  2.22276  1.00448  0.652294  0  
3.04283e-22  0.630172  0.379442  4.64731  5.77897  3.49634  2  2.89438  2.22276  1.2924  1.81451e-12  0.836093  
2.92963e-22  0.606728  0.405594  4.64731  5.77897  3.49634  2  2.89438  2.22276  1.93092  0  2.54906e-10  
5.56108e-06  0.15561  0.850701  4.64731  5.77897  3.49634  2  2.89438  2.22276  3.59683e-31  4.21273  0  
6.06023e-06  0.169577  0.835026  4.64731  5.77897  3.49634  2  2.89438  2.22276  1.09816e-31  2.41048  0.16283  
2.95638e-22  0.612269  0.396626  4.64731  5.77897  3.49634  2  2.89438  2.22276  8.56801e-29  1.89369  1.09507  
5.1942e-11  0.34917  0.654415  4.64731  5.77897  3.49634  2  2.89438  2.22276  1.12803  4.69441e-06  0.739519  
5.73212e-22  0.969372  0.0338838  4.64731  5.77897  3.49634  2  2.89438  2.22276  0.0159967  0.977373  1.3881  
2.67844e-05  0.113721  0.900375  4.64731  5.77897  3.49634  2  2.89438  2.22276  0.382498  0.759618  0.894161  
5.65751e-22  0.956754  0.0434056  4.64731  5.77897  3.49634  2  2.89438  2.22276  1.59215  0.242871  9.37923e-12  
1.27031e-11  0.362866  0.637266  4.64731  5.77897  3.49634  2  2.89438  2.22276  2.01906e-32  2.7397  1.78771e-05  
5.88991e-22  0.996056  0.00988803  4.64731  5.77897  3.49634  2  2.89438  2.22276  2.90397e-34  2.82995  3.23059e-07  
5.27145e-22  0.891467  0.108533  4.64731  5.77897  3.49634  2  2.89438  2.22276  3.00103e-30  1.41942  1.33119  
5.82333e-22  0.984796  0.0211676  4.64731  5.77897  3.49634  2  2.89438  2.22276  8.83607e-31  2.75771  0.0177481  
5.31058e-22  0.898083  0.101974  4.64731  5.77897  3.49634  2  2.89438  2.22276  1.64693e-12  1.0461  0.0042097  
1.92047e-05  0.0815387  0.930599  4.64731  5.77897  3.49634  2  2.89438  2.22276  2.48637  0  2.28089e-11  
7.1005e-06  0.131251  0.876363  4.64731  5.77897  3.49634  2  2.89438  2.22276  2.32074e-11  0.662923  1.01422  
1.09464e-11  0.312686  0.687445  4.64731  5.77897  3.49634  2  2.89438  2.22276  3.19346  0.196147  3.76321e-15  
4.95643e-06  0.138691  0.867671  4.64731  5.77897  3.49634  2  2.89438  2.22276  2.58843  0.158986  3.05024e-15  
5.0447e-22  0.85312  0.14688  4.64731  5.77897  3.49634  2  2.89438  2.22276  1.01562  0.179979  1.06189  
5.7043e-22  0.964667  0.0353432  4.64731  5.77897  3.49634  2  2.89438  2.22276  2.487e-31  3.03062  4.83807e-06  
5.64565e-06  0.157976  0.846656  4.64731  5.77897  3.49634  2  2.89438  2.22276  3.38878e-34  3.3024  9.56311e-11  
1.72223e-12  0.530209  0.472454  4.64731  5.77897  3.49634  2  2.89438  2.22276  2.01675e-30  3.02784  0  
1.31042e-22  0.833796  0.181075  4.64731  5.77897  3.49634  2  2.89438  2.22276  3.13967  0  3.48573e-15  
4.56408e-22  0.771842  0.228158  4.64731  5.77897  3.49634  2  2.89438  2.22276  7.31143e-29  1.69022  0.675408  
4.61732e-22  0.780845  0.219155  4.64731  5.77897  3.49634  2  2.89438  2.22276  1.54543  0.327425  0  
2.47544e-22  0.512665  0.509025  4.64731  5.77897  3.49634  2  2.89438  2.22276  2.17005  3.04672e-12  1.40387  
1.68682e-11  0.481844  0.518471  4.64731  5.77897  3.49634  2  2.89438  2.22276  5.40222e-31  0.257097  1.45912  
0.362165  0.685454  3.60175e-05  4.64731  5.77897  3.49634  2  2.89438  2.22276  0.0203965  2.77896  2.36515e-07  
2.88608e-22  0.59771  0.423815  4.64731  5.77897  3.49634  2  2.89438  2.22276  3.16788e-31  3.86032  4.02117e-07  
1.54695e-05  0.521101  0.496943  4.64731  5.77897  3.49634  2  2.89438  2.22276  0  0  1.66421  
3.28491e-11  0.425457  0.57538  4.64731  5.77897  3.49634  2  2.89438  2.22276  4.28288e-30  1.83238  1.46917e-05  
1.69372e-05  0.466413  0.559483  4.64731  5.77897  3.49634  2  2.89438  2.22276  0.478115  1.08082  1.06367  
0.681274  5.87536e-10  0.440738  4.64731  5.77897  3.49634  2  2.89438  2.22276  7.01261e-12  1.0263  1.28587  
2.95763e-06  0.0814463  0.934893  4.64731  5.77897  3.49634  2  2.89438  2.22276  1.55324e-30  1.12935  1.5148  
2.81028e-22  0.582011  0.436087  4.64731  5.77897  3.49634  2  2.89438  2.22276  8.06274e-29  1.11936  0.717513  
1.31921e-11  0.376835  0.62348  4.64731  5.77897  3.49634  2  2.89438  2.22276  1.16716  0.75794  0  
2.84594e-11  0.392084  0.608252  4.64731  5.77897  3.49634  2  2.89438  2.22276  1.74493  0  1.93726e-16  
4.50714e-10  0.346548  0.664606  4.64731  5.77897  3.49634  2  2.89438  2.22276  0.681274  5.87536e-10  0.440738  
0.152008  0.873265  0.000848781  4.64731  5.77897  3.49634  2  2.89438  2.22276  9.07758e-11  2.59303  0.102463  
1.53001e-11  0.43705  0.563068  4.64731  5.77897  3.49634  2  2.89438  2.22276  8.47251e-13  1.63139  1.00055  
2.85798e-22  0.591891  0.429634  4.64731  5.77897  3.49634  2  2.89438  2.22276  3.64731  0  0  
3.81856e-10  0.293603  0.717959  4.64731  5.77897  3.49634  2  2.89438  2.22276  0.711945  4.06959  0  
2.76206e-11  0.35774  0.644354  4.64731  5.77897  3.49634  2  2.89438  2.22276  1.11011  3.2357e-10  0.718163  
4.46128e-22  0.754457  0.245543  4.64731  5.77897  3.49634  2  2.89438  2.22276  3.17066e-06  1.79035  0.692786  
3.15897e-07  1.00709  2.43727e-07  4.64731  5.77897  3.49634  2  2.89438  2.22276  0.0682954  2.64125  0.0211399  
5.57324e-22  0.942503  0.0574971  4.64731  5.77897  3.49634  2  2.89438  2.22276  0.205971  2.26337  0  
2.91404e-22  0.603501  0.408858  4.64731  5.77897  3.49634  2  2.89438  2.22276  0.759522  1.43646  0.186787  
1.58644e-06  0.251028  0.803533  4.64731  5.77897  3.49634  2  2.89438  2.22276  4.1933e-34  4.08642  1.2849e-10  
4.46346e-06  0.0825061  0.925393  4.64731  5.77897  3.49634  2  2.89438  2.22276  3.07515e-31  3.60171  0  
0.210652  0.476199  0.469866  4.64731  5.77897  3.49634  2  2.89438  2.22276  0  0  1  
4.28212e-22  0.724158  0.275842  4.64731  5.77897  3.49634  2  2.89438  2.22276  4.55249e-34  4.43646  1.39496e-10  
0.072235  0.00195224  0.983824  4.64731  5.77897  3.49634  2  2.89438  2.22276  0.362165  0.685454  3.60175e-05  
0.872953  0.0808728  0.0716498  4.64731  5.77897  3.49634  2  2.89438  2.22276  4.9238e-29  2.55642  0  
4.81455e-22  0.814199  0.185801  4.64731  5.77897  3.49634  2  2.89438  2.22276  0.773973  1.52842  3.26545e-07  
0.152161  0.874147  0  4.64731  5.77897  3.49634  2  2.89438  2.22276  2.45945e-32  3.33728  0.000798504  
6.02082e-23  0.70368  0.35408  4.64731  5.77897  3.49634  2  2.89438  2.22276  1.93086e-12  1.53217  0.742949  
5.46439e-22  0.924095  0.0760303  4.64731  5.77897  3.49634  2  2.89438  2.22276  3.49151  3.02516e-09  3.20296e-11  
0.458323  0.109668  0.445  4.64731  5.77897  3.49634  2  2.89438  2.22276  1.07343e-30  2.78437  2.04916e-08  
2.57548e-11  0.354824  0.645849  4.64731  5.77897  3.49634  2  2.89438  2.22276  2.6932e-11  1.58248  0.271361  
0.633766  0.411322  0  4.64731  5.77897  3.49634  2  2.89438  2.22276  3.20216e-14  0.0154343  2.49634  
0  0  1  4.64731  5.77897  3.49634  2  2.89438  2.22276  1.38832e-32  1.88384  1.21596  
1  0  9.17356e-12  4.64731  5.77897  3.49634  2  2.89438  2.22276  2.16463  0.568085  0.313273  
0  0.647543  0.352457  2  2  2  2  2  2  0  0  1  
0  0.249082  0.750918  2  2  2  2  2  2  0  0.0169675  0.983032  
0  0.221251  0.778749  2  2  2  2  2  2  0  0.498763  0.501237  
0  0.389227  0.610773  2  2  2  2  2  2  0  0.390444  0.609556  
0  0.179128  0.820872  2  2  2  2  2  2  0  0.465115  0.534885  
0  0.410473  0.589527  2  2  2  2  2  2  0  0.642581  0.357419  
0  0.761865  0.238135  2  2  2  2  2  2  0.191254  0.432347  0.42675  
0.844069  0.17883  8.66197e-05  2  2  2  2  2  2  0  0.410473  0.589527  
0  0.794107  0.205893  2  2  2  2  2  2  0  0.341536  0.658464  
0  0.258516  0.741484  2  2  2  2  2  2  0.49225  0.0284443  0.508876  
0.503807  0.55976  0.00666083  2  2  2  2  2  2  0  0.0651844  0.934816  
3.35307e-17  0.665696  0.334306  2  2  2  2  2  2  0  0.105095  0.894905  
0.0812707  0.532065  0.42997  2  2  2  2  2  2  0  0.231077  0.768923  
0  0.310153  0.689847  2  2  2  2  2  2  0  0.92068  0.0793203  
1.91028e-17  0.379255  0.620746  2  2  2  2  2  2  1  0  9.17356e-12  
0  0.329576  0.670424  2  2  2  2  2  2  0  0.0244599  0.97554  
0  0.831037  0.168963  2  2  2  2  2  2  0  0.952068  0.0479318  
0  0.422087  0.577913  2  2  2  2  2  2  0  0.653027  0.346973  
0  0.0296433  0.970357  2  2  2  2  2  2  0  0.705186  0.294814  
0  0.848901  0.151099  2  2  2  2  2  2  0.844069  0.17883  8.66197e-05  
0  0.881031  0.118969  2  2  2  2  2  2  0.121565  0.904882  0.000261385  
0  0.399717  0.600283  2  2  2  2  2  2  0  0.21075  0.78925  
0  0.240342  0.759658  2  2  2  2  2  2  0  0.83147  0.16853  
0.398361  0.270967  0.389417  2  2  2  2  2  2  0  0.314865  0.685135  
0  0.288205  0.711796  2  2  2  2  2  2  0  0.259648  0.740352  
0  0.162614  0.837386  2  2  2  2  2  2  0  0.606537  0.393463  
0  0.113371  0.886629  2  2  2  2  2  2  0  0.885663  0.114337  
0  0.938567  0.0614331  2  2  2  2  2  2  0  0.934654  0.0653462  
0  0.0213998  0.9786  2  2  2  2  2  2  0.112321  0.772309  0.157327  
1.50581e-17  0.298954  0.701046  2  2  2  2  2  2  0  0.544796  0.455204  
0  0.368728  0.631272  2  2  2  2  2  2  0  0.041795  0.958205  
0  0.469848  0.530152  2  2  2  2  2  2  0.457702  0.10952  0.444396  
0  0.958716  0.0412839  2  2  2  2  2  2  0  0.597171  0.402829  
0  0.63948  0.36052  2  2  2  2  2  2  0  0.193819  0.806181  
0  0.0824284  0.917572  2  2  2  2  2  2  0.618437  0.401435  0  
0  0.211743  0.788257  2  2  2  2  2  2  0  0.359458  0.640542  
0  0.1872  0.8128  2  2  2  2  2  2  0  0.511116  0.488884  
0  0.865069  0.134931  2  2  2  2  2  2  0  0.303033  0.696967  
1.20021e-42  0.655747  0.344253  2  2  2  2  2  2  0  0.525161  0.474839  
0  0.601284  0.398716  2  2  2  2  2  2  0  0.399717  0.600283  
0  0.144502  0.855498  2  2  2  2  2  2  0  0.900853  0.0991469  
1.35504e-42  0.740343  0.259657  2  2  2  2  2  2  0  0.616303  0.383697  
0.170532  0.853578  0.0225504  2  2  2  2  2  2  0  0.251259  0.748741  
0  0.348606  0.651394  2  2  2  2  2  2  0  0.241595  0.758405  
0  0.195608  0.804392  2  2  2  2  2  2  0  0.220906  0.779094  
0  0.103178  0.896822  2  2  2  2  2  2  0  0.476038  0.523962  
0  0.203543  0.796457  2  2  2  2  2  2  0  0.577226  0.422774  
1.09683e-42  0.630643  0.369365  2  2  2  2  2  2  0  0.982806  0.0171939  
0  0.730899  0.269101  2  2  2  2  2  2  0  0.324783  0.675217  
0.0798249  0.673306  0.274611  2  2  2  2  2  2  0.0812707  0.532065  0.42997  
0  0.978908  0.0210916  2  2  2  2  2  2  0  0.437297  0.562703  
0  0.898458  0.101542  2  2  2  2  2  2  0  0.182022  0.817978  
0  0.320154  0.679846  2  2  2  2  2  2  0  0.968577  0.031423  
0  0.134375  0.865625  2  2  2  2  2  2  0  0.815464  0.184536  
0  0.540877  0.459123  2  2  2  2  2  2  0  0.587016  0.412984  
0  0.708883  0.291117  2  2  2  2  2  2  0  0.868534  0.131466  
0  0.622008  0.377992  2  2  2  2  2  2  0  0.850969  0.149031  
0.112321  0.772309  0.157327  2  2  2  2  2  2  0  0.147331  0.852669  
0  0.153633  0.846367  2  2  2  2  2  2  0  0.291416  0.708584  
0  0.519455  0.480545  2  2  2  2  2  2  0  0.624445  0.375555  
0  0.687372  0.312628  2  2  2  2  2  2  0  0.333748  0.666252  
0  0.777113  0.222887  2  2  2  2  2  2  0.503807  0.55976  0.00666083  
0  0.123571  0.876429  2  2  2  2  2  2  0  0.421809  0.578191  
0  0.918448  0.0815524  2  2  2  2  2  2  0.398361  0.270967  0.389417  
0  0.485803  0.514197  2  2  2  2  2  2  0.170532  0.853578  0.0225504  
0.354799  0.671466  0  2  2  2  2  2  2  0  0.126175  0.873825  
0  0.502688  0.497312  2  2  2  2  2  2  0  0.163161  0.836839  
0  0.0482525  0.951747  2  2  2  2  2  2  0  0.381556  0.618444  
0  0.580799  0.419201  2  2  2  2  2  2  0  0.0941386  0.905861  
0  0.453476  0.546524  2  2  2  2  2  2  0  0.172731  0.827269  
0.624981  0  0.40432  2  2  2  2  2  2  0  0.203167  0.796833  
0  0.0597034  0.940297  2  2  2  2  2  2  0  0.269926  0.730074  
0  0.562117  0.437883  2  2  2  2  2  2  0  0.27993  0.72007  
0  0.277715  0.722285  2  2  2  2  2  2  0  0.680401  0.319599  
0  0.611851  0.388149  2  2  2  2  2  2  0  0.0568002  0.9432  
0  0.339064  0.660936  2  2  2  2  2  2  0.624981  0  0.40432  
0.152008  0.873265  0.000848781  2  2  2  2  2  2  0  0.0738828  0.926117  
0  0.437297  0.562703  2  2  2  2  2  2  0  0.759516  0.240484  
2.97724e-17  0.591082  0.408918  2  2  2  2  2  2  0.0798249  0.673306  0.274611  
0  0.0925858  0.907414  2  2  2  2  2  2  0.39392  0.254739  0.419638  
0.539511  0.0251437  0.566281  2  2  2  2  2  2  0  0.785372  0.214628  
0  0.750507  0.249493  2  2  2  2  2  2  0  0.370558  0.629442  
0  1  2.68541e-12  2  2  2  2  2  2  0  0.662461  0.337539  
0.49225  0.0284443  0.508876  2  2  2  2  2  2  0  0.0326474  0.967353  
0  0.0386694  0.961338  2  2  2  2  2  2  0  0.0844897  0.91551  
0.39392  0.254739  0.419638  2  2  2  2  2  2  0  0.348606  0.651394  
0  0.0714124  0.928588  2  2  2  2  2  2  0  0.800387  0.199613  
0.191254  0.432347  0.42675  2  2  2  2  2  2  0  0.634084  0.365916  
0  0.230952  0.769048  2  2  2  2  2  2  0  0.00818038  0.99182  
0.072235  0.00195224  0.983824  2  2  2  2  2  2  0.354799  0.671466  0  
0.872953  0.0808728  0.0716498  2  2  2  2  2  2  0  0.116134  0.883866  
0  0.812522  0.187478  2  2  2  2  2  2  0  0.155663  0.844337  
0.121565  0.904882  0.000261385  2  2  2  2  2  2  0  0.734159  0.265841  
0  0.26803  0.73197  2  2  2  2  2  2  0  0.137984  0.862016  
0  0.170844  0.829156  2  2  2  2  2  2  0  0.0504108  0.949589  
0.457702  0.10952  0.444396  2  2  2  2  2  2  0  0.747636  0.252364  
0  0.358503  0.641497  2  2  2  2  2  2  0  0.44978  0.55022  
0.618437  0.401435  0  2  2  2  2  2  2  0  1  0  
0  0  1  2  2  2  2  2  2  0  0.767641  0.232359  
1  0  9.17356e-12  2  2  2  2  2  2  0  0.488018  0.511982  
0  0.65175  0.34825  2  2  2  2  2  2  0  0  1  
0  0.248472  0.751528  2  2  2  2  2  2  0  0.0159954  0.984005  
0  0.222211  0.777789  2  2  2  2  2  2  0  0.505926  0.494074  
0  0.391497  0.608503  2  2  2  2  2  2  0  0.392246  0.607754  
0  0.178101  0.821899  2  2  2  2  2  2  0  0.463906  0.536094  
0  0.412923  0.587077  2  2  2  2  2  2  0  0.642844  0.357156  
0.121279  0.838171  0.0647795  2  2  2  2  2  2  0.18978  0.429015  0.423461  
0.836228  0.177168  9.38944e-05  2  2  2  2  2  2  0  0.412601  0.587399  
0  0.797399  0.202601  2  2  2  2  2  2  0  0.341853  0.658147  
0  0.25849  0.74151  2  2  2  2  2  2  0.489435  0.0282816  0.505966  
0.482615  0.536214  0.00634797  2  2  2  2  2  2  0  0.0685443  0.931456  
0.486617  0.544653  0.00228097  2  2  2  2  2  2  0  0.105481  0.894519  
0.0806751  0.528166  0.426819  2  2  2  2  2  2  0  0.230421  0.769579  
0  0.308917  0.691083  2  2  2  2  2  2  0  0.914859  0.085141  
0  0.38081  0.61919  2  2  2  2  2  2  1  0  9.17356e-12  
0  0.329037  0.670963  2  2  2  2  2  2  0  0.0239901  0.97601  
0.169868  0.798782  0.0727561  2  2  2  2  2  2  0  0.948604  0.0513958  
0  0.423642  0.576358  2  2  2  2  2  2  0  0.65175  0.34825  
0  0.0323701  0.96763  2  2  2  2  2  2  0  0.710871  0.289129  
0  0.83942  0.16058  2  2  2  2  2  2  0.836228  0.177168  9.38944e-05  
0  0.880095  0.119905  2  2  2  2  2  2  0.120561  0.897411  5.49061e-05  
0  0.402221  0.597779  2  2  2  2  2  2  0  0.211633  0.788367  
0  0.23974  0.76026  2  2  2  2  2  2  0  0.82941  0.17059  
0.391299  0.266163  0.382514  2  2  2  2  2  2  0  0.311455  0.688545  
0  0.288675  0.711325  2  2  2  2  2  2  0  0.259745  0.740255  
0  0.159957  0.840043  2  2  2  2  2  2  0  0.604044  0.395956  
0  0.112199  0.887801  2  2  2  2  2  2  0  0.881257  0.118743  
0  0.940282  0.0597181  2  2  2  2  2  2  0  0.931631  0.0683688  
0  0.0227306  0.977269  2  2  2  2  2  2  0.110443  0.759398  0.154859  
0  0.298797  0.701203  2  2  2  2  2  2  0  0.569247  0.430753  
0  0.370302  0.629698  2  2  2  2  2  2  0  0.0415879  0.958412  
0  0.471247  0.528753  2  2  2  2  2  2  0.457702  0.10952  0.444396  
0  0.960174  0.0398261  2  2  2  2  2  2  0  0.593872  0.406128  
0  0.642844  0.357156  2  2  2  2  2  2  0  0.192846  0.807154  
0  0.0819807  0.918019  2  2  2  2  2  2  0.614626  0.398961  0  
0  0.213345  0.786655  2  2  2  2  2  2  0  0.361957  0.638043  
0  0.18702  0.81298  2  2  2  2  2  2  0  0.520459  0.479541  
0  0.859996  0.140004  2  2  2  2  2  2  0  0.301374  0.698626  
0  0.660486  0.339514  2  2  2  2  2  2  0  0.54484  0.45516  
0  0.604044  0.395956  2  2  2  2  2  2  0  0.402327  0.597673  
0  0.141524  0.858476  2  2  2  2  2  2  0  0.898082  0.101918  
0  0.744227  0.255773  2  2  2  2  2  2  0  0.614293  0.385707  
0.166468  0.833236  0.022013  2  2  2  2  2  2  0  0.249022  0.750978  
0  0.349483  0.650517  2  2  2  2  2  2  0  0.23974  0.76026  
0  0.195822  0.804178  2  2  2  2  2  2  0  0.221039  0.778961  
0  0.102026  0.897974  2  2  2  2  2  2  0  0.477711  0.522289  
0  0.204522  0.795478  2  2  2  2  2  2  0.0799899  0.534834  0.412763  
0  0.633918  0.366082  2  2  2  2  2  2  0  0.982734  0.0172662  
0  0.734529  0.265471  2  2  2  2  2  2  0  0.32159  0.67841  
0.0789476  0.665907  0.271261  2  2  2  2  2  2  0.0806751  0.528166  0.426819  
0  0.980104  0.0198959  2  2  2  2  2  2  0  0.436331  0.563669  
0  0.900224  0.0997765  2  2  2  2  2  2  0  0.183461  0.816539  
0  0.318989  0.681011  2  2  2  2  2  2  0  0.96583  0.0341699  
0  0.132238  0.867762  2  2  2  2  2  2  0  0.810469  0.189531  
0  0.543323  0.456677  2  2  2  2  2  2  0.169868  0.798782  0.0727561  
0  0.709507  0.290493  2  2  2  2  2  2  0  0.864429  0.135571  
0  0.624445  0.375555  2  2  2  2  2  2  0  0.847757  0.152243  
0.110443  0.759398  0.154859  2  2  2  2  2  2  0  0.145081  0.854919  
0  0.150829  0.849171  2  2  2  2  2  2  0  0.291119  0.708881  
0  0.518476  0.481524  2  2  2  2  2  2  0  0.624445  0.375555  
0  0.685072  0.314928  2  2  2  2  2  2  0  0.331789  0.668211  
0  0.775897  0.224103  2  2  2  2  2  2  0.482615  0.536214  0.00634797  
0  0.122303  0.877697  2  2  2  2  2  2  0  0.422617  0.577383  
0  0.920378  0.0796216  2  2  2  2  2  2  0.391299  0.266163  0.382514  
0  0.487  0.513  2  2  2  2  2  2  0.166468  0.833236  0.022013  
0.352364  0.666858  0  2  2  2  2  2  2  0  0.125258  0.874742  
0  0.502655  0.497345  2  2  2  2  2  2  0  0.164494  0.835506  
0  0.0520115  0.947988  2  2  2  2  2  2  0  0.382196  0.617804  
0.0799899  0.534834  0.412763  2  2  2  2  2  2  0  0.0961135  0.903886  
0  0.455334  0.544666  2  2  2  2  2  2  0  0.173977  0.826023  
0.615439  0  0.398147  2  2  2  2  2  2  0  0.202221  0.797779  
0  0.0618528  0.938147  2  2  2  2  2  2  0  0.270315  0.729685  
0  0.568172  0.431828  2  2  2  2  2  2  0  0.280745  0.719255  
0  0.278584  0.721416  2  2  2  2  2  2  0  0.686339  0.313661  
0  0.614293  0.385707  2  2  2  2  2  2  0  0.0595011  0.940499  
0  0.339133  0.660867  2  2  2  2  2  2  0.615439  0  0.398147  
0.152008  0.873265  0.000848781  2  2  2  2  2  2  0  0.077555  0.922445  
0  0.439437  0.560563  2  2  2  2  2  2  0  0.750873  0.249127  
0  0.593872  0.406128  2  2  2  2  2  2  0.0789476  0.665907  0.271261  
0  0.0920678  0.907932  2  2  2  2  2  2  0.386305  0.249815  0.411592  
0.539511  0.0251437  0.566281  2  2  2  2  2  2  0  0.772716  0.227284  
0  0.754369  0.245631  2  2  2  2  2  2  0  0.371973  0.628027  
0  1  2.68541e-12  2  2  2  2  2  2  0  0.660547  0.339453  
0.489435  0.0282816  0.505966  2  2  2  2  2  2  0  0.0327942  0.967206  
0  0.0421976  0.957802  2  2  2  2  2  2  0  0.0868222  0.913178  
0.386305  0.249815  0.411592  2  2  2  2  2  2  0  0.351889  0.648111  
0  0.0718993  0.928101  2  2  2  2  2  2  0  0.791732  0.208268  
0.18978  0.429015  0.423461  2  2  2  2  2  2  0  0.633918  0.366082  
0  0.230996  0.769004  2  2  2  2  2  2  0  0.00801913  0.991981  
0.072235  0.00195224  0.983824  2  2  2  2  2  2  0.352364  0.666858  0  
0.872953  0.0808728  0.0716498  2  2  2  2  2  2  0  0.115331  0.884669  
0  0.818568  0.181432  2  2  2  2  2  2  0  0.154766  0.845234  
0.120561  0.897411  5.49061e-05  2  2  2  2  2  2  0.486617  0.544653  0.00228097  
0  0.268514  0.731486  2  2  2  2  2  2  0  0.135253  0.864747  
0  0.169086  0.830914  2  2  2  2  2  2  0  0.0505536  0.949446  
0.457702  0.10952  0.444396  2  2  2  2  2  2  0  0.737457  0.262543  
0  0.359784  0.640216  2  2  2  2  2  2  0  0.450116  0.549884  
0.614626  0.398961  0  2  2  2  2  2  2  0  1  0  
0  0  1  2  2  2  2  2  2  0.121279  0.838171  0.0647795  
1  0  9.17356e-12  2  2  2  2  2  2  0  0.49167  0.50833  
0  0.651281  0.348719  2  2  2  2  2  2  0  0  1  
0  0.249435  0.750565  2  2  2  2  2  2  0  0.0159796  0.98402  
0  0.222154  0.777846  2  2  2  2  2  2  0  0.509646  0.490354  
0  0.391798  0.608202  2  2  2  2  2  2  0  0.390735  0.609265  
0  0.177764  0.822236  2  2  2  2  2  2  0  0.463588  0.536412  
0  0.413818  0.586182  2  2  2  2  2  2  0  0.647262  0.352738  
0.121166  0.83739  0.0647191  2  2  2  2  2  2  0.186808  0.422297  0.41683  
0.835997  0.177119  9.38685e-05  2  2  2  2  2  2  0  0.40954  0.59046  
0  0.793682  0.206318  2  2  2  2  2  2  0  0.3418  0.6582  
0  0.258936  0.741064  2  2  2  2  2  2  0.488493  0.0282272  0.504992  
0.479391  0.532632  0.00630556  2  2  2  2  2  2  0  0.0687573  0.931243  
0.481161  0.538928  0.00186005  2  2  2  2  2  2  0  0.105567  0.894433  
0.0794388  0.521172  0.419999  2  2  2  2  2  2  0  0.23068  0.76932  
0  0.308893  0.691107  2  2  2  2  2  2  0  0.914859  0.085141  
0  0.381064  0.618936  2  2  2  2  2  2  1  0  9.17356e-12  
0  0.329119  0.670881  2  2  2  2  2  2  0  0.02392  0.97608  
0.167911  0.789583  0.0729818  2  2  2  2  2  2  0  0.948788  0.0512124  
0  0.427727  0.572273  2  2  2  2  2  2  0.356048  0.618826  0.0549032  
0  0.0325164  0.967484  2  2  2  2  2  2  0  0.710267  0.289733  
0  0.837908  0.162092  2  2  2  2  2  2  0.835997  0.177119  9.38685e-05  
0  0.87974  0.12026  2  2  2  2  2  2  0.120172  0.894639  0.000113505  
0  0.402796  0.597204  2  2  2  2  2  2  0  0.211695  0.788305  
0  0.240115  0.759885  2  2  2  2  2  2  0  0.827329  0.172671  
0.388262  0.264097  0.379544  2  2  2  2  2  2  0  0.311347  0.688653  
0  0.288675  0.711325  2  2  2  2  2  2  0  0.260131  0.739869  
0  0.159482  0.840518  2  2  2  2  2  2  0  0.605691  0.394309  
0  0.111722  0.888278  2  2  2  2  2  2  0  0.881036  0.118964  
0  0.940282  0.0597181  2  2  2  2  2  2  0  0.931746  0.0682537  
0  0.0227306  0.977269  2  2  2  2  2  2  0.109941  0.755947  0.154155  
0  0.298797  0.701203  2  2  2  2  2  2  0  0.574337  0.425663  
0  0.370473  0.629527  2  2  2  2  2  2  0  0.0416865  0.958314  
0  0.470944  0.529056  2  2  2  2  2  2  0.45762  0.1095  0.444317  
0  0.960174  0.0398261  2  2  2  2  2  2  0  0.596085  0.403915  
0  0.642134  0.357866  2  2  2  2  2  2  0  0.192707  0.807293  
0  0.0818851  0.918115  2  2  2  2  2  2  0.613003  0.397907  0  
0  0.213345  0.786655  2  2  2  2  2  2  0  0.361924  0.638076  
0  0.186856  0.813144  2  2  2  2  2  2  0  0.531123  0.468877  
0  0.85936  0.14064  2  2  2  2  2  2  0  0.30117  0.69883  
0  0.660511  0.339489  2  2  2  2  2  2  0  0.552519  0.447481  
0  0.604844  0.395156  2  2  2  2  2  2  0  0.400235  0.599765  
0  0.140659  0.859341  2  2  2  2  2  2  0  0.897972  0.102028  
0  0.748855  0.251145  2  2  2  2  2  2  0  0.615352  0.384648  
0.165946  0.830626  0.0214888  2  2  2  2  2  2  0  0.250144  0.749856  
0  0.349634  0.650366  2  2  2  2  2  2  0  0.240115  0.759885  
0  0.195755  0.804245  2  2  2  2  2  2  0  0.221162  0.778838  
0  0.101686  0.898314  2  2  2  2  2  2  0  0.478612  0.521388  
0  0.204544  0.795456  2  2  2  2  2  2  0.0794699  0.531357  0.41008  
0  0.632926  0.367074  2  2  2  2  2  2  0  0.982885  0.0171149  
0  0.736931  0.263069  2  2  2  2  2  2  0  0.32149  0.67851  
0.0788898  0.665419  0.271062  2  2  2  2  2  2  0.0794388  0.521172  0.419999  
0  0.980104  0.0198959  2  2  2  2  2  2  0  0.433829  0.566171  
0  0.900049  0.0999507  2  2  2  2  2  2  0  0.183252  0.816748  
0  0.318989  0.681011  2  2  2  2  2  2  0  0.965802  0.0341976  
0  0.131245  0.868755  2  2  2  2  2  2  0  0.808423  0.191577  
0  0.54209  0.45791  2  2  2  2  2  2  0.167911  0.789583  0.0729818  
0  0.71151  0.28849  2  2  2  2  2  2  0  0.86402  0.13598  
0  0.623639  0.376361  2  2  2  2  2  2  0  0.846722  0.153278  
0.109941  0.755947  0.154155  2  2  2  2  2  2  0  0.144841  0.855159  
0  0.15015  0.84985  2  2  2  2  2  2  0  0.290879  0.709121  
0  0.515295  0.484705  2  2  2  2  2  2  0  0.62567  0.37433  
0  0.686055  0.313945  2  2  2  2  2  2  0  0.331715  0.668285  
0  0.771389  0.228611  2  2  2  2  2  2  0.479391  0.532632  0.00630556  
0  0.121595  0.878405  2  2  2  2  2  2  0  0.418691  0.581309  
0  0.920278  0.0797222  2  2  2  2  2  2  0.388262  0.264097  0.379544  
0  0.48572  0.51428  2  2  2  2  2  2  0.165946  0.830626  0.0214888  
0.351459  0.665145  0  2  2  2  2  2  2  0  0.125258  0.874742  
0  0.500508  0.499492  2  2  2  2  2  2  0  0.164152  0.835848  
0  0.0522699  0.94773  2  2  2  2  2  2  0  0.38127  0.61873  
0.0794699  0.531357  0.41008  2  2  2  2  2  2  0  0.0961758  0.903824  
0  0.456529  0.543471  2  2  2  2  2  2  0  0.173723  0.826277  
0.614031  0  0.397238  2  2  2  2  2  2  0  0.202221  0.797779  
0  0.0621411  0.937859  2  2  2  2  2  2  0  0.270212  0.729788  
0  0.568861  0.431139  2  2  2  2  2  2  0  0.280541  0.719459  
0  0.278584  0.721416  2  2  2  2  2  2  0  0.684288  0.315712  
0  0.614304  0.385696  2  2  2  2  2  2  0  0.0596282  0.940372  
0  0.339304  0.660696  2  2  2  2  2  2  0.614031  0  0.397238  
0.152008  0.873265  0.000848781  2  2  2  2  2  2  0  0.0778044  0.922196  
0  0.441964  0.558036  2  2  2  2  2  2  0  0.74824  0.25176  
0  0.595313  0.404687  2  2  2  2  2  2  0.0788898  0.665419  0.271062  
0  0.0918135  0.908186  2  2  2  2  2  2  0.38152  0.24672  0.406494  
0.539511  0.0251437  0.566281  2  2  2  2  2  2  0  0.768594  0.231406  
0.356048  0.618826  0.0549032  2  2  2  2  2  2  0  0.371489  0.628511  
0  1  2.68541e-12  2  2  2  2  2  2  0  0.658153  0.341847  
0.488493  0.0282272  0.504992  2  2  2  2  2  2  0  0.0327942  0.967206  
0  0.0423286  0.957671  2  2  2  2  2  2  0  0.0869236  0.913076  
0.38152  0.24672  0.406494  2  2  2  2  2  2  0  0.351889  0.648111  
0  0.0720358  0.927964  2  2  2  2  2  2  0  0.788637  0.211363  
0.186808  0.422297  0.41683  2  2  2  2  2  2  0  0.636338  0.363662  
0  0.231209  0.768791  2  2  2  2  2  2  0  0.00798847  0.992012  
0.072235  0.00195224  0.983824  2  2  2  2  2  2  0.351459  0.665145  0  
0.872953  0.0808728  0.0716498  2  2  2  2  2  2  0  0.115403  0.884597  
0  0.815897  0.184103  2  2  2  2  2  2  0  0.154605  0.845395  
0.120232  0.895081  1.60564e-05  2  2  2  2  2  2  0.481161  0.538928  0.00186005  
0  0.268661  0.731339  2  2  2  2  2  2  0  0.135119  0.864881  
0  0.168646  0.831354  2  2  2  2  2  2  0  0.0506234  0.949377  
0.45762  0.1095  0.444317  2  2  2  2  2  2  0  0.7365  0.2635  
0  0.360051  0.639949  2  2  2  2  2  2  0  0.448541  0.551459  
0.613003  0.397907  0  2  2  2  2  2  2  0  1  0  
0  0  1  2  2  2  2  2  2  0.121166  0.83739  0.0647191  
1  0  9.17356e-12  2  2  2  2  2  2  0  0.494031  0.505969  
0  0.656164  0.343836  2  2  2  2  2  2  0  0  1  
0  0.249527  0.750473  2  2  2  2  2  2  0  0.0151697  0.98483  
0  0.222119  0.777881  2  2  2  2  2  2  0  0.507584  0.492416  
0  0.392342  0.607658  2  2  2  2  2  2  0  0.390398  0.609602  
0  0.177366  0.822634  2  2  2  2  2  2  0  0.463441  0.536559  
0  0.414107  0.585893  2  2  2  2  2  2  0  0.65447  0.34553  
0.12  0.829334  0.0640965  2  2  2  2  2  2  0.186613  0.421856  0.416395  
0.832312  0.176339  9.34547e-05  2  2  2  2  2  2  0  0.409254  0.590746  
0  0.79258  0.20742  2  2  2  2  2  2  0  0.341482  0.658518  
0  0.259396  0.740604  2  2  2  2  2  2  0.48772  0.0281825  0.504193  
0.479299  0.53253  0.00630435  2  2  2  2  2  2  0  0.0682527  0.931747  
0.47925  0.536788  0.00185266  2  2  2  2  2  2  0  0.102914  0.897086  
0.0786584  0.516052  0.415873  2  2  2  2  2  2  0  0.230109  0.769891  
0  0.30895  0.69105  2  2  2  2  2  2  0  0.914475  0.0855246  
0  0.381517  0.618483  2  2  2  2  2  2  1  0  9.17356e-12  
0  0.329231  0.670769  2  2  2  2  2  2  0  0.0234692  0.976531  
0.166386  0.782409  0.0723187  2  2  2  2  2  2  0  0.948788  0.0512124  
0  0.428206  0.571794  2  2  2  2  2  2  0.351332  0.61063  0.0541759  
0  0.0327942  0.967206  2  2  2  2  2  2  0  0.710673  0.289327  
0  0.836569  0.163431  2  2  2  2  2  2  0.832312  0.176339  9.34547e-05  
0  0.876185  0.123815  2  2  2  2  2  2  0.120123  0.894273  0  
0  0.403203  0.596797  2  2  2  2  2  2  0  0.211512  0.788488  
0  0.239715  0.760285  2  2  2  2  2  2  0  0.8246  0.1754  
0.386998  0.263237  0.378309  2  2  2  2  2  2  0  0.311322  0.688678  
0  0.288876  0.711124  2  2  2  2  2  2  0  0.260164  0.739836  
0  0.15888  0.84112  2  2  2  2  2  2  0.0791754  0.574477  0.363175  
0  0.111453  0.888547  2  2  2  2  2  2  0  0.879626  0.120374  
0  0.931651  0.0683492  2  2  2  2  2  2  0  0.931651  0.0683492  
0  0.0231999  0.9768  2  2  2  2  2  2  0.109674  0.75411  0.15378  
0  0.298855  0.701145  2  2  2  2  2  2  0  0.574756  0.425244  
0  0.370936  0.629064  2  2  2  2  2  2  0  0.0416032  0.958397  
0  0.469489  0.530511  2  2  2  2  2  2  0.457519  0.109476  0.444219  
0  0.965802  0.0341976  2  2  2  2  2  2  0  0.598255  0.401745  
0  0.645347  0.354653  2  2  2  2  2  2  0  0.192707  0.807293  
0  0.0818851  0.918115  2  2  2  2  2  2  0.613003  0.397907  0  
0  0.213381  0.786619  2  2  2  2  2  2  0  0.361228  0.638772  
0  0.186488  0.813512  2  2  2  2  2  2  0  0.53032  0.46968  
0  0.858218  0.141782  2  2  2  2  2  2  0  0.301125  0.698875  
0  0.948788  0.0512124  2  2  2  2  2  2  0  0.55277  0.44723  
0  0.549868  0.450132  2  2  2  2  2  2  0  0.399946  0.600054  
0  0.140286  0.859714  2  2  2  2  2  2  0  0.897309  0.102691  
0  0.747833  0.252167  2  2  2  2  2  2  0  0.620424  0.379576  
0.165937  0.830581  0.0214847  2  2  2  2  2  2  0  0.249781  0.750219  
0  0.349731  0.650269  2  2  2  2  2  2  0  0.239311  0.760689  
0  0.195621  0.804379  2  2  2  2  2  2  0  0.220928  0.779072  
0  0.101604  0.898396  2  2  2  2  2  2  0  0.4784  0.5216  
0  0.204488  0.795512  2  2  2  2  2  2  0.0794785  0.531414  0.409994  
0  0.627246  0.372754  2  2  2  2  2  2  0  0.982885  0.0171149  
0  0.736667  0.263333  2  2  2  2  2  2  0  0.321427  0.678573  
0.0785978  0.662956  0.270059  2  2  2  2  2  2  0.0786584  0.516052  0.415873  
0  0.982885  0.0171149  2  2  2  2  2  2  0  0.433573  0.566427  
0  0.896364  0.103636  2  2  2  2  2  2  0  0.183252  0.816748  
0  0.319069  0.680931  2  2  2  2  2  2  0  0.965802  0.0341976  
0  0.13072  0.86928  2  2  2  2  2  2  0  0.806079  0.193921  
0  0.529767  0.470233  2  2  2  2  2  2  0.166386  0.782409  0.0723187  
0  0.710673  0.289327  2  2  2  2  2  2  0  0.861665  0.138335  
0.0791754  0.574477  0.363175  2  2  2  2  2  2  0  0.843199  0.156801  
0.109674  0.75411  0.15378  2  2  2  2  2  2  0  0.146353  0.853647  
0  0.149634  0.850366  2  2  2  2  2  2  0  0.290879  0.709121  
0  0.509286  0.490714  2  2  2  2  2  2  0  0.120004  0.879996  
0  0.683069  0.316931  2  2  2  2  2  2  0  0.331464  0.668536  
0  0.770063  0.229937  2  2  2  2  2  2  0.479299  0.53253  0.00630435  
0  0.121072  0.878928  2  2  2  2  2  2  0  0.41846  0.58154  
0  0.914475  0.0855246  2  2  2  2  2  2  0.386998  0.263237  0.378309  
0  0.483075  0.516925  2  2  2  2  2  2  0.165937  0.830581  0.0214847  
0.351441  0.665111  0  2  2  2  2  2  2  0  0.128682  0.871318  
0  0.496223  0.503777  2  2  2  2  2  2  0  0.164475  0.835525  
0  0.0522699  0.94773  2  2  2  2  2  2  0  0.380806  0.619194  
0.0794785  0.531414  0.409994  2  2  2  2  2  2  0  0.0944081  0.905592  
0  0.455799  0.544201  2  2  2  2  2  2  0  0.173864  0.826136  
0.613354  0  0.3968  2  2  2  2  2  2  0  0.202053  0.797947  
0  0.0621411  0.937859  2  2  2  2  2  2  0  0.270374  0.729626  
0  0.569508  0.430492  2  2  2  2  2  2  0  0.28059  0.71941  
0  0.278923  0.721077  2  2  2  2  2  2  0  0.683069  0.316931  
0  0.60789  0.39211  2  2  2  2  2  2  0  0.0594484  0.940552  
0  0.339458  0.660542  2  2  2  2  2  2  0.613354  0  0.3968  
0.152008  0.873265  0.000848781  2  2  2  2  2  2  0  0.0771319  0.922868  
0  0.442015  0.557985  2  2  2  2  2  2  0  0.747162  0.252838  
0  0.589071  0.410929  2  2  2  2  2  2  0.0785978  0.662956  0.270059  
0  0.0917689  0.908231  2  2  2  2  2  2  0.374974  0.242487  0.399519  
0.492511  0.0166902  0.520835  2  2  2  2  2  2  0  0.76701  0.23299  
0.351332  0.61063  0.0541759  2  2  2  2  2  2  0  0.371047  0.628953  
0  1  2.68541e-12  2  2  2  2  2  2  0.492511  0.0166902  0.520835  
0.48772  0.0281825  0.504193  2  2  2  2  2  2  0  0.0324377  0.967562  
0  0.0425423  0.957458  2  2  2  2  2  2  0  0.0858357  0.914164  
0.374974  0.242487  0.399519  2  2  2  2  2  2  0  0.351427  0.648573  
0  0.0720358  0.927964  2  2  2  2  2  2  0  0.786629  0.213371  
0.186613  0.421856  0.416395  2  2  2  2  2  2  0  0.643475  0.356525  
0  0.230981  0.769019  2  2  2  2  2  2  0  0.00765752  0.992342  
0.072235  0.00195224  0.983824  2  2  2  2  2  2  0.351441  0.665111  0  
0.872953  0.0808728  0.0716498  2  2  2  2  2  2  0  0.111554  0.888446  
0  0.814703  0.185297  2  2  2  2  2  2  0  0.155375  0.844625  
0.120123  0.894273  0  2  2  2  2  2  2  0.47925  0.536788  0.00185266  
0  0.269177  0.730823  2  2  2  2  2  2  0  0.13747  0.86253  
0  0.168247  0.831753  2  2  2  2  2  2  0  0.0506234  0.949377  
0.457519  0.109476  0.444219  2  2  2  2  2  2  0  0.736525  0.263475  
0  0.360355  0.639645  2  2  2  2  2  2  0  0.448612  0.551388  
0.613003  0.397907  0  2  2  2  2  2  2  0  1  0  
0  0  1  2  2  2  2  2  2  0.12  0.829334  0.0640965  
1  0  9.17356e-12  2  2  2  2  2  2  0  0.492835  0.507165  
0  0.658486  0.341514  2  2  2  2  2  2  0  0  1  
0  0.24689  0.75311  2  2  2  2  2  2  0  0.00989176  0.990108  
0  0.226075  0.773925  2  2  2  2  2  2  0  0.506854  0.493146  
7.67756e-24  0.391915  0.608085  2  2  2  2  2  2  0  0.392303  0.607697  
6.96251e-35  0.177434  0.822566  2  2  2  2  2  2  0  0.460837  0.539163  
0  0.412875  0.587125  2  2  2  2  2  2  0  0.658486  0.341514  
0.119833  0.828176  0.064007  2  2  2  2  2  2  0.185278  0.418839  0.4134  
0.832312  0.176339  9.34547e-05  2  2  2  2  2  2  0  0.413497  0.586503  
0  0.78264  0.21736  2  2  2  2  2  2  0  0.341355  0.658645  
1.94425e-35  0.257692  0.742308  2  2  2  2  2  2  0.486065  0.0280869  0.502482  
0.477172  0.530166  0.00627887  2  2  2  2  2  2  0  0.0674556  0.932544  
0.478948  0.53645  0.00184836  2  2  2  2  2  2  0  0.102846  0.897154  
0.0786207  0.515805  0.415674  2  2  2  2  2  2  0  0.229994  0.770006  
8.64433e-30  0.309027  0.690973  2  2  2  2  2  2  2.80473e-35  0.918816  0.0811845  
0  0.381517  0.618483  2  2  2  2  2  2  1  0  9.17356e-12  
0  0.329363  0.670637  2  2  2  2  2  2  0  0.0199097  0.98009  
0.166206  0.781566  0.0722407  2  2  2  2  2  2  3.36827e-38  0.959211  0.0407888  
0  0.428209  0.571791  2  2  2  2  2  2  0.350551  0.609272  0.0540555  
0  0.0329174  0.967083  2  2  2  2  2  2  3.74044e-36  0.709228  0.290772  
0  0.840015  0.159985  2  2  2  2  2  2  0.832312  0.176339  9.34547e-05  
1.70259e-35  0.877099  0.122901  2  2  2  2  2  2  0.120089  0.894017  0  
0  0.402383  0.597617  2  2  2  2  2  2  0  0.211449  0.788551  
1.45476e-33  0.236106  0.763894  2  2  2  2  2  2  0  0.821795  0.178205  
0.38542  0.262164  0.376766  2  2  2  2  2  2  0  0.311252  0.688748  
0  0.288951  0.711049  2  2  2  2  2  2  0  0.259899  0.740101  
0  0.158768  0.841232  2  2  2  2  2  2  0.0787354  0.571284  0.361157  
0  0.111047  0.888953  2  2  2  2  2  2  5.85807e-38  0.879347  0.120653  
0  0.930308  0.0696919  2  2  2  2  2  2  9.24135e-37  0.938885  0.061115  
0  0.023389  0.976611  2  2  2  2  2  2  0.109236  0.751103  0.153167  
0  0.298974  0.701026  2  2  2  2  2  2  4.10669e-39  0.580652  0.419348  
0  0.371045  0.628955  2  2  2  2  2  2  0  0.0393247  0.960675  
0  0.474536  0.525464  2  2  2  2  2  2  0.457519  0.109476  0.444219  
5.13115e-35  0.965253  0.0347474  2  2  2  2  2  2  0  0.606338  0.393662  
0.0793362  0.604566  0.335636  2  2  2  2  2  2  0  0.192758  0.807242  
0  0.0817314  0.918269  2  2  2  2  2  2  0.613003  0.397907  0  
2.36034e-36  0.216161  0.783839  2  2  2  2  2  2  0  0.36159  0.63841  
0  0.186825  0.813175  2  2  2  2  2  2  0  0.530999  0.469001  
2.69534e-37  0.858859  0.141141  2  2  2  2  2  2  0  0.301125  0.698875  
0  0.947715  0.0522855  2  2  2  2  2  2  1.15565e-38  0.55597  0.44403  
1.15565e-38  0.55597  0.44403  2  2  2  2  2  2  1.97627e-33  0.40286  0.59714  
0  0.139897  0.860103  2  2  2  2  2  2  6.34944e-42  0.898882  0.101118  
0  0.744131  0.255869  2  2  2  2  2  2  4.47547e-39  0.632794  0.367206  
0.165937  0.830581  0.0214847  2  2  2  2  2  2  0  0.249578  0.750422  
0  0.350032  0.649968  2  2  2  2  2  2  0  0.239173  0.760827  
0  0.196395  0.803605  2  2  2  2  2  2  0  0.220751  0.779249  
0  0.101269  0.898731  2  2  2  2  2  2  0  0.476209  0.523791  
0  0.206152  0.793848  2  2  2  2  2  2  0.0788543  0.527241  0.406812  
4.47547e-39  0.632794  0.367206  2  2  2  2  2  2  0  0.979591  0.0204088  
0  0.735006  0.264994  2  2  2  2  2  2  0  0.321291  0.678709  
0.0784947  0.662086  0.269704  2  2  2  2  2  2  0.0786207  0.515805  0.415674  
0  0.982694  0.0173059  2  2  2  2  2  2  0  0.429605  0.570395  
0  0.895128  0.104872  2  2  2  2  2  2  0  0.18357  0.81643  
0  0.319122  0.680878  2  2  2  2  2  2  0.496622  0.000676056  0.540808  
0  0.1304  0.8696  2  2  2  2  2  2  0  0.802123  0.197877  
0  0.530999  0.469001  2  2  2  2  2  2  0.166206  0.781566  0.0722407  
4.38849e-35  0.709228  0.290772  2  2  2  2  2  2  2.48772e-39  0.860766  0.139234  
0.0787354  0.571284  0.361157  2  2  2  2  2  2  0  0.841408  0.158592  
0.109236  0.751103  0.153167  2  2  2  2  2  2  1.25414e-38  0.147183  0.852817  
0  0.149393  0.850607  2  2  2  2  2  2  0  0.290879  0.709121  
0  0.506007  0.493993  2  2  2  2  2  2  0  0.120417  0.879583  
0  0.683689  0.316311  2  2  2  2  2  2  0  0.331274  0.668726  
0  0.763323  0.236677  2  2  2  2  2  2  0.477172  0.530166  0.00627887  
0  0.120779  0.879221  2  2  2  2  2  2  0  0.735006  0.264994  
1.07903e-34  0.912793  0.0872066  2  2  2  2  2  2  0.38542  0.262164  0.376766  
0  0.490083  0.509917  2  2  2  2  2  2  0.165937  0.830581  0.0214847  
0.350787  0.663873  0  2  2  2  2  2  2  0  0.129298  0.870702  
0.166542  0.747945  0.10759  2  2  2  2  2  2  0  0.16517  0.83483  
0  0.0522699  0.94773  2  2  2  2  2  2  0  0.381953  0.618047  
0.0788543  0.527241  0.406812  2  2  2  2  2  2  0  0.0941435  0.905857  
1.05853e-32  0.459097  0.540903  2  2  2  2  2  2  0  0.174433  0.825567  
0.613354  0  0.3968  2  2  2  2  2  2  0  0.202111  0.797889  
0  0.0621411  0.937859  2  2  2  2  2  2  0  0.270274  0.729726  
1.00931e-36  0.580652  0.419348  2  2  2  2  2  2  0  0.28059  0.71941  
0  0.2788  0.7212  2  2  2  2  2  2  0  0.683689  0.316311  
0  0.80168  0.19832  2  2  2  2  2  2  0  0.0580462  0.941954  
0  0.339631  0.660369  2  2  2  2  2  2  0.613354  0  0.3968  
0.152008  0.873265  0.000848781  2  2  2  2  2  2  0  0.0764371  0.923563  
0  0.443617  0.556383  2  2  2  2  2  2  0.120125  0.882915  0.011372  
0  0.606338  0.393662  2  2  2  2  2  2  0.0784947  0.662086  0.269704  
0  0.0915361  0.908464  2  2  2  2  2  2  0.374974  0.242487  0.399519  
0.486533  0.0164876  0.514633  2  2  2  2  2  2  0  0.763323  0.236677  
0.350551  0.609272  0.0540555  2  2  2  2  2  2  0  0.371727  0.628273  
0  1  2.68541e-12  2  2  2  2  2  2  0.486533  0.0164876  0.514633  
0.486065  0.0280869  0.502482  2  2  2  2  2  2  0  0.0297683  0.970232  
0  0.0425827  0.957417  2  2  2  2  2  2  0  0.0851863  0.914814  
0.374974  0.242487  0.399519  2  2  2  2  2  2  0  0.351503  0.648497  
0  0.0719679  0.928032  2  2  2  2  2  2  0  0.782739  0.217261  
0.185278  0.418839  0.4134  2  2  2  2  2  2  0.0793362  0.604566  0.335636  
0.496622  0.000676056  0.540808  2  2  2  2  2  2  0.166542  0.747945  0.10759  
0.072235  0.00195224  0.983824  2  2  2  2  2  2  0.350787  0.663873  0  
0.872953  0.0808728  0.0716498  2  2  2  2  2  2  0  0.111624  0.888376  
0  0.821035  0.178965  2  2  2  2  2  2  1.45885e-39  0.15616  0.84384  
0.120089  0.894017  0  2  2  2  2  2  2  0.478948  0.53645  0.00184836  
0  0.268325  0.731675  2  2  2  2  2  2  7.29025e-37  0.138231  0.861769  
0  0.168138  0.831862  2  2  2  2  2  2  0  0.0487788  0.951221  
0.457519  0.109476  0.444219  2  2  2  2  2  2  0  0.744131  0.255869  
0  0.360494  0.639506  2  2  2  2  2  2  0  0.445382  0.554618  
0.613003  0.397907  0  2  2  2  2  2  2  0  1  0  
0  0  1  2  2  2  2  2  2  0.119833  0.828176  0.064007  
1  0  9.17356e-12  2  2  2  2  2  2  1.02192e-38  0.491635  0.508365  
5.44662e-36  0.657961  0.342039  2  2  3.5242  2  2  3.5242  0  0  1  
0  0.246782  0.753218  2  2  3.5242  2  2  3.5242  1.76982e-63  0.00973415  0.990266  
0  0.226108  0.773892  2  2  3.5242  2  2  3.5242  0  0.507103  0.492897  
0  0.391971  0.608029  2  2  3.5242  2  2  3.5242  0  0.39262  0.60738  
1.6001e-49  0.17758  0.82242  2  2  3.5242  2  2  3.5242  0  0.460747  0.539253  
0  0.412819  0.587181  2  2  3.5242  2  2  3.5242  4.83081e-66  0.657961  0.342039  
0.119699  0.827252  0.0639937  2  2  3.5242  2  2  3.5242  0.184977  0.418163  0.41273  
0.831588  0.176185  9.33734e-05  2  2  3.5242  2  2  3.5242  2.47982e-65  0.413378  0.586622  
0  0.782523  0.217477  2  2  3.5242  2  2  3.5242  0  0.341424  0.658576  
0  0.257387  0.742613  2  2  3.5242  2  2  3.5242  0.48571  0.0280663  0.502115  
0.475875  0.528725  0.00626181  2  2  3.5242  2  2  3.5242  3.36811e-70  0.0665599  0.93344  
0.478366  0.537042  0.000595222  2  2  3.5242  2  2  3.5242  5.78263e-66  0.102565  0.897435  
0.0786207  0.515805  0.415674  2  2  3.5242  2  2  3.5242  0  0.229944  0.770056  
0  0.308988  0.691012  2  2  3.5242  2  2  3.5242  0  0.919345  0.0806549  
0  0.381517  0.618483  2  2  3.5242  2  2  3.5242  1  0  9.17356e-12  
0  0.329464  0.670536  2  2  3.5242  2  2  3.5242  0  0.0194273  0.980573  
0.165243  0.777037  0.0718221  2  2  3.5242  2  2  3.5242  4.87075e-66  0.959433  0.0405665  
0  0.428309  0.571691  2  2  3.5242  2  2  3.5242  0.350217  0.608691  0.054023  
0  0.0330345  0.966965  2  2  3.5242  2  2  3.5242  4.86876e-64  0.709228  0.290772  
1.30709e-67  0.839543  0.160457  2  2  3.5242  2  2  3.5242  0.831588  0.176185  9.33734e-05  
0  0.876449  0.123551  2  2  3.5242  2  2  3.5242  0.119948  0.892971  0  
0  0.402442  0.597558  2  2  3.5242  2  2  3.5242  0  0.211449  0.788551  
1.45476e-33  0.236106  0.763894  2  2  3.5242  2  2  3.5242  0  0.821795  0.178205  
0.38447  0.261518  0.375838  2  2  3.5242  2  2  3.5242  0  0.311211  0.688789  
0  0.288662  0.711338  2  2  3.5242  2  2  3.5242  0  0.259899  0.740101  
0  0.158721  0.841279  2  2  3.5242  2  2  3.5242  0.0787354  0.571284  0.361157  
5.05224e-63  0.110839  0.889161  2  2  3.5242  2  2  3.5242  0  0.880424  0.119576  
1.97728e-60  0.930107  0.0698929  2  2  3.5242  2  2  3.5242  1.65294e-65  0.939344  0.0606563  
0  0.023389  0.976611  2  2  3.5242  2  2  3.5242  0.109151  0.750516  0.153047  
0  0.298822  0.701178  2  2  3.5242  2  2  3.5242  2.94329e-64  0.581817  0.418183  
1.5595e-36  0.371016  0.628984  2  2  3.5242  2  2  3.5242  1.41991e-74  0.0385597  0.96144  
2.14318e-63  0.474887  0.525113  2  2  3.5242  2  2  3.5242  0.457519  0.109476  0.444219  
5.13115e-35  0.965253  0.0347474  2  2  3.5242  2  2  3.5242  3.78937e-72  0.606999  0.393001  
0.079147  0.603124  0.334652  2  2  3.5242  2  2  3.5242  0  0.192905  0.807095  
0  0.0817314  0.918269  2  2  3.5242  2  2  3.5242  0.612316  0.397461  0  
0  0.216246  0.783754  2  2  3.5242  2  2  3.5242  0  0.361651  0.638349  
9.18273e-64  0.187042  0.812958  2  2  3.5242  2  2  3.5242  1.36282e-64  0.531949  0.468051  
0  0.858325  0.141675  2  2  3.5242  2  2  3.5242  0  0.301058  0.698942  
6.98061e-51  0.947784  0.052216  2  2  3.5242  2  2  3.5242  1.88544e-69  0.556793  0.443207  
6.63838e-60  0.556576  0.443424  2  2  3.5242  2  2  3.5242  0  0.403061  0.596939  
0  0.139771  0.860229  2  2  3.5242  2  2  3.5242  0  0.899806  0.100194  
0  0.74388  0.25612  2  2  3.5242  2  2  3.5242  9.29258e-64  0.632437  0.367563  
0.165937  0.830581  0.0214847  2  2  3.5242  2  2  3.5242  5.37279e-71  0.249487  0.750513  
3.9492e-71  0.350109  0.649891  2  2  3.5242  2  2  3.5242  0  0.239079  0.760921  
0  0.196819  0.803181  2  2  3.5242  2  2  3.5242  0  0.220705  0.779295  
0  0.101195  0.898805  2  2  3.5242  2  2  3.5242  0  0.476209  0.523791  
0  0.206592  0.793408  2  2  3.5242  2  2  3.5242  0.078413  0.52429  0.404535  
1.55967e-63  0.632437  0.367563  2  2  3.5242  2  2  3.5242  0  0.979708  0.0202925  
0  0.734995  0.265005  2  2  3.5242  2  2  3.5242  0  0.321291  0.678709  
0.078298  0.660428  0.269029  2  2  3.5242  2  2  3.5242  0.0786207  0.515805  0.415674  
0  0.982667  0.0173335  2  2  3.5242  2  2  3.5242  2.36383e-71  0.429301  0.570699  
0  0.894304  0.105696  2  2  3.5242  2  2  3.5242  0  0.183674  0.816326  
0  0.319159  0.680841  2  2  3.5242  2  2  3.5242  0.495952  0.000625353  0.540024  
1.92111e-59  0.130161  0.869839  2  2  3.5242  2  2  3.5242  7.70078e-69  0.802302  0.197698  
0  0.531336  0.468664  2  2  3.5242  2  2  3.5242  0.165243  0.777037  0.0718221  
4.38849e-35  0.709228  0.290772  2  2  3.5242  2  2  3.5242  1.82835e-64  0.86108  0.13892  
0.0787354  0.571284  0.361157  2  2  3.5242  2  2  3.5242  1.88635e-69  0.841358  0.158642  
0.109151  0.750516  0.153047  2  2  3.5242  2  2  3.5242  8.69374e-69  0.147183  0.852817  
7.95745e-52  0.149227  0.850773  2  2  3.5242  2  2  3.5242  0  0.290825  0.709175  
0  0.506278  0.493722  2  2  3.5242  2  2  3.5242  0  0.120417  0.879583  
0  0.683586  0.316414  2  2  3.5242  2  2  3.5242  0  0.331341  0.668659  
0  0.763323  0.236677  2  2  3.5242  2  2  3.5242  0.475875  0.528725  0.00626181  
0  0.120512  0.879488  2  2  3.5242  2  2  3.5242  0  0.734995  0.265005  
2.99151e-59  0.912236  0.0877642  2  2  3.5242  2  2  3.5242  0.38447  0.261518  0.375838  
0  0.490568  0.509432  2  2  3.5242  2  2  3.5242  0.165937  0.830581  0.0214847  
0.350429  0.663195  0  2  2  3.5242  2  2  3.5242  0  0.129298  0.870702  
0.166334  0.747009  0.107429  2  2  3.5242  2  2  3.5242  0  0.165351  0.834649  
0  0.0524317  0.947568  2  2  3.5242  2  2  3.5242  0  0.382096  0.617904  
0.078413  0.52429  0.404535  2  2  3.5242  2  2  3.5242  6.61801e-68  0.0936111  0.906389  
0  0.45922  0.54078  2  2  3.5242  2  2  3.5242  2.6783e-72  0.1745  0.8255  
0.613354  0  0.3968  2  2  3.5242  2  2  3.5242  0  0.202183  0.797817  
0  0.0621433  0.937857  2  2  3.5242  2  2  3.5242  0  0.270254  0.729746  
3.36685e-61  0.581817  0.418183  2  2  3.5242  2  2  3.5242  0  0.280561  0.719439  
0  0.278304  0.721696  2  2  3.5242  2  2  3.5242  0  0.683586  0.316414  
1.44128e-52  0.801724  0.198276  2  2  3.5242  2  2  3.5242  0  0.0572391  0.942761  
0  0.339738  0.660262  2  2  3.5242  2  2  3.5242  0.613354  0  0.3968  
0.152008  0.873265  0.000848781  2  2  3.5242  2  2  3.5242  0  0.0755689  0.924431  
0  0.443778  0.556222  2  2  3.5242  2  2  3.5242  0.120059  0.88243  0.0113658  
2.26294e-53  0.606999  0.393001  2  2  3.5242  2  2  3.5242  0.078298  0.660428  0.269029  
0  0.0914821  0.908518  2  2  3.5242  2  2  3.5242  0.374163  0.241963  0.398655  
0.486533  0.0164876  0.514633  2  2  3.5242  2  2  3.5242  0  0.763364  0.236636  
0.350217  0.608691  0.054023  2  2  3.5242  2  2  3.5242  0  0.371844  0.628156  
0  1  2.68541e-12  2  2  3.5242  2  2  3.5242  0.486533  0.0164876  0.514633  
0.48571  0.0280663  0.502115  2  2  3.5242  2  2  3.5242  3.61464e-71  0.029229  0.970771  
6.55522e-73  0.0427093  0.957291  2  2  3.5242  2  2  3.5242  0  0.0846335  0.915367  
0.374163  0.241963  0.398655  2  2  3.5242  2  2  3.5242  0  0.351503  0.648497  
0  0.0719542  0.928046  2  2  3.5242  2  2  3.5242  0  0.782824  0.217176  
0.184977  0.418163  0.41273  2  2  3.5242  2  2  3.5242  0.079147  0.603124  0.334652  
0.495952  0.000625353  0.540024  2  2  3.5242  2  2  3.5242  0.166334  0.747009  0.107429  
0.072235  0.00195224  0.983824  2  2  3.5242  2  2  3.5242  0.350429  0.663195  0  
0.872953  0.0808728  0.0716498  2  2  3.5242  2  2  3.5242  0  0.111551  0.888449  
0  0.820649  0.179351  2  2  3.5242  2  2  3.5242  0  0.156292  0.843708  
0.119948  0.892971  0  2  2  3.5242  2  2  3.5242  0.478366  0.537042  0.000595222  
6.00373e-70  0.267781  0.732219  2  2  3.5242  2  2  3.5242  6.7864e-64  0.138231  0.861769  
1.95176e-54  0.168128  0.831872  2  2  3.5242  2  2  3.5242  0  0.0479217  0.952078  
0.457519  0.109476  0.444219  2  2  3.5242  2  2  3.5242  0  0.74388  0.25612  
0  0.360494  0.639506  2  2  3.5242  2  2  3.5242  1.35e-64  0.44508  0.55492  
0.612316  0.397461  0  2  2  3.5242  2  2  3.5242  0  1  0  
0  0  1  2  2  3.5242  2  2  3.5242  0.119699  0.827252  0.0639937  
1  0  9.17356e-12  2  2  3.5242  2  2  3.5242  0  0.491662  0.508338  
1.29612e-95  0.659313  0.340687  2  2  2  2  2  2  0  0  1  
0  0.246648  0.753352  2  2  2  2  2  2  0  0.00965046  0.99035  
0  0.226236  0.773764  2  2  2  2  2  2  6.37237e-91  0.506998  0.493002  
0  0.391971  0.608029  2  2  2  2  2  2  0  0.39262  0.60738  
0  0.177689  0.822311  2  2  2  2  2  2  6.68718e-100  0.460493  0.539507  
5.41482e-100  0.412414  0.587586  2  2  2  2  2  2  5.71277e-93  0.657962  0.342038  
0.119394  0.825147  0.0638309  2  2  2  2  2  2  0.184384  0.416822  0.411408  
0.831588  0.176185  9.33734e-05  2  2  2  2  2  2  4.40957e-100  0.413005  0.586995  
0  0.780281  0.219719  2  2  2  2  2  2  0  0.341424  0.658576  
1.79791e-83  0.257246  0.742754  2  2  2  2  2  2  0.48571  0.0280663  0.502115  
0.475276  0.52806  0.00625392  2  2  2  2  2  2  0  0.0663134  0.933687  
0.477249  0.535787  0.000593831  2  2  2  2  2  2  0  0.102427  0.897573  
0.0785806  0.515485  0.415422  2  2  2  2  2  2  0  0.229782  0.770218  
0  0.308988  0.691012  2  2  2  2  2  2  2.33736e-98  0.920091  0.0799093  
0  0.381517  0.618483  2  2  2  2  2  2  1  0  9.17356e-12  
7.43048e-74  0.329489  0.670511  2  2  2  2  2  2  3.71739e-94  0.0192973  0.980703  
0.164272  0.772469  0.0713999  2  2  2  2  2  2  0  0.959872  0.0401277  
1.32331e-98  0.428116  0.571884  2  2  2  2  2  2  0.349724  0.607834  0.0539469  
0  0.0330345  0.966965  2  2  2  2  2  2  1.8229e-89  0.709273  0.290727  
0  0.839026  0.160974  2  2  2  2  2  2  0.831588  0.176185  9.33734e-05  
0  0.876325  0.123675  2  2  2  2  2  2  0.119782  0.891735  0  
0  0.402304  0.597696  2  2  2  2  2  2  0  0.211394  0.788606  
0  0.23606  0.76394  2  2  2  2  2  2  0  0.821795  0.178205  
0.382269  0.260021  0.373686  2  2  2  2  2  2  0  0.311177  0.688823  
0  0.288463  0.711537  2  2  2  2  2  2  2.11952e-96  0.259843  0.740157  
7.60076e-89  0.158715  0.841285  2  2  2  2  2  2  0.0787172  0.571153  0.361073  
0  0.110765  0.889235  2  2  2  2  2  2  1.36742e-95  0.880643  0.119357  
0  0.930078  0.0699222  2  2  2  2  2  2  4.18634e-91  0.939966  0.0600341  
0  0.023389  0.976611  2  2  2  2  2  2  0.109024  0.749641  0.152869  
0  0.298734  0.701266  2  2  2  2  2  2  1.69947e-94  0.581933  0.418067  
2.21283e-94  0.371093  0.628907  2  2  2  2  2  2  0  0.0384207  0.961579  
2.14318e-63  0.474887  0.525113  2  2  2  2  2  2  0.45715  0.109394  0.443866  
3.04818e-75  0.965143  0.0348566  2  2  2  2  2  2  5.06814e-94  0.60724  0.39276  
0.0787668  0.600227  0.333044  2  2  2  2  2  2  0  0.192956  0.807044  
2.17561e-84  0.0815855  0.918414  2  2  2  2  2  2  0.610464  0.396259  0  
2.14881e-81  0.216417  0.783583  2  2  2  2  2  2  0  0.361651  0.638349  
0  0.187245  0.812755  2  2  2  2  2  2  6.33387e-96  0.531949  0.468051  
4.21099e-97  0.858205  0.141795  2  2  2  2  2  2  0  0.301045  0.698955  
0  0.947677  0.0523228  2  2  2  2  2  2  5.08656e-93  0.556903  0.443097  
1.42281e-72  0.556793  0.443207  2  2  2  2  2  2  0  0.402857  0.597143  
4.17881e-77  0.139719  0.860281  2  2  2  2  2  2  2.79759e-92  0.900278  0.0997224  
0.119479  0.878167  0.0113109  2  2  2  2  2  2  4.85823e-95  0.632588  0.367412  
0.165631  0.829046  0.021445  2  2  2  2  2  2  1.92776e-100  0.249372  0.750628  
0  0.35021  0.64979  2  2  2  2  2  2  5.07738e-98  0.238977  0.761023  
4.27252e-92  0.196965  0.803035  2  2  2  2  2  2  0  0.220621  0.779379  
0  0.101027  0.898973  2  2  2  2  2  2  1.13643e-96  0.476047  0.523953  
0  0.206656  0.793344  2  2  2  2  2  2  0.078413  0.52429  0.404535  
3.36544e-94  0.633271  0.366729  2  2  2  2  2  2  0  0.97996  0.0200397  
1.89888e-89  0.738836  0.261164  2  2  2  2  2  2  0  0.321291  0.678709  
0.078298  0.660428  0.269029  2  2  2  2  2  2  0.0785806  0.515485  0.415422  
0  0.982573  0.0174269  2  2  2  2  2  2  0  0.429085  0.570915  
0  0.894304  0.105696  2  2  2  2  2  2  0  0.18371  0.81629  
0  0.319206  0.680794  2  2  2  2  2  2  0.490536  0.000612836  0.53436  
3.62554e-96  0.130092  0.869908  2  2  2  2  2  2  1.14105e-95  0.802302  0.197698  
5.10383e-71  0.531671  0.468329  2  2  2  2  2  2  0.164272  0.772469  0.0713999  
9.81411e-89  0.712215  0.287785  2  2  2  2  2  2  1.80304e-94  0.861225  0.138775  
0.0787172  0.571153  0.361073  2  2  2  2  2  2  4.06898e-97  0.841578  0.158422  
0.109024  0.749641  0.152869  2  2  2  2  2  2  2.84058e-100  0.147295  0.852705  
7.95745e-52  0.149227  0.850773  2  2  2  2  2  2  0  0.290825  0.709175  
2.42755e-78  0.506484  0.493516  2  2  2  2  2  2  0  0.12035  0.87965  
0  0.685791  0.314209  2  2  2  2  2  2  0  0.331341  0.668659  
0  0.759588  0.240412  2  2  2  2  2  2  0.475276  0.52806  0.00625392  
5.61128e-93  0.120464  0.879536  2  2  2  2  2  2  0  0.734995  0.265005  
2.99151e-59  0.912236  0.0877642  2  2  2  2  2  2  0.382269  0.260021  0.373686  
0  0.490719  0.509281  2  2  2  2  2  2  0.165631  0.829046  0.021445  
0.349699  0.661815  0  2  2  2  2  2  2  0  0.129298  0.870702  
0.166164  0.746246  0.107319  2  2  2  2  2  2  0  0.165382  0.834618  
0  0.0524317  0.947568  2  2  2  2  2  2  0  0.382256  0.617744  
0.078413  0.52429  0.404535  2  2  2  2  2  2  0  0.0934045  0.906595  
1.65647e-93  0.459336  0.540664  2  2  2  2  2  2  7.97465e-99  0.1745  0.8255  
0.612353  0  0.396155  2  2  2  2  2  2  0  0.202183  0.797817  
0  0.0621433  0.937857  2  2  2  2  2  2  0  0.270216  0.729784  
5.52763e-67  0.581933  0.418067  2  2  2  2  2  2  0  0.28052  0.71948  
0  0.278145  0.721855  2  2  2  2  2  2  0  0.683586  0.316414  
7.03779e-88  0.800457  0.199543  2  2  2  2  2  2  1.33645e-94  0.0570843  0.942916  
0  0.339815  0.660185  2  2  2  2  2  2  0.612353  0  0.396155  
0.152008  0.873265  0.000848781  2  2  2  2  2  2  6.0761e-98  0.0754335  0.924566  
0  0.443778  0.556222  2  2  2  2  2  2  0.119479  0.878167  0.0113109  
5.5501e-93  0.607653  0.392347  2  2  2  2  2  2  0.078298  0.660428  0.269029  
9.72359e-76  0.0913293  0.908671  2  2  2  2  2  2  0.374163  0.241963  0.398655  
0.485577  0.0164552  0.513622  2  2  2  2  2  2  0  0.763364  0.236636  
0.349724  0.607834  0.0539469  2  2  2  2  2  2  0  0.371931  0.628069  
0  1  2.68541e-12  2  2  2  2  2  2  0.485577  0.0164552  0.513622  
0.48571  0.0280663  0.502115  2  2  2  2  2  2  0  0.0289125  0.971088  
6.55522e-73  0.0427093  0.957291  2  2  2  2  2  2  0  0.0844954  0.915505  
0.374163  0.241963  0.398655  2  2  2  2  2  2  0  0.351544  0.648456  
0  0.0718587  0.928141  2  2  2  2  2  2  0  0.782824  0.217176  
0.184384  0.416822  0.411408  2  2  2  2  2  2  0.0787668  0.600227  0.333044  
0.490536  0.000612836  0.53436  2  2  2  2  2  2  0.166164  0.746246  0.107319  
0.072235  0.00195224  0.983824  2  2  2  2  2  2  0.349699  0.661815  0  
0.872953  0.0808728  0.0716498  2  2  2  2  2  2  2.53586e-101  0.111439  0.888561  
0  0.819965  0.180035  2  2  2  2  2  2  0  0.156292  0.843708  
0.119782  0.891735  0  2  2  2  2  2  2  0.477249  0.535787  0.000593831  
3.60073e-89  0.267696  0.732304  2  2  2  2  2  2  3.41786e-97  0.138276  0.861724  
7.12598e-83  0.168168  0.831832  2  2  2  2  2  2  0  0.0477387  0.952261  
0.45715  0.109394  0.443866  2  2  2  2  2  2  1.15467e-95  0.743624  0.256376  
0  0.360622  0.639378  2  2  2  2  2  2  0  0.444898  0.555102  
0.610464  0.396259  0  2  2  2  2  2  2  0  1  0  
0  0  1  2  2  2  2  2  2  0.119394  0.825147  0.0638309  
1  0  9.17356e-12  2  2  2  2  2  2  2.83601e-100  0.491542  0.508458  
1.18378e-98  0.659607  0.340393  2  2  2  2  2  2  0  0  1  
0  0.246537  0.753463  2  2  2  2  2  2  1.29762e-121  0.0095894  0.990411  
1.17872e-103  0.226187  0.773813  2  2  2  2  2  2  7.1721e-121  0.506848  0.493152  
0  0.391497  0.608503  2  2  2  2  2  2  0  0.392413  0.607587  
2.10865e-118  0.177741  0.822259  2  2  2  2  2  2  0  0.46013  0.53987  
8.38376e-119  0.411813  0.588187  2  2  2  2  2  2  9.26585e-118  0.658218  0.341782  
0.119355  0.824877  0.06381  2  2  2  2  2  2  0.18411  0.416202  0.410796  
0.831588  0.176185  9.33734e-05  2  2  2  2  2  2  2.90385e-121  0.412361  0.587639  
9.77085e-128  0.777298  0.222702  2  2  2  2  2  2  0  0.341424  0.658576  
0  0.257113  0.742887  2  2  2  2  2  2  0.484061  0.0279711  0.50041  
0.47472  0.527443  0.00624662  2  2  2  2  2  2  0  0.0661073  0.933893  
0.475942  0.53432  0.000631905  2  2  2  2  2  2  0  0.102319  0.897681  
0.0784299  0.514496  0.414625  2  2  2  2  2  2  0  0.229747  0.770253  
0  0.308883  0.691117  2  2  2  2  2  2  3.43681e-125  0.920479  0.0795208  
0  0.381196  0.618804  2  2  2  2  2  2  1  0  9.17356e-12  
7.43048e-74  0.329489  0.670511  2  2  2  2  2  2  0  0.0191542  0.980846  
0.163906  0.770749  0.0712409  2  2  2  2  2  2  0  0.960029  0.0399708  
0  0.427803  0.572197  2  2  2  2  2  2  0.349303  0.607103  0.053882  
0  0.0330345  0.966965  2  2  2  2  2  2  9.61642e-118  0.71008  0.28992  
9.17466e-105  0.837652  0.162348  2  2  2  2  2  2  0.831588  0.176185  9.33734e-05  
3.67611e-113  0.875726  0.124274  2  2  2  2  2  2  0.119394  0.888848  0  
0  0.401671  0.598329  2  2  2  2  2  2  0  0.211394  0.788606  
0  0.235991  0.764009  2  2  2  2  2  2  0  0.825007  0.174993  
0.381646  0.259597  0.373077  2  2  2  2  2  2  0  0.311124  0.688876  
4.05781e-110  0.288304  0.711696  2  2  2  2  2  2  0  0.259781  0.740219  
7.60076e-89  0.158715  0.841285  2  2  2  2  2  2  0.0784591  0.569279  0.359889  
2.73129e-108  0.110727  0.889273  2  2  2  2  2  2  4.87277e-125  0.881873  0.118127  
8.18143e-98  0.930045  0.0699549  2  2  2  2  2  2  2.29744e-110  0.940222  0.0597783  
0  0.023389  0.976611  2  2  2  2  2  2  0.108864  0.748541  0.152645  
6.10031e-112  0.298599  0.701401  2  2  2  2  2  2  8.65615e-125  0.581933  0.418067  
0  0.370986  0.629014  2  2  2  2  2  2  2.83486e-118  0.0382859  0.961714  
8.00462e-100  0.475003  0.524997  2  2  2  2  2  2  0.45715  0.109394  0.443866  
3.04818e-75  0.965143  0.0348566  2  2  2  2  2  2  1.13362e-119  0.60724  0.39276  
0.0787145  0.599829  0.332823  2  2  2  2  2  2  0  0.192956  0.807044  
2.17561e-84  0.0815855  0.918414  2  2  2  2  2  2  0.610464  0.396259  0  
2.14881e-81  0.216417  0.783583  2  2  2  2  2  2  0  0.361803  0.638197  
2.70944e-106  0.187378  0.812622  2  2  2  2  2  2  1.40493e-115  0.531847  0.468153  
3.31995e-109  0.857279  0.142721  2  2  2  2  2  2  8.14312e-117  0.300932  0.699068  
0  0.947677  0.0523228  2  2  2  2  2  2  9.09891e-123  0.556903  0.443097  
1.37546e-110  0.556903  0.443097  2  2  2  2  2  2  0  0.402409  0.597591  
1.88087e-100  0.139636  0.860364  2  2  2  2  2  2  8.15318e-123  0.900852  0.0991479  
0.522609  1.49635e-05  0.568604  2  2  2  2  2  2  1.28745e-125  0.632666  0.367334  
0.165526  0.82852  0.0214314  2  2  2  2  2  2  2.034e-127  0.249361  0.750639  
0  0.35021  0.64979  2  2  2  2  2  2  0  0.238894  0.761106  
8.09052e-106  0.197013  0.802987  2  2  2  2  2  2  0  0.2206  0.7794  
0  0.101027  0.898973  2  2  2  2  2  2  7.39087e-121  0.475749  0.524251  
0  0.206724  0.793276  2  2  2  2  2  2  0.0783012  0.523542  0.403958  
5.15872e-114  0.633971  0.366029  2  2  2  2  2  2  1.39517e-115  0.980026  0.0199744  
2.20892e-128  0.736757  0.263243  2  2  2  2  2  2  0  0.321291  0.678709  
0.0782865  0.66033  0.268954  2  2  2  2  2  2  0.0784299  0.514496  0.414625  
0  0.982573  0.0174269  2  2  2  2  2  2  2.1015e-120  0.428276  0.571724  
4.4404e-120  0.894079  0.105921  2  2  2  2  2  2  0  0.18376  0.81624  
0  0.31922  0.68078  2  2  2  2  2  2  0.484753  0.000605612  0.528061  
0  0.130004  0.869996  2  2  2  2  2  2  0  0.806744  0.193256  
5.10383e-71  0.531671  0.468329  2  2  2  2  2  2  0.163906  0.770749  0.0712409  
5.51823e-113  0.711099  0.288901  2  2  2  2  2  2  1.73474e-126  0.862666  0.137334  
0.0784591  0.569279  0.359889  2  2  2  2  2  2  1.98569e-117  0.8442  0.1558  
0.108864  0.748541  0.152645  2  2  2  2  2  2  3.60097e-119  0.147295  0.852705  
1.02804e-119  0.149171  0.850829  2  2  2  2  2  2  2.44942e-119  0.290666  0.709334  
1.07745e-118  0.506249  0.493751  2  2  2  2  2  2  0  0.12035  0.87965  
4.5198e-110  0.685356  0.314644  2  2  2  2  2  2  0  0.331354  0.668646  
0  0.757217  0.242783  2  2  2  2  2  2  0.47472  0.527443  0.00624662  
0  0.12035  0.87965  2  2  2  2  2  2  2.20678e-128  0.736043  0.263957  
2.15194e-114  0.91219  0.0878099  2  2  2  2  2  2  0.381646  0.259597  0.373077  
0  0.490719  0.509281  2  2  2  2  2  2  0.165526  0.82852  0.0214314  
0.349699  0.661815  0  2  2  2  2  2  2  0  0.129298  0.870702  
0.164849  0.740341  0.106397  2  2  2  2  2  2  0  0.165471  0.834529  
0  0.0524317  0.947568  2  2  2  2  2  2  4.17268e-119  0.382246  0.617754  
0.0783012  0.523542  0.403958  2  2  2  2  2  2  0  0.0934045  0.906595  
2.49873e-101  0.459353  0.540647  2  2  2  2  2  2  0  0.174602  0.825398  
0.61219  0  0.396057  2  2  2  2  2  2  0  0.202183  0.797817  
0  0.0621433  0.937857  2  2  2  2  2  2  4.07709e-128  0.270176  0.729824  
3.19952e-113  0.582299  0.417701  2  2  2  2  2  2  0  0.280472  0.719528  
0  0.277944  0.722056  2  2  2  2  2  2  1.37326e-116  0.684033  0.315967  
0  0.797707  0.202293  2  2  2  2  2  2  0  0.0569582  0.943042  
0  0.339815  0.660185  2  2  2  2  2  2  0.61219  0  0.396057  
0.119378  0.877427  0.0112494  2  2  2  2  2  2  7.4928e-119  0.0753814  0.924619  
0  0.443658  0.556342  2  2  2  2  2  2  0.119378  0.877427  0.0112494  
6.81926e-119  0.607902  0.392098  2  2  2  2  2  2  0.0782865  0.66033  0.268954  
9.72359e-76  0.0913293  0.908671  2  2  2  2  2  2  0.374163  0.241963  0.398655  
0.166452  0.84845  0.00608854  2  2  2  2  2  2  1.85073e-123  0.771101  0.228899  
0.349303  0.607103  0.053882  2  2  2  2  2  2  0  0.371995  0.628005  
0  1  2.68541e-12  2  2  2  2  2  2  0.166452  0.84845  0.00608854  
0.484061  0.0279711  0.50041  2  2  2  2  2  2  0  0.0287549  0.971245  
1.40351e-100  0.0427458  0.957254  2  2  2  2  2  2  0  0.0844041  0.915596  
0.374163  0.241963  0.398655  2  2  2  2  2  2  0  0.351584  0.648416  
0  0.0718587  0.928141  2  2  2  2  2  2  0  0.788674  0.211326  
0.18411  0.416202  0.410796  2  2  2  2  2  2  0.0787145  0.599829  0.332823  
0.484753  0.000605612  0.528061  2  2  2  2  2  2  0.164849  0.740341  0.106397  
0.072235  0.00195224  0.983824  2  2  2  2  2  2  0.349699  0.661815  0  
0.872953  0.0808728  0.0716498  2  2  2  2  2  2  3.54885e-123  0.111328  0.888672  
0  0.817699  0.182301  2  2  2  2  2  2  0  0.156368  0.843632  
0.119394  0.888848  0  2  2  2  2  2  2  0.475942  0.53432  0.000631905  
3.10072e-107  0.267548  0.732452  2  2  2  2  2  2  4.26676e-123  0.138276  0.861724  
0  0.168198  0.831802  2  2  2  2  2  2  0  0.0476963  0.952304  
0.45715  0.109394  0.443866  2  2  2  2  2  2  7.10677e-118  0.753461  0.246539  
0  0.360622  0.639378  2  2  2  2  2  2  3.76483e-119  0.444167  0.555833  
0.610464  0.396259  0  2  2  2  2  2  2  0  1  0  
0  0  1  2  2  2  2  2  2  0.119355  0.824877  0.06381  
1  0  9.17356e-12  2  2  2  2  2  2  4.16494e-119  0.49137  0.50863  
