0.413854  3.56109  6.25817  6.29175  1.79769e+308  1.79769e+308  0.413854  3.56109  
4.26425  0.506342  6.25817  6.29175  1.79769e+308  1.79769e+308  4.26425  0.506342  
4.56562  1.81638  6.25817  6.29175  1.79769e+308  1.79769e+308  4.56562  1.81638  
4.20418  1.22845  6.25817  6.29175  1.79769e+308  1.79769e+308  4.20418  1.22845  
1.85778  3.91982  6.25817  6.29175  1.79769e+308  1.79769e+308  1.85778  3.91982  
4.46064  1.15304  6.25817  6.29175  1.79769e+308  1.79769e+308  4.46064  1.15304  
2.46224  2.93334  6.25817  6.29175  1.79769e+308  1.79769e+308  2.46224  2.93334  
1.4291  4.78672  6.25817  6.29175  1.79769e+308  1.79769e+308  1.4291  4.78672  
2.07435  3.39207  6.25817  6.29175  1.79769e+308  1.79769e+308  2.07435  3.39207  
1.24807  3.70569  6.25817  6.29175  1.79769e+308  1.79769e+308  1.24807  3.70569  
3.15817  2.96436  6.25817  6.29175  1.79769e+308  1.79769e+308  3.15817  2.96436  
5.01685  1.35934  6.25817  6.29175  1.79769e+308  1.79769e+308  5.01685  1.35934  
4.16718  2.66601  6.25817  6.29175  1.79769e+308  1.79769e+308  4.16718  2.66601  
4.63505  1.13701  6.25817  6.29175  1.79769e+308  1.79769e+308  4.63505  1.13701  
3.90336  1.45668  6.25817  6.29175  1.79769e+308  1.79769e+308  3.90336  1.45668  
2.10123  3.44754  6.25817  6.29175  1.79769e+308  1.79769e+308  2.10123  3.44754  
0.405284  5.29175  6.25817  6.29175  1.79769e+308  1.79769e+308  0.405284  5.29175  
1.9971  3.13368  6.25817  6.29175  1.79769e+308  1.79769e+308  1.9971  3.13368  
3.70723  1.58763  6.25817  6.29175  1.79769e+308  1.79769e+308  3.70723  1.58763  
2.44442  3.65441  6.25817  6.29175  1.79769e+308  1.79769e+308  2.44442  3.65441  
1.69571  3.01229  6.25817  6.29175  1.79769e+308  1.79769e+308  1.69571  3.01229  
4.09509  1.72788  6.25817  6.29175  1.79769e+308  1.79769e+308  4.09509  1.72788  
2.26657  3.06771  6.25817  6.29175  1.79769e+308  1.79769e+308  2.26657  3.06771  
1.6401  3.56471  6.25817  6.29175  1.79769e+308  1.79769e+308  1.6401  3.56471  
0.153534  4.8232  6.25817  6.29175  1.79769e+308  1.79769e+308  0.153534  4.8232  
3.65358  2.89016  6.25817  6.29175  1.79769e+308  1.79769e+308  3.65358  2.89016  
3.55723  2.84958  6.25817  6.29175  1.79769e+308  1.79769e+308  3.55723  2.84958  
1.38375  3.95468  6.25817  6.29175  1.79769e+308  1.79769e+308  1.38375  3.95468  
1.75455  3.38497  6.25817  6.29175  1.79769e+308  1.79769e+308  1.75455  3.38497  
0.31481  4.36131  6.25817  6.29175  1.79769e+308  1.79769e+308  0.31481  4.36131  
3.71336  0.927556  6.25817  6.29175  1.79769e+308  1.79769e+308  3.71336  0.927556  
3.48016  2.7285  6.25817  6.29175  1.79769e+308  1.79769e+308  3.48016  2.7285  
3.78568  0.0450802  6.25817  6.29175  1.79769e+308  1.79769e+308  3.78568  0.0450802  
0.195652  4.83499  6.25817  6.29175  1.79769e+308  1.79769e+308  0.195652  4.83499  
0.25081  5.0817  6.25817  6.29175  1.79769e+308  1.79769e+308  0.25081  5.0817  
4.69868  0.685085  6.25817  6.29175  1.79769e+308  1.79769e+308  4.69868  0.685085  
3.65169  3.00063  6.25817  6.29175  1.79769e+308  1.79769e+308  3.65169  3.00063  
4.19194  2.22596  6.25817  6.29175  1.79769e+308  1.79769e+308  4.19194  2.22596  
0.582255  5.22607  6.25817  6.29175  1.79769e+308  1.79769e+308  0.582255  5.22607  
0.0970563  4.95144  6.25817  6.29175  1.79769e+308  1.79769e+308  0.0970563  4.95144  
5.25817  0.323248  6.25817  6.29175  1.79769e+308  1.79769e+308  5.25817  0.323248  
2.81568  2.80207  6.25817  6.29175  1.79769e+308  1.79769e+308  2.81568  2.80207  
3.8591  2.46419  6.25817  6.29175  1.79769e+308  1.79769e+308  3.8591  2.46419  
3.7206  1.15521  6.25817  6.29175  1.79769e+308  1.79769e+308  3.7206  1.15521  
2.40442  3.07042  6.25817  6.29175  1.79769e+308  1.79769e+308  2.40442  3.07042  
1.68813  4.03486  6.25817  6.29175  1.79769e+308  1.79769e+308  1.68813  4.03486  
2.46255  3.20055  6.25817  6.29175  1.79769e+308  1.79769e+308  2.46255  3.20055  
3.84413  2.97732  6.25817  6.29175  1.79769e+308  1.79769e+308  3.84413  2.97732  
4.50867  0.151857  6.25817  6.29175  1.79769e+308  1.79769e+308  4.50867  0.151857  
1.97205  3.33793  6.25817  6.29175  1.79769e+308  1.79769e+308  1.97205  3.33793  
4.56834  0.83993  6.25817  6.29175  1.79769e+308  1.79769e+308  4.56834  0.83993  
1.74322  3.83018  6.25817  6.29175  1.79769e+308  1.79769e+308  1.74322  3.83018  
0.767636  5.02872  6.25817  6.29175  1.79769e+308  1.79769e+308  0.767636  5.02872  
4.77291  1.41441  6.25817  6.29175  1.79769e+308  1.79769e+308  4.77291  1.41441  
4.09362  0.208852  6.25817  6.29175  1.79769e+308  1.79769e+308  4.09362  0.208852  
2.85203  3.00751  6.25817  6.29175  1.79769e+308  1.79769e+308  2.85203  3.00751  
1.09472  2.98326  6.25817  6.29175  1.79769e+308  1.79769e+308  1.09472  2.98326  
1.39254  4.7591  6.25817  6.29175  1.79769e+308  1.79769e+308  1.39254  4.7591  
0.30894  4.91625  6.25817  6.29175  1.79769e+308  1.79769e+308  0.30894  4.91625  
5.0663  0.906771  6.25817  6.29175  1.79769e+308  1.79769e+308  5.0663  0.906771  
3.92463  0.914775  6.25817  6.29175  1.79769e+308  1.79769e+308  3.92463  0.914775  
3.42312  0.640611  6.25817  6.29175  1.79769e+308  1.79769e+308  3.42312  0.640611  
3.53731  0.240165  6.25817  6.29175  1.79769e+308  1.79769e+308  3.53731  0.240165  
2.46127  3.08195  6.25817  6.29175  1.79769e+308  1.79769e+308  2.46127  3.08195  
2.21683  2.74517  6.25817  6.29175  1.79769e+308  1.79769e+308  2.21683  2.74517  
3.87063  3.37314  6.25817  6.29175  1.79769e+308  1.79769e+308  3.87063  3.37314  
3.89282  2.56096  6.25817  6.29175  1.79769e+308  1.79769e+308  3.89282  2.56096  
2.60223  2.9915  6.25817  6.29175  1.79769e+308  1.79769e+308  2.60223  2.9915  
3.23518  2.84338  6.25817  6.29175  1.79769e+308  1.79769e+308  3.23518  2.84338  
2.64222  2.65589  6.25817  6.29175  1.79769e+308  1.79769e+308  2.64222  2.65589  
2.39502  3.76716  6.25817  6.29175  1.79769e+308  1.79769e+308  2.39502  3.76716  
5.24035  0.366948  6.25817  6.29175  1.79769e+308  1.79769e+308  5.24035  0.366948  
5.20783  0.719656  6.25817  6.29175  1.79769e+308  1.79769e+308  5.20783  0.719656  
2.06481  3.37227  6.25817  6.29175  1.79769e+308  1.79769e+308  2.06481  3.37227  
1.86982  3.55807  6.25817  6.29175  1.79769e+308  1.79769e+308  1.86982  3.55807  
1.40804  3.89502  6.25817  6.29175  1.79769e+308  1.79769e+308  1.40804  3.89502  
4.74621  1.63784  6.25817  6.29175  1.79769e+308  1.79769e+308  4.74621  1.63784  
0.773581  4.93013  6.25817  6.29175  1.79769e+308  1.79769e+308  0.773581  4.93013  
0.497186  4.59769  6.25817  6.29175  1.79769e+308  1.79769e+308  0.497186  4.59769  
0.774191  4.5288  6.25817  6.29175  1.79769e+308  1.79769e+308  0.774191  4.5288  
2.04502  4.2342  6.25817  6.29175  1.79769e+308  1.79769e+308  2.04502  4.2342  
4.47099  0.287738  6.25817  6.29175  1.79769e+308  1.79769e+308  4.47099  0.287738  
3.83546  3.45238  6.25817  6.29175  1.79769e+308  1.79769e+308  3.83546  3.45238  
1.53371  3.82758  6.25817  6.29175  1.79769e+308  1.79769e+308  1.53371  3.82758  
1.26072  4.32636  6.25817  6.29175  1.79769e+308  1.79769e+308  1.26072  4.32636  
4.4701  1.51333  6.25817  6.29175  1.79769e+308  1.79769e+308  4.4701  1.51333  
0.678476  4.42227  6.25817  6.29175  1.79769e+308  1.79769e+308  0.678476  4.42227  
0.524673  4.61188  6.25817  6.29175  1.79769e+308  1.79769e+308  0.524673  4.61188  
1.46328  4.28863  6.25817  6.29175  1.79769e+308  1.79769e+308  1.46328  4.28863  
5.03138  1.9307  6.25817  6.29175  1.79769e+308  1.79769e+308  5.03138  1.9307  
3.56005  3.41305  6.25817  6.29175  1.79769e+308  1.79769e+308  3.56005  3.41305  
2.47838  2.81633  6.25817  6.29175  1.79769e+308  1.79769e+308  2.47838  2.81633  
4.92065  1.8059  6.25817  6.29175  1.79769e+308  1.79769e+308  4.92065  1.8059  
3.86622  3.32628  6.25817  6.29175  1.79769e+308  1.79769e+308  3.86622  3.32628  
4.13091  0.855524  6.25817  6.29175  1.79769e+308  1.79769e+308  4.13091  0.855524  
3.43253  1.80616  6.25817  6.29175  1.79769e+308  1.79769e+308  3.43253  1.80616  
0.533052  4.59371  6.25817  6.29175  1.79769e+308  1.79769e+308  0.533052  4.59371  
3.81089  1.44318  6.25817  6.29175  1.79769e+308  1.79769e+308  3.81089  1.44318  
4.13945  1.68849  6.25817  6.29175  1.79769e+308  1.79769e+308  4.13945  1.68849  
0.832647  4.3586  6.25817  6.29175  1.79769e+308  1.79769e+308  0.832647  4.3586  
0.413854  3.56109  6.99642  7.43155  6.43111  5.95854  6.33555e-17  1.03467  
0.945549  1.0226  6.99642  7.43155  6.43111  5.95854  5.10511  0.513502  
0.945549  1.0226  6.99642  7.43155  6.43111  5.95854  0.736193  2.18058  
0.261163  3.70176  6.99642  7.43155  6.43111  5.95854  4.69806  0.979931  
4.17488  1.5742e-09  6.99642  7.43155  6.43111  5.95854  1.49958  4.74775  
3.78568  0.0450802  6.99642  7.43155  6.43111  5.95854  1.73567  2.98966  
3.43391  0  6.99642  7.43155  6.43111  5.95854  1.25781  3.03823  
4.74733  3.92571e-11  6.99642  7.43155  6.43111  5.95854  0.366514  1.11328  
0.413854  3.56109  6.99642  7.43155  6.43111  5.95854  0.0326441  5.97243  
4.74069  1.64699e-08  6.99642  7.43155  6.43111  5.95854  5.85267e-05  5.09814  
1.9971  3.13368  6.99642  7.43155  6.43111  5.95854  0.00139703  4.91805  
3.96057  1.22456e-08  6.99642  7.43155  6.43111  5.95854  1.21932  6.43155  
3.78568  0.0450802  6.99642  7.43155  6.43111  5.95854  4.27338  0.00457895  
1.9971  3.13368  6.99642  7.43155  6.43111  5.95854  5.1494  0.524973  
0.195193  4.82364  6.99642  7.43155  6.43111  5.95854  0.00750289  4.15133  
1.48685e-06  3.68136  6.99642  7.43155  6.43111  5.95854  1.59922  3.05095  
3.39634  2.03617e-11  6.99642  7.43155  6.43111  5.95854  0.315925  4.87329  
1.9971  3.13368  6.99642  7.43155  6.43111  5.95854  5.1761e-06  5.89833  
7.6324e-17  1.24647  6.99642  7.43155  6.43111  5.95854  0.442345  1.3489  
3.65244  0.186344  6.99642  7.43155  6.43111  5.95854  5.59079  0.461034  
0.413854  3.56109  6.99642  7.43155  6.43111  5.95854  5.7266  0.0976018  
0.195193  4.82364  6.99642  7.43155  6.43111  5.95854  0.897443  2.73668  
1.48685e-06  3.68136  6.99642  7.43155  6.43111  5.95854  0.790285  2.40145  
1.99729  2.16091  6.99642  7.43155  6.43111  5.95854  0.715348  2.18487  
2.21225e-12  4.95854  6.99642  7.43155  6.43111  5.95854  0.720702  2.11985  
3.65244  0.186344  6.99642  7.43155  6.43111  5.95854  1.84989  3.06141  
1.6427  0.000193966  6.99642  7.43155  6.43111  5.95854  4.92241  0.76312  
0.261163  3.70176  6.99642  7.43155  6.43111  5.95854  0.510373  5.40678  
4.54219  3.03079e-11  6.99642  7.43155  6.43111  5.95854  5.51124  1.87902  
1.6427  0.000193966  6.99642  7.43155  6.43111  5.95854  1.38476  2.97585  
1.13595  0  6.99642  7.43155  6.43111  5.95854  4.16542  0.279438  
1.10878e-16  1.81078  6.99642  7.43155  6.43111  5.95854  1.16078  2.94521  
1.89148e-16  3.08902  6.99642  7.43155  6.43111  5.95854  0.0030626  5.30091  
1.20281  0  6.99642  7.43155  6.43111  5.95854  5.58666  0.189764  
5.43111  2.39946e-08  6.99642  7.43155  6.43111  5.95854  5.46058  0.730016  
2.7566e-16  4.50187  6.99642  7.43155  6.43111  5.95854  0.376269  1.14358  
0.0044185  1.03466  6.99642  7.43155  6.43111  5.95854  1.16177  5.8426  
1.02146  0.14873  6.99642  7.43155  6.43111  5.95854  4.06605  0.0325363  
0.311293  1.20615  6.99642  7.43155  6.43111  5.95854  4.25378  0.0484686  
1.48845e-06  3.66209  6.99642  7.43155  6.43111  5.95854  0.0684441  5.10661  
0.00593301  1.03466  6.99642  7.43155  6.43111  5.95854  5.87364  0.00629364  
1.09196e-08  1.36095  6.99642  7.43155  6.43111  5.95854  0.435232  4.61075  
0.262366  3.62383  6.99642  7.43155  6.43111  5.95854  0.713299  2.16964  
0.00012695  1.07241  6.99642  7.43155  6.43111  5.95854  4.13891  0.0415312  
4.84101e-05  1.12088  6.99642  7.43155  6.43111  5.95854  0.429621  1.30106  
1.02967  0  6.99642  7.43155  6.43111  5.95854  0.00290072  4.65465  
0.19738  1.16175  6.99642  7.43155  6.43111  5.95854  0.0735481  6.346  
4.19834  5.99714e-11  6.99642  7.43155  6.43111  5.95854  0.462969  1.40835  
0.000171744  1.04392  6.99642  7.43155  6.43111  5.95854  0.524018  1.59169  
6.79682e-17  1.11  6.99642  7.43155  6.43111  5.95854  0.000277001  5.73856  
0.19586  2.15082  6.99642  7.43155  6.43111  5.95854  5.99642  0.203682  
1.68369e-06  1.16024  6.99642  7.43155  6.43111  5.95854  0.380392  5.39226  
0.413911  1.22813  6.99642  7.43155  6.43111  5.95854  0.126376  5.55154  
1.99727  2.24451  6.99642  7.43155  6.43111  5.95854  0.0336277  6.15239  
1.64922  0  6.99642  7.43155  6.43111  5.95854  0.914721  2.48215  
0.319024  0.98528  6.99642  7.43155  6.43111  5.95854  5.64312  1.99592  
0.00283648  1.03467  6.99642  7.43155  6.43111  5.95854  1.61823  5.25605  
3.78568  0.000489512  6.99642  7.43155  6.43111  5.95854  0.080545  4.40132  
1.02674  0  6.99642  7.43155  6.43111  5.95854  5.69677  0.420334  
5.42768  2.39795e-08  6.99642  7.43155  6.43111  5.95854  4.82413  0.00151867  
6.99169e-17  1.14183  6.99642  7.43155  6.43111  5.95854  4.92235  0.00411947  
0.272446  1.31291  6.99642  7.43155  6.43111  5.95854  0.284011  5.57049  
6.81987e-17  1.11377  6.99642  7.43155  6.43111  5.95854  1.02674  0  
3.7858  0  6.99642  7.43155  6.43111  5.95854  0.0767485  4.12272  
0.112388  1.02855  6.99642  7.43155  6.43111  5.95854  0.640941  1.94684  
0.00876878  1.03464  6.99642  7.43155  6.43111  5.95854  0.610011  1.85289  
6.45203e-17  1.0537  6.99642  7.43155  6.43111  5.95854  0.00244215  5.26273  
0.262409  2.02774  6.99642  7.43155  6.43111  5.95854  2.03235  2.94674  
0.893966  0.523737  6.99642  7.43155  6.43111  5.95854  0.745126  2.27582  
0.318078  1.06523  6.99642  7.43155  6.43111  5.95854  0.443982  1.32929  
3.65282  0  6.99642  7.43155  6.43111  5.95854  1.35557  5.51888  
6.33555e-17  1.03467  6.99642  7.43155  6.43111  5.95854  4.78262  0.339355  
0.195742  2.88485  6.99642  7.43155  6.43111  5.95854  0.705435  2.14274  
2.7566e-16  4.50187  6.99642  7.43155  6.43111  5.95854  1.33133  2.8022  
0.945617  1.0154  6.99642  7.43155  6.43111  5.95854  0.50075  4.56894  
6.9241e-17  1.13079  6.99642  7.43155  6.43111  5.95854  1.41244  3.03532  
1.02674  0  6.99642  7.43155  6.43111  5.95854  0.250228  4.90788  
2.76187e-16  4.51048  6.99642  7.43155  6.43111  5.95854  5.56494  0.000765854  
3.96474  1.49497e-09  6.99642  7.43155  6.43111  5.95854  0.507565  1.54235  
0.195485  3.51151  6.99642  7.43155  6.43111  5.95854  0.742992  2.25815  
7.04689e-09  1.93531  6.99642  7.43155  6.43111  5.95854  4.77096  0.000656587  
0.195195  4.26066  6.99642  7.43155  6.43111  5.95854  4.41582  0.401952  
0.699347  0.757567  6.99642  7.43155  6.43111  5.95854  5.02132  0.213746  
1.02352  0.112454  6.99642  7.43155  6.43111  5.95854  1.11882  3.28527  
0.195441  3.97037  6.99642  7.43155  6.43111  5.95854  0.699347  0.757567  
3.65262  0.000100995  6.99642  7.43155  6.43111  5.95854  0.95011  2.84465  
0.0115563  1.03461  6.99642  7.43155  6.43111  5.95854  4.23364  0.489265  
0.264399  1.90874  6.99642  7.43155  6.43111  5.95854  0.956151  2.68144  
1.4977e-10  2.11425  6.99642  7.43155  6.43111  5.95854  0.90966  2.7647  
3.65245  0.0372511  6.99642  7.43155  6.43111  5.95854  5.28314  0.250858  
1.99733  5.69332e-13  6.99642  7.43155  6.43111  5.95854  4.88467  5.14618e-09  
0.0116625  1.03009  6.99642  7.43155  6.43111  5.95854  0.00397554  4.95735  
0.195244  4.21999  6.99642  7.43155  6.43111  5.95854  1.11649  2.39934  
2.7566e-16  4.50187  6.99642  7.43155  6.43111  5.95854  1.7224  2.50024  
0.0011624  1.03467  6.99642  7.43155  6.43111  5.95854  5.12203  0.00548828  
2.92605e-05  1.15585  6.99642  7.43155  6.43111  5.95854  0.367047  1.11645  
0.19538  4.14696  6.99642  7.43155  6.43111  5.95854  0.043568  4.45608  
1.01848  0.154037  6.99642  7.43155  6.43111  5.95854  0.83803  2.54699  
2.7566e-16  4.50187  6.99642  7.43155  6.43111  5.95854  0.558464  1.69124  
0.413854  1.23909  6.99642  7.43155  6.43111  5.95854  0.321145  4.92704  
0.413854  3.56109  4.94743  4.48313  5.74733  5.82364  6.22742e-17  1.01702  
0.945549  1.0226  4.94743  4.48313  5.74733  5.82364  3.00378  4.69542e-05  
0.945549  1.0226  4.94743  4.48313  5.74733  5.82364  0.933894  1.01164  
1.2543  0  4.94743  4.48313  5.74733  5.82364  2.46344  0  
3.997  0  4.94743  4.48313  5.74733  5.82364  0.0407511  2.35574  
3.78568  0.0450802  4.94743  4.48313  5.74733  5.82364  2.37781  0.144412  
3.43391  0  4.94743  4.48313  5.74733  5.82364  6.02444e-05  2.61172  
4.74733  3.92571e-11  4.94743  4.48313  5.74733  5.82364  0.365583  1.1103  
0.413854  3.56109  4.94743  4.48313  5.74733  5.82364  2.39715  0  
4.74069  1.64699e-08  4.94743  4.48313  5.74733  5.82364  1.19103e-16  1.9451  
1.9971  3.13368  4.94743  4.48313  5.74733  5.82364  1.44373e-16  2.3578  
3.96057  1.22456e-08  4.94743  4.48313  5.74733  5.82364  8.1203e-05  2.35919  
3.78568  0.0450802  4.94743  4.48313  5.74733  5.82364  0.032353  2.32925  
1.9971  3.13368  4.94743  4.48313  5.74733  5.82364  2.81059  0.703518  
0.195193  4.82364  4.94743  4.48313  5.74733  5.82364  1.73439e-16  2.83247  
1.48685e-06  3.68136  4.94743  4.48313  5.74733  5.82364  3.11641  1.00235  
3.39634  2.03617e-11  4.94743  4.48313  5.74733  5.82364  1.90511e-16  3.11127  
1.9971  3.13368  4.94743  4.48313  5.74733  5.82364  2.77631  1.26948  
3.74758  0  4.94743  4.48313  5.74733  5.82364  2.1328e-16  3.48313  
1.01566  0  4.94743  4.48313  5.74733  5.82364  2.8192  0.119697  
0.413854  3.56109  4.94743  4.48313  5.74733  5.82364  2.89245  1.10207  
0.195193  4.82364  4.94743  4.48313  5.74733  5.82364  0.365262  1.11109  
1.48685e-06  3.68136  4.94743  4.48313  5.74733  5.82364  2.11112  1.00665  
1.99729  2.16091  4.94743  4.48313  5.74733  5.82364  3.12044  0.43236  
0.020133  1.01682  4.94743  4.48313  5.74733  5.82364  3.15648  0  
0.0238906  1.01673  4.94743  4.48313  5.74733  5.82364  3.3608e-08  1.95263  
1.99731  3.91869e-06  4.94743  4.48313  5.74733  5.82364  2.81787  0  
6.22742e-17  1.01702  4.94743  4.48313  5.74733  5.82364  2.69023  1.02502  
1.01552  0.0163204  4.94743  4.48313  5.74733  5.82364  0.995452  1.07832  
1.01563  0.00706998  4.94743  4.48313  5.74733  5.82364  2.78352  8.91801e-08  
1.01444  0.0496755  4.94743  4.48313  5.74733  5.82364  6.1274e-08  1.68678  
0.68846  0.745774  4.94743  4.48313  5.74733  5.82364  0.327042  1.97814  
1.01565  0.00195688  4.94743  4.48313  5.74733  5.82364  0.0887511  3.02528  
0.0489807  1.01584  4.94743  4.48313  5.74733  5.82364  0.441037  1.3398  
0.197147  1.88105  4.94743  4.48313  5.74733  5.82364  2.32481  0.109653  
1.01209  0.0850504  4.94743  4.48313  5.74733  5.82364  0.508056  3.2132  
1.01565  0.0033571  4.94743  4.48313  5.74733  5.82364  2.686  0  
0.0315553  1.01653  4.94743  4.48313  5.74733  5.82364  2.08817  0  
1.01558  0.0123141  4.94743  4.48313  5.74733  5.82364  0.417454  1.26955  
1.01425  0.053349  4.94743  4.48313  5.74733  5.82364  2.08442e-16  3.40412  
0.0122312  1.01694  4.94743  4.48313  5.74733  5.82364  0.334942  2.11835  
1.01563  0.00675079  4.94743  4.48313  5.74733  5.82364  4.88784e-05  2.38403  
1.0156  0.0109308  4.94743  4.48313  5.74733  5.82364  1.98447  0.756116  
1.01443  0.0498588  4.94743  4.48313  5.74733  5.82364  1.71637  0.629965  
3.62322e-05  1.03614  4.94743  4.48313  5.74733  5.82364  0.0173019  2.72642  
0.211158  1.13693  4.94743  4.48313  5.74733  5.82364  2.85472  0.836859  
0.19738  1.16175  4.94743  4.48313  5.74733  5.82364  1.78076e-16  2.9082  
0.320738  0.975594  4.94743  4.48313  5.74733  5.82364  2.39583  5.05051e-08  
1.01549  0.0184637  4.94743  4.48313  5.74733  5.82364  0.416042  1.26309  
0.0529182  1.0131  4.94743  4.48313  5.74733  5.82364  0.485388  2.24631  
0.19586  2.15082  4.94743  4.48313  5.74733  5.82364  0.413791  1.25863  
1.68105e-06  1.12775  4.94743  4.48313  5.74733  5.82364  0.360342  2.20439  
0.413911  1.22813  4.94743  4.48313  5.74733  5.82364  1.67111  0.178927  
1.99727  2.24451  4.94743  4.48313  5.74733  5.82364  0.175618  3.16106  
1.01565  0.0037296  4.94743  4.48313  5.74733  5.82364  1.72076  1.35063  
0.319024  0.98528  4.94743  4.48313  5.74733  5.82364  3.94743  0  
1.55022e-06  1.42459  4.94743  4.48313  5.74733  5.82364  1.22009e-06  2.72316  
3.78568  0.000489512  4.94743  4.48313  5.74733  5.82364  3.2768  0.237288  
1.01543  0.021279  4.94743  4.48313  5.74733  5.82364  1.80939e-07  2.56141  
0.034703  1.01642  4.94743  4.48313  5.74733  5.82364  3.21126  0.746166  
1.01368  0.0632968  4.94743  4.48313  5.74733  5.82364  2.39149  0.17369  
1.01273  0.0770988  4.94743  4.48313  5.74733  5.82364  0.0519112  2.61471  
0.842073  0.582432  4.94743  4.48313  5.74733  5.82364  1.01566  0  
0.00635708  1.02134  4.94743  4.48313  5.74733  5.82364  1.01982e-16  1.66549  
0.0279039  1.01663  4.94743  4.48313  5.74733  5.82364  2.74281  0.360032  
9.24568e-06  1.03787  4.94743  4.48313  5.74733  5.82364  2.10285  0  
0.0101147  1.01697  4.94743  4.48313  5.74733  5.82364  2.67544  0.967394  
0.999766  0.188885  4.94743  4.48313  5.74733  5.82364  0.00462126  2.1594  
0.893966  0.523737  4.94743  4.48313  5.74733  5.82364  1.84944e-16  3.02036  
0.23117  0.989513  4.94743  4.48313  5.74733  5.82364  2.13465  4.84852e-07  
0.0109815  1.01696  4.94743  4.48313  5.74733  5.82364  2.60198  0.602932  
1.01555  0.014987  4.94743  4.48313  5.74733  5.82364  0.36635  1.11418  
1.01541  0.0224996  4.94743  4.48313  5.74733  5.82364  0.365392  1.10932  
1.49681e-06  1.45645  4.94743  4.48313  5.74733  5.82364  0.000648547  2.83841  
0.945617  1.0154  4.94743  4.48313  5.74733  5.82364  0.371183  1.12907  
0.954094  0.447655  4.94743  4.48313  5.74733  5.82364  2.22348  0.764245  
1.0154  0.0226819  4.94743  4.48313  5.74733  5.82364  6.09147e-06  3.23425  
0.195203  3.75992  4.94743  4.48313  5.74733  5.82364  0.933648  1.01137  
0.196493  2.04865  4.94743  4.48313  5.74733  5.82364  0.366427  2.71245  
0.214943  1.12445  4.94743  4.48313  5.74733  5.82364  2.34744  0.914258  
0.0403253  1.01622  4.94743  4.48313  5.74733  5.82364  1.87939  0.00664321  
0.195195  4.26066  4.94743  4.48313  5.74733  5.82364  2.75503  0.832284  
1.01438  0.0508168  4.94743  4.48313  5.74733  5.82364  0.926776  1.00393  
0.951114  1.01444  4.94743  4.48313  5.74733  5.82364  0.52464  1.58891  
1.01547  0.0194517  4.94743  4.48313  5.74733  5.82364  0.68846  0.745774  
0.00417751  1.02602  4.94743  4.48313  5.74733  5.82364  2.88197  0.133218  
0.0349952  1.01641  4.94743  4.48313  5.74733  5.82364  0.370062  1.12437  
1.01446  0.0244419  4.94743  4.48313  5.74733  5.82364  2.99222  1.9564e-08  
0.0416374  1.01616  4.94743  4.48313  5.74733  5.82364  2.05738e-16  3.35995  
0.195281  2.54802  4.94743  4.48313  5.74733  5.82364  3.68692  0  
1.99733  5.69332e-13  4.94743  4.48313  5.74733  5.82364  0.519743  1.57915  
0.195359  2.32684  4.94743  4.48313  5.74733  5.82364  2.79494  1.06492  
0.195239  3.11005  4.94743  4.48313  5.74733  5.82364  1.74289e-16  2.84636  
0.00983121  1.01697  4.94743  4.48313  5.74733  5.82364  2.62103  0  
3.703e-05  1.02695  4.94743  4.48313  5.74733  5.82364  1.70277  3.77576e-08  
1.01553  0.0162743  4.94743  4.48313  5.74733  5.82364  0.364607  1.10903  
0.195251  3.0741  4.94743  4.48313  5.74733  5.82364  0.320738  0.975594  
0.133501  1.00822  4.94743  4.48313  5.74733  5.82364  1.21627e-16  1.98632  
3.78573  0  4.94743  4.48313  5.74733  5.82364  1.16082  1.25746  
0.413854  1.23909  4.94743  4.48313  5.74733  5.82364  0.754713  2.29575  
6.14978e-17  1.00433  2.00435  2.00433  2.00435  2.00433  6.14978e-17  1.00433  
0.815826  0.582776  2.00435  2.00433  2.00435  2.00433  0.978735  0.21992  
0.964351  0.275489  2.00435  2.00433  2.00435  2.00433  0.859992  0.516573  
0.972328  0.246095  2.00435  2.00433  2.00435  2.00433  0.840904  0.546299  
0.943271  0.340166  2.00435  2.00433  2.00435  2.00433  0.987329  0.174376  
0.740732  0.676713  2.00435  2.00433  2.00435  2.00433  0.309481  0.954095  
0.233206  0.975206  2.00435  2.00433  2.00435  2.00433  0.885881  0.469824  
0.945866  0.333091  2.00435  2.00433  2.00435  2.00433  0.852059  0.528723  
0.95225  0.313188  2.00435  2.00433  2.00435  2.00433  0.751504  0.665597  
0.1411  0.992983  2.00435  2.00433  2.00435  2.00433  0.151933  0.991302  
0.983505  0.194412  2.00435  2.00433  2.00435  2.00433  0.131493  0.994301  
0.991357  0.147746  2.00435  2.00433  2.00435  2.00433  0.80142  0.604066  
0.767393  0.646796  2.00435  2.00433  2.00435  2.00433  0.968333  0.259524  
0.906006  0.429279  2.00435  2.00433  2.00435  2.00433  0.889442  0.463098  
0.859992  0.516573  2.00435  2.00433  2.00435  2.00433  0.914617  0.411427  
0.985754  0.185476  2.00435  2.00433  2.00435  2.00433  0.773464  0.637647  
0.202637  0.982234  2.00435  2.00433  2.00435  2.00433  0.728571  0.689593  
0.302356  0.955308  2.00435  2.00433  2.00435  2.00433  0.767393  0.646796  
0.806567  0.595681  2.00435  2.00433  2.00435  2.00433  0.823898  0.572583  
0.914617  0.411427  2.00435  2.00433  2.00435  2.00433  0.846626  0.537698  
0.982125  0.201268  2.00435  2.00433  2.00435  2.00433  0.784546  0.624197  
0.852059  0.528723  2.00435  2.00433  2.00435  2.00433  0.972328  0.246095  
0.889442  0.463098  2.00435  2.00433  2.00435  2.00433  0.876534  0.486659  
0.773464  0.637647  2.00435  2.00433  2.00435  2.00433  0.989494  0.159766  
0.840904  0.546299  2.00435  2.00433  2.00435  2.00433  0.957222  0.299786  
0.898848  0.443408  2.00435  2.00433  2.00435  2.00433  0.870844  0.497183  
0.856583  0.521141  2.00435  2.00433  2.00435  2.00433  0.983505  0.194412  
0.223837  0.977621  2.00435  2.00433  2.00435  2.00433  0.939959  0.34852  
1.00138  0.0490775  2.00435  2.00433  2.00435  2.00433  0.740732  0.676713  
0.80142  0.604066  2.00435  2.00433  2.00435  2.00433  0.297794  0.957443  
0.978735  0.21992  2.00435  2.00433  2.00435  2.00433  0.820195  0.576717  
0.309481  0.954095  2.00435  2.00433  2.00435  2.00433  0.949208  0.323341  
0.077003  0.999731  2.00435  2.00433  2.00435  2.00433  0.809925  0.590646  
0.275158  0.964176  2.00435  2.00433  2.00435  2.00433  0.996151  0.114763  
0.750657  0.666329  2.00435  2.00433  2.00435  2.00433  0.960696  0.287189  
0.957222  0.299786  2.00435  2.00433  2.00435  2.00433  0.999801  0.0759594  
0.68734  0.744561  2.00435  2.00433  2.00435  2.00433  0.933498  0.367316  
0.784546  0.624197  2.00435  2.00433  2.00435  2.00433  0.745886  0.670827  
0.829252  0.563442  2.00435  2.00433  2.00435  2.00433  0.174622  0.987723  
0.968333  0.259524  2.00435  2.00433  2.00435  2.00433  0.11647  0.99619  
0.876534  0.486659  2.00435  2.00433  2.00435  2.00433  0.806567  0.595681  
0.258366  0.969043  2.00435  2.00433  2.00435  2.00433  0.912574  0.415551  
0.885881  0.469824  2.00435  2.00433  2.00435  2.00433  0.710058  0.708248  
0.987329  0.174376  2.00435  2.00433  2.00435  2.00433  0.731034  0.686982  
0.0542408  1.00058  2.00435  2.00433  2.00435  2.00433  0.866516  0.50461  
0.893706  0.454331  2.00435  2.00433  2.00435  2.00433  0.287892  0.960687  
0.72199  0.696349  2.00435  2.00433  2.00435  2.00433  0.242103  0.973465  
0.866516  0.50461  2.00435  2.00433  2.00435  2.00433  0.856583  0.521141  
0.131493  0.994301  2.00435  2.00433  2.00435  2.00433  0.302356  0.955308  
0.911528  0.419203  2.00435  2.00433  2.00435  2.00433  1.00255  0.0183773  
0.989494  0.159766  2.00435  2.00433  2.00435  2.00433  0.918784  0.401292  
0.790452  0.616701  2.00435  2.00433  2.00435  2.00433  0.974873  0.234587  
0.820195  0.576717  2.00435  2.00433  2.00435  2.00433  0.936518  0.357824  
0.918784  0.401292  2.00435  2.00433  2.00435  2.00433  0.186865  0.985497  
0.728571  0.689593  2.00435  2.00433  2.00435  2.00433  0.945866  0.333091  
0.903134  0.435386  2.00435  2.00433  2.00435  2.00433  0.982125  0.201268  
0.0995283  0.998025  2.00435  2.00433  2.00435  2.00433  0.790452  0.616701  
0.245909  0.972448  2.00435  2.00433  2.00435  2.00433  0.906006  0.429279  
0.297794  0.957443  2.00435  2.00433  2.00435  2.00433  0.815826  0.582776  
0.11647  0.99619  2.00435  2.00433  2.00435  2.00433  1.00138  0.0490775  
0.755432  0.659348  2.00435  2.00433  2.00435  2.00433  0.233206  0.975206  
0.882771  0.475935  2.00435  2.00433  2.00435  2.00433  0.270652  0.965852  
0.960696  0.287189  2.00435  2.00433  2.00435  2.00433  1.00435  0  
0.933498  0.367316  2.00435  2.00433  2.00435  2.00433  0.0542408  1.00058  
1.00272  0.00526479  2.00435  2.00433  2.00435  2.00433  0.898848  0.443408  
0.160356  0.989939  2.00435  2.00433  2.00435  2.00433  0.1411  0.992983  
0.795587  0.609821  2.00435  2.00433  2.00435  2.00433  0.954474  0.308365  
0.949208  0.323341  2.00435  2.00433  2.00435  2.00433  0.985754  0.185476  
1.00435  0  2.00435  2.00433  2.00435  2.00433  0.258366  0.969043  
0.927015  0.382674  2.00435  2.00433  2.00435  2.00433  0.998027  0.0925502  
0.000604791  1.00282  2.00435  2.00433  2.00435  2.00433  0.077003  0.999731  
0.733283  0.684581  2.00435  2.00433  2.00435  2.00433  0.943271  0.340166  
0.874204  0.490604  2.00435  2.00433  2.00435  2.00433  0.275158  0.964176  
0.974873  0.234587  2.00435  2.00433  2.00435  2.00433  0.160356  0.989939  
0.270652  0.965852  2.00435  2.00433  2.00435  2.00433  0.893706  0.454331  
0.287892  0.960687  2.00435  2.00433  2.00435  2.00433  0.755432  0.659348  
0.780693  0.630094  2.00435  2.00433  2.00435  2.00433  0.795587  0.609821  
0.998027  0.0925502  2.00435  2.00433  2.00435  2.00433  0.780693  0.630094  
0.996151  0.114763  2.00435  2.00433  2.00435  2.00433  0.90433  0.433199  
0.999801  0.0759594  2.00435  2.00433  2.00435  2.00433  0.930179  0.374392  
0.213061  0.979814  2.00435  2.00433  2.00435  2.00433  0.221211  0.978218  
0.759221  0.655797  2.00435  2.00433  2.00435  2.00433  0.829252  0.563442  
0.846626  0.537698  2.00435  2.00433  2.00435  2.00433  0.874204  0.490604  
0.939959  0.34852  2.00435  2.00433  2.00435  2.00433  0.927015  0.382674  
0.838308  0.550267  2.00435  2.00433  2.00435  2.00433  0.68734  0.744561  
0.174622  0.987723  2.00435  2.00433  2.00435  2.00433  0.00692525  1.00265  
0.74486  0.671653  2.00435  2.00433  2.00435  2.00433  0.964351  0.275489  
0.151933  0.991302  2.00435  2.00433  2.00435  2.00433  0.923817  0.390152  
0.923817  0.390152  2.00435  2.00433  2.00435  2.00433  0.835466  0.555159  
0.870844  0.497183  2.00435  2.00433  2.00435  2.00433  0.882771  0.475935  
0.993866  0.136842  2.00435  2.00433  2.00435  2.00433  0.0897175  0.998946  
0.710058  0.708248  2.00435  2.00433  2.00435  2.00433  0.909716  0.422088  
0.811371  0.588898  2.00435  2.00433  2.00435  2.00433  0.201678  0.982572  
0.954474  0.308365  2.00435  2.00433  2.00435  2.00433  0.991357  0.147746  
0.936518  0.357824  2.00435  2.00433  2.00435  2.00433  0.838308  0.550267  
0.930179  0.374392  2.00435  2.00433  2.00435  2.00433  0.10492  0.997343  
0.823898  0.572583  2.00435  2.00433  2.00435  2.00433  0.72199  0.696349  
0.835466  0.555159  2.00435  2.00433  2.00435  2.00433  0.714356  0.703912  
0.188508  0.985232  2.00435  2.00433  2.00435  2.00433  0.207074  0.981474  
0.714356  0.703912  2.00435  2.00433  2.00435  2.00433  0.95225  0.313188  
0.824739  0.565514  2.02843  2  2.02843  2  0.824739  0.565514  
0.955644  0.294525  2.02843  2  2.02843  2  0.245839  0.969311  
0.961605  0.274437  2.02843  2  2.02843  2  0.856163  0.516706  
0.913265  0.407367  2.02843  2  2.02843  2  0.913265  0.407367  
0.940437  0.339968  2.02843  2  2.02843  2  0.150523  0.988607  
0.864055  0.503397  2.02843  2  2.02843  2  0.308988  0.951066  
0.223767  0.974643  2.02843  2  2.02843  2  0.887004  0.461762  
0.94359  0.331118  2.02843  2  2.02843  2  0.867899  0.496741  
0.984575  0.174965  2.02843  2  2.02843  2  0.749736  0.661737  
0.739462  0.673199  2.02843  2  2.02843  2  0.136405  0.990653  
0.979356  0.202144  2.02843  2  2.02843  2  0.121333  0.992612  
0.991472  0.130325  2.02843  2  2.02843  2  0.984575  0.174965  
0.764998  0.644032  2.02843  2  2.02843  2  0.967631  0.25237  
0.995458  0.0951999  2.02843  2  2.02843  2  0.890823  0.454351  
0.856163  0.516706  2.02843  2  2.02843  2  0.995458  0.0951999  
0.958594  0.284777  2.02843  2  2.02843  2  0.804972  0.593314  
0.967631  0.25237  2.02843  2  2.02843  2  0.723917  0.689888  
0.734352  0.678769  2.02843  2  2.02843  2  0.764998  0.644032  
0.267172  0.963649  2.02843  2  2.02843  2  0.819887  0.572526  
0.909574  0.415543  2.02843  2  2.02843  2  0.843349  0.537367  
0.804972  0.593314  2.02843  2  2.02843  2  0.780292  0.625416  
0.867899  0.496741  2.02843  2  2.02843  2  0.970688  0.240343  
0.887004  0.461762  2.02843  2  2.02843  2  0.879447  0.475997  
0.770116  0.637905  2.02843  2  2.02843  2  0.987027  0.160555  
0.212394  0.977184  2.02843  2  2.02843  2  0.952689  0.303947  
0.89841  0.439158  2.02843  2  2.02843  2  0.871759  0.489935  
0.852001  0.523541  2.02843  2  2.02843  2  0.979356  0.202144  
0.894625  0.446817  2.02843  2  2.02843  2  0.937235  0.348698  
0.998787  0.0492423  2.02843  2  2.02843  2  0.864055  0.503397  
0.800095  0.599874  2.02843  2  2.02843  2  0.298542  0.954397  
0.245839  0.969311  2.02843  2  2.02843  2  0.814936  0.579551  
0.308988  0.951066  2.02843  2  2.02843  2  0.94669  0.322146  
0.982025  0.188752  2.02843  2  2.02843  2  0.809946  0.586505  
0.970688  0.240343  2.02843  2  2.02843  2  0.989295  0.145927  
0.749736  0.661737  2.02843  2  2.02843  2  0.894625  0.446817  
0.952689  0.303947  2.02843  2  2.02843  2  0.997228  0.0744039  
0.685979  0.743087  2.02843  2  2.02843  2  0.267172  0.963649  
0.780292  0.625416  2.02843  2  2.02843  2  0.744603  0.667508  
0.847778  0.530351  2.02843  2  2.02843  2  0.785299  0.619118  
0.923839  0.382781  2.02843  2  2.02843  2  0.10526  0.994445  
0.879447  0.475997  2.02843  2  2.02843  2  0.800095  0.599874  
0.256508  0.966542  2.02843  2  2.02843  2  0.96456  0.263866  
0.94669  0.322146  2.02843  2  2.02843  2  0.707178  0.707036  
0.150523  0.988607  2.02843  2  2.02843  2  0.729237  0.684262  
0.0457149  0.998955  2.02843  2  2.02843  2  0.86018  0.509991  
0.890823  0.454351  2.02843  2  2.02843  2  0.287929  0.957652  
0.718395  0.695636  2.02843  2  2.02843  2  0.234937  0.972011  
0.86018  0.509991  2.02843  2  2.02843  2  0.852001  0.523541  
0.121333  0.992612  2.02843  2  2.02843  2  0.212394  0.977184  
0.905869  0.423559  2.02843  2  2.02843  2  0.0880723  0.996114  
0.987027  0.160555  2.02843  2  2.02843  2  0.916873  0.399178  
0.790312  0.612705  2.02843  2  2.02843  2  0.973671  0.227959  
0.814936  0.579551  2.02843  2  2.02843  2  0.933979  0.357327  
0.916874  0.399178  2.02843  2  2.02843  2  0.188919  0.981993  
0.723917  0.689888  2.02843  2  2.02843  2  0.943589  0.331118  
0.902147  0.431429  2.02843  2  2.02843  2  0.909574  0.415543  
0.068732  0.997635  2.02843  2  2.02843  2  0.790312  0.612705  
0.234937  0.972011  2.02843  2  2.02843  2  0.739461  0.673199  
0.298542  0.954397  2.02843  2  2.02843  2  0.955644  0.294525  
0.10526  0.994445  2.02843  2  2.02843  2  0.998787  0.0492423  
0.759946  0.649987  2.02843  2  2.02843  2  0.223767  0.974643  
0.883222  0.468956  2.02843  2  2.02843  2  0.277598  0.960698  
0.96456  0.263866  2.02843  2  2.02843  2  1  0  
0.829486  0.558528  2.02843  2  2.02843  2  0.0457149  0.998955  
0.0880723  0.996114  2.02843  2  2.02843  2  0.89841  0.439158  
0.176733  0.984259  2.02843  2  2.02843  2  0.759946  0.649987  
0.795183  0.60637  2.02843  2  2.02843  2  0.97654  0.215338  
0.949717  0.313111  2.02843  2  2.02843  2  0.734369  0.678751  
1  0  2.02843  2  2.02843  2  0.923839  0.382781  
0.927233  0.374484  2.02843  2  2.02843  2  0.163818  0.986491  
6.12323e-17  1  2.02843  2  2.02843  2  0.993511  0.113736  
0.729237  0.684262  2.02843  2  2.02843  2  0.940437  0.339968  
0.875595  0.483047  2.02843  2  2.02843  2  0.770116  0.637905  
0.973671  0.227959  2.02843  2  2.02843  2  0.176733  0.984259  
0.277598  0.960698  2.02843  2  2.02843  2  0.838889  0.544304  
0.287929  0.957652  2.02843  2  2.02843  2  0.754846  0.655903  
0.77524  0.631667  2.02843  2  2.02843  2  0.795183  0.60637  
0.163818  0.986491  2.02843  2  2.02843  2  0.77524  0.631667  
0.989295  0.145927  2.02843  2  2.02843  2  0.902147  0.431429  
0.997228  0.0744039  2.02843  2  2.02843  2  0.930627  0.365971  
0.200871  0.979618  2.02843  2  2.02843  2  0.256508  0.966542  
0.754846  0.655903  2.02843  2  2.02843  2  0.847778  0.530351  
0.843349  0.537367  2.02843  2  2.02843  2  0.875595  0.483047  
0.937235  0.348698  2.02843  2  2.02843  2  0.927233  0.374484  
0.838889  0.544304  2.02843  2  2.02843  2  0.685979  0.743087  
0.785299  0.619118  2.02843  2  2.02843  2  6.12323e-17  1  
0.744603  0.667508  2.02843  2  2.02843  2  0.961605  0.274437  
0.136405  0.990653  2.02843  2  2.02843  2  0.920434  0.390898  
0.920434  0.390898  2.02843  2  2.02843  2  0.829486  0.558528  
0.871759  0.489935  2.02843  2  2.02843  2  0.883222  0.468956  
0.993511  0.113736  2.02843  2  2.02843  2  0.982025  0.188752  
0.707178  0.707036  2.02843  2  2.02843  2  0.905869  0.423559  
0.809946  0.586505  2.02843  2  2.02843  2  0.958594  0.284777  
0.97654  0.215338  2.02843  2  2.02843  2  0.991472  0.130325  
0.933979  0.357328  2.02843  2  2.02843  2  0.834297  0.551316  
0.930627  0.365971  2.02843  2  2.02843  2  0.068732  0.997635  
0.819887  0.572526  2.02843  2  2.02843  2  0.718394  0.695636  
0.834297  0.551316  2.02843  2  2.02843  2  0.712852  0.701314  
0.188919  0.981993  2.02843  2  2.02843  2  0.200871  0.979618  
0.712852  0.701314  2.02843  2  2.02843  2  0.949717  0.313111  
0.824678  0.565603  2.00826  2  2.00826  2  0.824738  0.565514  
0.95577  0.294114  2.00826  2  2.00826  2  0.245905  0.969294  
0.961797  0.273764  2.00826  2  2.00826  2  0.855984  0.517002  
0.913196  0.407521  2.00826  2  2.00826  2  0.913196  0.407521  
0.940437  0.339968  2.00826  2  2.00826  2  0.150448  0.988618  
0.863998  0.503496  2.00826  2  2.00826  2  0.309005  0.951061  
0.22388  0.974617  2.00826  2  2.00826  2  0.887098  0.461581  
0.943589  0.331118  2.00826  2  2.00826  2  0.867914  0.496715  
0.984509  0.175336  2.00826  2  2.00826  2  0.749815  0.661648  
0.739489  0.673169  2.00826  2  2.00826  2  0.136338  0.990662  
0.9793  0.202414  2.00826  2  2.00826  2  0.12148  0.992594  
0.991464  0.130381  2.00826  2  2.00826  2  0.984509  0.175336  
0.765047  0.643974  2.00826  2  2.00826  2  0.967746  0.251927  
0.995461  0.0951696  2.00826  2  2.00826  2  0.890882  0.454236  
0.855984  0.517002  2.00826  2  2.00826  2  0.995461  0.0951696  
0.958818  0.28402  2.00826  2  2.00826  2  0.805135  0.593092  
0.967746  0.251927  2.00826  2  2.00826  2  0.723738  0.690075  
0.734306  0.678818  2.00826  2  2.00826  2  0.765047  0.643974  
0.267328  0.963606  2.00826  2  2.00826  2  0.819887  0.572526  
0.909564  0.415564  2.00826  2  2.00826  2  0.843129  0.537711  
0.80519  0.593016  2.00826  2  2.00826  2  0.780292  0.625416  
0.867914  0.496715  2.00826  2  2.00826  2  0.970758  0.24006  
0.8871  0.461578  2.00826  2  2.00826  2  0.87951  0.47588  
0.770157  0.637855  2.00826  2  2.00826  2  0.98694  0.161086  
0.212503  0.97716  2.00826  2  2.00826  2  0.952745  0.303771  
0.89841  0.439158  2.00826  2  2.00826  2  0.871784  0.48989  
0.851808  0.523854  2.00826  2  2.00826  2  0.9793  0.202414  
0.894666  0.446735  2.00826  2  2.00826  2  0.937235  0.348698  
0.998774  0.0495091  2.00826  2  2.00826  2  0.863998  0.503496  
0.800212  0.599717  2.00826  2  2.00826  2  0.298853  0.954299  
0.245905  0.969294  2.00826  2  2.00826  2  0.814959  0.579519  
0.309005  0.951061  2.00826  2  2.00826  2  0.94669  0.322146  
0.981961  0.189084  2.00826  2  2.00826  2  0.810069  0.586335  
0.970758  0.24006  2.00826  2  2.00826  2  0.989264  0.146142  
0.749751  0.66172  2.00826  2  2.00826  2  0.894666  0.446735  
0.952745  0.303771  2.00826  2  2.00826  2  0.997228  0.0744039  
0.685979  0.743087  2.00826  2  2.00826  2  0.267328  0.963606  
0.780292  0.625416  2.00826  2  2.00826  2  0.744661  0.667443  
0.847546  0.530722  2.00826  2  2.00826  2  0.785303  0.619111  
0.923818  0.382831  2.00826  2  2.00826  2  0.105492  0.99442  
0.87951  0.47588  2.00826  2  2.00826  2  0.800212  0.599717  
0.256817  0.96646  2.00826  2  2.00826  2  0.964829  0.262878  
0.946686  0.322157  2.00826  2  2.00826  2  0.707166  0.707048  
0.150448  0.988618  2.00826  2  2.00826  2  0.729074  0.684435  
0.0458801  0.998947  2.00826  2  2.00826  2  0.860004  0.510288  
0.890913  0.454173  2.00826  2  2.00826  2  0.288455  0.957494  
0.718371  0.69566  2.00826  2  2.00826  2  0.234937  0.972011  
0.860004  0.510288  2.00826  2  2.00826  2  0.851808  0.523854  
0.12148  0.992594  2.00826  2  2.00826  2  0.212503  0.97716  
0.905886  0.423522  2.00826  2  2.00826  2  0.0881724  0.996105  
0.98694  0.161086  2.00826  2  2.00826  2  0.916778  0.399396  
0.790293  0.61273  2.00826  2  2.00826  2  0.973664  0.227989  
0.815036  0.57941  2.00826  2  2.00826  2  0.933948  0.357408  
0.916778  0.399396  2.00826  2  2.00826  2  0.18894  0.981989  
0.723738  0.690075  2.00826  2  2.00826  2  0.943589  0.331118  
0.902162  0.431398  2.00826  2  2.00826  2  0.909564  0.415564  
0.0689814  0.997618  2.00826  2  2.00826  2  0.790296  0.612725  
0.234937  0.972011  2.00826  2  2.00826  2  0.739494  0.673163  
0.298853  0.954299  2.00826  2  2.00826  2  0.95577  0.294114  
0.105492  0.99442  2.00826  2  2.00826  2  0.998774  0.0495091  
0.759946  0.649986  2.00826  2  2.00826  2  0.22388  0.974617  
0.883314  0.468782  2.00826  2  2.00826  2  0.277933  0.960601  
0.964829  0.262878  2.00826  2  2.00826  2  1  0  
0.829449  0.558583  2.00826  2  2.00826  2  0.0458801  0.998947  
0.0881724  0.996105  2.00826  2  2.00826  2  0.89841  0.439158  
0.176654  0.984273  2.00826  2  2.00826  2  0.759946  0.649986  
0.795286  0.606235  2.00826  2  2.00826  2  0.97652  0.215426  
0.949737  0.31305  2.00826  2  2.00826  2  0.734306  0.678818  
1  0  2.00826  2  2.00826  2  0.923818  0.382831  
0.927253  0.374435  2.00826  2  2.00826  2  0.163818  0.986491  
6.12323e-17  1  2.00826  2  2.00826  2  0.99354  0.113478  
0.729074  0.684435  2.00826  2  2.00826  2  0.940437  0.339968  
0.875664  0.482921  2.00826  2  2.00826  2  0.770157  0.637855  
0.973664  0.227989  2.00826  2  2.00826  2  0.176654  0.984273  
0.277933  0.960601  2.00826  2  2.00826  2  0.838675  0.544632  
0.288455  0.957494  2.00826  2  2.00826  2  0.754869  0.655875  
0.775239  0.631668  2.00826  2  2.00826  2  0.795285  0.606235  
0.163818  0.986491  2.00826  2  2.00826  2  0.77524  0.631667  
0.989264  0.146142  2.00826  2  2.00826  2  0.902162  0.431398  
0.997228  0.0744039  2.00826  2  2.00826  2  0.930626  0.365971  
0.200871  0.979618  2.00826  2  2.00826  2  0.256817  0.96646  
0.754869  0.655875  2.00826  2  2.00826  2  0.847546  0.530722  
0.843129  0.537711  2.00826  2  2.00826  2  0.875664  0.482921  
0.937235  0.348698  2.00826  2  2.00826  2  0.927253  0.374435  
0.838675  0.544632  2.00826  2  2.00826  2  0.685979  0.743087  
0.785303  0.619111  2.00826  2  2.00826  2  6.12323e-17  1  
0.744644  0.667462  2.00826  2  2.00826  2  0.961797  0.273764  
0.136338  0.990662  2.00826  2  2.00826  2  0.920308  0.391195  
0.920308  0.391195  2.00826  2  2.00826  2  0.829486  0.558527  
0.871784  0.48989  2.00826  2  2.00826  2  0.883314  0.468782  
0.993539  0.113489  2.00826  2  2.00826  2  0.981961  0.189084  
0.707166  0.707048  2.00826  2  2.00826  2  0.905886  0.423522  
0.810137  0.586241  2.00826  2  2.00826  2  0.958818  0.28402  
0.97652  0.215426  2.00826  2  2.00826  2  0.991464  0.130381  
0.933948  0.357408  2.00826  2  2.00826  2  0.834056  0.55168  
0.930626  0.365971  2.00826  2  2.00826  2  0.0689814  0.997618  
0.819887  0.572526  2.00826  2  2.00826  2  0.718371  0.69566  
0.834056  0.55168  2.00826  2  2.00826  2  0.712794  0.701373  
0.188962  0.981984  2.00826  2  2.00826  2  0.200871  0.979618  
0.712787  0.701381  2.00826  2  2.00826  2  0.949737  0.31305  
0.824678  0.565603  2  2.09062  2  2.09062  0.82458  0.565746  
0.955975  0.293447  2  2.09062  2  2.09062  0.246099  0.969245  
0.962016  0.272992  2  2.09062  2  2.09062  0.855794  0.517316  
0.913196  0.407521  2  2.09062  2  2.09062  0.913196  0.407521  
0.940437  0.339968  2  2.09062  2  2.09062  0.150448  0.988618  
0.863929  0.503614  2  2.09062  2  2.09062  0.309005  0.951061  
0.224036  0.974581  2  2.09062  2  2.09062  0.887127  0.461525  
0.943593  0.331108  2  2.09062  2  2.09062  0.867914  0.496715  
0.984497  0.175401  2  2.09062  2  2.09062  0.749781  0.661686  
0.739489  0.673169  2  2.09062  2  2.09062  0.136338  0.990662  
0.979279  0.202518  2  2.09062  2  2.09062  0.121427  0.9926  
0.991464  0.130381  2  2.09062  2  2.09062  0.984497  0.175401  
0.765104  0.643906  2  2.09062  2  2.09062  0.967959  0.251109  
0.995472  0.0950588  2  2.09062  2  2.09062  0.89092  0.454161  
0.855794  0.517316  2  2.09062  2  2.09062  0.995465  0.0951288  
0.958997  0.283417  2  2.09062  2  2.09062  0.805156  0.593063  
0.967959  0.251109  2  2.09062  2  2.09062  0.723738  0.690075  
0.734306  0.678818  2  2.09062  2  2.09062  0.765104  0.643906  
0.267641  0.963519  2  2.09062  2  2.09062  0.819763  0.572703  
0.909564  0.415564  2  2.09062  2  2.09062  0.84297  0.53796  
0.805237  0.592953  2  2.09062  2  2.09062  0.780292  0.625416  
0.867914  0.496715  2  2.09062  2  2.09062  0.97086  0.239647  
0.887127  0.461525  2  2.09062  2  2.09062  0.87951  0.47588  
0.7702  0.637803  2  2.09062  2  2.09062  0.986929  0.161155  
0.212632  0.977132  2  2.09062  2  2.09062  0.952923  0.303212  
0.898448  0.439081  2  2.09062  2  2.09062  0.871784  0.48989  
0.851643  0.524123  2  2.09062  2  2.09062  0.979279  0.202518  
0.894711  0.446646  2  2.09062  2  2.09062  0.93721  0.348766  
0.998768  0.049625  2  2.09062  2  2.09062  0.863929  0.503614  
0.80027  0.59964  2  2.09062  2  2.09062  0.298853  0.954299  
0.246099  0.969245  2  2.09062  2  2.09062  0.814943  0.579542  
0.309005  0.951061  2  2.09062  2  2.09062  0.946721  0.322053  
0.98193  0.189242  2  2.09062  2  2.09062  0.810069  0.586335  
0.97086  0.239647  2  2.09062  2  2.09062  0.98926  0.146167  
0.749781  0.661686  2  2.09062  2  2.09062  0.894684  0.446699  
0.952923  0.303212  2  2.09062  2  2.09062  0.997228  0.0744039  
0.685979  0.743087  2  2.09062  2  2.09062  0.267641  0.963519  
0.780292  0.625416  2  2.09062  2  2.09062  0.744661  0.667443  
0.847362  0.531016  2  2.09062  2  2.09062  0.78533  0.619077  
0.923818  0.382831  2  2.09062  2  2.09062  0.105567  0.994412  
0.87951  0.47588  2  2.09062  2  2.09062  0.800212  0.599717  
0.256995  0.966413  2  2.09062  2  2.09062  0.965029  0.262145  
0.946721  0.322053  2  2.09062  2  2.09062  0.707112  0.707101  
0.150448  0.988618  2  2.09062  2  2.09062  0.729026  0.684486  
0.0460534  0.998939  2  2.09062  2  2.09062  0.859884  0.510489  
0.89092  0.454161  2  2.09062  2  2.09062  0.288495  0.957482  
0.718231  0.695805  2  2.09062  2  2.09062  0.235102  0.971971  
0.859884  0.510489  2  2.09062  2  2.09062  0.851643  0.524123  
0.121427  0.9926  2  2.09062  2  2.09062  0.212632  0.977132  
0.905899  0.423493  2  2.09062  2  2.09062  0.0882446  0.996099  
0.986929  0.161155  2  2.09062  2  2.09062  0.916778  0.399396  
0.790325  0.612688  2  2.09062  2  2.09062  0.973735  0.227685  
0.815036  0.57941  2  2.09062  2  2.09062  0.933945  0.357416  
0.916778  0.399396  2  2.09062  2  2.09062  0.189047  0.981968  
0.723738  0.690075  2  2.09062  2  2.09062  0.943603  0.33108  
0.902176  0.431367  2  2.09062  2  2.09062  0.909564  0.415564  
0.0689814  0.997618  2  2.09062  2  2.09062  0.790325  0.612688  
0.235102  0.971971  2  2.09062  2  2.09062  0.739494  0.673163  
0.298853  0.954299  2  2.09062  2  2.09062  0.955975  0.293447  
0.105567  0.994412  2  2.09062  2  2.09062  0.998768  0.049625  
0.759988  0.649937  2  2.09062  2  2.09062  0.224036  0.974581  
0.883329  0.468753  2  2.09062  2  2.09062  0.277986  0.960585  
0.965029  0.262145  2  2.09062  2  2.09062  1  0  
0.829368  0.558702  2  2.09062  2  2.09062  0.0460534  0.998939  
0.0882446  0.996099  2  2.09062  2  2.09062  0.89844  0.439097  
0.176639  0.984276  2  2.09062  2  2.09062  0.759988  0.649937  
0.795299  0.606218  2  2.09062  2  2.09062  0.976545  0.215312  
0.94982  0.312797  2  2.09062  2  2.09062  0.734306  0.678818  
1  0  2  2.09062  2  2.09062  0.923818  0.382831  
0.927253  0.374435  2  2.09062  2  2.09062  0.163818  0.986491  
6.12323e-17  1  2  2.09062  2  2.09062  0.99354  0.113478  
0.729026  0.684486  2  2.09062  2  2.09062  0.940437  0.339968  
0.875664  0.482921  2  2.09062  2  2.09062  0.7702  0.637803  
0.973735  0.227685  2  2.09062  2  2.09062  0.176654  0.984273  
0.277986  0.960585  2  2.09062  2  2.09062  0.838585  0.544771  
0.288495  0.957482  2  2.09062  2  2.09062  0.754869  0.655875  
0.775254  0.631649  2  2.09062  2  2.09062  0.795285  0.606235  
0.163818  0.986491  2  2.09062  2  2.09062  0.775254  0.631649  
0.98926  0.146167  2  2.09062  2  2.09062  0.902176  0.431367  
0.997228  0.0744039  2  2.09062  2  2.09062  0.930626  0.365971  
0.200945  0.979602  2  2.09062  2  2.09062  0.256995  0.966413  
0.754869  0.655875  2  2.09062  2  2.09062  0.847362  0.531016  
0.84297  0.53796  2  2.09062  2  2.09062  0.875664  0.482921  
0.93721  0.348766  2  2.09062  2  2.09062  0.927253  0.374435  
0.838585  0.544771  2  2.09062  2  2.09062  0.685979  0.743087  
0.78533  0.619077  2  2.09062  2  2.09062  6.12323e-17  1  
0.744644  0.667462  2  2.09062  2  2.09062  0.962016  0.272992  
0.136338  0.990662  2  2.09062  2  2.09062  0.920316  0.391175  
0.920316  0.391175  2  2.09062  2  2.09062  0.829368  0.558702  
0.871784  0.48989  2  2.09062  2  2.09062  0.883329  0.468753  
0.993539  0.113489  2  2.09062  2  2.09062  0.98193  0.189242  
0.707112  0.707101  2  2.09062  2  2.09062  0.905886  0.423522  
0.810137  0.586241  2  2.09062  2  2.09062  0.958997  0.283417  
0.976545  0.215312  2  2.09062  2  2.09062  0.991464  0.130381  
0.933945  0.357416  2  2.09062  2  2.09062  0.834056  0.55168  
0.930626  0.365971  2  2.09062  2  2.09062  0.0689814  0.997618  
0.819887  0.572526  2  2.09062  2  2.09062  0.718231  0.695805  
0.834056  0.55168  2  2.09062  2  2.09062  0.712698  0.701471  
0.188957  0.981985  2  2.09062  2  2.09062  0.201045  0.979582  
0.712698  0.701471  2  2.09062  2  2.09062  0.94982  0.312797  
0.824636  0.565664  2.01885  2  2.01885  2  0.824546  0.565795  
0.956035  0.293251  2.01885  2  2.01885  2  0.246505  0.969142  
0.962091  0.27273  2.01885  2  2.01885  2  0.855755  0.517381  
0.913196  0.407521  2.01885  2  2.01885  2  0.913196  0.407521  
0.940437  0.339968  2.01885  2  2.01885  2  0.150448  0.988618  
0.863905  0.503656  2.01885  2  2.01885  2  0.309005  0.951061  
0.224205  0.974542  2.01885  2  2.01885  2  0.88715  0.461482  
0.943593  0.331108  2.01885  2  2.01885  2  0.867858  0.496812  
0.984463  0.175593  2.01885  2  2.01885  2  0.749795  0.661671  
0.739489  0.673169  2.01885  2  2.01885  2  0.136338  0.990662  
0.979295  0.202437  2.01885  2  2.01885  2  0.121427  0.9926  
0.991464  0.130381  2.01885  2  2.01885  2  0.984463  0.175593  
0.765104  0.643906  2.01885  2  2.01885  2  0.968004  0.250934  
0.995472  0.0950588  2.01885  2  2.01885  2  0.890944  0.454113  
0.855755  0.517381  2.01885  2  2.01885  2  0.995465  0.0951288  
0.959067  0.28318  2.01885  2  2.01885  2  0.805162  0.593056  
0.968004  0.250934  2.01885  2  2.01885  2  0.723636  0.690182  
0.734286  0.678841  2.01885  2  2.01885  2  0.765104  0.643906  
0.267933  0.963437  2.01885  2  2.01885  2  0.819763  0.572703  
0.909564  0.415564  2.01885  2  2.01885  2  0.84297  0.53796  
0.805237  0.592953  2.01885  2  2.01885  2  0.780292  0.625416  
0.867858  0.496812  2.01885  2  2.01885  2  0.970945  0.239303  
0.88715  0.461482  2.01885  2  2.01885  2  0.87951  0.47588  
0.7702  0.637803  2.01885  2  2.01885  2  0.986912  0.161258  
0.212768  0.977103  2.01885  2  2.01885  2  0.952953  0.303117  
0.898471  0.439032  2.01885  2  2.01885  2  0.871799  0.489863  
0.851588  0.524211  2.01885  2  2.01885  2  0.979295  0.202437  
0.894732  0.446604  2.01885  2  2.01885  2  0.93721  0.348766  
0.998768  0.049625  2.01885  2  2.01885  2  0.863905  0.503656  
0.80027  0.59964  2.01885  2  2.01885  2  0.298933  0.954274  
0.246505  0.969142  2.01885  2  2.01885  2  0.814943  0.579542  
0.309005  0.951061  2.01885  2  2.01885  2  0.946741  0.321996  
0.98193  0.189242  2.01885  2  2.01885  2  0.810069  0.586335  
0.970945  0.239303  2.01885  2  2.01885  2  0.98926  0.146167  
0.749781  0.661686  2.01885  2  2.01885  2  0.894702  0.446664  
0.952953  0.303117  2.01885  2  2.01885  2  0.997228  0.0744039  
0.685179  0.74222  2.01885  2  2.01885  2  0.267933  0.963437  
0.78031  0.625392  2.01885  2  2.01885  2  0.744661  0.667443  
0.847315  0.53109  2.01885  2  2.01885  2  0.78533  0.619077  
0.923818  0.382831  2.01885  2  2.01885  2  0.105567  0.994412  
0.87951  0.47588  2.01885  2  2.01885  2  0.800249  0.599668  
0.257263  0.966341  2.01885  2  2.01885  2  0.965053  0.262055  
0.946741  0.321996  2.01885  2  2.01885  2  0.707112  0.707101  
0.150448  0.988618  2.01885  2  2.01885  2  0.729026  0.684486  
0.0460534  0.998939  2.01885  2  2.01885  2  0.859874  0.510507  
0.890945  0.454112  2.01885  2  2.01885  2  0.288705  0.957418  
0.718177  0.69586  2.01885  2  2.01885  2  0.235362  0.971908  
0.859874  0.510507  2.01885  2  2.01885  2  0.851588  0.524211  
0.121427  0.9926  2.01885  2  2.01885  2  0.212768  0.977103  
0.905899  0.423493  2.01885  2  2.01885  2  0.088354  0.996089  
0.986912  0.161258  2.01885  2  2.01885  2  0.916778  0.399396  
0.790325  0.612688  2.01885  2  2.01885  2  0.973777  0.227503  
0.815036  0.57941  2.01885  2  2.01885  2  0.933945  0.357416  
0.916771  0.399413  2.01885  2  2.01885  2  0.189047  0.981968  
0.723636  0.690182  2.01885  2  2.01885  2  0.943603  0.33108  
0.902206  0.431305  2.01885  2  2.01885  2  0.909564  0.415564  
0.0691681  0.997605  2.01885  2  2.01885  2  0.790325  0.612688  
0.235362  0.971908  2.01885  2  2.01885  2  0.739494  0.673163  
0.298933  0.954274  2.01885  2  2.01885  2  0.956035  0.293251  
0.105567  0.994412  2.01885  2  2.01885  2  0.998768  0.049625  
0.760006  0.649916  2.01885  2  2.01885  2  0.224205  0.974542  
0.883329  0.468753  2.01885  2  2.01885  2  0.278443  0.960453  
0.965053  0.262055  2.01885  2  2.01885  2  1  0  
0.82936  0.558714  2.01885  2  2.01885  2  0.0460534  0.998939  
0.088354  0.996089  2.01885  2  2.01885  2  0.898462  0.439052  
0.176673  0.98427  2.01885  2  2.01885  2  0.760006  0.649916  
0.795299  0.606218  2.01885  2  2.01885  2  0.976569  0.215203  
0.949883  0.312605  2.01885  2  2.01885  2  0.734286  0.678841  
1  0  2.01885  2  2.01885  2  0.923818  0.382831  
0.927253  0.374435  2.01885  2  2.01885  2  0.163818  0.986491  
6.12323e-17  1  2.01885  2  2.01885  2  0.99354  0.113478  
0.729026  0.684486  2.01885  2  2.01885  2  0.940437  0.339968  
0.875664  0.482921  2.01885  2  2.01885  2  0.7702  0.637803  
0.973777  0.227503  2.01885  2  2.01885  2  0.176673  0.98427  
0.278443  0.960453  2.01885  2  2.01885  2  0.838574  0.544788  
0.288705  0.957418  2.01885  2  2.01885  2  0.754929  0.655807  
0.775262  0.63164  2.01885  2  2.01885  2  0.795285  0.606235  
0.163818  0.986491  2.01885  2  2.01885  2  0.775262  0.63164  
0.98926  0.146167  2.01885  2  2.01885  2  0.902201  0.431316  
0.997228  0.0744039  2.01885  2  2.01885  2  0.930626  0.365971  
0.201045  0.979582  2.01885  2  2.01885  2  0.257263  0.966341  
0.754902  0.655838  2.01885  2  2.01885  2  0.847315  0.53109  
0.84297  0.53796  2.01885  2  2.01885  2  0.875664  0.482921  
0.93721  0.348766  2.01885  2  2.01885  2  0.927253  0.374435  
0.838574  0.544788  2.01885  2  2.01885  2  0.685179  0.74222  
0.78533  0.619077  2.01885  2  2.01885  2  6.12323e-17  1  
0.744654  0.66745  2.01885  2  2.01885  2  0.962091  0.27273  
0.136338  0.990662  2.01885  2  2.01885  2  0.920316  0.391175  
0.920316  0.391175  2.01885  2  2.01885  2  0.829282  0.55883  
0.871799  0.489863  2.01885  2  2.01885  2  0.883329  0.468753  
0.993539  0.113489  2.01885  2  2.01885  2  0.98193  0.189242  
0.707112  0.707101  2.01885  2  2.01885  2  0.905886  0.423522  
0.810149  0.586224  2.01885  2  2.01885  2  0.959067  0.28318  
0.976569  0.215203  2.01885  2  2.01885  2  0.991464  0.130381  
0.933945  0.357416  2.01885  2  2.01885  2  0.83397  0.551809  
0.93062  0.365986  2.01885  2  2.01885  2  0.0691681  0.997605  
0.819884  0.572529  2.01885  2  2.01885  2  0.718177  0.69586  
0.834005  0.551756  2.01885  2  2.01885  2  0.712698  0.701471  
0.189047  0.981968  2.01885  2  2.01885  2  0.201045  0.979582  
0.712698  0.701471  2.01885  2  2.01885  2  0.949883  0.312605  
0.824603  0.565711  3.95043  4.10133  3.95043  4.10133  0.824546  0.565795  
0.956156  0.292859  3.95043  4.10133  3.95043  4.10133  0.246487  0.969146  
0.962172  0.272443  3.95043  4.10133  3.95043  4.10133  0.855716  0.517446  
0.913196  0.407521  3.95043  4.10133  3.95043  4.10133  0.913196  0.407521  
0.940437  0.339968  3.95043  4.10133  3.95043  4.10133  0.150448  0.988618  
0.863858  0.503736  3.95043  4.10133  3.95043  4.10133  0.309005  0.951061  
0.224244  0.974533  3.95043  4.10133  3.95043  4.10133  0.887178  0.461427  
0.943619  0.331034  3.95043  4.10133  3.95043  4.10133  0.867841  0.496842  
0.984463  0.175593  3.95043  4.10133  3.95043  4.10133  0.749795  0.661671  
0.739489  0.673169  3.95043  4.10133  3.95043  4.10133  0.136338  0.990662  
0.979295  0.202437  3.95043  4.10133  3.95043  4.10133  0.121468  0.992595  
0.991464  0.130381  3.95043  4.10133  3.95043  4.10133  0.984463  0.175593  
0.765104  0.643906  3.95043  4.10133  3.95043  4.10133  0.968062  0.25071  
0.995472  0.0950588  3.95043  4.10133  3.95043  4.10133  0.890956  0.454089  
0.855716  0.517446  3.95043  4.10133  3.95043  4.10133  0.995465  0.0951288  
0.95919  0.282763  3.95043  4.10133  3.95043  4.10133  0.805184  0.593025  
0.968062  0.25071  3.95043  4.10133  3.95043  4.10133  0.723585  0.690235  
0.734248  0.678882  3.95043  4.10133  3.95043  4.10133  0.765104  0.643906  
0.267988  0.963422  3.95043  4.10133  3.95043  4.10133  0.819763  0.572703  
0.909564  0.415564  3.95043  4.10133  3.95043  4.10133  0.842854  0.538143  
0.805237  0.592953  3.95043  4.10133  3.95043  4.10133  0.780313  0.625389  
0.867841  0.496842  3.95043  4.10133  3.95043  4.10133  0.970945  0.239303  
0.88715  0.461482  3.95043  4.10133  3.95043  4.10133  0.87951  0.47588  
0.7702  0.637803  3.95043  4.10133  3.95043  4.10133  0.986912  0.161258  
0.212768  0.977103  3.95043  4.10133  3.95043  4.10133  0.953036  0.302857  
0.898471  0.439032  3.95043  4.10133  3.95043  4.10133  0.871776  0.489904  
0.851444  0.524446  3.95043  4.10133  3.95043  4.10133  0.979295  0.202437  
0.894732  0.446604  3.95043  4.10133  3.95043  4.10133  0.93721  0.348766  
0.998768  0.049625  3.95043  4.10133  3.95043  4.10133  0.863858  0.503736  
0.80027  0.59964  3.95043  4.10133  3.95043  4.10133  0.299005  0.954252  
0.246487  0.969146  3.95043  4.10133  3.95043  4.10133  0.814943  0.579542  
0.309005  0.951061  3.95043  4.10133  3.95043  4.10133  0.946791  0.32185  
0.98193  0.189242  3.95043  4.10133  3.95043  4.10133  0.810069  0.586335  
0.970945  0.239303  3.95043  4.10133  3.95043  4.10133  0.98926  0.146167  
0.749781  0.661686  3.95043  4.10133  3.95043  4.10133  0.894725  0.446617  
0.953062  0.302777  3.95043  4.10133  3.95043  4.10133  0.997225  0.0744476  
0.684866  0.741881  3.95043  4.10133  3.95043  4.10133  0.267988  0.963422  
0.78031  0.625392  3.95043  4.10133  3.95043  4.10133  0.744661  0.667443  
0.847215  0.53125  3.95043  4.10133  3.95043  4.10133  0.78533  0.619077  
0.923808  0.382857  3.95043  4.10133  3.95043  4.10133  0.105567  0.994412  
0.87951  0.47588  3.95043  4.10133  3.95043  4.10133  0.800249  0.599668  
0.257343  0.96632  3.95043  4.10133  3.95043  4.10133  0.965135  0.261751  
0.946799  0.321826  3.95043  4.10133  3.95043  4.10133  0.707112  0.707101  
0.150448  0.988618  3.95043  4.10133  3.95043  4.10133  0.72896  0.684557  
0.0460534  0.998939  3.95043  4.10133  3.95043  4.10133  0.859813  0.510609  
0.890945  0.454112  3.95043  4.10133  3.95043  4.10133  0.288822  0.957383  
0.718177  0.69586  3.95043  4.10133  3.95043  4.10133  0.235498  0.971875  
0.859813  0.510609  3.95043  4.10133  3.95043  4.10133  0.851444  0.524446  
0.121468  0.992595  3.95043  4.10133  3.95043  4.10133  0.212768  0.977103  
0.905899  0.423493  3.95043  4.10133  3.95043  4.10133  0.088354  0.996089  
0.986912  0.161258  3.95043  4.10133  3.95043  4.10133  0.916778  0.399396  
0.790325  0.612688  3.95043  4.10133  3.95043  4.10133  0.973781  0.227486  
0.815036  0.57941  3.95043  4.10133  3.95043  4.10133  0.933945  0.357416  
0.916771  0.399413  3.95043  4.10133  3.95043  4.10133  0.189047  0.981968  
0.723585  0.690235  3.95043  4.10133  3.95043  4.10133  0.943603  0.33108  
0.902206  0.431305  3.95043  4.10133  3.95043  4.10133  0.909564  0.415564  
0.0691681  0.997605  3.95043  4.10133  3.95043  4.10133  0.790325  0.612688  
0.235498  0.971875  3.95043  4.10133  3.95043  4.10133  0.739494  0.673163  
0.299005  0.954252  3.95043  4.10133  3.95043  4.10133  0.956095  0.293058  
0.105567  0.994412  3.95043  4.10133  3.95043  4.10133  0.998768  0.049625  
0.760006  0.649916  3.95043  4.10133  3.95043  4.10133  0.224244  0.974533  
0.883343  0.468728  3.95043  4.10133  3.95043  4.10133  0.278456  0.960449  
0.965135  0.261751  3.95043  4.10133  3.95043  4.10133  1  0  
0.829282  0.55883  3.95043  4.10133  3.95043  4.10133  0.0460534  0.998939  
0.088354  0.996089  3.95043  4.10133  3.95043  4.10133  0.898476  0.439022  
0.176673  0.98427  3.95043  4.10133  3.95043  4.10133  0.760041  0.649875  
0.795299  0.606218  3.95043  4.10133  3.95043  4.10133  0.976569  0.215203  
0.949943  0.312424  3.95043  4.10133  3.95043  4.10133  0.734248  0.678882  
1  0  3.95043  4.10133  3.95043  4.10133  0.923808  0.382857  
0.927253  0.374435  3.95043  4.10133  3.95043  4.10133  0.163818  0.986491  
6.12323e-17  1  3.95043  4.10133  3.95043  4.10133  0.99354  0.113478  
0.72896  0.684557  3.95043  4.10133  3.95043  4.10133  0.940437  0.339968  
0.875664  0.482921  3.95043  4.10133  3.95043  4.10133  0.7702  0.637803  
0.973781  0.227486  3.95043  4.10133  3.95043  4.10133  0.176673  0.98427  
0.278456  0.960449  3.95043  4.10133  3.95043  4.10133  0.83843  0.54501  
0.288822  0.957383  3.95043  4.10133  3.95043  4.10133  0.754929  0.655807  
0.775262  0.63164  3.95043  4.10133  3.95043  4.10133  0.795285  0.606235  
0.163818  0.986491  3.95043  4.10133  3.95043  4.10133  0.775262  0.63164  
0.98926  0.146167  3.95043  4.10133  3.95043  4.10133  0.902201  0.431316  
0.997228  0.0744039  3.95043  4.10133  3.95043  4.10133  0.930626  0.365971  
0.201045  0.979582  3.95043  4.10133  3.95043  4.10133  0.257343  0.96632  
0.754902  0.655838  3.95043  4.10133  3.95043  4.10133  0.847215  0.53125  
0.842854  0.538143  3.95043  4.10133  3.95043  4.10133  0.875664  0.482921  
0.93721  0.348766  3.95043  4.10133  3.95043  4.10133  0.927253  0.374435  
0.83843  0.54501  3.95043  4.10133  3.95043  4.10133  0.684866  0.741881  
0.78533  0.619077  3.95043  4.10133  3.95043  4.10133  6.12323e-17  1  
0.744654  0.66745  3.95043  4.10133  3.95043  4.10133  0.962172  0.272443  
0.136338  0.990662  3.95043  4.10133  3.95043  4.10133  0.920316  0.391175  
0.920316  0.391175  3.95043  4.10133  3.95043  4.10133  0.829233  0.558903  
0.871776  0.489904  3.95043  4.10133  3.95043  4.10133  0.883343  0.468728  
0.993539  0.113489  3.95043  4.10133  3.95043  4.10133  0.98193  0.189242  
0.707112  0.707101  3.95043  4.10133  3.95043  4.10133  0.905893  0.423506  
0.810149  0.586224  3.95043  4.10133  3.95043  4.10133  0.959152  0.282892  
0.976569  0.215203  3.95043  4.10133  3.95043  4.10133  0.991464  0.130381  
0.933945  0.357416  3.95043  4.10133  3.95043  4.10133  0.8339  0.551915  
0.93062  0.365986  3.95043  4.10133  3.95043  4.10133  0.0691681  0.997605  
0.819884  0.572529  3.95043  4.10133  3.95043  4.10133  0.718177  0.69586  
0.8339  0.551915  3.95043  4.10133  3.95043  4.10133  0.712675  0.701495  
0.189047  0.981968  3.95043  4.10133  3.95043  4.10133  0.201045  0.979582  
0.712675  0.701495  3.95043  4.10133  3.95043  4.10133  0.94991  0.312523  
0.824546  0.565795  2  2  2  2  0.824501  0.56586  
0.956173  0.292801  2  2  2  2  0.246565  0.969126  
0.962223  0.272262  2  2  2  2  0.855595  0.517646  
0.913196  0.407521  2  2  2  2  0.913196  0.407521  
0.940438  0.339964  2  2  2  2  0.150448  0.988618  
0.863802  0.503831  2  2  2  2  0.309005  0.951061  
0.22433  0.974513  2  2  2  2  0.887178  0.461427  
0.943642  0.330969  2  2  2  2  0.867792  0.496928  
0.984463  0.175593  2  2  2  2  0.749808  0.661656  
0.739489  0.673169  2  2  2  2  0.136338  0.990662  
0.979297  0.202431  2  2  2  2  0.121468  0.992595  
0.991464  0.130381  2  2  2  2  0.984463  0.175593  
0.765138  0.643866  2  2  2  2  0.968071  0.250677  
0.995472  0.0950588  2  2  2  2  0.890956  0.454089  
0.855595  0.517646  2  2  2  2  0.995465  0.0951288  
0.959203  0.282719  2  2  2  2  0.805184  0.593025  
0.968149  0.250376  2  2  2  2  0.723585  0.690235  
0.734248  0.678882  2  2  2  2  0.765138  0.643866  
0.267988  0.963422  2  2  2  2  0.819763  0.572703  
0.909564  0.415564  2  2  2  2  0.842806  0.538218  
0.805237  0.592953  2  2  2  2  0.780313  0.625389  
0.867792  0.496928  2  2  2  2  0.970969  0.239205  
0.88715  0.461482  2  2  2  2  0.87951  0.47588  
0.7702  0.637803  2  2  2  2  0.986912  0.161258  
0.212819  0.977092  2  2  2  2  0.953107  0.302632  
0.898487  0.439  2  2  2  2  0.871776  0.489904  
0.851414  0.524494  2  2  2  2  0.979297  0.202431  
0.894732  0.446604  2  2  2  2  0.93721  0.348766  
0.998768  0.049625  2  2  2  2  0.863802  0.503831  
0.80027  0.59964  2  2  2  2  0.299005  0.954252  
0.246565  0.969126  2  2  2  2  0.814943  0.579542  
0.309005  0.951061  2  2  2  2  0.946832  0.321728  
0.98193  0.189242  2  2  2  2  0.810083  0.586315  
0.971008  0.239045  2  2  2  2  0.989246  0.146259  
0.749808  0.661656  2  2  2  2  0.894725  0.446617  
0.953107  0.302632  2  2  2  2  0.997225  0.0744476  
0.684526  0.741513  2  2  2  2  0.267988  0.963422  
0.78031  0.625392  2  2  2  2  0.744669  0.667434  
0.847172  0.531319  2  2  2  2  0.78533  0.619077  
0.923808  0.382857  2  2  2  2  0.105567  0.994412  
0.87951  0.47588  2  2  2  2  0.800249  0.599668  
0.2574  0.966305  2  2  2  2  0.965156  0.261676  
0.946832  0.321728  2  2  2  2  0.707112  0.707101  
0.150448  0.988618  2  2  2  2  0.728933  0.684585  
0.0460534  0.998939  2  2  2  2  0.859752  0.510711  
0.890945  0.454112  2  2  2  2  0.288822  0.957383  
0.718177  0.69586  2  2  2  2  0.235576  0.971856  
0.859752  0.510711  2  2  2  2  0.851414  0.524494  
0.121468  0.992595  2  2  2  2  0.212819  0.977092  
0.905899  0.423493  2  2  2  2  0.088354  0.996089  
0.986912  0.161258  2  2  2  2  0.916778  0.399396  
0.790325  0.612688  2  2  2  2  0.973802  0.227395  
0.815005  0.579453  2  2  2  2  0.933945  0.357416  
0.916771  0.399413  2  2  2  2  0.189047  0.981968  
0.723585  0.690235  2  2  2  2  0.943642  0.330969  
0.90221  0.431297  2  2  2  2  0.909564  0.415564  
0.0691681  0.997605  2  2  2  2  0.790325  0.612688  
0.235576  0.971856  2  2  2  2  0.739494  0.673163  
0.299005  0.954252  2  2  2  2  0.956173  0.292801  
0.105567  0.994412  2  2  2  2  0.998768  0.049625  
0.760041  0.649875  2  2  2  2  0.22433  0.974513  
0.883343  0.468728  2  2  2  2  0.278525  0.960429  
0.965208  0.261482  2  2  2  2  1  0  
0.829233  0.558903  2  2  2  2  0.0460534  0.998939  
0.088354  0.996089  2  2  2  2  0.898476  0.439022  
0.176673  0.98427  2  2  2  2  0.760041  0.649875  
0.795299  0.606218  2  2  2  2  0.976592  0.2151  
0.949993  0.312271  2  2  2  2  0.734248  0.678882  
1  0  2  2  2  2  0.923808  0.382857  
0.927244  0.374457  2  2  2  2  0.163818  0.986491  
6.12323e-17  1  2  2  2  2  0.99354  0.113478  
0.728933  0.684585  2  2  2  2  0.940445  0.339947  
0.875664  0.482921  2  2  2  2  0.7702  0.637803  
0.973845  0.227214  2  2  2  2  0.176673  0.98427  
0.278525  0.960429  2  2  2  2  0.838401  0.545054  
0.288822  0.957383  2  2  2  2  0.754929  0.655807  
0.775262  0.63164  2  2  2  2  0.795292  0.606226  
0.163818  0.986491  2  2  2  2  0.775262  0.63164  
0.989246  0.146259  2  2  2  2  0.902201  0.431316  
0.997228  0.0744039  2  2  2  2  0.930626  0.365971  
0.201045  0.979582  2  2  2  2  0.2574  0.966305  
0.754929  0.655807  2  2  2  2  0.847172  0.531319  
0.842806  0.538218  2  2  2  2  0.875664  0.482921  
0.93721  0.348766  2  2  2  2  0.927244  0.374457  
0.838401  0.545054  2  2  2  2  0.684526  0.741513  
0.78533  0.619077  2  2  2  2  6.12323e-17  1  
0.744661  0.667443  2  2  2  2  0.962191  0.272377  
0.136338  0.990662  2  2  2  2  0.920316  0.391175  
0.920308  0.391194  2  2  2  2  0.829153  0.559022  
0.871776  0.489904  2  2  2  2  0.883366  0.468683  
0.993539  0.113489  2  2  2  2  0.98193  0.189242  
0.707112  0.707101  2  2  2  2  0.905893  0.423506  
0.810149  0.586224  2  2  2  2  0.959203  0.282719  
0.976592  0.2151  2  2  2  2  0.991464  0.130381  
0.933945  0.357416  2  2  2  2  0.833797  0.552072  
0.93062  0.365986  2  2  2  2  0.0691681  0.997605  
0.819801  0.572649  2  2  2  2  0.718177  0.69586  
0.833824  0.552031  2  2  2  2  0.712675  0.701495  
0.189047  0.981968  2  2  2  2  0.201045  0.979582  
0.712675  0.701495  2  2  2  2  0.949993  0.312271  
0.824546  0.565795  2  2  2  2  0.824472  0.565902  
0.956173  0.292801  2  2  2  2  0.246636  0.969108  
0.962254  0.272152  2  2  2  2  0.855595  0.517646  
0.913196  0.407521  2  2  2  2  0.913196  0.407521  
0.940438  0.339964  2  2  2  2  0.150401  0.988625  
0.863795  0.503843  2  2  2  2  0.309005  0.951061  
0.22439  0.974499  2  2  2  2  0.887178  0.461427  
0.943642  0.330969  2  2  2  2  0.867792  0.496928  
0.984478  0.175508  2  2  2  2  0.749808  0.661656  
0.739489  0.673169  2  2  2  2  0.136338  0.990662  
0.979325  0.202295  2  2  2  2  0.121468  0.992595  
0.991464  0.130381  2  2  2  2  0.984478  0.175508  
0.765138  0.643866  2  2  2  2  0.968124  0.250472  
0.995472  0.0950588  2  2  2  2  0.890962  0.454078  
0.855595  0.517646  2  2  2  2  0.995465  0.0951288  
0.959249  0.282562  2  2  2  2  0.805184  0.593025  
0.968177  0.250265  2  2  2  2  0.723545  0.690278  
0.734239  0.678892  2  2  2  2  0.765138  0.643866  
0.268034  0.963409  2  2  2  2  0.819763  0.572703  
0.909564  0.415564  2  2  2  2  0.842664  0.53844  
0.805237  0.592953  2  2  2  2  0.780313  0.625389  
0.867792  0.496928  2  2  2  2  0.971008  0.239045  
0.887167  0.461449  2  2  2  2  0.879533  0.475838  
0.770208  0.637792  2  2  2  2  0.986912  0.161258  
0.212959  0.977061  2  2  2  2  0.953107  0.302632  
0.898487  0.439  2  2  2  2  0.871776  0.489904  
0.851394  0.524527  2  2  2  2  0.979297  0.202431  
0.894732  0.446604  2  2  2  2  0.93721  0.348766  
0.998768  0.049625  2  2  2  2  0.863795  0.503843  
0.800283  0.599623  2  2  2  2  0.299005  0.954252  
0.246636  0.969108  2  2  2  2  0.814943  0.579542  
0.309005  0.951061  2  2  2  2  0.946832  0.321728  
0.981936  0.189215  2  2  2  2  0.810083  0.586315  
0.971043  0.238904  2  2  2  2  0.989246  0.146259  
0.749808  0.661656  2  2  2  2  0.894725  0.446617  
0.953107  0.302632  2  2  2  2  0.997225  0.0744476  
0.684526  0.741513  2  2  2  2  0.268034  0.963409  
0.78031  0.625392  2  2  2  2  0.744669  0.667434  
0.84707  0.531481  2  2  2  2  0.78533  0.619077  
0.923808  0.382857  2  2  2  2  0.105567  0.994412  
0.879524  0.475854  2  2  2  2  0.800273  0.599636  
0.2574  0.966305  2  2  2  2  0.965224  0.261424  
0.946832  0.321728  2  2  2  2  0.707112  0.707101  
0.150401  0.988625  2  2  2  2  0.728933  0.684585  
0.0460534  0.998939  2  2  2  2  0.859722  0.510762  
0.890956  0.454089  2  2  2  2  0.288822  0.957383  
0.718134  0.695905  2  2  2  2  0.235576  0.971856  
0.859722  0.510762  2  2  2  2  0.851394  0.524527  
0.121468  0.992595  2  2  2  2  0.212959  0.977061  
0.905899  0.423493  2  2  2  2  0.088354  0.996089  
0.986912  0.161258  2  2  2  2  0.916778  0.399396  
0.790325  0.612688  2  2  2  2  0.973826  0.227297  
0.815005  0.579453  2  2  2  2  0.933945  0.357416  
0.916771  0.399413  2  2  2  2  0.189155  0.981947  
0.723545  0.690278  2  2  2  2  0.943642  0.330969  
0.90221  0.431297  2  2  2  2  0.909564  0.415564  
0.0691681  0.997605  2  2  2  2  0.790325  0.612688  
0.235576  0.971856  2  2  2  2  0.739494  0.673163  
0.299005  0.954252  2  2  2  2  0.956173  0.292801  
0.105567  0.994412  2  2  2  2  0.998768  0.049625  
0.76005  0.649865  2  2  2  2  0.22439  0.974499  
0.883343  0.468728  2  2  2  2  0.278525  0.960429  
0.965224  0.261424  2  2  2  2  1  0  
0.829216  0.558928  2  2  2  2  0.0460534  0.998939  
0.088354  0.996089  2  2  2  2  0.898476  0.439022  
0.176673  0.98427  2  2  2  2  0.76005  0.649865  
0.795314  0.606197  2  2  2  2  0.976592  0.2151  
0.949993  0.312271  2  2  2  2  0.734239  0.678892  
1  0  2  2  2  2  0.923808  0.382857  
0.927244  0.374457  2  2  2  2  0.163818  0.986491  
6.12323e-17  1  2  2  2  2  0.99354  0.113478  
0.728933  0.684585  2  2  2  2  0.940445  0.339947  
0.875664  0.482921  2  2  2  2  0.770208  0.637792  
0.973876  0.227079  2  2  2  2  0.176673  0.98427  
0.278525  0.960429  2  2  2  2  0.838225  0.545325  
0.288822  0.957383  2  2  2  2  0.754929  0.655807  
0.775262  0.63164  2  2  2  2  0.795314  0.606197  
0.163818  0.986491  2  2  2  2  0.775262  0.63164  
0.989246  0.146259  2  2  2  2  0.902201  0.431316  
0.997228  0.0744039  2  2  2  2  0.930626  0.365971  
0.201252  0.97954  2  2  2  2  0.2574  0.966305  
0.754929  0.655807  2  2  2  2  0.84707  0.531481  
0.842737  0.538325  2  2  2  2  0.875664  0.482921  
0.93721  0.348766  2  2  2  2  0.927244  0.374457  
0.838335  0.545155  2  2  2  2  0.684526  0.741513  
0.78533  0.619077  2  2  2  2  6.12323e-17  1  
0.744661  0.667443  2  2  2  2  0.962254  0.272152  
0.136338  0.990662  2  2  2  2  0.920316  0.391175  
0.920308  0.391194  2  2  2  2  0.829141  0.55904  
0.871776  0.489904  2  2  2  2  0.883366  0.468683  
0.993539  0.113489  2  2  2  2  0.98193  0.189242  
0.707112  0.707101  2  2  2  2  0.905893  0.423506  
0.810149  0.586224  2  2  2  2  0.959249  0.282562  
0.976636  0.2149  2  2  2  2  0.991464  0.130381  
0.933945  0.357416  2  2  2  2  0.833673  0.552259  
0.93062  0.365986  2  2  2  2  0.0691681  0.997605  
0.819801  0.572649  2  2  2  2  0.718134  0.695905  
0.833797  0.552072  2  2  2  2  0.712642  0.701527  
0.189155  0.981947  2  2  2  2  0.201252  0.97954  
0.712642  0.701527  2  2  2  2  0.949993  0.312271  
