2.26596  3.04097  3.80203  5.86593  1.79769e+308  1.79769e+308  2.26596  3.04097  
1.06718  4.79513  3.80203  5.86593  1.79769e+308  1.79769e+308  1.06718  4.79513  
2.74329  1.52569  3.80203  5.86593  1.79769e+308  1.79769e+308  2.74329  1.52569  
2.23003  3.17962  3.80203  5.86593  1.79769e+308  1.79769e+308  2.23003  3.17962  
0.93025  4.72771  3.80203  5.86593  1.79769e+308  1.79769e+308  0.93025  4.72771  
1.53922  4.63227  3.80203  5.86593  1.79769e+308  1.79769e+308  1.53922  4.63227  
2.15953  2.77567  3.80203  5.86593  1.79769e+308  1.79769e+308  2.15953  2.77567  
1.98763  4.27001  3.80203  5.86593  1.79769e+308  1.79769e+308  1.98763  4.27001  
2.38638  1.64994  3.80203  5.86593  1.79769e+308  1.79769e+308  2.38638  1.64994  
2.73818  2.19123  3.80203  5.86593  1.79769e+308  1.79769e+308  2.73818  2.19123  
2.26334  3.32656  3.80203  5.86593  1.79769e+308  1.79769e+308  2.26334  3.32656  
2.03347  3.01291  3.80203  5.86593  1.79769e+308  1.79769e+308  2.03347  3.01291  
2.45741  2.67661  3.80203  5.86593  1.79769e+308  1.79769e+308  2.45741  2.67661  
2.49686  2.74691  3.80203  5.86593  1.79769e+308  1.79769e+308  2.49686  2.74691  
2.61801  2.61064  3.80203  5.86593  1.79769e+308  1.79769e+308  2.61801  2.61064  
2.14121  3.97011  3.80203  5.86593  1.79769e+308  1.79769e+308  2.14121  3.97011  
2.80203  2.09254  3.80203  5.86593  1.79769e+308  1.79769e+308  2.80203  2.09254  
2.4234  3.29655  3.80203  5.86593  1.79769e+308  1.79769e+308  2.4234  3.29655  
2.15263  3.13111  3.80203  5.86593  1.79769e+308  1.79769e+308  2.15263  3.13111  
2.00009  4.19564  3.80203  5.86593  1.79769e+308  1.79769e+308  2.00009  4.19564  
2.16595  2.95035  3.80203  5.86593  1.79769e+308  1.79769e+308  2.16595  2.95035  
2.14123  3.46552  3.80203  5.86593  1.79769e+308  1.79769e+308  2.14123  3.46552  
2.17576  3.71513  3.80203  5.86593  1.79769e+308  1.79769e+308  2.17576  3.71513  
2.23174  2.96727  3.80203  5.86593  1.79769e+308  1.79769e+308  2.23174  2.96727  
2.58193  2.89995  3.80203  5.86593  1.79769e+308  1.79769e+308  2.58193  2.89995  
1.82684  4.47602  3.80203  5.86593  1.79769e+308  1.79769e+308  1.82684  4.47602  
1.52951  4.41044  3.80203  5.86593  1.79769e+308  1.79769e+308  1.52951  4.41044  
1.68758  4.33774  3.80203  5.86593  1.79769e+308  1.79769e+308  1.68758  4.33774  
2.43829  2.40271  3.80203  5.86593  1.79769e+308  1.79769e+308  2.43829  2.40271  
2.76678  1.91144  3.80203  5.86593  1.79769e+308  1.79769e+308  2.76678  1.91144  
1.0845  4.86593  3.80203  5.86593  1.79769e+308  1.79769e+308  1.0845  4.86593  
1.58782  4.45809  3.80203  5.86593  1.79769e+308  1.79769e+308  1.58782  4.45809  
1.9983  3.82016  3.80203  5.86593  1.79769e+308  1.79769e+308  1.9983  3.82016  
2.44209  2.11425  3.80203  5.86593  1.79769e+308  1.79769e+308  2.44209  2.11425  
2.20123  3.34232  3.80203  5.86593  1.79769e+308  1.79769e+308  2.20123  3.34232  
2.47164  2.82439  3.80203  5.86593  1.79769e+308  1.79769e+308  2.47164  2.82439  
2.63306  2.4889  3.80203  5.86593  1.79769e+308  1.79769e+308  2.63306  2.4889  
2.48743  3.22415  3.80203  5.86593  1.79769e+308  1.79769e+308  2.48743  3.22415  
2.58843  2.68389  3.80203  5.86593  1.79769e+308  1.79769e+308  2.58843  2.68389  
2.37598  2.99299  3.80203  5.86593  1.79769e+308  1.79769e+308  2.37598  2.99299  
2.39401  3.39811  3.80203  5.86593  1.79769e+308  1.79769e+308  2.39401  3.39811  
1.89605  3.99636  3.80203  5.86593  1.79769e+308  1.79769e+308  1.89605  3.99636  
2.4548  3.12383  3.80203  5.86593  1.79769e+308  1.79769e+308  2.4548  3.12383  
1.80742  4.07935  3.80203  5.86593  1.79769e+308  1.79769e+308  1.80742  4.07935  
1.87812  3.93978  3.80203  5.86593  1.79769e+308  1.79769e+308  1.87812  3.93978  
2.20973  3.54403  3.80203  5.86593  1.79769e+308  1.79769e+308  2.20973  3.54403  
2.51077  2.38656  3.80203  5.86593  1.79769e+308  1.79769e+308  2.51077  2.38656  
2.50735  2.75196  3.80203  5.86593  1.79769e+308  1.79769e+308  2.50735  2.75196  
2.33113  2.97754  3.80203  5.86593  1.79769e+308  1.79769e+308  2.33113  2.97754  
2.12934  3.37781  3.80203  5.86593  1.79769e+308  1.79769e+308  2.12934  3.37781  
2.27884  2.65592  3.80203  5.86593  1.79769e+308  1.79769e+308  2.27884  2.65592  
1.59187  4.49754  3.80203  5.86593  1.79769e+308  1.79769e+308  1.59187  4.49754  
2.56896  2.81923  3.80203  5.86593  1.79769e+308  1.79769e+308  2.56896  2.81923  
2.55149  2.44505  3.80203  5.86593  1.79769e+308  1.79769e+308  2.55149  2.44505  
2.08921  3.96532  3.80203  5.86593  1.79769e+308  1.79769e+308  2.08921  3.96532  
2.66968  1.80031  3.80203  5.86593  1.79769e+308  1.79769e+308  2.66968  1.80031  
2.37843  3.05951  3.80203  5.86593  1.79769e+308  1.79769e+308  2.37843  3.05951  
2.07985  4.0858  3.80203  5.86593  1.79769e+308  1.79769e+308  2.07985  4.0858  
2.38249  2.84604  3.80203  5.86593  1.79769e+308  1.79769e+308  2.38249  2.84604  
2.33096  3.58527  3.80203  5.86593  1.79769e+308  1.79769e+308  2.33096  3.58527  
2.52281  2.16764  3.80203  5.86593  1.79769e+308  1.79769e+308  2.52281  2.16764  
2.31252  3.68885  3.80203  5.86593  1.79769e+308  1.79769e+308  2.31252  3.68885  
2.0069  3.97879  3.80203  5.86593  1.79769e+308  1.79769e+308  2.0069  3.97879  
1.79779  4.13018  3.80203  5.86593  1.79769e+308  1.79769e+308  1.79779  4.13018  
1.63239  4.54114  3.80203  5.86593  1.79769e+308  1.79769e+308  1.63239  4.54114  
2.12845  4.18666  3.80203  5.86593  1.79769e+308  1.79769e+308  2.12845  4.18666  
2.59004  2.46244  3.80203  5.86593  1.79769e+308  1.79769e+308  2.59004  2.46244  
2.62923  2.87856  3.80203  5.86593  1.79769e+308  1.79769e+308  2.62923  2.87856  
2.39991  2.79958  3.80203  5.86593  1.79769e+308  1.79769e+308  2.39991  2.79958  
0.989688  4.65174  3.80203  5.86593  1.79769e+308  1.79769e+308  0.989688  4.65174  
0.913496  4.8105  3.80203  5.86593  1.79769e+308  1.79769e+308  0.913496  4.8105  
2.50145  2.70208  3.80203  5.86593  1.79769e+308  1.79769e+308  2.50145  2.70208  
1.78593  3.65579  3.80203  5.86593  1.79769e+308  1.79769e+308  1.78593  3.65579  
1.68207  3.97329  3.80203  5.86593  1.79769e+308  1.79769e+308  1.68207  3.97329  
2.69416  2.40475  3.80203  5.86593  1.79769e+308  1.79769e+308  2.69416  2.40475  
2.72536  1.35799  3.80203  5.86593  1.79769e+308  1.79769e+308  2.72536  1.35799  
1.18723  4.51556  3.80203  5.86593  1.79769e+308  1.79769e+308  1.18723  4.51556  
1.98839  4.09654  3.80203  5.86593  1.79769e+308  1.79769e+308  1.98839  4.09654  
2.30117  2.8802  3.80203  5.86593  1.79769e+308  1.79769e+308  2.30117  2.8802  
0.975707  4.7394  3.80203  5.86593  1.79769e+308  1.79769e+308  0.975707  4.7394  
1.89221  3.52288  3.80203  5.86593  1.79769e+308  1.79769e+308  1.89221  3.52288  
2.2902  3.00468  3.80203  5.86593  1.79769e+308  1.79769e+308  2.2902  3.00468  
2.61871  1.63187  3.80203  5.86593  1.79769e+308  1.79769e+308  2.61871  1.63187  
1.42644  4.71139  3.80203  5.86593  1.79769e+308  1.79769e+308  1.42644  4.71139  
2.1269  3.76734  3.80203  5.86593  1.79769e+308  1.79769e+308  2.1269  3.76734  
2.56383  2.78395  3.80203  5.86593  1.79769e+308  1.79769e+308  2.56383  2.78395  
1.87638  4.08269  3.80203  5.86593  1.79769e+308  1.79769e+308  1.87638  4.08269  
2.73402  2.2354  3.80203  5.86593  1.79769e+308  1.79769e+308  2.73402  2.2354  
2.68905  2.48817  3.80203  5.86593  1.79769e+308  1.79769e+308  2.68905  2.48817  
0.906104  4.70681  3.80203  5.86593  1.79769e+308  1.79769e+308  0.906104  4.70681  
2.63231  1.68549  3.80203  5.86593  1.79769e+308  1.79769e+308  2.63231  1.68549  
1.41454  4.16794  3.80203  5.86593  1.79769e+308  1.79769e+308  1.41454  4.16794  
2.4342  2.60983  3.80203  5.86593  1.79769e+308  1.79769e+308  2.4342  2.60983  
2.43572  2.33728  3.80203  5.86593  1.79769e+308  1.79769e+308  2.43572  2.33728  
2.3639  2.30846  3.80203  5.86593  1.79769e+308  1.79769e+308  2.3639  2.30846  
0.891497  4.51076  3.80203  5.86593  1.79769e+308  1.79769e+308  0.891497  4.51076  
1.41343  4.62535  3.80203  5.86593  1.79769e+308  1.79769e+308  1.41343  4.62535  
2.53534  3.22708  3.80203  5.86593  1.79769e+308  1.79769e+308  2.53534  3.22708  
1.49246  4.53113  3.80203  5.86593  1.79769e+308  1.79769e+308  1.49246  4.53113  
2.01956  3.42742  3.80203  5.86593  1.79769e+308  1.79769e+308  2.01956  3.42742  
1.80108  1.90674  3.89239  5.74736  3.03156  5.09332  0.576303  4.51151  
1.1671  3.32534  3.89239  5.74736  3.03156  5.09332  1.17321  3.48256  
0.379117  4.05482  3.89239  5.74736  3.03156  5.09332  2.23585  1.75898  
1.96929  1.04949  3.89239  5.74736  3.03156  5.09332  2.55969  2.30151  
1.00327  3.52835  3.89239  5.74736  3.03156  5.09332  2.22202  2.73012  
1.57255  2.5923  3.89239  5.74736  3.03156  5.09332  1.16185  4.39399  
1.58998  2.52697  3.89239  5.74736  3.03156  5.09332  1.67357  4.17266  
0.282029  4.07787  3.89239  5.74736  3.03156  5.09332  0.898585  3.76224  
1.46399  2.81285  3.89239  5.74736  3.03156  5.09332  0.98274  3.6863  
1.29587  3.12682  3.89239  5.74736  3.03156  5.09332  2.53554  2.80324  
0.31881  4.07025  3.89239  5.74736  3.03156  5.09332  1.76449  3.73748  
1.18684  3.31211  3.89239  5.74736  3.03156  5.09332  1.24126  4.19483  
1.72121  2.21156  3.89239  5.74736  3.03156  5.09332  2.36865  2.27864  
1.43984  2.86151  3.89239  5.74736  3.03156  5.09332  1.56318  2.81231  
1.25734  3.1871  3.89239  5.74736  3.03156  5.09332  1.35168  3.03449  
1.91953  1.36685  3.89239  5.74736  3.03156  5.09332  1.98287  2.33357  
1.68052  2.33363  3.89239  5.74736  3.03156  5.09332  2.48706  0.718098  
1.30678  3.10679  3.89239  5.74736  3.03156  5.09332  1.00445  3.97051  
1.9559  1.14194  3.89239  5.74736  3.03156  5.09332  0.953517  3.84469  
1.96488  1.08196  3.89239  5.74736  3.03156  5.09332  1.80151  3.3882  
0.432271  3.96307  3.89239  5.74736  3.03156  5.09332  0.855754  4.74736  
0.508545  3.92316  3.89239  5.74736  3.03156  5.09332  1.64444  2.63112  
2.02625  0.368382  3.89239  5.74736  3.03156  5.09332  2.85933  1.82692  
1.98416  0.920023  3.89239  5.74736  3.03156  5.09332  1.22803  3.43713  
1.06858  3.45057  3.89239  5.74736  3.03156  5.09332  1.57972  3.98886  
2.03156  0.224159  3.89239  5.74736  3.03156  5.09332  1.97566  1.46298  
1.78401  2.02252  3.89239  5.74736  3.03156  5.09332  1.59954  2.73352  
0.898817  3.63848  3.89239  5.74736  3.03156  5.09332  0.376084  4.05569  
1.52499  2.68161  3.89239  5.74736  3.03156  5.09332  2.03155  0.224162  
0.553603  3.91067  3.89239  5.74736  3.03156  5.09332  1.94381  2.93403  
1.49113  2.75592  3.89239  5.74736  3.03156  5.09332  2.1845  1.63335  
1.34073  3.04707  3.89239  5.74736  3.03156  5.09332  2.09938  2.33734  
1.45241  2.83663  3.89239  5.74736  3.03156  5.09332  1.06352  3.65745  
0.9574  3.57777  3.89239  5.74736  3.03156  5.09332  2.01896  3.05597  
1.65877  2.3649  3.89239  5.74736  3.03156  5.09332  1.67211  2.62613  
1.60842  2.51451  3.89239  5.74736  3.03156  5.09332  1.48351  2.97513  
0.983097  3.55143  3.89239  5.74736  3.03156  5.09332  0.714045  3.95516  
1.99224  0.844893  3.89239  5.74736  3.03156  5.09332  2.66784  1.69958  
1.14488  3.35439  3.89239  5.74736  3.03156  5.09332  1.9695  3.08092  
0.35067  4.06257  3.89239  5.74736  3.03156  5.09332  1.35369  3.68749  
1.86438  1.6483  3.89239  5.74736  3.03156  5.09332  2.52856  2.16666  
0.934249  3.61143  3.89239  5.74736  3.03156  5.09332  2.05397  2.0927  
0.158115  4.09332  3.89239  5.74736  3.03156  5.09332  1.25442  3.36691  
1.88517  1.55419  3.89239  5.74736  3.03156  5.09332  1.7335  3.69425  
1.50678  2.72194  3.89239  5.74736  3.03156  5.09332  2.00928  1.26796  
1.90048  1.46987  3.89239  5.74736  3.03156  5.09332  2.27606  3.10941  
1.8748  1.59703  3.89239  5.74736  3.03156  5.09332  2.27458  2.92929  
0.239071  4.08536  3.89239  5.74736  3.03156  5.09332  2.72487  1.74337  
0.603414  3.86943  3.89239  5.74736  3.03156  5.09332  1.63417  2.70171  
1.40778  2.92399  3.89239  5.74736  3.03156  5.09332  0.666573  4.51905  
1.21902  3.26661  3.89239  5.74736  3.03156  5.09332  2.04718  3.75956  
1.39048  2.95758  3.89239  5.74736  3.03156  5.09332  1.63496  3.87764  
1.94895  1.19758  3.89239  5.74736  3.03156  5.09332  1.79632  2.26459  
1.42454  2.89268  3.89239  5.74736  3.03156  5.09332  2.59422  2.55017  
1.83996  1.75496  3.89239  5.74736  3.03156  5.09332  2.24465  3.50067  
0.526443  3.9155  3.89239  5.74736  3.03156  5.09332  0.158115  4.09332  
1.47627  2.7874  3.89239  5.74736  3.03156  5.09332  1.74502  4.45148  
1.33037  3.06477  3.89239  5.74736  3.03156  5.09332  2.2904  2.54745  
1.93877  1.25778  3.89239  5.74736  3.03156  5.09332  1.29934  3.28917  
1.37919  2.98002  3.89239  5.74736  3.03156  5.09332  0.669273  4.37047  
1.36476  3.00398  3.89239  5.74736  3.03156  5.09332  1.65875  4.15665  
1.834  1.77672  3.89239  5.74736  3.03156  5.09332  2.11865  0.327011  
1.85773  1.67952  3.89239  5.74736  3.03156  5.09332  2.19544  3.42831  
1.20947  3.27988  3.89239  5.74736  3.03156  5.09332  0.841785  4.73622  
0.704716  3.81192  3.89239  5.74736  3.03156  5.09332  1.67369  2.59039  
1.89106  1.52205  3.89239  5.74736  3.03156  5.09332  2.42674  3.31912  
2.0231  0.441199  3.89239  5.74736  3.03156  5.09332  1.76522  2.76736  
1.81745  1.84761  3.89239  5.74736  3.03156  5.09332  2.26716  0.486144  
1.31924  3.08446  3.89239  5.74736  3.03156  5.09332  2.35759  2.50975  
1.63057  2.49392  3.89239  5.74736  3.03156  5.09332  1.81311  3.29115  
1.75837  2.06658  3.89239  5.74736  3.03156  5.09332  2.0006  1.41331  
1.99821  0.781579  3.89239  5.74736  3.03156  5.09332  2.89239  1.23628  
1.70809  2.26141  3.89239  5.74736  3.03156  5.09332  1.84805  2.39833  
1.80944  1.87633  3.89239  5.74736  3.03156  5.09332  0.863737  4.05967  
0.881504  3.6592  3.89239  5.74736  3.03156  5.09332  0.716552  3.89936  
0.642918  3.84723  3.89239  5.74736  3.03156  5.09332  1.51014  2.93496  
1.64308  2.46572  3.89239  5.74736  3.03156  5.09332  0.509935  4.00847  
1.08933  3.4262  3.89239  5.74736  3.03156  5.09332  1.94948  1.60036  
0.74867  3.77346  3.89239  5.74736  3.03156  5.09332  1.62429  3.48336  
1.91279  1.40415  3.89239  5.74736  3.03156  5.09332  0.620277  3.95695  
1.10949  3.40005  3.89239  5.74736  3.03156  5.09332  1.76884  2.28689  
1.9301  1.3052  3.89239  5.74736  3.03156  5.09332  2.40034  1.5157  
1.04492  3.47994  3.89239  5.74736  3.03156  5.09332  0.180542  4.11575  
0.838039  3.69183  3.89239  5.74736  3.03156  5.09332  0.802446  3.83913  
2.0181  0.521789  3.89239  5.74736  3.03156  5.09332  1.69171  2.37057  
1.02256  3.50692  3.89239  5.74736  3.03156  5.09332  1.09609  3.55958  
1.90605  1.44066  3.89239  5.74736  3.03156  5.09332  1.93015  1.71944  
1.85062  1.70987  3.89239  5.74736  3.03156  5.09332  2.54703  1.05394  
1.79345  1.93526  3.89239  5.74736  3.03156  5.09332  2.44326  1.30708  
1.12335  3.38396  3.89239  5.74736  3.03156  5.09332  2.59685  2.35101  
2.00906  0.659922  3.89239  5.74736  3.03156  5.09332  1.31088  4.0579  
1.23958  3.21219  3.89239  5.74736  3.03156  5.09332  1.10809  3.71986  
2.00385  0.726024  3.89239  5.74736  3.03156  5.09332  1.84088  3.89858  
1.97608  0.988334  3.89239  5.74736  3.03156  5.09332  1.90106  1.83056  
0.405924  4.04678  3.89239  5.74736  3.03156  5.09332  1.3234  3.49001  
1.82659  1.8118  3.89239  5.74736  3.03156  5.09332  1.39842  3.22919  
1.73647  2.15352  3.89239  5.74736  3.03156  5.09332  2.00061  1.49512  
1.35333  3.02478  3.89239  5.74736  3.03156  5.09332  1.5322  2.89023  
2.013  0.601028  3.89239  5.74736  3.03156  5.09332  1.80236  1.95441  
0.670024  3.83765  3.89239  5.74736  3.03156  5.09332  2.02169  3.21046  
1.80065  1.90718  3.11032  5.11525  3.03154  5.09339  1.22854  3.39352  
1.1671  3.32534  3.11032  5.11525  3.03154  5.09339  0.716487  3.89794  
1.54412  2.64361  3.11032  5.11525  3.03154  5.09339  2.00722  1.12715  
1.69629  2.29665  3.11032  5.11525  3.03154  5.09339  0.927906  3.73365  
1.00327  3.52835  3.11032  5.11525  3.03154  5.09339  0.991693  3.67245  
1.5763  2.58063  3.11032  5.11525  3.03154  5.09339  1.48356  2.97467  
1.58998  2.52697  3.11032  5.11525  3.03154  5.09339  1.67468  2.55027  
0.276142  4.07886  3.11032  5.11525  3.03154  5.09339  0.393646  4.05089  
1.46399  2.81285  3.11032  5.11525  3.03154  5.09339  1.02885  3.63363  
1.29587  3.12682  3.11032  5.11525  3.03154  5.09339  1.93996  1.6539  
0.319455  4.07011  3.11032  5.11525  3.03154  5.09339  1.07959  3.58  
1.19076  3.28829  3.11032  5.11525  3.03154  5.09339  1.34821  3.21438  
1.7513  2.08342  3.11032  5.11525  3.03154  5.09339  1.45308  3.03211  
1.43984  2.86151  3.11032  5.11525  3.03154  5.09339  1.26568  3.33909  
1.26479  3.17707  3.11032  5.11525  3.03154  5.09339  1.50089  2.73985  
1.91953  1.36685  3.11032  5.11525  3.03154  5.09339  1.68762  2.51877  
1.68052  2.33363  3.11032  5.11525  3.03154  5.09339  1.95568  1.61167  
1.30678  3.10679  3.11032  5.11525  3.03154  5.09339  1.00854  3.6617  
1.9559  1.14194  3.11032  5.11525  3.03154  5.09339  1.41777  3.10237  
1.96523  1.07231  3.11032  5.11525  3.03154  5.09339  1.60523  2.726  
0.432271  3.96307  3.11032  5.11525  3.03154  5.09339  1.09751  3.5723  
0.508545  3.92316  3.11032  5.11525  3.03154  5.09339  1.23288  3.39379  
2.02772  0.337368  3.11032  5.11525  3.03154  5.09339  0.430608  4.03874  
1.9842  0.919198  3.11032  5.11525  3.03154  5.09339  1.61987  2.6847  
1.06858  3.45057  3.11032  5.11525  3.03154  5.09339  0.586976  3.97298  
2.03154  0.224137  3.11032  5.11525  3.03154  5.09339  1.50706  2.96423  
1.77347  2.00722  3.11032  5.11525  3.03154  5.09339  0.946069  3.71799  
0.898817  3.63848  3.11032  5.11525  3.03154  5.09339  1.66434  2.57877  
1.52499  2.68161  3.11032  5.11525  3.03154  5.09339  2.03154  0.224137  
0.553603  3.91067  3.11032  5.11525  3.03154  5.09339  1.17471  3.46404  
1.49113  2.75592  3.11032  5.11525  3.03154  5.09339  0.896181  3.76471  
1.34073  3.04707  3.11032  5.11525  3.03154  5.09339  0.356707  4.06148  
1.45241  2.83663  3.11032  5.11525  3.03154  5.09339  1.31521  3.27252  
0.9574  3.57777  3.11032  5.11525  3.03154  5.09339  1.38544  3.15255  
1.65877  2.3649  3.11032  5.11525  3.03154  5.09339  1.86985  1.94149  
1.60004  2.50763  3.11032  5.11525  3.03154  5.09339  0.660576  3.93291  
0.983097  3.55143  3.11032  5.11525  3.03154  5.09339  0.334173  4.07114  
1.99224  0.844893  3.11032  5.11525  3.03154  5.09339  0.465286  4.02631  
1.14488  3.35439  3.11032  5.11525  3.03154  5.09339  1.84017  2.052  
0.360275  4.05998  3.11032  5.11525  3.03154  5.09339  1.84977  2.01592  
1.86669  1.63447  3.11032  5.11525  3.03154  5.09339  0.794287  3.84555  
0.934249  3.61143  3.11032  5.11525  3.03154  5.09339  1.36623  3.19446  
0.158114  4.09332  3.11032  5.11525  3.03154  5.09339  1.37175  3.177  
1.88171  1.5639  3.11032  5.11525  3.03154  5.09339  0.52937  4.00054  
1.50678  2.72194  3.11032  5.11525  3.03154  5.09339  1.44554  3.05848  
1.90048  1.46987  3.11032  5.11525  3.03154  5.09339  0.747423  3.88558  
1.8748  1.59703  3.11032  5.11525  3.03154  5.09339  1.28821  3.30793  
0.226644  4.08663  3.11032  5.11525  3.03154  5.09339  1.12404  3.54656  
0.603414  3.86943  3.11032  5.11525  3.03154  5.09339  1.63095  2.64671  
1.40778  2.92399  3.11032  5.11525  3.03154  5.09339  1.20996  3.42344  
1.23363  3.22547  3.11032  5.11525  3.03154  5.09339  0.689591  3.91593  
1.39048  2.95758  3.11032  5.11525  3.03154  5.09339  0.905931  3.88576  
1.94644  1.20172  3.11032  5.11525  3.03154  5.09339  0.291337  4.0761  
1.42454  2.89268  3.11032  5.11525  3.03154  5.09339  1.43106  3.07349  
1.84659  1.72356  3.11032  5.11525  3.03154  5.09339  2.01937  1.22928  
1.97009  1.0354  3.11032  5.11525  3.03154  5.09339  0.158114  4.09332  
1.47627  2.7874  3.11032  5.11525  3.03154  5.09339  0.558798  3.98689  
1.21943  3.24642  3.11032  5.11525  3.03154  5.09339  0.914079  3.74829  
1.93623  1.268  3.11032  5.11525  3.03154  5.09339  1.69964  2.29985  
1.37919  2.98002  3.11032  5.11525  3.03154  5.09339  1.58618  2.8188  
1.36476  3.00398  3.11032  5.11525  3.03154  5.09339  2.0841  0.979999  
1.834  1.77672  3.11032  5.11525  3.03154  5.09339  2.11032  0.306296  
1.28111  3.15205  3.11032  5.11525  3.03154  5.09339  1.62428  2.73581  
1.20433  3.2683  3.11032  5.11525  3.03154  5.09339  1.24328  3.37212  
0.704716  3.81192  3.11032  5.11525  3.03154  5.09339  1.36576  3.2008  
1.88992  1.52363  3.11032  5.11525  3.03154  5.09339  1.77851  2.14547  
2.02215  0.449631  3.11032  5.11525  3.03154  5.09339  1.6785  2.55552  
1.82044  1.83311  3.11032  5.11525  3.03154  5.09339  0.627571  3.95104  
1.31924  3.08446  3.11032  5.11525  3.03154  5.09339  1.83078  2.0856  
1.63039  2.47867  3.11032  5.11525  3.03154  5.09339  0.820719  3.82391  
1.7604  2.05264  3.11032  5.11525  3.03154  5.09339  0.876435  3.77879  
1.99821  0.781579  3.11032  5.11525  3.03154  5.09339  1.19218  3.44019  
1.70809  2.26141  3.11032  5.11525  3.03154  5.09339  1.92642  1.78883  
1.8101  1.87207  3.11032  5.11525  3.03154  5.09339  0.49848  4.01354  
0.881504  3.6592  3.11032  5.11525  3.03154  5.09339  0.766135  3.86506  
0.642918  3.84723  3.11032  5.11525  3.03154  5.09339  1.4691  3.00342  
1.64041  2.45245  3.11032  5.11525  3.03154  5.09339  1.41447  3.10208  
1.08933  3.4262  3.11032  5.11525  3.03154  5.09339  0.848577  3.80135  
0.74867  3.77346  3.11032  5.11525  3.03154  5.09339  1.85882  1.9828  
1.91108  1.41705  3.11032  5.11525  3.03154  5.09339  0.240336  4.08475  
1.10949  3.40005  3.11032  5.11525  3.03154  5.09339  1.65301  2.60467  
1.929  1.31181  3.11032  5.11525  3.03154  5.09339  1.61061  2.70649  
1.04492  3.47994  3.11032  5.11525  3.03154  5.09339  0.180044  4.11525  
0.838039  3.69183  3.11032  5.11525  3.03154  5.09339  1.40079  3.12729  
2.0181  0.521789  3.11032  5.11525  3.03154  5.09339  1.88126  1.67684  
1.02694  3.49802  3.11032  5.11525  3.03154  5.09339  1.10308  3.5509  
1.74023  2.12118  3.11032  5.11525  3.03154  5.09339  1.00788  3.65947  
1.85431  1.69002  3.11032  5.11525  3.03154  5.09339  1.29935  3.28947  
1.79208  1.94009  3.11032  5.11525  3.03154  5.09339  1.75406  2.40731  
1.12335  3.38396  3.11032  5.11525  3.03154  5.09339  0.974013  3.69179  
2.00817  0.668071  3.11032  5.11525  3.03154  5.09339  1.82261  2.11886  
1.24979  3.20038  3.11032  5.11525  3.03154  5.09339  0.692307  3.91628  
2.00369  0.725231  3.11032  5.11525  3.03154  5.09339  1.32821  3.24477  
1.97608  0.988334  3.11032  5.11525  3.03154  5.09339  1.84986  2.02158  
0.400383  4.0425  3.11032  5.11525  3.03154  5.09339  1.64622  2.63396  
1.55798  2.61067  3.11032  5.11525  3.03154  5.09339  1.12209  3.48356  
1.72382  2.17288  3.11032  5.11525  3.03154  5.09339  0.964101  3.70405  
1.35333  3.02478  3.11032  5.11525  3.03154  5.09339  1.05709  3.60452  
2.013  0.601028  3.11032  5.11525  3.03154  5.09339  1.94427  1.28896  
0.670024  3.83765  3.11032  5.11525  3.03154  5.09339  0.589084  3.97692  
1.80065  1.90718  3.11722  5.09332  3.03131  5.09332  1.33473  3.23477  
1.1671  3.32534  3.11722  5.09332  3.03131  5.09332  0.875192  3.77875  
1.54345  2.64504  3.11722  5.09332  3.03131  5.09332  1.06602  3.59296  
1.58079  2.55541  3.11722  5.09332  3.03131  5.09332  1.53873  2.8646  
1.00327  3.52835  3.11722  5.09332  3.03131  5.09332  0.417651  4.04313  
1.56828  2.58597  3.11722  5.09332  3.03131  5.09332  1.72059  2.42619  
1.58998  2.52697  3.11722  5.09332  3.03131  5.09332  1.62307  2.67718  
0.247755  4.05906  3.11722  5.09332  3.03131  5.09332  1.0231  3.63888  
1.46399  2.81285  3.11722  5.09332  3.03131  5.09332  1.27147  3.33046  
1.29587  3.12682  3.11722  5.09332  3.03131  5.09332  0.494588  4.01485  
1.97074  1.05347  3.11722  5.09332  3.03131  5.09332  0.543333  3.99409  
1.19076  3.28829  3.11722  5.09332  3.03131  5.09332  0.997244  3.66554  
1.74698  2.08158  3.11722  5.09332  3.03131  5.09332  1.56578  2.80657  
1.43984  2.86151  3.11722  5.09332  3.03131  5.09332  1.16549  3.47454  
1.26479  3.17707  3.11722  5.09332  3.03131  5.09332  1.75951  2.03918  
1.91953  1.36685  3.11722  5.09332  3.03131  5.09332  1.57689  2.78306  
1.66745  2.32733  3.11722  5.09332  3.03131  5.09332  1.46465  3.01101  
1.68249  2.28359  3.11722  5.09332  3.03131  5.09332  2.11722  1.4435  
1.9559  1.14194  3.11722  5.09332  3.03131  5.09332  0.856399  3.7943  
1.96523  1.07231  3.11722  5.09332  3.03131  5.09332  0.951094  3.71086  
0.432271  3.96307  3.11722  5.09332  3.03131  5.09332  0.391781  4.05135  
0.508545  3.92316  3.11722  5.09332  3.03131  5.09332  0.780461  3.85321  
2.02836  0.311772  3.11722  5.09332  3.03131  5.09332  0.620915  3.9547  
1.9842  0.919198  3.11722  5.09332  3.03131  5.09332  1.70919  2.45791  
1.06858  3.45057  3.11722  5.09332  3.03131  5.09332  1.42394  3.08513  
2.03131  0.223917  3.11722  5.09332  3.03131  5.09332  0.836702  3.81025  
1.77165  1.9968  3.11722  5.09332  3.03131  5.09332  0.745258  3.87842  
0.898817  3.63848  3.11722  5.09332  3.03131  5.09332  1.09309  3.5619  
1.52499  2.68161  3.11722  5.09332  3.03131  5.09332  2.03131  0.223917  
0.553603  3.91067  3.11722  5.09332  3.03131  5.09332  0.965795  3.69646  
1.49113  2.75592  3.11722  5.09332  3.03131  5.09332  0.661286  3.93176  
1.34073  3.04707  3.11722  5.09332  3.03131  5.09332  0.518281  4.00482  
1.45241  2.83663  3.11722  5.09332  3.03131  5.09332  1.10839  3.54416  
0.9574  3.57777  3.11722  5.09332  3.03131  5.09332  1.32123  3.25565  
1.65084  2.37286  3.11722  5.09332  3.03131  5.09332  0.640811  3.94364  
1.60384  2.49771  3.11722  5.09332  3.03131  5.09332  1.36838  3.18048  
0.983097  3.55143  3.11722  5.09332  3.03131  5.09332  1.14626  3.49858  
1.9908  0.858858  3.11722  5.09332  3.03131  5.09332  1.31093  3.27165  
1.14488  3.35439  3.11722  5.09332  3.03131  5.09332  1.73817  2.37637  
2.02607  0.372229  3.11722  5.09332  3.03131  5.09332  1.50719  2.92849  
1.86611  1.63716  3.11722  5.09332  3.03131  5.09332  0.590029  3.97098  
0.934249  3.61143  3.11722  5.09332  3.03131  5.09332  1.43741  3.06089  
0.158114  4.09332  3.11722  5.09332  3.03131  5.09332  1.22196  3.40022  
1.88171  1.5639  3.11722  5.09332  3.03131  5.09332  1.18405  3.45054  
1.50678  2.72194  3.11722  5.09332  3.03131  5.09332  1.2388  3.37688  
1.90048  1.46987  3.11722  5.09332  3.03131  5.09332  1.26277  3.3433  
1.8748  1.59703  3.11722  5.09332  3.03131  5.09332  1.66801  2.5663  
0.180179  4.06854  3.11722  5.09332  3.03131  5.09332  1.12642  3.52287  
0.603414  3.86943  3.11722  5.09332  3.03131  5.09332  1.59744  2.7235  
1.40778  2.92399  3.11722  5.09332  3.03131  5.09332  0.936341  3.72443  
1.23363  3.22547  3.11722  5.09332  3.03131  5.09332  1.61369  2.69902  
1.39048  2.95758  3.11722  5.09332  3.03131  5.09332  0.728994  3.88917  
1.94644  1.20172  3.11722  5.09332  3.03131  5.09332  1.04921  3.61105  
1.42454  2.89268  3.11722  5.09332  3.03131  5.09332  1.47625  2.98878  
1.84659  1.72356  3.11722  5.09332  3.03131  5.09332  0.686861  3.91629  
1.61693  2.46394  3.11722  5.09332  3.03131  5.09332  0.158114  4.09332  
1.47627  2.7874  3.11722  5.09332  3.03131  5.09332  1.03691  3.62737  
1.21943  3.24642  3.11722  5.09332  3.03131  5.09332  1.20305  3.42685  
1.93713  1.26353  3.11722  5.09332  3.03131  5.09332  1.85556  1.74407  
1.37919  2.98002  3.11722  5.09332  3.03131  5.09332  1.72848  2.40458  
1.36476  3.00398  3.11722  5.09332  3.03131  5.09332  1.5592  2.82655  
1.83614  1.76582  3.11722  5.09332  3.03131  5.09332  1.65632  2.59603  
1.28111  3.15205  3.11722  5.09332  3.03131  5.09332  0.921436  3.73823  
1.20433  3.2683  3.11722  5.09332  3.03131  5.09332  1.84933  2.01835  
0.704716  3.81192  3.11722  5.09332  3.03131  5.09332  1.3827  3.15635  
1.88992  1.52363  3.11722  5.09332  3.03131  5.09332  1.69934  2.48496  
2.02215  0.449631  3.11722  5.09332  3.03131  5.09332  1.51944  2.90425  
1.82273  1.80374  3.11722  5.09332  3.03131  5.09332  1.25156  3.35923  
1.31924  3.08446  3.11722  5.09332  3.03131  5.09332  1.35406  3.2039  
1.62824  2.43412  3.11722  5.09332  3.03131  5.09332  0.706609  3.90406  
1.75951  2.03918  3.11722  5.09332  3.03131  5.09332  0.607267  3.96443  
1.99821  0.781579  3.11722  5.09332  3.03131  5.09332  1.52936  2.88438  
1.69775  2.23817  3.11722  5.09332  3.03131  5.09332  0.567371  3.9823  
1.80882  1.85916  3.11722  5.09332  3.03131  5.09332  0.444501  4.03392  
0.881504  3.6592  3.11722  5.09332  3.03131  5.09332  1.64458  2.62528  
0.634314  3.85004  3.11722  5.09332  3.03131  5.09332  1.28729  3.30716  
1.6395  2.4039  3.11722  5.09332  3.03131  5.09332  0.907797  3.75052  
1.08933  3.4262  3.11722  5.09332  3.03131  5.09332  1.67968  2.5366  
0.74867  3.77346  3.11722  5.09332  3.03131  5.09332  0.892165  3.76442  
1.91108  1.41705  3.11722  5.09332  3.03131  5.09332  1.48274  2.97922  
1.10949  3.40005  3.11722  5.09332  3.03131  5.09332  1.07928  3.57954  
1.92905  1.31138  3.11722  5.09332  3.03131  5.09332  1.49035  2.96177  
1.04492  3.47994  3.11722  5.09332  3.03131  5.09332  1.74786  2.34895  
0.838039  3.69183  3.11722  5.09332  3.03131  5.09332  0.981571  3.68162  
2.0181  0.521789  3.11722  5.09332  3.03131  5.09332  1.9225  1.47314  
1.02694  3.49802  3.11722  5.09332  3.03131  5.09332  1.40962  3.11038  
1.73312  2.12743  3.11722  5.09332  3.03131  5.09332  0.470364  4.02445  
1.85431  1.69002  3.11722  5.09332  3.03131  5.09332  1.63458  2.64959  
1.79208  1.94009  3.11722  5.09332  3.03131  5.09332  1.39636  3.1336  
1.12335  3.38396  3.11722  5.09332  3.03131  5.09332  1.58764  2.75867  
2.00817  0.668071  3.11722  5.09332  3.03131  5.09332  0.800756  3.8383  
1.24979  3.20038  3.11722  5.09332  3.03131  5.09332  0.759963  3.86796  
2.003  0.728814  3.11722  5.09332  3.03131  5.09332  0.818369  3.82477  
1.97608  0.988334  3.11722  5.09332  3.03131  5.09332  1.30261  3.28442  
0.400383  4.0425  3.11722  5.09332  3.03131  5.09332  1.69052  2.50884  
1.5551  2.61723  3.11722  5.09332  3.03131  5.09332  0.180179  4.06854  
1.71013  2.20036  3.11722  5.09332  3.03131  5.09332  1.45146  3.03524  
1.72199  2.16315  3.11722  5.09332  3.03131  5.09332  1.01224  3.65003  
2.01322  0.596896  3.11722  5.09332  3.03131  5.09332  1.97747  1.06514  
0.670024  3.83765  3.11722  5.09332  3.03131  5.09332  1.54877  2.84353  
1.80454  1.87372  3.03131  5.07206  3.03131  5.07206  1.10788  3.54466  
1.1671  3.32534  3.03131  5.07206  3.03131  5.07206  0.446137  4.03322  
1.54345  2.64504  3.03131  5.07206  3.03131  5.07206  1.59358  2.74489  
1.58079  2.55541  3.03131  5.07206  3.03131  5.07206  0.485003  4.01857  
1.00327  3.52835  3.03131  5.07206  3.03131  5.07206  1.32643  3.24753  
1.56828  2.58597  3.03131  5.07206  3.03131  5.07206  2.00689  0.888551  
1.58998  2.52697  3.03131  5.07206  3.03131  5.07206  1.62684  2.66778  
0.27513  4.05391  3.03131  5.07206  3.03131  5.07206  1.00861  3.65379  
1.46399  2.81285  3.03131  5.07206  3.03131  5.07206  0.860197  3.79112  
1.29587  3.12682  3.03131  5.07206  3.03131  5.07206  0.521  4.00357  
1.74333  2.09292  3.03131  5.07206  3.03131  5.07206  0.405189  4.04693  
1.19076  3.28829  3.03131  5.07206  3.03131  5.07206  1.17499  3.46227  
1.75441  2.05601  3.03131  5.07206  3.03131  5.07206  0.360525  4.05992  
1.43984  2.86151  3.03131  5.07206  3.03131  5.07206  1.19823  3.43209  
1.26479  3.17707  3.03131  5.07206  3.03131  5.07206  1.83955  1.73216  
1.91953  1.36685  3.03131  5.07206  3.03131  5.07206  1.09557  3.55899  
1.66745  2.32733  3.03131  5.07206  3.03131  5.07206  1.15342  3.48955  
1.68249  2.28359  3.03131  5.07206  3.03131  5.07206  1.11967  3.53071  
1.9559  1.14194  3.03131  5.07206  3.03131  5.07206  1.33807  3.10859  
1.96517  1.07075  3.03131  5.07206  3.03131  5.07206  1.68092  2.53315  
0.432271  3.96307  3.03131  5.07206  3.03131  5.07206  0.336456  4.06605  
0.508545  3.92316  3.03131  5.07206  3.03131  5.07206  0.759994  3.86787  
1.88173  1.53987  3.03131  5.07206  3.03131  5.07206  1.42042  3.09125  
1.9842  0.919198  3.03131  5.07206  3.03131  5.07206  0.912597  3.68903  
1.06858  3.45057  3.03131  5.07206  3.03131  5.07206  1.57667  2.78261  
2.03131  0.223912  3.03131  5.07206  3.03131  5.07206  1.05852  3.60077  
0.395543  4.02217  3.03131  5.07206  3.03131  5.07206  1.2992  3.28936  
0.898817  3.63848  3.03131  5.07206  3.03131  5.07206  0.721383  3.8942  
1.52499  2.68161  3.03131  5.07206  3.03131  5.07206  2.03131  0.223912  
0.553603  3.91067  3.03131  5.07206  3.03131  5.07206  1.65749  2.59278  
1.49113  2.75592  3.03131  5.07206  3.03131  5.07206  0.641447  3.94319  
1.34073  3.04707  3.03131  5.07206  3.03131  5.07206  0.538328  3.99587  
1.45241  2.83663  3.03131  5.07206  3.03131  5.07206  1.46237  3.01486  
0.9574  3.57777  3.03131  5.07206  3.03131  5.07206  1.60221  2.7252  
1.65084  2.37286  3.03131  5.07206  3.03131  5.07206  0.789755  3.84637  
1.60384  2.49771  3.03131  5.07206  3.03131  5.07206  1.64996  2.61153  
0.983097  3.55143  3.03131  5.07206  3.03131  5.07206  1.29063  3.3022  
1.99057  0.858594  3.03131  5.07206  3.03131  5.07206  0.81888  3.82426  
1.14488  3.35439  3.03131  5.07206  3.03131  5.07206  0.711939  3.90037  
0.204067  4.06571  3.03131  5.07206  3.03131  5.07206  1.44049  3.05527  
1.86293  1.62952  3.03131  5.07206  3.03131  5.07206  0.55569  3.98784  
0.934249  3.61143  3.03131  5.07206  3.03131  5.07206  1.43014  3.07392  
0.138015  4.07206  3.03131  5.07206  3.03131  5.07206  1.14256  3.50315  
0.370961  4.02979  3.03131  5.07206  3.03131  5.07206  1.08328  3.57311  
1.50678  2.72194  3.03131  5.07206  3.03131  5.07206  1.07119  3.5867  
1.90225  1.45913  3.03131  5.07206  3.03131  5.07206  1.48273  2.97618  
1.87379  1.57974  3.03131  5.07206  3.03131  5.07206  1.27941  3.31882  
1.77912  1.96942  3.03131  5.07206  3.03131  5.07206  1.6963  2.30511  
0.603414  3.86943  3.03131  5.07206  3.03131  5.07206  1.30835  3.27546  
1.40778  2.92399  3.03131  5.07206  3.03131  5.07206  1.0346  3.62663  
1.23363  3.22547  3.03131  5.07206  3.03131  5.07206  1.66552  2.57257  
1.39048  2.95758  3.03131  5.07206  3.03131  5.07206  1.25726  3.35091  
1.94644  1.20172  3.03131  5.07206  3.03131  5.07206  1.64255  2.62968  
1.42454  2.89268  3.03131  5.07206  3.03131  5.07206  1.47233  2.99617  
1.84244  1.71984  3.03131  5.07206  3.03131  5.07206  0.383437  4.05352  
1.61693  2.46394  3.03131  5.07206  3.03131  5.07206  0.67564  3.92316  
1.47627  2.7874  3.03131  5.07206  3.03131  5.07206  1.45122  3.03557  
1.21943  3.24642  3.03131  5.07206  3.03131  5.07206  1.20921  3.41735  
1.93713  1.26353  3.03131  5.07206  3.03131  5.07206  1.92016  1.43352  
1.37919  2.98002  3.03131  5.07206  3.03131  5.07206  0.572259  3.97982  
1.36476  3.00398  3.03131  5.07206  3.03131  5.07206  1.31764  3.26122  
1.83211  1.76344  3.03131  5.07206  3.03131  5.07206  1.23792  3.37824  
1.28111  3.15205  3.03131  5.07206  3.03131  5.07206  0.425976  4.04019  
1.20433  3.2683  3.03131  5.07206  3.03131  5.07206  0.60541  3.96296  
0.704716  3.81192  3.03131  5.07206  3.03131  5.07206  1.2686  3.33455  
1.8904  1.4966  3.03131  5.07206  3.03131  5.07206  0.983525  3.67908  
2.02461  0.402234  3.03131  5.07206  3.03131  5.07206  1.18659  3.44727  
1.82341  1.79917  3.03131  5.07206  3.03131  5.07206  0.874147  3.7795  
1.31924  3.08446  3.03131  5.07206  3.03131  5.07206  0.588848  3.97152  
1.62824  2.43412  3.03131  5.07206  3.03131  5.07206  1.16428  3.4759  
1.76463  2.02154  3.03131  5.07206  3.03131  5.07206  1.6733  2.55274  
1.99696  0.79546  3.03131  5.07206  3.03131  5.07206  1.24888  3.36278  
1.69775  2.23817  3.03131  5.07206  3.03131  5.07206  0.658606  3.93331  
1.81318  1.84006  3.03131  5.07206  3.03131  5.07206  0.774636  3.85742  
0.881504  3.6592  3.03131  5.07206  3.03131  5.07206  1.58544  2.76314  
0.634314  3.85004  3.03131  5.07206  3.03131  5.07206  0.847792  3.80128  
1.6395  2.4039  3.03131  5.07206  3.03131  5.07206  1.61904  2.68614  
1.08933  3.4262  3.03131  5.07206  3.03131  5.07206  1.22956  3.3897  
0.74867  3.77346  3.03131  5.07206  3.03131  5.07206  0.685697  3.917  
1.91243  1.40226  3.03131  5.07206  3.03131  5.07206  0.623553  3.95318  
1.10949  3.40005  3.03131  5.07206  3.03131  5.07206  0.886623  3.76878  
1.92905  1.31138  3.03131  5.07206  3.03131  5.07206  1.04632  3.61405  
1.04492  3.47994  3.03131  5.07206  3.03131  5.07206  0.503319  4.01114  
0.838039  3.69183  3.03131  5.07206  3.03131  5.07206  1.21947  3.40355  
2.0181  0.521789  3.03131  5.07206  3.03131  5.07206  1.68879  2.51235  
1.02694  3.49802  3.03131  5.07206  3.03131  5.07206  0.694632  3.91142  
1.73312  2.12743  3.03131  5.07206  3.03131  5.07206  0.4657  4.02612  
1.85249  1.67604  3.03131  5.07206  3.03131  5.07206  1.61079  2.7054  
1.79271  1.91917  3.03131  5.07206  3.03131  5.07206  1.76895  2.06274  
1.12335  3.38396  3.03131  5.07206  3.03131  5.07206  1.13127  3.51677  
2.00817  0.668071  3.03131  5.07206  3.03131  5.07206  0.804437  3.83534  
1.24979  3.20038  3.03131  5.07206  3.03131  5.07206  0.745767  3.87774  
2.003  0.728814  3.03131  5.07206  3.03131  5.07206  0.831965  3.81403  
1.97533  0.992484  3.03131  5.07206  3.03131  5.07206  0.995377  3.66725  
0.329627  4.04632  3.03131  5.07206  3.03131  5.07206  1.02179  3.64015  
1.5551  2.61723  3.03131  5.07206  3.03131  5.07206  0.138015  4.07206  
1.71013  2.20036  3.03131  5.07206  3.03131  5.07206  1.49327  2.80149  
1.72199  2.16315  3.03131  5.07206  3.03131  5.07206  0.734052  3.88576  
2.01322  0.596896  3.03131  5.07206  3.03131  5.07206  1.9619  1.17407  
0.670024  3.83765  3.03131  5.07206  3.03131  5.07206  1.63471  2.64883  
1.66629  2.23661  3.01089  5.00412  3.01089  5.00412  1.68339  2.18434  
1.696  2.14464  3.01089  5.00412  3.01089  5.00412  1.696  2.14464  
2.00017  0.330266  3.01089  5.00412  3.01089  5.00412  1.0152  3.45976  
1.20495  3.20778  3.01089  5.00412  3.01089  5.00412  1.25924  3.123  
1.96429  0.816844  3.01089  5.00412  3.01089  5.00412  0.568243  3.84528  
0.3709  3.93891  3.01089  5.00412  3.01089  5.00412  0.540774  3.86054  
1.10541  3.348  3.01089  5.00412  3.01089  5.00412  0.897631  3.58653  
0.289058  3.96579  3.01089  5.00412  3.01089  5.00412  1.10856  3.34409  
1.08302  3.37636  3.01089  5.00412  3.01089  5.00412  1.06643  3.39704  
1.85461  1.53198  3.01089  5.00412  3.01089  5.00412  1.48737  2.69297  
1.709  2.10278  3.01089  5.00412  3.01089  5.00412  2.00381  0.278711  
1.25924  3.123  3.01089  5.00412  3.01089  5.00412  1.94077  1.01943  
0.687538  3.76662  3.01089  5.00412  3.01089  5.00412  1.709  2.10278  
1.43443  2.80559  3.01089  5.00412  3.01089  5.00412  1.59903  2.42368  
1.58478  2.46071  3.01089  5.00412  3.01089  5.00412  0.599478  3.82658  
1.90587  1.25537  3.01089  5.00412  3.01089  5.00412  1.90508  1.25965  
1.65152  2.27861  3.01089  5.00412  3.01089  5.00412  1.81266  1.72077  
1.22285  3.18184  3.01089  5.00412  3.01089  5.00412  0.410936  3.92332  
1.48306  2.70186  3.01089  5.00412  3.01089  5.00412  1.82174  1.6829  
1.92813  1.11059  3.01089  5.00412  3.01089  5.00412  1.43443  2.80559  
0.234994  3.98026  3.01089  5.00412  3.01089  5.00412  0.446351  3.90866  
1.936  1.05296  3.01089  5.00412  3.01089  5.00412  1.97593  0.695354  
1.18189  3.24132  3.01089  5.00412  3.01089  5.00412  1.46784  2.73494  
1.14462  3.29405  3.01089  5.00412  3.01089  5.00412  1.85461  1.53198  
1.04959  3.41833  3.01089  5.00412  3.01089  5.00412  1.76805  1.89809  
2.01089  0.205768  3.01089  5.00412  3.01089  5.00412  1.99637  0.413215  
1.82188  1.68232  3.01089  5.00412  3.01089  5.00412  1.96245  0.834758  
1.00533  3.471  3.01089  5.00412  3.01089  5.00412  1.92307  1.14546  
1.84344  1.58448  3.01089  5.00412  3.01089  5.00412  1.89635  1.3129  
0.516103  3.87339  3.01089  5.00412  3.01089  5.00412  0.947575  3.53478  
1.59903  2.42368  3.01089  5.00412  3.01089  5.00412  1.83324  1.63218  
1.35423  2.96016  3.01089  5.00412  3.01089  5.00412  1.66629  2.23661  
1.81152  1.7266  3.01089  5.00412  3.01089  5.00412  1.61712  2.37529  
0.920332  3.56323  3.01089  5.00412  3.01089  5.00412  0.730207  3.73485  
1.97274  0.7305  3.01089  5.00412  3.01089  5.00412  1.21631  3.18996  
1.16524  3.2651  3.01089  5.00412  3.01089  5.00412  1.96947  0.765084  
0.979215  3.50052  3.01089  5.00412  3.01089  5.00412  1.52307  2.61281  
1.83324  1.63218  3.01089  5.00412  3.01089  5.00412  1.55332  2.53965  
0.0857236  4.00412  3.01089  5.00412  3.01089  5.00412  1.95545  0.898212  
0.827894  3.65281  3.01089  5.00412  3.01089  5.00412  0.326185  3.95449  
0.623643  3.81063  3.01089  5.00412  3.01089  5.00412  1.7221  2.05985  
0.748266  3.72049  3.01089  5.00412  3.01089  5.00412  1.17256  3.25463  
0.176004  3.99354  3.01089  5.00412  3.01089  5.00412  0.923501  3.55987  
0.776853  3.69713  3.01089  5.00412  3.01089  5.00412  1.40096  2.87315  
1.49637  2.67314  3.01089  5.00412  3.01089  5.00412  1.93216  1.08239  
0.718517  3.74385  3.01089  5.00412  3.01089  5.00412  1.36946  2.93158  
2.00497  0.262962  3.01089  5.00412  3.01089  5.00412  0.67347  3.77679  
1.94789  0.962001  3.01089  5.00412  3.01089  5.00412  0.853459  3.62933  
1.89635  1.3129  3.01089  5.00412  3.01089  5.00412  1.91432  1.20384  
1.40481  2.86674  3.01089  5.00412  3.01089  5.00412  1.74409  1.98602  
1.75012  1.96324  3.01089  5.00412  3.01089  5.00412  1.35423  2.96016  
0.895851  3.58789  3.01089  5.00412  3.01089  5.00412  1.5062  2.65084  
1.38847  2.89648  3.01089  5.00412  3.01089  5.00412  0.0857236  4.00412  
1.72412  2.05213  3.01089  5.00412  3.01089  5.00412  1.80199  1.76616  
1.95545  0.898212  3.01089  5.00412  3.01089  5.00412  1.38537  2.90412  
0.553278  3.853  3.01089  5.00412  3.01089  5.00412  0.993076  3.48461  
1.98844  0.532514  3.01089  5.00412  3.01089  5.00412  1.45205  2.76902  
1.54485  2.56037  3.01089  5.00412  3.01089  5.00412  1.2785  3.09168  
1.79867  1.78014  3.01089  5.00412  3.01089  5.00412  1.7783  1.85872  
1.41945  2.83534  3.01089  5.00412  3.01089  5.00412  1.33933  2.98751  
1.88591  1.37109  3.01089  5.00412  3.01089  5.00412  1.56866  2.50186  
0.588789  3.83243  3.01089  5.00412  3.01089  5.00412  0.783213  3.69177  
1.64116  2.30835  3.01089  5.00412  3.01089  5.00412  1.14997  3.28661  
1.76058  1.9255  3.01089  5.00412  3.01089  5.00412  1.9898  0.51135  
0.94044  3.54238  3.01089  5.00412  3.01089  5.00412  1.12738  3.31767  
0.484292  3.89062  3.01089  5.00412  3.01089  5.00412  1.08957  3.36795  
1.3696  2.93135  3.01089  5.00412  3.01089  5.00412  0.514206  3.87439  
0.658018  3.78798  3.01089  5.00412  3.01089  5.00412  1.6348  2.3264  
0.802132  3.67574  3.01089  5.00412  3.01089  5.00412  1.04016  3.42979  
1.46574  2.73943  3.01089  5.00412  3.01089  5.00412  1.94789  0.962001  
1.73641  2.01249  3.01089  5.00412  3.01089  5.00412  0.876061  3.60744  
1.77389  1.87608  3.01089  5.00412  3.01089  5.00412  1.65152  2.27861  
0.410936  3.92332  3.01089  5.00412  3.01089  5.00412  0.3709  3.93891  
1.45002  2.77324  3.01089  5.00412  3.01089  5.00412  1.75562  1.94353  
1.51302  2.63598  3.01089  5.00412  3.01089  5.00412  1.31997  3.02135  
0.326185  3.95449  3.01089  5.00412  3.01089  5.00412  2.01089  0.205768  
0.958654  3.52303  3.01089  5.00412  3.01089  5.00412  0.289058  3.96579  
1.31997  3.02135  3.01089  5.00412  3.01089  5.00412  1.84344  1.58448  
1.99317  0.45571  3.01089  5.00412  3.01089  5.00412  1.58518  2.45968  
1.98185  0.623357  3.01089  5.00412  3.01089  5.00412  0.234994  3.98026  
1.06643  3.39704  3.01089  5.00412  3.01089  5.00412  1.88591  1.37109  
1.56917  2.50049  3.01089  5.00412  3.01089  5.00412  1.24033  3.15317  
1.12513  3.32071  3.01089  5.00412  3.01089  5.00412  0.484292  3.89062  
1.68339  2.18434  3.01089  5.00412  3.01089  5.00412  0.757429  3.71319  
1.87638  1.42312  3.01089  5.00412  3.01089  5.00412  1.87638  1.42312  
1.2785  3.09168  3.01089  5.00412  3.01089  5.00412  1.53808  2.57646  
1.63037  2.33869  3.01089  5.00412  3.01089  5.00412  1.73256  2.02648  
1.86649  1.47688  3.01089  5.00412  3.01089  5.00412  1.78744  1.82348  
1.78744  1.82348  3.01089  5.00412  3.01089  5.00412  0.829637  3.65123  
1.24033  3.15317  3.01089  5.00412  3.01089  5.00412  1.86649  1.47688  
1.91666  1.18718  3.01089  5.00412  3.01089  5.00412  0.645888  3.79634  
1.33933  2.98751  3.01089  5.00412  3.01089  5.00412  1.29942  3.05691  
0.876061  3.60744  3.01089  5.00412  3.01089  5.00412  1.19313  3.22586  
0.853459  3.62933  3.01089  5.00412  3.01089  5.00412  0.969344  3.51149  
1.29942  3.05691  3.01089  5.00412  3.01089  5.00412  1.98302  0.608251  
1.55464  2.53632  3.01089  5.00412  3.01089  5.00412  0.697583  3.7594  
1.61524  2.38028  3.01089  5.00412  3.01089  5.00412  1.41641  2.84139  
1.02853  3.44329  3.01089  5.00412  3.01089  5.00412  0.807104  3.67138  
1.52858  2.59819  3.01089  5.00412  3.01089  5.00412  0.622837  3.81115  
0.446351  3.90866  3.01089  5.00412  3.01089  5.00412  0.176004  3.99354  
1.66766  2.22804  3.01107  5.00299  3.01107  5.00299  1.67599  2.20289  
1.69341  2.14895  3.01107  5.00299  3.01107  5.00299  1.68984  2.16017  
1.9983  0.332241  3.01107  5.00299  3.01107  5.00299  1.0196  3.45204  
1.20932  3.19843  3.01107  5.00299  3.01107  5.00299  1.25261  3.13125  
1.963  0.820227  3.01107  5.00299  3.01107  5.00299  0.570048  3.84201  
0.362119  3.94086  3.01107  5.00299  3.01107  5.00299  0.539531  3.85943  
1.11207  3.33625  3.01107  5.00299  3.01107  5.00299  0.905907  3.57614  
0.271606  3.96956  3.01107  5.00299  3.01107  5.00299  1.10909  3.34021  
1.09225  3.36232  3.01107  5.00299  3.01107  5.00299  1.06414  3.39803  
1.8532  1.53345  3.01107  5.00299  3.01107  5.00299  1.48757  2.68966  
1.70617  2.10823  3.01107  5.00299  3.01107  5.00299  2.003  0.225957  
1.26361  3.11357  3.01107  5.00299  3.01107  5.00299  1.94041  1.01314  
0.682055  3.76879  3.01107  5.00299  3.01107  5.00299  1.70281  2.11905  
1.43231  2.8069  3.01107  5.00299  3.01107  5.00299  1.60206  2.41277  
1.58538  2.45639  3.01107  5.00299  3.01107  5.00299  0.598379  3.82489  
1.90545  1.25105  3.01107  5.00299  3.01107  5.00299  1.90365  1.26201  
1.65436  2.26729  3.01107  5.00299  3.01107  5.00299  1.81052  1.72538  
1.22707  3.17133  3.01107  5.00299  3.01107  5.00299  0.401514  3.92562  
1.48132  2.70344  3.01107  5.00299  3.01107  5.00299  1.8212  1.67981  
1.9256  1.12059  3.01107  5.00299  3.01107  5.00299  1.43558  2.80022  
0.217836  3.98253  3.01107  5.00299  3.01107  5.00299  0.439252  3.90954  
1.93551  1.04997  3.01107  5.00299  3.01107  5.00299  1.97958  0.640483  
1.19056  3.22638  3.01107  5.00299  3.01107  5.00299  1.46982  2.72836  
1.15215  3.28153  3.01107  5.00299  3.01107  5.00299  1.85427  1.52826  
1.05121  3.41404  3.01107  5.00299  3.01107  5.00299  1.76496  1.90489  
2.01107  0.203618  3.01107  5.00299  3.01107  5.00299  1.9983  0.332241  
1.81961  1.68675  3.01107  5.00299  3.01107  5.00299  1.96536  0.797072  
1.0101  3.46317  3.01107  5.00299  3.01107  5.00299  1.92232  1.14293  
1.84179  1.58748  3.01107  5.00299  3.01107  5.00299  1.89431  1.3172  
0.518772  3.87074  3.01107  5.00299  3.01107  5.00299  0.951638  3.52852  
1.60016  2.41774  3.01107  5.00299  3.01107  5.00299  1.83258  1.6296  
1.34974  2.96576  3.01107  5.00299  3.01107  5.00299  1.66198  2.24492  
1.80752  1.73799  3.01107  5.00299  3.01107  5.00299  1.61784  2.37021  
0.921171  3.56058  3.01107  5.00299  3.01107  5.00299  0.734  3.72975  
1.97125  0.736641  3.01107  5.00299  3.01107  5.00299  1.21406  3.19132  
1.17119  3.25459  3.01107  5.00299  3.01107  5.00299  1.97255  0.722423  
0.988757  3.4876  3.01107  5.00299  3.01107  5.00299  1.52085  2.61428  
1.83095  1.63693  3.01107  5.00299  3.01107  5.00299  1.55368  2.53602  
0.0845497  4.00299  3.01107  5.00299  3.01107  5.00299  1.9572  0.873977  
0.820656  3.65721  3.01107  5.00299  3.01107  5.00299  0.318481  3.95583  
0.620191  3.811  3.01107  5.00299  3.01107  5.00299  1.71653  2.07432  
0.740007  3.72508  3.01107  5.00299  3.01107  5.00299  1.17381  3.2508  
0.160475  3.99366  3.01107  5.00299  3.01107  5.00299  0.928701  3.55279  
0.767218  3.70308  3.01107  5.00299  3.01107  5.00299  1.40025  2.87076  
1.49721  2.66823  3.01107  5.00299  3.01107  5.00299  1.93137  1.0801  
0.712365  3.74642  3.01107  5.00299  3.01107  5.00299  1.36383  2.93992  
2.003  0.225957  3.01107  5.00299  3.01107  5.00299  0.682055  3.76879  
1.94525  0.975262  3.01107  5.00299  3.01107  5.00299  0.857512  3.62338  
1.89534  1.31104  3.01107  5.00299  3.01107  5.00299  1.91302  1.20406  
1.40025  2.87076  3.01107  5.00299  3.01107  5.00299  1.74171  1.98871  
1.74494  1.97731  3.01107  5.00299  3.01107  5.00299  1.34605  2.97245  
0.896539  3.58554  3.01107  5.00299  3.01107  5.00299  1.50431  2.6522  
1.3836  2.90285  3.01107  5.00299  3.01107  5.00299  0.0845497  4.00299  
1.71901  2.06611  3.01107  5.00299  3.01107  5.00299  1.79902  1.77293  
1.95441  0.898721  3.01107  5.00299  3.01107  5.00299  1.38224  2.90541  
0.553984  3.85133  3.01107  5.00299  3.01107  5.00299  0.996405  3.47897  
1.98639  0.549213  3.01107  5.00299  3.01107  5.00299  1.45278  2.76458  
1.54226  2.56364  3.01107  5.00299  3.01107  5.00299  1.27221  3.0996  
1.79577  1.78606  3.01107  5.00299  3.01107  5.00299  1.77663  1.86099  
1.41625  2.83926  3.01107  5.00299  3.01107  5.00299  1.32807  3.00457  
1.88489  1.3702  3.01107  5.00299  3.01107  5.00299  1.56998  2.49557  
0.588419  3.831  3.01107  5.00299  3.01107  5.00299  0.78409  3.68897  
1.6406  2.30689  3.01107  5.00299  3.01107  5.00299  1.15288  3.28053  
1.75785  1.93105  3.01107  5.00299  3.01107  5.00299  1.99272  0.447343  
0.944855  3.53574  3.01107  5.00299  3.01107  5.00299  1.13193  3.3095  
0.481218  3.88992  3.01107  5.00299  3.01107  5.00299  1.08669  3.36944  
1.36705  2.93395  3.01107  5.00299  3.01107  5.00299  0.507067  3.87688  
0.651102  3.79046  3.01107  5.00299  3.01107  5.00299  1.63243  2.32997  
0.793823  3.68071  3.01107  5.00299  3.01107  5.00299  1.04246  3.42471  
1.46491  2.7389  3.01107  5.00299  3.01107  5.00299  1.94875  0.946763  
1.73182  2.02285  3.01107  5.00299  3.01107  5.00299  0.882334  3.59958  
1.77063  1.88374  3.01107  5.00299  3.01107  5.00299  1.64737  2.28755  
0.403221  3.92492  3.01107  5.00299  3.01107  5.00299  0.36076  3.94135  
1.4488  2.77291  3.01107  5.00299  3.01107  5.00299  1.75345  1.947  
1.51291  2.63263  3.01107  5.00299  3.01107  5.00299  1.31018  3.03577  
0.318767  3.95574  3.01107  5.00299  3.01107  5.00299  2.01107  0.203618  
0.967242  3.51156  3.01107  5.00299  3.01107  5.00299  0.271606  3.96956  
1.31651  3.02482  3.01107  5.00299  3.01107  5.00299  1.84337  1.58022  
1.99272  0.447343  3.01107  5.00299  3.01107  5.00299  1.58615  2.45437  
1.97909  0.646575  3.01107  5.00299  3.01107  5.00299  0.217836  3.98253  
1.07158  3.38869  3.01107  5.00299  3.01107  5.00299  1.88445  1.3725  
1.57064  2.49389  3.01107  5.00299  3.01107  5.00299  1.23366  3.16115  
1.13193  3.3095  3.01107  5.00299  3.01107  5.00299  0.47408  3.8934  
1.68068  2.18855  3.01107  5.00299  3.01107  5.00299  0.759604  3.70936  
1.87477  1.42461  3.01107  5.00299  3.01107  5.00299  1.87477  1.42461  
1.28188  3.08361  3.01107  5.00299  3.01107  5.00299  1.53735  2.57542  
1.6271  2.34479  3.01107  5.00299  3.01107  5.00299  1.7297  2.0301  
1.86435  1.47831  3.01107  5.00299  3.01107  5.00299  1.78766  1.81826  
1.78324  1.83559  3.01107  5.00299  3.01107  5.00299  0.832687  3.64635  
1.24573  3.14225  3.01107  5.00299  3.01107  5.00299  1.86477  1.47616  
1.91577  1.18626  3.01107  5.00299  3.01107  5.00299  0.655069  3.78774  
1.33354  2.99488  3.01107  5.00299  3.01107  5.00299  1.29157  3.06742  
0.871712  3.60988  3.01107  5.00299  3.01107  5.00299  1.19404  3.22129  
0.846918  3.63328  3.01107  5.00299  3.01107  5.00299  0.973375  3.50482  
1.29938  3.05424  3.01107  5.00299  3.01107  5.00299  1.98639  0.549213  
1.55634  2.52947  3.01107  5.00299  3.01107  5.00299  0.708587  3.74925  
1.61363  2.38168  3.01107  5.00299  3.01107  5.00299  1.41753  2.83676  
1.03101  3.43851  3.01107  5.00299  3.01107  5.00299  0.808653  3.66783  
1.52786  2.59785  3.01107  5.00299  3.01107  5.00299  0.626615  3.80687  
0.443035  3.90786  3.01107  5.00299  3.01107  5.00299  0.160475  3.99366  
1.66813  2.22643  3.00818  5.0025  3.00818  5.0025  1.6744  2.20754  
1.69451  2.14533  3.00818  5.0025  3.00818  5.0025  1.68813  2.16533  
1.99792  0.339584  3.00818  5.0025  3.00818  5.0025  1.02114  3.45011  
1.20778  3.20065  3.00818  5.0025  3.00818  5.0025  1.25289  3.13071  
1.96269  0.822616  3.00818  5.0025  3.00818  5.0025  0.568497  3.84285  
0.361847  3.94072  3.00818  5.0025  3.00818  5.0025  0.537413  3.86056  
1.11117  3.33734  3.00818  5.0025  3.00818  5.0025  0.906806  3.57515  
0.271707  3.96946  3.00818  5.0025  3.00818  5.0025  1.10917  3.33999  
1.09086  3.36395  3.00818  5.0025  3.00818  5.0025  1.0657  3.39596  
1.85294  1.53445  3.00818  5.0025  3.00818  5.0025  1.48757  2.68954  
1.70729  2.10444  3.00818  5.0025  3.00818  5.0025  2.00261  0.225032  
1.26324  3.11404  3.00818  5.0025  3.00818  5.0025  1.94065  1.01086  
0.681402  3.76918  3.00818  5.0025  3.00818  5.0025  1.7016  2.12279  
1.43351  2.80434  3.00818  5.0025  3.00818  5.0025  1.60116  2.41496  
1.58529  2.45644  3.00818  5.0025  3.00818  5.0025  0.598179  3.82491  
1.90666  1.2434  3.00818  5.0025  3.00818  5.0025  1.90416  1.25859  
1.6548  2.26585  3.00818  5.0025  3.00818  5.0025  1.81076  1.72421  
1.22682  3.17163  3.00818  5.0025  3.00818  5.0025  0.400032  3.92611  
1.48154  2.70281  3.00818  5.0025  3.00818  5.0025  1.82195  1.67638  
1.92652  1.11395  3.00818  5.0025  3.00818  5.0025  1.43641  2.7984  
0.220454  3.98191  3.00818  5.0025  3.00818  5.0025  0.436498  3.9107  
1.93603  1.0458  3.00818  5.0025  3.00818  5.0025  1.97976  0.637459  
1.18892  3.22871  3.00818  5.0025  3.00818  5.0025  1.47068  2.72638  
1.15059  3.28363  3.00818  5.0025  3.00818  5.0025  1.85392  1.52972  
1.0508  3.41443  3.00818  5.0025  3.00818  5.0025  1.76449  1.90647  
2.00818  0.199688  3.00818  5.0025  3.00818  5.0025  1.99792  0.339584  
1.81891  1.68952  3.00818  5.0025  3.00818  5.0025  1.96512  0.799041  
1.00891  3.46443  3.00818  5.0025  3.00818  5.0025  1.9229  1.13874  
1.84201  1.58626  3.00818  5.0025  3.00818  5.0025  1.89457  1.31532  
0.518976  3.87056  3.00818  5.0025  3.00818  5.0025  0.952857  3.52712  
1.59977  2.41863  3.00818  5.0025  3.00818  5.0025  1.83283  1.62824  
1.35067  2.96398  3.00818  5.0025  3.00818  5.0025  1.6605  2.24912  
1.80728  1.73875  3.00818  5.0025  3.00818  5.0025  1.6164  2.37404  
0.918957  3.56278  3.00818  5.0025  3.00818  5.0025  0.73508  3.72885  
1.97092  0.739371  3.00818  5.0025  3.00818  5.0025  1.21295  3.19285  
1.1701  3.25601  3.00818  5.0025  3.00818  5.0025  1.97266  0.72051  
0.987319  3.48915  3.00818  5.0025  3.00818  5.0025  1.52158  2.61244  
1.8306  1.63827  3.00818  5.0025  3.00818  5.0025  1.55419  2.53459  
0.0826544  4.0025  3.00818  5.0025  3.00818  5.0025  1.95725  0.873143  
0.820546  3.65721  3.00818  5.0025  3.00818  5.0025  0.317535  3.9561  
0.619508  3.81139  3.00818  5.0025  3.00818  5.0025  1.71475  2.08006  
0.73928  3.72554  3.00818  5.0025  3.00818  5.0025  1.1727  3.25228  
0.162534  3.99297  3.00818  5.0025  3.00818  5.0025  0.929912  3.55142  
0.76686  3.70329  3.00818  5.0025  3.00818  5.0025  1.40139  2.86844  
1.49717  2.66819  3.00818  5.0025  3.00818  5.0025  1.93187  1.07617  
0.710745  3.74757  3.00818  5.0025  3.00818  5.0025  1.36516  2.93736  
2.00261  0.225032  3.00818  5.0025  3.00818  5.0025  0.68256  3.76834  
1.94552  0.972664  3.00818  5.0025  3.00818  5.0025  0.859467  3.62144  
1.89629  1.30536  3.00818  5.0025  3.00818  5.0025  1.91353  1.20033  
1.40096  2.86928  3.00818  5.0025  3.00818  5.0025  1.74024  1.99362  
1.74569  1.97447  3.00818  5.0025  3.00818  5.0025  1.34669  2.9712  
0.895593  3.58639  3.00818  5.0025  3.00818  5.0025  1.50474  2.65111  
1.38418  2.90161  3.00818  5.0025  3.00818  5.0025  0.0826544  4.0025  
1.72007  2.06241  3.00818  5.0025  3.00818  5.0025  1.79909  1.77241  
1.95431  0.899205  3.00818  5.0025  3.00818  5.0025  1.38368  2.90255  
0.553836  3.85133  3.00818  5.0025  3.00818  5.0025  0.998179  3.47679  
1.98571  0.558175  3.00818  5.0025  3.00818  5.0025  1.45378  2.76237  
1.54219  2.56371  3.00818  5.0025  3.00818  5.0025  1.27193  3.09991  
1.79558  1.7866  3.00818  5.0025  3.00818  5.0025  1.77615  1.86264  
1.41738  2.83688  3.00818  5.0025  3.00818  5.0025  1.3283  3.00406  
1.88581  1.36477  3.00818  5.0025  3.00818  5.0025  1.57015  2.49496  
0.587203  3.83166  3.00818  5.0025  3.00818  5.0025  0.785746  3.6875  
1.64114  2.30518  3.00818  5.0025  3.00818  5.0025  1.15186  3.28186  
1.75836  1.92899  3.00818  5.0025  3.00818  5.0025  1.99243  0.451477  
0.941946  3.53877  3.00818  5.0025  3.00818  5.0025  1.13052  3.31131  
0.483008  3.88898  3.00818  5.0025  3.00818  5.0025  1.08769  3.36804  
1.36771  2.93261  3.00818  5.0025  3.00818  5.0025  0.505371  3.87768  
0.650856  3.79058  3.00818  5.0025  3.00818  5.0025  1.63143  2.3326  
0.794231  3.68026  3.00818  5.0025  3.00818  5.0025  1.04359  3.42324  
1.46585  2.73675  3.00818  5.0025  3.00818  5.0025  1.94917  0.942768  
1.73262  2.01996  3.00818  5.0025  3.00818  5.0025  0.883177  3.59863  
1.77105  1.88198  3.00818  5.0025  3.00818  5.0025  1.64613  2.29094  
0.404659  3.92423  3.00818  5.0025  3.00818  5.0025  0.359637  3.94152  
1.44994  2.7704  3.00818  5.0025  3.00818  5.0025  1.75238  1.95065  
1.51242  2.6336  3.00818  5.0025  3.00818  5.0025  1.30973  3.03642  
0.317997  3.95595  3.00818  5.0025  3.00818  5.0025  2.00818  0.199688  
0.9647  3.51426  3.00818  5.0025  3.00818  5.0025  0.271205  3.9696  
1.31634  3.025  3.00818  5.0025  3.00818  5.0025  1.84346  1.57948  
1.99215  0.456481  3.00818  5.0025  3.00818  5.0025  1.58603  2.45453  
1.97874  0.650118  3.00818  5.0025  3.00818  5.0025  0.220454  3.98191  
1.07099  3.38932  3.00818  5.0025  3.00818  5.0025  1.88475  1.37058  
1.5708  2.49332  3.00818  5.0025  3.00818  5.0025  1.23302  3.16202  
1.13122  3.31036  3.00818  5.0025  3.00818  5.0025  0.471677  3.89448  
1.68165  2.18538  3.00818  5.0025  3.00818  5.0025  0.760765  3.70829  
1.87487  1.42385  3.00818  5.0025  3.00818  5.0025  1.87459  1.42537  
1.28112  3.08477  3.00818  5.0025  3.00818  5.0025  1.53803  2.5737  
1.62747  2.34363  3.00818  5.0025  3.00818  5.0025  1.72757  2.03717  
1.86397  1.48001  3.00818  5.0025  3.00818  5.0025  1.7879  1.81712  
1.78339  1.83476  3.00818  5.0025  3.00818  5.0025  0.83537  3.64381  
1.24518  3.14295  3.00818  5.0025  3.00818  5.0025  1.86446  1.47754  
1.91688  1.17873  3.00818  5.0025  3.00818  5.0025  0.655402  3.78746  
1.33344  2.99495  3.00818  5.0025  3.00818  5.0025  1.29083  3.06855  
0.871088  3.61035  3.00818  5.0025  3.00818  5.0025  1.19295  3.22277  
0.845861  3.63417  3.00818  5.0025  3.00818  5.0025  0.97566  3.50217  
1.29868  3.05531  3.00818  5.0025  3.00818  5.0025  1.98631  0.549418  
1.55654  2.52885  3.00818  5.0025  3.00818  5.0025  0.709037  3.74885  
1.61379  2.38111  3.00818  5.0025  3.00818  5.0025  1.419  2.83366  
1.02988  3.43974  3.00818  5.0025  3.00818  5.0025  0.810802  3.66585  
1.52745  2.59871  3.00818  5.0025  3.00818  5.0025  0.627235  3.80637  
0.444869  3.90697  3.00818  5.0025  3.00818  5.0025  0.162534  3.99297  
1.66817  2.22628  3.00729  5.0024  3.00729  5.0024  1.67414  2.2083  
1.69457  2.1451  3.00729  5.0024  3.00729  5.0024  1.6877  2.16663  
1.99763  0.346283  3.00729  5.0024  3.00729  5.0024  1.02209  3.44897  
1.2078  3.2006  3.00729  5.0024  3.00729  5.0024  1.25199  3.13211  
1.96254  0.823954  3.00729  5.0024  3.00729  5.0024  0.568206  3.843  
0.36322  3.94021  3.00729  5.0024  3.00729  5.0024  0.537187  3.86067  
1.11103  3.3375  3.00729  5.0024  3.00729  5.0024  0.907626  3.5743  
0.272067  3.96927  3.00729  5.0024  3.00729  5.0024  1.10971  3.33926  
1.09094  3.36383  3.00729  5.0024  3.00729  5.0024  1.06654  3.39488  
1.85337  1.53232  3.00729  5.0024  3.00729  5.0024  1.48793  2.6887  
1.70768  2.10312  3.00729  5.0024  3.00729  5.0024  2.00256  0.224847  
1.26297  3.11447  3.00729  5.0024  3.00729  5.0024  1.9407  1.01041  
0.680428  3.76986  3.00729  5.0024  3.00729  5.0024  1.70096  2.12478  
1.43351  2.8043  3.00729  5.0024  3.00729  5.0024  1.60106  2.41518  
1.58536  2.45623  3.00729  5.0024  3.00729  5.0024  0.597935  3.82504  
1.90693  1.24163  3.00729  5.0024  3.00729  5.0024  1.90425  1.25799  
1.65479  2.26585  3.00729  5.0024  3.00729  5.0024  1.81058  1.72493  
1.22637  3.17231  3.00729  5.0024  3.00729  5.0024  0.398237  3.92681  
1.48143  2.70301  3.00729  5.0024  3.00729  5.0024  1.8216  1.67786  
1.92666  1.11291  3.00729  5.0024  3.00729  5.0024  1.43643  2.79834  
0.219863  3.98194  3.00729  5.0024  3.00729  5.0024  0.43545  3.91115  
1.9361  1.04517  3.00729  5.0024  3.00729  5.0024  1.97972  0.63789  
1.1887  3.22901  3.00729  5.0024  3.00729  5.0024  1.47106  2.72554  
1.15034  3.28395  3.00729  5.0024  3.00729  5.0024  1.85406  1.52898  
1.04982  3.41561  3.00729  5.0024  3.00729  5.0024  1.76407  1.90798  
2.00729  0.198408  3.00729  5.0024  3.00729  5.0024  1.99789  0.340004  
1.81909  1.68873  3.00729  5.0024  3.00729  5.0024  1.96518  0.798374  
1.00763  3.46589  3.00729  5.0024  3.00729  5.0024  1.92284  1.13909  
1.84201  1.5862  3.00729  5.0024  3.00729  5.0024  1.89464  1.3148  
0.51902  3.87052  3.00729  5.0024  3.00729  5.0024  0.953838  3.52603  
1.59938  2.41963  3.00729  5.0024  3.00729  5.0024  1.83241  1.63006  
1.35045  2.96434  3.00729  5.0024  3.00729  5.0024  1.66008  2.25032  
1.80746  1.73797  3.00729  5.0024  3.00729  5.0024  1.61622  2.37448  
0.917762  3.56398  3.00729  5.0024  3.00729  5.0024  0.735175  3.72875  
1.97065  0.742292  3.00729  5.0024  3.00729  5.0024  1.21295  3.19281  
1.16965  3.25663  3.00729  5.0024  3.00729  5.0024  1.97265  0.720572  
0.985847  3.49077  3.00729  5.0024  3.00729  5.0024  1.52128  2.6131  
1.83056  1.63839  3.00729  5.0024  3.00729  5.0024  1.55399  2.53504  
0.0824005  4.0024  3.00729  5.0024  3.00729  5.0024  1.95732  0.87244  
0.818852  3.6587  3.00729  5.0024  3.00729  5.0024  0.316467  3.95629  
0.618453  3.81206  3.00729  5.0024  3.00729  5.0024  1.71408  2.0822  
0.737918  3.7266  3.00729  5.0024  3.00729  5.0024  1.17254  3.25248  
0.16086  3.99311  3.00729  5.0024  3.00729  5.0024  0.930867  3.55041  
0.765983  3.704  3.00729  5.0024  3.00729  5.0024  1.40122  2.86872  
1.49687  2.66883  3.00729  5.0024  3.00729  5.0024  1.93188  1.07606  
0.709406  3.74856  3.00729  5.0024  3.00729  5.0024  1.36529  2.93709  
2.00256  0.224847  3.00729  5.0024  3.00729  5.0024  0.682379  3.76846  
1.9453  0.974308  3.00729  5.0024  3.00729  5.0024  0.860193  3.62072  
1.8965  1.30406  3.00729  5.0024  3.00729  5.0024  1.91367  1.19934  
1.40067  2.8698  3.00729  5.0024  3.00729  5.0024  1.73951  1.99611  
1.74597  1.97342  3.00729  5.0024  3.00729  5.0024  1.34688  2.97081  
0.893925  3.58803  3.00729  5.0024  3.00729  5.0024  1.50471  2.65116  
1.38402  2.90188  3.00729  5.0024  3.00729  5.0024  0.0824005  4.0024  
1.72068  2.06032  3.00729  5.0024  3.00729  5.0024  1.79931  1.77144  
1.9542  0.899994  3.00729  5.0024  3.00729  5.0024  1.38348  2.9029  
0.553147  3.85171  3.00729  5.0024  3.00729  5.0024  0.999553  3.4752  
1.98531  0.563714  3.00729  5.0024  3.00729  5.0024  1.45392  2.76201  
1.54187  2.56444  3.00729  5.0024  3.00729  5.0024  1.27142  3.10071  
1.79529  1.78769  3.00729  5.0024  3.00729  5.0024  1.77607  1.8629  
1.41707  2.83746  3.00729  5.0024  3.00729  5.0024  1.32833  3.00398  
1.88604  1.36342  3.00729  5.0024  3.00729  5.0024  1.57008  2.49513  
0.586186  3.83226  3.00729  5.0024  3.00729  5.0024  0.786362  3.68696  
1.64092  2.3058  3.00729  5.0024  3.00729  5.0024  1.15177  3.28195  
1.75856  1.92821  3.00729  5.0024  3.00729  5.0024  1.99242  0.451475  
0.941209  3.53953  3.00729  5.0024  3.00729  5.0024  1.13085  3.31084  
0.482861  3.88903  3.00729  5.0024  3.00729  5.0024  1.08826  3.36729  
1.36721  2.93351  3.00729  5.0024  3.00729  5.0024  0.504779  3.87798  
0.64934  3.79159  3.00729  5.0024  3.00729  5.0024  1.63123  2.33312  
0.792295  3.6819  3.00729  5.0024  3.00729  5.0024  1.04435  3.42229  
1.46578  2.73689  3.00729  5.0024  3.00729  5.0024  1.94906  0.94365  
1.73334  2.01744  3.00729  5.0024  3.00729  5.0024  0.883988  3.59783  
1.77096  1.88225  3.00729  5.0024  3.00729  5.0024  1.64569  2.29217  
0.405107  3.92403  3.00729  5.0024  3.00729  5.0024  0.358963  3.94175  
1.44972  2.77082  3.00729  5.0024  3.00729  5.0024  1.7519  1.9523  
1.51184  2.63489  3.00729  5.0024  3.00729  5.0024  1.30963  3.03658  
0.319134  3.95545  3.00729  5.0024  3.00729  5.0024  2.00729  0.198408  
0.963713  3.51532  3.00729  5.0024  3.00729  5.0024  0.270989  3.96955  
1.3157  3.02609  3.00729  5.0024  3.00729  5.0024  1.84338  1.57982  
1.99179  0.462602  3.00729  5.0024  3.00729  5.0024  1.5857  2.45533  
1.97823  0.656287  3.00729  5.0024  3.00729  5.0024  0.219834  3.98194  
1.07059  3.3898  3.00729  5.0024  3.00729  5.0024  1.88475  1.37055  
1.571  2.49281  3.00729  5.0024  3.00729  5.0024  1.2327  3.16249  
1.13085  3.31084  3.00729  5.0024  3.00729  5.0024  0.471008  3.89479  
1.68169  2.18524  3.00729  5.0024  3.00729  5.0024  0.760906  3.70815  
1.87545  1.42073  3.00729  5.0024  3.00729  5.0024  1.87469  1.42473  
1.2807  3.08544  3.00729  5.0024  3.00729  5.0024  1.53769  2.57446  
1.62737  2.34385  3.00729  5.0024  3.00729  5.0024  1.727  2.03907  
1.86453  1.47712  3.00729  5.0024  3.00729  5.0024  1.78787  1.81719  
1.78335  1.83487  3.00729  5.0024  3.00729  5.0024  0.835904  3.64331  
1.24475  3.1436  3.00729  5.0024  3.00729  5.0024  1.86453  1.47712  
1.91696  1.17814  3.00729  5.0024  3.00729  5.0024  0.654929  3.78777  
1.33333  2.99513  3.00729  5.0024  3.00729  5.0024  1.29068  3.0688  
0.869741  3.61163  3.00729  5.0024  3.00729  5.0024  1.19272  3.22307  
0.84447  3.63544  3.00729  5.0024  3.00729  5.0024  0.976641  3.50107  
1.2985  3.05559  3.00729  5.0024  3.00729  5.0024  1.9863  0.549432  
1.55654  2.52881  3.00729  5.0024  3.00729  5.0024  0.708946  3.7489  
1.61335  2.38227  3.00729  5.0024  3.00729  5.0024  1.41884  2.83393  
1.02878  3.44103  3.00729  5.0024  3.00729  5.0024  0.811258  3.66542  
1.52694  2.59988  3.00729  5.0024  3.00729  5.0024  0.626831  3.80662  
0.444574  3.90708  3.00729  5.0024  3.00729  5.0024  0.16086  3.99311  
1.66827  2.22597  3.00729  5.00236  3.00729  5.00236  1.67366  2.20973  
1.69494  2.14391  3.00729  5.00236  3.00729  5.00236  1.68738  2.16762  
1.9976  0.346765  3.00729  5.00236  3.00729  5.00236  1.02239  3.44861  
1.20739  3.2012  3.00729  5.00236  3.00729  5.00236  1.25254  3.13122  
1.96258  0.82362  3.00729  5.00236  3.00729  5.00236  0.566636  3.84391  
0.363606  3.94007  3.00729  5.00236  3.00729  5.00236  0.53592  3.86136  
1.11106  3.33745  3.00729  5.00236  3.00729  5.00236  0.908333  3.57358  
0.273311  3.9689  3.00729  5.00236  3.00729  5.00236  1.10979  3.33913  
1.09076  3.36404  3.00729  5.00236  3.00729  5.00236  1.06669  3.39468  
1.85364  1.53101  3.00729  5.00236  3.00729  5.00236  1.488  2.68854  
1.70795  2.10221  3.00729  5.00236  3.00729  5.00236  2.00256  0.224087  
1.2625  3.11522  3.00729  5.00236  3.00729  5.00236  1.94061  1.0111  
0.679596  3.77045  3.00729  5.00236  3.00729  5.00236  1.70077  2.12536  
1.43349  2.80434  3.00729  5.00236  3.00729  5.00236  1.60081  2.41584  
1.58527  2.45643  3.00729  5.00236  3.00729  5.00236  0.596717  3.82579  
1.90689  1.24185  3.00729  5.00236  3.00729  5.00236  1.90428  1.25782  
1.65475  2.26592  3.00729  5.00236  3.00729  5.00236  1.81074  1.72422  
1.22599  3.17286  3.00729  5.00236  3.00729  5.00236  0.39692  3.92733  
1.48125  2.70338  3.00729  5.00236  3.00729  5.00236  1.8217  1.67741  
1.92664  1.11305  3.00729  5.00236  3.00729  5.00236  1.43653  2.79811  
0.220226  3.98183  3.00729  5.00236  3.00729  5.00236  0.433806  3.91186  
1.93618  1.04456  3.00729  5.00236  3.00729  5.00236  1.97966  0.6386  
1.18865  3.22906  3.00729  5.00236  3.00729  5.00236  1.47109  2.72545  
1.15048  3.28374  3.00729  5.00236  3.00729  5.00236  1.85401  1.5292  
1.04968  3.41577  3.00729  5.00236  3.00729  5.00236  1.76409  1.90786  
2.00729  0.198356  3.00729  5.00236  3.00729  5.00236  1.99786  0.340731  
1.81939  1.68739  3.00729  5.00236  3.00729  5.00236  1.96513  0.79884  
1.00688  3.46675  3.00729  5.00236  3.00729  5.00236  1.9229  1.13863  
1.84227  1.58497  3.00729  5.00236  3.00729  5.00236  1.89466  1.31466  
0.518464  3.8708  3.00729  5.00236  3.00729  5.00236  0.954947  3.52483  
1.59936  2.41967  3.00729  5.00236  3.00729  5.00236  1.83255  1.62943  
1.35037  2.96448  3.00729  5.00236  3.00729  5.00236  1.65956  2.25184  
1.80756  1.73754  3.00729  5.00236  3.00729  5.00236  1.61611  2.37478  
0.916879  3.56487  3.00729  5.00236  3.00729  5.00236  0.735244  3.72869  
1.97046  0.744206  3.00729  5.00236  3.00729  5.00236  1.21296  3.1928  
1.16965  3.25663  3.00729  5.00236  3.00729  5.00236  1.9726  0.72109  
0.98546  3.4912  3.00729  5.00236  3.00729  5.00236  1.52152  2.61253  
1.83092  1.63672  3.00729  5.00236  3.00729  5.00236  1.55401  2.53498  
0.0823643  4.00236  3.00729  5.00236  3.00729  5.00236  1.95724  0.873139  
0.818447  3.65905  3.00729  5.00236  3.00729  5.00236  0.314779  3.95677  
0.618015  3.81234  3.00729  5.00236  3.00729  5.00236  1.71386  2.08292  
0.737324  3.72706  3.00729  5.00236  3.00729  5.00236  1.17235  3.25274  
0.160638  3.99306  3.00729  5.00236  3.00729  5.00236  0.931735  3.5495  
0.765107  3.70471  3.00729  5.00236  3.00729  5.00236  1.40145  2.86826  
1.49678  2.66901  3.00729  5.00236  3.00729  5.00236  1.93187  1.07609  
0.708789  3.74901  3.00729  5.00236  3.00729  5.00236  1.36535  2.93697  
2.00256  0.224087  3.00729  5.00236  3.00729  5.00236  0.682311  3.7685  
1.94533  0.974019  3.00729  5.00236  3.00729  5.00236  0.860693  3.62024  
1.89651  1.30394  3.00729  5.00236  3.00729  5.00236  1.91371  1.19911  
1.40095  2.86924  3.00729  5.00236  3.00729  5.00236  1.73945  1.99628  
1.74643  1.97178  3.00729  5.00236  3.00729  5.00236  1.34708  2.97044  
0.893213  3.58873  3.00729  5.00236  3.00729  5.00236  1.50489  2.65073  
1.38434  2.90125  3.00729  5.00236  3.00729  5.00236  0.0823643  4.00236  
1.72092  2.0595  3.00729  5.00236  3.00729  5.00236  1.7994  1.77108  
1.95417  0.900304  3.00729  5.00236  3.00729  5.00236  1.38355  2.90276  
0.552692  3.85196  3.00729  5.00236  3.00729  5.00236  1.00008  3.47459  
1.98518  0.565433  3.00729  5.00236  3.00729  5.00236  1.45383  2.7622  
1.54199  2.56414  3.00729  5.00236  3.00729  5.00236  1.27197  3.0998  
1.79561  1.78641  3.00729  5.00236  3.00729  5.00236  1.776  1.86315  
1.41728  2.83704  3.00729  5.00236  3.00729  5.00236  1.32857  3.00354  
1.88607  1.36327  3.00729  5.00236  3.00729  5.00236  1.56991  2.49554  
0.585584  3.83262  3.00729  5.00236  3.00729  5.00236  0.786554  3.68679  
1.6411  2.30526  3.00729  5.00236  3.00729  5.00236  1.15175  3.28198  
1.75891  1.9269  3.00729  5.00236  3.00729  5.00236  1.99229  0.453673  
0.940408  3.54037  3.00729  5.00236  3.00729  5.00236  1.13092  3.31074  
0.482535  3.88918  3.00729  5.00236  3.00729  5.00236  1.08833  3.36719  
1.36746  2.93303  3.00729  5.00236  3.00729  5.00236  0.503377  3.8787  
0.64939  3.79155  3.00729  5.00236  3.00729  5.00236  1.63078  2.33435  
0.791999  3.68215  3.00729  5.00236  3.00729  5.00236  1.04464  3.42192  
1.46547  2.73752  3.00729  5.00236  3.00729  5.00236  1.94906  0.943648  
1.73379  2.01588  3.00729  5.00236  3.00729  5.00236  0.884596  3.59722  
1.77127  1.8811  3.00729  5.00236  3.00729  5.00236  1.64547  2.2928  
0.405203  3.92399  3.00729  5.00236  3.00729  5.00236  0.357141  3.9424  
1.44959  2.77109  3.00729  5.00236  3.00729  5.00236  1.75195  1.9521  
1.51211  2.63426  3.00729  5.00236  3.00729  5.00236  1.30983  3.03621  
0.320446  3.95498  3.00729  5.00236  3.00729  5.00236  2.00729  0.198356  
0.963154  3.51592  3.00729  5.00236  3.00729  5.00236  0.269319  3.96997  
1.31567  3.02612  3.00729  5.00236  3.00729  5.00236  1.84338  1.57977  
1.9917  0.464061  3.00729  5.00236  3.00729  5.00236  1.58554  2.45574  
1.97805  0.658384  3.00729  5.00236  3.00729  5.00236  0.218069  3.98229  
1.07036  3.39008  3.00729  5.00236  3.00729  5.00236  1.88474  1.3706  
1.57103  2.49271  3.00729  5.00236  3.00729  5.00236  1.23294  3.1621  
1.13092  3.31074  3.00729  5.00236  3.00729  5.00236  0.469769  3.89537  
1.68166  2.18532  3.00729  5.00236  3.00729  5.00236  0.761271  3.70785  
1.87549  1.42049  3.00729  5.00236  3.00729  5.00236  1.87469  1.42468  
1.28039  3.08594  3.00729  5.00236  3.00729  5.00236  1.53791  2.57392  
1.62738  2.34383  3.00729  5.00236  3.00729  5.00236  1.72676  2.03985  
1.86467  1.47639  3.00729  5.00236  3.00729  5.00236  1.78775  1.81768  
1.78356  1.83405  3.00729  5.00236  3.00729  5.00236  0.836304  3.64294  
1.24425  3.14437  3.00729  5.00236  3.00729  5.00236  1.86435  1.47803  
1.9169  1.17846  3.00729  5.00236  3.00729  5.00236  0.654458  3.78809  
1.33328  2.9952  3.00729  5.00236  3.00729  5.00236  1.29096  3.06831  
0.868694  3.61262  3.00729  5.00236  3.00729  5.00236  1.19273  3.22305  
0.843843  3.63601  3.00729  5.00236  3.00729  5.00236  0.977723  3.49985  
1.2981  3.05627  3.00729  5.00236  3.00729  5.00236  1.98627  0.549797  
1.55669  2.52842  3.00729  5.00236  3.00729  5.00236  0.708958  3.74889  
1.61342  2.38207  3.00729  5.00236  3.00729  5.00236  1.41914  2.83332  
1.02847  3.44139  3.00729  5.00236  3.00729  5.00236  0.811852  3.66489  
1.52718  2.59931  3.00729  5.00236  3.00729  5.00236  0.626109  3.80709  
0.444741  3.907  3.00729  5.00236  3.00729  5.00236  0.159309  3.99327  
1.66836  2.22569  3.00459  5.00237  3.00459  5.00237  1.67335  2.21065  
1.695  2.14371  3.00459  5.00237  3.00459  5.00237  1.68706  2.16862  
1.99931  0.304164  3.00459  5.00237  3.00459  5.00237  1.02275  3.44818  
1.20756  3.20094  3.00459  5.00237  3.00459  5.00237  1.25258  3.13114  
1.96261  0.823294  3.00459  5.00237  3.00459  5.00237  0.566581  3.84394  
0.363188  3.94021  3.00459  5.00237  3.00459  5.00237  0.535379  3.86166  
1.11105  3.33746  3.00459  5.00237  3.00459  5.00237  0.908398  3.57351  
0.271517  3.96922  3.00459  5.00237  3.00459  5.00237  1.10979  3.33913  
1.09093  3.36383  3.00459  5.00237  3.00459  5.00237  1.06667  3.39471  
1.85385  1.52994  3.00459  5.00237  3.00459  5.00237  1.48416  2.697  
1.70816  2.10154  3.00459  5.00237  3.00459  5.00237  1.51365  2.63072  
1.26264  3.11499  3.00459  5.00237  3.00459  5.00237  1.94065  1.01074  
0.682864  3.7681  3.00459  5.00237  3.00459  5.00237  1.70037  2.12664  
1.43351  2.80428  3.00459  5.00237  3.00459  5.00237  1.60119  2.4148  
1.58545  2.45596  3.00459  5.00237  3.00459  5.00237  0.596866  3.8257  
1.90693  1.24162  3.00459  5.00237  3.00459  5.00237  1.90426  1.25791  
1.65486  2.26562  3.00459  5.00237  3.00459  5.00237  1.81057  1.72495  
1.2261  3.1727  3.00459  5.00237  3.00459  5.00237  0.395723  3.92781  
1.48119  2.70352  3.00459  5.00237  3.00459  5.00237  1.8217  1.6774  
1.92675  1.11227  3.00459  5.00237  3.00459  5.00237  1.43622  2.79875  
0.219281  3.98201  3.00459  5.00237  3.00459  5.00237  0.433282  3.91209  
1.93624  1.04415  3.00459  5.00237  3.00459  5.00237  1.98039  0.629433  
1.1888  3.22884  3.00459  5.00237  3.00459  5.00237  1.46888  2.73021  
1.15055  3.28364  3.00459  5.00237  3.00459  5.00237  1.85413  1.52858  
1.04978  3.41564  3.00459  5.00237  3.00459  5.00237  1.76401  1.90815  
2.00459  0.195625  3.00459  5.00237  3.00459  5.00237  1.99963  0.295702  
1.81942  1.68726  3.00459  5.00237  3.00459  5.00237  1.96541  0.796022  
1.00716  3.46642  3.00459  5.00237  3.00459  5.00237  1.92286  1.13893  
1.84252  1.58378  3.00459  5.00237  3.00459  5.00237  1.89464  1.3148  
0.505957  3.87736  3.00459  5.00237  3.00459  5.00237  0.954893  3.52488  
1.59963  2.41895  3.00459  5.00237  3.00459  5.00237  1.83271  1.62869  
1.35027  2.96466  3.00459  5.00237  3.00459  5.00237  1.65931  2.25257  
1.80763  1.7372  3.00459  5.00237  3.00459  5.00237  1.61584  2.37552  
0.916247  3.56552  3.00459  5.00237  3.00459  5.00237  0.735455  3.72852  
1.97075  0.741085  3.00459  5.00237  3.00459  5.00237  1.21296  3.19279  
1.16987  3.25631  3.00459  5.00237  3.00459  5.00237  1.97312  0.715405  
0.98526  3.49142  3.00459  5.00237  3.00459  5.00237  1.52783  2.59777  
1.83112  1.63586  3.00459  5.00237  3.00459  5.00237  1.55706  2.5275  
0.0822333  4.00237  3.00459  5.00237  3.00459  5.00237  1.9573  0.872576  
0.818011  3.65943  3.00459  5.00237  3.00459  5.00237  0.313346  3.95707  
0.626614  3.80675  3.00459  5.00237  3.00459  5.00237  1.71356  2.08389  
0.737397  3.727  3.00459  5.00237  3.00459  5.00237  1.17252  3.25249  
0.159426  3.99325  3.00459  5.00237  3.00459  5.00237  0.931816  3.54941  
0.76468  3.70506  3.00459  5.00237  3.00459  5.00237  1.40145  2.86826  
1.49669  2.66921  3.00459  5.00237  3.00459  5.00237  1.93189  1.07593  
0.710315  3.74786  3.00459  5.00237  3.00459  5.00237  1.36547  2.93673  
0.537118  3.8607  3.00459  5.00237  3.00459  5.00237  0.682187  3.76859  
1.94535  0.973867  3.00459  5.00237  3.00459  5.00237  0.861032  3.61992  
1.89669  1.30292  3.00459  5.00237  3.00459  5.00237  1.91366  1.19939  
1.40078  2.86957  3.00459  5.00237  3.00459  5.00237  1.73926  1.99696  
1.74649  1.97156  3.00459  5.00237  3.00459  5.00237  1.34709  2.97043  
0.892564  3.58937  3.00459  5.00237  3.00459  5.00237  1.49908  2.66384  
1.38413  2.90166  3.00459  5.00237  3.00459  5.00237  0.0822333  4.00237  
1.72104  2.05911  3.00459  5.00237  3.00459  5.00237  1.79925  1.7717  
1.95408  0.901047  3.00459  5.00237  3.00459  5.00237  1.38348  2.90289  
0.567467  3.84342  3.00459  5.00237  3.00459  5.00237  1.00024  3.4744  
1.98578  0.556903  3.00459  5.00237  3.00459  5.00237  1.45259  2.76479  
1.54166  2.56492  3.00459  5.00237  3.00459  5.00237  1.27197  3.0998  
1.79573  1.78592  3.00459  5.00237  3.00459  5.00237  1.77601  1.86311  
1.41728  2.83703  3.00459  5.00237  3.00459  5.00237  1.3286  3.00349  
1.88635  1.36166  3.00459  5.00237  3.00459  5.00237  1.57147  2.4916  
0.59707  3.82557  3.00459  5.00237  3.00459  5.00237  0.787048  3.68637  
1.64119  2.30501  3.00459  5.00237  3.00459  5.00237  1.15192  3.28173  
1.75907  1.92631  3.00459  5.00237  3.00459  5.00237  1.99381  0.42587  
0.939869  3.54094  3.00459  5.00237  3.00459  5.00237  1.13107  3.31053  
0.473624  3.89352  3.00459  5.00237  3.00459  5.00237  1.08834  3.36717  
1.36733  2.93327  3.00459  5.00237  3.00459  5.00237  0.502871  3.87895  
0.655164  3.7876  3.00459  5.00237  3.00459  5.00237  1.63055  2.33498  
0.791597  3.68249  3.00459  5.00237  3.00459  5.00237  1.04465  3.4219  
1.46552  2.73742  3.00459  5.00237  3.00459  5.00237  1.9491  0.94335  
1.73378  2.0159  3.00459  5.00237  3.00459  5.00237  0.884969  3.59685  
1.77141  1.88056  3.00459  5.00237  3.00459  5.00237  1.64509  2.29387  
0.40295  3.9249  3.00459  5.00237  3.00459  5.00237  0.356253  3.94272  
1.4497  2.77084  3.00459  5.00237  3.00459  5.00237  1.75175  1.95282  
1.51181  2.63495  3.00459  5.00237  3.00459  5.00237  1.3099  3.03609  
0.319361  3.95517  3.00459  5.00237  3.00459  5.00237  2.00459  0.195625  
0.962704  3.51641  3.00459  5.00237  3.00459  5.00237  0.267885  3.97019  
1.31578  3.02593  3.00459  5.00237  3.00459  5.00237  1.84355  1.57899  
1.99285  0.44363  3.00459  5.00237  3.00459  5.00237  1.58623  2.45396  
1.97852  0.65266  3.00459  5.00237  3.00459  5.00237  0.216703  3.98257  
1.07045  3.38996  3.00459  5.00237  3.00459  5.00237  1.88484  1.37002  
1.57099  2.49282  3.00459  5.00237  3.00459  5.00237  1.23291  3.16215  
1.13089  3.31077  3.00459  5.00237  3.00459  5.00237  0.468942  3.89577  
1.6817  2.18518  3.00459  5.00237  3.00459  5.00237  0.761408  3.70774  
1.87578  1.41893  3.00459  5.00237  3.00459  5.00237  1.87483  1.42395  
1.28053  3.08569  3.00459  5.00237  3.00459  5.00237  1.5425  2.5629  
1.62747  2.34357  3.00459  5.00237  3.00459  5.00237  1.72654  2.04061  
1.86487  1.4754  3.00459  5.00237  3.00459  5.00237  1.78778  1.81752  
1.78361  1.83384  3.00459  5.00237  3.00459  5.00237  0.836784  3.64249  
1.24454  3.14392  3.00459  5.00237  3.00459  5.00237  1.86468  1.47635  
1.91689  1.17852  3.00459  5.00237  3.00459  5.00237  0.654481  3.78807  
1.33315  2.99542  3.00459  5.00237  3.00459  5.00237  1.29117  3.06796  
0.86828  3.61302  3.00459  5.00237  3.00459  5.00237  1.19284  3.22289  
0.843494  3.63633  3.00459  5.00237  3.00459  5.00237  0.977787  3.49978  
1.29821  3.05607  3.00459  5.00237  3.00459  5.00237  1.98741  0.532983  
1.55641  2.52908  3.00459  5.00237  3.00459  5.00237  0.70915  3.74874  
1.61367  2.3814  3.00459  5.00237  3.00459  5.00237  1.41913  2.83335  
1.02872  3.4411  3.00459  5.00237  3.00459  5.00237  0.812134  3.66464  
1.52687  2.60003  3.00459  5.00237  3.00459  5.00237  0.626171  3.80704  
0.440121  3.90907  3.00459  5.00237  3.00459  5.00237  0.158965  3.99332  
