2.38251  1.82828  6.22269  6.43931  1.79769e+308  1.79769e+308  2.38251  1.82828  
0.355056  5.43931  6.22269  6.43931  1.79769e+308  1.79769e+308  0.355056  5.43931  
2.51292  1.27437  6.22269  6.43931  1.79769e+308  1.79769e+308  2.51292  1.27437  
2.39763  1.91003  6.22269  6.43931  1.79769e+308  1.79769e+308  2.39763  1.91003  
4.62483  0.103275  6.22269  6.43931  1.79769e+308  1.79769e+308  4.62483  0.103275  
1.44488  4.18202  6.22269  6.43931  1.79769e+308  1.79769e+308  1.44488  4.18202  
2.55104  1.2445  6.22269  6.43931  1.79769e+308  1.79769e+308  2.55104  1.2445  
0.436843  4.01026  6.22269  6.43931  1.79769e+308  1.79769e+308  0.436843  4.01026  
1.31763  4.36786  6.22269  6.43931  1.79769e+308  1.79769e+308  1.31763  4.36786  
2.06801  2.99034  6.22269  6.43931  1.79769e+308  1.79769e+308  2.06801  2.99034  
2.94783  1.32217  6.22269  6.43931  1.79769e+308  1.79769e+308  2.94783  1.32217  
1.38025  2.91471  6.22269  6.43931  1.79769e+308  1.79769e+308  1.38025  2.91471  
4.4698  0.1945  6.22269  6.43931  1.79769e+308  1.79769e+308  4.4698  0.1945  
2.36396  3.08788  6.22269  6.43931  1.79769e+308  1.79769e+308  2.36396  3.08788  
1.1679  3.08916  6.22269  6.43931  1.79769e+308  1.79769e+308  1.1679  3.08916  
3.547  0.694492  6.22269  6.43931  1.79769e+308  1.79769e+308  3.547  0.694492  
2.29588  1.55652  6.22269  6.43931  1.79769e+308  1.79769e+308  2.29588  1.55652  
0.843759  4.10884  6.22269  6.43931  1.79769e+308  1.79769e+308  0.843759  4.10884  
5.18006  0.0331472  6.22269  6.43931  1.79769e+308  1.79769e+308  5.18006  0.0331472  
2.33235  1.31445  6.22269  6.43931  1.79769e+308  1.79769e+308  2.33235  1.31445  
1.57136  2.66618  6.22269  6.43931  1.79769e+308  1.79769e+308  1.57136  2.66618  
1.14881  2.73135  6.22269  6.43931  1.79769e+308  1.79769e+308  1.14881  2.73135  
2.32094  3.01373  6.22269  6.43931  1.79769e+308  1.79769e+308  2.32094  3.01373  
2.60802  1.21341  6.22269  6.43931  1.79769e+308  1.79769e+308  2.60802  1.21341  
2.42102  2.59527  6.22269  6.43931  1.79769e+308  1.79769e+308  2.42102  2.59527  
2.18563  1.44751  6.22269  6.43931  1.79769e+308  1.79769e+308  2.18563  1.44751  
2.56005  2.59238  6.22269  6.43931  1.79769e+308  1.79769e+308  2.56005  2.59238  
2.59782  1.5466  6.22269  6.43931  1.79769e+308  1.79769e+308  2.59782  1.5466  
0.803478  2.80192  6.22269  6.43931  1.79769e+308  1.79769e+308  0.803478  2.80192  
4.27783  0.332782  6.22269  6.43931  1.79769e+308  1.79769e+308  4.27783  0.332782  
1.88681  1.18702  6.22269  6.43931  1.79769e+308  1.79769e+308  1.88681  1.18702  
1.47389  3.47482  6.22269  6.43931  1.79769e+308  1.79769e+308  1.47389  3.47482  
2.14048  1.79914  6.22269  6.43931  1.79769e+308  1.79769e+308  2.14048  1.79914  
1.23131  4.6913  6.22269  6.43931  1.79769e+308  1.79769e+308  1.23131  4.6913  
3.33382  0.518705  6.22269  6.43931  1.79769e+308  1.79769e+308  3.33382  0.518705  
1.57397  3.71645  6.22269  6.43931  1.79769e+308  1.79769e+308  1.57397  3.71645  
2.15186  1.21309  6.22269  6.43931  1.79769e+308  1.79769e+308  2.15186  1.21309  
3.72054  0.559994  6.22269  6.43931  1.79769e+308  1.79769e+308  3.72054  0.559994  
1.71165  2.23956  6.22269  6.43931  1.79769e+308  1.79769e+308  1.71165  2.23956  
1.96435  3.28486  6.22269  6.43931  1.79769e+308  1.79769e+308  1.96435  3.28486  
2.84868  2.90598  6.22269  6.43931  1.79769e+308  1.79769e+308  2.84868  2.90598  
2.65417  1.56508  6.22269  6.43931  1.79769e+308  1.79769e+308  2.65417  1.56508  
0.48294  2.6515  6.22269  6.43931  1.79769e+308  1.79769e+308  0.48294  2.6515  
0.126334  3.70214  6.22269  6.43931  1.79769e+308  1.79769e+308  0.126334  3.70214  
2.30802  2.59571  6.22269  6.43931  1.79769e+308  1.79769e+308  2.30802  2.59571  
2.1568  1.87541  6.22269  6.43931  1.79769e+308  1.79769e+308  2.1568  1.87541  
2.60623  0.686436  6.22269  6.43931  1.79769e+308  1.79769e+308  2.60623  0.686436  
2.99707  1.5384  6.22269  6.43931  1.79769e+308  1.79769e+308  2.99707  1.5384  
4.8408  0.0552944  6.22269  6.43931  1.79769e+308  1.79769e+308  4.8408  0.0552944  
0.224389  5.33995  6.22269  6.43931  1.79769e+308  1.79769e+308  0.224389  5.33995  
1.37271  3.56054  6.22269  6.43931  1.79769e+308  1.79769e+308  1.37271  3.56054  
1.57116  3.47322  6.22269  6.43931  1.79769e+308  1.79769e+308  1.57116  3.47322  
0.997198  2.95629  6.22269  6.43931  1.79769e+308  1.79769e+308  0.997198  2.95629  
2.68616  1.01362  6.22269  6.43931  1.79769e+308  1.79769e+308  2.68616  1.01362  
3.87571  0.958401  6.22269  6.43931  1.79769e+308  1.79769e+308  3.87571  0.958401  
2.92105  1.05478  6.22269  6.43931  1.79769e+308  1.79769e+308  2.92105  1.05478  
1.00029  3.0604  6.22269  6.43931  1.79769e+308  1.79769e+308  1.00029  3.0604  
2.80208  1.28349  6.22269  6.43931  1.79769e+308  1.79769e+308  2.80208  1.28349  
1.2307  4.10943  6.22269  6.43931  1.79769e+308  1.79769e+308  1.2307  4.10943  
4.50288  0.327191  6.22269  6.43931  1.79769e+308  1.79769e+308  4.50288  0.327191  
0.979977  3.64962  6.22269  6.43931  1.79769e+308  1.79769e+308  0.979977  3.64962  
1.07107  3.94635  6.22269  6.43931  1.79769e+308  1.79769e+308  1.07107  3.94635  
1.95324  1.68586  6.22269  6.43931  1.79769e+308  1.79769e+308  1.95324  1.68586  
3.84251  0.488805  6.22269  6.43931  1.79769e+308  1.79769e+308  3.84251  0.488805  
2.58017  2.66243  6.22269  6.43931  1.79769e+308  1.79769e+308  2.58017  2.66243  
2.86208  0.457063  6.22269  6.43931  1.79769e+308  1.79769e+308  2.86208  0.457063  
0.153544  4.47353  6.22269  6.43931  1.79769e+308  1.79769e+308  0.153544  4.47353  
4.4396  0.145763  6.22269  6.43931  1.79769e+308  1.79769e+308  4.4396  0.145763  
1.66042  2.66798  6.22269  6.43931  1.79769e+308  1.79769e+308  1.66042  2.66798  
0.691696  3.68029  6.22269  6.43931  1.79769e+308  1.79769e+308  0.691696  3.68029  
0.547335  4.49523  6.22269  6.43931  1.79769e+308  1.79769e+308  0.547335  4.49523  
0.0967638  4.32954  6.22269  6.43931  1.79769e+308  1.79769e+308  0.0967638  4.32954  
2.74767  0.689018  6.22269  6.43931  1.79769e+308  1.79769e+308  2.74767  0.689018  
3.73671  0.879023  6.22269  6.43931  1.79769e+308  1.79769e+308  3.73671  0.879023  
3.6586  0.53076  6.22269  6.43931  1.79769e+308  1.79769e+308  3.6586  0.53076  
0.431448  3.66697  6.22269  6.43931  1.79769e+308  1.79769e+308  0.431448  3.66697  
2.49904  1.36939  6.22269  6.43931  1.79769e+308  1.79769e+308  2.49904  1.36939  
2.20922  2.57776  6.22269  6.43931  1.79769e+308  1.79769e+308  2.20922  2.57776  
1.46361  3.12902  6.22269  6.43931  1.79769e+308  1.79769e+308  1.46361  3.12902  
0.402633  2.92316  6.22269  6.43931  1.79769e+308  1.79769e+308  0.402633  2.92316  
1.34576  3.96374  6.22269  6.43931  1.79769e+308  1.79769e+308  1.34576  3.96374  
5.22269  0.185123  6.22269  6.43931  1.79769e+308  1.79769e+308  5.22269  0.185123  
1.6029  3.46307  6.22269  6.43931  1.79769e+308  1.79769e+308  1.6029  3.46307  
0.252805  4.61832  6.22269  6.43931  1.79769e+308  1.79769e+308  0.252805  4.61832  
1.98692  3.15255  6.22269  6.43931  1.79769e+308  1.79769e+308  1.98692  3.15255  
2.57005  2.78767  6.22269  6.43931  1.79769e+308  1.79769e+308  2.57005  2.78767  
2.56004  1.39485  6.22269  6.43931  1.79769e+308  1.79769e+308  2.56004  1.39485  
0.0441687  5.03553  6.22269  6.43931  1.79769e+308  1.79769e+308  0.0441687  5.03553  
1.15729  3.72671  6.22269  6.43931  1.79769e+308  1.79769e+308  1.15729  3.72671  
2.64041  1.62149  6.22269  6.43931  1.79769e+308  1.79769e+308  2.64041  1.62149  
2.71649  1.39416  6.22269  6.43931  1.79769e+308  1.79769e+308  2.71649  1.39416  
0.280752  5.01765  6.22269  6.43931  1.79769e+308  1.79769e+308  0.280752  5.01765  
2.78791  1.05149  6.22269  6.43931  1.79769e+308  1.79769e+308  2.78791  1.05149  
0.22594  4.816  6.22269  6.43931  1.79769e+308  1.79769e+308  0.22594  4.816  
4.56493  0.500419  6.22269  6.43931  1.79769e+308  1.79769e+308  4.56493  0.500419  
1.13505  3.21658  6.22269  6.43931  1.79769e+308  1.79769e+308  1.13505  3.21658  
3.62241  0.462613  6.22269  6.43931  1.79769e+308  1.79769e+308  3.62241  0.462613  
1.34009  2.9265  6.22269  6.43931  1.79769e+308  1.79769e+308  1.34009  2.9265  
2.39169  0.965561  6.22269  6.43931  1.79769e+308  1.79769e+308  2.39169  0.965561  
2.13928  2.0187  6.22269  6.43931  1.79769e+308  1.79769e+308  2.13928  2.0187  
4.07811  3.24557e-11  7.58784  7.04217  7.58718  6.3627  1.41839  0.35994  
4.75975  4.23807e-13  7.58784  7.04217  7.58718  6.3627  3.71402  0.173164  
4.33123  5.1184e-10  7.58784  7.04217  7.58718  6.3627  1.78842  0.467745  
2.10146  0.7912  7.58784  7.04217  7.58718  6.3627  2.29612  0.646371  
5.81541e-10  4.71328  7.58784  7.04217  7.58718  6.3627  0.00460229  5.4306  
5.86351e-10  4.75227  7.58784  7.04217  7.58718  6.3627  1.7752  0.631042  
0.0901497  3.74602  7.58784  7.04217  7.58718  6.3627  1.92861  0.489401  
2.25098e-09  4.70476  7.58784  7.04217  7.58718  6.3627  0.162278  5.47448  
1.22948  4.02293e-12  7.58784  7.04217  7.58718  6.3627  0.245413  5.24092  
3.10432  1.1472e-11  7.58784  7.04217  7.58718  6.3627  0.953088  0.241855  
2.23907e-09  5.3347  7.58784  7.04217  7.58718  6.3627  0.0250084  5.957  
7.33297e-11  1.21243  7.58784  7.04217  7.58718  6.3627  5.62192  0.000797282  
2.25083e-09  5.3627  7.58784  7.04217  7.58718  6.3627  1.85128  0.464758  
4.31137  1.11676e-10  7.58784  7.04217  7.58718  6.3627  5.09555  0.00252469  
1.20485  3.94233e-12  7.58784  7.04217  7.58718  6.3627  1.95874  0.676384  
1.03276  3.37926e-12  7.58784  7.04217  7.58718  6.3627  1.50632  3.9131  
2.10146  0.7912  7.58784  7.04217  7.58718  6.3627  0.908612  0.314742  
0.0901497  3.74602  7.58784  7.04217  7.58718  6.3627  1.20605  0.305548  
4.57652e-10  4.63908  7.58784  7.04217  7.58718  6.3627  6.58718  0.00430963  
4.40024  0  7.58784  7.04217  7.58718  6.3627  2.0611  0.518343  
0.997732  0.023562  7.58784  7.04217  7.58718  6.3627  0.100999  6.04217  
1.02965  3.36906e-12  7.58784  7.04217  7.58718  6.3627  0.097899  5.85674  
4.13819  1.04989e-11  7.58784  7.04217  7.58718  6.3627  2.39428  1.33868  
6.26957e-11  1.03661  7.58784  7.04217  7.58718  6.3627  2.0312  0.798309  
6.29933e-11  1.04153  7.58784  7.04217  7.58718  6.3627  4.76632  1.17357  
0.000228296  1.02577  7.58784  7.04217  7.58718  6.3627  4.83165  0.000919913  
6.5534e-11  1.08354  7.58784  7.04217  7.58718  6.3627  0.400171  5.36718  
0.897023  0.123042  7.58784  7.04217  7.58718  6.3627  0.135939  5.57381  
0.0611554  0.975452  7.58784  7.04217  7.58718  6.3627  4.75439  0.0315809  
1.07139  3.50566e-12  7.58784  7.04217  7.58718  6.3627  1.32715  0.336785  
1.00675  0.0145458  7.58784  7.04217  7.58718  6.3627  0.589255  4.1976  
2.10162  0.525793  7.58784  7.04217  7.58718  6.3627  2.40518e-10  3.97671  
0.0949788  0.989296  7.58784  7.04217  7.58718  6.3627  0.958421  0.241032  
6.82431e-11  1.12833  7.58784  7.04217  7.58718  6.3627  0.774846  5.15816  
0.689721  0.343015  7.58784  7.04217  7.58718  6.3627  2.07141  0.583114  
0.430783  0.741813  7.58784  7.04217  7.58718  6.3627  2.30303  1.21099  
1.08791  3.55971e-12  7.58784  7.04217  7.58718  6.3627  1.26078  0.31702  
4.66533e-11  4.75222  7.58784  7.04217  7.58718  6.3627  1.66969  0.429739  
5.23088e-11  4.52294  7.58784  7.04217  7.58718  6.3627  2.24103  0.861397  
5.22198e-13  4.99779  7.58784  7.04217  7.58718  6.3627  1.76673  0.44415  
1.02414  3.35103e-12  7.58784  7.04217  7.58718  6.3627  0.834115  3.51486  
7.13478e-11  1.17966  7.58784  7.04217  7.58718  6.3627  2.22343  1.03802  
0.00797606  1.01802  7.58784  7.04217  7.58718  6.3627  0.943498  0.237279  
3.23906e-09  1.04914  7.58784  7.04217  7.58718  6.3627  0.867759  0.431557  
0.105435  0.935356  7.58784  7.04217  7.58718  6.3627  0.327615  4.68056  
0.155603  0.902472  7.58784  7.04217  7.58718  6.3627  1.25393  0.318197  
0.0614057  0.964593  7.58784  7.04217  7.58718  6.3627  4.51749  0.00602579  
0.0901778  3.72186  7.58784  7.04217  7.58718  6.3627  4.85012  2.69236e-14  
0.983096  0.0379181  7.58784  7.04217  7.58718  6.3627  4.31499  0.00139834  
0.98059  0.0407043  7.58784  7.04217  7.58718  6.3627  5.63314  0.22058  
1.01621  0.00480878  7.58784  7.04217  7.58718  6.3627  1.39284  0.542328  
7.17215e-05  1.02593  7.58784  7.04217  7.58718  6.3627  5.28821  0.204541  
1.02054  0.000469406  7.58784  7.04217  7.58718  6.3627  0.000151794  4.20417  
0.022044  1.00395  7.58784  7.04217  7.58718  6.3627  1.51514  0.384481  
1.0179  0.00339308  7.58784  7.04217  7.58718  6.3627  5.83986  0.223196  
2.10147  0.533363  7.58784  7.04217  7.58718  6.3627  1.86201  0.827853  
2.10503  0.00026406  7.58784  7.04217  7.58718  6.3627  1.2134  0.60345  
1.01358  0.00770931  7.58784  7.04217  7.58718  6.3627  4.72811  1.16246  
0.0181864  1.01074  7.58784  7.04217  7.58718  6.3627  6.20025e-11  1.02515  
0.97228  0.0490144  7.58784  7.04217  7.58718  6.3627  1.05868  0.268657  
0.0749285  0.954662  7.58784  7.04217  7.58718  6.3627  4.28477  1.4176e-13  
0.00638217  1.01962  7.58784  7.04217  7.58718  6.3627  0.93683  0.23773  
0.00566215  1.02034  7.58784  7.04217  7.58718  6.3627  2.65582  0.665174  
0.970309  0.0509849  7.58784  7.04217  7.58718  6.3627  1.76402  3.64312  
0.981513  0.0397812  7.58784  7.04217  7.58718  6.3627  5.27077  0.573889  
1.15841e-09  3.37962  7.58784  7.04217  7.58718  6.3627  1.02101  2.36482e-12  
1.01114  0.0129986  7.58784  7.04217  7.58718  6.3627  1.98748  0.511531  
0.0784649  0.947534  7.58784  7.04217  7.58718  6.3627  2.18673  0.618247  
0.0436859  0.982313  7.58784  7.04217  7.58718  6.3627  2.13617  1.21707  
1.01  0.0141344  7.58784  7.04217  7.58718  6.3627  2.13655  0.684012  
0.0661891  0.963402  7.58784  7.04217  7.58718  6.3627  5.29378  0.0180806  
0.0300645  0.998865  7.58784  7.04217  7.58718  6.3627  1.62476  0.408438  
1.00652  0.0147727  7.58784  7.04217  7.58718  6.3627  5.08344  2.82188e-14  
0.871166  0.219088  7.58784  7.04217  7.58718  6.3627  4.2854  0.881636  
0.0904293  1.14055  7.58784  7.04217  7.58718  6.3627  2.02243  0.872635  
0.00998701  1.01601  7.58784  7.04217  7.58718  6.3627  4.22058  0.123273  
0.0132444  1.01275  7.58784  7.04217  7.58718  6.3627  2.02041  0.643748  
1.01117  0.00984235  7.58784  7.04217  7.58718  6.3627  0.155821  5.81441  
0.98793  0.0330842  7.58784  7.04217  7.58718  6.3627  1.87896  0.476805  
1.63923e-09  1.25184  7.58784  7.04217  7.58718  6.3627  0.689721  0.343015  
1.00182  0.0194758  7.58784  7.04217  7.58718  6.3627  1.81599  0.467393  
0.0902564  1.60228  7.58784  7.04217  7.58718  6.3627  0.979531  4.98418  
1.00401  0.017006  7.58784  7.04217  7.58718  6.3627  0.439617  3.58749  
0.0146672  1.01133  7.58784  7.04217  7.58718  6.3627  0.00857224  4.98168  
0.967628  0.0651366  7.58784  7.04217  7.58718  6.3627  0.161828  5.848  
0.368667  0.849851  7.58784  7.04217  7.58718  6.3627  1.9546  0.49506  
0.0350403  0.990959  7.58784  7.04217  7.58718  6.3627  4.61096  0.00479016  
0.00114785  1.02485  7.58784  7.04217  7.58718  6.3627  0.000172813  4.78634  
2.10784  6.89695e-12  7.58784  7.04217  7.58718  6.3627  1.07194  0.272014  
2.00698e-05  1.02957  7.58784  7.04217  7.58718  6.3627  1.36175  0.344773  
0.953788  0.0915938  7.58784  7.04217  7.58718  6.3627  0.195494  4.61812  
1.00089  0.0232424  7.58784  7.04217  7.58718  6.3627  5.02868  0.0171752  
0.0910119  1.0403  7.58784  7.04217  7.58718  6.3627  2.10262  0.533558  
0.972243  0.0490509  7.58784  7.04217  7.58718  6.3627  4.91012  0.00405668  
0.0902593  1.60148  7.58784  7.04217  7.58718  6.3627  4.32031  0.103998  
0.0074989  1.0185  7.58784  7.04217  7.58718  6.3627  5.73342  0.330841  
2.25273e-09  1.28395  7.58784  7.04217  7.58718  6.3627  1.7343  0.479176  
0.0204022  1.0056  7.58784  7.04217  7.58718  6.3627  2.13474  0.604994  
1.02101  2.36482e-12  7.58784  7.04217  7.58718  6.3627  5.69319  1.26414e-14  
0.0258768  0.999413  7.58784  7.04217  7.58718  6.3627  5.6328  0.220769  
1.00794  0.00203375  4.47138  4.63671  2.00913  2.45421  0.695733  1.93337  
0.0252048  0.994836  4.47138  4.63671  2.00913  2.45421  0.00117505  2.41431  
0.971745  0.0382258  4.47138  4.63671  2.00913  2.45421  0.577271  2.1775  
1.00035  0.00961738  4.47138  4.63671  2.00913  2.45421  0.884194  1.33277  
1.00124  0.00873136  4.47138  4.63671  2.00913  2.45421  1.08752  0.276029  
0.972576  0.0365565  4.47138  4.63671  2.00913  2.45421  3.13253  0  
0.879313  0.139232  4.47138  4.63671  2.00913  2.45421  0  3.34943  
1.00404  0.0050915  4.47138  4.63671  2.00913  2.45421  2.40513  0.0227269  
0.00542642  1.01284  4.47138  4.63671  2.00913  2.45421  0.0179534  3.01085  
1.00348  0.00649114  4.47138  4.63671  2.00913  2.45421  0.937088  0.237792  
0.0174556  1.00259  4.47138  4.63671  2.00913  2.45421  0.00585474  1.78127  
1.00646  0.00267457  4.47138  4.63671  2.00913  2.45421  3.0722  0  
1.00598  0.00398683  4.47138  4.63671  2.00913  2.45421  0.732336  1.76167  
1.00913  2.3373e-12  4.47138  4.63671  2.00913  2.45421  0.581736  2.546  
1.00219  0.00777871  4.47138  4.63671  2.00913  2.45421  2.32775  0.0197245  
0.993374  0.0165972  4.47138  4.63671  2.00913  2.45421  1.0609  0.269275  
0.0517163  0.969671  4.47138  4.63671  2.00913  2.45421  0.896821  0.310658  
0.0706282  0.949413  4.47138  4.63671  2.00913  2.45421  2.24522  0.131439  
0.0258118  0.994229  4.47138  4.63671  2.00913  2.45421  1.99496  1.11629e-13  
0.996033  0.0130999  4.47138  4.63671  2.00913  2.45421  2.23675  0  
0.994709  0.0152615  4.47138  4.63671  2.00913  2.45421  2.25298e-10  3.20393  
0.987949  0.0220214  4.47138  4.63671  2.00913  2.45421  0.00043798  2.3374  
0.167885  0.843407  4.47138  4.63671  2.00913  2.45421  3.10735  0.000784055  
0.953507  0.0564636  4.47138  4.63671  2.00913  2.45421  0.0543837  2.66458  
1.00277  0.00719836  4.47138  4.63671  2.00913  2.45421  0.490979  2.04669  
6.15862e-11  1.01826  4.47138  4.63671  2.00913  2.45421  1.00127  0.497955  
0.06684  0.950133  4.47138  4.63671  2.00913  2.45421  0  3.60363  
0.897023  0.123042  4.47138  4.63671  2.00913  2.45421  0.0240444  2.44695  
0.00293801  1.01533  4.47138  4.63671  2.00913  2.45421  0.890331  2.09058  
0.0644453  0.953818  4.47138  4.63671  2.00913  2.45421  1.79369  0.588878  
0.0176241  1.00064  4.47138  4.63671  2.00913  2.45421  0.461776  2.3788  
0.992181  0.0177893  4.47138  4.63671  2.00913  2.45421  1.07125  0.269161  
0.18917  0.824258  4.47138  4.63671  2.00913  2.45421  1.82613  0  
0.972876  0.0362572  4.47138  4.63671  2.00913  2.45421  3.24701e-14  3.63671  
0.682234  0.339291  4.47138  4.63671  2.00913  2.45421  0.526392  2.49943  
0.346026  0.706946  4.47138  4.63671  2.00913  2.45421  1.89485  0.190834  
1.00174  0.00823516  4.47138  4.63671  2.00913  2.45421  0.337947  1.53966  
0.0467767  0.971486  4.47138  4.63671  2.00913  2.45421  2.73957  0  
0.980413  0.029558  4.47138  4.63671  2.00913  2.45421  1.05017  0.363845  
0.963423  0.0465474  4.47138  4.63671  2.00913  2.45421  2.8871  1.63472e-14  
0.0108978  1.00468  4.47138  4.63671  2.00913  2.45421  0  2.48309  
0.00388085  1.01438  4.47138  4.63671  2.00913  2.45421  9.70544e-11  3.29275  
0.00672049  1.01154  4.47138  4.63671  2.00913  2.45421  0.93406  0.234905  
0.995688  0.0142829  4.47138  4.63671  2.00913  2.45421  0.84407  0.419776  
0.0997011  0.921686  4.47138  4.63671  2.00913  2.45421  0.686646  1.55816  
0.155603  0.902472  4.47138  4.63671  2.00913  2.45421  0.0485314  2.48991  
0.0602198  0.959821  4.47138  4.63671  2.00913  2.45421  0.00461206  3.16929  
1.00138  0.00859079  4.47138  4.63671  2.00913  2.45421  0.866865  2.21724  
0.974985  0.0349859  4.47138  4.63671  2.00913  2.45421  0.732139  2.16  
0.407382  0.659668  4.47138  4.63671  2.00913  2.45421  1.07923  0.274186  
0.933402  0.0867987  4.47138  4.63671  2.00913  2.45421  1.06825  0.271079  
0.00488305  1.01338  4.47138  4.63671  2.00913  2.45421  2.99786  1.51569e-05  
0.0091863  1.00908  4.47138  4.63671  2.00913  2.45421  1.01296  0.503972  
0.0296493  0.990392  4.47138  4.63671  2.00913  2.45421  0.985183  2.04414  
0.0225956  0.997445  4.47138  4.63671  2.00913  2.45421  2.82688  0.0177955  
0.0319911  0.989606  4.47138  4.63671  2.00913  2.45421  2.39573  0.184183  
0.969073  0.0400593  4.47138  4.63671  2.00913  2.45421  0  3.39998  
0.00188782  1.01638  4.47138  4.63671  2.00913  2.45421  0.528937  2.2495  
0.998688  0.0104445  4.47138  4.63671  2.00913  2.45421  6.15862e-11  1.01826  
0.186033  0.841457  4.47138  4.63671  2.00913  2.45421  0.0700344  2.665  
0.0723469  0.946813  4.47138  4.63671  2.00913  2.45421  2.83842e-05  3.04911  
1.00382  0.00531675  4.47138  4.63671  2.00913  2.45421  0.933821  0.236966  
0.984762  0.0243705  4.47138  4.63671  2.00913  2.45421  0.0142844  2.39554  
0.968026  0.0419446  4.47138  4.63671  2.00913  2.45421  3.47872e-11  2.26801  
0.802639  0.278033  4.47138  4.63671  2.00913  2.45421  1.15069e-11  3.25485  
0.988074  0.0210592  4.47138  4.63671  2.00913  2.45421  1.00913  2.3373e-12  
1.00336  0.00661262  4.47138  4.63671  2.00913  2.45421  0.00702462  2.69616  
0.0383492  0.979914  4.47138  4.63671  2.00913  2.45421  0.846377  0.420923  
0.0136151  1.00465  4.47138  4.63671  2.00913  2.45421  3.47138  1.96554e-14  
0.235198  0.786962  4.47138  4.63671  2.00913  2.45421  0  2.8422  
0.993456  0.0165146  4.47138  4.63671  2.00913  2.45421  0.0112913  3.01186  
0.973752  0.0362192  4.47138  4.63671  2.00913  2.45421  0.329449  2.36645  
0.0322273  0.987814  4.47138  4.63671  2.00913  2.45421  0.348158  1.31951  
0.148733  0.906996  4.47138  4.63671  2.00913  2.45421  2.74714  0.016135  
0.99731  0.0126606  4.47138  4.63671  2.00913  2.45421  0  2.79493  
0.988776  0.0203565  4.47138  4.63671  2.00913  2.45421  3.20165  0.00228392  
0.995139  0.0148317  4.47138  4.63671  2.00913  2.45421  2.23601  1.26606e-14  
0.959563  0.052748  4.47138  4.63671  2.00913  2.45421  0.580538  1.0816  
0.982112  0.0278591  4.47138  4.63671  2.00913  2.45421  2.92532  0.0141452  
0.99434  0.0156312  4.47138  4.63671  2.00913  2.45421  0.682234  0.339291  
1.00524  0.00472758  4.47138  4.63671  2.00913  2.45421  2.50708  3.95449e-06  
0.994254  0.0157168  4.47138  4.63671  2.00913  2.45421  0.948452  0.241188  
0.00266657  1.0156  4.47138  4.63671  2.00913  2.45421  3.1103  0.00714908  
0.0274345  0.992606  4.47138  4.63671  2.00913  2.45421  0.291936  2.45917  
0.94733  0.0626405  4.47138  4.63671  2.00913  2.45421  2.71927  0.123513  
0.247412  0.773343  4.47138  4.63671  2.00913  2.45421  0.646366  2.51782  
0.990099  0.0190341  4.47138  4.63671  2.00913  2.45421  2.74346  1.41967e-12  
0.103523  0.914734  4.47138  4.63671  2.00913  2.45421  0.85458  0.425003  
0.0195292  0.998734  4.47138  4.63671  2.00913  2.45421  2.70231  0.0400594  
0.99844  0.0106926  4.47138  4.63671  2.00913  2.45421  0.636766  2.2042  
0.939529  0.0704419  4.47138  4.63671  2.00913  2.45421  2.00025  0.137084  
1.0037  0.00627031  4.47138  4.63671  2.00913  2.45421  0.630175  2.60902  
1.00268  0.00729106  4.47138  4.63671  2.00913  2.45421  2.86865e-11  2.72522  
0.971254  0.0387163  4.47138  4.63671  2.00913  2.45421  0.0151088  2.32375  
0.0296296  0.990411  4.47138  4.63671  2.00913  2.45421  1.06411  0.267606  
0.00369161  1.01457  4.47138  4.63671  2.00913  2.45421  0.000514029  3.03826  
0.99305  0.0169211  4.47138  4.63671  2.00913  2.45421  0.859802  1.8503  
0.0172939  1.0043  4.47138  4.63671  2.00913  2.45421  0.658705  1.40061  
0.919096  0.0908751  4.47138  4.63671  2.00913  2.45421  0.386999  1.76314  
0.829207  0.19604  4.47138  4.63671  2.00913  2.45421  0.000408912  2.41694  
1.00301  3.47431e-14  2.00301  2.05771  2.00301  2.05771  0.196664  0.805279  
0.216299  0.785547  2.00301  2.05771  2.00301  2.05771  0.30103  0.70118  
0.414386  0.588035  2.00301  2.05771  2.00301  2.05771  0.43168  0.570631  
0.103108  0.899281  2.00301  2.05771  2.00301  2.05771  0.278133  0.724067  
0.900759  0.101442  2.00301  2.05771  2.00301  2.05771  0.0861153  0.916238  
0.040556  0.961685  2.00301  2.05771  2.00301  2.05771  0.247453  0.754774  
0.483083  0.519483  2.00301  2.05771  2.00301  2.05771  0.866155  0.135567  
0.124562  0.877353  2.00301  2.05771  2.00301  2.05771  0.315699  0.686546  
0.144385  0.857558  2.00301  2.05771  2.00301  2.05771  0.216299  0.785547  
0.266583  0.735241  2.00301  2.05771  2.00301  2.05771  0.266583  0.735241  
0.285064  0.717628  2.00301  2.05771  2.00301  2.05771  0.495062  0.507301  
0.208807  0.79367  2.00301  2.05771  2.00301  2.05771  0.0440597  0.958203  
0.240182  0.762073  2.00301  2.05771  2.00301  2.05771  0.253694  0.74813  
0.399601  0.602612  2.00301  2.05771  2.00301  2.05771  0.167643  0.8343  
0.259617  0.742207  2.00301  2.05771  2.00301  2.05771  0.94272  0.0598268  
0.221306  0.780703  2.00301  2.05771  2.00301  2.05771  0.934954  0.0672189  
0.157564  0.844765  2.00301  2.05771  2.00301  2.05771  0.33427  0.669128  
0.94272  0.0598268  2.00301  2.05771  2.00301  2.05771  0.325301  0.676968  
0.495062  0.507301  2.00301  2.05771  2.00301  2.05771  0.127291  0.874764  
0.488904  0.513541  2.00301  2.05771  2.00301  2.05771  0.92239  0.079972  
0.422113  0.579999  2.00301  2.05771  2.00301  2.05771  0.405212  0.597  
0.177035  0.824908  2.00301  2.05771  2.00301  2.05771  0.0564289  0.945792  
0.163671  0.838532  2.00301  2.05771  2.00301  2.05771  0.916783  0.0854188  
0.320184  0.682189  2.00301  2.05771  2.00301  2.05771  0.83399  0.168316  
0.0324859  0.969775  2.00301  2.05771  2.00301  2.05771  0.259617  0.742207  
0.381944  0.620175  2.00301  2.05771  2.00301  2.05771  0.340356  0.662521  
0.0635103  0.938625  2.00301  2.05771  2.00301  2.05771  0.0793937  0.923018  
0.892875  0.109327  2.00301  2.05771  2.00301  2.05771  0.862169  0.139587  
0.677254  0.336814  2.00301  2.05771  2.00301  2.05771  0.821852  0.180749  
0.501488  0.501533  2.00301  2.05771  2.00301  2.05771  0.897562  0.104611  
0.440218  0.562315  2.00301  2.05771  2.00301  2.05771  0.203324  0.79854  
0.46771  0.534927  2.00301  2.05771  2.00301  2.05771  0.0982538  0.903967  
0.183203  0.818859  2.00301  2.05771  2.00301  2.05771  0.0727578  0.929595  
0.0474414  0.954947  2.00301  2.05771  2.00301  2.05771  0.46771  0.534927  
0.0554749  0.946758  2.00301  2.05771  2.00301  2.05771  0.488904  0.513541  
0.0090358  0.993017  2.00301  2.05771  2.00301  2.05771  0.450929  0.551571  
0.950332  0.051524  2.00301  2.05771  2.00301  2.05771  0.438176  0.563936  
0.433878  0.568433  2.00301  2.05771  2.00301  2.05771  0.871476  0.13022  
0.192399  0.809683  2.00301  2.05771  2.00301  2.05771  0.838485  0.163656  
0.969014  0.0331882  2.00301  2.05771  2.00301  2.05771  0.389026  0.614129  
0.0166798  0.985538  2.00301  2.05771  2.00301  2.05771  0.229644  0.772473  
0.232134  0.770373  2.00301  2.05771  2.00301  2.05771  0.422113  0.579999  
0.314017  0.688521  2.00301  2.05771  2.00301  2.05771  0.828944  0.173208  
0.170727  0.831902  2.00301  2.05771  2.00301  2.05771  0.911451  0.0910687  
0.337486  0.66502  2.00301  2.05771  2.00301  2.05771  0.108215  0.894046  
0.136244  0.865777  2.00301  2.05771  2.00301  2.05771  0.482339  0.520489  
0.0945837  0.907366  2.00301  2.05771  2.00301  2.05771  0.177035  0.824908  
0.886792  0.115479  2.00301  2.05771  2.00301  2.05771  0.90302  0.0992184  
0.96398  0.0387093  2.00301  2.05771  2.00301  2.05771  0.153404  0.849043  
0.909163  0.0930391  2.00301  2.05771  2.00301  2.05771  0.414386  0.588035  
0.980968  0.0208755  2.00301  2.05771  2.00301  2.05771  0.444416  0.558459  
0.28984  0.712853  2.00301  2.05771  2.00301  2.05771  0.84703  0.155172  
0.803618  0.198614  2.00301  2.05771  2.00301  2.05771  0.0664111  0.935977  
0.9577  0.0442468  2.00301  2.05771  2.00301  2.05771  0.0924791  0.909741  
0.116921  0.88507  2.00301  2.05771  2.00301  2.05771  0.309856  0.692516  
0.0246398  0.977748  2.00301  2.05771  2.00301  2.05771  0.996965  0.0148679  
0.823901  0.178241  2.00301  2.05771  2.00301  2.05771  0.950332  0.051524  
0.916783  0.0854188  2.00301  2.05771  2.00301  2.05771  0.36678  0.635918  
0.35971  0.642662  2.00301  2.05771  2.00301  2.05771  2.14712e-10  1.00199  
0.374044  0.628693  2.00301  2.05771  2.00301  2.05771  0.0354463  0.966556  
0.42708  0.575486  2.00301  2.05771  2.00301  2.05771  0.980968  0.0208755  
0.84703  0.155172  2.00301  2.05771  2.00301  2.05771  0.35971  0.642662  
0.976201  0.0260649  2.00301  2.05771  2.00301  2.05771  0.295311  0.707061  
0.449043  0.553185  2.00301  2.05771  2.00301  2.05771  0.236488  0.765376  
0.802639  0.278033  2.00301  2.05771  2.00301  2.05771  0.208807  0.79367  
0.83399  0.168316  2.00301  2.05771  2.00301  2.05771  1.00301  3.47431e-14  
0.871476  0.13022  2.00301  2.05771  2.00301  2.05771  0.378038  0.623885  
0.325301  0.676968  2.00301  2.05771  2.00301  2.05771  0.188073  0.813774  
0.227148  0.774716  2.00301  2.05771  2.00301  2.05771  0.352435  0.650644  
0.128436  0.873513  2.00301  2.05771  2.00301  2.05771  0.879914  0.122335  
0.332357  0.66967  2.00301  2.05771  2.00301  2.05771  0.183203  0.818859  
0.934954  0.0672189  2.00301  2.05771  2.00301  2.05771  0.344567  0.657395  
0.306793  0.695408  2.00301  2.05771  2.00301  2.05771  0.394762  0.607499  
0.855826  0.146376  2.00301  2.05771  2.00301  2.05771  0.855826  0.146376  
0.344567  0.657395  2.00301  2.05771  2.00301  2.05771  0.136244  0.865777  
0.150935  0.851694  2.00301  2.05771  2.00301  2.05771  0.0166798  0.985538  
0.998524  0.0054156  2.00301  2.05771  2.00301  2.05771  0.0234731  0.978887  
0.391925  0.610265  2.00301  2.05771  2.00301  2.05771  0.119937  0.88271  
0.367856  0.634234  2.00301  2.05771  2.00301  2.05771  0.816386  0.187274  
0.0861153  0.916238  2.00301  2.05771  2.00301  2.05771  0.677254  0.336814  
0.405212  0.597  2.00301  2.05771  2.00301  2.05771  0.221306  0.780703  
0.202537  0.799545  2.00301  2.05771  2.00301  2.05771  0.161055  0.840977  
0.862169  0.139587  2.00301  2.05771  2.00301  2.05771  0.144385  0.857558  
0.278133  0.724067  2.00301  2.05771  2.00301  2.05771  0.969014  0.0331882  
0.0727578  0.929595  2.00301  2.05771  2.00301  2.05771  0.477839  0.524525  
0.841937  0.160309  2.00301  2.05771  2.00301  2.05771  0.112589  0.889631  
0.273616  0.728498  2.00301  2.05771  2.00301  2.05771  0.320328  0.682044  
0.477839  0.524525  2.00301  2.05771  2.00301  2.05771  0.050748  0.951675  
0.986559  0.0156832  2.00301  2.05771  2.00301  2.05771  0.501488  0.501533  
0.109927  0.892144  2.00301  2.05771  2.00301  2.05771  0.803618  0.198614  
0.0793937  0.923018  2.00301  2.05771  2.00301  2.05771  0.103108  0.899281  
0.816386  0.187274  2.00301  2.05771  2.00301  2.05771  0.399601  0.602612  
0.297096  0.705104  2.00301  2.05771  2.00301  2.05771  0.273616  0.728498  
0.87903  0.123172  2.00301  2.05771  2.00301  2.05771  0.0090358  0.993017  
0.250141  0.752106  2.00301  2.05771  2.00301  2.05771  0.9577  0.0442468  
0.924738  0.0779373  2.00301  2.05771  2.00301  2.05771  0.0296715  0.972326  
0.351754  0.651106  2.00301  2.05771  2.00301  2.05771  0.886792  0.115479  
2.14712e-10  1.00199  2.00301  2.05771  2.00301  2.05771  0.242618  0.759703  
0.457624  0.544739  2.00301  2.05771  2.00301  2.05771  0.459737  0.542703  
0.810321  0.191881  2.00301  2.05771  2.00301  2.05771  0.287597  0.714663  
1  5.88418e-15  2  2  2  2  0.193268  0.806733  
0.214726  0.785275  2  2  2  2  0.299862  0.700138  
0.414252  0.585748  2  2  2  2  0.428313  0.571687  
0.106139  0.893864  2  2  2  2  0.28547  0.71453  
0.898532  0.101469  2  2  2  2  0.0857643  0.914236  
0.0432202  0.95678  2  2  2  2  0.992619  0.00738176  
0.47871  0.521291  2  2  2  2  0.366544  0.633456  
0.119656  0.880344  2  2  2  2  0.314553  0.685448  
0.139554  0.860448  2  2  2  2  0.214379  0.785622  
0.267326  0.732675  2  2  2  2  0.264314  0.735686  
0.282611  0.717395  2  2  2  2  0.492918  0.507083  
0.20753  0.792471  2  2  2  2  0.0432202  0.95678  
0.193268  0.806733  2  2  2  2  0.249951  0.75005  
0.400861  0.599139  2  2  2  2  0.164656  0.835344  
0.259758  0.740243  2  2  2  2  0.941838  0.0581622  
0.221954  0.778051  2  2  2  2  0.93467  0.0653312  
0.152757  0.847245  2  2  2  2  0.329621  0.670379  
0.941838  0.0581623  2  2  2  2  0.322022  0.677978  
0.492918  0.507083  2  2  2  2  0.128443  0.871558  
0.48583  0.514171  2  2  2  2  0.920385  0.0796154  
0.421301  0.5787  2  2  2  2  0.407475  0.592526  
0.17277  0.827231  2  2  2  2  0.0576555  0.942345  
0.159453  0.840547  2  2  2  2  0.913085  0.0869151  
0.132932  0.867069  2  2  2  2  0.380676  0.619325  
0.028686  0.971315  2  2  2  2  0.257154  0.742846  
0.380676  0.619325  2  2  2  2  0.337148  0.662852  
0.0647949  0.935206  2  2  2  2  0.0788498  0.921151  
0.891128  0.108872  2  2  2  2  0.861109  0.138892  
0.676475  0.336427  2  2  2  2  0.822492  0.177508  
0.499955  0.500045  2  2  2  2  0.898532  0.101469  
0.442569  0.557431  2  2  2  2  0.200306  0.799695  
0.464193  0.535807  2  2  2  2  0.0997754  0.900225  
0.179603  0.820398  2  2  2  2  0.0718758  0.928125  
0.0504984  0.949502  2  2  2  2  0.464193  0.535807  
0.0576555  0.942345  2  2  2  2  0.485829  0.514171  
0.0071243  0.992876  2  2  2  2  0.449757  0.550244  
0.948852  0.051149  2  2  2  2  0.435374  0.564626  
0.435374  0.564626  2  2  2  2  0.868521  0.131479  
0.186286  0.813715  2  2  2  2  0.837849  0.162151  
0.970479  0.0295213  2  2  2  2  0.387417  0.612583  
0.0142576  0.985743  2  2  2  2  0.228595  0.771405  
0.236877  0.763123  2  2  2  2  0.421301  0.5787  
0.314309  0.685692  2  2  2  2  0.83016  0.169841  
0.166005  0.833996  2  2  2  2  0.905914  0.0940862  
0.337148  0.662852  2  2  2  2  0.927534  0.0724659  
0.0359532  0.964047  2  2  2  2  0.47871  0.521291  
0.0993777  0.900623  2  2  2  2  0.171879  0.828121  
0.883587  0.116413  2  2  2  2  0.278393  0.721607  
0.963268  0.0367321  2  2  2  2  0.150202  0.849799  
0.905914  0.0940862  2  2  2  2  0.414252  0.585748  
0.244537  0.755463  2  2  2  2  0.442569  0.557431  
0.290495  0.709506  2  2  2  2  0.845632  0.154369  
0.800054  0.199946  2  2  2  2  0.0647949  0.935206  
0.956024  0.043977  2  2  2  2  0.092851  0.90715  
0.456948  0.543052  2  2  2  2  0.307203  0.692797  
0.0215334  0.978468  2  2  2  2  0.985253  0.0147475  
0.822492  0.177508  2  2  2  2  0.948852  0.051149  
0.913086  0.0869151  2  2  2  2  0.394147  0.605854  
0.359311  0.64069  2  2  2  2  1.14742e-11  1  
0.373695  0.626306  2  2  2  2  0.0359532  0.964047  
0.428313  0.571687  2  2  2  2  0.97783  0.0221703  
0.845632  0.154369  2  2  2  2  0.359311  0.64069  
0.97783  0.0221703  2  2  2  2  0.891128  0.108872  
0.449757  0.550244  2  2  2  2  0.235716  0.764285  
0.0925719  0.907429  2  2  2  2  0.207335  0.792666  
0.83016  0.169841  2  2  2  2  1  5.88418e-15  
0.868521  0.131479  2  2  2  2  0.373695  0.626306  
0.322022  0.677978  2  2  2  2  0.186137  0.813863  
0.229409  0.770592  2  2  2  2  0.352169  0.647831  
0.126417  0.873584  2  2  2  2  0.876044  0.123956  
0.329621  0.670379  2  2  2  2  0.179054  0.820946  
0.93467  0.0653312  2  2  2  2  0.344716  0.655285  
0.306444  0.693559  2  2  2  2  0.963268  0.0367321  
0.853433  0.146568  2  2  2  2  0.853433  0.146568  
0.344716  0.655285  2  2  2  2  0.135716  0.864284  
0.146228  0.853773  2  2  2  2  0.0142576  0.985743  
0.992619  0.00738176  2  2  2  2  0.0215334  0.978467  
0.387417  0.612583  2  2  2  2  0.121226  0.878774  
0.366544  0.633456  2  2  2  2  0.815034  0.184967  
0.0857643  0.914236  2  2  2  2  0.676475  0.336427  
0.407475  0.592526  2  2  2  2  0.221509  0.778491  
0.200432  0.799569  2  2  2  2  0.157401  0.842599  
0.861109  0.138892  2  2  2  2  0.142979  0.857021  
0.471511  0.52849  2  2  2  2  0.970479  0.0295213  
0.0718758  0.928125  2  2  2  2  0.807571  0.19243  
0.837849  0.162151  2  2  2  2  0.114028  0.885972  
0.274947  0.725053  2  2  2  2  0.471511  0.52849  
0.927534  0.0724659  2  2  2  2  0.0504984  0.949502  
0.985253  0.0147475  2  2  2  2  0.499955  0.500045  
0.112969  0.887032  2  2  2  2  0.800054  0.199946  
0.0788498  0.921151  2  2  2  2  0.106856  0.893144  
0.815034  0.184967  2  2  2  2  0.400861  0.599139  
0.298462  0.701539  2  2  2  2  0.271367  0.728634  
0.876044  0.123956  2  2  2  2  0.0071243  0.992876  
0.252029  0.747972  2  2  2  2  0.956024  0.043977  
0.920385  0.0796154  2  2  2  2  0.028686  0.971315  
0.352169  0.647831  2  2  2  2  0.883587  0.116413  
1.14742e-11  1  2  2  2  2  0.242872  0.757128  
0.394147  0.605854  2  2  2  2  0.456948  0.543052  
0.807571  0.19243  2  2  2  2  0.292599  0.707401  
1  3.88578e-15  2  2  2  2  0.193194  0.806806  
0.214948  0.785052  2  2  2  2  0.300047  0.699953  
0.414521  0.585479  2  2  2  2  0.428364  0.571636  
0.106155  0.893845  2  2  2  2  0.285685  0.714315  
0.898425  0.101575  2  2  2  2  0.0858185  0.914182  
0.0431921  0.956808  2  2  2  2  0.992618  0.00738175  
0.478622  0.521378  2  2  2  2  0.366226  0.633774  
0.119636  0.880364  2  2  2  2  0.314764  0.685236  
0.139619  0.860381  2  2  2  2  0.214444  0.785556  
0.267495  0.732505  2  2  2  2  0.264314  0.735686  
0.28293  0.71707  2  2  2  2  0.492843  0.507157  
0.207716  0.792284  2  2  2  2  0.0431921  0.956808  
0.19364  0.80636  2  2  2  2  0.25007  0.74993  
0.400921  0.599079  2  2  2  2  0.164561  0.835439  
0.259795  0.740205  2  2  2  2  0.94176  0.0582398  
0.222237  0.777763  2  2  2  2  0.934669  0.0653311  
0.152855  0.847145  2  2  2  2  0.329686  0.670314  
0.94176  0.0582398  2  2  2  2  0.322206  0.677794  
0.492843  0.507157  2  2  2  2  0.128442  0.871558  
0.485777  0.514223  2  2  2  2  0.920311  0.0796886  
0.421413  0.578587  2  2  2  2  0.407729  0.592271  
0.17299  0.82701  2  2  2  2  0.0575661  0.942434  
0.159493  0.840507  2  2  2  2  0.91304  0.0869603  
0.132984  0.867016  2  2  2  2  0.380459  0.619541  
0.0287149  0.971285  2  2  2  2  0.257216  0.742784  
0.380459  0.619541  2  2  2  2  0.337115  0.662885  
0.0646827  0.935317  2  2  2  2  0.0787856  0.921214  
0.890996  0.109004  2  2  2  2  0.860916  0.139084  
0.676475  0.336427  2  2  2  2  0.822744  0.177256  
0.499955  0.500045  2  2  2  2  0.898425  0.101575  
0.442569  0.557431  2  2  2  2  0.200306  0.799694  
0.464216  0.535784  2  2  2  2  0.0998457  0.900154  
0.179775  0.820225  2  2  2  2  0.071744  0.928256  
0.050425  0.949575  2  2  2  2  0.464193  0.535807  
0.0575661  0.942434  2  2  2  2  0.485777  0.514223  
0.00719414  0.992806  2  2  2  2  0.449756  0.550244  
0.948909  0.0510914  2  2  2  2  0.435374  0.564626  
0.435374  0.564626  2  2  2  2  0.868479  0.131521  
0.186639  0.813361  2  2  2  2  0.837956  0.162044  
0.970638  0.029362  2  2  2  2  0.387304  0.612696  
0.014372  0.985628  2  2  2  2  0.228595  0.771405  
0.237015  0.762985  2  2  2  2  0.421413  0.578587  
0.313991  0.686009  2  2  2  2  0.830367  0.169633  
0.16623  0.83377  2  2  2  2  0.905734  0.0942656  
0.337069  0.662931  2  2  2  2  0.927472  0.0725282  
0.0359531  0.964047  2  2  2  2  0.478622  0.521378  
0.0993011  0.900699  2  2  2  2  0.171761  0.828239  
0.883587  0.116413  2  2  2  2  0.278498  0.721502  
0.963297  0.0367028  2  2  2  2  0.150201  0.849799  
0.905734  0.0942656  2  2  2  2  0.414521  0.585479  
0.244605  0.755395  2  2  2  2  0.442569  0.557431  
0.29069  0.709311  2  2  2  2  0.845631  0.154369  
0.80004  0.19996  2  2  2  2  0.0646827  0.935317  
0.956093  0.0439068  2  2  2  2  0.092851  0.907149  
0.456994  0.543006  2  2  2  2  0.307326  0.692674  
0.0215231  0.978477  2  2  2  2  0.985305  0.0146946  
0.822744  0.177256  2  2  2  2  0.948909  0.0510914  
0.91304  0.0869603  2  2  2  2  0.394147  0.605853  
0.359045  0.640955  2  2  2  2  7.18217e-13  1  
0.37342  0.62658  2  2  2  2  0.0359531  0.964047  
0.428364  0.571636  2  2  2  2  0.977981  0.0220194  
0.845631  0.154369  2  2  2  2  0.359045  0.640955  
0.977981  0.0220194  2  2  2  2  0.890996  0.109004  
0.449756  0.550244  2  2  2  2  0.235716  0.764284  
0.0925144  0.907486  2  2  2  2  0.207345  0.792655  
0.830367  0.169633  2  2  2  2  1  3.33067e-16  
0.868488  0.131512  2  2  2  2  0.37342  0.62658  
0.321621  0.678379  2  2  2  2  0.186114  0.813886  
0.229573  0.770427  2  2  2  2  0.351898  0.648102  
0.126338  0.873662  2  2  2  2  0.876044  0.123956  
0.329361  0.670639  2  2  2  2  0.178965  0.821035  
0.934669  0.0653311  2  2  2  2  0.344522  0.655478  
0.306206  0.693794  2  2  2  2  0.963297  0.0367028  
0.853312  0.146688  2  2  2  2  0.853312  0.146688  
0.344522  0.655478  2  2  2  2  0.135716  0.864284  
0.146239  0.853761  2  2  2  2  0.0143606  0.985639  
0.992618  0.00738175  2  2  2  2  0.0215334  0.978467  
0.387304  0.612696  2  2  2  2  0.121226  0.878774  
0.366226  0.633774  2  2  2  2  0.815135  0.184865  
0.0856662  0.914334  2  2  2  2  0.676475  0.336427  
0.407729  0.592271  2  2  2  2  0.221509  0.778491  
0.20058  0.79942  2  2  2  2  0.157401  0.842599  
0.860916  0.139084  2  2  2  2  0.14297  0.85703  
0.471465  0.528535  2  2  2  2  0.970627  0.0293727  
0.0717077  0.928292  2  2  2  2  0.80757  0.19243  
0.837956  0.162044  2  2  2  2  0.114077  0.885923  
0.275178  0.724822  2  2  2  2  0.471465  0.528535  
0.927472  0.0725282  2  2  2  2  0.050425  0.949575  
0.985305  0.0146946  2  2  2  2  0.499955  0.500045  
0.112915  0.887085  2  2  2  2  0.80004  0.19996  
0.0787416  0.921258  2  2  2  2  0.106964  0.893036  
0.815135  0.184865  2  2  2  2  0.400921  0.599079  
0.298416  0.701584  2  2  2  2  0.271387  0.728613  
0.876044  0.123956  2  2  2  2  0.00719414  0.992806  
0.252157  0.747843  2  2  2  2  0.956093  0.0439068  
0.920311  0.0796886  2  2  2  2  0.0287149  0.971285  
0.351898  0.648102  2  2  2  2  0.883587  0.116413  
7.83054e-13  1  2  2  2  2  0.242872  0.757128  
0.394147  0.605853  2  2  2  2  0.456948  0.543052  
0.80757  0.19243  2  2  2  2  0.29288  0.70712  
1  3.88578e-15  2  2  2  2  0.193194  0.806806  
0.215135  0.784865  2  2  2  2  0.300159  0.699841  
0.414583  0.585417  2  2  2  2  0.42849  0.57151  
0.106074  0.893926  2  2  2  2  0.285692  0.714308  
0.89832  0.10168  2  2  2  2  0.0858185  0.914182  
0.0431921  0.956808  2  2  2  2  0.992634  0.00736619  
0.478548  0.521452  2  2  2  2  0.366099  0.633901  
0.119603  0.880397  2  2  2  2  0.314828  0.685172  
0.139619  0.860381  2  2  2  2  0.214444  0.785556  
0.267495  0.732505  2  2  2  2  0.264314  0.735686  
0.282938  0.717062  2  2  2  2  0.492843  0.507157  
0.207995  0.792005  2  2  2  2  0.0431921  0.956808  
0.19372  0.80628  2  2  2  2  0.250063  0.749937  
0.400921  0.599079  2  2  2  2  0.164561  0.835439  
0.259819  0.740181  2  2  2  2  0.94176  0.0582398  
0.222346  0.777654  2  2  2  2  0.934649  0.0653506  
0.152855  0.847145  2  2  2  2  0.32966  0.67034  
0.94176  0.0582398  2  2  2  2  0.322232  0.677768  
0.492843  0.507157  2  2  2  2  0.128508  0.871492  
0.485701  0.514299  2  2  2  2  0.920256  0.0797439  
0.421439  0.578561  2  2  2  2  0.407748  0.592252  
0.17299  0.82701  2  2  2  2  0.0575661  0.942434  
0.159547  0.840453  2  2  2  2  0.913002  0.0869981  
0.132984  0.867016  2  2  2  2  0.38029  0.61971  
0.0287313  0.971269  2  2  2  2  0.2572  0.7428  
0.38029  0.61971  2  2  2  2  0.337016  0.662984  
0.0645079  0.935492  2  2  2  2  0.0787856  0.921214  
0.8909  0.1091  2  2  2  2  0.860894  0.139106  
0.675848  0.336115  2  2  2  2  0.822744  0.177256  
0.499959  0.500041  2  2  2  2  0.89832  0.10168  
0.442678  0.557322  2  2  2  2  0.200306  0.799694  
0.464216  0.535784  2  2  2  2  0.0998827  0.900117  
0.179783  0.820217  2  2  2  2  0.071744  0.928256  
0.050425  0.949575  2  2  2  2  0.464123  0.535877  
0.0574676  0.942532  2  2  2  2  0.485701  0.514299  
0.00719414  0.992806  2  2  2  2  0.449851  0.550149  
0.948909  0.0510914  2  2  2  2  0.435549  0.564451  
0.435549  0.564451  2  2  2  2  0.868479  0.131521  
0.186759  0.813241  2  2  2  2  0.837988  0.162012  
0.970653  0.0293472  2  2  2  2  0.387204  0.612796  
0.014372  0.985628  2  2  2  2  0.228595  0.771405  
0.237098  0.762902  2  2  2  2  0.421439  0.578561  
0.313797  0.686203  2  2  2  2  0.830367  0.169633  
0.16623  0.83377  2  2  2  2  0.90569  0.0943099  
0.3366  0.6634  2  2  2  2  0.927476  0.0725237  
0.0359715  0.964029  2  2  2  2  0.478548  0.521452  
0.0993011  0.900699  2  2  2  2  0.171761  0.828239  
0.883477  0.116523  2  2  2  2  0.278539  0.721461  
0.963363  0.0366374  2  2  2  2  0.15018  0.84982  
0.90569  0.0943099  2  2  2  2  0.414583  0.585417  
0.244636  0.755364  2  2  2  2  0.442678  0.557322  
0.29069  0.709311  2  2  2  2  0.845631  0.154369  
0.800004  0.199996  2  2  2  2  0.0646827  0.935317  
0.956144  0.0438556  2  2  2  2  0.0928429  0.907157  
0.457032  0.542968  2  2  2  2  0.307494  0.692506  
0.0215231  0.978477  2  2  2  2  0.985305  0.0146946  
0.822744  0.177256  2  2  2  2  0.948909  0.0510914  
0.913002  0.0869981  2  2  2  2  0.394089  0.605911  
0.358823  0.641177  2  2  2  2  7.18217e-13  1  
0.373245  0.626755  2  2  2  2  0.0359531  0.964047  
0.42849  0.57151  2  2  2  2  0.977981  0.0220194  
0.845631  0.154369  2  2  2  2  0.358914  0.641086  
0.977981  0.0220194  2  2  2  2  0.8909  0.1091  
0.449851  0.550149  2  2  2  2  0.235716  0.764284  
0.0924675  0.907533  2  2  2  2  0.207381  0.792619  
0.830367  0.169633  2  2  2  2  1  3.33067e-16  
0.868479  0.131521  2  2  2  2  0.373245  0.626755  
0.32143  0.67857  2  2  2  2  0.186082  0.813918  
0.229721  0.770279  2  2  2  2  0.351624  0.648376  
0.126281  0.873719  2  2  2  2  0.875947  0.124053  
0.329075  0.670925  2  2  2  2  0.178919  0.821081  
0.934591  0.0654085  2  2  2  2  0.344265  0.655735  
0.306145  0.693855  2  2  2  2  0.963363  0.0366374  
0.853236  0.146764  2  2  2  2  0.853236  0.146764  
0.344159  0.655841  2  2  2  2  0.135716  0.864284  
0.146239  0.853761  2  2  2  2  0.0143606  0.985639  
0.992634  0.00736619  2  2  2  2  0.0215334  0.978467  
0.387204  0.612796  2  2  2  2  0.12129  0.87871  
0.366062  0.633938  2  2  2  2  0.815135  0.184865  
0.0855474  0.914453  2  2  2  2  0.675848  0.336115  
0.407748  0.592252  2  2  2  2  0.221509  0.778491  
0.20091  0.79909  2  2  2  2  0.157365  0.842635  
0.860894  0.139106  2  2  2  2  0.14297  0.85703  
0.471413  0.528587  2  2  2  2  0.970653  0.0293472  
0.0715722  0.928428  2  2  2  2  0.80757  0.19243  
0.837988  0.162012  2  2  2  2  0.114099  0.885901  
0.275199  0.724801  2  2  2  2  0.47135  0.52865  
0.92744  0.0725598  2  2  2  2  0.050425  0.949575  
0.985305  0.0146946  2  2  2  2  0.499959  0.500041  
0.11281  0.88719  2  2  2  2  0.800004  0.199996  
0.0785838  0.921416  2  2  2  2  0.106964  0.893036  
0.815135  0.184865  2  2  2  2  0.400921  0.599079  
0.29841  0.70159  2  2  2  2  0.2714  0.7286  
0.875947  0.124053  2  2  2  2  0.00719414  0.992806  
0.252161  0.747839  2  2  2  2  0.956144  0.0438556  
0.920256  0.0797439  2  2  2  2  0.0287313  0.971269  
0.35152  0.64848  2  2  2  2  0.883477  0.116523  
7.83054e-13  1  2  2  2  2  0.242872  0.757128  
0.394089  0.605911  2  2  2  2  0.457014  0.542986  
0.80757  0.19243  2  2  2  2  0.29288  0.70712  
1  3.88578e-15  2  2  2  2  0.193194  0.806806  
0.215256  0.784744  2  2  2  2  0.300205  0.699795  
0.414692  0.585308  2  2  2  2  0.428633  0.571367  
0.106019  0.893981  2  2  2  2  0.285751  0.714249  
0.89832  0.10168  2  2  2  2  0.0858185  0.914182  
0.0431468  0.956853  2  2  2  2  0.992634  0.00736619  
0.478548  0.521452  2  2  2  2  0.365895  0.634105  
0.119516  0.880484  2  2  2  2  0.314828  0.685172  
0.139563  0.860437  2  2  2  2  0.214444  0.785556  
0.267528  0.732472  2  2  2  2  0.264314  0.735686  
0.282948  0.717052  2  2  2  2  0.492843  0.507157  
0.208117  0.791883  2  2  2  2  0.0431921  0.956808  
0.194114  0.805886  2  2  2  2  0.250063  0.749937  
0.400831  0.599169  2  2  2  2  0.164561  0.835439  
0.259819  0.740181  2  2  2  2  0.94176  0.0582398  
0.222493  0.777507  2  2  2  2  0.934611  0.0653888  
0.152912  0.847088  2  2  2  2  0.329612  0.670388  
0.94176  0.0582398  2  2  2  2  0.322214  0.677786  
0.492843  0.507157  2  2  2  2  0.128508  0.871492  
0.485701  0.514299  2  2  2  2  0.920252  0.0797483  
0.421642  0.578358  2  2  2  2  0.407748  0.592252  
0.17321  0.82679  2  2  2  2  0.0575661  0.942434  
0.159681  0.840319  2  2  2  2  0.912989  0.087011  
0.132926  0.867074  2  2  2  2  0.380111  0.619889  
0.0287313  0.971269  2  2  2  2  0.2572  0.7428  
0.380034  0.619966  2  2  2  2  0.337016  0.662984  
0.0644908  0.935509  2  2  2  2  0.0787856  0.921214  
0.89089  0.10911  2  2  2  2  0.860837  0.139163  
0.674594  0.335491  2  2  2  2  0.822758  0.177242  
0.499959  0.500041  2  2  2  2  0.89832  0.10168  
0.442713  0.557287  2  2  2  2  0.200306  0.799694  
0.464216  0.535784  2  2  2  2  0.099896  0.900104  
0.180067  0.819933  2  2  2  2  0.071738  0.928262  
0.0503167  0.949683  2  2  2  2  0.464184  0.535816  
0.0574379  0.942562  2  2  2  2  0.485701  0.514299  
0.00719414  0.992806  2  2  2  2  0.449851  0.550149  
0.948955  0.0510454  2  2  2  2  0.435681  0.564319  
0.435681  0.564319  2  2  2  2  0.868405  0.131595  
0.187045  0.812955  2  2  2  2  0.837988  0.162012  
0.97067  0.0293305  2  2  2  2  0.387091  0.612909  
0.014372  0.985628  2  2  2  2  0.228595  0.771405  
0.237325  0.762675  2  2  2  2  0.421642  0.578358  
0.313679  0.686321  2  2  2  2  0.830367  0.169633  
0.166392  0.833608  2  2  2  2  0.90569  0.0943099  
0.336385  0.663615  2  2  2  2  0.927428  0.072572  
0.0359715  0.964029  2  2  2  2  0.478516  0.521484  
0.099263  0.900737  2  2  2  2  0.17176  0.82824  
0.883401  0.116599  2  2  2  2  0.278539  0.721461  
0.963393  0.036607  2  2  2  2  0.15018  0.84982  
0.90569  0.0943099  2  2  2  2  0.414692  0.585308  
0.244652  0.755348  2  2  2  2  0.442713  0.557287  
0.29069  0.709311  2  2  2  2  0.845631  0.154369  
0.800004  0.199996  2  2  2  2  0.0646701  0.93533  
0.956144  0.0438556  2  2  2  2  0.0928429  0.907157  
0.457032  0.542968  2  2  2  2  0.307528  0.692472  
0.0215369  0.978463  2  2  2  2  0.985305  0.0146946  
0.822758  0.177242  2  2  2  2  0.948955  0.0510454  
0.912938  0.0870616  2  2  2  2  0.393988  0.606012  
0.358602  0.641398  2  2  2  2  7.18217e-13  1  
0.372979  0.627021  2  2  2  2  0.0359531  0.964047  
0.428633  0.571367  2  2  2  2  0.977981  0.0220194  
0.845631  0.154369  2  2  2  2  0.358778  0.641222  
0.977981  0.0220194  2  2  2  2  0.89089  0.10911  
0.449851  0.550149  2  2  2  2  0.23572  0.76428  
0.092431  0.907569  2  2  2  2  0.20738  0.79262  
0.830367  0.169633  2  2  2  2  1  3.33067e-16  
0.868405  0.131595  2  2  2  2  0.373113  0.626887  
0.321329  0.678671  2  2  2  2  0.186082  0.813918  
0.229885  0.770115  2  2  2  2  0.351624  0.648376  
0.126195  0.873805  2  2  2  2  0.875907  0.124093  
0.328895  0.671105  2  2  2  2  0.178919  0.821081  
0.934591  0.0654085  2  2  2  2  0.344334  0.655666  
0.306132  0.693868  2  2  2  2  0.963393  0.036607  
0.853236  0.146764  2  2  2  2  0.853236  0.146764  
0.343871  0.656129  2  2  2  2  0.135716  0.864284  
0.146239  0.853761  2  2  2  2  0.0143606  0.985639  
0.992634  0.00736619  2  2  2  2  0.0215334  0.978467  
0.387007  0.612993  2  2  2  2  0.121327  0.878673  
0.365797  0.634203  2  2  2  2  0.815145  0.184855  
0.0855203  0.91448  2  2  2  2  0.674594  0.335491  
0.407748  0.592252  2  2  2  2  0.221509  0.778491  
0.2011  0.7989  2  2  2  2  0.157365  0.842635  
0.860837  0.139163  2  2  2  2  0.14297  0.85703  
0.471389  0.528611  2  2  2  2  0.97067  0.0293305  
0.0715137  0.928486  2  2  2  2  0.80757  0.19243  
0.837988  0.162012  2  2  2  2  0.114166  0.885834  
0.275225  0.724775  2  2  2  2  0.471352  0.528648  
0.927412  0.0725882  2  2  2  2  0.0503488  0.949651  
0.985305  0.0146946  2  2  2  2  0.499959  0.500041  
0.11281  0.88719  2  2  2  2  0.800004  0.199996  
0.0785366  0.921463  2  2  2  2  0.107  0.893  
0.815145  0.184855  2  2  2  2  0.400885  0.599115  
0.29841  0.70159  2  2  2  2  0.271441  0.728559  
0.875907  0.124093  2  2  2  2  0.00719414  0.992806  
0.252179  0.747821  2  2  2  2  0.956144  0.0438556  
0.920153  0.0798472  2  2  2  2  0.0287313  0.971269  
0.351355  0.648645  2  2  2  2  0.883401  0.116599  
7.83054e-13  1  2  2  2  2  0.242872  0.757128  
0.393909  0.606091  2  2  2  2  0.457014  0.542986  
0.80757  0.19243  2  2  2  2  0.292958  0.707042  
1  3.88578e-15  2  2  2  2  0.193194  0.806806  
0.21531  0.78469  2  2  2  2  0.300237  0.699763  
0.414692  0.585308  2  2  2  2  0.428677  0.571323  
0.105949  0.894051  2  2  2  2  0.285774  0.714226  
0.898242  0.101758  2  2  2  2  0.0858185  0.914182  
0.0431468  0.956853  2  2  2  2  0.992634  0.00736619  
0.478548  0.521452  2  2  2  2  0.365802  0.634198  
0.119516  0.880484  2  2  2  2  0.314828  0.685172  
0.139563  0.860437  2  2  2  2  0.214444  0.785556  
0.267528  0.732472  2  2  2  2  0.264314  0.735686  
0.282948  0.717052  2  2  2  2  0.492843  0.507157  
0.208182  0.791818  2  2  2  2  0.0431254  0.956875  
0.194209  0.805791  2  2  2  2  0.250063  0.749937  
0.400831  0.599169  2  2  2  2  0.164561  0.835439  
0.259981  0.740019  2  2  2  2  0.94176  0.0582398  
0.22269  0.77731  2  2  2  2  0.93459  0.0654101  
0.152912  0.847088  2  2  2  2  0.329612  0.670388  
0.94176  0.0582398  2  2  2  2  0.322214  0.677786  
0.492843  0.507157  2  2  2  2  0.128546  0.871454  
0.485701  0.514299  2  2  2  2  0.920196  0.0798041  
0.421642  0.578358  2  2  2  2  0.407791  0.592209  
0.173396  0.826604  2  2  2  2  0.0574477  0.942552  
0.159762  0.840238  2  2  2  2  0.912909  0.0870915  
0.132853  0.867147  2  2  2  2  0.379983  0.620017  
0.0287565  0.971243  2  2  2  2  0.2572  0.7428  
0.379894  0.620106  2  2  2  2  0.336962  0.663038  
0.0644908  0.935509  2  2  2  2  0.0787856  0.921214  
0.890821  0.109179  2  2  2  2  0.860827  0.139173  
0.674594  0.335491  2  2  2  2  0.822758  0.177242  
0.499969  0.500031  2  2  2  2  0.89825  0.10175  
0.442789  0.557211  2  2  2  2  0.200306  0.799694  
0.464216  0.535784  2  2  2  2  0.0999203  0.90008  
0.180306  0.819694  2  2  2  2  0.0716586  0.928341  
0.0503167  0.949683  2  2  2  2  0.464184  0.535816  
0.0574379  0.942562  2  2  2  2  0.485691  0.514309  
0.00719414  0.992806  2  2  2  2  0.449862  0.550138  
0.948955  0.0510454  2  2  2  2  0.435716  0.564284  
0.435716  0.564284  2  2  2  2  0.868363  0.131637  
0.187311  0.812689  2  2  2  2  0.837988  0.162012  
0.970729  0.0292708  2  2  2  2  0.386967  0.613033  
0.014372  0.985628  2  2  2  2  0.228595  0.771405  
0.23747  0.76253  2  2  2  2  0.421642  0.578358  
0.31372  0.68628  2  2  2  2  0.830367  0.169633  
0.166544  0.833456  2  2  2  2  0.905557  0.0944432  
0.336385  0.663615  2  2  2  2  0.927428  0.072572  
0.0359715  0.964029  2  2  2  2  0.478516  0.521484  
0.0991857  0.900814  2  2  2  2  0.17176  0.82824  
0.883401  0.116599  2  2  2  2  0.278568  0.721432  
0.963432  0.0365679  2  2  2  2  0.15018  0.84982  
0.905559  0.0944407  2  2  2  2  0.414692  0.585308  
0.244917  0.755083  2  2  2  2  0.442789  0.557211  
0.29069  0.709311  2  2  2  2  0.845631  0.154369  
0.800004  0.199996  2  2  2  2  0.0646032  0.935397  
0.956209  0.043791  2  2  2  2  0.0928539  0.907146  
0.457032  0.542968  2  2  2  2  0.307528  0.692472  
0.0215369  0.978463  2  2  2  2  0.985305  0.0146946  
0.822758  0.177242  2  2  2  2  0.948955  0.0510454  
0.912883  0.0871169  2  2  2  2  0.393929  0.606071  
0.358539  0.641461  2  2  2  2  7.18217e-13  1  
0.372811  0.627189  2  2  2  2  0.0359531  0.964047  
0.428677  0.571323  2  2  2  2  0.977981  0.0220194  
0.845631  0.154369  2  2  2  2  0.358667  0.641333  
0.977981  0.0220194  2  2  2  2  0.890821  0.109179  
0.449862  0.550138  2  2  2  2  0.23572  0.76428  
0.0923145  0.907685  2  2  2  2  0.20738  0.79262  
0.830367  0.169633  2  2  2  2  1  3.33067e-16  
0.868363  0.131637  2  2  2  2  0.37291  0.62709  
0.321329  0.678671  2  2  2  2  0.186082  0.813918  
0.230028  0.769972  2  2  2  2  0.351499  0.648501  
0.126195  0.873805  2  2  2  2  0.875907  0.124093  
0.328895  0.671105  2  2  2  2  0.178919  0.821081  
0.934577  0.0654233  2  2  2  2  0.344243  0.655757  
0.306072  0.693928  2  2  2  2  0.963432  0.0365679  
0.853236  0.146764  2  2  2  2  0.853236  0.146764  
0.343844  0.656156  2  2  2  2  0.135746  0.864254  
0.146239  0.853761  2  2  2  2  0.0143606  0.985639  
0.992634  0.00736619  2  2  2  2  0.021546  0.978454  
0.386919  0.613081  2  2  2  2  0.121359  0.878641  
0.365732  0.634268  2  2  2  2  0.815145  0.184855  
0.0854088  0.914591  2  2  2  2  0.674594  0.335491  
0.407748  0.592252  2  2  2  2  0.221509  0.778491  
0.201106  0.798894  2  2  2  2  0.157365  0.842635  
0.860827  0.139173  2  2  2  2  0.142969  0.857031  
0.471389  0.528611  2  2  2  2  0.970729  0.0292708  
0.0714876  0.928512  2  2  2  2  0.80757  0.19243  
0.837988  0.162012  2  2  2  2  0.11418  0.88582  
0.275225  0.724775  2  2  2  2  0.471352  0.528648  
0.927373  0.0726267  2  2  2  2  0.05027  0.94973  
0.985305  0.0146946  2  2  2  2  0.499969  0.500031  
0.112775  0.887225  2  2  2  2  0.800004  0.199996  
0.0784718  0.921528  2  2  2  2  0.107031  0.892969  
0.815145  0.184855  2  2  2  2  0.400885  0.599115  
0.29841  0.70159  2  2  2  2  0.271441  0.728559  
0.875907  0.124093  2  2  2  2  0.00719414  0.992806  
0.252435  0.747565  2  2  2  2  0.956209  0.043791  
0.920153  0.0798472  2  2  2  2  0.0287313  0.971269  
0.351266  0.648734  2  2  2  2  0.883401  0.116599  
7.83054e-13  1  2  2  2  2  0.242872  0.757128  
0.393909  0.606091  2  2  2  2  0.457014  0.542986  
0.80757  0.19243  2  2  2  2  0.292993  0.707007  
1  3.88578e-15  2  2  2  2  0.193194  0.806806  
0.215742  0.784258  2  2  2  2  0.300271  0.699729  
0.414692  0.585308  2  2  2  2  0.428677  0.571323  
0.105949  0.894051  2  2  2  2  0.285792  0.714208  
0.8982  0.1018  2  2  2  2  0.0858262  0.914174  
0.0431215  0.956878  2  2  2  2  0.992634  0.00736619  
0.478548  0.521452  2  2  2  2  0.365779  0.634221  
0.119454  0.880546  2  2  2  2  0.314903  0.685097  
0.139563  0.860437  2  2  2  2  0.214444  0.785556  
0.267627  0.732373  2  2  2  2  0.264314  0.735686  
0.282948  0.717052  2  2  2  2  0.492843  0.507157  
0.208538  0.791462  2  2  2  2  0.0430697  0.95693  
0.194229  0.805771  2  2  2  2  0.250013  0.749987  
0.400807  0.599193  2  2  2  2  0.164561  0.835439  
0.259981  0.740019  2  2  2  2  0.94176  0.0582398  
0.222881  0.777119  2  2  2  2  0.934574  0.0654257  
0.153038  0.846962  2  2  2  2  0.329567  0.670433  
0.94176  0.0582398  2  2  2  2  0.322214  0.677786  
0.492843  0.507157  2  2  2  2  0.128546  0.871454  
0.485701  0.514299  2  2  2  2  0.92013  0.0798696  
0.421675  0.578325  2  2  2  2  0.407791  0.592209  
0.173479  0.826521  2  2  2  2  0.0574477  0.942552  
0.159827  0.840173  2  2  2  2  0.912886  0.0871145  
0.132853  0.867147  2  2  2  2  0.379939  0.620061  
0.0287565  0.971243  2  2  2  2  0.257184  0.742816  
0.379809  0.620191  2  2  2  2  0.336908  0.663092  
0.0644908  0.935509  2  2  2  2  0.0787856  0.921214  
0.890762  0.109238  2  2  2  2  0.860783  0.139217  
0.673872  0.335132  2  2  2  2  0.822758  0.177242  
0.499969  0.500031  2  2  2  2  0.8982  0.1018  
0.442789  0.557211  2  2  2  2  0.200306  0.799694  
0.464216  0.535784  2  2  2  2  0.0999786  0.900021  
0.180384  0.819616  2  2  2  2  0.0716819  0.928318  
0.05027  0.94973  2  2  2  2  0.464184  0.535816  
0.0574307  0.942569  2  2  2  2  0.485691  0.514309  
0.00719414  0.992806  2  2  2  2  0.449902  0.550098  
0.948979  0.0510207  2  2  2  2  0.435716  0.564284  
0.435716  0.564284  2  2  2  2  0.868321  0.131679  
0.187311  0.812689  2  2  2  2  0.837991  0.162009  
0.970729  0.0292708  2  2  2  2  0.386967  0.613033  
0.0143704  0.98563  2  2  2  2  0.228624  0.771376  
0.237604  0.762396  2  2  2  2  0.421675  0.578325  
0.313692  0.686308  2  2  2  2  0.830367  0.169633  
0.16665  0.83335  2  2  2  2  0.905557  0.0944432  
0.336265  0.663735  2  2  2  2  0.927372  0.072628  
0.0359531  0.964047  2  2  2  2  0.478516  0.521484  
0.0991181  0.900882  2  2  2  2  0.171749  0.828251  
0.883354  0.116646  2  2  2  2  0.27858  0.72142  
0.963452  0.0365475  2  2  2  2  0.15018  0.84982  
0.905559  0.0944407  2  2  2  2  0.414718  0.585282  
0.245003  0.754997  2  2  2  2  0.442789  0.557211  
0.290651  0.709349  2  2  2  2  0.845631  0.154369  
0.800004  0.199996  2  2  2  2  0.0645514  0.935449  
0.956209  0.043791  2  2  2  2  0.0928859  0.907114  
0.457032  0.542968  2  2  2  2  0.307577  0.692423  
0.0215666  0.978433  2  2  2  2  0.985305  0.0146946  
0.822758  0.177242  2  2  2  2  0.948979  0.0510207  
0.912883  0.0871169  2  2  2  2  0.393929  0.606071  
0.358379  0.641621  2  2  2  2  7.18217e-13  1  
0.372796  0.627204  2  2  2  2  0.0359104  0.96409  
0.428677  0.571323  2  2  2  2  0.97802  0.0219798  
0.845631  0.154369  2  2  2  2  0.358649  0.641351  
0.97802  0.0219798  2  2  2  2  0.890762  0.109238  
0.449902  0.550098  2  2  2  2  0.235733  0.764267  
0.0922312  0.907769  2  2  2  2  0.20738  0.79262  
0.830367  0.169633  2  2  2  2  1  3.33067e-16  
0.868321  0.131679  2  2  2  2  0.372881  0.627119  
0.321268  0.678732  2  2  2  2  0.186053  0.813947  
0.230158  0.769842  2  2  2  2  0.351462  0.648538  
0.126195  0.873805  2  2  2  2  0.875831  0.124169  
0.328806  0.671194  2  2  2  2  0.178919  0.821081  
0.934577  0.0654233  2  2  2  2  0.344182  0.655818  
0.306037  0.693963  2  2  2  2  0.963452  0.0365475  
0.853187  0.146813  2  2  2  2  0.853187  0.146813  
0.343703  0.656297  2  2  2  2  0.135746  0.864254  
0.146278  0.853722  2  2  2  2  0.0143606  0.985639  
0.992634  0.00736619  2  2  2  2  0.021546  0.978454  
0.386867  0.613133  2  2  2  2  0.121359  0.878641  
0.36567  0.63433  2  2  2  2  0.815145  0.184855  
0.0854088  0.914591  2  2  2  2  0.673872  0.335132  
0.407748  0.592252  2  2  2  2  0.221509  0.778491  
0.201465  0.798535  2  2  2  2  0.157365  0.842635  
0.860783  0.139217  2  2  2  2  0.142969  0.857031  
0.471389  0.528611  2  2  2  2  0.970729  0.0292708  
0.0714876  0.928512  2  2  2  2  0.80757  0.19243  
0.837991  0.162009  2  2  2  2  0.11418  0.88582  
0.275268  0.724732  2  2  2  2  0.471352  0.528648  
0.927372  0.072628  2  2  2  2  0.05027  0.94973  
0.985305  0.0146946  2  2  2  2  0.499969  0.500031  
0.112703  0.887297  2  2  2  2  0.800004  0.199996  
0.0784359  0.921564  2  2  2  2  0.107063  0.892937  
0.815145  0.184855  2  2  2  2  0.400885  0.599115  
0.298358  0.701642  2  2  2  2  0.271441  0.728559  
0.875831  0.124169  2  2  2  2  0.00719414  0.992806  
0.252469  0.747531  2  2  2  2  0.956209  0.043791  
0.920119  0.0798813  2  2  2  2  0.0287313  0.971269  
0.351055  0.648945  2  2  2  2  0.883354  0.116646  
7.83054e-13  1  2  2  2  2  0.242872  0.757128  
0.393872  0.606128  2  2  2  2  0.457014  0.542986  
0.80757  0.19243  2  2  2  2  0.29301  0.70699  
1  3.88578e-15  2  2  2  2  0.193194  0.806806  
0.215765  0.784235  2  2  2  2  0.300271  0.699729  
0.414692  0.585308  2  2  2  2  0.428677  0.571323  
0.105886  0.894114  2  2  2  2  0.285792  0.714208  
0.898165  0.101835  2  2  2  2  0.0858262  0.914174  
0.0431215  0.956878  2  2  2  2  0.992651  0.00734853  
0.478548  0.521452  2  2  2  2  0.365607  0.634393  
0.119454  0.880546  2  2  2  2  0.314903  0.685097  
0.139563  0.860437  2  2  2  2  0.214444  0.785556  
0.267627  0.732373  2  2  2  2  0.264314  0.735686  
0.282948  0.717052  2  2  2  2  0.492843  0.507157  
0.208646  0.791354  2  2  2  2  0.0430697  0.95693  
0.194509  0.805491  2  2  2  2  0.250013  0.749987  
0.400807  0.599193  2  2  2  2  0.164561  0.835439  
0.260083  0.739917  2  2  2  2  0.94176  0.0582398  
0.223001  0.776999  2  2  2  2  0.934574  0.0654257  
0.153038  0.846962  2  2  2  2  0.329567  0.670433  
0.94176  0.0582398  2  2  2  2  0.322214  0.677786  
0.492843  0.507157  2  2  2  2  0.128571  0.871429  
0.485701  0.514299  2  2  2  2  0.92013  0.0798696  
0.421675  0.578325  2  2  2  2  0.407791  0.592209  
0.173527  0.826473  2  2  2  2  0.057403  0.942597  
0.159827  0.840173  2  2  2  2  0.912826  0.0871743  
0.132853  0.867147  2  2  2  2  0.379838  0.620162  
0.0287565  0.971243  2  2  2  2  0.257154  0.742846  
0.379745  0.620255  2  2  2  2  0.336867  0.663133  
0.0644107  0.935589  2  2  2  2  0.0787504  0.92125  
0.890713  0.109287  2  2  2  2  0.860738  0.139262  
0.673359  0.334877  2  2  2  2  0.822758  0.177242  
0.499976  0.500024  2  2  2  2  0.898165  0.101835  
0.442789  0.557211  2  2  2  2  0.200306  0.799694  
0.464216  0.535784  2  2  2  2  0.0999786  0.900021  
0.180459  0.819541  2  2  2  2  0.071644  0.928356  
0.0502589  0.949741  2  2  2  2  0.464184  0.535816  
0.0573143  0.942686  2  2  2  2  0.485691  0.514309  
0.00719414  0.992806  2  2  2  2  0.449902  0.550098  
0.948979  0.0510207  2  2  2  2  0.435716  0.564284  
0.435716  0.564284  2  2  2  2  0.868243  0.131757  
0.187455  0.812545  2  2  2  2  0.837991  0.162009  
0.970729  0.0292708  2  2  2  2  0.386813  0.613187  
0.0143704  0.98563  2  2  2  2  0.228624  0.771376  
0.237696  0.762304  2  2  2  2  0.421699  0.578301  
0.31363  0.68637  2  2  2  2  0.830367  0.169633  
0.16665  0.83335  2  2  2  2  0.905464  0.0945359  
0.33609  0.66391  2  2  2  2  0.927357  0.0726426  
0.0359423  0.964058  2  2  2  2  0.478516  0.521484  
0.0990795  0.90092  2  2  2  2  0.171749  0.828251  
0.883246  0.116754  2  2  2  2  0.278629  0.721371  
0.963452  0.0365475  2  2  2  2  0.15018  0.84982  
0.905464  0.0945359  2  2  2  2  0.414745  0.585255  
0.245088  0.754912  2  2  2  2  0.442789  0.557211  
0.290651  0.709349  2  2  2  2  0.845631  0.154369  
0.800004  0.199996  2  2  2  2  0.0645514  0.935449  
0.956209  0.043791  2  2  2  2  0.0928859  0.907114  
0.457047  0.542953  2  2  2  2  0.307577  0.692423  
0.0215666  0.978433  2  2  2  2  0.98532  0.0146799  
0.822758  0.177242  2  2  2  2  0.948979  0.0510207  
0.912826  0.0871743  2  2  2  2  0.393845  0.606155  
0.358209  0.641791  2  2  2  2  7.18217e-13  1  
0.372633  0.627367  2  2  2  2  0.0359104  0.96409  
0.428677  0.571323  2  2  2  2  0.97802  0.0219798  
0.845631  0.154369  2  2  2  2  0.358477  0.641523  
0.97802  0.0219798  2  2  2  2  0.890713  0.109287  
0.449902  0.550098  2  2  2  2  0.235733  0.764267  
0.0922312  0.907769  2  2  2  2  0.20738  0.79262  
0.830367  0.169633  2  2  2  2  1  3.33067e-16  
0.868243  0.131757  2  2  2  2  0.372739  0.627261  
0.321199  0.678801  2  2  2  2  0.186053  0.813947  
0.230316  0.769684  2  2  2  2  0.351361  0.648639  
0.126175  0.873825  2  2  2  2  0.87579  0.12421  
0.328599  0.671401  2  2  2  2  0.178919  0.821081  
0.934577  0.0654233  2  2  2  2  0.344167  0.655833  
0.306037  0.693963  2  2  2  2  0.963452  0.0365475  
0.853187  0.146813  2  2  2  2  0.853187  0.146813  
0.343504  0.656496  2  2  2  2  0.135746  0.864254  
0.146278  0.853722  2  2  2  2  0.0143606  0.985639  
0.992651  0.00734853  2  2  2  2  0.021546  0.978454  
0.386813  0.613187  2  2  2  2  0.121389  0.878611  
0.365438  0.634562  2  2  2  2  0.815157  0.184843  
0.0853406  0.914659  2  2  2  2  0.673359  0.334877  
0.407748  0.592252  2  2  2  2  0.221541  0.778459  
0.201538  0.798462  2  2  2  2  0.157365  0.842635  
0.860738  0.139262  2  2  2  2  0.142969  0.857031  
0.471389  0.528611  2  2  2  2  0.970729  0.0292708  
0.071412  0.928588  2  2  2  2  0.80757  0.19243  
0.837991  0.162009  2  2  2  2  0.114208  0.885792  
0.275268  0.724732  2  2  2  2  0.471352  0.528648  
0.927339  0.0726606  2  2  2  2  0.0502589  0.949741  
0.98532  0.0146799  2  2  2  2  0.499976  0.500024  
0.112703  0.887297  2  2  2  2  0.800004  0.199996  
0.078378  0.921622  2  2  2  2  0.107081  0.892919  
0.815157  0.184843  2  2  2  2  0.400829  0.599171  
0.298358  0.701642  2  2  2  2  0.271464  0.728536  
0.87579  0.12421  2  2  2  2  0.00719414  0.992806  
0.252469  0.747531  2  2  2  2  0.956209  0.043791  
0.920119  0.0798813  2  2  2  2  0.0287313  0.971269  
0.350811  0.649189  2  2  2  2  0.883246  0.116754  
7.83054e-13  1  2  2  2  2  0.242872  0.757128  
0.393845  0.606155  2  2  2  2  0.457047  0.542953  
0.80757  0.19243  2  2  2  2  0.29301  0.70699  
