2.04222  1.20099  5.26775  4.06301  1.79769e+308  1.79769e+308  2.04222  1.20099  
3.10041  1.55793  5.26775  4.06301  1.79769e+308  1.79769e+308  3.10041  1.55793  
2.71767  1.78602  5.26775  4.06301  1.79769e+308  1.79769e+308  2.71767  1.78602  
3.21931  2.58733  5.26775  4.06301  1.79769e+308  1.79769e+308  3.21931  2.58733  
2.47459  2.31392  5.26775  4.06301  1.79769e+308  1.79769e+308  2.47459  2.31392  
3.22568  1.74301  5.26775  4.06301  1.79769e+308  1.79769e+308  3.22568  1.74301  
2.35984  1.92203  5.26775  4.06301  1.79769e+308  1.79769e+308  2.35984  1.92203  
2.83549  1.58777  5.26775  4.06301  1.79769e+308  1.79769e+308  2.83549  1.58777  
2.79555  1.49218  5.26775  4.06301  1.79769e+308  1.79769e+308  2.79555  1.49218  
3.08234  1.95601  5.26775  4.06301  1.79769e+308  1.79769e+308  3.08234  1.95601  
2.21354  2.31601  5.26775  4.06301  1.79769e+308  1.79769e+308  2.21354  2.31601  
2.15643  1.73922  5.26775  4.06301  1.79769e+308  1.79769e+308  2.15643  1.73922  
2.32347  2.25023  5.26775  4.06301  1.79769e+308  1.79769e+308  2.32347  2.25023  
2.03819  1.33766  5.26775  4.06301  1.79769e+308  1.79769e+308  2.03819  1.33766  
2.42583  1.76837  5.26775  4.06301  1.79769e+308  1.79769e+308  2.42583  1.76837  
2.93649  2.5061  5.26775  4.06301  1.79769e+308  1.79769e+308  2.93649  2.5061  
3.13379  1.00562  5.26775  4.06301  1.79769e+308  1.79769e+308  3.13379  1.00562  
2.44816  1.4108  5.26775  4.06301  1.79769e+308  1.79769e+308  2.44816  1.4108  
2.39537  1.89878  5.26775  4.06301  1.79769e+308  1.79769e+308  2.39537  1.89878  
3.10289  1.85449  5.26775  4.06301  1.79769e+308  1.79769e+308  3.10289  1.85449  
3.30058  1.74846  5.26775  4.06301  1.79769e+308  1.79769e+308  3.30058  1.74846  
1.91707  2.14172  5.26775  4.06301  1.79769e+308  1.79769e+308  1.91707  2.14172  
3.04705  2.22091  5.26775  4.06301  1.79769e+308  1.79769e+308  3.04705  2.22091  
3.36159  1.01813  5.26775  4.06301  1.79769e+308  1.79769e+308  3.36159  1.01813  
2.00523  1.57142  5.26775  4.06301  1.79769e+308  1.79769e+308  2.00523  1.57142  
2.6755  1.87087  5.26775  4.06301  1.79769e+308  1.79769e+308  2.6755  1.87087  
2.04315  2.05602  5.26775  4.06301  1.79769e+308  1.79769e+308  2.04315  2.05602  
3.1756  1.69727  5.26775  4.06301  1.79769e+308  1.79769e+308  3.1756  1.69727  
2.04713  1.78354  5.26775  4.06301  1.79769e+308  1.79769e+308  2.04713  1.78354  
1.95066  1.72453  5.26775  4.06301  1.79769e+308  1.79769e+308  1.95066  1.72453  
2.48419  1.70973  5.26775  4.06301  1.79769e+308  1.79769e+308  2.48419  1.70973  
1.87843  2.5845  5.26775  4.06301  1.79769e+308  1.79769e+308  1.87843  2.5845  
2.97084  1.43473  5.26775  4.06301  1.79769e+308  1.79769e+308  2.97084  1.43473  
2.21839  2.78029  5.26775  4.06301  1.79769e+308  1.79769e+308  2.21839  2.78029  
3.21442  2.2876  5.26775  4.06301  1.79769e+308  1.79769e+308  3.21442  2.2876  
1.19992  2.66747  5.26775  4.06301  1.79769e+308  1.79769e+308  1.19992  2.66747  
3.2153  2.11133  5.26775  4.06301  1.79769e+308  1.79769e+308  3.2153  2.11133  
2.69099  1.83015  5.26775  4.06301  1.79769e+308  1.79769e+308  2.69099  1.83015  
1.97148  1.98011  5.26775  4.06301  1.79769e+308  1.79769e+308  1.97148  1.98011  
1.41631  2.43916  5.26775  4.06301  1.79769e+308  1.79769e+308  1.41631  2.43916  
1.77721  1.2425  5.26775  4.06301  1.79769e+308  1.79769e+308  1.77721  1.2425  
3.63343  2.32497  5.26775  4.06301  1.79769e+308  1.79769e+308  3.63343  2.32497  
2.74508  1.82145  5.26775  4.06301  1.79769e+308  1.79769e+308  2.74508  1.82145  
2.47037  1.77269  5.26775  4.06301  1.79769e+308  1.79769e+308  2.47037  1.77269  
2.06766  1.27972  5.26775  4.06301  1.79769e+308  1.79769e+308  2.06766  1.27972  
3.16816  1.84665  5.26775  4.06301  1.79769e+308  1.79769e+308  3.16816  1.84665  
2.79672  1.58713  5.26775  4.06301  1.79769e+308  1.79769e+308  2.79672  1.58713  
1.21859  1.74001  5.26775  4.06301  1.79769e+308  1.79769e+308  1.21859  1.74001  
3.36645  2.23239  5.26775  4.06301  1.79769e+308  1.79769e+308  3.36645  2.23239  
2.00825  1.93701  5.26775  4.06301  1.79769e+308  1.79769e+308  2.00825  1.93701  
2.27671  3.06301  5.26775  4.06301  1.79769e+308  1.79769e+308  2.27671  3.06301  
2.05042  1.93466  5.26775  4.06301  1.79769e+308  1.79769e+308  2.05042  1.93466  
2.82335  2.08951  5.26775  4.06301  1.79769e+308  1.79769e+308  2.82335  2.08951  
2.31665  2.28994  5.26775  4.06301  1.79769e+308  1.79769e+308  2.31665  2.28994  
1.63474  2.41561  5.26775  4.06301  1.79769e+308  1.79769e+308  1.63474  2.41561  
2.6301  1.47651  5.26775  4.06301  1.79769e+308  1.79769e+308  2.6301  1.47651  
2.3277  1.80146  5.26775  4.06301  1.79769e+308  1.79769e+308  2.3277  1.80146  
3.04837  1.75464  5.26775  4.06301  1.79769e+308  1.79769e+308  3.04837  1.75464  
2.18079  1.80113  5.26775  4.06301  1.79769e+308  1.79769e+308  2.18079  1.80113  
2.20335  1.86891  5.26775  4.06301  1.79769e+308  1.79769e+308  2.20335  1.86891  
2.12773  2.04818  5.26775  4.06301  1.79769e+308  1.79769e+308  2.12773  2.04818  
2.9924  1.83638  5.26775  4.06301  1.79769e+308  1.79769e+308  2.9924  1.83638  
2.21148  1.9683  5.26775  4.06301  1.79769e+308  1.79769e+308  2.21148  1.9683  
2.27814  2.1204  5.26775  4.06301  1.79769e+308  1.79769e+308  2.27814  2.1204  
4.26775  1.55662  5.26775  4.06301  1.79769e+308  1.79769e+308  4.26775  1.55662  
2.20161  2.45683  5.26775  4.06301  1.79769e+308  1.79769e+308  2.20161  2.45683  
2.1117  1.47445  5.26775  4.06301  1.79769e+308  1.79769e+308  2.1117  1.47445  
3.12036  1.4255  5.26775  4.06301  1.79769e+308  1.79769e+308  3.12036  1.4255  
3.03307  1.42404  5.26775  4.06301  1.79769e+308  1.79769e+308  3.03307  1.42404  
1.42815  2.25549  5.26775  4.06301  1.79769e+308  1.79769e+308  1.42815  2.25549  
2.86048  1.75102  5.26775  4.06301  1.79769e+308  1.79769e+308  2.86048  1.75102  
2.31792  1.22574  5.26775  4.06301  1.79769e+308  1.79769e+308  2.31792  1.22574  
2.37549  1.99454  5.26775  4.06301  1.79769e+308  1.79769e+308  2.37549  1.99454  
1.50555  1.89327  5.26775  4.06301  1.79769e+308  1.79769e+308  1.50555  1.89327  
2.28579  2.76995  5.26775  4.06301  1.79769e+308  1.79769e+308  2.28579  2.76995  
2.27379  1.68462  5.26775  4.06301  1.79769e+308  1.79769e+308  2.27379  1.68462  
2.10436  1.49049  5.26775  4.06301  1.79769e+308  1.79769e+308  2.10436  1.49049  
1.97166  1.71398  5.26775  4.06301  1.79769e+308  1.79769e+308  1.97166  1.71398  
1.91296  2.64562  5.26775  4.06301  1.79769e+308  1.79769e+308  1.91296  2.64562  
3.20103  1.70682  5.26775  4.06301  1.79769e+308  1.79769e+308  3.20103  1.70682  
3.63508  1.33275  5.26775  4.06301  1.79769e+308  1.79769e+308  3.63508  1.33275  
2.96759  1.29883  5.26775  4.06301  1.79769e+308  1.79769e+308  2.96759  1.29883  
2.79474  1.41754  5.26775  4.06301  1.79769e+308  1.79769e+308  2.79474  1.41754  
2.66922  2.06053  5.26775  4.06301  1.79769e+308  1.79769e+308  2.66922  2.06053  
2.65466  2.17956  5.26775  4.06301  1.79769e+308  1.79769e+308  2.65466  2.17956  
2.61184  2.16959  5.26775  4.06301  1.79769e+308  1.79769e+308  2.61184  2.16959  
1.8638  1.11183  5.26775  4.06301  1.79769e+308  1.79769e+308  1.8638  1.11183  
1.8574  2.70032  5.26775  4.06301  1.79769e+308  1.79769e+308  1.8574  2.70032  
2.3688  1.68716  5.26775  4.06301  1.79769e+308  1.79769e+308  2.3688  1.68716  
2.83319  2.4905  5.26775  4.06301  1.79769e+308  1.79769e+308  2.83319  2.4905  
2.20906  1.88101  5.26775  4.06301  1.79769e+308  1.79769e+308  2.20906  1.88101  
2.49938  1.62615  5.26775  4.06301  1.79769e+308  1.79769e+308  2.49938  1.62615  
2.80574  0.999588  5.26775  4.06301  1.79769e+308  1.79769e+308  2.80574  0.999588  
2.6466  1.34808  5.26775  4.06301  1.79769e+308  1.79769e+308  2.6466  1.34808  
3.78606  2.40755  5.26775  4.06301  1.79769e+308  1.79769e+308  3.78606  2.40755  
2.34474  1.69881  5.26775  4.06301  1.79769e+308  1.79769e+308  2.34474  1.69881  
2.6993  0.97155  5.26775  4.06301  1.79769e+308  1.79769e+308  2.6993  0.97155  
3.21996  1.50865  5.26775  4.06301  1.79769e+308  1.79769e+308  3.21996  1.50865  
3.70131  1.64508  5.26775  4.06301  1.79769e+308  1.79769e+308  3.70131  1.64508  
2.78686  2.26048  5.26775  4.06301  1.79769e+308  1.79769e+308  2.78686  2.26048  
0.644696  0.35876  2.00001  2  2.00001  2  0.737552  0.26259  
0.966054  0.0339573  2.00001  2  2.00001  2  0.810897  0.192357  
0.100701  0.900526  2.00001  2  2.00001  2  0.150906  0.850138  
0.347985  0.656168  2.00001  2  2.00001  2  0.109189  0.89145  
0.327334  0.674277  2.00001  2  2.00001  2  0.282367  0.719578  
0.386343  0.619317  2.00001  2  2.00001  2  0.200677  0.800184  
0.805377  0.195798  2.00001  2  2.00001  2  0.386343  0.619317  
0.0250079  0.976352  2.00001  2  2.00001  2  0.437924  0.564686  
0.228482  0.771803  2.00001  2  2.00001  2  0.0773218  0.923571  
0.43674  0.565813  2.00001  2  2.00001  2  0.406093  0.595339  
0.178334  0.822432  2.00001  2  2.00001  2  0.511817  0.498781  
0.489292  0.512567  2.00001  2  2.00001  2  0.302334  0.699939  
0.946307  0.0537605  2.00001  2  2.00001  2  0.19651  0.80537  
0.928759  0.0713194  2.00001  2  2.00001  2  0.156289  0.844722  
0.953314  0.0467329  2.00001  2  2.00001  2  0.928759  0.0713194  
0.986332  0.0136989  2.00001  2  2.00001  2  0.11545  0.886074  
0.109189  0.89145  2.00001  2  2.00001  2  0.347985  0.656168  
1.00001  2.35352e-06  2.00001  2  2.00001  2  0.209987  0.792195  
0.737809  0.262206  2.00001  2  2.00001  2  0.313484  0.689909  
0.525074  0.475899  2.00001  2  2.00001  2  0.422114  0.58009  
0.168984  0.832366  2.00001  2  2.00001  2  0.139653  0.861478  
0.464147  0.53932  2.00001  2  2.00001  2  0.971715  0.0299462  
0.676006  0.324653  2.00001  2  2.00001  2  0.494062  0.50599  
0.419342  0.587134  2.00001  2  2.00001  2  0.953314  0.0467329  
0.236989  0.763651  2.00001  2  2.00001  2  0.131083  0.869969  
0.756594  0.243636  2.00001  2  2.00001  2  0.0545986  0.94744  
0.307984  0.694421  2.00001  2  2.00001  2  0.0937484  0.907328  
0.0180722  0.98325  2.00001  2  2.00001  2  0.0677284  0.933237  
0.562351  0.443107  2.00001  2  2.00001  2  0.134732  0.866373  
0.119548  0.881565  2.00001  2  2.00001  2  0.0602927  0.940871  
0.504888  0.49539  2.00001  2  2.00001  2  0.286607  0.715449  
0.971715  0.0299462  2.00001  2  2.00001  2  0.220157  0.781634  
0.360593  0.642596  2.00001  2  2.00001  2  0.554496  0.44598  
0.00576931  0.994749  2.00001  2  2.00001  2  0.0250079  0.976352  
0.243512  0.757464  2.00001  2  2.00001  2  0.144027  0.858192  
0.674494  0.327031  2.00001  2  2.00001  2  1.13093e-06  1  
0.584452  0.41638  2.00001  2  2.00001  2  0.243512  0.757464  
0.391277  0.612574  2.00001  2  2.00001  2  0.247838  0.75302  
0.11545  0.886074  2.00001  2  2.00001  2  0.3625  0.642221  
0.174713  0.825997  2.00001  2  2.00001  2  0.0180722  0.98325  
0.638963  0.362307  2.00001  2  2.00001  2  1.00001  2.35352e-06  
0.587414  0.413771  2.00001  2  2.00001  2  0.327334  0.674277  
1.13093e-06  1  2.00001  2  2.00001  2  0.338201  0.668881  
0.905028  0.0950105  2.00001  2  2.00001  2  0.269856  0.73169  
0.0401317  0.960933  2.00001  2  2.00001  2  0.640468  0.359564  
0.353214  0.650074  2.00001  2  2.00001  2  0.36356  0.64113  
0.321722  0.68026  2.00001  2  2.00001  2  0.27692  0.724327  
0.554496  0.44598  2.00001  2  2.00001  2  0.0319877  0.972168  
0.126044  0.875425  2.00001  2  2.00001  2  0.419069  0.58966  
0.494062  0.50599  2.00001  2  2.00001  2  0.307984  0.694421  
0.810897  0.192357  2.00001  2  2.00001  2  0.374759  0.627706  
0.298083  0.704864  2.00001  2  2.00001  2  0.0372802  0.967144  
0.0602927  0.940871  2.00001  2  2.00001  2  0.675547  0.324741  
0.341333  0.666035  2.00001  2  2.00001  2  0.222922  0.778143  
0.550309  0.457122  2.00001  2  2.00001  2  0.805377  0.195798  
0.216468  0.78649  2.00001  2  2.00001  2  0.237086  0.763579  
0.209136  0.792759  2.00001  2  2.00001  2  0.166563  0.835252  
0.200927  0.800002  2.00001  2  2.00001  2  0.261156  0.740485  
0.222922  0.778143  2.00001  2  2.00001  2  0.9256  0.0746594  
0.247838  0.75302  2.00001  2  2.00001  2  0.105687  0.896156  
0.0773218  0.923571  2.00001  2  2.00001  2  0.174713  0.825997  
0.73654  0.278979  2.00001  2  2.00001  2  0.966054  0.0339573  
0.0860697  0.914861  2.00001  2  2.00001  2  0.319353  0.683592  
0.478698  0.524691  2.00001  2  2.00001  2  0.184067  0.817308  
0.51559  0.485458  2.00001  2  2.00001  2  0.180839  0.821266  
0.455933  0.546003  2.00001  2  2.00001  2  0.0727205  0.928591  
0.395675  0.605671  2.00001  2  2.00001  2  0.253073  0.748901  
0.196891  0.803821  2.00001  2  2.00001  2  0.0401317  0.960933  
0.28555  0.715836  2.00001  2  2.00001  2  0.100701  0.900526  
0.0319877  0.972168  2.00001  2  2.00001  2  0.216468  0.78649  
0.302334  0.699939  2.00001  2  2.00001  2  0.353214  0.650074  
0.263263  0.737911  2.00001  2  2.00001  2  0.162222  0.83917  
0.131083  0.869969  2.00001  2  2.00001  2  0.265428  0.735929  
0.422114  0.58009  2.00001  2  2.00001  2  0.0815312  0.920995  
0.184067  0.817308  2.00001  2  2.00001  2  0.435064  0.571341  
0.400155  0.600194  2.00001  2  2.00001  2  0.0482912  0.954639  
0.254713  0.747139  2.00001  2  2.00001  2  0.257191  0.744915  
0.940648  0.0615375  2.00001  2  2.00001  2  0.205737  0.796089  
0.618343  0.382008  2.00001  2  2.00001  2  0.905028  0.0950105  
0.147813  0.85384  2.00001  2  2.00001  2  0.946307  0.0537605  
0.313484  0.689909  2.00001  2  2.00001  2  0.391277  0.612574  
0.45029  0.553875  2.00001  2  2.00001  2  0.940648  0.0615375  
0.0482912  0.954639  2.00001  2  2.00001  2  0.126044  0.875425  
0.158967  0.84193  2.00001  2  2.00001  2  0.119548  0.881565  
0.27692  0.724327  2.00001  2  2.00001  2  0.550309  0.457122  
0.291033  0.710479  2.00001  2  2.00001  2  0.585499  0.414528  
0.9256  0.0746594  2.00001  2  2.00001  2  0.342273  0.665045  
0.374759  0.627706  2.00001  2  2.00001  2  0.45029  0.553875  
0.0937484  0.907328  2.00001  2  2.00001  2  0.0860697  0.914861  
0.368501  0.63841  2.00001  2  2.00001  2  0.228955  0.77215  
0.0545986  0.94744  2.00001  2  2.00001  2  0.291033  0.710479  
0.533668  0.47326  2.00001  2  2.00001  2  0.618343  0.382008  
0.406093  0.595339  2.00001  2  2.00001  2  0.233371  0.767619  
0.0677284  0.933237  2.00001  2  2.00001  2  0.525074  0.475899  
0.150906  0.850138  2.00001  2  2.00001  2  0.473528  0.52893  
0.473528  0.52893  2.00001  2  2.00001  2  0.756594  0.243636  
0.139653  0.861478  2.00001  2  2.00001  2  0.191188  0.809573  
0.269856  0.73169  2.00001  2  2.00001  2  0.455933  0.546003  
0.0732307  0.928135  2.00001  2  2.00001  2  0.298083  0.704864  
0.191188  0.809573  2.00001  2  2.00001  2  0.399229  0.601204  
0.643678  0.358537  2  2  2  2  0.737474  0.262533  
0.966053  0.0339492  2  2  2  2  0.808147  0.191868  
0.102206  0.897797  2  2  2  2  0.150189  0.849813  
0.339969  0.660048  2  2  2  2  0.511097  0.488937  
0.326089  0.673922  2  2  2  2  0.283178  0.716834  
0.381357  0.618656  2  2  2  2  0.198622  0.801383  
0.804276  0.195866  2  2  2  2  0.381357  0.618656  
0.0235037  0.976497  2  2  2  2  0.437689  0.562326  
0.680157  0.319888  2  2  2  2  0.0781225  0.921879  
0.437689  0.562326  2  2  2  2  0.405612  0.594393  
0.162816  0.837192  2  2  2  2  0.50424  0.495772  
0.620217  0.379802  2  2  2  2  0.304807  0.695204  
0.946283  0.0537206  2  2  2  2  0.00736126  0.99264  
0.928716  0.0712913  2  2  2  2  0.156196  0.843806  
0.953285  0.0467194  2  2  2  2  0.928716  0.0712913  
0.986332  0.0136989  2  2  2  2  0.111329  0.888672  
0.109293  0.890708  2  2  2  2  0.462319  0.537706  
1  2.24319e-07  2  2  2  2  0.211583  0.788421  
0.737809  0.262206  2  2  2  2  0.311903  0.688105  
0.525475  0.474553  2  2  2  2  0.420267  0.579745  
0.169685  0.830323  2  2  2  2  0.143985  0.856017  
0.462319  0.537706  2  2  2  2  0.970166  0.029839  
0.67462  0.325425  2  2  2  2  0.494055  0.505948  
0.176442  0.823573  2  2  2  2  0.953285  0.0467194  
0.234111  0.765904  2  2  2  2  0.131166  0.868834  
0.756765  0.243274  2  2  2  2  0.0529852  0.947016  
0.304807  0.695205  2  2  2  2  0.0911308  0.90887  
0.0156221  0.984379  2  2  2  2  0.0654472  0.934554  
0.560594  0.439418  2  2  2  2  0.137642  0.862359  
0.219338  0.780718  2  2  2  2  0.0593056  0.940696  
0.50424  0.495772  2  2  2  2  0.518673  0.481373  
0.970166  0.029839  2  2  2  2  0.483752  0.516262  
0.414065  0.585943  2  2  2  2  0.554066  0.445939  
0.568394  0.431664  2  2  2  2  0.0213791  0.978622  
0.242458  0.75756  2  2  2  2  0.533717  0.466294  
0.595112  0.404968  2  2  2  2  1.65575e-07  1  
0.584119  0.415897  2  2  2  2  0.242935  0.757069  
0.389956  0.610049  2  2  2  2  0.339969  0.660048  
0.116725  0.883276  2  2  2  2  0.680157  0.319888  
0.0311344  0.968867  2  2  2  2  0.014482  0.985519  
0.638963  0.362307  2  2  2  2  1  2.24319e-07  
0.511097  0.488937  2  2  2  2  0.326089  0.673922  
1.65575e-07  1  2  2  2  2  0.33324  0.666766  
0.904889  0.0951984  2  2  2  2  0.2698  0.730205  
0.143739  0.856264  2  2  2  2  0.640641  0.359365  
0.347058  0.652964  2  2  2  2  0.364696  0.635334  
0.318996  0.681016  2  2  2  2  0.276359  0.723661  
0.554066  0.445939  2  2  2  2  0.0280695  0.971931  
0.123846  0.876155  2  2  2  2  0.414065  0.585943  
0.494055  0.505948  2  2  2  2  0.560594  0.439418  
0.808147  0.191868  2  2  2  2  0.372621  0.627393  
0.483752  0.516262  2  2  2  2  0.0346302  0.965371  
0.0598448  0.940157  2  2  2  2  0.67462  0.325425  
0.33324  0.666766  2  2  2  2  0.475959  0.524056  
0.544508  0.4555  2  2  2  2  0.804276  0.195866  
0.356821  0.64319  2  2  2  2  0.23702  0.76299  
0.205154  0.794852  2  2  2  2  0.356821  0.64319  
0.212367  0.787651  2  2  2  2  0.584119  0.415897  
0.226521  0.773508  2  2  2  2  0.923213  0.0767974  
0.249928  0.750075  2  2  2  2  0.104505  0.895496  
0.0806046  0.919396  2  2  2  2  0.170157  0.829854  
0.73654  0.278979  2  2  2  2  0.966053  0.0339491  
0.087776  0.912226  2  2  2  2  0.318996  0.681016  
0.475959  0.524056  2  2  2  2  0.184491  0.815521  
0.518673  0.481373  2  2  2  2  0.177067  0.822942  
0.454498  0.545518  2  2  2  2  0.0717153  0.928286  
0.396929  0.603076  2  2  2  2  0.249928  0.750075  
0.198048  0.801969  2  2  2  2  0.0410119  0.958989  
0.283178  0.716834  2  2  2  2  0.0978753  0.902126  
0.0383255  0.961676  2  2  2  2  0.217984  0.782022  
0.296787  0.703219  2  2  2  2  0.347058  0.652964  
0.263428  0.736578  2  2  2  2  0.162816  0.837192  
0.130754  0.869249  2  2  2  2  0.263428  0.736578  
0.420267  0.579745  2  2  2  2  0.0846464  0.915354  
0.183529  0.816484  2  2  2  2  0.595112  0.404968  
0.429306  0.570845  2  2  2  2  0.0469112  0.953089  
0.256735  0.743279  2  2  2  2  0.256735  0.743279  
0.940453  0.059557  2  2  2  2  0.205154  0.794852  
0.613637  0.386417  2  2  2  2  0.904889  0.0951984  
0.0079425  0.99206  2  2  2  2  0.946283  0.0537206  
0.311903  0.688105  2  2  2  2  0.389956  0.610049  
0.446387  0.553651  2  2  2  2  0.940453  0.059557  
0.0455612  0.954441  2  2  2  2  0.124809  0.875192  
0.156196  0.843806  2  2  2  2  0.118158  0.881843  
0.276359  0.723661  2  2  2  2  0.544508  0.4555  
0.290011  0.709997  2  2  2  2  0.620217  0.379802  
0.923213  0.0767975  2  2  2  2  0.429306  0.570845  
0.372621  0.627393  2  2  2  2  0.446387  0.553651  
0.0949387  0.905063  2  2  2  2  0.568394  0.431664  
0.364696  0.635334  2  2  2  2  0.224587  0.77542  
0.0527211  0.94728  2  2  2  2  0.290011  0.709997  
0.533717  0.466294  2  2  2  2  0.613637  0.386417  
0.405612  0.594393  2  2  2  2  0.230833  0.769169  
0.0666782  0.933324  2  2  2  2  0.525475  0.474553  
0.149952  0.850053  2  2  2  2  0.469868  0.530141  
0.469868  0.530141  2  2  2  2  0.756765  0.243274  
0.137478  0.862526  2  2  2  2  0.191308  0.808708  
0.2698  0.730205  2  2  2  2  0.454498  0.545518  
0.0736923  0.926309  2  2  2  2  0.296787  0.703219  
0.190693  0.809323  2  2  2  2  0.396929  0.603076  
0.642324  0.357804  2  2  2  2  0.737474  0.26253  
0.965993  0.0340289  2  2  2  2  0.80816  0.191848  
0.102117  0.897883  2  2  2  2  0.150383  0.849619  
0.339961  0.660042  2  2  2  2  0.51108  0.488924  
0.326086  0.673919  2  2  2  2  0.283174  0.716829  
0.381356  0.618648  2  2  2  2  0.198229  0.801774  
0.803921  0.196092  2  2  2  2  0.381356  0.618648  
0.0233807  0.97662  2  2  2  2  0.437678  0.562324  
0.622377  0.377718  2  2  2  2  0.078232  0.921768  
0.437678  0.562324  2  2  2  2  0.405611  0.59439  
0.160069  0.839938  2  2  2  2  0.503099  0.49691  
0.352522  0.647592  2  2  2  2  0.304387  0.695617  
0.946282  0.0537199  2  2  2  2  0.00722125  0.992779  
0.928713  0.0712898  2  2  2  2  0.156887  0.843115  
0.953283  0.0467191  2  2  2  2  0.928713  0.0712898  
0.986332  0.0136989  2  2  2  2  0.111329  0.888671  
0.109375  0.890626  2  2  2  2  0.462313  0.537693  
1  3.33491e-08  2  2  2  2  0.211582  0.78842  
0.737809  0.262206  2  2  2  2  0.311898  0.688104  
0.526057  0.473952  2  2  2  2  0.420259  0.579743  
0.167246  0.832757  2  2  2  2  0.143907  0.856094  
0.462313  0.537693  2  2  2  2  0.970164  0.0298382  
0.674106  0.325927  2  2  2  2  0.494054  0.505947  
0.174753  0.825259  2  2  2  2  0.953283  0.0467191  
0.234487  0.765534  2  2  2  2  0.131106  0.868895  
0.756746  0.243258  2  2  2  2  0.0530766  0.946924  
0.304387  0.695617  2  2  2  2  0.0912144  0.908786  
0.0157188  0.984281  2  2  2  2  0.0654866  0.934514  
0.561038  0.438984  2  2  2  2  0.137516  0.862485  
0.219703  0.780321  2  2  2  2  0.0593054  0.940695  
0.503099  0.49691  2  2  2  2  0.518649  0.481356  
0.970164  0.0298382  2  2  2  2  0.483744  0.516258  
0.412888  0.587118  2  2  2  2  0.553015  0.446998  
0.570998  0.429077  2  2  2  2  0.0212051  0.978795  
0.242458  0.75756  2  2  2  2  0.534557  0.465494  
0.595399  0.404631  2  2  2  2  2.66214e-08  1  
0.583644  0.416394  2  2  2  2  0.240889  0.759122  
0.389955  0.610047  2  2  2  2  0.339961  0.660042  
0.116658  0.883343  2  2  2  2  0.622377  0.377718  
0.0311344  0.968867  2  2  2  2  0.0143309  0.985669  
0.638963  0.362307  2  2  2  2  1  3.33491e-08  
0.51108  0.488924  2  2  2  2  0.326086  0.673918  
2.66214e-08  1  2  2  2  2  0.333239  0.666763  
0.904849  0.0951545  2  2  2  2  0.269798  0.730204  
0.144861  0.855142  2  2  2  2  0.640074  0.360127  
0.347254  0.652749  2  2  2  2  0.364677  0.635327  
0.318991  0.681011  2  2  2  2  0.276344  0.723658  
0.553015  0.446998  2  2  2  2  0.0278508  0.972149  
0.123628  0.876373  2  2  2  2  0.412888  0.587118  
0.494054  0.505947  2  2  2  2  0.561038  0.438984  
0.80816  0.191848  2  2  2  2  0.372614  0.627389  
0.483744  0.516258  2  2  2  2  0.0342135  0.965787  
0.0596991  0.940301  2  2  2  2  0.674106  0.325927  
0.333239  0.666763  2  2  2  2  0.476454  0.523552  
0.544507  0.455496  2  2  2  2  0.803921  0.196092  
0.358153  0.641962  2  2  2  2  0.684491  0.315534  
0.205151  0.794851  2  2  2  2  0.356073  0.644067  
0.212367  0.787651  2  2  2  2  0.583644  0.416394  
0.226632  0.773383  2  2  2  2  0.923212  0.0767896  
0.249927  0.750075  2  2  2  2  0.104505  0.895495  
0.0806882  0.919312  2  2  2  2  0.170614  0.829389  
0.73654  0.278979  2  2  2  2  0.965993  0.0340289  
0.0878  0.9122  2  2  2  2  0.318991  0.681011  
0.476454  0.523552  2  2  2  2  0.184486  0.815515  
0.518649  0.481356  2  2  2  2  0.177311  0.822691  
0.454473  0.545531  2  2  2  2  0.0717542  0.928246  
0.396927  0.603075  2  2  2  2  0.248568  0.751442  
0.197751  0.802251  2  2  2  2  0.0406427  0.959358  
0.283174  0.716829  2  2  2  2  0.0978182  0.902182  
0.0383255  0.961676  2  2  2  2  0.219035  0.780977  
0.296785  0.703217  2  2  2  2  0.347254  0.652749  
0.263195  0.736809  2  2  2  2  0.163637  0.836365  
0.130593  0.869409  2  2  2  2  0.263195  0.736809  
0.420259  0.579743  2  2  2  2  0.0847336  0.915267  
0.182692  0.817317  2  2  2  2  0.595399  0.404631  
0.429214  0.570791  2  2  2  2  0.0468549  0.953145  
0.256732  0.743274  2  2  2  2  0.255839  0.744173  
0.940448  0.0595554  2  2  2  2  0.205043  0.79496  
0.61272  0.387367  2  2  2  2  0.904849  0.0951545  
0.0079425  0.99206  2  2  2  2  0.946282  0.0537199  
0.311898  0.688104  2  2  2  2  0.389955  0.610047  
0.446373  0.553633  2  2  2  2  0.940448  0.0595554  
0.0455253  0.954475  2  2  2  2  0.124628  0.875373  
0.684491  0.315534  2  2  2  2  0.118158  0.881843  
0.276344  0.723658  2  2  2  2  0.544507  0.455496  
0.290008  0.709995  2  2  2  2  0.642324  0.357804  
0.923212  0.0767897  2  2  2  2  0.429214  0.570791  
0.372614  0.627389  2  2  2  2  0.446373  0.553633  
0.0949387  0.905063  2  2  2  2  0.570998  0.429077  
0.364677  0.635327  2  2  2  2  0.225893  0.774117  
0.0527156  0.947285  2  2  2  2  0.290008  0.709995  
0.534557  0.465494  2  2  2  2  0.61272  0.387367  
0.405611  0.59439  2  2  2  2  0.232641  0.767364  
0.0666727  0.933328  2  2  2  2  0.526057  0.473952  
0.152202  0.847801  2  2  2  2  0.469863  0.530138  
0.469863  0.530138  2  2  2  2  0.756746  0.243258  
0.137516  0.862485  2  2  2  2  0.191305  0.808699  
0.269798  0.730204  2  2  2  2  0.454473  0.545531  
0.0736044  0.926396  2  2  2  2  0.296785  0.703217  
0.190504  0.809503  2  2  2  2  0.396927  0.603074  
0.647269  0.353011  5.45082  4.32967  5.45082  4.32967  0.737085  0.262925  
0.965953  0.0340743  5.45082  4.32967  5.45082  4.32967  0.808663  0.191498  
0.102165  0.897835  5.45082  4.32967  5.45082  4.32967  0.150383  0.849618  
0.33996  0.660041  5.45082  4.32967  5.45082  4.32967  0.511078  0.488923  
0.326084  0.673918  5.45082  4.32967  5.45082  4.32967  0.283174  0.716828  
0.381353  0.618647  5.45082  4.32967  5.45082  4.32967  0.198228  0.801773  
0.803022  0.197191  5.45082  4.32967  5.45082  4.32967  0.381353  0.618647  
0.0233807  0.97662  5.45082  4.32967  5.45082  4.32967  0.437677  0.562323  
0.622511  0.377505  5.45082  4.32967  5.45082  4.32967  0.078232  0.921768  
0.437677  0.562323  5.45082  4.32967  5.45082  4.32967  0.405611  0.59439  
0.159758  0.840248  5.45082  4.32967  5.45082  4.32967  0.503097  0.496904  
0.352522  0.647592  5.45082  4.32967  5.45082  4.32967  0.304385  0.695616  
0.946281  0.0537198  5.45082  4.32967  5.45082  4.32967  0.00712576  0.992874  
0.928713  0.0712894  5.45082  4.32967  5.45082  4.32967  0.157178  0.842825  
0.953283  0.046719  5.45082  4.32967  5.45082  4.32967  0.928713  0.0712894  
0.986332  0.0136989  5.45082  4.32967  5.45082  4.32967  0.111329  0.888671  
0.109356  0.890644  5.45082  4.32967  5.45082  4.32967  0.46224  0.537762  
1  2.82307e-08  5.45082  4.32967  5.45082  4.32967  0.212054  0.787953  
0.737809  0.262206  5.45082  4.32967  5.45082  4.32967  0.311898  0.688104  
0.526053  0.473949  5.45082  4.32967  5.45082  4.32967  0.420259  0.579742  
0.167451  0.83255  5.45082  4.32967  5.45082  4.32967  0.143907  0.856093  
0.46224  0.537762  5.45082  4.32967  5.45082  4.32967  0.970218  0.029792  
0.673744  0.326261  5.45082  4.32967  5.45082  4.32967  0.494054  0.505946  
0.17513  0.824872  5.45082  4.32967  5.45082  4.32967  0.953283  0.046719  
0.234848  0.765161  5.45082  4.32967  5.45082  4.32967  0.131105  0.868895  
0.756904  0.243106  5.45082  4.32967  5.45082  4.32967  0.0530765  0.946924  
0.304385  0.695616  5.45082  4.32967  5.45082  4.32967  0.0913367  0.908664  
0.0156948  0.984305  5.45082  4.32967  5.45082  4.32967  0.0655108  0.934489  
0.561033  0.438972  5.45082  4.32967  5.45082  4.32967  0.137504  0.862496  
0.219878  0.780126  5.45082  4.32967  5.45082  4.32967  0.0593053  0.940695  
0.503097  0.496904  5.45082  4.32967  5.45082  4.32967  0.518648  0.481353  
0.970218  0.029792  5.45082  4.32967  5.45082  4.32967  0.483743  0.516258  
0.412887  0.587116  5.45082  4.32967  5.45082  4.32967  0.553012  0.446992  
0.571546  0.428471  5.45082  4.32967  5.45082  4.32967  0.0209441  0.979056  
0.242458  0.75756  5.45082  4.32967  5.45082  4.32967  0.534528  0.465478  
0.595736  0.404276  5.45082  4.32967  5.45082  4.32967  7.95807e-09  1  
0.583619  0.416386  5.45082  4.32967  5.45082  4.32967  0.240883  0.759119  
0.389954  0.610046  5.45082  4.32967  5.45082  4.32967  0.33996  0.660041  
0.116478  0.883522  5.45082  4.32967  5.45082  4.32967  0.622511  0.377505  
0.0309191  0.969081  5.45082  4.32967  5.45082  4.32967  0.0139816  0.986018  
0.637283  0.362744  5.45082  4.32967  5.45082  4.32967  1  2.82307e-08  
0.511078  0.488923  5.45082  4.32967  5.45082  4.32967  0.326084  0.673918  
7.96527e-09  1  5.45082  4.32967  5.45082  4.32967  0.333239  0.666763  
0.904752  0.0952521  5.45082  4.32967  5.45082  4.32967  0.269798  0.730202  
0.144861  0.855142  5.45082  4.32967  5.45082  4.32967  0.637283  0.362744  
0.346827  0.653198  5.45082  4.32967  5.45082  4.32967  0.364676  0.635326  
0.31899  0.681011  5.45082  4.32967  5.45082  4.32967  0.276343  0.723657  
0.553012  0.446992  5.45082  4.32967  5.45082  4.32967  0.0274662  0.972534  
0.123628  0.876373  5.45082  4.32967  5.45082  4.32967  0.412887  0.587116  
0.494054  0.505946  5.45082  4.32967  5.45082  4.32967  0.561033  0.438972  
0.808663  0.191498  5.45082  4.32967  5.45082  4.32967  0.372612  0.627389  
0.483743  0.516258  5.45082  4.32967  5.45082  4.32967  0.0338372  0.966163  
0.0595143  0.940486  5.45082  4.32967  5.45082  4.32967  0.673744  0.326261  
0.333239  0.666763  5.45082  4.32967  5.45082  4.32967  0.476454  0.523549  
0.544506  0.455495  5.45082  4.32967  5.45082  4.32967  0.803022  0.197191  
0.358153  0.641962  5.45082  4.32967  5.45082  4.32967  0.68601  0.313996  
0.205042  0.794959  5.45082  4.32967  5.45082  4.32967  0.356035  0.643975  
0.212509  0.787503  5.45082  4.32967  5.45082  4.32967  0.583619  0.416386  
0.227153  0.77286  5.45082  4.32967  5.45082  4.32967  0.923211  0.0767895  
0.249927  0.750075  5.45082  4.32967  5.45082  4.32967  0.104616  0.895384  
0.0806882  0.919312  5.45082  4.32967  5.45082  4.32967  0.170613  0.829388  
0.736884  0.264888  5.45082  4.32967  5.45082  4.32967  0.965953  0.0340743  
0.0878  0.9122  5.45082  4.32967  5.45082  4.32967  0.31899  0.681011  
0.476454  0.523549  5.45082  4.32967  5.45082  4.32967  0.184408  0.815593  
0.518648  0.481353  5.45082  4.32967  5.45082  4.32967  0.177478  0.822523  
0.454473  0.545528  5.45082  4.32967  5.45082  4.32967  0.0718708  0.928129  
0.396926  0.603074  5.45082  4.32967  5.45082  4.32967  0.248364  0.751639  
0.197751  0.802251  5.45082  4.32967  5.45082  4.32967  0.0403966  0.959603  
0.283174  0.716828  5.45082  4.32967  5.45082  4.32967  0.0979137  0.902087  
0.0382717  0.961728  5.45082  4.32967  5.45082  4.32967  0.219027  0.780974  
0.296784  0.703216  5.45082  4.32967  5.45082  4.32967  0.347253  0.652748  
0.263195  0.736808  5.45082  4.32967  5.45082  4.32967  0.163951  0.836051  
0.130713  0.869287  5.45082  4.32967  5.45082  4.32967  0.263022  0.73698  
0.420259  0.579742  5.45082  4.32967  5.45082  4.32967  0.0847335  0.915267  
0.182499  0.817503  5.45082  4.32967  5.45082  4.32967  0.595736  0.404276  
0.429214  0.570788  5.45082  4.32967  5.45082  4.32967  0.0467285  0.953272  
0.256732  0.743274  5.45082  4.32967  5.45082  4.32967  0.255836  0.744167  
0.940448  0.059554  5.45082  4.32967  5.45082  4.32967  0.205042  0.794959  
0.611695  0.38834  5.45082  4.32967  5.45082  4.32967  0.904752  0.0952521  
0.00801378  0.991986  5.45082  4.32967  5.45082  4.32967  0.946281  0.0537198  
0.311898  0.688104  5.45082  4.32967  5.45082  4.32967  0.389954  0.610046  
0.446371  0.553632  5.45082  4.32967  5.45082  4.32967  0.940448  0.059554  
0.04539  0.95461  5.45082  4.32967  5.45082  4.32967  0.124628  0.875372  
0.68601  0.313996  5.45082  4.32967  5.45082  4.32967  0.11806  0.88194  
0.276343  0.723657  5.45082  4.32967  5.45082  4.32967  0.544506  0.455494  
0.290007  0.709994  5.45082  4.32967  5.45082  4.32967  0.647269  0.353011  
0.923211  0.0767895  5.45082  4.32967  5.45082  4.32967  0.429214  0.570788  
0.372612  0.627389  5.45082  4.32967  5.45082  4.32967  0.446371  0.553632  
0.0949691  0.905031  5.45082  4.32967  5.45082  4.32967  0.571546  0.428471  
0.364676  0.635326  5.45082  4.32967  5.45082  4.32967  0.22589  0.774116  
0.0525489  0.947451  5.45082  4.32967  5.45082  4.32967  0.290007  0.709994  
0.534528  0.465478  5.45082  4.32967  5.45082  4.32967  0.611695  0.38834  
0.405611  0.59439  5.45082  4.32967  5.45082  4.32967  0.233352  0.766653  
0.0665778  0.933422  5.45082  4.32967  5.45082  4.32967  0.526053  0.473949  
0.152202  0.847801  5.45082  4.32967  5.45082  4.32967  0.469863  0.530138  
0.469863  0.530138  5.45082  4.32967  5.45082  4.32967  0.756904  0.243106  
0.137717  0.862284  5.45082  4.32967  5.45082  4.32967  0.191303  0.808698  
0.269798  0.730202  5.45082  4.32967  5.45082  4.32967  0.454473  0.545528  
0.0736294  0.926371  5.45082  4.32967  5.45082  4.32967  0.296784  0.703216  
0.190207  0.809798  5.45082  4.32967  5.45082  4.32967  0.396926  0.603074  
0.64876  0.35136  2  2  2  2  0.737082  0.26292  
0.965946  0.0340614  2  2  2  2  0.808685  0.191349  
0.102165  0.897835  2  2  2  2  0.150504  0.849497  
0.33996  0.660041  2  2  2  2  0.511078  0.488923  
0.326084  0.673917  2  2  2  2  0.283173  0.716828  
0.381353  0.618647  2  2  2  2  0.198228  0.801773  
0.802404  0.197752  2  2  2  2  0.381353  0.618647  
0.023345  0.976655  2  2  2  2  0.437677  0.562323  
0.622505  0.377498  2  2  2  2  0.0774842  0.922516  
0.437677  0.562323  2  2  2  2  0.404933  0.595072  
0.159758  0.840248  2  2  2  2  0.503097  0.496904  
0.70554  0.294572  2  2  2  2  0.304385  0.695616  
0.946281  0.0537197  2  2  2  2  0.00698402  0.993016  
0.928712  0.0712891  2  2  2  2  0.157177  0.842824  
0.953282  0.046719  2  2  2  2  0.928712  0.0712891  
0.986332  0.0136989  2  2  2  2  0.11125  0.888751  
0.109356  0.890644  2  2  2  2  0.462239  0.537762  
1  6.74831e-09  2  2  2  2  0.212052  0.78795  
0.737809  0.262206  2  2  2  2  0.311897  0.688104  
0.526052  0.473948  2  2  2  2  0.420259  0.579742  
0.167451  0.83255  2  2  2  2  0.143994  0.856007  
0.462239  0.537762  2  2  2  2  0.970214  0.0297878  
0.672842  0.327183  2  2  2  2  0.494054  0.505946  
0.17508  0.824924  2  2  2  2  0.953282  0.046719  
0.234848  0.765161  2  2  2  2  0.131105  0.868895  
0.7569  0.243104  2  2  2  2  0.0545749  0.945425  
0.304385  0.695616  2  2  2  2  0.0913365  0.908664  
0.0156948  0.984305  2  2  2  2  0.0624843  0.937516  
0.561033  0.438968  2  2  2  2  0.137504  0.862496  
0.219878  0.780126  2  2  2  2  0.70554  0.294572  
0.503097  0.496904  2  2  2  2  0.518648  0.481353  
0.970214  0.0297878  2  2  2  2  0.483743  0.516257  
0.412886  0.587115  2  2  2  2  0.553011  0.44699  
0.571538  0.428467  2  2  2  2  0.020751  0.979249  
0.242458  0.75756  2  2  2  2  0.534525  0.465476  
0.595729  0.404275  2  2  2  2  1.75045e-09  1  
0.583618  0.416384  2  2  2  2  0.240883  0.759118  
0.38859  0.61142  2  2  2  2  0.33996  0.660041  
0.116478  0.883522  2  2  2  2  0.622505  0.377498  
0.0309191  0.969081  2  2  2  2  0.0139221  0.986078  
0.6368  0.363206  2  2  2  2  1  6.74831e-09  
0.511078  0.488923  2  2  2  2  0.326084  0.673917  
1.75045e-09  1  2  2  2  2  0.333238  0.666763  
0.904686  0.0953756  2  2  2  2  0.269798  0.730202  
0.145062  0.854941  2  2  2  2  0.6368  0.363206  
0.347253  0.652748  2  2  2  2  0.364676  0.635325  
0.31899  0.681011  2  2  2  2  0.276343  0.723657  
0.553011  0.44699  2  2  2  2  0.0272749  0.972725  
0.123628  0.876373  2  2  2  2  0.412886  0.587115  
0.494054  0.505946  2  2  2  2  0.561033  0.438968  
0.808685  0.191349  2  2  2  2  0.372612  0.627389  
0.483743  0.516257  2  2  2  2  0.0337885  0.966212  
0.0594713  0.940529  2  2  2  2  0.672842  0.327183  
0.333238  0.666763  2  2  2  2  0.476451  0.523549  
0.544506  0.455494  2  2  2  2  0.802404  0.197752  
0.356032  0.64397  2  2  2  2  0.686455  0.313565  
0.205042  0.794959  2  2  2  2  0.356032  0.64397  
0.212509  0.787503  2  2  2  2  0.583618  0.416384  
0.227153  0.77286  2  2  2  2  0.921711  0.0783226  
0.249927  0.750075  2  2  2  2  0.104616  0.895384  
0.0807132  0.919287  2  2  2  2  0.170612  0.829388  
0.736855  0.264509  2  2  2  2  0.965946  0.0340614  
0.0878  0.9122  2  2  2  2  0.31899  0.681011  
0.476451  0.523549  2  2  2  2  0.184408  0.815593  
0.518648  0.481353  2  2  2  2  0.177478  0.822523  
0.454473  0.545528  2  2  2  2  0.0700481  0.929952  
0.396926  0.603074  2  2  2  2  0.248363  0.751638  
0.197751  0.802251  2  2  2  2  0.0407461  0.959254  
0.283173  0.716828  2  2  2  2  0.0979415  0.902059  
0.0381185  0.961882  2  2  2  2  0.219027  0.780974  
0.296784  0.703216  2  2  2  2  0.347253  0.652748  
0.263195  0.736808  2  2  2  2  0.163951  0.83605  
0.130713  0.869287  2  2  2  2  0.262803  0.737198  
0.420259  0.579742  2  2  2  2  0.0842961  0.915704  
0.182499  0.817503  2  2  2  2  0.595729  0.404275  
0.429213  0.570787  2  2  2  2  0.0477234  0.952277  
0.256732  0.743274  2  2  2  2  0.255835  0.744166  
0.940447  0.0595536  2  2  2  2  0.205042  0.794959  
0.611673  0.388332  2  2  2  2  0.904686  0.0953756  
0.00801378  0.991986  2  2  2  2  0.946281  0.0537196  
0.311897  0.688104  2  2  2  2  0.38859  0.61142  
0.446019  0.553984  2  2  2  2  0.940447  0.0595536  
0.04539  0.95461  2  2  2  2  0.124596  0.875404  
0.686455  0.313565  2  2  2  2  0.117921  0.882079  
0.276343  0.723657  2  2  2  2  0.544506  0.455494  
0.290007  0.709993  2  2  2  2  0.64876  0.35136  
0.921711  0.0783226  2  2  2  2  0.429213  0.570787  
0.372612  0.627389  2  2  2  2  0.446019  0.553984  
0.0949691  0.905031  2  2  2  2  0.571538  0.428467  
0.364676  0.635325  2  2  2  2  0.225964  0.774037  
0.0524439  0.947556  2  2  2  2  0.290007  0.709993  
0.534525  0.465476  2  2  2  2  0.611673  0.388332  
0.404933  0.595072  2  2  2  2  0.23335  0.766652  
0.0665777  0.933422  2  2  2  2  0.526052  0.473948  
0.152362  0.84764  2  2  2  2  0.469061  0.530959  
0.469061  0.530959  2  2  2  2  0.7569  0.243104  
0.137717  0.862284  2  2  2  2  0.191303  0.808698  
0.269798  0.730202  2  2  2  2  0.454473  0.545528  
0.0736294  0.926371  2  2  2  2  0.296784  0.703216  
0.190131  0.80987  2  2  2  2  0.396926  0.603074  
0.648722  0.351285  2  2  2  2  0.737082  0.262919  
0.965916  0.034086  2  2  2  2  0.808674  0.191328  
0.102165  0.897835  2  2  2  2  0.150557  0.849443  
0.33996  0.660041  2  2  2  2  0.511078  0.488922  
0.326083  0.673917  2  2  2  2  0.283173  0.716828  
0.380527  0.619476  2  2  2  2  0.198228  0.801773  
0.802364  0.19764  2  2  2  2  0.380527  0.619476  
0.023345  0.976655  2  2  2  2  0.437677  0.562323  
0.622505  0.377497  2  2  2  2  0.0768827  0.923117  
0.437677  0.562323  2  2  2  2  0.404932  0.59507  
0.160034  0.83997  2  2  2  2  0.503096  0.496904  
0.705461  0.294545  2  2  2  2  0.304385  0.695616  
0.946281  0.0537196  2  2  2  2  0.006802  0.993198  
0.928711  0.071289  2  2  2  2  0.157177  0.842824  
0.953281  0.046719  2  2  2  2  0.928711  0.071289  
0.986332  0.0136989  2  2  2  2  0.111249  0.888751  
0.109328  0.890672  2  2  2  2  0.462239  0.537761  
1  6.04895e-09  2  2  2  2  0.212052  0.78795  
0.737809  0.262206  2  2  2  2  0.311897  0.688104  
0.526253  0.47375  2  2  2  2  0.421136  0.578869  
0.167451  0.83255  2  2  2  2  0.143994  0.856006  
0.462239  0.537761  2  2  2  2  0.970213  0.0297875  
0.672304  0.327719  2  2  2  2  0.494054  0.505946  
0.175058  0.824945  2  2  2  2  0.953281  0.046719  
0.234848  0.765161  2  2  2  2  0.131105  0.868895  
0.756898  0.243103  2  2  2  2  0.0552548  0.944745  
0.304385  0.695616  2  2  2  2  0.0909145  0.909086  
0.0156948  0.984305  2  2  2  2  0.0624724  0.937528  
0.561056  0.438945  2  2  2  2  0.137504  0.862496  
0.219878  0.780126  2  2  2  2  0.705461  0.294545  
0.503097  0.496904  2  2  2  2  0.518648  0.481353  
0.970213  0.0297875  2  2  2  2  0.485444  0.514655  
0.412886  0.587115  2  2  2  2  0.553011  0.44699  
0.571536  0.428466  2  2  2  2  0.020627  0.979373  
0.241879  0.758123  2  2  2  2  0.534525  0.465476  
0.596422  0.403661  2  2  2  2  8.53225e-10  1  
0.583618  0.416384  2  2  2  2  0.240883  0.759118  
0.388834  0.611169  2  2  2  2  0.33996  0.660041  
0.116478  0.883522  2  2  2  2  0.622505  0.377497  
0.030838  0.969162  2  2  2  2  0.0136958  0.986304  
0.636798  0.363204  2  2  2  2  1  6.04895e-09  
0.511078  0.488922  2  2  2  2  0.326083  0.673917  
9.165e-10  1  2  2  2  2  0.332923  0.667078  
0.904665  0.0953385  2  2  2  2  0.269592  0.73041  
0.145205  0.854798  2  2  2  2  0.636798  0.363204  
0.347253  0.652748  2  2  2  2  0.364676  0.635325  
0.31899  0.68101  2  2  2  2  0.276343  0.723657  
0.553011  0.44699  2  2  2  2  0.0273916  0.972608  
0.123607  0.876393  2  2  2  2  0.412886  0.587115  
0.494054  0.505946  2  2  2  2  0.561056  0.438945  
0.808674  0.191328  2  2  2  2  0.372612  0.627389  
0.485444  0.514655  2  2  2  2  0.0341061  0.965894  
0.0594713  0.940529  2  2  2  2  0.672304  0.327719  
0.332923  0.667078  2  2  2  2  0.476451  0.523549  
0.544506  0.455494  2  2  2  2  0.802364  0.19764  
0.356032  0.643969  2  2  2  2  0.686539  0.31347  
0.205042  0.794959  2  2  2  2  0.356032  0.643969  
0.21243  0.787575  2  2  2  2  0.583618  0.416384  
0.227431  0.772584  2  2  2  2  0.921701  0.0783014  
0.248363  0.751637  2  2  2  2  0.104545  0.895455  
0.0807132  0.919287  2  2  2  2  0.170689  0.829312  
0.736855  0.264509  2  2  2  2  0.965916  0.0340859  
0.0878  0.9122  2  2  2  2  0.31899  0.68101  
0.476451  0.523549  2  2  2  2  0.184407  0.815593  
0.518648  0.481353  2  2  2  2  0.177477  0.822523  
0.454473  0.545528  2  2  2  2  0.0696557  0.930344  
0.396926  0.603074  2  2  2  2  0.248363  0.751637  
0.197568  0.802433  2  2  2  2  0.0410126  0.958987  
0.283173  0.716828  2  2  2  2  0.0978038  0.902196  
0.0381185  0.961882  2  2  2  2  0.219027  0.780973  
0.296784  0.703216  2  2  2  2  0.347253  0.652747  
0.262803  0.737197  2  2  2  2  0.163951  0.83605  
0.130787  0.869214  2  2  2  2  0.262803  0.737197  
0.421136  0.578869  2  2  2  2  0.0838883  0.916112  
0.182499  0.817503  2  2  2  2  0.596422  0.403661  
0.429213  0.570787  2  2  2  2  0.0479124  0.952088  
0.255835  0.744166  2  2  2  2  0.255835  0.744166  
0.940447  0.0595535  2  2  2  2  0.205042  0.794959  
0.611671  0.38833  2  2  2  2  0.904665  0.0953385  
0.00801378  0.991986  2  2  2  2  0.946281  0.0537196  
0.311897  0.688104  2  2  2  2  0.388834  0.611169  
0.446018  0.553983  2  2  2  2  0.940447  0.0595534  
0.04539  0.95461  2  2  2  2  0.124506  0.875494  
0.686539  0.31347  2  2  2  2  0.117921  0.882079  
0.276343  0.723657  2  2  2  2  0.544506  0.455494  
0.290007  0.709993  2  2  2  2  0.648722  0.351285  
0.921701  0.0783014  2  2  2  2  0.429213  0.570787  
0.372612  0.627389  2  2  2  2  0.446018  0.553983  
0.0949691  0.905031  2  2  2  2  0.571536  0.428466  
0.364676  0.635325  2  2  2  2  0.225964  0.774037  
0.0524394  0.947561  2  2  2  2  0.290007  0.709993  
0.534525  0.465476  2  2  2  2  0.611671  0.38833  
0.404932  0.59507  2  2  2  2  0.23335  0.766651  
0.0665777  0.933422  2  2  2  2  0.526253  0.47375  
0.152508  0.847496  2  2  2  2  0.469056  0.530951  
0.469056  0.530951  2  2  2  2  0.756898  0.243103  
0.137966  0.862034  2  2  2  2  0.191303  0.808698  
0.269592  0.73041  2  2  2  2  0.454473  0.545528  
0.0736294  0.926371  2  2  2  2  0.296784  0.703216  
0.190131  0.80987  2  2  2  2  0.396926  0.603074  
0.648719  0.351282  2  2  2  2  0.736629  0.263411  
0.965916  0.0340855  2  2  2  2  0.809613  0.190454  
0.102165  0.897835  2  2  2  2  0.150557  0.849443  
0.33996  0.660041  2  2  2  2  0.511078  0.488922  
0.326083  0.673917  2  2  2  2  0.283173  0.716827  
0.380526  0.619476  2  2  2  2  0.198228  0.801773  
0.801716  0.198308  2  2  2  2  0.380526  0.619476  
0.0232241  0.976776  2  2  2  2  0.437677  0.562323  
0.622676  0.37733  2  2  2  2  0.076778  0.923222  
0.437677  0.562323  2  2  2  2  0.404931  0.59507  
0.160036  0.839965  2  2  2  2  0.503096  0.496904  
0.705667  0.294354  2  2  2  2  0.304385  0.695616  
0.946281  0.0537196  2  2  2  2  0.00680199  0.993198  
0.928711  0.0712889  2  2  2  2  0.157177  0.842824  
0.953281  0.046719  2  2  2  2  0.928711  0.0712889  
0.986332  0.0136989  2  2  2  2  0.111249  0.888751  
0.109328  0.890672  2  2  2  2  0.462239  0.537761  
1  4.72617e-09  2  2  2  2  0.212051  0.78795  
0.737809  0.262206  2  2  2  2  0.311897  0.688103  
0.526252  0.47375  2  2  2  2  0.421134  0.578867  
0.167451  0.83255  2  2  2  2  0.143994  0.856006  
0.462239  0.537761  2  2  2  2  0.970296  0.0297174  
0.672299  0.327708  2  2  2  2  0.494054  0.505946  
0.175058  0.824945  2  2  2  2  0.953281  0.046719  
0.234699  0.765316  2  2  2  2  0.130938  0.869062  
0.756898  0.243103  2  2  2  2  0.0551386  0.944861  
0.304385  0.695616  2  2  2  2  0.0908834  0.909117  
0.0156948  0.984305  2  2  2  2  0.0624633  0.937537  
0.561664  0.438358  2  2  2  2  0.137504  0.862496  
0.219878  0.780126  2  2  2  2  0.705667  0.294354  
0.503096  0.496904  2  2  2  2  0.518648  0.481353  
0.970294  0.0297177  2  2  2  2  0.4854  0.51461  
0.412886  0.587115  2  2  2  2  0.553011  0.44699  
0.571536  0.428465  2  2  2  2  0.0205493  0.979451  
0.241879  0.758123  2  2  2  2  0.534525  0.465476  
0.596371  0.403637  2  2  2  2  8.53225e-10  1  
0.583617  0.416384  2  2  2  2  0.240883  0.759118  
0.388834  0.611168  2  2  2  2  0.33996  0.660041  
0.116478  0.883522  2  2  2  2  0.622676  0.37733  
0.0308251  0.969175  2  2  2  2  0.0136958  0.986304  
0.636798  0.363204  2  2  2  2  1  4.25502e-09  
0.511078  0.488922  2  2  2  2  0.326083  0.673917  
9.165e-10  1  2  2  2  2  0.332923  0.667078  
0.904664  0.0953379  2  2  2  2  0.269591  0.73041  
0.145169  0.854831  2  2  2  2  0.636798  0.363204  
0.347894  0.652107  2  2  2  2  0.364224  0.635781  
0.31899  0.68101  2  2  2  2  0.276343  0.723657  
0.553011  0.44699  2  2  2  2  0.0273916  0.972608  
0.123607  0.876393  2  2  2  2  0.412886  0.587115  
0.494054  0.505946  2  2  2  2  0.561664  0.438358  
0.809613  0.190454  2  2  2  2  0.372612  0.627389  
0.4854  0.51461  2  2  2  2  0.0342878  0.965712  
0.0594713  0.940529  2  2  2  2  0.672299  0.327708  
0.332923  0.667078  2  2  2  2  0.476451  0.523549  
0.544506  0.455494  2  2  2  2  0.801716  0.198308  
0.356032  0.643969  2  2  2  2  0.686537  0.313465  
0.205042  0.794959  2  2  2  2  0.356032  0.643969  
0.212436  0.787566  2  2  2  2  0.583617  0.416384  
0.227383  0.772619  2  2  2  2  0.921665  0.0783443  
0.248363  0.751637  2  2  2  2  0.104528  0.895472  
0.0807132  0.919287  2  2  2  2  0.170688  0.829312  
0.736391  0.264794  2  2  2  2  0.965916  0.0340855  
0.0878817  0.912118  2  2  2  2  0.31899  0.68101  
0.476451  0.523549  2  2  2  2  0.184407  0.815593  
0.518648  0.481353  2  2  2  2  0.177477  0.822523  
0.454473  0.545527  2  2  2  2  0.0696557  0.930344  
0.396926  0.603074  2  2  2  2  0.248363  0.751637  
0.197568  0.802433  2  2  2  2  0.0412819  0.958718  
0.283173  0.716828  2  2  2  2  0.0977769  0.902223  
0.0381185  0.961882  2  2  2  2  0.219027  0.780973  
0.296784  0.703216  2  2  2  2  0.347894  0.652107  
0.262803  0.737197  2  2  2  2  0.163951  0.83605  
0.130787  0.869214  2  2  2  2  0.262803  0.737197  
0.421134  0.578867  2  2  2  2  0.0838883  0.916112  
0.182499  0.817503  2  2  2  2  0.596371  0.403637  
0.429213  0.570787  2  2  2  2  0.0480218  0.951978  
0.255835  0.744166  2  2  2  2  0.255835  0.744166  
0.940426  0.0595766  2  2  2  2  0.205042  0.794959  
0.61167  0.38833  2  2  2  2  0.904664  0.0953379  
0.00799134  0.992009  2  2  2  2  0.946281  0.0537195  
0.311897  0.688103  2  2  2  2  0.388834  0.611168  
0.446018  0.553983  2  2  2  2  0.940426  0.0595766  
0.0453001  0.9547  2  2  2  2  0.124429  0.875572  
0.686537  0.313465  2  2  2  2  0.117921  0.882079  
0.276343  0.723657  2  2  2  2  0.544506  0.455494  
0.290007  0.709993  2  2  2  2  0.648719  0.351282  
0.921665  0.0783443  2  2  2  2  0.429213  0.570787  
0.372612  0.627389  2  2  2  2  0.446018  0.553983  
0.0950037  0.904996  2  2  2  2  0.571536  0.428465  
0.364224  0.635781  2  2  2  2  0.226296  0.773708  
0.0524394  0.947561  2  2  2  2  0.290007  0.709993  
0.534525  0.465476  2  2  2  2  0.61167  0.38833  
0.404931  0.59507  2  2  2  2  0.23335  0.766651  
0.0665777  0.933422  2  2  2  2  0.526252  0.47375  
0.152539  0.847462  2  2  2  2  0.469053  0.530949  
0.469053  0.530949  2  2  2  2  0.756898  0.243103  
0.137966  0.862034  2  2  2  2  0.191303  0.808698  
0.269591  0.73041  2  2  2  2  0.454473  0.545527  
0.0736294  0.926371  2  2  2  2  0.296784  0.703216  
0.190131  0.80987  2  2  2  2  0.396926  0.603074  
0.649815  0.350585  2  2  2  2  0.736372  0.263652  
0.965915  0.0340853  2  2  2  2  0.81068  0.18955  
0.102165  0.897835  2  2  2  2  0.150557  0.849443  
0.33996  0.660041  2  2  2  2  0.511078  0.488922  
0.326083  0.673917  2  2  2  2  0.283173  0.716827  
0.380526  0.619475  2  2  2  2  0.198227  0.801773  
0.801713  0.198289  2  2  2  2  0.380526  0.619475  
0.0231886  0.976811  2  2  2  2  0.437677  0.562323  
0.622907  0.377108  2  2  2  2  0.076778  0.923222  
0.437677  0.562323  2  2  2  2  0.404931  0.59507  
0.160036  0.839965  2  2  2  2  0.502786  0.497217  
0.705659  0.294346  2  2  2  2  0.304385  0.695616  
0.946281  0.0537196  2  2  2  2  0.00680199  0.993198  
0.928711  0.0712889  2  2  2  2  0.157176  0.842824  
0.95329  0.0467107  2  2  2  2  0.928711  0.0712889  
0.986332  0.0136989  2  2  2  2  0.111171  0.888829  
0.109328  0.890672  2  2  2  2  0.4618  0.538207  
1  2.88628e-09  2  2  2  2  0.212051  0.787949  
0.737809  0.262206  2  2  2  2  0.311897  0.688103  
0.526252  0.473749  2  2  2  2  0.421134  0.578867  
0.167459  0.832543  2  2  2  2  0.143994  0.856006  
0.4618  0.538207  2  2  2  2  0.970318  0.0296895  
0.671922  0.328116  2  2  2  2  0.494054  0.505946  
0.17496  0.82504  2  2  2  2  0.95329  0.0467107  
0.234108  0.765898  2  2  2  2  0.130938  0.869062  
0.757255  0.242757  2  2  2  2  0.0553885  0.944612  
0.304385  0.695616  2  2  2  2  0.0908834  0.909117  
0.0156435  0.984356  2  2  2  2  0.0624633  0.937537  
0.56165  0.438354  2  2  2  2  0.137504  0.862496  
0.219878  0.780126  2  2  2  2  0.705659  0.294346  
0.502786  0.497217  2  2  2  2  0.518648  0.481352  
0.970318  0.0296895  2  2  2  2  0.485507  0.514498  
0.412886  0.587115  2  2  2  2  0.553011  0.446989  
0.572134  0.427874  2  2  2  2  0.0205493  0.979451  
0.241195  0.758808  2  2  2  2  0.534525  0.465475  
0.596369  0.403633  2  2  2  2  8.53225e-10  1  
0.583616  0.416384  2  2  2  2  0.240883  0.759117  
0.388834  0.611168  2  2  2  2  0.339959  0.660041  
0.116478  0.883522  2  2  2  2  0.622907  0.377108  
0.0308251  0.969175  2  2  2  2  0.0136958  0.986304  
0.636798  0.363203  2  2  2  2  1  2.88628e-09  
0.511078  0.488922  2  2  2  2  0.326083  0.673917  
9.165e-10  1  2  2  2  2  0.332923  0.667078  
0.904571  0.0954623  2  2  2  2  0.269591  0.730409  
0.145233  0.854767  2  2  2  2  0.636797  0.363203  
0.347894  0.652107  2  2  2  2  0.364224  0.635777  
0.31899  0.68101  2  2  2  2  0.276343  0.723657  
0.553011  0.446989  2  2  2  2  0.0273916  0.972608  
0.123607  0.876393  2  2  2  2  0.412886  0.587115  
0.494054  0.505946  2  2  2  2  0.56165  0.438354  
0.81068  0.18955  2  2  2  2  0.372612  0.627389  
0.485507  0.514498  2  2  2  2  0.0343284  0.965672  
0.0594907  0.940509  2  2  2  2  0.671922  0.328116  
0.332923  0.667078  2  2  2  2  0.477411  0.522619  
0.544506  0.455494  2  2  2  2  0.801713  0.198289  
0.356032  0.643969  2  2  2  2  0.686537  0.313464  
0.205042  0.794959  2  2  2  2  0.356032  0.643969  
0.212436  0.787566  2  2  2  2  0.583616  0.416384  
0.227039  0.772973  2  2  2  2  0.921662  0.078342  
0.248363  0.751637  2  2  2  2  0.104479  0.895521  
0.0807132  0.919287  2  2  2  2  0.170688  0.829312  
0.736267  0.263948  2  2  2  2  0.965915  0.0340853  
0.0878817  0.912118  2  2  2  2  0.31899  0.68101  
0.477411  0.522619  2  2  2  2  0.184407  0.815593  
0.518648  0.481352  2  2  2  2  0.177477  0.822523  
0.454473  0.545527  2  2  2  2  0.0696171  0.930383  
0.396926  0.603074  2  2  2  2  0.248363  0.751637  
0.197568  0.802433  2  2  2  2  0.0412819  0.958718  
0.283173  0.716828  2  2  2  2  0.0977698  0.90223  
0.0381185  0.961882  2  2  2  2  0.219027  0.780973  
0.297041  0.702964  2  2  2  2  0.347894  0.652107  
0.262803  0.737197  2  2  2  2  0.16395  0.83605  
0.130803  0.869197  2  2  2  2  0.262803  0.737197  
0.421134  0.578867  2  2  2  2  0.083868  0.916132  
0.182499  0.817503  2  2  2  2  0.596369  0.403633  
0.429213  0.570787  2  2  2  2  0.0483456  0.951654  
0.255835  0.744166  2  2  2  2  0.255835  0.744166  
0.940425  0.0595758  2  2  2  2  0.205042  0.794959  
0.611359  0.388662  2  2  2  2  0.904571  0.0954623  
0.00790478  0.992095  2  2  2  2  0.946281  0.0537195  
0.311897  0.688103  2  2  2  2  0.388834  0.611168  
0.446018  0.553983  2  2  2  2  0.940425  0.0595758  
0.0453001  0.9547  2  2  2  2  0.124428  0.875572  
0.686537  0.313464  2  2  2  2  0.117852  0.882148  
0.276343  0.723657  2  2  2  2  0.544506  0.455494  
0.290007  0.709993  2  2  2  2  0.649815  0.350585  
0.921662  0.078342  2  2  2  2  0.429213  0.570787  
0.372612  0.627389  2  2  2  2  0.446018  0.553983  
0.0950037  0.904996  2  2  2  2  0.572134  0.427874  
0.364224  0.635777  2  2  2  2  0.226294  0.773707  
0.0524394  0.947561  2  2  2  2  0.290007  0.709993  
0.534525  0.465475  2  2  2  2  0.611359  0.388662  
0.404931  0.59507  2  2  2  2  0.23335  0.766651  
0.0665777  0.933422  2  2  2  2  0.526252  0.473749  
0.152539  0.847462  2  2  2  2  0.469052  0.530948  
0.469052  0.530948  2  2  2  2  0.757255  0.242757  
0.138006  0.861995  2  2  2  2  0.191302  0.808698  
0.269591  0.730409  2  2  2  2  0.454473  0.545527  
0.0736294  0.926371  2  2  2  2  0.297041  0.702964  
0.190131  0.80987  2  2  2  2  0.396926  0.603074  
0.650341  0.349693  2  2  2  2  0.736366  0.263644  
0.965915  0.0340853  2  2  2  2  0.810524  0.189488  
0.102165  0.897835  2  2  2  2  0.150557  0.849443  
0.339959  0.660041  2  2  2  2  0.511078  0.488922  
0.326083  0.673917  2  2  2  2  0.283173  0.716827  
0.380526  0.619475  2  2  2  2  0.198227  0.801773  
0.801712  0.198289  2  2  2  2  0.380526  0.619475  
0.0230849  0.976917  2  2  2  2  0.437677  0.562323  
0.622901  0.377101  2  2  2  2  0.076778  0.923222  
0.437677  0.562323  2  2  2  2  0.404931  0.59507  
0.160036  0.839965  2  2  2  2  0.502786  0.497216  
0.70589  0.294125  2  2  2  2  0.304385  0.695615  
0.946281  0.0537195  2  2  2  2  0.00680199  0.993198  
0.928711  0.0712889  2  2  2  2  0.157176  0.842824  
0.95329  0.0467105  2  2  2  2  0.928711  0.0712889  
0.986332  0.0136989  2  2  2  2  0.111171  0.888829  
0.109328  0.890672  2  2  2  2  0.461798  0.538205  
1  1.87115e-09  2  2  2  2  0.212051  0.787949  
0.737809  0.262206  2  2  2  2  0.311897  0.688103  
0.526252  0.473749  2  2  2  2  0.421134  0.578867  
0.167459  0.832543  2  2  2  2  0.143994  0.856006  
0.461798  0.538205  2  2  2  2  0.970313  0.0296888  
0.671606  0.328431  2  2  2  2  0.494054  0.505946  
0.17496  0.82504  2  2  2  2  0.95329  0.0467105  
0.234108  0.765898  2  2  2  2  0.130938  0.869062  
0.757432  0.242576  2  2  2  2  0.0553885  0.944612  
0.304385  0.695615  2  2  2  2  0.0908314  0.909169  
0.0156435  0.984356  2  2  2  2  0.0624633  0.937537  
0.561649  0.438352  2  2  2  2  0.137504  0.862496  
0.219878  0.780126  2  2  2  2  0.70589  0.294125  
0.502786  0.497216  2  2  2  2  0.518648  0.481352  
0.970313  0.0296888  2  2  2  2  0.485506  0.514496  
0.412886  0.587115  2  2  2  2  0.553011  0.446989  
0.572133  0.42787  2  2  2  2  0.0205493  0.979451  
0.241195  0.758808  2  2  2  2  0.534525  0.465475  
0.596368  0.403633  2  2  2  2  6.38057e-10  1  
0.583616  0.416384  2  2  2  2  0.240883  0.759117  
0.388833  0.611167  2  2  2  2  0.339959  0.660041  
0.116478  0.883522  2  2  2  2  0.622901  0.377101  
0.0304432  0.969557  2  2  2  2  0.0136643  0.986336  
0.636797  0.363203  2  2  2  2  1  1.87115e-09  
0.511078  0.488922  2  2  2  2  0.326083  0.673917  
9.165e-10  1  2  2  2  2  0.332923  0.667077  
0.904554  0.0954511  2  2  2  2  0.269591  0.730409  
0.145233  0.854767  2  2  2  2  0.636797  0.363203  
0.347894  0.652107  2  2  2  2  0.364223  0.635777  
0.31899  0.68101  2  2  2  2  0.276343  0.723657  
0.553011  0.446989  2  2  2  2  0.0274745  0.972526  
0.123607  0.876393  2  2  2  2  0.412886  0.587115  
0.494054  0.505946  2  2  2  2  0.561649  0.438352  
0.810524  0.189488  2  2  2  2  0.372612  0.627389  
0.485506  0.514496  2  2  2  2  0.0344001  0.9656  
0.0593966  0.940603  2  2  2  2  0.671606  0.328431  
0.332923  0.667078  2  2  2  2  0.477401  0.522604  
0.544506  0.455494  2  2  2  2  0.801712  0.198289  
0.356032  0.643969  2  2  2  2  0.686537  0.313464  
0.205042  0.794959  2  2  2  2  0.356032  0.643969  
0.212436  0.787566  2  2  2  2  0.583616  0.416384  
0.227037  0.772973  2  2  2  2  0.921628  0.0783795  
0.248363  0.751637  2  2  2  2  0.104479  0.895521  
0.0807132  0.919287  2  2  2  2  0.170688  0.829312  
0.736204  0.263923  2  2  2  2  0.965915  0.0340853  
0.0878363  0.912164  2  2  2  2  0.31899  0.68101  
0.477401  0.522604  2  2  2  2  0.184407  0.815593  
0.518648  0.481352  2  2  2  2  0.177477  0.822523  
0.453672  0.546333  2  2  2  2  0.0696171  0.930383  
0.396926  0.603074  2  2  2  2  0.248363  0.751637  
0.197568  0.802433  2  2  2  2  0.0413888  0.958611  
0.283173  0.716828  2  2  2  2  0.0977571  0.902243  
0.0377192  0.962281  2  2  2  2  0.219027  0.780973  
0.297038  0.702963  2  2  2  2  0.347894  0.652107  
0.262803  0.737197  2  2  2  2  0.16395  0.83605  
0.130803  0.869197  2  2  2  2  0.262803  0.737197  
0.421134  0.578867  2  2  2  2  0.083868  0.916132  
0.182499  0.817503  2  2  2  2  0.596368  0.403633  
0.429213  0.570787  2  2  2  2  0.0484138  0.951586  
0.255835  0.744166  2  2  2  2  0.255835  0.744166  
0.940425  0.0595758  2  2  2  2  0.205042  0.794959  
0.61116  0.388853  2  2  2  2  0.904554  0.0954511  
0.00790478  0.992095  2  2  2  2  0.946281  0.0537194  
0.311897  0.688103  2  2  2  2  0.388833  0.611167  
0.446018  0.553983  2  2  2  2  0.940425  0.0595758  
0.0449633  0.955037  2  2  2  2  0.124428  0.875572  
0.686537  0.313464  2  2  2  2  0.117852  0.882148  
0.276343  0.723657  2  2  2  2  0.544506  0.455494  
0.290007  0.709993  2  2  2  2  0.650341  0.349693  
0.921628  0.0783795  2  2  2  2  0.429213  0.570787  
0.372612  0.627389  2  2  2  2  0.446018  0.553983  
0.0950037  0.904996  2  2  2  2  0.572133  0.42787  
0.364223  0.635777  2  2  2  2  0.226294  0.773706  
0.052176  0.947824  2  2  2  2  0.290007  0.709993  
0.534525  0.465475  2  2  2  2  0.61116  0.388853  
0.404931  0.59507  2  2  2  2  0.23368  0.766323  
0.0665777  0.933422  2  2  2  2  0.526251  0.473749  
0.152539  0.847462  2  2  2  2  0.469052  0.530948  
0.469052  0.530948  2  2  2  2  0.757432  0.242576  
0.138006  0.861995  2  2  2  2  0.191302  0.808698  
0.269591  0.730409  2  2  2  2  0.453672  0.546333  
0.0736503  0.92635  2  2  2  2  0.297038  0.702963  
0.190131  0.80987  2  2  2  2  0.396926  0.603074  
0.651194  0.348909  2  2  2  2  0.736366  0.263636  
0.965915  0.0340853  2  2  2  2  0.810857  0.189191  
0.102165  0.897835  2  2  2  2  0.150557  0.849443  
0.339959  0.660041  2  2  2  2  0.511078  0.488922  
0.326083  0.673917  2  2  2  2  0.283173  0.716827  
0.380526  0.619475  2  2  2  2  0.198227  0.801773  
0.80148  0.19872  2  2  2  2  0.380526  0.619475  
0.0230849  0.976917  2  2  2  2  0.437677  0.562323  
0.6229  0.377101  2  2  2  2  0.076778  0.923222  
0.437677  0.562323  2  2  2  2  0.40493  0.59507  
0.160036  0.839965  2  2  2  2  0.502785  0.497216  
0.705886  0.294118  2  2  2  2  0.304385  0.695615  
0.946281  0.0537194  2  2  2  2  0.00680199  0.993198  
0.928711  0.0712889  2  2  2  2  0.157176  0.842824  
0.95329  0.0467104  2  2  2  2  0.928711  0.0712889  
0.986332  0.0136989  2  2  2  2  0.111171  0.888829  
0.109328  0.890672  2  2  2  2  0.461798  0.538204  
1  1.13648e-09  2  2  2  2  0.212051  0.787949  
0.737809  0.262206  2  2  2  2  0.311897  0.688103  
0.526251  0.473749  2  2  2  2  0.421134  0.578867  
0.167459  0.832543  2  2  2  2  0.143994  0.856006  
0.461798  0.538204  2  2  2  2  0.970373  0.0296549  
0.67119  0.328827  2  2  2  2  0.494054  0.505946  
0.17496  0.82504  2  2  2  2  0.95329  0.0467104  
0.234108  0.765898  2  2  2  2  0.130938  0.869062  
0.757474  0.242532  2  2  2  2  0.0553885  0.944612  
0.304385  0.695615  2  2  2  2  0.0908314  0.909169  
0.0155499  0.98445  2  2  2  2  0.0624633  0.937537  
0.561649  0.438352  2  2  2  2  0.137504  0.862496  
0.219634  0.78037  2  2  2  2  0.705886  0.294118  
0.502785  0.497216  2  2  2  2  0.518648  0.481352  
0.970373  0.0296549  2  2  2  2  0.485621  0.51438  
0.412886  0.587115  2  2  2  2  0.553011  0.446989  
0.572132  0.427869  2  2  2  2  0.0205493  0.979451  
0.241195  0.758808  2  2  2  2  0.534525  0.465475  
0.596368  0.403633  2  2  2  2  5.48312e-10  1  
0.583616  0.416384  2  2  2  2  0.240883  0.759117  
0.388833  0.611167  2  2  2  2  0.339959  0.660041  
0.116478  0.883522  2  2  2  2  0.6229  0.377101  
0.0304432  0.969557  2  2  2  2  0.0136643  0.986336  
0.636797  0.363203  2  2  2  2  1  8.95138e-10  
0.511078  0.488922  2  2  2  2  0.326083  0.673917  
9.165e-10  1  2  2  2  2  0.332923  0.667077  
0.904551  0.0954497  2  2  2  2  0.269591  0.730409  
0.145233  0.854767  2  2  2  2  0.636797  0.363203  
0.347894  0.652107  2  2  2  2  0.364223  0.635777  
0.31899  0.68101  2  2  2  2  0.276343  0.723657  
0.553011  0.446989  2  2  2  2  0.0274745  0.972526  
0.123607  0.876393  2  2  2  2  0.412886  0.587115  
0.494054  0.505946  2  2  2  2  0.561649  0.438352  
0.810857  0.189191  2  2  2  2  0.37246  0.62754  
0.485621  0.51438  2  2  2  2  0.0344001  0.9656  
0.0593306  0.940669  2  2  2  2  0.67119  0.328827  
0.332923  0.667077  2  2  2  2  0.4774  0.522601  
0.544506  0.455494  2  2  2  2  0.80148  0.19872  
0.356031  0.643969  2  2  2  2  0.686537  0.313464  
0.205042  0.794959  2  2  2  2  0.356031  0.643969  
0.212436  0.787566  2  2  2  2  0.583616  0.416384  
0.227042  0.772965  2  2  2  2  0.921624  0.0783771  
0.248363  0.751637  2  2  2  2  0.104409  0.895591  
0.0807132  0.919287  2  2  2  2  0.170688  0.829312  
0.736066  0.264181  2  2  2  2  0.965915  0.0340852  
0.0878363  0.912164  2  2  2  2  0.31899  0.68101  
0.477401  0.522601  2  2  2  2  0.184407  0.815593  
0.518648  0.481352  2  2  2  2  0.177477  0.822523  
0.45367  0.546332  2  2  2  2  0.0696171  0.930383  
0.396893  0.603107  2  2  2  2  0.248363  0.751637  
0.197568  0.802433  2  2  2  2  0.0413888  0.958611  
0.283173  0.716827  2  2  2  2  0.0976625  0.902338  
0.0377192  0.962281  2  2  2  2  0.219027  0.780973  
0.297038  0.702962  2  2  2  2  0.347894  0.652107  
0.262803  0.737197  2  2  2  2  0.16395  0.83605  
0.130803  0.869197  2  2  2  2  0.262803  0.737197  
0.421134  0.578867  2  2  2  2  0.083868  0.916132  
0.182653  0.817348  2  2  2  2  0.596368  0.403632  
0.429213  0.570787  2  2  2  2  0.0484138  0.951586  
0.255835  0.744166  2  2  2  2  0.255835  0.744166  
0.940425  0.0595755  2  2  2  2  0.205041  0.794959  
0.611075  0.388932  2  2  2  2  0.904551  0.0954497  
0.00790478  0.992095  2  2  2  2  0.946281  0.0537194  
0.311897  0.688103  2  2  2  2  0.388833  0.611167  
0.446018  0.553983  2  2  2  2  0.940425  0.0595755  
0.0449633  0.955037  2  2  2  2  0.124428  0.875572  
0.686537  0.313464  2  2  2  2  0.117852  0.882148  
0.276343  0.723657  2  2  2  2  0.544506  0.455494  
0.290007  0.709993  2  2  2  2  0.651194  0.348909  
0.921624  0.0783771  2  2  2  2  0.429213  0.570787  
0.37246  0.62754  2  2  2  2  0.446018  0.553983  
0.0950037  0.904996  2  2  2  2  0.572132  0.427869  
0.364223  0.635777  2  2  2  2  0.226294  0.773706  
0.052176  0.947824  2  2  2  2  0.290007  0.709993  
0.534525  0.465475  2  2  2  2  0.611075  0.388932  
0.40493  0.59507  2  2  2  2  0.233677  0.766323  
0.066516  0.933484  2  2  2  2  0.526251  0.473749  
0.152559  0.847442  2  2  2  2  0.469052  0.530948  
0.469052  0.530948  2  2  2  2  0.757474  0.242532  
0.138006  0.861995  2  2  2  2  0.191302  0.808698  
0.269591  0.730409  2  2  2  2  0.45367  0.546332  
0.0736503  0.92635  2  2  2  2  0.297038  0.702962  
0.190131  0.80987  2  2  2  2  0.396893  0.603107  
