2.87417  0.667341  6.18688  4.7746  1.79769e+308  1.79769e+308  2.87417  0.667341  
5.18688  0.0246591  6.18688  4.7746  1.79769e+308  1.79769e+308  5.18688  0.0246591  
2.30634  0.879757  6.18688  4.7746  1.79769e+308  1.79769e+308  2.30634  0.879757  
2.2341  0.681971  6.18688  4.7746  1.79769e+308  1.79769e+308  2.2341  0.681971  
1.39571  2.509  6.18688  4.7746  1.79769e+308  1.79769e+308  1.39571  2.509  
4.22994  0.1683  6.18688  4.7746  1.79769e+308  1.79769e+308  4.22994  0.1683  
2.82051  0.826638  6.18688  4.7746  1.79769e+308  1.79769e+308  2.82051  0.826638  
1.41824  1.98981  6.18688  4.7746  1.79769e+308  1.79769e+308  1.41824  1.98981  
2.33762  0.814741  6.18688  4.7746  1.79769e+308  1.79769e+308  2.33762  0.814741  
1.57975  1.76922  6.18688  4.7746  1.79769e+308  1.79769e+308  1.57975  1.76922  
0.593531  3.53862  6.18688  4.7746  1.79769e+308  1.79769e+308  0.593531  3.53862  
2.89686  0.738618  6.18688  4.7746  1.79769e+308  1.79769e+308  2.89686  0.738618  
2.3516  0.790096  6.18688  4.7746  1.79769e+308  1.79769e+308  2.3516  0.790096  
0.393551  3.75229  6.18688  4.7746  1.79769e+308  1.79769e+308  0.393551  3.75229  
2.49195  1.63102  6.18688  4.7746  1.79769e+308  1.79769e+308  2.49195  1.63102  
0.713622  2.67005  6.18688  4.7746  1.79769e+308  1.79769e+308  0.713622  2.67005  
3.14987  0.695791  6.18688  4.7746  1.79769e+308  1.79769e+308  3.14987  0.695791  
0.691154  2.1854  6.18688  4.7746  1.79769e+308  1.79769e+308  0.691154  2.1854  
0.682025  3.09937  6.18688  4.7746  1.79769e+308  1.79769e+308  0.682025  3.09937  
4.58861  0.0846677  6.18688  4.7746  1.79769e+308  1.79769e+308  4.58861  0.0846677  
4.10787  0.449936  6.18688  4.7746  1.79769e+308  1.79769e+308  4.10787  0.449936  
4.17058  0.322311  6.18688  4.7746  1.79769e+308  1.79769e+308  4.17058  0.322311  
2.72446  0.760899  6.18688  4.7746  1.79769e+308  1.79769e+308  2.72446  0.760899  
0.106984  3.7746  6.18688  4.7746  1.79769e+308  1.79769e+308  0.106984  3.7746  
2.09801  1.02121  6.18688  4.7746  1.79769e+308  1.79769e+308  2.09801  1.02121  
1.38373  2.21085  6.18688  4.7746  1.79769e+308  1.79769e+308  1.38373  2.21085  
1.86325  0.800126  6.18688  4.7746  1.79769e+308  1.79769e+308  1.86325  0.800126  
1.18161  1.75401  6.18688  4.7746  1.79769e+308  1.79769e+308  1.18161  1.75401  
4.01346  0.442776  6.18688  4.7746  1.79769e+308  1.79769e+308  4.01346  0.442776  
1.38712  2.4369  6.18688  4.7746  1.79769e+308  1.79769e+308  1.38712  2.4369  
2.27753  0.785967  6.18688  4.7746  1.79769e+308  1.79769e+308  2.27753  0.785967  
0.817428  2.49556  6.18688  4.7746  1.79769e+308  1.79769e+308  0.817428  2.49556  
4.35747  0.119119  6.18688  4.7746  1.79769e+308  1.79769e+308  4.35747  0.119119  
2.22918  1.20093  6.18688  4.7746  1.79769e+308  1.79769e+308  2.22918  1.20093  
3.59874  0.40781  6.18688  4.7746  1.79769e+308  1.79769e+308  3.59874  0.40781  
0.748683  2.73536  6.18688  4.7746  1.79769e+308  1.79769e+308  0.748683  2.73536  
4.07747  0.464682  6.18688  4.7746  1.79769e+308  1.79769e+308  4.07747  0.464682  
1.81779  1.76201  6.18688  4.7746  1.79769e+308  1.79769e+308  1.81779  1.76201  
2.57624  1.515  6.18688  4.7746  1.79769e+308  1.79769e+308  2.57624  1.515  
2.07748  0.550571  6.18688  4.7746  1.79769e+308  1.79769e+308  2.07748  0.550571  
2.73952  0.537623  6.18688  4.7746  1.79769e+308  1.79769e+308  2.73952  0.537623  
0.431966  3.19071  6.18688  4.7746  1.79769e+308  1.79769e+308  0.431966  3.19071  
2.43935  0.667784  6.18688  4.7746  1.79769e+308  1.79769e+308  2.43935  0.667784  
5.0305  0.103208  6.18688  4.7746  1.79769e+308  1.79769e+308  5.0305  0.103208  
0.31258  3.04559  6.18688  4.7746  1.79769e+308  1.79769e+308  0.31258  3.04559  
4.39193  0.355905  6.18688  4.7746  1.79769e+308  1.79769e+308  4.39193  0.355905  
1.23029  2.44268  6.18688  4.7746  1.79769e+308  1.79769e+308  1.23029  2.44268  
5.04028  0.0904342  6.18688  4.7746  1.79769e+308  1.79769e+308  5.04028  0.0904342  
4.24217  0.111189  6.18688  4.7746  1.79769e+308  1.79769e+308  4.24217  0.111189  
0.43977  3.27954  6.18688  4.7746  1.79769e+308  1.79769e+308  0.43977  3.27954  
1.79654  1.38548  6.18688  4.7746  1.79769e+308  1.79769e+308  1.79654  1.38548  
4.56613  0.369791  6.18688  4.7746  1.79769e+308  1.79769e+308  4.56613  0.369791  
2.90979  0.593168  6.18688  4.7746  1.79769e+308  1.79769e+308  2.90979  0.593168  
4.46388  0.277315  6.18688  4.7746  1.79769e+308  1.79769e+308  4.46388  0.277315  
0.549322  3.13264  6.18688  4.7746  1.79769e+308  1.79769e+308  0.549322  3.13264  
1.30448  1.82226  6.18688  4.7746  1.79769e+308  1.79769e+308  1.30448  1.82226  
2.90791  0.448691  6.18688  4.7746  1.79769e+308  1.79769e+308  2.90791  0.448691  
0.78877  2.66006  6.18688  4.7746  1.79769e+308  1.79769e+308  0.78877  2.66006  
1.06365  2.52752  6.18688  4.7746  1.79769e+308  1.79769e+308  1.06365  2.52752  
1.42238  2.46163  6.18688  4.7746  1.79769e+308  1.79769e+308  1.42238  2.46163  
1.64574  1.81303  6.18688  4.7746  1.79769e+308  1.79769e+308  1.64574  1.81303  
4.00416  0.360332  6.18688  4.7746  1.79769e+308  1.79769e+308  4.00416  0.360332  
1.75829  2.17912  6.18688  4.7746  1.79769e+308  1.79769e+308  1.75829  2.17912  
2.6907  0.506212  6.18688  4.7746  1.79769e+308  1.79769e+308  2.6907  0.506212  
2.32762  0.904879  6.18688  4.7746  1.79769e+308  1.79769e+308  2.32762  0.904879  
2.78085  0.50479  6.18688  4.7746  1.79769e+308  1.79769e+308  2.78085  0.50479  
0.680435  2.10184  6.18688  4.7746  1.79769e+308  1.79769e+308  0.680435  2.10184  
0.529622  3.05439  6.18688  4.7746  1.79769e+308  1.79769e+308  0.529622  3.05439  
2.85022  0.54909  6.18688  4.7746  1.79769e+308  1.79769e+308  2.85022  0.54909  
4.01884  0.356222  6.18688  4.7746  1.79769e+308  1.79769e+308  4.01884  0.356222  
0.906315  2.72818  6.18688  4.7746  1.79769e+308  1.79769e+308  0.906315  2.72818  
1.14889  2.63321  6.18688  4.7746  1.79769e+308  1.79769e+308  1.14889  2.63321  
1.41327  2.02907  6.18688  4.7746  1.79769e+308  1.79769e+308  1.41327  2.02907  
1.90087  1.49347  6.18688  4.7746  1.79769e+308  1.79769e+308  1.90087  1.49347  
0.939437  2.3005  6.18688  4.7746  1.79769e+308  1.79769e+308  0.939437  2.3005  
3.10372  0.532429  6.18688  4.7746  1.79769e+308  1.79769e+308  3.10372  0.532429  
2.25948  0.972627  6.18688  4.7746  1.79769e+308  1.79769e+308  2.25948  0.972627  
2.54167  0.672793  6.18688  4.7746  1.79769e+308  1.79769e+308  2.54167  0.672793  
1.09994  2.77217  6.18688  4.7746  1.79769e+308  1.79769e+308  1.09994  2.77217  
2.93259  0.702815  6.18688  4.7746  1.79769e+308  1.79769e+308  2.93259  0.702815  
2.06524  1.90893  6.18688  4.7746  1.79769e+308  1.79769e+308  2.06524  1.90893  
1.13093  2.55865  6.18688  4.7746  1.79769e+308  1.79769e+308  1.13093  2.55865  
4.44828  0.263903  6.18688  4.7746  1.79769e+308  1.79769e+308  4.44828  0.263903  
1.31902  1.86508  6.18688  4.7746  1.79769e+308  1.79769e+308  1.31902  1.86508  
4.24944  0.322883  6.18688  4.7746  1.79769e+308  1.79769e+308  4.24944  0.322883  
4.01636  0.523478  6.18688  4.7746  1.79769e+308  1.79769e+308  4.01636  0.523478  
4.22075  0.309218  6.18688  4.7746  1.79769e+308  1.79769e+308  4.22075  0.309218  
2.94489  0.921926  6.18688  4.7746  1.79769e+308  1.79769e+308  2.94489  0.921926  
4.94897  0.151621  6.18688  4.7746  1.79769e+308  1.79769e+308  4.94897  0.151621  
2.7398  0.727631  6.18688  4.7746  1.79769e+308  1.79769e+308  2.7398  0.727631  
1.52469  2.01337  6.18688  4.7746  1.79769e+308  1.79769e+308  1.52469  2.01337  
1.412  1.78215  6.18688  4.7746  1.79769e+308  1.79769e+308  1.412  1.78215  
2.68129  0.829163  6.18688  4.7746  1.79769e+308  1.79769e+308  2.68129  0.829163  
3.30806  0.550024  6.18688  4.7746  1.79769e+308  1.79769e+308  3.30806  0.550024  
1.64969  1.63866  6.18688  4.7746  1.79769e+308  1.79769e+308  1.64969  1.63866  
0.842135  3.08756  6.18688  4.7746  1.79769e+308  1.79769e+308  0.842135  3.08756  
0.71907  2.7779  6.18688  4.7746  1.79769e+308  1.79769e+308  0.71907  2.7779  
1.25057  2.52306  6.18688  4.7746  1.79769e+308  1.79769e+308  1.25057  2.52306  
1.93571  1.51305  6.18688  4.7746  1.79769e+308  1.79769e+308  1.93571  1.51305  
4.83587  0.15326  6.18688  4.7746  1.79769e+308  1.79769e+308  4.83587  0.15326  
0.0630875  0.78703  6.8159  6.74877  2.04026  3.99926  0.944206  0.132549  
0.0079434  0.946026  6.8159  6.74877  2.04026  3.99926  4.25577  0.0962118  
0.0588069  0.795888  6.8159  6.74877  2.04026  3.99926  0.686718  2.10996  
0.0616204  0.790031  6.8159  6.74877  2.04026  3.99926  3.2832  0.0610084  
1.02376  0.00868384  6.8159  6.74877  2.04026  3.99926  0.00837219  3.7836  
6.61107e-06  2.7466  6.8159  6.74877  2.04026  3.99926  5.6636  1.32802e-06  
0.074458  0.763113  6.8159  6.74877  2.04026  3.99926  1.04026  1.82131e-13  
0.0106546  0.931674  6.8159  6.74877  2.04026  3.99926  0.353148  2.85973  
1.00987  0.015711  6.8159  6.74877  2.04026  3.99926  1.69429e-10  4.37355  
0.577435  0.262009  6.8159  6.74877  2.04026  3.99926  3.12928  7.05535e-06  
1.02042  0.0103715  6.8159  6.74877  2.04026  3.99926  3.04165e-09  4.34292  
0.352615  0.430022  6.8159  6.74877  2.04026  3.99926  0.000240088  4.95348  
1.04026  1.82131e-13  6.8159  6.74877  2.04026  3.99926  4.14637  0.074924  
1.08057e-08  2.99926  6.8159  6.74877  2.04026  3.99926  5.8159  5.61477e-05  
0.00881525  0.941176  6.8159  6.74877  2.04026  3.99926  0.189303  4.64255  
0.00178166  1.00404  6.8159  6.74877  2.04026  3.99926  0.334066  4.27569  
0.00119521  1.01186  6.8159  6.74877  2.04026  3.99926  0.0125465  0.922191  
0.00517542  0.973619  6.8159  6.74877  2.04026  3.99926  2.96954  5.19914e-13  
1.02364  0.00879538  6.8159  6.74877  2.04026  3.99926  0.329721  4.22008  
1.02596  0.00717448  6.8159  6.74877  2.04026  3.99926  0.00678273  3.73026  
0.0031471  0.98983  6.8159  6.74877  2.04026  3.99926  0.135791  4.29527  
1.03117  0.00500298  6.8159  6.74877  2.04026  3.99926  0.00826757  3.5776  
0.01013  0.936634  6.8159  6.74877  2.04026  3.99926  1.12091  2.95814  
0.0527237  0.806208  6.8159  6.74877  2.04026  3.99926  0.0184118  4.94709  
0.0462679  0.827117  6.8159  6.74877  2.04026  3.99926  0.286794  4.40472  
1.02484  0.0081926  6.8159  6.74877  2.04026  3.99926  0.389789  3.25766  
0.00481744  0.980644  6.8159  6.74877  2.04026  3.99926  0.144052  2.92851  
0.000284361  1.0307  6.8159  6.74877  2.04026  3.99926  0.000672598  4.32115  
1.02001  0.0106258  6.8159  6.74877  2.04026  3.99926  7.49738e-09  5.74877  
0.000545675  1.01542  6.8159  6.74877  2.04026  3.99926  1.09221  0.153469  
1.02086  0.00974373  6.8159  6.74877  2.04026  3.99926  5.40162  1.26659e-06  
0.897732  0.0735345  6.8159  6.74877  2.04026  3.99926  0.101257  5.28513  
0.00573464  0.969743  6.8159  6.74877  2.04026  3.99926  1.12839  0.165471  
1.03157  0.0048021  6.8159  6.74877  2.04026  3.99926  1.0082  2.35357  
0.0143079  0.914981  6.8159  6.74877  2.04026  3.99926  3.08625  0.115221  
0.0132732  0.919468  6.8159  6.74877  2.04026  3.99926  4.32811  0.0256309  
1.00423  0.0186279  6.8159  6.74877  2.04026  3.99926  0.307996  3.72681  
0.017747  0.910911  6.8159  6.74877  2.04026  3.99926  0.931742  0.136634  
0.0935935  0.734166  6.8159  6.74877  2.04026  3.99926  0.00019928  4.11154  
1.03081  0.0051385  6.8159  6.74877  2.04026  3.99926  1.07522  0.15094  
0.0193542  0.897415  6.8159  6.74877  2.04026  3.99926  0.713546  3.30291  
0.00523118  0.973223  6.8159  6.74877  2.04026  3.99926  0.0164288  3.95802  
1.0034  0.0190042  6.8159  6.74877  2.04026  3.99926  0.465025  4.2902  
0.0310723  0.856776  6.8159  6.74877  2.04026  3.99926  0.000961067  3.45612  
1.03619  0.00203576  6.8159  6.74877  2.04026  3.99926  0.123021  4.76433  
1.02636e-05  1.24185  6.8159  6.74877  2.04026  3.99926  5.3391  1.5768e-09  
0.0125465  0.922191  6.8159  6.74877  2.04026  3.99926  0.000756334  4.85912  
0.00270133  0.994051  6.8159  6.74877  2.04026  3.99926  0.0967117  4.95609  
0.00696443  0.958368  6.8159  6.74877  2.04026  3.99926  0.403841  2.11884  
0.0387258  0.836402  6.8159  6.74877  2.04026  3.99926  0.469524  3.60232  
1.03611  0.00252725  6.8159  6.74877  2.04026  3.99926  5.64367e-09  4.32739  
0.0184626  0.90072  6.8159  6.74877  2.04026  3.99926  0.0510228  3.86711  
0.0612604  0.793952  6.8159  6.74877  2.04026  3.99926  5.22815  0.000450464  
1.03656  0.00185286  6.8159  6.74877  2.04026  3.99926  3.53896  2.27101e-05  
1.02826  0.00646917  6.8159  6.74877  2.04026  3.99926  3.77671  0.000177954  
0.0154122  0.91268  6.8159  6.74877  2.04026  3.99926  0.133512  4.29739  
0.0467366  0.818851  6.8159  6.74877  2.04026  3.99926  3.07175  0.0510419  
0.0678614  0.781781  6.8159  6.74877  2.04026  3.99926  0.937715  0.126342  
0.976373  0.0324495  6.8159  6.74877  2.04026  3.99926  5.41138  2.5677e-09  
1.03836  0.000948633  6.8159  6.74877  2.04026  3.99926  3.74431  8.6624e-08  
1.01089  0.0147884  6.8159  6.74877  2.04026  3.99926  4.84154  7.40726e-05  
1.02324  0.00899866  6.8159  6.74877  2.04026  3.99926  4.22718  0.00185085  
0.00464575  0.981924  6.8159  6.74877  2.04026  3.99926  0.94295  0.132372  
0.0129401  0.920949  6.8159  6.74877  2.04026  3.99926  0.423038  3.53553  
0.996443  0.0225516  6.8159  6.74877  2.04026  3.99926  1.1434  1.79113  
0.101086  0.71512  6.8159  6.74877  2.04026  3.99926  1.28536  0.18044  
0.00271012  0.993964  6.8159  6.74877  2.04026  3.99926  4.55171  0.0113304  
0.0002317  1.05637  6.8159  6.74877  2.04026  3.99926  4.42888  4.10265e-06  
1.01799  0.0115987  6.8159  6.74877  2.04026  3.99926  3.63909  4.22484e-06  
1.01236  0.0144982  6.8159  6.74877  2.04026  3.99926  5.11978  1.18445e-07  
1.03282  0.00372523  6.8159  6.74877  2.04026  3.99926  0.892875  0.182939  
0.0708986  0.767796  6.8159  6.74877  2.04026  3.99926  3.89375  1.23415e-05  
0.0283515  0.867587  6.8159  6.74877  2.04026  3.99926  4.96215  4.30222e-05  
0.0140169  0.916226  6.8159  6.74877  2.04026  3.99926  0.00301718  3.69314  
0.000117556  1.10627  6.8159  6.74877  2.04026  3.99926  0.170293  3.37784  
1.01339  0.0139784  6.8159  6.74877  2.04026  3.99926  1.0675  0.143829  
0.0300705  0.860208  6.8159  6.74877  2.04026  3.99926  0.166351  4.49146  
1.03262  0.00382443  6.8159  6.74877  2.04026  3.99926  0.568429  3.1794  
1.93529e-05  1.1831  6.8159  6.74877  2.04026  3.99926  0.72523  2.54414  
1.0206  0.00987456  6.8159  6.74877  2.04026  3.99926  0.348461  3.02368  
0.853259  0.119781  6.8159  6.74877  2.04026  3.99926  2.24349  0.452617  
0.0135632  0.918193  6.8159  6.74877  2.04026  3.99926  0.577435  0.262009  
1.02587  0.00767021  6.8159  6.74877  2.04026  3.99926  0.000212654  4.38747  
1.03959  0.000334475  6.8159  6.74877  2.04026  3.99926  0.000294468  4.52602  
0.0265439  0.880512  6.8159  6.74877  2.04026  3.99926  0.315701  3.67029  
0.0336313  0.854032  6.8159  6.74877  2.04026  3.99926  0.837102  2.18887  
1.01686  0.0117679  6.8159  6.74877  2.04026  3.99926  3.42344  0.149564  
0.021853  0.888538  6.8159  6.74877  2.04026  3.99926  3.67878  0.100429  
0.00209302  1.00042  6.8159  6.74877  2.04026  3.99926  0.0351753  3.15337  
1.00177  0.019831  6.8159  6.74877  2.04026  3.99926  1.10516  0.155289  
1.48176e-07  2.78399  6.8159  6.74877  2.04026  3.99926  0.321616  2.90142  
1.03257  0.00430138  6.8159  6.74877  2.04026  3.99926  1.05191  2.15179  
0.0576838  0.801457  6.8159  6.74877  2.04026  3.99926  5.15939  4.98096e-05  
0.0604127  0.79571  6.8159  6.74877  2.04026  3.99926  0.607425  2.61361  
0.00779844  0.956868  6.8159  6.74877  2.04026  3.99926  0.635333  4.12504  
0.134715  0.673335  6.8159  6.74877  2.04026  3.99926  4.48119  2.57572e-05  
0.0203615  0.891482  6.8159  6.74877  2.04026  3.99926  3.61142  0.0191043  
0.00315912  0.98972  6.8159  6.74877  2.04026  3.99926  0.859849  2.24835  
0.291357  0.637664  6.8159  6.74877  2.04026  3.99926  4.14635  0.046316  
0.0339022  0.851534  6.8159  6.74877  2.04026  3.99926  3.01984e-09  4.26047  
0.96384  0.0261389  2.01685  2.03463  2.01685  2.03463  0.364271  0.406726  
0.180301  0.585824  2.01685  2.03463  2.01685  2.03463  0.96384  0.0261389  
0.117893  0.668292  2.01685  2.03463  2.01685  2.03463  0.505021  0.30019  
0.456028  0.333659  2.01685  2.03463  2.01685  2.03463  0.407698  0.371369  
0.487415  0.311563  2.01685  2.03463  2.01685  2.03463  0.4723  0.322289  
0.165704  0.603505  2.01685  2.03463  2.01685  2.03463  0.144078  0.632873  
0.0617707  0.762229  2.01685  2.03463  2.01685  2.03463  1.01685  1.78033e-13  
0.478363  0.317992  2.01685  2.03463  2.01685  2.03463  0.16108  0.611286  
0.311067  0.452265  2.01685  2.03463  2.01685  2.03463  0.0977293  0.700314  
0.568657  0.258026  2.01685  2.03463  2.01685  2.03463  0.165704  0.603505  
0.0805435  0.730603  2.01685  2.03463  2.01685  2.03463  0.798369  0.117076  
0.798369  0.117076  2.01685  2.03463  2.01685  2.03463  0.92209  0.0474531  
0.10244  0.693194  2.01685  2.03463  2.01685  2.03463  0.278785  0.482202  
0.505021  0.30019  2.01685  2.03463  2.01685  2.03463  0.112342  0.676195  
0.896443  0.0599326  2.01685  2.03463  2.01685  2.03463  0.207245  0.559136  
0.231822  0.528778  2.01685  2.03463  2.01685  2.03463  0.456028  0.333659  
0.420785  0.360497  2.01685  2.03463  2.01685  2.03463  0  1.03463  
0.0779532  0.735835  2.01685  2.03463  2.01685  2.03463  0.117893  0.668292  
0.88572  0.0673007  2.01685  2.03463  2.01685  2.03463  0.142484  0.634601  
0.303636  0.458463  2.01685  2.03463  2.01685  2.03463  0.390067  0.386944  
0.145446  0.631479  2.01685  2.03463  2.01685  2.03463  0.896443  0.0599326  
0.255904  0.50568  2.01685  2.03463  2.01685  2.03463  0.0317199  0.836954  
0.299141  0.464701  2.01685  2.03463  2.01685  2.03463  0.49716  0.304436  
0.43516  0.350197  2.01685  2.03463  2.01685  2.03463  0.0424524  0.808785  
0.957926  0.0293461  2.01685  2.03463  2.01685  2.03463  0.929332  0.0436833  
0.839738  0.0918842  2.01685  2.03463  2.01685  2.03463  0.942271  0.0369458  
0.024033  0.859148  2.01685  2.03463  2.01685  2.03463  0.892666  0.0636214  
0.291961  0.472892  2.01685  2.03463  2.01685  2.03463  0.957926  0.0293461  
1.00623  0.00438768  2.01685  2.03463  2.01685  2.03463  0.131188  0.649911  
0.000987029  1.00322  2.01685  2.03463  2.01685  2.03463  0.8842  0.0681149  
0.246186  0.514028  2.01685  2.03463  2.01685  2.03463  0.337369  0.431178  
0.266058  0.49591  2.01685  2.03463  2.01685  2.03463  0.0398271  0.814265  
0.77353  0.158486  2.01685  2.03463  2.01685  2.03463  0.462595  0.329768  
0.948058  0.0339092  2.01685  2.03463  2.01685  2.03463  0.322979  0.442756  
0.832678  0.0953971  2.01685  2.03463  2.01685  2.03463  0.816409  0.104175  
0.42939  0.354618  2.01685  2.03463  2.01685  2.03463  0.487415  0.311563  
0.329957  0.437135  2.01685  2.03463  2.01685  2.03463  0.404061  0.374382  
0.157749  0.615477  2.01685  2.03463  2.01685  2.03463  0.153368  0.619969  
0.0924124  0.710242  2.01685  2.03463  2.01685  2.03463  0.950632  0.032604  
0.322979  0.442756  2.01685  2.03463  2.01685  2.03463  0.989244  0.011903  
0.339863  0.426847  2.01685  2.03463  2.01685  2.03463  0.174829  0.59236  
0.370936  0.401351  2.01685  2.03463  2.01685  2.03463  0.853904  0.083036  
0.210573  0.554186  2.01685  2.03463  2.01685  2.03463  0.832678  0.0953971  
0.131188  0.649911  2.01685  2.03463  2.01685  2.03463  0.180301  0.585824  
0.0858346  0.720648  2.01685  2.03463  2.01685  2.03463  0.77353  0.158486  
0.989244  0.011903  2.01685  2.03463  2.01685  2.03463  1.00994  0.00303325  
0.345997  0.42131  2.01685  2.03463  2.01685  2.03463  0.377818  0.395018  
0.00195172  0.977866  2.01685  2.03463  2.01685  2.03463  0.216743  0.54485  
0.377818  0.395018  2.01685  2.03463  2.01685  2.03463  0.240852  0.52124  
0.875149  0.0723962  2.01685  2.03463  2.01685  2.03463  0.246186  0.514028  
0.0398271  0.814265  2.01685  2.03463  2.01685  2.03463  0.43516  0.350197  
0.396078  0.382402  2.01685  2.03463  2.01685  2.03463  0.479927  0.316854  
0.404061  0.374382  2.01685  2.03463  2.01685  2.03463  0.420785  0.360497  
0.864982  0.0768049  2.01685  2.03463  2.01685  2.03463  0.828368  0.097728  
0.0300723  0.841679  2.01685  2.03463  2.01685  2.03463  0.875149  0.0723962  
0.49716  0.304436  2.01685  2.03463  2.01685  2.03463  0.444224  0.343313  
0.0424524  0.808785  2.01685  2.03463  2.01685  2.03463  0.466696  0.326064  
0.0371189  0.823126  2.01685  2.03463  2.01685  2.03463  0.345033  0.422194  
0.152528  0.621353  2.01685  2.03463  2.01685  2.03463  0.303636  0.458463  
0.0136171  0.898867  2.01685  2.03463  2.01685  2.03463  0.00399867  0.995012  
0.0477523  0.796878  2.01685  2.03463  2.01685  2.03463  0.108171  0.685472  
0.112342  0.676195  2.01685  2.03463  2.01685  2.03463  0.0617485  0.762274  
0.00363998  0.963954  2.01685  2.03463  2.01685  2.03463  0.311067  0.452265  
0.0703305  0.748482  2.01685  2.03463  2.01685  2.03463  0.812938  0.106221  
0.853904  0.083036  2.01685  2.03463  2.01685  2.03463  0.35571  0.414811  
0.982555  0.0157571  2.01685  2.03463  2.01685  2.03463  0.93716  0.0396017  
0.174829  0.59236  2.01685  2.03463  2.01685  2.03463  0.0703305  0.748482  
0.278785  0.482202  2.01685  2.03463  2.01685  2.03463  0.370936  0.401351  
0.139464  0.639612  2.01685  2.03463  2.01685  2.03463  0.909873  0.052822  
1.01685  1.78033e-13  2.01685  2.03463  2.01685  2.03463  0.200606  0.562514  
0.0317199  0.836954  2.01685  2.03463  2.01685  2.03463  0.190739  0.57493  
0.925061  0.0459228  2.01685  2.03463  2.01685  2.03463  0.255904  0.50568  
0.909873  0.052822  2.01685  2.03463  2.01685  2.03463  0.22827  0.531854  
0.00962232  0.917383  2.01685  2.03463  2.01685  2.03463  0.236182  0.524282  
0.272597  0.489408  2.01685  2.03463  2.01685  2.03463  0.024033  0.859148  
0.216743  0.54485  2.01685  2.03463  2.01685  2.03463  0.339863  0.426847  
0.225326  0.534958  2.01685  2.03463  2.01685  2.03463  1.0028  0.00608314  
0.412764  0.367385  2.01685  2.03463  2.01685  2.03463  0.222168  0.538324  
0.17061  0.597708  2.01685  2.03463  2.01685  2.03463  0.329957  0.437135  
0.0173623  0.884729  2.01685  2.03463  2.01685  2.03463  0.00962232  0.917383  
0.106364  0.687299  2.01685  2.03463  2.01685  2.03463  0.846687  0.0874564  
0.190739  0.57493  2.01685  2.03463  2.01685  2.03463  0.568657  0.258026  
0.466696  0.326064  2.01685  2.03463  2.01685  2.03463  0.839738  0.0918842  
0.386372  0.388717  2.01685  2.03463  2.01685  2.03463  0.0173623  0.884729  
0.200606  0.562514  2.01685  2.03463  2.01685  2.03463  0.0136171  0.898867  
0.0977293  0.700314  2.01685  2.03463  2.01685  2.03463  0.0890345  0.715578  
0  1.03463  2.01685  2.03463  2.01685  2.03463  0.395331  0.38307  
0.93716  0.0396017  2.01685  2.03463  2.01685  2.03463  0.412764  0.367385  
0.055773  0.77723  2.01685  2.03463  2.01685  2.03463  0.913542  0.0508882  
0.364755  0.406082  2.01685  2.03463  2.01685  2.03463  0.048874  0.792037  
0.812938  0.106221  2.01685  2.03463  2.01685  2.03463  0.272597  0.489408  
0.0512311  0.78706  2.01685  2.03463  2.01685  2.03463  0.982555  0.0157571  
0.446738  0.3415  2.01685  2.03463  2.01685  2.03463  0.4533  0.33726  
0.999764  0.00824136  2.01685  2.03463  2.01685  2.03463  0.17061  0.597708  
0.00746223  0.948278  2.01685  2.03463  2.01685  2.03463  0.864982  0.0768049  
0.125712  0.658583  2.01685  2.03463  2.01685  2.03463  0.299141  0.464701  
0.846687  0.0874564  2.01685  2.03463  2.01685  2.03463  0.0787429  0.732955  
0.824223  0.100793  2.01685  2.03463  2.01685  2.03463  0.266058  0.49591  
0.236182  0.524282  2.01685  2.03463  2.01685  2.03463  0.426086  0.357162  
0.35571  0.414811  2.01685  2.03463  2.01685  2.03463  0.104262  0.690339  
0.344152  0.413357  2  2  2  2  0.351865  0.406819  
0.8111  0.0993908  2  2  2  2  0.344152  0.413357  
0.264435  0.485769  2  2  2  2  0.499898  0.292967  
0.148272  0.614941  2  2  2  2  0.399385  0.368032  
0.483227  0.304856  2  2  2  2  0.45801  0.323238  
0.167561  0.590659  2  2  2  2  0.174147  0.582693  
0.062701  0.749601  2  2  2  2  1  1.11023e-16  
0.990706  0.00465929  2  2  2  2  0.0234868  0.846747  
0.305483  0.447297  2  2  2  2  0.0896249  0.700627  
0.568591  0.257996  2  2  2  2  0.167561  0.590659  
0.45801  0.323238  2  2  2  2  0.798232  0.117056  
0.798232  0.117056  2  2  2  2  0.231836  0.518508  
0.407511  0.361636  2  2  2  2  0.27281  0.477689  
0.499898  0.292967  2  2  2  2  0.107183  0.672614  
0.890676  0.0562448  2  2  2  2  0.845403  0.0805426  
0.359284  0.400599  2  2  2  2  0.1305  0.638754  
0.142224  0.622876  2  2  2  2  0  1  
0.0730929  0.729645  2  2  2  2  0.264435  0.485769  
0.0118259  0.891256  2  2  2  2  0.142224  0.622876  
0.297463  0.4546  2  2  2  2  0.383133  0.381024  
0.174147  0.582693  2  2  2  2  0.890676  0.0562448  
0.161038  0.598706  2  2  2  2  0.247726  0.502281  
0.28922  0.462209  2  2  2  2  0.49142  0.298987  
0.391178  0.37456  2  2  2  2  0.0324673  0.819816  
0.952762  0.0239058  2  2  2  2  0.932656  0.0342599  
0.0234868  0.846747  2  2  2  2  0.972163  0.014018  
0.0193267  0.860982  2  2  2  2  0.912106  0.0449582  
0.281033  0.469876  2  2  2  2  0.952762  0.0239058  
0.0471965  0.782755  2  2  2  2  0.208778  0.54308  
0.1305  0.638754  2  2  2  2  0.0118259  0.891256  
0.375119  0.387532  2  2  2  2  0.00548195  0.925962  
0.256067  0.493971  2  2  2  2  0.0372907  0.806894  
0.752953  0.154271  2  2  2  2  0.0522622  0.771392  
0.942678  0.0290857  2  2  2  2  0.321094  0.433351  
0.113073  0.66374  2  2  2  2  0.466242  0.317182  
0.415831  0.355152  2  2  2  2  0.483227  0.304856  
0.329025  0.426395  2  2  2  2  0.391178  0.37456  
0.822482  0.0930934  2  2  2  2  0.822482  0.0930934  
0.0839879  0.710196  2  2  2  2  0.942678  0.0290857  
0.321094  0.433351  2  2  2  2  0.981427  0.00933067  
0.336692  0.41975  2  2  2  2  0.187599  0.566874  
0.154544  0.60688  2  2  2  2  0.216422  0.534789  
0.845403  0.0805426  2  2  2  2  0.962611  0.0188742  
0.208778  0.54308  2  2  2  2  0.8111  0.0993908  
0.912106  0.0449582  2  2  2  2  0.752953  0.154271  
0.981427  0.00933067  2  2  2  2  0.161038  0.598706  
0.367113  0.394103  2  2  2  2  0.281033  0.469876  
0.00102683  0.967958  2  2  2  2  0.201641  0.550957  
0.231836  0.518508  2  2  2  2  0.0278081  0.833244  
0.856845  0.0743421  2  2  2  2  0.375119  0.387532  
0.0372907  0.806894  2  2  2  2  0.43257  0.342301  
0.962611  0.0188742  2  2  2  2  0.990706  0.00465929  
0.0421456  0.794709  2  2  2  2  0.407511  0.361636  
0.424232  0.34867  2  2  2  2  0.113073  0.66374  
0.0278081  0.833244  2  2  2  2  0.856845  0.0743421  
0.49142  0.298987  2  2  2  2  0.441106  0.335843  
0.399385  0.368032  2  2  2  2  0.449501  0.329553  
0.0324673  0.819816  2  2  2  2  0.367113  0.394103  
0.187599  0.566874  2  2  2  2  0.297463  0.4546  
0.0154583  0.875671  2  2  2  2  0.00296056  0.94559  
0.474801  0.310943  2  2  2  2  0.124722  0.646842  
0.107183  0.672614  2  2  2  2  0.062701  0.749601  
0.00296056  0.94559  2  2  2  2  0.305483  0.447297  
0.0678127  0.739592  2  2  2  2  0.800011  0.105568  
0.216422  0.534789  2  2  2  2  0.922676  0.0394407  
0.87952  0.0621736  2  2  2  2  0.101297  0.68173  
0.383133  0.381024  2  2  2  2  0.0678127  0.739592  
0.27281  0.477689  2  2  2  2  0.154544  0.60688  
0.136329  0.630774  2  2  2  2  0.868118  0.0682726  
1  1.11023e-16  2  2  2  2  0.194482  0.559001  
0.247726  0.502281  2  2  2  2  0.901366  0.050598  
0.932656  0.0342599  2  2  2  2  0.0193267  0.860982  
0.868118  0.0682726  2  2  2  2  0.359284  0.400599  
0.00847101  0.907963  2  2  2  2  0.87952  0.0621736  
0.0785081  0.719809  2  2  2  2  0.119064  0.654945  
0.201641  0.550957  2  2  2  2  0.336692  0.41975  
0.224094  0.526616  2  2  2  2  0.0471965  0.782755  
0.466242  0.317182  2  2  2  2  0.224094  0.526616  
0.43257  0.342301  2  2  2  2  0.329025  0.426395  
0.313328  0.440245  2  2  2  2  0.00847101  0.907963  
0.095468  0.691022  2  2  2  2  0.180907  0.57467  
0.901366  0.050598  2  2  2  2  0.568591  0.257996  
0.449501  0.329553  2  2  2  2  0.833938  0.0867993  
0.0574851  0.760242  2  2  2  2  0.313328  0.440245  
0.194482  0.559001  2  2  2  2  0.0154583  0.875671  
0.0896249  0.700627  2  2  2  2  0.0839879  0.710196  
0  1  2  2  2  2  0.136329  0.630774  
0.972163  0.014018  2  2  2  2  0.0421456  0.794709  
0.119064  0.654945  2  2  2  2  0.148272  0.614941  
0.351865  0.406819  2  2  2  2  0.474801  0.310943  
0.800011  0.105568  2  2  2  2  0.0785081  0.719809  
0.0522622  0.771392  2  2  2  2  0.239608  0.510503  
0.441106  0.335843  2  2  2  2  0.0574851  0.760242  
0.833938  0.0867993  2  2  2  2  0.00102683  0.967958  
0.00548195  0.925962  2  2  2  2  0.424232  0.34867  
0.124722  0.646842  2  2  2  2  0.28922  0.462209  
0.180907  0.57467  2  2  2  2  0.0730929  0.729645  
0.101297  0.68173  2  2  2  2  0.256067  0.493971  
0.239608  0.510503  2  2  2  2  0.415831  0.355152  
0.922676  0.0394407  2  2  2  2  0.095468  0.691022  
0.344102  0.413398  2  2.01462  2  2.01462  0.351889  0.406797  
0.811335  0.0992589  2  2.01462  2  2.01462  0.344102  0.413398  
0.263907  0.486281  2  2.01462  2  2.01462  0.499989  0.292901  
0.14847  0.614682  2  2.01462  2  2.01462  0.399384  0.368032  
0.483226  0.304855  2  2.01462  2  2.01462  0.457914  0.323306  
0.167705  0.590482  2  2.01462  2  2.01462  0.174347  0.582451  
0.0624554  0.750089  2  2.01462  2  2.01462  1  0  
0.990542  0.00474013  2  2.01462  2  2.01462  0.0235258  0.846619  
0.30486  0.447859  2  2.01462  2  2.01462  0.0896416  0.700598  
0.566281  0.256948  2  2.01462  2  2.01462  0.167705  0.590482  
0.457911  0.323309  2  2.01462  2  2.01462  0.796203  0.116758  
0.796203  0.116758  2  2.01462  2  2.01462  0.232009  0.518327  
0.407557  0.361598  2  2.01462  2  2.01462  0.272145  0.478325  
0.499989  0.292901  2  2.01462  2  2.01462  0.10691  0.673028  
0.889638  0.0567938  2  2.01462  2  2.01462  0.845204  0.0806504  
0.35963  0.400308  2  2.01462  2  2.01462  0.130412  0.638873  
0.142337  0.622724  2  2.01462  2  2.01462  0  1  
0.0730928  0.729643  2  2.01462  2  2.01462  0.263907  0.486281  
0.0118352  0.89121  2  2.01462  2  2.01462  0.142337  0.622724  
0.296853  0.455158  2  2.01462  2  2.01462  0.383171  0.380992  
0.174347  0.582451  2  2.01462  2  2.01462  0.889638  0.0567938  
0.161101  0.598626  2  2.01462  2  2.01462  0.247932  0.502072  
0.288761  0.462635  2  2.01462  2  2.01462  0.491597  0.29886  
0.391235  0.374512  2  2.01462  2  2.01462  0.0324045  0.819988  
0.951958  0.0243168  2  2.01462  2  2.01462  0.9318  0.0347024  
0.0235318  0.846599  2  2.01462  2  2.01462  0.971367  0.0144205  
0.0193902  0.860751  2  2.01462  2  2.01462  0.911113  0.0454778  
0.280407  0.470465  2  2.01462  2  2.01462  0.951958  0.0243168  
0.046948  0.783325  2  2.01462  2  2.01462  0.209357  0.542444  
0.130412  0.638874  2  2.01462  2  2.01462  0.0118352  0.89121  
0.375188  0.387474  2  2.01462  2  2.01462  0.00556996  0.925368  
0.25587  0.494164  2  2.01462  2  2.01462  0.0370677  0.80747  
0.749068  0.153475  2  2.01462  2  2.01462  0.0520402  0.771877  
0.942043  0.0294109  2  2.01462  2  2.01462  0.320769  0.433635  
0.11275  0.664217  2  2.01462  2  2.01462  0.466339  0.31711  
0.41583  0.355151  2  2.01462  2  2.01462  0.483226  0.304855  
0.328693  0.426682  2  2.01462  2  2.01462  0.391235  0.374512  
0.822601  0.0930267  2  2.01462  2  2.01462  0.822601  0.0930267  
0.0840197  0.710139  2  2.01462  2  2.01462  0.942043  0.0294109  
0.320769  0.433635  2  2.01462  2  2.01462  0.981008  0.00954141  
0.336461  0.419948  2  2.01462  2  2.01462  0.187917  0.566506  
0.154759  0.606606  2  2.01462  2  2.01462  0.216803  0.534379  
0.845204  0.0806504  2  2.01462  2  2.01462  0.961628  0.0193737  
0.209357  0.542444  2  2.01462  2  2.01462  0.811335  0.0992588  
0.911113  0.0454778  2  2.01462  2  2.01462  0.749068  0.153475  
0.981008  0.00954141  2  2.01462  2  2.01462  0.161101  0.598626  
0.367391  0.393872  2  2.01462  2  2.01462  0.280407  0.470465  
0.00100822  0.968248  2  2.01462  2  2.01462  0.201984  0.550574  
0.232009  0.518327  2  2.01462  2  2.01462  0.0278913  0.832993  
0.856557  0.0744962  2  2.01462  2  2.01462  0.375188  0.387474  
0.0370677  0.80747  2  2.01462  2  2.01462  0.432621  0.34226  
0.961628  0.0193737  2  2.01462  2  2.01462  0.990542  0.00474013  
0.0419336  0.795223  2  2.01462  2  2.01462  0.407557  0.361598  
0.424193  0.348699  2  2.01462  2  2.01462  0.11275  0.664217  
0.0278913  0.832993  2  2.01462  2  2.01462  0.856557  0.0744962  
0.491597  0.29886  2  2.01462  2  2.01462  0.441057  0.335879  
0.399384  0.368032  2  2.01462  2  2.01462  0.4495  0.329552  
0.0324045  0.819988  2  2.01462  2  2.01462  0.367391  0.393872  
0.187917  0.566506  2  2.01462  2  2.01462  0.296853  0.455157  
0.0154938  0.875526  2  2.01462  2  2.01462  0.00301776  0.945066  
0.4748  0.310943  2  2.01462  2  2.01462  0.124534  0.647107  
0.10691  0.673028  2  2.01462  2  2.01462  0.0624554  0.750089  
0.00301776  0.945066  2  2.01462  2  2.01462  0.30486  0.447859  
0.0677796  0.739655  2  2.01462  2  2.01462  0.800009  0.105568  
0.216803  0.534379  2  2.01462  2  2.01462  0.921567  0.0400171  
0.878915  0.0624953  2  2.01462  2  2.01462  0.101061  0.682098  
0.383171  0.380992  2  2.01462  2  2.01462  0.0677796  0.739655  
0.272145  0.478325  2  2.01462  2  2.01462  0.154759  0.606606  
0.136328  0.630773  2  2.01462  2  2.01462  0.867738  0.0684756  
1  1.11022e-16  2  2.01462  2  2.01462  0.194859  0.558572  
0.247932  0.502072  2  2.01462  2  2.01462  0.900631  0.050984  
0.9318  0.0347024  2  2.01462  2  2.01462  0.0193902  0.860751  
0.867738  0.0684756  2  2.01462  2  2.01462  0.35962  0.400317  
0.0085049  0.907778  2  2.01462  2  2.01462  0.878915  0.0624953  
0.0785245  0.719778  2  2.01462  2  2.01462  0.118643  0.655555  
0.201984  0.550574  2  2.01462  2  2.01462  0.33646  0.419948  
0.224232  0.526469  2  2.01462  2  2.01462  0.046948  0.783325  
0.466339  0.31711  2  2.01462  2  2.01462  0.224232  0.526469  
0.432621  0.34226  2  2.01462  2  2.01462  0.328693  0.426682  
0.312737  0.440771  2  2.01462  2  2.01462  0.0085049  0.907778  
0.0953008  0.691292  2  2.01462  2  2.01462  0.181138  0.574397  
0.900631  0.050984  2  2.01462  2  2.01462  0.566281  0.256948  
0.44945  0.32959  2  2.01462  2  2.01462  0.833888  0.0868255  
0.0572073  0.76082  2  2.01462  2  2.01462  0.312737  0.440771  
0.194859  0.558572  2  2.01462  2  2.01462  0.0154938  0.875526  
0.0896416  0.700598  2  2.01462  2  2.01462  0.0840197  0.710139  
0  1  2  2.01462  2  2.01462  0.136328  0.630773  
0.971367  0.0144205  2  2.01462  2  2.01462  0.0419336  0.795223  
0.118643  0.655555  2  2.01462  2  2.01462  0.14847  0.614682  
0.351887  0.4068  2  2.01462  2  2.01462  0.4748  0.310943  
0.800009  0.105568  2  2.01462  2  2.01462  0.0784961  0.719828  
0.0520402  0.771877  2  2.01462  2  2.01462  0.23997  0.510132  
0.441057  0.335879  2  2.01462  2  2.01462  0.0572073  0.76082  
0.833888  0.0868255  2  2.01462  2  2.01462  0.00100822  0.968248  
0.00556996  0.925368  2  2.01462  2  2.01462  0.424193  0.348699  
0.124534  0.647107  2  2.01462  2  2.01462  0.288761  0.462635  
0.181138  0.574397  2  2.01462  2  2.01462  0.0730928  0.729643  
0.101061  0.682098  2  2.01462  2  2.01462  0.25587  0.494164  
0.23997  0.510132  2  2.01462  2  2.01462  0.41583  0.355151  
0.921567  0.0400171  2  2.01462  2  2.01462  0.0953008  0.691292  
0.344027  0.413462  2  2  2  2  0.351806  0.406868  
0.811292  0.0992825  2  2  2  2  0.344027  0.413462  
0.263989  0.486201  2  2  2  2  0.499997  0.292895  
0.14858  0.614539  2  2  2  2  0.39943  0.367995  
0.483226  0.304855  2  2  2  2  0.457914  0.323306  
0.167854  0.5903  2  2  2  2  0.174446  0.582332  
0.0622784  0.750444  2  2  2  2  1  0  
0.990448  0.00478758  2  2  2  2  0.0235464  0.846551  
0.304533  0.448155  2  2  2  2  0.0896245  0.700626  
0.566281  0.256948  2  2  2  2  0.167854  0.5903  
0.457857  0.323349  2  2  2  2  0.794837  0.116558  
0.794837  0.116558  2  2  2  2  0.232289  0.518037  
0.407572  0.361586  2  2  2  2  0.272145  0.478325  
0.499997  0.292895  2  2  2  2  0.106864  0.673099  
0.889334  0.0569551  2  2  2  2  0.845108  0.0807027  
0.359612  0.400323  2  2  2  2  0.130372  0.638929  
0.142425  0.622608  2  2  2  2  0  1  
0.0730001  0.729815  2  2  2  2  0.263989  0.486201  
0.0118859  0.890977  2  2  2  2  0.142425  0.622608  
0.296417  0.455558  2  2  2  2  0.383261  0.380919  
0.174446  0.582332  2  2  2  2  0.889334  0.0569551  
0.161348  0.598319  2  2  2  2  0.247932  0.502072  
0.288414  0.462958  2  2  2  2  0.491597  0.29886  
0.391312  0.37445  2  2  2  2  0.0324045  0.819988  
0.951311  0.0246484  2  2  2  2  0.931337  0.0349418  
0.0235464  0.846551  2  2  2  2  0.970817  0.0146995  
0.0194091  0.860683  2  2  2  2  0.910681  0.0457041  
0.280302  0.470564  2  2  2  2  0.951311  0.0246484  
0.0468197  0.783621  2  2  2  2  0.209602  0.542176  
0.130372  0.638929  2  2  2  2  0.0118859  0.890977  
0.375324  0.387363  2  2  2  2  0.00562981  0.924968  
0.255891  0.494143  2  2  2  2  0.0370677  0.80747  
0.74608  0.152862  2  2  2  2  0.0518552  0.772283  
0.941474  0.0297042  2  2  2  2  0.320221  0.434119  
0.112686  0.664313  2  2  2  2  0.466339  0.31711  
0.415845  0.355139  2  2  2  2  0.483226  0.304855  
0.328237  0.427081  2  2  2  2  0.391312  0.37445  
0.822601  0.0930267  2  2  2  2  0.822601  0.0930267  
0.0840077  0.710159  2  2  2  2  0.941474  0.0297042  
0.320221  0.434119  2  2  2  2  0.98069  0.00970192  
0.33612  0.420241  2  2  2  2  0.188072  0.566328  
0.15487  0.606465  2  2  2  2  0.217042  0.534122  
0.845108  0.0807027  2  2  2  2  0.960999  0.0196945  
0.209602  0.542176  2  2  2  2  0.811292  0.0992825  
0.910681  0.0457041  2  2  2  2  0.74608  0.152862  
0.98069  0.00970192  2  2  2  2  0.161348  0.598319  
0.367441  0.393831  2  2  2  2  0.280302  0.470564  
0.00100822  0.968248  2  2  2  2  0.202283  0.550241  
0.232289  0.518037  2  2  2  2  0.0278913  0.832993  
0.856294  0.0746383  2  2  2  2  0.375324  0.387363  
0.0370677  0.80747  2  2  2  2  0.432621  0.34226  
0.960999  0.0196945  2  2  2  2  0.990448  0.00478758  
0.0418973  0.795312  2  2  2  2  0.407572  0.361586  
0.424193  0.348699  2  2  2  2  0.112686  0.664313  
0.0278806  0.833025  2  2  2  2  0.856294  0.0746383  
0.491597  0.29886  2  2  2  2  0.441057  0.335879  
0.39943  0.367995  2  2  2  2  0.4495  0.329552  
0.0324056  0.819985  2  2  2  2  0.367448  0.393825  
0.188072  0.566328  2  2  2  2  0.296417  0.455558  
0.0154938  0.875526  2  2  2  2  0.00302438  0.945006  
0.474793  0.310948  2  2  2  2  0.124447  0.647229  
0.106864  0.673099  2  2  2  2  0.0622784  0.750444  
0.00302438  0.945006  2  2  2  2  0.304533  0.448155  
0.0676358  0.739931  2  2  2  2  0.800009  0.105568  
0.217042  0.534122  2  2  2  2  0.92094  0.0403436  
0.878491  0.0627217  2  2  2  2  0.101043  0.682127  
0.383261  0.380919  2  2  2  2  0.0676358  0.739931  
0.272145  0.478325  2  2  2  2  0.15487  0.606465  
0.13638  0.630704  2  2  2  2  0.867406  0.0686539  
1  1.11022e-16  2  2  2  2  0.195108  0.55829  
0.247932  0.502072  2  2  2  2  0.899968  0.0513334  
0.931337  0.0349418  2  2  2  2  0.0194091  0.860683  
0.867406  0.0686539  2  2  2  2  0.359584  0.400347  
0.00858669  0.907336  2  2  2  2  0.878491  0.0627217  
0.0784629  0.719888  2  2  2  2  0.118517  0.655736  
0.202283  0.550241  2  2  2  2  0.33612  0.420241  
0.224541  0.526142  2  2  2  2  0.0468197  0.783621  
0.466339  0.31711  2  2  2  2  0.224541  0.526142  
0.432583  0.342289  2  2  2  2  0.328237  0.427081  
0.312412  0.441062  2  2  2  2  0.00858669  0.907336  
0.0953008  0.691292  2  2  2  2  0.181181  0.574347  
0.899968  0.0513334  2  2  2  2  0.566281  0.256948  
0.449401  0.329626  2  2  2  2  0.833823  0.0868611  
0.0570536  0.761141  2  2  2  2  0.312412  0.441062  
0.195108  0.55829  2  2  2  2  0.0154938  0.875526  
0.0896245  0.700626  2  2  2  2  0.0840077  0.710159  
0  1  2  2  2  2  0.13638  0.630704  
0.970817  0.0146995  2  2  2  2  0.0418973  0.795312  
0.118517  0.655736  2  2  2  2  0.14858  0.614539  
0.351806  0.406868  2  2  2  2  0.474793  0.310948  
0.800009  0.105568  2  2  2  2  0.0784629  0.719888  
0.0518552  0.772283  2  2  2  2  0.240042  0.510059  
0.440994  0.335926  2  2  2  2  0.0570536  0.761141  
0.833823  0.0868611  2  2  2  2  0.00100822  0.968248  
0.00562981  0.924968  2  2  2  2  0.424193  0.348699  
0.124447  0.647229  2  2  2  2  0.288414  0.462958  
0.181181  0.574347  2  2  2  2  0.0730001  0.729815  
0.101043  0.682127  2  2  2  2  0.255891  0.494143  
0.240042  0.510059  2  2  2  2  0.415853  0.355133  
0.92094  0.0403436  2  2  2  2  0.0953008  0.691292  
0.343868  0.413598  2  2  2  2  0.351806  0.406868  
0.811292  0.0992825  2  2  2  2  0.343868  0.413598  
0.263972  0.486218  2  2  2  2  0.499997  0.292895  
0.148698  0.614386  2  2  2  2  0.39943  0.367995  
0.483146  0.304913  2  2  2  2  0.457842  0.32336  
0.167888  0.590259  2  2  2  2  0.174553  0.582205  
0.0622264  0.750548  2  2  2  2  1  0  
0.990287  0.00486837  2  2  2  2  0.0235464  0.846551  
0.304114  0.448535  2  2  2  2  0.0896245  0.700626  
0.566206  0.256914  2  2  2  2  0.167888  0.590259  
0.457802  0.323389  2  2  2  2  0.793625  0.11638  
0.793625  0.11638  2  2  2  2  0.232288  0.518037  
0.407604  0.361561  2  2  2  2  0.272013  0.478451  
0.499997  0.292895  2  2  2  2  0.106712  0.673332  
0.88889  0.0571903  2  2  2  2  0.844967  0.0807792  
0.359612  0.400323  2  2  2  2  0.130372  0.638929  
0.142438  0.622591  2  2  2  2  0  1  
0.0729844  0.729844  2  2  2  2  0.263972  0.486218  
0.0119037  0.890896  2  2  2  2  0.142438  0.622591  
0.296061  0.455885  2  2  2  2  0.383312  0.380878  
0.174553  0.582205  2  2  2  2  0.88889  0.0571903  
0.16137  0.598292  2  2  2  2  0.247954  0.50205  
0.288074  0.463275  2  2  2  2  0.49156  0.298886  
0.391363  0.37441  2  2  2  2  0.0323906  0.820026  
0.950696  0.0249635  2  2  2  2  0.930683  0.0352807  
0.0235464  0.846551  2  2  2  2  0.970619  0.0148002  
0.0194091  0.860683  2  2  2  2  0.909983  0.0460695  
0.280119  0.470737  2  2  2  2  0.950696  0.0249635  
0.0467961  0.783676  2  2  2  2  0.209676  0.542097  
0.130372  0.638929  2  2  2  2  0.0119037  0.890896  
0.375324  0.387363  2  2  2  2  0.00561147  0.92509  
0.255939  0.494095  2  2  2  2  0.0370677  0.80747  
0.741598  0.151944  2  2  2  2  0.0518552  0.772283  
0.940704  0.0301011  2  2  2  2  0.320038  0.434281  
0.112565  0.664493  2  2  2  2  0.466307  0.317133  
0.415845  0.355139  2  2  2  2  0.483146  0.304913  
0.327996  0.42729  2  2  2  2  0.391363  0.37441  
0.822547  0.0930561  2  2  2  2  0.822547  0.0930561  
0.0839942  0.710182  2  2  2  2  0.940704  0.0301011  
0.320038  0.434281  2  2  2  2  0.980585  0.00975491  
0.335966  0.420374  2  2  2  2  0.188114  0.566279  
0.154952  0.60636  2  2  2  2  0.217065  0.534098  
0.844967  0.0807792  2  2  2  2  0.960832  0.0197795  
0.209676  0.542097  2  2  2  2  0.811292  0.0992825  
0.909983  0.0460695  2  2  2  2  0.741598  0.151944  
0.980585  0.00975491  2  2  2  2  0.16137  0.598292  
0.367441  0.393831  2  2  2  2  0.280119  0.470737  
0.00100822  0.968248  2  2  2  2  0.202376  0.550138  
0.232288  0.518037  2  2  2  2  0.0278913  0.832993  
0.855984  0.074806  2  2  2  2  0.375348  0.387344  
0.0370677  0.80747  2  2  2  2  0.432621  0.34226  
0.960832  0.0197795  2  2  2  2  0.990287  0.00486837  
0.0418592  0.795405  2  2  2  2  0.407604  0.361561  
0.424193  0.348699  2  2  2  2  0.112565  0.664493  
0.0278806  0.833025  2  2  2  2  0.855984  0.074806  
0.49156  0.298886  2  2  2  2  0.441057  0.335879  
0.39943  0.367995  2  2  2  2  0.449451  0.329589  
0.0324056  0.819985  2  2  2  2  0.367447  0.393826  
0.188114  0.566279  2  2  2  2  0.296061  0.455885  
0.0155171  0.875432  2  2  2  2  0.00303322  0.944925  
0.474724  0.310998  2  2  2  2  0.124403  0.647292  
0.106712  0.673332  2  2  2  2  0.0622264  0.750548  
0.00303322  0.944925  2  2  2  2  0.304114  0.448535  
0.0675709  0.740056  2  2  2  2  0.800009  0.105568  
0.217065  0.534098  2  2  2  2  0.92029  0.0406823  
0.878061  0.0629508  2  2  2  2  0.100993  0.682206  
0.383312  0.380878  2  2  2  2  0.0675709  0.740056  
0.272013  0.478451  2  2  2  2  0.154952  0.60636  
0.13638  0.630704  2  2  2  2  0.867146  0.0687931  
1  1.11022e-16  2  2  2  2  0.19521  0.558175  
0.247954  0.50205  2  2  2  2  0.899573  0.0515417  
0.930683  0.0352807  2  2  2  2  0.0194091  0.860683  
0.867146  0.0687931  2  2  2  2  0.359584  0.400347  
0.00858669  0.907336  2  2  2  2  0.878061  0.0629508  
0.0784446  0.71992  2  2  2  2  0.118435  0.655856  
0.202376  0.550138  2  2  2  2  0.335966  0.420374  
0.224644  0.526034  2  2  2  2  0.0467961  0.783676  
0.466274  0.317157  2  2  2  2  0.224644  0.526034  
0.432583  0.342289  2  2  2  2  0.327996  0.42729  
0.312099  0.441342  2  2  2  2  0.00858669  0.907336  
0.0952948  0.691301  2  2  2  2  0.181247  0.574269  
0.899573  0.0515417  2  2  2  2  0.566206  0.256914  
0.449401  0.329626  2  2  2  2  0.833823  0.0868611  
0.0569901  0.761274  2  2  2  2  0.312099  0.441342  
0.19521  0.558175  2  2  2  2  0.0155171  0.875432  
0.0896245  0.700626  2  2  2  2  0.0839942  0.710182  
0  1  2  2  2  2  0.13638  0.630704  
0.970619  0.0148002  2  2  2  2  0.0418592  0.795405  
0.118435  0.655856  2  2  2  2  0.148698  0.614386  
0.351806  0.406868  2  2  2  2  0.474724  0.310998  
0.800009  0.105568  2  2  2  2  0.0784446  0.71992  
0.0518552  0.772283  2  2  2  2  0.240119  0.509981  
0.440994  0.335926  2  2  2  2  0.0569901  0.761274  
0.833823  0.0868611  2  2  2  2  0.00100822  0.968248  
0.00561147  0.92509  2  2  2  2  0.424193  0.348699  
0.124403  0.647292  2  2  2  2  0.288074  0.463275  
0.181247  0.574269  2  2  2  2  0.0729844  0.729844  
0.100993  0.682206  2  2  2  2  0.255939  0.494095  
0.240119  0.509981  2  2  2  2  0.415853  0.355133  
0.92029  0.0406823  2  2  2  2  0.0952948  0.691301  
0.343715  0.413727  2  1.99961  2  1.99961  0.351709  0.406949  
0.811242  0.0993103  2  1.99961  2  1.99961  0.343715  0.413727  
0.263918  0.48627  2  1.99961  2  1.99961  0.499997  0.292895  
0.148724  0.614353  2  1.99961  2  1.99961  0.39943  0.367995  
0.483146  0.304913  2  1.99961  2  1.99961  0.457842  0.32336  
0.167997  0.590126  2  1.99961  2  1.99961  0.174619  0.582125  
0.0621835  0.750634  2  1.99961  2  1.99961  1  0  
0.990147  0.00493871  2  1.99961  2  1.99961  0.0235464  0.846551  
0.304055  0.448588  2  1.99961  2  1.99961  0.0895403  0.700767  
0.565471  0.256581  2  1.99961  2  1.99961  0.167997  0.590126  
0.457802  0.323389  2  1.99961  2  1.99961  0.793256  0.116326  
0.793256  0.116326  2  1.99961  2  1.99961  0.232388  0.517933  
0.407604  0.361561  2  1.99961  2  1.99961  0.271876  0.478583  
0.499997  0.292895  2  1.99961  2  1.99961  0.106703  0.673346  
0.887739  0.0578011  2  1.99961  2  1.99961  0.844665  0.0809436  
0.359543  0.400381  2  1.99961  2  1.99961  0.130372  0.638929  
0.142502  0.622505  2  1.99961  2  1.99961  1.53437e-07  0.999608  
0.0729497  0.729908  2  1.99961  2  1.99961  0.263918  0.48627  
0.0119175  0.890832  2  1.99961  2  1.99961  0.142502  0.622505  
0.296061  0.455885  2  1.99961  2  1.99961  0.383312  0.380878  
0.174619  0.582125  2  1.99961  2  1.99961  0.887739  0.0578011  
0.161503  0.598126  2  1.99961  2  1.99961  0.247972  0.502032  
0.287997  0.463346  2  1.99961  2  1.99961  0.49156  0.298886  
0.391363  0.37441  2  1.99961  2  1.99961  0.0323788  0.820059  
0.950519  0.0250545  2  1.99961  2  1.99961  0.930126  0.0355694  
0.0235464  0.846551  2  1.99961  2  1.99961  0.970461  0.0148801  
0.0194291  0.860612  2  1.99961  2  1.99961  0.909221  0.046469  
0.279884  0.47096  2  1.99961  2  1.99961  0.950519  0.0250545  
0.046763  0.783753  2  1.99961  2  1.99961  0.20979  0.541972  
0.130372  0.638929  2  1.99961  2  1.99961  0.0119175  0.890832  
0.375324  0.387363  2  1.99961  2  1.99961  0.00561147  0.92509  
0.25589  0.494144  2  1.99961  2  1.99961  0.0370379  0.807548  
0.735751  0.150788  2  1.99961  2  1.99961  0.0518255  0.772348  
0.940387  0.0302647  2  1.99961  2  1.99961  0.31999  0.434324  
0.112543  0.664526  2  1.99961  2  1.99961  0.466307  0.317133  
0.415879  0.355113  2  1.99961  2  1.99961  0.483146  0.304913  
0.327899  0.427376  2  1.99961  2  1.99961  0.391363  0.37441  
0.822453  0.093108  2  1.99961  2  1.99961  0.822453  0.093108  
0.083954  0.710252  2  1.99961  2  1.99961  0.940387  0.0302647  
0.31999  0.434324  2  1.99961  2  1.99961  0.980363  0.00986711  
0.335863  0.420463  2  1.99961  2  1.99961  0.188246  0.566127  
0.155026  0.606267  2  1.99961  2  1.99961  0.217248  0.533901  
0.844665  0.0809436  2  1.99961  2  1.99961  0.960449  0.0199751  
0.20979  0.541972  2  1.99961  2  1.99961  0.811242  0.0993103  
0.909221  0.046469  2  1.99961  2  1.99961  0.735751  0.150788  
0.980363  0.00986711  2  1.99961  2  1.99961  0.161503  0.598126  
0.367441  0.393831  2  1.99961  2  1.99961  0.279884  0.47096  
0.00100822  0.968248  2  1.99961  2  1.99961  0.202496  0.550004  
0.232388  0.517933  2  1.99961  2  1.99961  0.0278817  0.833022  
0.855714  0.0749521  2  1.99961  2  1.99961  0.375348  0.387344  
0.0370379  0.807548  2  1.99961  2  1.99961  0.432621  0.34226  
0.960449  0.0199751  2  1.99961  2  1.99961  0.990147  0.00493871  
0.0418592  0.795405  2  1.99961  2  1.99961  0.407604  0.361561  
0.424209  0.348687  2  1.99961  2  1.99961  0.112543  0.664526  
0.0278806  0.833025  2  1.99961  2  1.99961  0.855714  0.0749521  
0.49156  0.298886  2  1.99961  2  1.99961  0.441057  0.335879  
0.39943  0.367995  2  1.99961  2  1.99961  0.449451  0.329589  
0.0323788  0.820059  2  1.99961  2  1.99961  0.367447  0.393826  
0.188246  0.566127  2  1.99961  2  1.99961  0.296061  0.455885  
0.0155171  0.875432  2  1.99961  2  1.99961  0.00303322  0.944925  
0.474724  0.310998  2  1.99961  2  1.99961  0.124367  0.647343  
0.106703  0.673346  2  1.99961  2  1.99961  0.0621835  0.750634  
0.00303322  0.944925  2  1.99961  2  1.99961  0.304055  0.448588  
0.0675274  0.74014  2  1.99961  2  1.99961  0.800009  0.105568  
0.217248  0.533901  2  1.99961  2  1.99961  0.919738  0.0409703  
0.8772  0.0634102  2  1.99961  2  1.99961  0.100884  0.682377  
0.383312  0.380878  2  1.99961  2  1.99961  0.0675274  0.74014  
0.271876  0.478583  2  1.99961  2  1.99961  0.155026  0.606267  
0.136408  0.630665  2  1.99961  2  1.99961  0.866352  0.0692194  
1  1.11022e-16  2  1.99961  2  1.99961  0.195324  0.558045  
0.247972  0.502032  2  1.99961  2  1.99961  0.898649  0.0520292  
0.930126  0.0355694  2  1.99961  2  1.99961  0.0194291  0.860612  
0.866352  0.0692194  2  1.99961  2  1.99961  0.359584  0.400347  
0.00859538  0.907289  2  1.99961  2  1.99961  0.8772  0.0634102  
0.0783996  0.720001  2  1.99961  2  1.99961  0.118435  0.655856  
0.202496  0.550004  2  1.99961  2  1.99961  0.335863  0.420463  
0.224793  0.525877  2  1.99961  2  1.99961  0.046763  0.783753  
0.466274  0.317157  2  1.99961  2  1.99961  0.224793  0.525877  
0.432583  0.342289  2  1.99961  2  1.99961  0.327899  0.427376  
0.312073  0.441365  2  1.99961  2  1.99961  0.00859538  0.907289  
0.0951848  0.69148  2  1.99961  2  1.99961  0.181378  0.574115  
0.898649  0.0520292  2  1.99961  2  1.99961  0.565471  0.256581  
0.449401  0.329626  2  1.99961  2  1.99961  0.833401  0.0870918  
0.0569601  0.761337  2  1.99961  2  1.99961  0.312073  0.441365  
0.195324  0.558045  2  1.99961  2  1.99961  0.0155171  0.875432  
0.0895403  0.700767  2  1.99961  2  1.99961  0.083954  0.710252  
1.53437e-07  0.999608  2  1.99961  2  1.99961  0.136408  0.630665  
0.970461  0.0148801  2  1.99961  2  1.99961  0.0418592  0.795405  
0.118435  0.655856  2  1.99961  2  1.99961  0.148724  0.614353  
0.351709  0.406949  2  1.99961  2  1.99961  0.474724  0.310998  
0.800009  0.105568  2  1.99961  2  1.99961  0.0783996  0.720001  
0.0518255  0.772348  2  1.99961  2  1.99961  0.240138  0.509961  
0.440994  0.335926  2  1.99961  2  1.99961  0.0569601  0.761337  
0.833401  0.0870918  2  1.99961  2  1.99961  0.00100822  0.968248  
0.00561147  0.92509  2  1.99961  2  1.99961  0.4242  0.348694  
0.124367  0.647343  2  1.99961  2  1.99961  0.287997  0.463346  
0.181378  0.574115  2  1.99961  2  1.99961  0.0729497  0.729908  
0.100884  0.682377  2  1.99961  2  1.99961  0.25589  0.494144  
0.240138  0.509961  2  1.99961  2  1.99961  0.415879  0.355113  
0.919738  0.0409703  2  1.99961  2  1.99961  0.0951848  0.69148  
0.343687  0.413752  2  1.99961  2  1.99961  0.351575  0.407063  
0.811086  0.0993966  2  1.99961  2  1.99961  0.343687  0.413752  
0.263874  0.486313  2  1.99961  2  1.99961  0.499997  0.292895  
0.148821  0.614227  2  1.99961  2  1.99961  0.399477  0.367958  
0.483132  0.304923  2  1.99961  2  1.99961  0.457852  0.323352  
0.16813  0.589964  2  1.99961  2  1.99961  0.174784  0.581928  
0.0621835  0.750634  2  1.99961  2  1.99961  1  0  
0.990147  0.00493871  2  1.99961  2  1.99961  0.0235586  0.846512  
0.303911  0.448719  2  1.99961  2  1.99961  0.0895107  0.700817  
0.565471  0.256581  2  1.99961  2  1.99961  0.16813  0.589964  
0.457778  0.323407  2  1.99961  2  1.99961  0.792975  0.116285  
0.792975  0.116285  2  1.99961  2  1.99961  0.232418  0.517903  
0.407642  0.361531  2  1.99961  2  1.99961  0.271857  0.478601  
0.499997  0.292895  2  1.99961  2  1.99961  0.106684  0.673375  
0.887304  0.0580317  2  1.99961  2  1.99961  0.844058  0.0812739  
0.359463  0.400448  2  1.99961  2  1.99961  0.130346  0.638965  
0.142567  0.622419  2  1.99961  2  1.99961  1.53437e-07  0.999608  
0.0728971  0.730005  2  1.99961  2  1.99961  0.263874  0.486313  
0.0119175  0.890832  2  1.99961  2  1.99961  0.142567  0.622419  
0.295912  0.456022  2  1.99961  2  1.99961  0.383312  0.380878  
0.174784  0.581928  2  1.99961  2  1.99961  0.887304  0.0580317  
0.161565  0.598049  2  1.99961  2  1.99961  0.247972  0.502032  
0.287937  0.463402  2  1.99961  2  1.99961  0.49156  0.298886  
0.391363  0.37441  2  1.99961  2  1.99961  0.0323788  0.820059  
0.949825  0.0254104  2  1.99961  2  1.99961  0.929579  0.0358534  
0.0235544  0.846526  2  1.99961  2  1.99961  0.970096  0.0150655  
0.0194291  0.860612  2  1.99961  2  1.99961  0.908617  0.0467862  
0.279884  0.47096  2  1.99961  2  1.99961  0.949825  0.0254104  
0.046763  0.783753  2  1.99961  2  1.99961  0.209951  0.541796  
0.130346  0.638965  2  1.99961  2  1.99961  0.0119175  0.890832  
0.375346  0.387345  2  1.99961  2  1.99961  0.00561147  0.92509  
0.25589  0.494144  2  1.99961  2  1.99961  0.0370379  0.807548  
0.733886  0.150405  2  1.99961  2  1.99961  0.051796  0.772413  
0.939649  0.0306453  2  1.99961  2  1.99961  0.319881  0.434419  
0.112543  0.664526  2  1.99961  2  1.99961  0.466272  0.317159  
0.415879  0.355113  2  1.99961  2  1.99961  0.483132  0.304923  
0.327802  0.42746  2  1.99961  2  1.99961  0.391363  0.37441  
0.822086  0.0933105  2  1.99961  2  1.99961  0.822086  0.0933105  
0.0838747  0.710389  2  1.99961  2  1.99961  0.939649  0.0306453  
0.319881  0.434419  2  1.99961  2  1.99961  0.980212  0.00994344  
0.335788  0.420528  2  1.99961  2  1.99961  0.188478  0.56586  
0.155203  0.606042  2  1.99961  2  1.99961  0.217318  0.533827  
0.844058  0.0812739  2  1.99961  2  1.99961  0.959961  0.020224  
0.209951  0.541796  2  1.99961  2  1.99961  0.811086  0.0993966  
0.908617  0.0467862  2  1.99961  2  1.99961  0.733886  0.150405  
0.980212  0.00994344  2  1.99961  2  1.99961  0.161565  0.598049  
0.367413  0.393854  2  1.99961  2  1.99961  0.279884  0.47096  
0.0010105  0.968212  2  1.99961  2  1.99961  0.202612  0.549876  
0.232418  0.517903  2  1.99961  2  1.99961  0.0278817  0.833022  
0.854983  0.0753469  2  1.99961  2  1.99961  0.375348  0.387344  
0.0370379  0.807548  2  1.99961  2  1.99961  0.432621  0.34226  
0.959961  0.020224  2  1.99961  2  1.99961  0.990147  0.00493871  
0.0418342  0.795466  2  1.99961  2  1.99961  0.407642  0.361531  
0.424209  0.348687  2  1.99961  2  1.99961  0.112543  0.664526  
0.0278806  0.833025  2  1.99961  2  1.99961  0.854983  0.0753469  
0.49156  0.298886  2  1.99961  2  1.99961  0.441024  0.335904  
0.399477  0.367958  2  1.99961  2  1.99961  0.449408  0.329621  
0.0323788  0.820059  2  1.99961  2  1.99961  0.367413  0.393854  
0.188478  0.56586  2  1.99961  2  1.99961  0.295912  0.456022  
0.0155618  0.875253  2  1.99961  2  1.99961  0.00303322  0.944925  
0.474676  0.311033  2  1.99961  2  1.99961  0.124367  0.647343  
0.106684  0.673375  2  1.99961  2  1.99961  0.0621835  0.750634  
0.00303322  0.944925  2  1.99961  2  1.99961  0.303911  0.448719  
0.0674716  0.740247  2  1.99961  2  1.99961  0.800009  0.105568  
0.217318  0.533827  2  1.99961  2  1.99961  0.919193  0.0412545  
0.876515  0.0637761  2  1.99961  2  1.99961  0.100884  0.682377  
0.383312  0.380878  2  1.99961  2  1.99961  0.0674716  0.740247  
0.271857  0.478601  2  1.99961  2  1.99961  0.155203  0.606042  
0.136408  0.630665  2  1.99961  2  1.99961  0.865783  0.0695255  
1  1.11022e-16  2  1.99961  2  1.99961  0.195525  0.557818  
0.247972  0.502032  2  1.99961  2  1.99961  0.89812  0.052308  
0.929579  0.0358534  2  1.99961  2  1.99961  0.0194291  0.860612  
0.865783  0.0695255  2  1.99961  2  1.99961  0.359463  0.400448  
0.00859538  0.907289  2  1.99961  2  1.99961  0.876515  0.0637761  
0.0783582  0.720075  2  1.99961  2  1.99961  0.118435  0.655856  
0.202612  0.549876  2  1.99961  2  1.99961  0.335788  0.420528  
0.224827  0.52584  2  1.99961  2  1.99961  0.046763  0.783753  
0.466213  0.317202  2  1.99961  2  1.99961  0.224827  0.52584  
0.432583  0.342289  2  1.99961  2  1.99961  0.327802  0.42746  
0.311932  0.441491  2  1.99961  2  1.99961  0.00859538  0.907289  
0.0951848  0.69148  2  1.99961  2  1.99961  0.181515  0.573955  
0.89812  0.052308  2  1.99961  2  1.99961  0.565471  0.256581  
0.449376  0.329645  2  1.99961  2  1.99961  0.833145  0.0872324  
0.0569414  0.761376  2  1.99961  2  1.99961  0.311932  0.441491  
0.195525  0.557818  2  1.99961  2  1.99961  0.0155618  0.875253  
0.0895107  0.700817  2  1.99961  2  1.99961  0.0838747  0.710389  
1.53437e-07  0.999608  2  1.99961  2  1.99961  0.136408  0.630665  
0.970096  0.0150655  2  1.99961  2  1.99961  0.0418342  0.795466  
0.118435  0.655856  2  1.99961  2  1.99961  0.148821  0.614227  
0.351575  0.407063  2  1.99961  2  1.99961  0.474684  0.311027  
0.800009  0.105568  2  1.99961  2  1.99961  0.0783582  0.720075  
0.051796  0.772413  2  1.99961  2  1.99961  0.240138  0.509961  
0.440971  0.335943  2  1.99961  2  1.99961  0.0569414  0.761376  
0.833145  0.0872324  2  1.99961  2  1.99961  0.0010105  0.968212  
0.00561147  0.92509  2  1.99961  2  1.99961  0.424251  0.348655  
0.124367  0.647343  2  1.99961  2  1.99961  0.287937  0.463402  
0.181515  0.573955  2  1.99961  2  1.99961  0.0728971  0.730005  
0.100884  0.682377  2  1.99961  2  1.99961  0.25589  0.494144  
0.240138  0.509961  2  1.99961  2  1.99961  0.415879  0.355113  
0.919193  0.0412545  2  1.99961  2  1.99961  0.0951848  0.69148  
0.343566  0.413855  2  1.99961  2  1.99961  0.351513  0.407115  
0.810967  0.099463  2  1.99961  2  1.99961  0.343566  0.413855  
0.263805  0.486381  2  1.99961  2  1.99961  0.499997  0.292895  
0.148821  0.614227  2  1.99961  2  1.99961  0.399477  0.367958  
0.483132  0.304923  2  1.99961  2  1.99961  0.457852  0.323352  
0.168192  0.589887  2  1.99961  2  1.99961  0.174893  0.581798  
0.0621693  0.750662  2  1.99961  2  1.99961  1  0  
0.990106  0.00495918  2  1.99961  2  1.99961  0.0235586  0.846512  
0.303661  0.448946  2  1.99961  2  1.99961  0.0894694  0.700886  
0.565102  0.256413  2  1.99961  2  1.99961  0.168192  0.589887  
0.457778  0.323407  2  1.99961  2  1.99961  0.792098  0.116156  
0.792098  0.116156  2  1.99961  2  1.99961  0.232466  0.517853  
0.407661  0.361517  2  1.99961  2  1.99961  0.271717  0.478735  
0.499997  0.292895  2  1.99961  2  1.99961  0.106684  0.673375  
0.887161  0.0581077  2  1.99961  2  1.99961  0.843894  0.0813628  
0.359463  0.400448  2  1.99961  2  1.99961  0.130346  0.638965  
0.142567  0.622419  2  1.99961  2  1.99961  1.53437e-07  0.999608  
0.0728807  0.730036  2  1.99961  2  1.99961  0.263805  0.486381  
0.0119175  0.890832  2  1.99961  2  1.99961  0.142567  0.622419  
0.29578  0.456143  2  1.99961  2  1.99961  0.383312  0.380878  
0.174893  0.581798  2  1.99961  2  1.99961  0.887161  0.0581077  
0.161634  0.597962  2  1.99961  2  1.99961  0.247972  0.502032  
0.287725  0.4636  2  1.99961  2  1.99961  0.49156  0.298886  
0.391363  0.37441  2  1.99961  2  1.99961  0.0323788  0.820059  
0.949778  0.0254346  2  1.99961  2  1.99961  0.929302  0.0359971  
0.0235544  0.846526  2  1.99961  2  1.99961  0.970021  0.0151037  
0.0194476  0.860546  2  1.99961  2  1.99961  0.908429  0.0468844  
0.279728  0.471107  2  1.99961  2  1.99961  0.949778  0.0254346  
0.046763  0.783753  2  1.99961  2  1.99961  0.210028  0.541712  
0.130346  0.638965  2  1.99961  2  1.99961  0.0119175  0.890832  
0.375346  0.387345  2  1.99961  2  1.99961  0.00561147  0.92509  
0.25589  0.494144  2  1.99961  2  1.99961  0.0370379  0.807548  
0.732775  0.150178  2  1.99961  2  1.99961  0.051796  0.772413  
0.939535  0.0307037  2  1.99961  2  1.99961  0.319679  0.434598  
0.112514  0.664569  2  1.99961  2  1.99961  0.466272  0.317159  
0.415879  0.355113  2  1.99961  2  1.99961  0.483132  0.304923  
0.327648  0.427595  2  1.99961  2  1.99961  0.391363  0.37441  
0.822  0.0933576  2  1.99961  2  1.99961  0.822  0.0933576  
0.0838747  0.710389  2  1.99961  2  1.99961  0.939535  0.0307037  
0.319679  0.434598  2  1.99961  2  1.99961  0.98003  0.0100355  
0.33563  0.420664  2  1.99961  2  1.99961  0.188517  0.565815  
0.155175  0.606078  2  1.99961  2  1.99961  0.217318  0.533827  
0.843894  0.0813628  2  1.99961  2  1.99961  0.959961  0.020224  
0.210028  0.541712  2  1.99961  2  1.99961  0.810967  0.099463  
0.908429  0.0468844  2  1.99961  2  1.99961  0.732775  0.150178  
0.98003  0.0100355  2  1.99961  2  1.99961  0.161634  0.597962  
0.367413  0.393854  2  1.99961  2  1.99961  0.279728  0.471107  
0.00101747  0.968102  2  1.99961  2  1.99961  0.202732  0.549742  
0.232466  0.517853  2  1.99961  2  1.99961  0.0278817  0.833022  
0.854752  0.075472  2  1.99961  2  1.99961  0.375348  0.387344  
0.0370379  0.807548  2  1.99961  2  1.99961  0.432621  0.34226  
0.959961  0.020224  2  1.99961  2  1.99961  0.990106  0.00495918  
0.0418342  0.795466  2  1.99961  2  1.99961  0.407707  0.36148  
0.424209  0.348687  2  1.99961  2  1.99961  0.112514  0.664569  
0.0278797  0.833028  2  1.99961  2  1.99961  0.854752  0.075472  
0.49156  0.298886  2  1.99961  2  1.99961  0.440998  0.335924  
0.399477  0.367958  2  1.99961  2  1.99961  0.449408  0.329621  
0.0323788  0.820059  2  1.99961  2  1.99961  0.367413  0.393854  
0.188517  0.565815  2  1.99961  2  1.99961  0.29578  0.456143  
0.0155618  0.875253  2  1.99961  2  1.99961  0.00303322  0.944925  
0.474676  0.311033  2  1.99961  2  1.99961  0.124367  0.647343  
0.106684  0.673375  2  1.99961  2  1.99961  0.0621693  0.750662  
0.00303322  0.944925  2  1.99961  2  1.99961  0.303661  0.448946  
0.0674801  0.740231  2  1.99961  2  1.99961  0.800009  0.105568  
0.217318  0.533827  2  1.99961  2  1.99961  0.918874  0.0414208  
0.876475  0.0637975  2  1.99961  2  1.99961  0.100884  0.682377  
0.383312  0.380878  2  1.99961  2  1.99961  0.0674801  0.740231  
0.271717  0.478735  2  1.99961  2  1.99961  0.155175  0.606078  
0.136408  0.630665  2  1.99961  2  1.99961  0.865633  0.0696058  
1  1.11022e-16  2  1.99961  2  1.99961  0.195571  0.557766  
0.247972  0.502032  2  1.99961  2  1.99961  0.897889  0.0524297  
0.929302  0.0359971  2  1.99961  2  1.99961  0.0194476  0.860546  
0.865633  0.0696058  2  1.99961  2  1.99961  0.359463  0.400448  
0.00859538  0.907289  2  1.99961  2  1.99961  0.876475  0.0637975  
0.0783247  0.720135  2  1.99961  2  1.99961  0.118399  0.655909  
0.202732  0.549742  2  1.99961  2  1.99961  0.33563  0.420664  
0.224838  0.525829  2  1.99961  2  1.99961  0.046763  0.783753  
0.466213  0.317202  2  1.99961  2  1.99961  0.224838  0.525829  
0.432583  0.342289  2  1.99961  2  1.99961  0.327648  0.427595  
0.311623  0.441768  2  1.99961  2  1.99961  0.00859538  0.907289  
0.0951516  0.691533  2  1.99961  2  1.99961  0.181659  0.573785  
0.897889  0.0524297  2  1.99961  2  1.99961  0.565102  0.256413  
0.449376  0.329645  2  1.99961  2  1.99961  0.832906  0.0873631  
0.0569414  0.761376  2  1.99961  2  1.99961  0.311623  0.441768  
0.195571  0.557766  2  1.99961  2  1.99961  0.0155618  0.875253  
0.0894694  0.700886  2  1.99961  2  1.99961  0.0838747  0.710389  
1.53437e-07  0.999608  2  1.99961  2  1.99961  0.136408  0.630665  
0.970021  0.0151037  2  1.99961  2  1.99961  0.0418342  0.795466  
0.118399  0.655909  2  1.99961  2  1.99961  0.148821  0.614227  
0.351513  0.407115  2  1.99961  2  1.99961  0.474684  0.311027  
0.800009  0.105568  2  1.99961  2  1.99961  0.0783247  0.720135  
0.051796  0.772413  2  1.99961  2  1.99961  0.240172  0.509926  
0.440971  0.335943  2  1.99961  2  1.99961  0.0569414  0.761376  
0.832906  0.0873631  2  1.99961  2  1.99961  0.00101747  0.968102  
0.00561147  0.92509  2  1.99961  2  1.99961  0.424251  0.348655  
0.124367  0.647343  2  1.99961  2  1.99961  0.287725  0.4636  
0.181659  0.573785  2  1.99961  2  1.99961  0.0728807  0.730036  
0.100884  0.682377  2  1.99961  2  1.99961  0.25589  0.494144  
0.240172  0.509926  2  1.99961  2  1.99961  0.415969  0.355043  
0.918874  0.0414208  2  1.99961  2  1.99961  0.0951516  0.691533  
0.343496  0.413915  3.05552  2.20243  3.05552  2.20243  0.351467  0.407153  
0.810984  0.0994534  3.05552  2.20243  3.05552  2.20243  0.343496  0.413915  
0.263797  0.486388  3.05552  2.20243  3.05552  2.20243  0.499997  0.292895  
0.148844  0.614196  3.05552  2.20243  3.05552  2.20243  0.399496  0.367943  
0.483132  0.304923  3.05552  2.20243  3.05552  2.20243  0.457852  0.323352  
0.168233  0.589837  3.05552  2.20243  3.05552  2.20243  0.174975  0.5817  
0.0621693  0.750662  3.05552  2.20243  3.05552  2.20243  1  0  
0.98992  0.00505293  3.05552  2.20243  3.05552  2.20243  0.0235586  0.846512  
0.303605  0.448996  3.05552  2.20243  3.05552  2.20243  0.0894694  0.700886  
0.564303  0.256051  3.05552  2.20243  3.05552  2.20243  0.168233  0.589837  
0.457778  0.323407  3.05552  2.20243  3.05552  2.20243  0.791064  0.116004  
0.791064  0.116004  3.05552  2.20243  3.05552  2.20243  0.232466  0.517853  
0.40768  0.361501  3.05552  2.20243  3.05552  2.20243  0.271717  0.478735  
0.499997  0.292895  3.05552  2.20243  3.05552  2.20243  0.106649  0.673428  
0.886812  0.0582932  3.05552  2.20243  3.05552  2.20243  0.843723  0.0814563  
0.359431  0.400474  3.05552  2.20243  3.05552  2.20243  0.130327  0.638992  
0.142567  0.622419  3.05552  2.20243  3.05552  2.20243  1.53437e-07  0.999608  
0.0728368  0.730117  3.05552  2.20243  3.05552  2.20243  0.263797  0.486388  
0.0119459  0.890703  3.05552  2.20243  3.05552  2.20243  0.142567  0.622419  
0.295562  0.456344  3.05552  2.20243  3.05552  2.20243  0.383312  0.380878  
0.174975  0.5817  3.05552  2.20243  3.05552  2.20243  0.886812  0.0582932  
0.16169  0.597893  3.05552  2.20243  3.05552  2.20243  0.248009  0.501995  
0.287657  0.463664  3.05552  2.20243  3.05552  2.20243  0.49156  0.298886  
0.391363  0.37441  3.05552  2.20243  3.05552  2.20243  0.0323788  0.820059  
0.94941  0.0256235  3.05552  2.20243  3.05552  2.20243  0.928861  0.0362255  
0.0235544  0.846526  3.05552  2.20243  3.05552  2.20243  0.969814  0.0152084  
0.0194476  0.860546  3.05552  2.20243  3.05552  2.20243  0.908145  0.0470335  
0.279653  0.471178  3.05552  2.20243  3.05552  2.20243  0.94941  0.0256235  
0.046734  0.78382  3.05552  2.20243  3.05552  2.20243  0.209994  0.541749  
0.130327  0.638992  3.05552  2.20243  3.05552  2.20243  0.0119459  0.890703  
0.375346  0.387345  3.05552  2.20243  3.05552  2.20243  0.00561147  0.92509  
0.25589  0.494144  3.05552  2.20243  3.05552  2.20243  0.0370267  0.807577  
0.732559  0.150133  3.05552  2.20243  3.05552  2.20243  0.0517701  0.772469  
0.939262  0.0308445  3.05552  2.20243  3.05552  2.20243  0.319578  0.434688  
0.112488  0.664607  3.05552  2.20243  3.05552  2.20243  0.46626  0.317167  
0.415928  0.355075  3.05552  2.20243  3.05552  2.20243  0.483132  0.304923  
0.327565  0.427667  3.05552  2.20243  3.05552  2.20243  0.391363  0.37441  
0.82188  0.0934238  3.05552  2.20243  3.05552  2.20243  0.82188  0.0934238  
0.0838747  0.710389  3.05552  2.20243  3.05552  2.20243  0.939262  0.0308445  
0.319578  0.434688  3.05552  2.20243  3.05552  2.20243  0.979853  0.0101246  
0.335488  0.420787  3.05552  2.20243  3.05552  2.20243  0.188655  0.565656  
0.155255  0.605976  3.05552  2.20243  3.05552  2.20243  0.217341  0.533802  
0.843723  0.0814563  3.05552  2.20243  3.05552  2.20243  0.959709  0.0203526  
0.209994  0.541749  3.05552  2.20243  3.05552  2.20243  0.810984  0.0994534  
0.908145  0.0470335  3.05552  2.20243  3.05552  2.20243  0.732559  0.150133  
0.979853  0.0101246  3.05552  2.20243  3.05552  2.20243  0.16169  0.597893  
0.367381  0.393881  3.05552  2.20243  3.05552  2.20243  0.279653  0.471178  
0.00101747  0.968102  3.05552  2.20243  3.05552  2.20243  0.202761  0.549711  
0.232466  0.517853  3.05552  2.20243  3.05552  2.20243  0.0278817  0.833022  
0.854609  0.0755494  3.05552  2.20243  3.05552  2.20243  0.375348  0.387344  
0.0370267  0.807577  3.05552  2.20243  3.05552  2.20243  0.432621  0.34226  
0.959709  0.0203526  3.05552  2.20243  3.05552  2.20243  0.98992  0.00505293  
0.041806  0.795535  3.05552  2.20243  3.05552  2.20243  0.407707  0.36148  
0.424251  0.348655  3.05552  2.20243  3.05552  2.20243  0.112488  0.664607  
0.0278797  0.833028  3.05552  2.20243  3.05552  2.20243  0.854609  0.0755494  
0.49156  0.298886  3.05552  2.20243  3.05552  2.20243  0.440998  0.335924  
0.399496  0.367943  3.05552  2.20243  3.05552  2.20243  0.449408  0.329621  
0.0323788  0.820059  3.05552  2.20243  3.05552  2.20243  0.367381  0.393881  
0.188655  0.565656  3.05552  2.20243  3.05552  2.20243  0.295562  0.456344  
0.0155618  0.875253  3.05552  2.20243  3.05552  2.20243  0.00303322  0.944925  
0.474676  0.311033  3.05552  2.20243  3.05552  2.20243  0.124325  0.647402  
0.106649  0.673428  3.05552  2.20243  3.05552  2.20243  0.0621693  0.750662  
0.00303322  0.944925  3.05552  2.20243  3.05552  2.20243  0.303605  0.448996  
0.0674653  0.740259  3.05552  2.20243  3.05552  2.20243  0.800009  0.105568  
0.217341  0.533802  3.05552  2.20243  3.05552  2.20243  0.918505  0.0416133  
0.875975  0.0640647  3.05552  2.20243  3.05552  2.20243  0.100884  0.682377  
0.383312  0.380878  3.05552  2.20243  3.05552  2.20243  0.0674653  0.740259  
0.271717  0.478735  3.05552  2.20243  3.05552  2.20243  0.155255  0.605976  
0.136408  0.630665  3.05552  2.20243  3.05552  2.20243  0.865369  0.0697481  
1  1.11022e-16  3.05552  2.20243  3.05552  2.20243  0.195615  0.557716  
0.248009  0.501995  3.05552  2.20243  3.05552  2.20243  0.89755  0.0526089  
0.928861  0.0362255  3.05552  2.20243  3.05552  2.20243  0.0194476  0.860546  
0.865369  0.0697481  3.05552  2.20243  3.05552  2.20243  0.359431  0.400474  
0.00862515  0.907128  3.05552  2.20243  3.05552  2.20243  0.875975  0.0640647  
0.0783247  0.720135  3.05552  2.20243  3.05552  2.20243  0.118385  0.655928  
0.202761  0.549711  3.05552  2.20243  3.05552  2.20243  0.335488  0.420787  
0.224838  0.525829  3.05552  2.20243  3.05552  2.20243  0.046734  0.78382  
0.466213  0.317202  3.05552  2.20243  3.05552  2.20243  0.224838  0.525829  
0.432583  0.342289  3.05552  2.20243  3.05552  2.20243  0.327565  0.427667  
0.311623  0.441768  3.05552  2.20243  3.05552  2.20243  0.00862515  0.907128  
0.0951516  0.691533  3.05552  2.20243  3.05552  2.20243  0.181739  0.573691  
0.89755  0.0526089  3.05552  2.20243  3.05552  2.20243  0.564303  0.256051  
0.449376  0.329645  3.05552  2.20243  3.05552  2.20243  0.832874  0.0873806  
0.0569336  0.761392  3.05552  2.20243  3.05552  2.20243  0.311623  0.441768  
0.195615  0.557716  3.05552  2.20243  3.05552  2.20243  0.0155618  0.875253  
0.0894694  0.700886  3.05552  2.20243  3.05552  2.20243  0.0838747  0.710389  
1.53437e-07  0.999608  3.05552  2.20243  3.05552  2.20243  0.136408  0.630665  
0.969814  0.0152084  3.05552  2.20243  3.05552  2.20243  0.041806  0.795535  
0.118385  0.655928  3.05552  2.20243  3.05552  2.20243  0.148844  0.614196  
0.351467  0.407153  3.05552  2.20243  3.05552  2.20243  0.474684  0.311027  
0.800009  0.105568  3.05552  2.20243  3.05552  2.20243  0.0783247  0.720135  
0.0517701  0.772469  3.05552  2.20243  3.05552  2.20243  0.240188  0.50991  
0.440971  0.335943  3.05552  2.20243  3.05552  2.20243  0.0569336  0.761392  
0.832874  0.0873806  3.05552  2.20243  3.05552  2.20243  0.00101747  0.968102  
0.00561147  0.92509  3.05552  2.20243  3.05552  2.20243  0.424251  0.348655  
0.124325  0.647402  3.05552  2.20243  3.05552  2.20243  0.287657  0.463664  
0.181739  0.573691  3.05552  2.20243  3.05552  2.20243  0.0728368  0.730117  
0.100884  0.682377  3.05552  2.20243  3.05552  2.20243  0.25589  0.494144  
0.240188  0.50991  3.05552  2.20243  3.05552  2.20243  0.415969  0.355043  
0.918505  0.0416133  3.05552  2.20243  3.05552  2.20243  0.0951516  0.691533  
