1.91403  3.4438  3.31012  5.65336  1.79769e+308  1.79769e+308  1.91403  3.4438  
2.0858  3.09086  3.31012  5.65336  1.79769e+308  1.79769e+308  2.0858  3.09086  
1.58682  3.64068  3.31012  5.65336  1.79769e+308  1.79769e+308  1.58682  3.64068  
0.767199  4.33237  3.31012  5.65336  1.79769e+308  1.79769e+308  0.767199  4.33237  
1.45745  4.04688  3.31012  5.65336  1.79769e+308  1.79769e+308  1.45745  4.04688  
0.756845  4.65336  3.31012  5.65336  1.79769e+308  1.79769e+308  0.756845  4.65336  
1.94286  3.01238  3.31012  5.65336  1.79769e+308  1.79769e+308  1.94286  3.01238  
2.142  3.09318  3.31012  5.65336  1.79769e+308  1.79769e+308  2.142  3.09318  
1.82221  3.22975  3.31012  5.65336  1.79769e+308  1.79769e+308  1.82221  3.22975  
0.719926  4.45056  3.31012  5.65336  1.79769e+308  1.79769e+308  0.719926  4.45056  
0.54765  4.46242  3.31012  5.65336  1.79769e+308  1.79769e+308  0.54765  4.46242  
0.667153  4.47448  3.31012  5.65336  1.79769e+308  1.79769e+308  0.667153  4.47448  
0.892213  4.47477  3.31012  5.65336  1.79769e+308  1.79769e+308  0.892213  4.47477  
1.54501  3.70917  3.31012  5.65336  1.79769e+308  1.79769e+308  1.54501  3.70917  
1.18124  4.25543  3.31012  5.65336  1.79769e+308  1.79769e+308  1.18124  4.25543  
2.10427  2.83508  3.31012  5.65336  1.79769e+308  1.79769e+308  2.10427  2.83508  
1.28511  4.37078  3.31012  5.65336  1.79769e+308  1.79769e+308  1.28511  4.37078  
0.525459  4.45164  3.31012  5.65336  1.79769e+308  1.79769e+308  0.525459  4.45164  
2.16996  2.90177  3.31012  5.65336  1.79769e+308  1.79769e+308  2.16996  2.90177  
1.6168  3.76426  3.31012  5.65336  1.79769e+308  1.79769e+308  1.6168  3.76426  
0.534095  4.52154  3.31012  5.65336  1.79769e+308  1.79769e+308  0.534095  4.52154  
0.796461  4.47893  3.31012  5.65336  1.79769e+308  1.79769e+308  0.796461  4.47893  
1.73753  4.04876  3.31012  5.65336  1.79769e+308  1.79769e+308  1.73753  4.04876  
1.28162  4.16407  3.31012  5.65336  1.79769e+308  1.79769e+308  1.28162  4.16407  
1.48099  3.97537  3.31012  5.65336  1.79769e+308  1.79769e+308  1.48099  3.97537  
1.15114  4.3317  3.31012  5.65336  1.79769e+308  1.79769e+308  1.15114  4.3317  
1.65887  3.92688  3.31012  5.65336  1.79769e+308  1.79769e+308  1.65887  3.92688  
2.31012  2.25269  3.31012  5.65336  1.79769e+308  1.79769e+308  2.31012  2.25269  
1.11695  4.42568  3.31012  5.65336  1.79769e+308  1.79769e+308  1.11695  4.42568  
2.0533  2.9992  3.31012  5.65336  1.79769e+308  1.79769e+308  2.0533  2.9992  
2.27409  2.30099  3.31012  5.65336  1.79769e+308  1.79769e+308  2.27409  2.30099  
1.61266  3.94071  3.31012  5.65336  1.79769e+308  1.79769e+308  1.61266  3.94071  
2.30696  2.3435  3.31012  5.65336  1.79769e+308  1.79769e+308  2.30696  2.3435  
1.46666  4.07037  3.31012  5.65336  1.79769e+308  1.79769e+308  1.46666  4.07037  
2.17963  2.53206  3.31012  5.65336  1.79769e+308  1.79769e+308  2.17963  2.53206  
1.9366  3.39621  3.31012  5.65336  1.79769e+308  1.79769e+308  1.9366  3.39621  
2.16993  2.67894  3.31012  5.65336  1.79769e+308  1.79769e+308  2.16993  2.67894  
2.04984  2.8416  3.31012  5.65336  1.79769e+308  1.79769e+308  2.04984  2.8416  
1.90441  3.22593  3.31012  5.65336  1.79769e+308  1.79769e+308  1.90441  3.22593  
0.849057  4.40554  3.31012  5.65336  1.79769e+308  1.79769e+308  0.849057  4.40554  
2.23089  2.70321  3.31012  5.65336  1.79769e+308  1.79769e+308  2.23089  2.70321  
0.682921  4.53886  3.31012  5.65336  1.79769e+308  1.79769e+308  0.682921  4.53886  
1.6396  3.58391  3.31012  5.65336  1.79769e+308  1.79769e+308  1.6396  3.58391  
1.95409  3.29616  3.31012  5.65336  1.79769e+308  1.79769e+308  1.95409  3.29616  
0.747508  4.63499  3.31012  5.65336  1.79769e+308  1.79769e+308  0.747508  4.63499  
0.679646  4.58411  3.31012  5.65336  1.79769e+308  1.79769e+308  0.679646  4.58411  
2.06703  2.90903  3.31012  5.65336  1.79769e+308  1.79769e+308  2.06703  2.90903  
0.775551  4.50848  3.31012  5.65336  1.79769e+308  1.79769e+308  0.775551  4.50848  
1.27103  4.13284  3.31012  5.65336  1.79769e+308  1.79769e+308  1.27103  4.13284  
0.933441  4.50331  3.31012  5.65336  1.79769e+308  1.79769e+308  0.933441  4.50331  
1.98511  2.86243  3.31012  5.65336  1.79769e+308  1.79769e+308  1.98511  2.86243  
1.78615  3.57871  3.31012  5.65336  1.79769e+308  1.79769e+308  1.78615  3.57871  
1.46018  4.02174  3.31012  5.65336  1.79769e+308  1.79769e+308  1.46018  4.02174  
1.07312  4.4088  3.31012  5.65336  1.79769e+308  1.79769e+308  1.07312  4.4088  
1.59035  3.65276  3.31012  5.65336  1.79769e+308  1.79769e+308  1.59035  3.65276  
0.951174  4.39859  3.31012  5.65336  1.79769e+308  1.79769e+308  0.951174  4.39859  
2.193  2.94938  3.31012  5.65336  1.79769e+308  1.79769e+308  2.193  2.94938  
1.42988  4.05776  3.31012  5.65336  1.79769e+308  1.79769e+308  1.42988  4.05776  
2.14711  2.94388  3.31012  5.65336  1.79769e+308  1.79769e+308  2.14711  2.94388  
1.60681  3.62776  3.31012  5.65336  1.79769e+308  1.79769e+308  1.60681  3.62776  
2.10109  3.13443  3.31012  5.65336  1.79769e+308  1.79769e+308  2.10109  3.13443  
2.2517  2.39417  3.31012  5.65336  1.79769e+308  1.79769e+308  2.2517  2.39417  
0.751663  4.51877  3.31012  5.65336  1.79769e+308  1.79769e+308  0.751663  4.51877  
1.23008  4.09068  3.31012  5.65336  1.79769e+308  1.79769e+308  1.23008  4.09068  
1.91489  3.1445  3.31012  5.65336  1.79769e+308  1.79769e+308  1.91489  3.1445  
1.29389  4.41693  3.31012  5.65336  1.79769e+308  1.79769e+308  1.29389  4.41693  
0.991525  4.30083  3.31012  5.65336  1.79769e+308  1.79769e+308  0.991525  4.30083  
0.590544  4.55394  3.31012  5.65336  1.79769e+308  1.79769e+308  0.590544  4.55394  
1.99501  2.8338  3.31012  5.65336  1.79769e+308  1.79769e+308  1.99501  2.8338  
1.61975  3.92066  3.31012  5.65336  1.79769e+308  1.79769e+308  1.61975  3.92066  
1.92715  3.1236  3.31012  5.65336  1.79769e+308  1.79769e+308  1.92715  3.1236  
2.18953  2.50338  3.31012  5.65336  1.79769e+308  1.79769e+308  2.18953  2.50338  
0.52743  4.4932  3.31012  5.65336  1.79769e+308  1.79769e+308  0.52743  4.4932  
1.25224  4.22036  3.31012  5.65336  1.79769e+308  1.79769e+308  1.25224  4.22036  
1.63138  3.94848  3.31012  5.65336  1.79769e+308  1.79769e+308  1.63138  3.94848  
1.82973  3.56599  3.31012  5.65336  1.79769e+308  1.79769e+308  1.82973  3.56599  
1.57191  3.79971  3.31012  5.65336  1.79769e+308  1.79769e+308  1.57191  3.79971  
2.00157  3.0896  3.31012  5.65336  1.79769e+308  1.79769e+308  2.00157  3.0896  
1.15772  4.4692  3.31012  5.65336  1.79769e+308  1.79769e+308  1.15772  4.4692  
1.99483  2.71805  3.31012  5.65336  1.79769e+308  1.79769e+308  1.99483  2.71805  
1.68622  3.58455  3.31012  5.65336  1.79769e+308  1.79769e+308  1.68622  3.58455  
1.30909  4.14334  3.31012  5.65336  1.79769e+308  1.79769e+308  1.30909  4.14334  
1.56961  3.71393  3.31012  5.65336  1.79769e+308  1.79769e+308  1.56961  3.71393  
2.2634  2.17349  3.31012  5.65336  1.79769e+308  1.79769e+308  2.2634  2.17349  
0.622033  4.54761  3.31012  5.65336  1.79769e+308  1.79769e+308  0.622033  4.54761  
0.623437  4.54047  3.31012  5.65336  1.79769e+308  1.79769e+308  0.623437  4.54047  
1.74564  3.27389  3.31012  5.65336  1.79769e+308  1.79769e+308  1.74564  3.27389  
1.65519  3.72111  3.31012  5.65336  1.79769e+308  1.79769e+308  1.65519  3.72111  
1.48092  3.89704  3.31012  5.65336  1.79769e+308  1.79769e+308  1.48092  3.89704  
1.66569  3.83408  3.31012  5.65336  1.79769e+308  1.79769e+308  1.66569  3.83408  
1.81148  3.46992  3.31012  5.65336  1.79769e+308  1.79769e+308  1.81148  3.46992  
1.54556  3.60229  3.31012  5.65336  1.79769e+308  1.79769e+308  1.54556  3.60229  
2.28174  2.07611  3.31012  5.65336  1.79769e+308  1.79769e+308  2.28174  2.07611  
1.91298  3.27363  3.31012  5.65336  1.79769e+308  1.79769e+308  1.91298  3.27363  
2.17174  3.19717  3.31012  5.65336  1.79769e+308  1.79769e+308  2.17174  3.19717  
2.06123  2.48627  3.31012  5.65336  1.79769e+308  1.79769e+308  2.06123  2.48627  
1.02403  4.19873  3.31012  5.65336  1.79769e+308  1.79769e+308  1.02403  4.19873  
1.89853  3.16928  3.31012  5.65336  1.79769e+308  1.79769e+308  1.89853  3.16928  
1.74849  3.7389  3.31012  5.65336  1.79769e+308  1.79769e+308  1.74849  3.7389  
2.19197  2.26283  3.31012  5.65336  1.79769e+308  1.79769e+308  2.19197  2.26283  
0.000533955  4.00053  3.28814  5.44096  3.00039  5.00053  1.9562  2.37338  
1.68475  2.18674  3.28814  5.44096  3.00039  5.00053  0.616931  4.33902  
1.49843  2.65077  3.28814  5.44096  3.00039  5.00053  2.1866  0.186598  
1.66842  2.22105  3.28814  5.44096  3.00039  5.00053  1.10516  3.6694  
1.83408  1.67414  3.28814  5.44096  3.00039  5.00053  0.924696  4.35891  
0.779455  3.69404  3.28814  5.44096  3.00039  5.00053  1.54154  3.74006  
0.496319  3.87766  3.28814  5.44096  3.00039  5.00053  1.49954  3.66278  
0.309342  3.9571  3.28814  5.44096  3.00039  5.00053  1.25274  3.84978  
0.224406  3.9762  3.28814  5.44096  3.00039  5.00053  0.51897  4.44017  
1.02158  3.44192  3.28814  5.44096  3.00039  5.00053  0.350963  4.34466  
0.543026  3.85735  3.28814  5.44096  3.00039  5.00053  2.28814  1.23414  
0.126834  3.99273  3.28814  5.44096  3.00039  5.00053  1.12252  3.93174  
1.33222  2.98875  3.28814  5.44096  3.00039  5.00053  0.476545  4.1962  
1.98973  0.426881  3.28814  5.44096  3.00039  5.00053  1.44012  4.01117  
1.29566  3.05785  3.28814  5.44096  3.00039  5.00053  1.2766  3.69617  
0.355033  3.94037  3.28814  5.44096  3.00039  5.00053  1.19177  3.91406  
1.94932  0.928597  3.28814  5.44096  3.00039  5.00053  0.503454  4.25252  
1.18805  3.2403  3.28814  5.44096  3.00039  5.00053  0.99613  3.74426  
0.874997  3.63219  3.28814  5.44096  3.00039  5.00053  1.72149  3.36429  
1.35187  2.95322  3.28814  5.44096  3.00039  5.00053  1.43391  3.56586  
1.34285  2.96961  3.28814  5.44096  3.00039  5.00053  0.837756  4.28025  
0.891913  3.5845  3.28814  5.44096  3.00039  5.00053  1.42124  3.22509  
1.27829  3.09242  3.28814  5.44096  3.00039  5.00053  1.14266  3.35055  
1.84319  1.56807  3.28814  5.44096  3.00039  5.00053  2.1063  1.38468  
1.73646  2.02582  3.28814  5.44096  3.00039  5.00053  1.55804  3.55106  
2.00039  0.000388951  3.28814  5.44096  3.00039  5.00053  1.95258  2.75799  
1.69156  2.1703  3.28814  5.44096  3.00039  5.00053  2.10309  2.32575  
1.31197  3.02759  3.28814  5.44096  3.00039  5.00053  1.7138  3.03011  
1.91843  1.17097  3.28814  5.44096  3.00039  5.00053  2.24693  1.41923  
0.75409  3.70674  3.28814  5.44096  3.00039  5.00053  0.365731  4.36069  
0.163351  3.98802  3.28814  5.44096  3.00039  5.00053  1.73444  3.03226  
1.70589  2.09152  3.28814  5.44096  3.00039  5.00053  0.449536  4.44096  
1.26158  3.11573  3.28814  5.44096  3.00039  5.00053  1.69686  3.64307  
1.53962  2.55564  3.28814  5.44096  3.00039  5.00053  1.19297  3.74365  
1.61825  2.36161  3.28814  5.44096  3.00039  5.00053  2.00039  0.000388951  
1.58313  2.45679  3.28814  5.44096  3.00039  5.00053  1.38623  3.33757  
1.47321  2.73543  3.28814  5.44096  3.00039  5.00053  1.50181  3.29003  
1.43912  2.79545  3.28814  5.44096  3.00039  5.00053  0.827234  4.14361  
1.07293  3.38854  3.28814  5.44096  3.00039  5.00053  2.08472  2.12404  
1.38956  2.88968  3.28814  5.44096  3.00039  5.00053  1.2847  3.39598  
1.57345  2.50867  3.28814  5.44096  3.00039  5.00053  0.496358  4.38962  
1.89013  1.3197  3.28814  5.44096  3.00039  5.00053  1.28126  3.78816  
1.16319  3.29491  3.28814  5.44096  3.00039  5.00053  1.84917  1.91082  
0.524966  3.86049  3.28814  5.44096  3.00039  5.00053  1.53522  3.14121  
1.80607  1.75984  3.28814  5.44096  3.00039  5.00053  1.49007  3.4556  
1.90972  1.19554  3.28814  5.44096  3.00039  5.00053  1.1077  4.26401  
1.32088  3.00879  3.28814  5.44096  3.00039  5.00053  1.62878  3.1316  
1.99843  0.179976  3.28814  5.44096  3.00039  5.00053  1.91644  2.68859  
1.99368  0.334776  3.28814  5.44096  3.00039  5.00053  1.65123  3.00724  
1.49374  2.67223  3.28814  5.44096  3.00039  5.00053  1.96443  2.38512  
1.6019  2.40684  3.28814  5.44096  3.00039  5.00053  1.67257  3.33518  
1.51972  2.60185  3.28814  5.44096  3.00039  5.00053  1.80002  3.10151  
1.6547  2.2687  3.28814  5.44096  3.00039  5.00053  0.897414  3.96393  
1.00035  3.49385  3.28814  5.44096  3.00039  5.00053  1.89513  2.65327  
0.579384  3.84134  3.28814  5.44096  3.00039  5.00053  1.74042  3.08867  
1.24987  3.14481  3.28814  5.44096  3.00039  5.00053  1.06245  4.03446  
1.87069  1.42754  3.28814  5.44096  3.00039  5.00053  1.51734  3.70466  
0.249956  3.97138  3.28814  5.44096  3.00039  5.00053  1.17518  4.12907  
1.80743  1.71575  3.28814  5.44096  3.00039  5.00053  1.16622  4.00653  
0.0897993  3.99655  3.28814  5.44096  3.00039  5.00053  1.60497  3.41058  
1.3698  2.92012  3.28814  5.44096  3.00039  5.00053  1.21061  3.9771  
1.59538  2.42518  3.28814  5.44096  3.00039  5.00053  0.889851  3.92458  
1.90535  1.23348  3.28814  5.44096  3.00039  5.00053  1.37135  3.63603  
0.664055  3.78063  3.28814  5.44096  3.00039  5.00053  1.11053  3.74357  
1.74281  2.00708  3.28814  5.44096  3.00039  5.00053  1.50642  3.35604  
1.92486  1.10149  3.28814  5.44096  3.00039  5.00053  1.84552  2.52614  
0.643083  3.79757  3.28814  5.44096  3.00039  5.00053  1.98583  1.89955  
0.882181  3.61412  3.28814  5.44096  3.00039  5.00053  0.936769  4.16189  
1.03808  3.42417  3.28814  5.44096  3.00039  5.00053  1.1962  3.44837  
1.63878  2.30759  3.28814  5.44096  3.00039  5.00053  1.4984  3.46073  
1.54881  2.53251  3.28814  5.44096  3.00039  5.00053  1.69191  3.5408  
1.47726  2.70842  3.28814  5.44096  3.00039  5.00053  0.000533955  4.00053  
1.66077  2.24388  3.28814  5.44096  3.00039  5.00053  1.47484  3.63567  
1.42949  2.80043  3.28814  5.44096  3.00039  5.00053  1.80246  2.96675  
1.62414  2.34549  3.28814  5.44096  3.00039  5.00053  1.72687  2.98676  
1.13866  3.31647  3.28814  5.44096  3.00039  5.00053  2.13821  1.76764  
0.405729  3.91879  3.28814  5.44096  3.00039  5.00053  0.911689  4.02638  
1.60947  2.38739  3.28814  5.44096  3.00039  5.00053  1.95111  2.69436  
1.50664  2.63209  3.28814  5.44096  3.00039  5.00053  1.82979  3.14002  
0.690414  3.76195  3.28814  5.44096  3.00039  5.00053  0.639561  4.21678  
1.11435  3.32905  3.28814  5.44096  3.00039  5.00053  1.60975  3.14525  
1.86131  1.47726  3.28814  5.44096  3.00039  5.00053  1.38206  3.70635  
1.95813  0.825226  3.28814  5.44096  3.00039  5.00053  0.863732  4.28973  
0.908677  3.57411  3.28814  5.44096  3.00039  5.00053  1.68361  3.15563  
0.621806  3.81026  3.28814  5.44096  3.00039  5.00053  1.06561  3.86211  
1.40986  2.8515  3.28814  5.44096  3.00039  5.00053  0.637859  4.37659  
1.76499  1.92999  3.28814  5.44096  3.00039  5.00053  0.344722  4.33307  
1.753  1.96908  3.28814  5.44096  3.00039  5.00053  2.00177  2.81864  
0.727312  3.7291  3.28814  5.44096  3.00039  5.00053  0.835888  4.19548  
0.807133  3.66234  3.28814  5.44096  3.00039  5.00053  1.44313  3.72787  
1.40127  2.86726  3.28814  5.44096  3.00039  5.00053  1.81181  2.25381  
1.88351  1.39969  3.28814  5.44096  3.00039  5.00053  1.69274  3.23321  
1.77753  1.87214  3.28814  5.44096  3.00039  5.00053  1.93276  1.44239  
1.72563  2.05429  3.28814  5.44096  3.00039  5.00053  1.35844  3.84599  
1.52538  2.58856  3.28814  5.44096  3.00039  5.00053  1.82759  2.62648  
1.97297  0.697438  3.28814  5.44096  3.00039  5.00053  1.55205  3.49607  
0.960914  3.51749  3.28814  5.44096  3.00039  5.00053  1.93953  2.30615  
1.98221  0.635459  3.28814  5.44096  3.00039  5.00053  2.17102  1.20711  
1.78492  1.84369  3.28814  5.44096  3.00039  5.00053  1.49843  2.65077  
1.936  1.02609  3.28814  5.44096  3.00039  5.00053  1.96511  1.73641  
0.000246066  4.00025  3.15149  5.52564  3.00018  5.00025  1.14982  3.93743  
1.67725  2.19836  3.15149  5.52564  3.00018  5.00025  0.853287  4.15894  
1.49843  2.65077  3.15149  5.52564  3.00018  5.00025  1.68058  2.81019  
1.66295  2.23621  3.15149  5.52564  3.00018  5.00025  2.11277  1.39715  
1.83283  1.615  3.15149  5.52564  3.00018  5.00025  0.83088  4.06219  
0.772197  3.69042  3.15149  5.52564  3.00018  5.00025  1.08548  4.12656  
0.496319  3.87766  3.15149  5.52564  3.00018  5.00025  1.75799  3.09901  
0.307256  3.95384  3.15149  5.52564  3.00018  5.00025  2.12516  2.06571  
1.81596  1.67758  3.15149  5.52564  3.00018  5.00025  1.36484  3.74744  
1.02158  3.44192  3.15149  5.52564  3.00018  5.00025  1.58577  3.21765  
0.929474  3.54275  3.15149  5.52564  3.00018  5.00025  2.07156  1.36749  
0.126716  3.99224  3.15149  5.52564  3.00018  5.00025  1.39565  3.56869  
1.33222  2.98875  3.15149  5.52564  3.00018  5.00025  2.15149  1.68224  
1.98973  0.426881  3.15149  5.52564  3.00018  5.00025  1.87087  2.89563  
1.29566  3.05785  3.15149  5.52564  3.00018  5.00025  1.84656  2.49086  
0.348375  3.9413  3.15149  5.52564  3.00018  5.00025  1.97661  2.61465  
1.95092  0.887971  3.15149  5.52564  3.00018  5.00025  0.725021  4.19488  
1.18805  3.2403  3.15149  5.52564  3.00018  5.00025  0.370369  4.25031  
0.851237  3.62028  3.15149  5.52564  3.00018  5.00025  0.979347  3.99292  
1.35187  2.95322  3.15149  5.52564  3.00018  5.00025  1.31835  3.63559  
1.94227  0.97814  3.15149  5.52564  3.00018  5.00025  0.741266  4.22867  
0.888646  3.58396  3.15149  5.52564  3.00018  5.00025  1.84479  2.6264  
1.27449  3.09643  3.15149  5.52564  3.00018  5.00025  0.503398  4.33487  
1.84372  1.56122  3.15149  5.52564  3.00018  5.00025  0.979947  3.90952  
1.74094  1.98762  3.15149  5.52564  3.00018  5.00025  0.759775  4.23998  
2.00018  0.000181192  3.15149  5.52564  3.00018  5.00025  2.03254  2.25708  
1.69238  2.15078  3.15149  5.52564  3.00018  5.00025  0.474536  4.30271  
1.30448  3.03575  3.15149  5.52564  3.00018  5.00025  2.00181  2.17415  
1.91254  1.17356  3.15149  5.52564  3.00018  5.00025  1.83516  1.73214  
0.751135  3.71135  3.15149  5.52564  3.00018  5.00025  0.503113  4.47747  
0.189831  3.98279  3.15149  5.52564  3.00018  5.00025  1.4975  3.46116  
1.70589  2.09152  3.15149  5.52564  3.00018  5.00025  1.39631  3.53745  
1.26158  3.11573  3.15149  5.52564  3.00018  5.00025  0.996038  3.51081  
1.53882  2.55697  3.15149  5.52564  3.00018  5.00025  2.03886  1.99942  
1.79366  1.77515  3.15149  5.52564  3.00018  5.00025  2.00018  0.000181192  
1.58313  2.45679  3.15149  5.52564  3.00018  5.00025  1.5805  2.70872  
1.46405  2.72598  3.15149  5.52564  3.00018  5.00025  1.32305  3.68598  
1.01473  3.45984  3.15149  5.52564  3.00018  5.00025  1.63914  3.19  
1.07293  3.38854  3.15149  5.52564  3.00018  5.00025  1.67567  2.71983  
1.38599  2.88452  3.15149  5.52564  3.00018  5.00025  0.441661  4.39341  
1.5607  2.50398  3.15149  5.52564  3.00018  5.00025  1.56167  2.96649  
1.89111  1.30454  3.15149  5.52564  3.00018  5.00025  1.54129  3.19186  
1.15832  3.27363  3.15149  5.52564  3.00018  5.00025  0.937972  4.15011  
0.524966  3.86049  3.15149  5.52564  3.00018  5.00025  1.83609  2.86385  
1.93041  1.05773  3.15149  5.52564  3.00018  5.00025  1.77162  2.40035  
1.21399  3.19172  3.15149  5.52564  3.00018  5.00025  0.526458  4.52564  
1.32088  3.00879  3.15149  5.52564  3.00018  5.00025  0.5734  4.14952  
1.99621  0.255605  3.15149  5.52564  3.00018  5.00025  0.694079  4.31094  
1.99368  0.334776  3.15149  5.52564  3.00018  5.00025  0.964083  4.00231  
1.48353  2.68554  3.15149  5.52564  3.00018  5.00025  1.8584  2.36513  
0.391312  3.9231  3.15149  5.52564  3.00018  5.00025  1.32671  3.26185  
1.22903  3.16887  3.15149  5.52564  3.00018  5.00025  1.80114  2.70163  
0.705089  3.75099  3.15149  5.52564  3.00018  5.00025  1.66671  3.00751  
0.98744  3.49291  3.15149  5.52564  3.00018  5.00025  1.24018  3.59181  
0.572471  3.84017  3.15149  5.52564  3.00018  5.00025  1.16074  3.97417  
1.24483  3.1512  3.15149  5.52564  3.00018  5.00025  1.14307  3.81824  
1.87069  1.42754  3.15149  5.52564  3.00018  5.00025  1.17401  3.83881  
0.264386  3.9656  3.15149  5.52564  3.00018  5.00025  1.76156  3.14971  
1.80743  1.71575  3.15149  5.52564  3.00018  5.00025  1.6078  3.09677  
0.445955  3.89968  3.15149  5.52564  3.00018  5.00025  1.0503  4.01531  
1.3698  2.92012  3.15149  5.52564  3.00018  5.00025  1.1687  3.65946  
1.59538  2.42518  3.15149  5.52564  3.00018  5.00025  1.1557  3.64314  
1.90535  1.23348  3.15149  5.52564  3.00018  5.00025  0.546777  4.44573  
0.653498  3.78299  3.15149  5.52564  3.00018  5.00025  1.99783  2.16719  
1.76531  1.89643  3.15149  5.52564  3.00018  5.00025  1.71596  3.17047  
1.92389  1.09518  3.15149  5.52564  3.00018  5.00025  1.47183  3.58532  
0.422026  3.91091  3.15149  5.52564  3.00018  5.00025  2.0471  1.97247  
1.96478  0.75667  3.15149  5.52564  3.00018  5.00025  1.5252  3.52207  
1.03687  3.42416  3.15149  5.52564  3.00018  5.00025  0.96325  4.01913  
1.63369  2.31624  3.15149  5.52564  3.00018  5.00025  1.61128  3.28121  
1.54881  2.53251  3.15149  5.52564  3.00018  5.00025  1.69102  2.25247  
1.74713  1.96064  3.15149  5.52564  3.00018  5.00025  0.000246066  4.00025  
1.19815  3.2157  3.15149  5.52564  3.00018  5.00025  1.14559  3.87641  
1.42919  2.79893  3.15149  5.52564  3.00018  5.00025  1.42466  3.54545  
1.62414  2.34549  3.15149  5.52564  3.00018  5.00025  1.23194  3.72815  
1.13866  3.31647  3.15149  5.52564  3.00018  5.00025  1.94614  2.24471  
1.09953  3.37051  3.15149  5.52564  3.00018  5.00025  1.01014  4.01929  
1.60947  2.38739  3.15149  5.52564  3.00018  5.00025  1.60629  3.35075  
1.50951  2.62485  3.15149  5.52564  3.00018  5.00025  1.59314  3.31553  
0.690414  3.76195  3.15149  5.52564  3.00018  5.00025  1.17296  3.737  
1.11435  3.32905  3.15149  5.52564  3.00018  5.00025  2.11578  1.77217  
1.64462  2.28906  3.15149  5.52564  3.00018  5.00025  1.83978  3.04199  
1.95813  0.825226  3.15149  5.52564  3.00018  5.00025  1.42373  2.85152  
0.908199  3.56558  3.15149  5.52564  3.00018  5.00025  0.612416  4.086  
0.616281  3.80619  3.15149  5.52564  3.00018  5.00025  1.92653  2.37579  
1.40625  2.84704  3.15149  5.52564  3.00018  5.00025  0.697243  4.16925  
1.75857  1.91933  3.15149  5.52564  3.00018  5.00025  1.44202  3.36238  
1.85497  1.4969  3.15149  5.52564  3.00018  5.00025  0.639727  4.41469  
0.727312  3.7291  3.15149  5.52564  3.00018  5.00025  2.04861  1.69816  
0.807133  3.66234  3.15149  5.52564  3.00018  5.00025  0.81248  4.19814  
1.44833  2.76322  3.15149  5.52564  3.00018  5.00025  1.48843  3.39917  
1.88238  1.35974  3.15149  5.52564  3.00018  5.00025  1.21871  3.54069  
1.89816  1.26655  3.15149  5.52564  3.00018  5.00025  0.333708  4.32433  
1.72506  2.04096  3.15149  5.52564  3.00018  5.00025  1.41072  3.66552  
1.52538  2.58856  3.15149  5.52564  3.00018  5.00025  1.76629  2.94444  
1.97297  0.697438  3.15149  5.52564  3.00018  5.00025  1.36871  3.14355  
0.955022  3.51549  3.15149  5.52564  3.00018  5.00025  0.936333  4.00077  
1.98221  0.635459  3.15149  5.52564  3.00018  5.00025  1.75029  2.42392  
1.78142  1.82676  3.15149  5.52564  3.00018  5.00025  1.98294  2.50064  
1.41983  2.82262  3.15149  5.52564  3.00018  5.00025  1.54069  3.1181  
0.000149173  4.00015  3.03836  5.10421  3.00013  5.00015  1.69371  2.2716  
1.67164  2.19841  3.03836  5.10421  3.00013  5.00015  1.77549  2.0518  
1.49041  2.66802  3.03836  5.10421  3.00013  5.00015  1.98571  0.994925  
1.66155  2.22854  3.03836  5.10421  3.00013  5.00015  1.17891  3.33103  
1.82879  1.62041  3.03836  5.10421  3.00013  5.00015  1.36938  2.91768  
0.765619  3.69563  3.03836  5.10421  3.00013  5.00015  0.730056  3.72458  
0.481033  3.88284  3.03836  5.10421  3.00013  5.00015  1.43781  2.89023  
0.305744  3.95337  3.03836  5.10421  3.00013  5.00015  1.65971  2.25871  
1.81596  1.67758  3.03836  5.10421  3.00013  5.00015  1.48049  2.83606  
1.02802  3.43545  3.03836  5.10421  3.00013  5.00015  1.9658  1.15991  
0.929474  3.54275  3.03836  5.10421  3.00013  5.00015  1.33927  3.0883  
0.124784  3.9924  3.03836  5.10421  3.00013  5.00015  1.71985  2.05585  
1.33822  2.97349  3.03836  5.10421  3.00013  5.00015  1.3382  3.08284  
1.99029  0.399274  3.03836  5.10421  3.00013  5.00015  0.936575  3.71453  
1.28636  3.06323  3.03836  5.10421  3.00013  5.00015  1.12493  3.41217  
0.350281  3.93837  3.03836  5.10421  3.00013  5.00015  1.42553  2.94841  
1.9473  0.91542  3.03836  5.10421  3.00013  5.00015  1.08416  3.46259  
1.18657  3.22143  3.03836  5.10421  3.00013  5.00015  1.56779  2.51376  
0.842571  3.62896  3.03836  5.10421  3.00013  5.00015  1.10344  3.50105  
1.35108  2.94982  3.03836  5.10421  3.00013  5.00015  1.86603  1.68088  
1.94024  0.977472  3.03836  5.10421  3.00013  5.00015  1.08645  3.3681  
0.890732  3.58179  3.03836  5.10421  3.00013  5.00015  1.06325  3.46901  
1.27132  3.09214  3.03836  5.10421  3.00013  5.00015  0.246633  4.10421  
1.83743  1.58058  3.03836  5.10421  3.00013  5.00015  0.542636  3.95063  
1.733  2.0019  3.03836  5.10421  3.00013  5.00015  1.87637  1.65377  
2.00013  0.000132678  3.03836  5.10421  3.00013  5.00015  0.0475538  4.04755  
1.68506  2.15663  3.03836  5.10421  3.00013  5.00015  1.2743  3.20045  
1.30518  3.03136  3.03836  5.10421  3.00013  5.00015  1.63223  2.45282  
1.91254  1.17356  3.03836  5.10421  3.00013  5.00015  0.741801  3.86361  
0.740376  3.71705  3.03836  5.10421  3.00013  5.00015  1.9651  1.12223  
0.194907  3.98114  3.03836  5.10421  3.00013  5.00015  1.63019  2.32326  
1.70901  2.0803  3.03836  5.10421  3.00013  5.00015  1.29927  3.04153  
1.25212  3.12146  3.03836  5.10421  3.00013  5.00015  1.52753  2.68062  
1.53882  2.55697  3.03836  5.10421  3.00013  5.00015  1.49352  2.80533  
1.78983  1.78678  3.03836  5.10421  3.00013  5.00015  2.00013  0.000132678  
1.57188  2.47406  3.03836  5.10421  3.00013  5.00015  1.88375  1.55362  
1.46405  2.72598  3.03836  5.10421  3.00013  5.00015  0.993343  3.64265  
0.795706  3.67012  3.03836  5.10421  3.00013  5.00015  1.96702  0.729434  
1.07138  3.37853  3.03836  5.10421  3.00013  5.00015  0.925441  3.62452  
1.38598  2.88446  3.03836  5.10421  3.00013  5.00015  1.3872  3.01309  
1.56034  2.50482  3.03836  5.10421  3.00013  5.00015  1.18078  3.23231  
1.88947  1.31344  3.03836  5.10421  3.00013  5.00015  1.82235  1.86708  
1.16169  3.25912  3.03836  5.10421  3.00013  5.00015  1.21832  3.29902  
0.524966  3.86049  3.03836  5.10421  3.00013  5.00015  1.93514  1.02165  
1.93276  1.03496  3.03836  5.10421  3.00013  5.00015  1.56628  2.6061  
1.20179  3.19776  3.03836  5.10421  3.00013  5.00015  1.68598  2.16029  
1.3227  3.00084  3.03836  5.10421  3.00013  5.00015  0.922376  3.63471  
1.00517  3.45847  3.03836  5.10421  3.00013  5.00015  1.39956  2.95783  
1.99521  0.280694  3.03836  5.10421  3.00013  5.00015  1.73638  2.20148  
1.47962  2.69193  3.03836  5.10421  3.00013  5.00015  1.84714  1.77784  
0.391312  3.9231  3.03836  5.10421  3.00013  5.00015  0.660964  3.85586  
1.97813  0.599454  3.03836  5.10421  3.00013  5.00015  1.36275  3.03729  
1.69899  2.11323  3.03836  5.10421  3.00013  5.00015  1.78983  1.78678  
0.977714  3.49099  3.03836  5.10421  3.00013  5.00015  1.51078  2.62674  
0.571738  3.83359  3.03836  5.10421  3.00013  5.00015  1.40603  2.94748  
1.2326  3.15084  3.03836  5.10421  3.00013  5.00015  1.2407  3.14274  
1.8676  1.43413  3.03836  5.10421  3.00013  5.00015  1.15003  3.3794  
0.251158  3.96879  3.03836  5.10421  3.00013  5.00015  1.36466  3.03047  
1.80279  1.73387  3.03836  5.10421  3.00013  5.00015  1.91073  1.45465  
0.45215  3.89668  3.03836  5.10421  3.00013  5.00015  1.46015  2.88661  
1.36636  2.9215  3.03836  5.10421  3.00013  5.00015  1.86309  1.4627  
1.5812  2.45114  3.03836  5.10421  3.00013  5.00015  1.72602  2.23285  
1.7564  1.91853  3.03836  5.10421  3.00013  5.00015  1.4165  2.82633  
0.660148  3.77877  3.03836  5.10421  3.00013  5.00015  1.76503  2.03363  
1.76682  1.87615  3.03836  5.10421  3.00013  5.00015  1.4901  2.80771  
1.92389  1.09518  3.03836  5.10421  3.00013  5.00015  1.36887  3.02265  
0.422026  3.91091  3.03836  5.10421  3.00013  5.00015  1.57691  2.46651  
1.96293  0.773648  3.03836  5.10421  3.00013  5.00015  1.46364  2.73054  
0.603955  3.81445  3.03836  5.10421  3.00013  5.00015  1.82934  1.63569  
1.63072  2.31811  3.03836  5.10421  3.00013  5.00015  1.94228  1.28761  
1.8492  1.52552  3.03836  5.10421  3.00013  5.00015  1.5785  2.6306  
1.74526  1.95899  3.03836  5.10421  3.00013  5.00015  0.000149173  4.00015  
1.04873  3.4102  3.03836  5.10421  3.00013  5.00015  0.573239  3.83833  
1.42919  2.79893  3.03836  5.10421  3.00013  5.00015  2.00624  0.829596  
1.61995  2.34931  3.03836  5.10421  3.00013  5.00015  1.91444  1.44358  
1.13534  3.29394  3.03836  5.10421  3.00013  5.00015  1.90311  1.25465  
1.09992  3.34144  3.03836  5.10421  3.00013  5.00015  0.480987  4.02728  
1.59881  2.40647  3.03836  5.10421  3.00013  5.00015  1.57014  2.64919  
1.50951  2.62485  3.03836  5.10421  3.00013  5.00015  1.00162  3.48993  
0.686111  3.75891  3.03836  5.10421  3.00013  5.00015  0.447539  3.96401  
1.11415  3.32487  3.03836  5.10421  3.00013  5.00015  0.846999  3.68939  
1.64914  2.26824  3.03836  5.10421  3.00013  5.00015  2.03336  0.664682  
1.95549  0.843156  3.03836  5.10421  3.00013  5.00015  1.28052  3.18086  
0.908199  3.56558  3.03836  5.10421  3.00013  5.00015  1.48152  2.81319  
0.630303  3.79725  3.03836  5.10421  3.00013  5.00015  0.902238  3.65253  
1.40625  2.84704  3.03836  5.10421  3.00013  5.00015  1.51617  2.72698  
0.873878  3.59935  3.03836  5.10421  3.00013  5.00015  1.75072  1.94609  
1.85922  1.48001  3.03836  5.10421  3.00013  5.00015  0.940063  3.5335  
0.718042  3.7339  3.03836  5.10421  3.00013  5.00015  2.03836  0.265366  
0.815685  3.65257  3.03836  5.10421  3.00013  5.00015  1.97909  0.998329  
1.44573  2.76477  3.03836  5.10421  3.00013  5.00015  1.41909  2.94392  
1.87825  1.37683  3.03836  5.10421  3.00013  5.00015  1.09166  3.45492  
1.90128  1.24645  3.03836  5.10421  3.00013  5.00015  1.38419  3.01798  
1.72165  2.03921  3.03836  5.10421  3.00013  5.00015  0.986172  3.58135  
1.52538  2.58856  3.03836  5.10421  3.00013  5.00015  0.786472  3.76998  
1.97052  0.698409  3.03836  5.10421  3.00013  5.00015  1.03568  3.50051  
0.956492  3.51331  3.03836  5.10421  3.00013  5.00015  1.07996  3.46331  
1.98339  0.522113  3.03836  5.10421  3.00013  5.00015  1.65746  2.27079  
1.77844  1.8318  3.03836  5.10421  3.00013  5.00015  1.62669  2.62726  
1.21736  3.17412  3.03836  5.10421  3.00013  5.00015  1.16339  3.34875  
0.000101199  4.0001  3.00007  5.0001  3.00007  5.0001  1.45722  2.7399  
1.67079  2.19882  3.00007  5.0001  3.00007  5.0001  1.92389  1.0934  
1.49334  2.66101  3.00007  5.0001  3.00007  5.0001  0.807319  3.65976  
1.65671  2.24105  3.00007  5.0001  3.00007  5.0001  0.335588  3.94337  
1.82503  1.63663  3.00007  5.0001  3.00007  5.0001  1.44131  2.77338  
0.769837  3.69191  3.00007  5.0001  3.00007  5.0001  1.42505  2.80683  
0.492013  3.87714  3.00007  5.0001  3.00007  5.0001  1.32236  3.0011  
0.298602  3.95525  3.00007  5.0001  3.00007  5.0001  1.82969  1.61565  
1.8138  1.6857  3.00007  5.0001  3.00007  5.0001  1.61708  2.35401  
1.02908  3.42998  3.00007  5.0001  3.00007  5.0001  0.550294  3.84569  
0.938732  3.53211  3.00007  5.0001  3.00007  5.0001  0.6176  3.80461  
0.13292  3.99125  3.00007  5.0001  3.00007  5.0001  1.53266  2.56996  
1.33964  2.97026  3.00007  5.0001  3.00007  5.0001  1.70581  2.0885  
1.99062  0.388446  3.00007  5.0001  3.00007  5.0001  1.39192  2.87246  
1.2864  3.06296  3.00007  5.0001  3.00007  5.0001  1.90599  1.21254  
0.340783  3.94157  3.00007  5.0001  3.00007  5.0001  1.00307  3.46069  
1.94752  0.911022  3.00007  5.0001  3.00007  5.0001  1.65615  2.2427  
1.17405  3.23842  3.00007  5.0001  3.00007  5.0001  1.48805  2.67282  
0.843168  3.62729  3.00007  5.0001  3.00007  5.0001  0.220445  3.97572  
1.35725  2.93813  3.00007  5.0001  3.00007  5.0001  1.51783  2.60497  
1.93899  0.981091  3.00007  5.0001  3.00007  5.0001  1.26957  3.09092  
0.891276  3.581  3.00007  5.0001  3.00007  5.0001  0.677108  3.76392  
1.26876  3.09224  3.00007  5.0001  3.00007  5.0001  1.94911  0.897324  
1.83604  1.58659  3.00007  5.0001  3.00007  5.0001  1.2515  3.12024  
1.73297  1.99709  3.00007  5.0001  3.00007  5.0001  1.47235  2.70741  
2.00007  6.81465e-05  3.00007  5.0001  3.00007  5.0001  1.60388  2.38986  
1.68407  2.15795  3.00007  5.0001  3.00007  5.0001  0.511046  3.86732  
1.30319  3.03449  3.00007  5.0001  3.00007  5.0001  1.21639  3.17531  
1.91106  1.18012  3.00007  5.0001  3.00007  5.0001  1.34092  2.96793  
0.742564  3.7142  3.00007  5.0001  3.00007  5.0001  1.56175  2.49898  
0.19715  3.98061  3.00007  5.0001  3.00007  5.0001  1.86474  1.4464  
1.70925  2.07724  3.00007  5.0001  3.00007  5.0001  0.704574  3.74368  
1.25027  3.12224  3.00007  5.0001  3.00007  5.0001  0.781363  3.68222  
1.54089  2.55028  3.00007  5.0001  3.00007  5.0001  1.97151  0.67381  
1.79049  1.78259  3.00007  5.0001  3.00007  5.0001  2.00007  6.81465e-05  
1.57117  2.47525  3.00007  5.0001  3.00007  5.0001  0.958244  3.51109  
1.46076  2.73238  3.00007  5.0001  3.00007  5.0001  1.84162  1.56049  
0.794991  3.67054  3.00007  5.0001  3.00007  5.0001  0.647972  3.78439  
1.07241  3.37651  3.00007  5.0001  3.00007  5.0001  0.148936  3.989  
1.39295  2.87055  3.00007  5.0001  3.00007  5.0001  1.87603  1.38684  
1.55652  2.51201  3.00007  5.0001  3.00007  5.0001  1.06641  3.38406  
1.89055  1.30557  3.00007  5.0001  3.00007  5.0001  1.69279  2.13051  
1.15467  3.26617  3.00007  5.0001  3.00007  5.0001  1.54752  2.53417  
0.529481  3.85737  3.00007  5.0001  3.00007  5.0001  0.832868  3.63682  
1.93012  1.04869  3.00007  5.0001  3.00007  5.0001  1.89635  1.27144  
1.19422  3.20882  3.00007  5.0001  3.00007  5.0001  1.7188  2.04545  
1.32117  3.00317  3.00007  5.0001  3.00007  5.0001  0.858979  3.61244  
1.00689  3.45624  3.00007  5.0001  3.00007  5.0001  0.73024  3.72396  
1.99581  0.261377  3.00007  5.0001  3.00007  5.0001  1.50338  2.63827  
1.47771  2.69562  3.00007  5.0001  3.00007  5.0001  1.02465  3.4353  
0.380993  3.92682  3.00007  5.0001  3.00007  5.0001  1.96452  0.750861  
1.97837  0.587688  3.00007  5.0001  3.00007  5.0001  1.04593  3.40958  
1.69678  2.11777  3.00007  5.0001  3.00007  5.0001  1.58998  2.42676  
0.984765  3.48165  3.00007  5.0001  3.00007  5.0001  1.18088  3.22851  
0.56428  3.83761  3.00007  5.0001  3.00007  5.0001  1.91507  1.15387  
1.23126  3.15232  3.00007  5.0001  3.00007  5.0001  1.23401  3.148  
1.86935  1.42233  3.00007  5.0001  3.00007  5.0001  1.30485  3.03158  
0.252689  3.96803  3.00007  5.0001  3.00007  5.0001  1.77035  1.86129  
1.80186  1.73617  3.00007  5.0001  3.00007  5.0001  1.99581  0.261377  
0.455334  3.89509  3.00007  5.0001  3.00007  5.0001  1.64347  2.27972  
1.37562  2.90378  3.00007  5.0001  3.00007  5.0001  0.27911  3.96096  
1.58577  2.43774  3.00007  5.0001  3.00007  5.0001  1.10678  3.33185  
1.7571  1.91088  3.00007  5.0001  3.00007  5.0001  1.57602  2.46289  
0.659771  3.77623  3.00007  5.0001  3.00007  5.0001  1.16295  3.2544  
1.76868  1.86768  3.00007  5.0001  3.00007  5.0001  1.99062  0.388446  
1.92095  1.11397  3.00007  5.0001  3.00007  5.0001  1.75811  1.90717  
0.419726  3.91102  3.00007  5.0001  3.00007  5.0001  1.28758  3.06099  
1.96378  0.758785  3.00007  5.0001  3.00007  5.0001  1.12593  3.30608  
0.598413  3.81687  3.00007  5.0001  3.00007  5.0001  1.95699  0.825786  
1.62929  2.32012  3.00007  5.0001  3.00007  5.0001  0.386957  3.9245  
1.84719  1.53381  3.00007  5.0001  3.00007  5.0001  0.584793  3.82527  
1.7454  1.95326  3.00007  5.0001  3.00007  5.0001  0.000101199  4.0001  
1.05145  3.40282  3.00007  5.0001  3.00007  5.0001  1.68041  2.16936  
1.42727  2.80229  3.00007  5.0001  3.00007  5.0001  1.78221  1.81546  
1.61507  2.35953  3.00007  5.0001  3.00007  5.0001  1.14453  3.28043  
1.1352  3.29337  3.00007  5.0001  3.00007  5.0001  0.756383  3.70309  
1.09346  3.34942  3.00007  5.0001  3.00007  5.0001  1.85355  1.50284  
1.6005  2.39893  3.00007  5.0001  3.00007  5.0001  1.97837  0.587688  
1.50928  2.62477  3.00007  5.0001  3.00007  5.0001  1.80635  1.71741  
0.688427  3.75569  3.00007  5.0001  3.00007  5.0001  1.63041  2.31691  
1.1141  3.32207  3.00007  5.0001  3.00007  5.0001  1.7454  1.95326  
1.64347  2.27972  3.00007  5.0001  3.00007  5.0001  0.911288  3.56079  
1.95596  0.83551  3.00007  5.0001  3.00007  5.0001  1.0871  3.35764  
0.9148  3.55716  3.00007  5.0001  3.00007  5.0001  0.886159  3.58609  
0.629472  3.79685  3.00007  5.0001  3.00007  5.0001  1.98472  0.494886  
1.41016  2.8367  3.00007  5.0001  3.00007  5.0001  1.79456  1.76615  
0.867346  3.6044  3.00007  5.0001  3.00007  5.0001  0.431651  3.9058  
1.8586  1.47772  3.00007  5.0001  3.00007  5.0001  1.93248  1.03108  
0.71607  3.73495  3.00007  5.0001  3.00007  5.0001  1.40898  2.83905  
0.81908  3.64931  3.00007  5.0001  3.00007  5.0001  1.37562  2.90378  
1.44368  2.76843  3.00007  5.0001  3.00007  5.0001  0.981376  3.48551  
1.87989  1.36574  3.00007  5.0001  3.00007  5.0001  0.935387  3.53568  
1.90111  1.2427  3.00007  5.0001  3.00007  5.0001  1.73213  2.00003  
1.72094  2.03824  3.00007  5.0001  3.00007  5.0001  1.66847  2.20589  
1.52509  2.58796  3.00007  5.0001  3.00007  5.0001  0.471875  3.88717  
1.97148  0.674132  3.00007  5.0001  3.00007  5.0001  1.88631  1.32978  
0.96193  3.50709  3.00007  5.0001  3.00007  5.0001  1.94102  0.964712  
1.98472  0.494886  3.00007  5.0001  3.00007  5.0001  1.35827  2.93624  
1.77968  1.82545  3.00007  5.0001  3.00007  5.0001  1.81822  1.66666  
1.21311  3.18032  3.00007  5.0001  3.00007  5.0001  1.19853  3.20238  
9.78798e-06  4.00001  3.00001  5.00001  3.00001  5.00001  1.45652  2.74123  
1.66939  2.20287  3.00001  5.00001  3.00001  5.00001  1.92395  1.09264  
1.49293  2.66174  3.00001  5.00001  3.00001  5.00001  0.809176  3.65802  
1.65573  2.24373  3.00001  5.00001  3.00001  5.00001  0.331206  3.94478  
1.82611  1.63142  3.00001  5.00001  3.00001  5.00001  1.44068  2.77451  
0.767817  3.6935  3.00001  5.00001  3.00001  5.00001  1.42482  2.80709  
0.494153  3.876  3.00001  5.00001  3.00001  5.00001  1.32351  2.9989  
0.297132  3.95562  3.00001  5.00001  3.00001  5.00001  1.83107  1.60897  
1.81497  1.68041  3.00001  5.00001  3.00001  5.00001  1.61693  2.35419  
1.02878  3.43024  3.00001  5.00001  3.00001  5.00001  0.540444  3.8512  
0.939459  3.53125  3.00001  5.00001  3.00001  5.00001  0.608393  3.81045  
0.132745  3.99121  3.00001  5.00001  3.00001  5.00001  1.5316  2.57234  
1.34168  2.96643  3.00001  5.00001  3.00001  5.00001  1.7081  2.08082  
1.9909  0.381398  3.00001  5.00001  3.00001  5.00001  1.39175  2.87266  
1.28748  3.06101  3.00001  5.00001  3.00001  5.00001  1.90521  1.21687  
0.340822  3.9415  3.00001  5.00001  3.00001  5.00001  1.00034  3.46372  
1.94705  0.914394  3.00001  5.00001  3.00001  5.00001  1.65688  2.24033  
1.17391  3.23849  3.00001  5.00001  3.00001  5.00001  1.48737  2.67415  
0.843678  3.6267  3.00001  5.00001  3.00001  5.00001  0.21715  3.97636  
1.3591  2.93453  3.00001  5.00001  3.00001  5.00001  1.5171  2.60647  
1.93846  0.984732  3.00001  5.00001  3.00001  5.00001  1.27079  3.08876  
0.892393  3.57976  3.00001  5.00001  3.00001  5.00001  0.671545  3.76779  
1.26926  3.09129  3.00001  5.00001  3.00001  5.00001  1.94942  0.89394  
1.83742  1.57976  3.00001  5.00001  3.00001  5.00001  1.25339  3.11708  
1.73359  1.9947  3.00001  5.00001  3.00001  5.00001  1.47211  2.70771  
2.00001  9.96839e-06  3.00001  5.00001  3.00001  5.00001  1.60301  2.39199  
1.68265  2.16215  3.00001  5.00001  3.00001  5.00001  0.504335  3.87075  
1.30582  3.02976  3.00001  5.00001  3.00001  5.00001  1.21744  3.17355  
1.91099  1.18007  3.00001  5.00001  3.00001  5.00001  1.34062  2.96835  
0.741108  3.71526  3.00001  5.00001  3.00001  5.00001  1.56081  2.50113  
0.195813  3.98079  3.00001  5.00001  3.00001  5.00001  1.86442  1.44771  
1.70833  2.08003  3.00001  5.00001  3.00001  5.00001  0.700844  3.74638  
1.25061  3.12154  3.00001  5.00001  3.00001  5.00001  0.78329  3.68048  
1.54009  2.55199  3.00001  5.00001  3.00001  5.00001  1.97183  0.669041  
1.79272  1.77336  3.00001  5.00001  3.00001  5.00001  2.00001  9.96839e-06  
1.57035  2.47714  3.00001  5.00001  3.00001  5.00001  0.955156  3.51437  
1.46064  2.73244  3.00001  5.00001  3.00001  5.00001  1.8424  1.55638  
0.794025  3.67127  3.00001  5.00001  3.00001  5.00001  0.641189  3.78888  
1.07166  3.37732  3.00001  5.00001  3.00001  5.00001  0.143954  3.98964  
1.39332  2.86963  3.00001  5.00001  3.00001  5.00001  1.8751  1.39144  
1.55541  2.51455  3.00001  5.00001  3.00001  5.00001  1.06487  3.3859  
1.8911  1.30195  3.00001  5.00001  3.00001  5.00001  1.69534  2.12214  
1.154  3.26699  3.00001  5.00001  3.00001  5.00001  1.54636  2.53678  
0.52886  3.85764  3.00001  5.00001  3.00001  5.00001  0.834879  3.63483  
1.92966  1.0516  3.00001  5.00001  3.00001  5.00001  1.89547  1.27627  
1.1938  3.20928  3.00001  5.00001  3.00001  5.00001  1.72067  2.03894  
1.32386  2.99828  3.00001  5.00001  3.00001  5.00001  0.85985  3.61147  
1.0069  3.45612  3.00001  5.00001  3.00001  5.00001  0.728924  3.72489  
1.99582  0.258723  3.00001  5.00001  3.00001  5.00001  1.5022  2.64077  
1.4767  2.6977  3.00001  5.00001  3.00001  5.00001  1.02294  3.43722  
0.382413  3.92621  3.00001  5.00001  3.00001  5.00001  1.96467  0.748577  
1.97838  0.586603  3.00001  5.00001  3.00001  5.00001  1.0443  3.41144  
1.69557  2.12138  3.00001  5.00001  3.00001  5.00001  1.58906  2.42894  
0.984393  3.48196  3.00001  5.00001  3.00001  5.00001  1.18108  3.22804  
0.562876  3.83833  3.00001  5.00001  3.00001  5.00001  1.91472  1.15567  
1.23193  3.15112  3.00001  5.00001  3.00001  5.00001  1.23558  3.1454  
1.8702  1.41758  3.00001  5.00001  3.00001  5.00001  1.30582  3.02976  
0.249952  3.96865  3.00001  5.00001  3.00001  5.00001  1.77121  1.8578  
1.80396  1.72717  3.00001  5.00001  3.00001  5.00001  1.99582  0.258723  
0.459093  3.89321  3.00001  5.00001  3.00001  5.00001  1.64363  2.27905  
1.37641  2.90209  3.00001  5.00001  3.00001  5.00001  0.277461  3.96133  
1.58519  2.43901  3.00001  5.00001  3.00001  5.00001  1.10507  3.33398  
1.75779  1.90811  3.00001  5.00001  3.00001  5.00001  1.57504  2.46519  
0.657011  3.77802  3.00001  5.00001  3.00001  5.00001  1.16233  3.25516  
1.76964  1.86379  3.00001  5.00001  3.00001  5.00001  1.9909  0.381398  
1.92044  1.11705  3.00001  5.00001  3.00001  5.00001  1.75875  1.90458  
0.421551  3.91015  3.00001  5.00001  3.00001  5.00001  1.28831  3.0596  
1.9634  0.761864  3.00001  5.00001  3.00001  5.00001  1.12441  3.30801  
0.595771  3.81842  3.00001  5.00001  3.00001  5.00001  1.95719  0.823253  
1.62814  2.32308  3.00001  5.00001  3.00001  5.00001  0.37943  3.92737  
1.84824  1.52847  3.00001  5.00001  3.00001  5.00001  0.575642  3.83076  
1.74591  1.95124  3.00001  5.00001  3.00001  5.00001  9.78798e-06  4.00001  
1.05035  3.404  3.00001  5.00001  3.00001  5.00001  1.68265  2.16215  
1.42737  2.80189  3.00001  5.00001  3.00001  5.00001  1.78339  1.81057  
1.6139  2.36252  3.00001  5.00001  3.00001  5.00001  1.14368  3.28148  
1.13372  3.29527  3.00001  5.00001  3.00001  5.00001  0.756218  3.70306  
1.09241  3.35062  3.00001  5.00001  3.00001  5.00001  1.85351  1.50271  
1.59958  2.40115  3.00001  5.00001  3.00001  5.00001  1.97869  0.582451  
1.50861  2.62612  3.00001  5.00001  3.00001  5.00001  1.80745  1.71251  
0.685949  3.75739  3.00001  5.00001  3.00001  5.00001  1.63046  2.31658  
1.11295  3.32347  3.00001  5.00001  3.00001  5.00001  1.74591  1.95124  
1.64197  2.28383  3.00001  5.00001  3.00001  5.00001  0.907861  3.56416  
1.9553  0.841072  3.00001  5.00001  3.00001  5.00001  1.08491  3.36036  
0.915845  3.55599  3.00001  5.00001  3.00001  5.00001  0.88411  3.58797  
0.627331  3.79815  3.00001  5.00001  3.00001  5.00001  1.98504  0.488521  
1.41047  2.83592  3.00001  5.00001  3.00001  5.00001  1.7955  1.76205  
0.868452  3.60323  3.00001  5.00001  3.00001  5.00001  0.423476  3.90933  
1.85912  1.47472  3.00001  5.00001  3.00001  5.00001  1.9328  1.02823  
0.713833  3.73656  3.00001  5.00001  3.00001  5.00001  1.40841  2.84001  
0.819469  3.64883  3.00001  5.00001  3.00001  5.00001  1.37483  2.90507  
1.44397  2.76767  3.00001  5.00001  3.00001  5.00001  0.977754  3.48943  
1.88072  1.36077  3.00001  5.00001  3.00001  5.00001  0.931834  3.53933  
1.90109  1.24243  3.00001  5.00001  3.00001  5.00001  1.73334  1.99557  
1.72115  2.03736  3.00001  5.00001  3.00001  5.00001  1.66985  2.20147  
1.52463  2.58885  3.00001  5.00001  3.00001  5.00001  0.465399  3.89021  
1.97118  0.676713  3.00001  5.00001  3.00001  5.00001  1.8854  1.33464  
0.962138  3.50674  3.00001  5.00001  3.00001  5.00001  1.94121  0.962826  
1.98496  0.489753  3.00001  5.00001  3.00001  5.00001  1.35783  2.93688  
1.78122  1.81913  3.00001  5.00001  3.00001  5.00001  1.81933  1.66144  
1.21302  3.18033  3.00001  5.00001  3.00001  5.00001  1.19946  3.20082  
2.02968e-06  4  3  5  3  5  1.45617  2.74195  
1.66893  2.20426  3  5  3  5  1.92363  1.0948  
1.49277  2.66206  3  5  3  5  0.808457  3.65864  
1.65524  2.24516  3  5  3  5  0.328382  3.94572  
1.82707  1.62706  3  5  3  5  1.4404  2.77508  
0.766805  3.69433  3  5  3  5  1.42442  2.80787  
0.494578  3.87577  3  5  3  5  1.32386  2.99826  
0.29683  3.9557  3  5  3  5  1.83104  1.60908  
1.81581  1.67673  3  5  3  5  1.6165  2.35536  
1.02898  3.42999  3  5  3  5  0.537874  3.85263  
0.939371  3.53134  3  5  3  5  0.606565  3.81161  
0.131249  3.99138  3  5  3  5  1.53159  2.57234  
1.34147  2.9668  3  5  3  5  1.70886  2.07829  
1.99065  0.386288  3  5  3  5  1.39177  2.87262  
1.28803  3.06005  3  5  3  5  1.90507  1.21771  
0.340793  3.9415  3  5  3  5  1.00007  3.46403  
1.94718  0.913275  3  5  3  5  1.65693  2.24016  
1.17345  3.23915  3  5  3  5  1.48705  2.67485  
0.84367  3.62669  3  5  3  5  0.215946  3.97662  
1.35893  2.93484  3  5  3  5  1.51691  2.60691  
1.93849  0.984427  3  5  3  5  1.27111  3.08823  
0.892507  3.57963  3  5  3  5  0.669169  3.76947  
1.26959  3.09072  3  5  3  5  1.94924  0.895462  
1.8382  1.57609  3  5  3  5  1.25332  3.11718  
1.73336  1.99546  3  5  3  5  1.47176  2.70845  
2  2.30012e-06  3  5  3  5  1.60278  2.39257  
1.68227  2.16331  3  5  3  5  0.500968  3.87248  
1.30601  3.02942  3  5  3  5  1.21742  3.17357  
1.91106  1.17958  3  5  3  5  1.34094  2.96774  
0.73999  3.71614  3  5  3  5  1.56064  2.50153  
0.195208  3.9809  3  5  3  5  1.86439  1.44783  
1.70829  2.08015  3  5  3  5  0.699155  3.74763  
1.25077  3.12127  3  5  3  5  0.782131  3.68146  
1.53985  2.55254  3  5  3  5  1.97191  0.668048  
1.79288  1.77267  3  5  3  5  2  2.30012e-06  
1.57019  2.4775  3  5  3  5  0.955023  3.5145  
1.46056  2.7326  3  5  3  5  1.84235  1.55661  
0.792993  3.67215  3  5  3  5  0.638527  3.79067  
1.07169  3.37727  3  5  3  5  0.143913  3.98963  
1.39347  2.86932  3  5  3  5  1.87495  1.39222  
1.55505  2.51541  3  5  3  5  1.06386  3.38716  
1.89116  1.30157  3  5  3  5  1.696  2.12  
1.15363  3.2675  3  5  3  5  1.54622  2.5371  
0.528453  3.85784  3  5  3  5  0.834318  3.63534  
1.9296  1.05194  3  5  3  5  1.89532  1.27716  
1.19319  3.21017  3  5  3  5  1.72153  2.03604  
1.32386  2.99826  3  5  3  5  0.859336  3.61195  
1.00709  3.45588  3  5  3  5  0.727681  3.72585  
1.99585  0.257641  3  5  3  5  1.50216  2.64085  
1.47686  2.69733  3  5  3  5  1.02167  3.43872  
0.381998  3.92636  3  5  3  5  1.96473  0.747961  
1.97809  0.590524  3  5  3  5  1.04272  3.41335  
1.69535  2.12206  3  5  3  5  1.58901  2.42904  
0.984789  3.48149  3  5  3  5  1.18088  3.22834  
0.561942  3.83887  3  5  3  5  1.91453  1.15683  
1.23198  3.15102  3  5  3  5  1.2355  3.14551  
1.87056  1.41563  3  5  3  5  1.30638  3.02878  
0.248605  3.96898  3  5  3  5  1.7715  1.85668  
1.80452  1.72477  3  5  3  5  1.99598  0.253452  
0.458565  3.89344  3  5  3  5  1.64355  2.27926  
1.37641  2.90207  3  5  3  5  0.275737  3.9618  
1.58486  2.43985  3  5  3  5  1.10419  3.33513  
1.75772  1.90832  3  5  3  5  1.57491  2.4655  
0.655061  3.77937  3  5  3  5  1.16211  3.25545  
1.7696  1.8639  3  5  3  5  1.99092  0.380804  
1.92049  1.11665  3  5  3  5  1.75912  1.90316  
0.421189  3.9103  3  5  3  5  1.28878  3.05879  
1.96336  0.7622  3  5  3  5  1.12407  3.30846  
0.594182  3.8194  3  5  3  5  1.95723  0.822821  
1.62767  2.3244  3  5  3  5  0.376353  3.92854  
1.84912  1.52414  3  5  3  5  0.572936  3.83236  
1.74563  1.9522  3  5  3  5  2.02968e-06  4  
1.05038  3.40394  3  5  3  5  1.68322  2.16035  
1.4274  2.80182  3  5  3  5  1.78375  1.80913  
1.61354  2.36347  3  5  3  5  1.14303  3.28237  
1.13352  3.29554  3  5  3  5  0.755222  3.70386  
1.09222  3.35086  3  5  3  5  1.85346  1.50291  
1.59936  2.40171  3  5  3  5  1.97873  0.581806  
1.50874  2.62581  3  5  3  5  1.80773  1.7113  
0.684397  3.75851  3  5  3  5  1.63012  2.31751  
1.11304  3.32334  3  5  3  5  1.74676  1.94816  
1.64159  2.28491  3  5  3  5  0.90811  3.5639  
1.95546  0.839532  3  5  3  5  1.08425  3.3612  
0.916141  3.55567  3  5  3  5  0.883839  3.58822  
0.624836  3.79978  3  5  3  5  1.98516  0.486458  
1.41058  2.83569  3  5  3  5  1.7958  1.76081  
0.868464  3.60321  3  5  3  5  0.420119  3.91076  
1.85992  1.47066  3  5  3  5  1.93248  1.03059  
0.712684  3.73743  3  5  3  5  1.40818  2.84045  
0.818542  3.64966  3  5  3  5  1.37497  2.9048  
1.44408  2.76741  3  5  3  5  0.977704  3.48947  
1.8811  1.35864  3  5  3  5  0.931742  3.53941  
1.90126  1.24133  3  5  3  5  1.73419  1.99257  
1.72097  2.03792  3  5  3  5  1.67002  2.20094  
1.52442  2.58932  3  5  3  5  0.461858  3.89189  
1.97096  0.679147  3  5  3  5  1.88528  1.33527  
0.962004  3.50688  3  5  3  5  1.94106  0.963963  
1.98462  0.495119  3  5  3  5  1.35807  2.93642  
1.78122  1.81908  3  5  3  5  1.81952  1.66053  
1.2127  3.1808  3  5  3  5  1.19916  3.20126  
1.20951e-06  4  3  5  3  5  1.45609  2.74211  
1.66871  2.20491  3  5  3  5  1.92353  1.0955  
1.49292  2.66173  3  5  3  5  0.808421  3.65867  
1.65515  2.24543  3  5  3  5  0.325935  3.94653  
1.82726  1.6262  3  5  3  5  1.44041  2.77506  
0.76658  3.69451  3  5  3  5  1.42442  2.80786  
0.493942  3.87609  3  5  3  5  1.32381  2.99836  
0.296647  3.95576  3  5  3  5  1.83107  1.60897  
1.81595  1.67611  3  5  3  5  1.61664  2.35498  
1.02873  3.43029  3  5  3  5  0.535733  3.85383  
0.939213  3.53151  3  5  3  5  0.604593  3.81286  
0.130315  3.9915  3  5  3  5  1.53161  2.57229  
1.34171  2.96636  3  5  3  5  1.70908  2.07753  
1.99058  0.387696  3  5  3  5  1.39172  2.87272  
1.28772  3.06057  3  5  3  5  1.90492  1.21867  
0.340788  3.94151  3  5  3  5  0.999365  3.46484  
1.94719  0.913158  3  5  3  5  1.65704  2.23985  
1.17358  3.23896  3  5  3  5  1.48698  2.67498  
0.843532  3.62682  3  5  3  5  0.214097  3.97702  
1.35925  2.93425  3  5  3  5  1.5169  2.60693  
1.93853  0.984087  3  5  3  5  1.27131  3.0879  
0.892185  3.57995  3  5  3  5  0.667772  3.77046  
1.26943  3.09099  3  5  3  5  1.94925  0.895389  
1.83842  1.57509  3  5  3  5  1.25343  3.11699  
1.73336  1.99546  3  5  3  5  1.47163  2.70874  
2  1.02948e-06  3  5  3  5  1.6029  2.39224  
1.68215  2.16369  3  5  3  5  0.498406  3.87381  
1.30599  3.02944  3  5  3  5  1.21745  3.17353  
1.91104  1.17969  3  5  3  5  1.34109  2.96747  
0.73974  3.71634  3  5  3  5  1.56057  2.50169  
0.195061  3.98093  3  5  3  5  1.8642  1.44881  
1.7081  2.08077  3  5  3  5  0.697001  3.74924  
1.25073  3.12133  3  5  3  5  0.781952  3.6816  
1.53982  2.5526  3  5  3  5  1.97202  0.666745  
1.7931  1.77179  3  5  3  5  2  1.02948e-06  
1.57004  2.47789  3  5  3  5  0.954658  3.5149  
1.46069  2.73232  3  5  3  5  1.84235  1.55659  
0.79265  3.67244  3  5  3  5  0.636751  3.79186  
1.07144  3.37758  3  5  3  5  0.142672  3.98981  
1.39354  2.86917  3  5  3  5  1.8748  1.39302  
1.55507  2.51537  3  5  3  5  1.06341  3.38772  
1.89129  1.30083  3  5  3  5  1.69624  2.11922  
1.15372  3.26737  3  5  3  5  1.54616  2.53724  
0.528213  3.85798  3  5  3  5  0.834107  3.63553  
1.92972  1.05105  3  5  3  5  1.89522  1.27775  
1.19323  3.21012  3  5  3  5  1.72191  2.03473  
1.32403  2.99797  3  5  3  5  0.859184  3.61209  
1.00682  3.45619  3  5  3  5  0.726447  3.72681  
1.99583  0.258313  3  5  3  5  1.50208  2.64103  
1.47686  2.69733  3  5  3  5  1.02112  3.43937  
0.382018  3.92636  3  5  3  5  1.96481  0.747019  
1.97802  0.591402  3  5  3  5  1.04247  3.41366  
1.69522  2.12248  3  5  3  5  1.589  2.42907  
0.984554  3.48176  3  5  3  5  1.18069  3.22861  
0.561459  3.83915  3  5  3  5  1.91442  1.15756  
1.23181  3.15128  3  5  3  5  1.2355  3.14551  
1.87064  1.41519  3  5  3  5  1.3064  3.02874  
0.248944  3.96889  3  5  3  5  1.77171  1.85585  
1.80459  1.7245  3  5  3  5  1.99597  0.253733  
0.458421  3.89351  3  5  3  5  1.64373  2.27874  
1.37658  2.90175  3  5  3  5  0.273593  3.9624  
1.58481  2.43999  3  5  3  5  1.10383  3.3356  
1.75785  1.90784  3  5  3  5  1.57491  2.4655  
0.654891  3.77948  3  5  3  5  1.16206  3.25553  
1.76979  1.86317  3  5  3  5  1.99093  0.380478  
1.9205  1.11655  3  5  3  5  1.7594  1.90211  
0.421111  3.91033  3  5  3  5  1.289  3.05841  
1.96336  0.762152  3  5  3  5  1.12346  3.30929  
0.593788  3.81964  3  5  3  5  1.95721  0.823036  
1.6276  2.32458  3  5  3  5  0.373174  3.92976  
1.84937  1.52292  3  5  3  5  0.570928  3.83356  
1.74573  1.95186  3  5  3  5  1.20951e-06  4  
1.05015  3.40422  3  5  3  5  1.68324  2.16027  
1.42732  2.80196  3  5  3  5  1.78386  1.80869  
1.61354  2.36346  3  5  3  5  1.14307  3.28231  
1.13347  3.2956  3  5  3  5  0.75444  3.7045  
1.09228  3.35078  3  5  3  5  1.85337  1.50335  
1.5993  2.40188  3  5  3  5  1.97883  0.580506  
1.50885  2.62555  3  5  3  5  1.80779  1.71104  
0.683788  3.75896  3  5  3  5  1.63026  2.31712  
1.11311  3.32325  3  5  3  5  1.74699  1.94735  
1.64141  2.2854  3  5  3  5  0.907945  3.56406  
1.95538  0.84025  3  5  3  5  1.08382  3.36175  
0.915884  3.55593  3  5  3  5  0.88366  3.5884  
0.62466  3.7999  3  5  3  5  1.98514  0.48672  
1.41047  2.83591  3  5  3  5  1.7959  1.76039  
0.868101  3.60356  3  5  3  5  0.417307  3.91196  
1.86009  1.46981  3  5  3  5  1.9324  1.03119  
0.712108  3.73786  3  5  3  5  1.40814  2.84052  
0.818244  3.64992  3  5  3  5  1.37501  2.90471  
1.4441  2.76737  3  5  3  5  0.977233  3.49  
1.88109  1.3587  3  5  3  5  0.931413  3.53976  
1.90123  1.24148  3  5  3  5  1.73455  1.99131  
1.72082  2.03842  3  5  3  5  1.67027  2.20019  
1.52449  2.58916  3  5  3  5  0.458421  3.89351  
1.97092  0.679675  3  5  3  5  1.88513  1.3361  
0.962173  3.50669  3  5  3  5  1.94099  0.964497  
1.98457  0.495886  3  5  3  5  1.35816  2.93626  
1.78154  1.81781  3  5  3  5  1.8195  1.66063  
1.21264  3.18088  3  5  3  5  1.1992  3.20121  
2.43754e-07  4  3  5  3  5  1.4561  2.7421  
1.6687  2.20493  3  5  3  5  1.92353  1.09547  
1.49283  2.66192  3  5  3  5  0.807563  3.65942  
1.65514  2.24545  3  5  3  5  0.324547  3.94698  
1.82741  1.62552  3  5  3  5  1.44037  2.77513  
0.766484  3.69459  3  5  3  5  1.42442  2.80786  
0.494055  3.87603  3  5  3  5  1.32396  2.99808  
0.296996  3.95565  3  5  3  5  1.83104  1.60911  
1.81618  1.6751  3  5  3  5  1.61671  2.35478  
1.02868  3.43035  3  5  3  5  0.533114  3.85528  
0.939122  3.5316  3  5  3  5  0.601764  3.81465  
0.130346  3.9915  3  5  3  5  1.53164  2.57223  
1.34177  2.96624  3  5  3  5  1.70926  2.07695  
1.99059  0.387563  3  5  3  5  1.39172  2.87272  
1.28767  3.06067  3  5  3  5  1.90491  1.21875  
0.341129  3.94139  3  5  3  5  0.998683  3.46562  
1.94721  0.912955  3  5  3  5  1.65708  2.23972  
1.17358  3.23895  3  5  3  5  1.48696  2.67503  
0.843412  3.62693  3  5  3  5  0.213984  3.97704  
1.35938  2.93399  3  5  3  5  1.51692  2.60689  
1.93859  0.983632  3  5  3  5  1.27147  3.08763  
0.892092  3.58004  3  5  3  5  0.66567  3.77194  
1.26922  3.09132  3  5  3  5  1.94925  0.895387  
1.83849  1.57477  3  5  3  5  1.25365  3.11665  
1.7332  1.996  3  5  3  5  1.4716  2.7088  
2  3.26311e-07  3  5  3  5  1.6029  2.39225  
1.68198  2.16419  3  5  3  5  0.496165  3.87496  
1.30596  3.02951  3  5  3  5  1.21762  3.17327  
1.91106  1.17958  3  5  3  5  1.34112  2.96742  
0.739641  3.71641  3  5  3  5  1.5606  2.50162  
0.195198  3.9809  3  5  3  5  1.86423  1.44865  
1.70795  2.08126  3  5  3  5  0.696128  3.74988  
1.25071  3.12136  3  5  3  5  0.780703  3.68266  
1.53979  2.55269  3  5  3  5  1.97206  0.666254  
1.79336  1.77074  3  5  3  5  2  3.26311e-07  
1.56986  2.47833  3  5  3  5  0.953928  3.51569  
1.46049  2.73275  3  5  3  5  1.84232  1.55672  
0.792629  3.67246  3  5  3  5  0.634449  3.7934  
1.07146  3.37755  3  5  3  5  0.142672  3.98981  
1.39377  2.86872  3  5  3  5  1.87481  1.39298  
1.55498  2.51558  3  5  3  5  1.0626  3.38873  
1.89134  1.30054  3  5  3  5  1.6964  2.11869  
1.15368  3.26743  3  5  3  5  1.54618  2.53719  
0.528267  3.85794  3  5  3  5  0.833477  3.63611  
1.92965  1.05155  3  5  3  5  1.89514  1.27819  
1.19321  3.21014  3  5  3  5  1.72205  2.03424  
1.32396  2.99808  3  5  3  5  0.858929  3.61234  
1.00677  3.45625  3  5  3  5  0.725291  3.72771  
1.9958  0.259143  3  5  3  5  1.50204  2.64112  
1.47673  2.6976  3  5  3  5  1.0203  3.44035  
0.382257  3.92626  3  5  3  5  1.96481  0.747023  
1.97798  0.591957  3  5  3  5  1.04169  3.4146  
1.69504  2.12305  3  5  3  5  1.589  2.42907  
0.984507  3.48181  3  5  3  5  1.1807  3.22858  
0.561337  3.83922  3  5  3  5  1.91436  1.15798  
1.23175  3.15138  3  5  3  5  1.23574  3.14513  
1.87082  1.41424  3  5  3  5  1.30667  3.02828  
0.248986  3.96888  3  5  3  5  1.77192  1.85507  
1.80483  1.72349  3  5  3  5  1.99597  0.253693  
0.458408  3.89351  3  5  3  5  1.64373  2.27874  
1.37667  2.90158  3  5  3  5  0.272663  3.96265  
1.58454  2.4407  3  5  3  5  1.10329  3.33632  
1.75782  1.90796  3  5  3  5  1.57489  2.46554  
0.654447  3.77979  3  5  3  5  1.16183  3.25586  
1.76992  1.86267  3  5  3  5  1.99094  0.380333  
1.92048  1.11668  3  5  3  5  1.75968  1.90108  
0.421311  3.91024  3  5  3  5  1.28917  3.05814  
1.96339  0.761883  3  5  3  5  1.12313  3.30973  
0.593369  3.8199  3  5  3  5  1.95721  0.823035  
1.62756  2.32469  3  5  3  5  0.372  3.9302  
1.84941  1.52273  3  5  3  5  0.568021  3.83528  
1.74562  1.95223  3  5  3  5  2.43754e-07  4  
1.05028  3.40406  3  5  3  5  1.68344  2.15967  
1.42747  2.80166  3  5  3  5  1.78407  1.80786  
1.61348  2.36363  3  5  3  5  1.14266  3.28289  
1.13353  3.29553  3  5  3  5  0.753399  3.70534  
1.09241  3.35061  3  5  3  5  1.85339  1.50328  
1.5991  2.40239  3  5  3  5  1.97888  0.579817  
1.50869  2.62591  3  5  3  5  1.80797  1.71028  
0.683443  3.75921  3  5  3  5  1.63031  2.31698  
1.11307  3.32329  3  5  3  5  1.74728  1.94629  
1.64145  2.28529  3  5  3  5  0.907498  3.56452  
1.95547  0.839342  3  5  3  5  1.08317  3.36258  
0.915691  3.55613  3  5  3  5  0.883296  3.58875  
0.624102  3.80026  3  5  3  5  1.98521  0.485544  
1.41066  2.83551  3  5  3  5  1.79611  1.75953  
0.86796  3.60369  3  5  3  5  0.416274  3.9124  
1.86025  1.46898  3  5  3  5  1.9324  1.03119  
0.712054  3.7379  3  5  3  5  1.40822  2.84037  
0.818274  3.64989  3  5  3  5  1.37502  2.90469  
1.44408  2.7674  3  5  3  5  0.976602  3.4907  
1.88118  1.35816  3  5  3  5  0.930892  3.54031  
1.90134  1.24083  3  5  3  5  1.73472  1.99074  
1.72067  2.03893  3  5  3  5  1.67028  2.20015  
1.52442  2.58931  3  5  3  5  0.457269  3.89405  
1.97089  0.679945  3  5  3  5  1.88513  1.33607  
0.961998  3.50689  3  5  3  5  1.94097  0.964631  
1.98457  0.495936  3  5  3  5  1.35816  2.93626  
1.78176  1.81694  3  5  3  5  1.81959  1.66022  
1.21271  3.18078  3  5  3  5  1.19925  3.20113  
1.38282e-07  4  3  5  3  5  1.45601  2.7423  
1.66861  2.20521  3  5  3  5  1.92351  1.09562  
1.4928  2.662  3  5  3  5  0.806379  3.66047  
1.6551  2.24557  3  5  3  5  0.323068  3.94747  
1.8276  1.62466  3  5  3  5  1.44022  2.77545  
0.766275  3.69477  3  5  3  5  1.4243  2.8081  
0.494048  3.87604  3  5  3  5  1.32412  2.9978  
0.296953  3.95566  3  5  3  5  1.83105  1.60904  
1.81634  1.67441  3  5  3  5  1.61671  2.35478  
1.02862  3.43042  3  5  3  5  0.53113  3.85637  
0.939108  3.53162  3  5  3  5  0.6002  3.81563  
0.13009  3.99153  3  5  3  5  1.53165  2.57219  
1.34174  2.96629  3  5  3  5  1.70945  2.07632  
1.99053  0.388711  3  5  3  5  1.39167  2.87281  
1.28776  3.0605  3  5  3  5  1.90488  1.21892  
0.34115  3.94138  3  5  3  5  0.998385  3.46596  
1.94722  0.912897  3  5  3  5  1.65729  2.2391  
1.17354  3.23901  3  5  3  5  1.48691  2.67514  
0.843336  3.627  3  5  3  5  0.212687  3.97732  
1.35933  2.93409  3  5  3  5  1.51692  2.60689  
1.93861  0.983436  3  5  3  5  1.27162  3.08739  
0.892091  3.58004  3  5  3  5  0.664846  3.77252  
1.26937  3.09108  3  5  3  5  1.94925  0.895387  
1.83864  1.57405  3  5  3  5  1.25376  3.11647  
1.73326  1.99579  3  5  3  5  1.47153  2.70894  
2  1.7813e-07  3  5  3  5  1.60293  2.39218  
1.68196  2.16426  3  5  3  5  0.494636  3.87574  
1.30597  3.02949  3  5  3  5  1.21763  3.17325  
1.91102  1.17984  3  5  3  5  1.34128  2.96712  
0.739317  3.71667  3  5  3  5  1.56065  2.5015  
0.194817  3.98098  3  5  3  5  1.86421  1.44877  
1.70796  2.08123  3  5  3  5  0.695009  3.75071  
1.25075  3.1213  3  5  3  5  0.779808  3.68342  
1.53964  2.55305  3  5  3  5  1.97205  0.666419  
1.79339  1.7706  3  5  3  5  2  1.7813e-07  
1.56979  2.47851  3  5  3  5  0.953369  3.5163  
1.46055  2.73262  3  5  3  5  1.84232  1.55672  
0.792659  3.67243  3  5  3  5  0.632862  3.79446  
1.0714  3.37763  3  5  3  5  0.141853  3.98993  
1.39377  2.86874  3  5  3  5  1.87475  1.39331  
1.5548  2.51602  3  5  3  5  1.06249  3.38888  
1.8914  1.30015  3  5  3  5  1.6966  2.11807  
1.15362  3.26752  3  5  3  5  1.54624  2.53705  
0.528301  3.85793  3  5  3  5  0.832164  3.63731  
1.92972  1.05106  3  5  3  5  1.89505  1.27874  
1.19317  3.2102  3  5  3  5  1.72226  2.03354  
1.32394  2.99813  3  5  3  5  0.857717  3.61349  
1.00684  3.45617  3  5  3  5  0.72421  3.72855  
1.99579  0.259433  3  5  3  5  1.50202  2.64117  
1.47677  2.69751  3  5  3  5  1.02023  3.44043  
0.382176  3.92629  3  5  3  5  1.96482  0.74695  
1.97798  0.591931  3  5  3  5  1.04151  3.41482  
1.69505  2.12303  3  5  3  5  1.589  2.42907  
0.984594  3.48171  3  5  3  5  1.18058  3.22877  
0.561256  3.83927  3  5  3  5  1.91432  1.15827  
1.23182  3.15126  3  5  3  5  1.2358  3.14503  
1.87088  1.41397  3  5  3  5  1.30677  3.0281  
0.248952  3.96889  3  5  3  5  1.772  1.85475  
1.805  1.72276  3  5  3  5  1.99597  0.253693  
0.458476  3.89348  3  5  3  5  1.6439  2.27825  
1.3766  2.90171  3  5  3  5  0.271522  3.96297  
1.58449  2.44082  3  5  3  5  1.10309  3.33658  
1.75784  1.90786  3  5  3  5  1.57489  2.46554  
0.654304  3.77989  3  5  3  5  1.16175  3.25597  
1.76988  1.86281  3  5  3  5  1.99094  0.380382  
1.92052  1.11644  3  5  3  5  1.75976  1.90079  
0.421265  3.91026  3  5  3  5  1.28923  3.05804  
1.96335  0.762245  3  5  3  5  1.12291  3.31003  
0.593302  3.81994  3  5  3  5  1.95721  0.822973  
1.62742  2.3251  3  5  3  5  0.370278  3.93085  
1.84962  1.52172  3  5  3  5  0.566481  3.8362  
1.74564  1.95215  3  5  3  5  1.38282e-07  4  
1.0502  3.40416  3  5  3  5  1.68362  2.1591  
1.42747  2.80167  3  5  3  5  1.78416  1.80752  
1.61335  2.36399  3  5  3  5  1.14245  3.28317  
1.1335  3.29556  3  5  3  5  0.752435  3.70613  
1.09241  3.35061  3  5  3  5  1.85339  1.50328  
1.59904  2.40255  3  5  3  5  1.97886  0.58007  
1.50866  2.62599  3  5  3  5  1.80797  1.71026  
0.683443  3.75921  3  5  3  5  1.63042  2.31667  
1.1131  3.32326  3  5  3  5  1.74745  1.94568  
1.64139  2.28548  3  5  3  5  0.906719  3.56531  
1.95544  0.839692  3  5  3  5  1.08298  3.36284  
0.915704  3.55611  3  5  3  5  0.882563  3.58948  
0.624307  3.80013  3  5  3  5  1.98518  0.486131  
1.41064  2.83556  3  5  3  5  1.79617  1.7593  
0.86796  3.60369  3  5  3  5  0.414232  3.91327  
1.86038  1.46829  3  5  3  5  1.9324  1.03117  
0.711808  3.73809  3  5  3  5  1.40815  2.8405  
0.818286  3.64988  3  5  3  5  1.375  2.90473  
1.44409  2.76738  3  5  3  5  0.976204  3.49115  
1.88118  1.35816  3  5  3  5  0.930302  3.54093  
1.90132  1.24096  3  5  3  5  1.73488  1.99017  
1.7207  2.03881  3  5  3  5  1.6705  2.19947  
1.5242  2.58985  3  5  3  5  0.455509  3.89487  
1.97089  0.680033  3  5  3  5  1.88509  1.33632  
0.961991  3.50689  3  5  3  5  1.94097  0.964631  
1.98457  0.495936  3  5  3  5  1.3582  2.93618  
1.7817  1.81721  3  5  3  5  1.81959  1.66022  
1.21265  3.18087  3  5  3  5  1.19919  3.20122  
6.8081e-08  4  3  5  3  5  1.45595  2.74242  
1.66861  2.20521  3  5  3  5  1.92349  1.09578  
1.49278  2.66204  3  5  3  5  0.80523  3.66148  
1.65505  2.24571  3  5  3  5  0.321954  3.94783  
1.82777  1.62387  3  5  3  5  1.44021  2.77547  
0.766114  3.6949  3  5  3  5  1.42423  2.80824  
0.494002  3.87606  3  5  3  5  1.32412  2.9978  
0.297061  3.95563  3  5  3  5  1.83106  1.60899  
1.81656  1.67345  3  5  3  5  1.61677  2.35461  
1.02859  3.43046  3  5  3  5  0.530635  3.85664  
0.939071  3.53165  3  5  3  5  0.599401  3.81613  
0.129862  3.99156  3  5  3  5  1.53165  2.57219  
1.3417  2.96637  3  5  3  5  1.70969  2.07555  
1.99053  0.388843  3  5  3  5  1.39166  2.87282  
1.28779  3.06045  3  5  3  5  1.90477  1.21959  
0.341053  3.94141  3  5  3  5  0.997994  3.46642  
1.9472  0.913003  3  5  3  5  1.65738  2.23883  
1.17351  3.23907  3  5  3  5  1.48686  2.67526  
0.843336  3.627  3  5  3  5  0.211921  3.97748  
1.35926  2.93422  3  5  3  5  1.51692  2.60689  
1.93863  0.983287  3  5  3  5  1.27167  3.08729  
0.891968  3.58016  3  5  3  5  0.663048  3.77379  
1.26937  3.09108  3  5  3  5  1.94925  0.895387  
1.83879  1.57333  3  5  3  5  1.25383  3.11636  
1.73328  1.99575  3  5  3  5  1.4715  2.70901  
2  5.84284e-08  3  5  3  5  1.60293  2.39216  
1.68194  2.16434  3  5  3  5  0.49371  3.87621  
1.306  3.02944  3  5  3  5  1.2176  3.17329  
1.91108  1.17947  3  5  3  5  1.34128  2.96712  
0.739153  3.7168  3  5  3  5  1.56067  2.50144  
0.195004  3.98094  3  5  3  5  1.86408  1.44944  
1.70794  2.08128  3  5  3  5  0.693376  3.75192  
1.25075  3.1213  3  5  3  5  0.778523  3.68451  
1.53952  2.55334  3  5  3  5  1.97205  0.666406  
1.79356  1.76993  3  5  3  5  2  5.84284e-08  
1.5697  2.47873  3  5  3  5  0.953023  3.51667  
1.46056  2.73258  3  5  3  5  1.84232  1.55672  
0.792472  3.6726  3  5  3  5  0.631673  3.79525  
1.07142  3.37761  3  5  3  5  0.141285  3.99001  
1.39372  2.86883  3  5  3  5  1.87462  1.39396  
1.55475  2.51615  3  5  3  5  1.06198  3.38952  
1.89144  1.29995  3  5  3  5  1.69679  2.11747  
1.15369  3.26742  3  5  3  5  1.54626  2.537  
0.528257  3.85795  3  5  3  5  0.831404  3.638  
1.92972  1.05108  3  5  3  5  1.89501  1.27897  
1.19321  3.21014  3  5  3  5  1.7224  2.03306  
1.32397  2.99806  3  5  3  5  0.85694  3.61422  
1.0067  3.45633  3  5  3  5  0.722746  3.72969  
1.99579  0.259395  3  5  3  5  1.50195  2.64132  
1.4768  2.69746  3  5  3  5  1.01977  3.44096  
0.382316  3.92624  3  5  3  5  1.96482  0.74695  
1.97796  0.592203  3  5  3  5  1.04109  3.41534  
1.69501  2.12314  3  5  3  5  1.589  2.42907  
0.984543  3.48177  3  5  3  5  1.18058  3.22877  
0.561249  3.83927  3  5  3  5  1.91426  1.15866  
1.23181  3.15128  3  5  3  5  1.23587  3.14492  
1.87094  1.41364  3  5  3  5  1.30677  3.0281  
0.249039  3.96887  3  5  3  5  1.7722  1.85399  
1.80516  1.72209  3  5  3  5  1.99598  0.253427  
0.458551  3.89345  3  5  3  5  1.64397  2.27803  
1.3766  2.9017  3  5  3  5  0.270405  3.96327  
1.58451  2.44075  3  5  3  5  1.103  3.3367  
1.75789  1.90769  3  5  3  5  1.57491  2.46549  
0.654097  3.78003  3  5  3  5  1.16163  3.25614  
1.76992  1.86267  3  5  3  5  1.99094  0.38039  
1.92054  1.1163  3  5  3  5  1.7599  1.90026  
0.421365  3.91022  3  5  3  5  1.28933  3.05786  
1.96335  0.762245  3  5  3  5  1.12285  3.31011  
0.59318  3.82002  3  5  3  5  1.95721  0.822973  
1.62742  2.3251  3  5  3  5  0.369242  3.93124  
1.84966  1.52152  3  5  3  5  0.565665  3.83668  
1.74565  1.95212  3  5  3  5  6.8081e-08  4  
1.05017  3.4042  3  5  3  5  1.68378  2.15859  
1.42747  2.80166  3  5  3  5  1.7843  1.80696  
1.61333  2.36402  3  5  3  5  1.14234  3.28333  
1.13353  3.29552  3  5  3  5  0.750941  3.70734  
1.09241  3.35061  3  5  3  5  1.85332  1.50362  
1.59904  2.40255  3  5  3  5  1.97886  0.58007  
1.50856  2.6262  3  5  3  5  1.808  1.71011  
0.683191  3.75939  3  5  3  5  1.63042  2.31667  
1.11314  3.32321  3  5  3  5  1.74752  1.94541  
1.64134  2.28562  3  5  3  5  0.905978  3.56607  
1.95544  0.839641  3  5  3  5  1.0827  3.36319  
0.9158  3.55601  3  5  3  5  0.881732  3.59029  
0.62428  3.80014  3  5  3  5  1.98517  0.486131  
1.41064  2.83556  3  5  3  5  1.79626  1.75894  
0.867864  3.60378  3  5  3  5  0.413363  3.91363  
1.8604  1.4682  3  5  3  5  1.93238  1.0313  
0.711702  3.73817  3  5  3  5  1.40805  2.84071  
0.818188  3.64997  3  5  3  5  1.37503  2.90468  
1.44411  2.76735  3  5  3  5  0.975696  3.49171  
1.88136  1.3572  3  5  3  5  0.929896  3.54135  
1.90134  1.24082  3  5  3  5  1.73504  1.98962  
1.7207  2.03881  3  5  3  5  1.67063  2.19909  
1.52416  2.58994  3  5  3  5  0.454611  3.89529  
1.97088  0.680146  3  5  3  5  1.88495  1.33712  
0.961933  3.50696  3  5  3  5  1.94097  0.96463  
1.98453  0.496518  3  5  3  5  1.35823  2.93612  
1.78181  1.81674  3  5  3  5  1.81965  1.65998  
1.21265  3.18086  3  5  3  5  1.19922  3.20117  
