68.3235  124.152  335.236  331.137  1.79769e+308  1.79769e+308  68.3235  124.152  
86.242  137.315  335.236  331.137  1.79769e+308  1.79769e+308  86.242  137.315  
283.034  6.49739  335.236  331.137  1.79769e+308  1.79769e+308  283.034  6.49739  
212.121  40.7377  335.236  331.137  1.79769e+308  1.79769e+308  212.121  40.7377  
86.2455  153.44  335.236  331.137  1.79769e+308  1.79769e+308  86.2455  153.44  
236.405  144.98  335.236  331.137  1.79769e+308  1.79769e+308  236.405  144.98  
329.98  29.3007  335.236  331.137  1.79769e+308  1.79769e+308  329.98  29.3007  
114.86  210.49  335.236  331.137  1.79769e+308  1.79769e+308  114.86  210.49  
9.72046  107.894  335.236  331.137  1.79769e+308  1.79769e+308  9.72046  107.894  
220.553  159.347  335.236  331.137  1.79769e+308  1.79769e+308  220.553  159.347  
32.2865  117.784  335.236  331.137  1.79769e+308  1.79769e+308  32.2865  117.784  
218.559  84.5867  335.236  331.137  1.79769e+308  1.79769e+308  218.559  84.5867  
32.8257  298.093  335.236  331.137  1.79769e+308  1.79769e+308  32.8257  298.093  
163.546  65.9495  335.236  331.137  1.79769e+308  1.79769e+308  163.546  65.9495  
169.198  76.2734  335.236  331.137  1.79769e+308  1.79769e+308  169.198  76.2734  
159.785  101.329  335.236  331.137  1.79769e+308  1.79769e+308  159.785  101.329  
147.24  0.0548674  335.236  331.137  1.79769e+308  1.79769e+308  147.24  0.0548674  
95.2623  126.215  335.236  331.137  1.79769e+308  1.79769e+308  95.2623  126.215  
61.7977  166.556  335.236  331.137  1.79769e+308  1.79769e+308  61.7977  166.556  
11.2598  262.239  335.236  331.137  1.79769e+308  1.79769e+308  11.2598  262.239  
250.795  7.54894  335.236  331.137  1.79769e+308  1.79769e+308  250.795  7.54894  
129.562  186.519  335.236  331.137  1.79769e+308  1.79769e+308  129.562  186.519  
24.9716  211.882  335.236  331.137  1.79769e+308  1.79769e+308  24.9716  211.882  
227.625  145.096  335.236  331.137  1.79769e+308  1.79769e+308  227.625  145.096  
53.8556  288.454  335.236  331.137  1.79769e+308  1.79769e+308  53.8556  288.454  
334.236  3.51195  335.236  331.137  1.79769e+308  1.79769e+308  334.236  3.51195  
228.227  102.148  335.236  331.137  1.79769e+308  1.79769e+308  228.227  102.148  
138.178  185.534  335.236  331.137  1.79769e+308  1.79769e+308  138.178  185.534  
154.31  24.6492  335.236  331.137  1.79769e+308  1.79769e+308  154.31  24.6492  
230.54  116.26  335.236  331.137  1.79769e+308  1.79769e+308  230.54  116.26  
101.016  90.1221  335.236  331.137  1.79769e+308  1.79769e+308  101.016  90.1221  
256.748  42.2805  335.236  331.137  1.79769e+308  1.79769e+308  256.748  42.2805  
68.8177  193.347  335.236  331.137  1.79769e+308  1.79769e+308  68.8177  193.347  
89.9422  212.165  335.236  331.137  1.79769e+308  1.79769e+308  89.9422  212.165  
97.067  240.991  335.236  331.137  1.79769e+308  1.79769e+308  97.067  240.991  
57.0104  93.4792  335.236  331.137  1.79769e+308  1.79769e+308  57.0104  93.4792  
31.0303  280.218  335.236  331.137  1.79769e+308  1.79769e+308  31.0303  280.218  
304.445  91.3837  335.236  331.137  1.79769e+308  1.79769e+308  304.445  91.3837  
35.896  150.513  335.236  331.137  1.79769e+308  1.79769e+308  35.896  150.513  
82.3712  168.936  335.236  331.137  1.79769e+308  1.79769e+308  82.3712  168.936  
149.342  12.8615  335.236  331.137  1.79769e+308  1.79769e+308  149.342  12.8615  
138.904  177.66  335.236  331.137  1.79769e+308  1.79769e+308  138.904  177.66  
156.366  58.7009  335.236  331.137  1.79769e+308  1.79769e+308  156.366  58.7009  
222.738  46.4409  335.236  331.137  1.79769e+308  1.79769e+308  222.738  46.4409  
136.415  147.808  335.236  331.137  1.79769e+308  1.79769e+308  136.415  147.808  
11.8004  123.993  335.236  331.137  1.79769e+308  1.79769e+308  11.8004  123.993  
194.367  61.1272  335.236  331.137  1.79769e+308  1.79769e+308  194.367  61.1272  
212.381  86.843  335.236  331.137  1.79769e+308  1.79769e+308  212.381  86.843  
174.199  91.2306  335.236  331.137  1.79769e+308  1.79769e+308  174.199  91.2306  
47.9362  215.132  335.236  331.137  1.79769e+308  1.79769e+308  47.9362  215.132  
250.785  136.859  335.236  331.137  1.79769e+308  1.79769e+308  250.785  136.859  
80.8807  12.2449  335.236  331.137  1.79769e+308  1.79769e+308  80.8807  12.2449  
225.875  142.805  335.236  331.137  1.79769e+308  1.79769e+308  225.875  142.805  
184.578  46.4298  335.236  331.137  1.79769e+308  1.79769e+308  184.578  46.4298  
262.987  96.3111  335.236  331.137  1.79769e+308  1.79769e+308  262.987  96.3111  
290.289  25.0523  335.236  331.137  1.79769e+308  1.79769e+308  290.289  25.0523  
152.165  132.667  335.236  331.137  1.79769e+308  1.79769e+308  152.165  132.667  
190.777  67.7588  335.236  331.137  1.79769e+308  1.79769e+308  190.777  67.7588  
47.9893  193.908  335.236  331.137  1.79769e+308  1.79769e+308  47.9893  193.908  
62.828  256.324  335.236  331.137  1.79769e+308  1.79769e+308  62.828  256.324  
153.833  11.0849  335.236  331.137  1.79769e+308  1.79769e+308  153.833  11.0849  
87.9824  123.527  335.236  331.137  1.79769e+308  1.79769e+308  87.9824  123.527  
77.3441  240.515  335.236  331.137  1.79769e+308  1.79769e+308  77.3441  240.515  
93.4056  110.77  335.236  331.137  1.79769e+308  1.79769e+308  93.4056  110.77  
251.437  100.999  335.236  331.137  1.79769e+308  1.79769e+308  251.437  100.999  
211.941  89.0207  335.236  331.137  1.79769e+308  1.79769e+308  211.941  89.0207  
13.2287  228.223  335.236  331.137  1.79769e+308  1.79769e+308  13.2287  228.223  
105.839  180.357  335.236  331.137  1.79769e+308  1.79769e+308  105.839  180.357  
186.099  37.7384  335.236  331.137  1.79769e+308  1.79769e+308  186.099  37.7384  
199.355  106.634  335.236  331.137  1.79769e+308  1.79769e+308  199.355  106.634  
48.6952  281.187  335.236  331.137  1.79769e+308  1.79769e+308  48.6952  281.187  
74.158  251.613  335.236  331.137  1.79769e+308  1.79769e+308  74.158  251.613  
57.0344  94.3113  335.236  331.137  1.79769e+308  1.79769e+308  57.0344  94.3113  
169.611  37.6769  335.236  331.137  1.79769e+308  1.79769e+308  169.611  37.6769  
12.2675  257.769  335.236  331.137  1.79769e+308  1.79769e+308  12.2675  257.769  
33.4147  253.883  335.236  331.137  1.79769e+308  1.79769e+308  33.4147  253.883  
20.3945  168.092  335.236  331.137  1.79769e+308  1.79769e+308  20.3945  168.092  
41.366  247.344  335.236  331.137  1.79769e+308  1.79769e+308  41.366  247.344  
89.7057  312.144  335.236  331.137  1.79769e+308  1.79769e+308  89.7057  312.144  
52.4508  169.922  335.236  331.137  1.79769e+308  1.79769e+308  52.4508  169.922  
89.6179  70.7228  335.236  331.137  1.79769e+308  1.79769e+308  89.6179  70.7228  
130.796  135.335  335.236  331.137  1.79769e+308  1.79769e+308  130.796  135.335  
227.873  128.634  335.236  331.137  1.79769e+308  1.79769e+308  227.873  128.634  
88.7111  5.34508  335.236  331.137  1.79769e+308  1.79769e+308  88.7111  5.34508  
166.877  12.4654  335.236  331.137  1.79769e+308  1.79769e+308  166.877  12.4654  
236.545  24.8394  335.236  331.137  1.79769e+308  1.79769e+308  236.545  24.8394  
231.946  5.7376  335.236  331.137  1.79769e+308  1.79769e+308  231.946  5.7376  
89.6806  175.292  335.236  331.137  1.79769e+308  1.79769e+308  89.6806  175.292  
201.888  249.734  335.236  331.137  1.79769e+308  1.79769e+308  201.888  249.734  
36.8952  189.313  335.236  331.137  1.79769e+308  1.79769e+308  36.8952  189.313  
216.833  149.077  335.236  331.137  1.79769e+308  1.79769e+308  216.833  149.077  
164.858  195.911  335.236  331.137  1.79769e+308  1.79769e+308  164.858  195.911  
18.8569  330.137  335.236  331.137  1.79769e+308  1.79769e+308  18.8569  330.137  
246.957  104.233  335.236  331.137  1.79769e+308  1.79769e+308  246.957  104.233  
114.831  120.529  335.236  331.137  1.79769e+308  1.79769e+308  114.831  120.529  
237.852  4.06034  335.236  331.137  1.79769e+308  1.79769e+308  237.852  4.06034  
274.499  107.47  335.236  331.137  1.79769e+308  1.79769e+308  274.499  107.47  
201.627  45.5762  335.236  331.137  1.79769e+308  1.79769e+308  201.627  45.5762  
125.446  146.064  335.236  331.137  1.79769e+308  1.79769e+308  125.446  146.064  
98.6481  132.576  335.236  331.137  1.79769e+308  1.79769e+308  98.6481  132.576  
1.14382  0.868276  294.835  235.4  27.6182  3.00659  141.552  0  
0.0967922  1.91004  294.835  235.4  27.6182  3.00659  1.40953e-05  49.2167  
0.996832  1.01527  294.835  235.4  27.6182  3.00659  0.85475  23.1935  
0.993797  1.0183  294.835  235.4  27.6182  3.00659  29.6214  0.103858  
0.0129542  1.99388  294.835  235.4  27.6182  3.00659  2.69448  19.5781  
0.943647  1.06845  294.835  235.4  27.6182  3.00659  17.2218  6.64811  
0.988955  1.02315  294.835  235.4  27.6182  3.00659  111.258  184.702  
0.952213  1.05989  294.835  235.4  27.6182  3.00659  183.857  57.8257  
0.0348084  1.97178  294.835  235.4  27.6182  3.00659  110.391  0  
1.97593  0.0240036  294.835  235.4  27.6182  3.00659  13.2803  19.9252  
0.969757  1.04234  294.835  235.4  27.6182  3.00659  144.366  2.69298  
1.01712  0.994984  294.835  235.4  27.6182  3.00659  5.41746  130.163  
0.94835  1.06375  294.835  235.4  27.6182  3.00659  0  48.6995  
1.05276  0.95934  294.835  235.4  27.6182  3.00659  15.4378  14.0845  
1.11633  0.90197  294.835  235.4  27.6182  3.00659  49.4789  0  
1.89618  0.103288  294.835  235.4  27.6182  3.00659  110.197  96.4657  
0.980309  1.03179  294.835  235.4  27.6182  3.00659  13.2475  30.2439  
0.983685  1.02842  294.835  235.4  27.6182  3.00659  27.5088  0.0151246  
0.0798593  1.92697  294.835  235.4  27.6182  3.00659  0.0576805  24.3843  
0.144643  1.86195  294.835  235.4  27.6182  3.00659  5.11835  20.3096  
0.88603  1.12607  294.835  235.4  27.6182  3.00659  0  22.058  
1.69553e-11  2.00659  294.835  235.4  27.6182  3.00659  0  25.5914  
1.96755  0.0323839  294.835  235.4  27.6182  3.00659  34.2023  126.436  
0.024824  1.98177  294.835  235.4  27.6182  3.00659  19.7396  10.3088  
0.0386195  1.96863  294.835  235.4  27.6182  3.00659  33.7483  15.5656  
1.02095  0.991151  294.835  235.4  27.6182  3.00659  13.5214  0  
0.206501  1.80075  294.835  235.4  27.6182  3.00659  46.7019  9.4418e-12  
1.95213  0.0478044  294.835  235.4  27.6182  3.00659  1.00198  1.01012  
1.94502  0.0544498  294.835  235.4  27.6182  3.00659  18.2637  93.846  
0.134379  1.87221  294.835  235.4  27.6182  3.00659  22.7986  3.2274  
1.93299  0.0664819  294.835  235.4  27.6182  3.00659  14.3245  21.4561  
0.103743  1.9035  294.835  235.4  27.6182  3.00659  10.0036  0  
1.80596  0.201285  294.835  235.4  27.6182  3.00659  18.4088  4.2462  
1.03586  0.976243  294.835  235.4  27.6182  3.00659  1.87651  50.4323  
1.05063  0.961466  294.835  235.4  27.6182  3.00659  12.3899  3.73026  
0.0529805  1.95385  294.835  235.4  27.6182  3.00659  2.79478  32.8688  
0.0825925  1.92465  294.835  235.4  27.6182  3.00659  8.24434  13.8219  
0.816248  1.19585  294.835  235.4  27.6182  3.00659  50.1773  1.96081  
1.70681  0.299779  294.835  235.4  27.6182  3.00659  20.5472  6.4624  
0.934116  1.07798  294.835  235.4  27.6182  3.00659  16.322  1.36541  
0.0759298  1.93066  294.835  235.4  27.6182  3.00659  0  17.3111  
1.97917  0.0203034  294.835  235.4  27.6182  3.00659  11.8668  9.57441  
1.07119  0.94091  294.835  235.4  27.6182  3.00659  40.6634  24.3097  
0.920276  1.09182  294.835  235.4  27.6182  3.00659  17.1159  18.5207  
1.02564  0.986459  294.835  235.4  27.6182  3.00659  23.6306  39.9623  
1.0974  0.914704  294.835  235.4  27.6182  3.00659  0.000183536  39.1324  
0.0641776  1.94307  294.835  235.4  27.6182  3.00659  183.284  6.10365  
1.25117  0.760926  294.835  235.4  27.6182  3.00659  222.747  1.87138  
1.04045  0.971649  294.835  235.4  27.6182  3.00659  35.2178  4.65599  
1.97135  0.0281194  294.835  235.4  27.6182  3.00659  2.34416  11.1754  
1.03063  0.981466  294.835  235.4  27.6182  3.00659  3.76848e-08  53.0907  
0.00693228  1.99966  294.835  235.4  27.6182  3.00659  25.271  9.13254  
0.742304  1.25763  294.835  235.4  27.6182  3.00659  34.4387  0  
0.960233  1.05187  294.835  235.4  27.6182  3.00659  21.2843  0.178817  
1.95802  0.0414515  294.835  235.4  27.6182  3.00659  7.82562  2.20035  
1.10069  0.911414  294.835  235.4  27.6182  3.00659  32.5252  6.95736  
1.96156  0.0379135  294.835  235.4  27.6182  3.00659  18.3674  37.5677  
0.0177098  1.98888  294.835  235.4  27.6182  3.00659  7.64588e-05  234.262  
1.07808  0.934019  294.835  235.4  27.6182  3.00659  35.51  0  
0.0204324  1.9864  294.835  235.4  27.6182  3.00659  1.28837  20.8204  
1.00588  1.00622  294.835  235.4  27.6182  3.00659  1.66121  14.4447  
1.99513  0.00434569  294.835  235.4  27.6182  3.00659  18.3806  18.9053  
1.79787  0.202063  294.835  235.4  27.6182  3.00659  5.91521e-05  49.3143  
0.867463  1.14464  294.835  235.4  27.6182  3.00659  165.537  76.3498  
0.976921  1.03518  294.835  235.4  27.6182  3.00659  279.055  0  
1.99947  2.40633e-13  294.835  235.4  27.6182  3.00659  43.2286  1.35798  
1.93921  0.0602581  294.835  235.4  27.6182  3.00659  182.936  42.2014  
0.127734  1.87886  294.835  235.4  27.6182  3.00659  85.8264  84.5073  
0.297972  1.70862  294.835  235.4  27.6182  3.00659  14.8785  13.0246  
1.91109  0.0883809  294.835  235.4  27.6182  3.00659  48.6193  21.0141  
1.00198  1.01012  294.835  235.4  27.6182  3.00659  0.772144  13.4762  
1.98512  0.0143547  294.835  235.4  27.6182  3.00659  0  9.00128  
1.06217  0.949926  294.835  235.4  27.6182  3.00659  55.9512  2.54193  
1.99031  0.00916165  294.835  235.4  27.6182  3.00659  7.73043  29.7609  
0.956005  1.05609  294.835  235.4  27.6182  3.00659  1.69573  47.9002  
0.0933988  1.91343  294.835  235.4  27.6182  3.00659  22.1374  1.45491  
0.115557  1.89128  294.835  235.4  27.6182  3.00659  0  25.7626  
1.01308  0.999019  294.835  235.4  27.6182  3.00659  21.7677  0.474735  
0.0614215  1.94517  294.835  235.4  27.6182  3.00659  4.99  8.13743  
0.579177  1.47876  294.835  235.4  27.6182  3.00659  27.1856  5.49616e-12  
0.165277  1.84156  294.835  235.4  27.6182  3.00659  39.9134  34.94  
1.04349  0.968613  294.835  235.4  27.6182  3.00659  10.6865  24.364  
0.0582248  1.94861  294.835  235.4  27.6182  3.00659  219.016  5.34945e-13  
1.87705  0.122422  294.835  235.4  27.6182  3.00659  13.7535  1.15048e-05  
1.50078  0.521108  294.835  235.4  27.6182  3.00659  3.95304  18.8642  
1.93661  0.0628592  294.835  235.4  27.6182  3.00659  14.3961  17.9468  
0.0693208  1.93727  294.835  235.4  27.6182  3.00659  1.99947  2.40633e-13  
0.924945  1.08715  294.835  235.4  27.6182  3.00659  22.313  49.1328  
1.00871  1.00339  294.835  235.4  27.6182  3.00659  28.8028  0.205782  
0.938057  1.07404  294.835  235.4  27.6182  3.00659  114.519  0  
1.92112  0.0788812  294.835  235.4  27.6182  3.00659  12.1105  26.4114  
1.92459  0.0754078  294.835  235.4  27.6182  3.00659  8.82746  18.6048  
1.8872  0.112733  294.835  235.4  27.6182  3.00659  1.69553e-11  2.00659  
0.110249  1.89634  294.835  235.4  27.6182  3.00659  293.835  5.94052e-11  
1.43232  0.640399  294.835  235.4  27.6182  3.00659  6.56157  26.734  
1.94845  0.051021  294.835  235.4  27.6182  3.00659  23.8297  0.443507  
0.0294884  1.97735  294.835  235.4  27.6182  3.00659  79.1945  234.4  
0.142427  1.86441  294.835  235.4  27.6182  3.00659  0  13.5053  
0.149668  1.85717  294.835  235.4  27.6182  3.00659  8.04735  10.5088  
0.00427134  2.00256  294.835  235.4  27.6182  3.00659  122.217  4.02465  
112.187  0  265.081  331.195  197.235  173.448  2.04038  25.1842  
0  108.75  265.081  331.195  197.235  173.448  1.91855  20.4127  
16.3075  0  265.081  331.195  197.235  173.448  187.471  19.0735  
24.6737  0  265.081  331.195  197.235  173.448  14.4747  49.4026  
0  22.939  265.081  331.195  197.235  173.448  8.68423  29.6396  
1.44204  0.065996  265.081  331.195  197.235  173.448  37.5633  0  
0  93.7502  265.081  331.195  197.235  173.448  24.414  192.168  
1.48884e-14  172.448  265.081  331.195  197.235  173.448  54.9091  0.0938064  
1.40818  0.100383  265.081  331.195  197.235  173.448  4.57478  13.2655  
196.235  0  265.081  331.195  197.235  173.448  42.1074  0  
22.0672  0  265.081  331.195  197.235  173.448  20.0486  0  
1.49784  0.00607861  265.081  331.195  197.235  173.448  30.6737  9.20661  
0  67.7481  265.081  331.195  197.235  173.448  1.6045  23.2097  
1.45672  0.055805  265.081  331.195  197.235  173.448  16.4711  31.7605  
0.792809  0.72829  265.081  331.195  197.235  173.448  3.94625  12.1041  
1.42348  0.084556  265.081  331.195  197.235  173.448  50.6359  53.5788  
1.33233  0.175705  265.081  331.195  197.235  173.448  24.352  6.07409  
40.0358  0  265.081  331.195  197.235  173.448  10.5856  1.80055  
100.306  3.22951e-13  265.081  331.195  197.235  173.448  1.64368  38.2366  
1.50388  2.86745e-12  265.081  331.195  197.235  173.448  10.8269  3.3256  
0  55.2256  265.081  331.195  197.235  173.448  4.53125  8.89831  
2.13598e-12  1.51789  265.081  331.195  197.235  173.448  13.1613  4.35154  
1.47031  0.0377251  265.081  331.195  197.235  173.448  4.39449  15.269  
0  100.706  265.081  331.195  197.235  173.448  25.831  2.47071  
102.726  0  265.081  331.195  197.235  173.448  1.90081e-10  94.0341  
1.61304e-13  16.0541  265.081  331.195  197.235  173.448  20.3342  3.17818  
102.547  0  265.081  331.195  197.235  173.448  23.3416  20.3885  
1.40206  0.105977  265.081  331.195  197.235  173.448  49.9631  0  
1.40572  0.102314  265.081  331.195  197.235  173.448  0.747323  0.773776  
0  31.092  265.081  331.195  197.235  173.448  39.9817  0  
0  77.9838  265.081  331.195  197.235  173.448  55.4667  14.142  
22.0844  0  265.081  331.195  197.235  173.448  0.101245  30.5939  
0.686431  0.874723  265.081  331.195  197.235  173.448  81.4683  62.0257  
1.23441  0.295235  265.081  331.195  197.235  173.448  27.6273  0  
0.777793  0.743305  265.081  331.195  197.235  173.448  32.058  5.45288  
1.50352  0.00036142  265.081  331.195  197.235  173.448  155.828  137.381  
1.43432  0.0695643  265.081  331.195  197.235  173.448  19.7726  15.9267  
1.49116  0.012723  265.081  331.195  197.235  173.448  65.4138  56.7314  
0.76086  0.760239  265.081  331.195  197.235  173.448  13.362  0.000153656  
0.77519  0.745909  265.081  331.195  197.235  173.448  39.9499  0.366416  
1.44633  0.0575491  265.081  331.195  197.235  173.448  45.6089  0  
0.0275919  1.49029  265.081  331.195  197.235  173.448  1.51198e-15  17.5128  
1.42658  0.0814541  265.081  331.195  197.235  173.448  2.87576  23.6312  
0.859294  0.701861  265.081  331.195  197.235  173.448  1.47556e-10  247.942  
1.477  0.0269107  265.081  331.195  197.235  173.448  16.528  29.0128  
0.702206  0.858948  265.081  331.195  197.235  173.448  33.5926  86.0881  
0.803871  0.717228  265.081  331.195  197.235  173.448  49.9766  51.8175  
0.0189401  1.49895  265.081  331.195  197.235  173.448  0.000881994  25.7001  
1.47223  0.0358068  265.081  331.195  197.235  173.448  16.3322  59.1502  
1.49273  0.0111866  265.081  331.195  197.235  173.448  87.4351  72.2008  
0.0111098  1.50678  265.081  331.195  197.235  173.448  0.892859  36.9647  
1.37236  0.135674  265.081  331.195  197.235  173.448  41.9497  330.195  
1.49703  0.00685478  265.081  331.195  197.235  173.448  26.181  1.16865  
1.49039  0.0135228  265.081  331.195  197.235  173.448  29.1973  2.30918  
1.45115  0.0568869  265.081  331.195  197.235  173.448  90.3492  6.12898  
0.00735574  1.51053  265.081  331.195  197.235  173.448  11.6821  10.3239  
1.49452  0.00935917  265.081  331.195  197.235  173.448  73.7425  0.993501  
1.44356  0.0644705  265.081  331.195  197.235  173.448  0  43.6191  
1.4577  0.0461862  265.081  331.195  197.235  173.448  264.081  1.70985  
1.4584  0.0455177  265.081  331.195  197.235  173.448  30.3615  0.627711  
1.48912  0.0147638  265.081  331.195  197.235  173.448  0  34.8487  
0.788048  0.733051  265.081  331.195  197.235  173.448  143.407  0  
0.0380523  1.47983  265.081  331.195  197.235  173.448  88.2897  76.3092  
0.746469  0.814685  265.081  331.195  197.235  173.448  0  11.1366  
0.180453  1.32383  265.081  331.195  197.235  173.448  88.1515  47.4898  
0.0265832  1.4913  265.081  331.195  197.235  173.448  66.0381  0.0770344  
0.671692  0.88527  265.081  331.195  197.235  173.448  1.42221e-10  31.0337  
1.49346  0.0104545  265.081  331.195  197.235  173.448  6.38571  5.84543  
0.288126  1.27302  265.081  331.195  197.235  173.448  1.91663  22.4055  
0.595776  0.965378  265.081  331.195  197.235  173.448  50.6023  97.5739  
0.693056  0.863906  265.081  331.195  197.235  173.448  15.2002  16.0315  
0.0157108  1.50218  265.081  331.195  197.235  173.448  20.0004  0  
0.800765  0.720334  265.081  331.195  197.235  173.448  0  10.0477  
0.0279663  1.48992  265.081  331.195  197.235  173.448  7.54363  9.47087  
0.783436  0.737663  265.081  331.195  197.235  173.448  9.35178  8.90622  
0.0206053  1.49728  265.081  331.195  197.235  173.448  16.1353  25.2961  
0.0803055  1.43758  265.081  331.195  197.235  173.448  15.5711  14.3845  
1.48564  0.0182753  265.081  331.195  197.235  173.448  0  18.3477  
0.703275  0.817823  265.081  331.195  197.235  173.448  0  37.0196  
0.335448  1.17259  265.081  331.195  197.235  173.448  0.340013  52.1432  
0.158416  1.38186  265.081  331.195  197.235  173.448  16.0463  2.76168e-06  
1.48633  0.0175806  265.081  331.195  197.235  173.448  4.02481  10.2248  
0.747323  0.773776  265.081  331.195  197.235  173.448  0.0705533  47.5003  
1.46605  0.0378344  265.081  331.195  197.235  173.448  18.5859  4.93077  
0.306525  1.24705  265.081  331.195  197.235  173.448  1.38567  29.882  
1.49176  0.0121238  265.081  331.195  197.235  173.448  217.758  6.89433  
1.48185  0.0220312  265.081  331.195  197.235  173.448  1.50388  2.86745e-12  
0.664433  0.896721  265.081  331.195  197.235  173.448  107.303  0.00048097  
1.48047  0.0234163  265.081  331.195  197.235  173.448  6.95022  18.9126  
0.0019699  1.51592  265.081  331.195  197.235  173.448  0  46.1312  
0.690065  0.871089  265.081  331.195  197.235  173.448  0  22.6129  
1.46259  0.045447  265.081  331.195  197.235  173.448  16.0399  6.78718  
0.0113953  1.50649  265.081  331.195  197.235  173.448  2.13598e-12  1.51789  
1.48584  0.0180785  265.081  331.195  197.235  173.448  22.0672  0  
0.654599  0.906555  265.081  331.195  197.235  173.448  17.4836  10.1334  
0.00239206  1.51549  265.081  331.195  197.235  173.448  0.402573  14.8169  
1.46285  0.0451873  265.081  331.195  197.235  173.448  48.9038  17.719  
1.47939  0.0244931  265.081  331.195  197.235  173.448  15.4974  0  
0.0278299  1.49006  265.081  331.195  197.235  173.448  75.3178  43.0895  
1.503  0.00087913  265.081  331.195  197.235  173.448  0  28.0677  
0.207105  0.293034  18.5486  23.2516  1.77867  23.2516  12.7239  0.299687  
0.236666  0.26338  18.5486  23.2516  1.77867  23.2516  6.62686  1.10989  
0.00601106  0.494002  18.5486  23.2516  1.77867  23.2516  2.45203  3.74228  
0.0162886  0.483726  18.5486  23.2516  1.77867  23.2516  8.58362  0.783128  
0.472879  0.0285998  18.5486  23.2516  1.77867  23.2516  5.27661  2.4904  
0.101249  0.398963  18.5486  23.2516  1.77867  23.2516  1.01194e-10  12.3208  
0.429698  0.0717989  18.5486  23.2516  1.77867  23.2516  1.97563  5.72035  
0.25509  0.244957  18.5486  23.2516  1.77867  23.2516  5.00888  0  
0.259351  0.240695  18.5486  23.2516  1.77867  23.2516  3.01278  3.05351  
0.241886  0.258146  18.5486  23.2516  1.77867  23.2516  2.35338  1.44141  
0.301135  0.198911  18.5486  23.2516  1.77867  23.2516  9.04285  0.502596  
0.285023  0.215064  18.5486  23.2516  1.77867  23.2516  9.00396  7.09745e-14  
0.0348638  0.465164  18.5486  23.2516  1.77867  23.2516  3.77542  1.22981  
0.438059  0.0634379  18.5486  23.2516  1.77867  23.2516  3.6375  6.40112  
0.279901  0.220324  18.5486  23.2516  1.77867  23.2516  1.81972  4.208  
0.233258  0.266789  18.5486  23.2516  1.77867  23.2516  1.06749e-12  11.2227  
0.0688129  0.431242  18.5486  23.2516  1.77867  23.2516  9.60588  2.89929  
0.230856  0.269146  18.5486  23.2516  1.77867  23.2516  0.138603  6.87305  
0.238364  0.261775  18.5486  23.2516  1.77867  23.2516  0  12.7238  
0.208654  0.291485  18.5486  23.2516  1.77867  23.2516  1.88352  11.3847  
0.271119  0.228928  18.5486  23.2516  1.77867  23.2516  6.96852e-16  12.5125  
0.247808  0.252238  18.5486  23.2516  1.77867  23.2516  12.4741  0.280647  
0.22349  0.276557  18.5486  23.2516  1.77867  23.2516  1.22635e-12  9.51008  
0.282213  0.217833  18.5486  23.2516  1.77867  23.2516  5.01741  1.18653  
0.0314321  0.468596  18.5486  23.2516  1.77867  23.2516  1.39433e-13  14.926  
0.275793  0.224987  18.5486  23.2516  1.77867  23.2516  6.21233  2.96327  
0.496759  0.00332417  18.5486  23.2516  1.77867  23.2516  13.6188  6.27475e-13  
0.00185771  0.49817  18.5486  23.2516  1.77867  23.2516  0.32567  9.30653  
0.492414  0.007792  18.5486  23.2516  1.77867  23.2516  0.315477  11.0517  
0.0406556  0.459358  18.5486  23.2516  1.77867  23.2516  2.50177  9.99775  
0.00750856  0.492506  18.5486  23.2516  1.77867  23.2516  0.655894  4.5049  
0.0553282  0.444681  18.5486  23.2516  1.77867  23.2516  17.5486  0  
0.426104  0.0785657  18.5486  23.2516  1.77867  23.2516  1.5968e-06  9.32629  
0.419321  0.0821591  18.5486  23.2516  1.77867  23.2516  1.30926e-13  14.0153  
0.0187427  0.481356  18.5486  23.2516  1.77867  23.2516  3.88861  2.21964  
0.460639  0.0408578  18.5486  23.2516  1.77867  23.2516  0  6.0377  
0.452069  0.0479527  18.5486  23.2516  1.77867  23.2516  0.000160248  14.0094  
0.100245  0.399806  18.5486  23.2516  1.77867  23.2516  12.3521  0  
0.166098  0.333925  18.5486  23.2516  1.77867  23.2516  8.05609  0  
0.0830043  0.418497  18.5486  23.2516  1.77867  23.2516  0  15.9602  
0.356707  0.143306  18.5486  23.2516  1.77867  23.2516  0.739122  6.30808  
0.354844  0.148549  18.5486  23.2516  1.77867  23.2516  6.46321  5.03869  
0.0244785  0.475549  18.5486  23.2516  1.77867  23.2516  0  5.07604  
0.222759  0.27738  18.5486  23.2516  1.77867  23.2516  14.6056  0  
0.485561  0.0146442  18.5486  23.2516  1.77867  23.2516  11.1094  1.41635  
0.486262  0.0137698  18.5486  23.2516  1.77867  23.2516  10.7558  1.10542  
0.0328807  0.467132  18.5486  23.2516  1.77867  23.2516  1.12597e-11  5.1158  
0.262526  0.237506  18.5486  23.2516  1.77867  23.2516  0.50549  3.07169  
0.265005  0.235042  18.5486  23.2516  1.77867  23.2516  0.111048  5.9972  
0.0124386  0.48766  18.5486  23.2516  1.77867  23.2516  8.65898  2.26932  
0.0288053  0.471222  18.5486  23.2516  1.77867  23.2516  4.62153  0.548059  
0.243747  0.256278  18.5486  23.2516  1.77867  23.2516  6.27105  5.6962  
0.483369  0.0181274  18.5486  23.2516  1.77867  23.2516  0.750889  12.0391  
0.48905  0.0124463  18.5486  23.2516  1.77867  23.2516  2.23682  7.31228  
0.252295  0.247737  18.5486  23.2516  1.77867  23.2516  1.98956  7.05987  
0.260897  0.239135  18.5486  23.2516  1.77867  23.2516  12.3716  1.37353e-14  
0.24587  0.254214  18.5486  23.2516  1.77867  23.2516  1.92456e-13  6.63179  
0.253792  0.246254  18.5486  23.2516  1.77867  23.2516  10.6384  0.970597  
0.229548  0.270535  18.5486  23.2516  1.77867  23.2516  1.32414  4.70774  
0.49838  0.00182568  18.5486  23.2516  1.77867  23.2516  9.63269  0  
0.249654  0.250371  18.5486  23.2516  1.77867  23.2516  3.48894  3.50986  
0.287323  0.212724  18.5486  23.2516  1.77867  23.2516  1.57008  3.49006  
0.274438  0.225586  18.5486  23.2516  1.77867  23.2516  0  11.4636  
0.227607  0.272458  18.5486  23.2516  1.77867  23.2516  0  16.0065  
0.239765  0.260282  18.5486  23.2516  1.77867  23.2516  6.84509  2.7871  
0.053767  0.446273  18.5486  23.2516  1.77867  23.2516  4.39219e-14  17.2375  
0.0219525  0.478062  18.5486  23.2516  1.77867  23.2516  13.8558  1.23065e-14  
0.490709  0.00949693  18.5486  23.2516  1.77867  23.2516  4.58992  5.09583e-16  
0.234721  0.265325  18.5486  23.2516  1.77867  23.2516  1.24559e-13  11.0046  
0.219872  0.280175  18.5486  23.2516  1.77867  23.2516  7.01484  7.59382e-10  
0.0868706  0.413246  18.5486  23.2516  1.77867  23.2516  0  9.58224  
0.205052  0.296431  18.5486  23.2516  1.77867  23.2516  3.05749  1.94201  
0.135079  0.365126  18.5486  23.2516  1.77867  23.2516  2.06363  2.93809  
0.478064  0.0225927  18.5486  23.2516  1.77867  23.2516  2.74776e-13  10.1271  
0.28878  0.211266  18.5486  23.2516  1.77867  23.2516  0.280296  4.72695  
0.448957  0.0525395  18.5486  23.2516  1.77867  23.2516  6.01109  0.510752  
0.477335  0.0235872  18.5486  23.2516  1.77867  23.2516  9.69403  0.00122172  
0.290925  0.209121  18.5486  23.2516  1.77867  23.2516  4.03864  8.89922  
0.268976  0.231071  18.5486  23.2516  1.77867  23.2516  7.04809  2.72825e-11  
0.257875  0.242172  18.5486  23.2516  1.77867  23.2516  5.04466  1.40392e-06  
0.256417  0.243615  18.5486  23.2516  1.77867  23.2516  17.5056  0  
0.0383215  0.461706  18.5486  23.2516  1.77867  23.2516  8.94259  2.82912  
0.494967  0.00505423  18.5486  23.2516  1.77867  23.2516  0.439887  12.8985  
0.250874  0.249158  18.5486  23.2516  1.77867  23.2516  4.57098  4.92461  
0.0105415  0.489472  18.5486  23.2516  1.77867  23.2516  9.18084  0.317574  
0.156701  0.344787  18.5486  23.2516  1.77867  23.2516  0.249654  0.250371  
0.026719  0.473295  18.5486  23.2516  1.77867  23.2516  0.500206  7.46821e-13  
0.468486  0.03301  18.5486  23.2516  1.77867  23.2516  0.0152322  12.0917  
0.458919  0.0412865  18.5486  23.2516  1.77867  23.2516  4.5104  3.73639e-10  
1.1005e-12  0.500008  18.5486  23.2516  1.77867  23.2516  4.86576  4.66374  
0.211259  0.288825  18.5486  23.2516  1.77867  23.2516  9.71318  0.338625  
0.500206  7.46821e-13  18.5486  23.2516  1.77867  23.2516  9.00393  4.6294e-10  
0.00866677  0.491432  18.5486  23.2516  1.77867  23.2516  1.1005e-12  0.500008  
0.395143  0.110782  18.5486  23.2516  1.77867  23.2516  4.1602  1.35866  
0.48139  0.0204075  18.5486  23.2516  1.77867  23.2516  1.08273  8.37933  
0.139106  0.363638  18.5486  23.2516  1.77867  23.2516  0.000626713  7.52255  
0.109756  0.391868  18.5486  23.2516  1.77867  23.2516  4.06538  0.942454  
0.00405946  0.495968  18.5486  23.2516  1.77867  23.2516  1.0541  1.9894  
0.014653  0.485375  18.5486  23.2516  1.77867  23.2516  14.1292  0  
0.0205134  0.479585  18.5486  23.2516  1.77867  23.2516  5.50435  1.46665e-13  
0.205401  0.2946  87.0698  55.9229  87.0698  55.9229  0.0891008  0.410904  
0.377751  0.122249  87.0698  55.9229  87.0698  55.9229  0.285476  0.214524  
0.00523975  0.49476  87.0698  55.9229  87.0698  55.9229  0.412996  0.0870045  
0.0153098  0.48469  87.0698  55.9229  87.0698  55.9229  0.0794737  0.420526  
0.139019  0.360981  87.0698  55.9229  87.0698  55.9229  0.160281  0.33972  
0.0907444  0.409256  87.0698  55.9229  87.0698  55.9229  0.249942  0.250058  
0.429369  0.0706325  87.0698  55.9229  87.0698  55.9229  0.402612  0.0973877  
0.26713  0.23287  87.0698  55.9229  87.0698  55.9229  0.0685391  0.431461  
0.257667  0.242333  87.0698  55.9229  87.0698  55.9229  0.13937  0.36063  
0.152372  0.347628  87.0698  55.9229  87.0698  55.9229  0.36049  0.13951  
0.29989  0.20011  87.0698  55.9229  87.0698  55.9229  0.0630651  0.436935  
0.310249  0.189751  87.0698  55.9229  87.0698  55.9229  0.337116  0.162884  
0.0348582  0.465142  87.0698  55.9229  87.0698  55.9229  0.45513  0.0448701  
0.434599  0.0654008  87.0698  55.9229  87.0698  55.9229  0.377751  0.122249  
0.305228  0.194772  87.0698  55.9229  87.0698  55.9229  0.193782  0.306218  
0.424251  0.0757497  87.0698  55.9229  87.0698  55.9229  0.00969313  0.490307  
0.0691341  0.430866  87.0698  55.9229  87.0698  55.9229  0.109095  0.390905  
0.230646  0.269354  87.0698  55.9229  87.0698  55.9229  0.234884  0.265116  
0.314668  0.185332  87.0698  55.9229  87.0698  55.9229  0.254899  0.245101  
0.412952  0.0870481  87.0698  55.9229  87.0698  55.9229  0.35495  0.14505  
0.272421  0.227579  87.0698  55.9229  87.0698  55.9229  0.0371693  0.462831  
0.248305  0.251702  87.0698  55.9229  87.0698  55.9229  0.423605  0.0763954  
0.226145  0.273855  87.0698  55.9229  87.0698  55.9229  0.188729  0.311271  
0.283089  0.216911  87.0698  55.9229  87.0698  55.9229  0.0844475  0.415553  
0.0303518  0.469648  87.0698  55.9229  87.0698  55.9229  0.0521689  0.447831  
0.27778  0.22222  87.0698  55.9229  87.0698  55.9229  0.145395  0.354605  
0.4961  0.00390018  87.0698  55.9229  87.0698  55.9229  0.349202  0.150798  
0.470379  0.0296208  87.0698  55.9229  87.0698  55.9229  0.280249  0.219751  
0.492149  0.00785153  87.0698  55.9229  87.0698  55.9229  0.320578  0.179422  
0.0396126  0.460387  87.0698  55.9229  87.0698  55.9229  0.485552  0.014448  
0.354427  0.145573  87.0698  55.9229  87.0698  55.9229  0.449508  0.0504922  
0.406864  0.093136  87.0698  55.9229  87.0698  55.9229  0.407198  0.0928024  
0.113039  0.386961  87.0698  55.9229  87.0698  55.9229  0.398143  0.101857  
0.418795  0.0812052  87.0698  55.9229  87.0698  55.9229  0.00417734  0.495823  
0.383489  0.116511  87.0698  55.9229  87.0698  55.9229  0.475452  0.0245476  
0.460897  0.0391049  87.0698  55.9229  87.0698  55.9229  0.113677  0.386323  
0.450643  0.0493572  87.0698  55.9229  87.0698  55.9229  0.205401  0.2946  
0.101676  0.398324  87.0698  55.9229  87.0698  55.9229  0.105217  0.394783  
0.16573  0.33427  87.0698  55.9229  87.0698  55.9229  0.305228  0.194772  
0.0800801  0.41992  87.0698  55.9229  87.0698  55.9229  0.299955  0.200045  
0.360228  0.139772  87.0698  55.9229  87.0698  55.9229  0.0424072  0.457593  
0.169726  0.330274  87.0698  55.9229  87.0698  55.9229  0.216335  0.283665  
0.294354  0.205646  87.0698  55.9229  87.0698  55.9229  0.372119  0.127881  
0.221393  0.278607  87.0698  55.9229  87.0698  55.9229  0.201326  0.298674  
0.483876  0.0161247  87.0698  55.9229  87.0698  55.9229  0.0970865  0.402914  
0.388991  0.111009  87.0698  55.9229  87.0698  55.9229  0.310263  0.189737  
0.200113  0.299887  87.0698  55.9229  87.0698  55.9229  0.460775  0.0392271  
0.262417  0.237583  87.0698  55.9229  87.0698  55.9229  0.470379  0.0296208  
0.17404  0.32596  87.0698  55.9229  87.0698  55.9229  0.150451  0.349549  
0.124372  0.375628  87.0698  55.9229  87.0698  55.9229  0.127412  0.372588  
0.327856  0.172144  87.0698  55.9229  87.0698  55.9229  0.184312  0.315688  
0.244003  0.255997  87.0698  55.9229  87.0698  55.9229  0.480576  0.019424  
0.455856  0.044144  87.0698  55.9229  87.0698  55.9229  0.444163  0.0558388  
0.479406  0.0205947  87.0698  55.9229  87.0698  55.9229  0.230567  0.269433  
0.252801  0.2472  87.0698  55.9229  87.0698  55.9229  0.101057  0.398943  
0.343205  0.156795  87.0698  55.9229  87.0698  55.9229  0.169726  0.330274  
0.348642  0.151358  87.0698  55.9229  87.0698  55.9229  0.225837  0.274163  
0.0490999  0.4509  87.0698  55.9229  87.0698  55.9229  0.428454  0.0715461  
0.337718  0.162282  87.0698  55.9229  87.0698  55.9229  0.133372  0.366628  
0.118864  0.381137  87.0698  55.9229  87.0698  55.9229  0.240561  0.259439  
0.161268  0.338732  87.0698  55.9229  87.0698  55.9229  0.383501  0.1165  
0.288574  0.211426  87.0698  55.9229  87.0698  55.9229  0.0739387  0.426061  
0.332563  0.167438  87.0698  55.9229  87.0698  55.9229  0.331204  0.168796  
0.129386  0.370614  87.0698  55.9229  87.0698  55.9229  0.343205  0.156795  
0.239849  0.260151  87.0698  55.9229  87.0698  55.9229  0.438793  0.061207  
0.053934  0.446066  87.0698  55.9229  87.0698  55.9229  0.17404  0.32596  
0.0204934  0.479507  87.0698  55.9229  87.0698  55.9229  0.295429  0.204571  
0.366071  0.133929  87.0698  55.9229  87.0698  55.9229  0.0575459  0.442454  
0.235448  0.264552  87.0698  55.9229  87.0698  55.9229  0.388991  0.111009  
0.194413  0.305587  87.0698  55.9229  87.0698  55.9229  0.433396  0.0666042  
0.0854206  0.414579  87.0698  55.9229  87.0698  55.9229  0.165197  0.334803  
0.319104  0.180896  87.0698  55.9229  87.0698  55.9229  0.221603  0.278397  
0.134074  0.365926  87.0698  55.9229  87.0698  55.9229  0.178615  0.321385  
0.48801  0.01199  87.0698  55.9229  87.0698  55.9229  0.466372  0.0336284  
0.143559  0.356441  87.0698  55.9229  87.0698  55.9229  0.417891  0.0821086  
0.445261  0.0547391  87.0698  55.9229  87.0698  55.9229  0.0474829  0.452517  
0.475053  0.0249467  87.0698  55.9229  87.0698  55.9229  0.118051  0.381949  
0.0960953  0.403905  87.0698  55.9229  87.0698  55.9229  0.315478  0.184522  
0.0745647  0.425435  87.0698  55.9229  87.0698  55.9229  0.49051  0.00949007  
0.188729  0.311271  87.0698  55.9229  87.0698  55.9229  0.0144348  0.485565  
0.439834  0.0601658  87.0698  55.9229  87.0698  55.9229  0.393804  0.106196  
0.371869  0.128132  87.0698  55.9229  87.0698  55.9229  0.122431  0.377569  
0.323323  0.176677  87.0698  55.9229  87.0698  55.9229  0.290394  0.209606  
0.216335  0.283665  87.0698  55.9229  87.0698  55.9229  0.325734  0.174266  
0.18373  0.31627  87.0698  55.9229  87.0698  55.9229  0.366452  0.133548  
0.156829  0.343171  87.0698  55.9229  87.0698  55.9229  0.244895  0.255105  
0.0256938  0.474306  87.0698  55.9229  87.0698  55.9229  0.5  7.46514e-13  
0.465909  0.0340913  87.0698  55.9229  87.0698  55.9229  0.264515  0.235485  
0.0441769  0.455823  87.0698  55.9229  87.0698  55.9229  0.155244  0.344756  
4.49169e-13  0.5  87.0698  55.9229  87.0698  55.9229  0.0317503  0.46825  
0.210928  0.289072  87.0698  55.9229  87.0698  55.9229  0.275002  0.224998  
0.5  7.46514e-13  87.0698  55.9229  87.0698  55.9229  0.269916  0.230085  
0.0105524  0.489448  87.0698  55.9229  87.0698  55.9229  4.49169e-13  0.5  
0.394701  0.105299  87.0698  55.9229  87.0698  55.9229  0.197417  0.302583  
0.0589456  0.441054  87.0698  55.9229  87.0698  55.9229  0.0932128  0.406787  
0.14794  0.35206  87.0698  55.9229  87.0698  55.9229  0.210928  0.289072  
0.107144  0.392856  87.0698  55.9229  87.0698  55.9229  0.0261418  0.473858  
0.178888  0.321112  87.0698  55.9229  87.0698  55.9229  0.259916  0.240084  
0.0639493  0.436051  87.0698  55.9229  87.0698  55.9229  0.0202425  0.479758  
0.400791  0.0992094  87.0698  55.9229  87.0698  55.9229  0.495486  0.00451418  
0.205008  0.294992  16.9731  21.1628  16.9731  21.1628  0.0875294  0.412471  
0.377694  0.122306  16.9731  21.1628  16.9731  21.1628  0.285254  0.214746  
0.00506315  0.494937  16.9731  21.1628  16.9731  21.1628  0.412729  0.0872712  
0.0151177  0.484882  16.9731  21.1628  16.9731  21.1628  0.0780134  0.421987  
0.137758  0.362242  16.9731  21.1628  16.9731  21.1628  0.159483  0.340517  
0.090944  0.409056  16.9731  21.1628  16.9731  21.1628  0.250006  0.249994  
0.428797  0.0712028  16.9731  21.1628  16.9731  21.1628  0.40257  0.0974304  
0.268193  0.231807  16.9731  21.1628  16.9731  21.1628  0.0679308  0.432069  
0.258275  0.241725  16.9731  21.1628  16.9731  21.1628  0.139632  0.360368  
0.152038  0.347962  16.9731  21.1628  16.9731  21.1628  0.36047  0.13953  
0.299088  0.200912  16.9731  21.1628  16.9731  21.1628  0.0628951  0.437105  
0.309077  0.190923  16.9731  21.1628  16.9731  21.1628  0.337813  0.162187  
0.0347902  0.46521  16.9731  21.1628  16.9731  21.1628  0.45481  0.0451904  
0.434298  0.0657019  16.9731  21.1628  16.9731  21.1628  0.37694  0.12306  
0.304045  0.195955  16.9731  21.1628  16.9731  21.1628  0.192855  0.307145  
0.423346  0.0766545  16.9731  21.1628  16.9731  21.1628  0.0103696  0.48963  
0.0696761  0.430324  16.9731  21.1628  16.9731  21.1628  0.110527  0.389473  
0.229958  0.270042  16.9731  21.1628  16.9731  21.1628  0.235233  0.264767  
0.314004  0.185996  16.9731  21.1628  16.9731  21.1628  0.254968  0.245032  
0.412165  0.0878351  16.9731  21.1628  16.9731  21.1628  0.354809  0.145191  
0.273199  0.226801  16.9731  21.1628  16.9731  21.1628  0.0367015  0.463298  
0.248798  0.251202  16.9731  21.1628  16.9731  21.1628  0.423143  0.0768573  
0.225123  0.274877  16.9731  21.1628  16.9731  21.1628  0.188218  0.311782  
0.28355  0.21645  16.9731  21.1628  16.9731  21.1628  0.0828351  0.417165  
0.0299363  0.470064  16.9731  21.1628  16.9731  21.1628  0.0525587  0.447441  
0.27834  0.22166  16.9731  21.1628  16.9731  21.1628  0.144574  0.355426  
0.495763  0.00423671  16.9731  21.1628  16.9731  21.1628  0.34911  0.15089  
0.469347  0.0306533  16.9731  21.1628  16.9731  21.1628  0.280186  0.219814  
0.491596  0.00840414  16.9731  21.1628  16.9731  21.1628  0.321441  0.178559  
0.0396126  0.460387  16.9731  21.1628  16.9731  21.1628  0.485306  0.0146941  
0.355163  0.144837  16.9731  21.1628  16.9731  21.1628  0.449568  0.0504321  
0.406439  0.0935612  16.9731  21.1628  16.9731  21.1628  0.407599  0.0924015  
0.112272  0.387728  16.9731  21.1628  16.9731  21.1628  0.397493  0.102507  
0.417764  0.0822356  16.9731  21.1628  16.9731  21.1628  0.00516816  0.494832  
0.383486  0.116514  16.9731  21.1628  16.9731  21.1628  0.475271  0.0247292  
0.459911  0.0400892  16.9731  21.1628  16.9731  21.1628  0.115246  0.384754  
0.449837  0.0501631  16.9731  21.1628  16.9731  21.1628  0.206699  0.293301  
0.101745  0.398255  16.9731  21.1628  16.9731  21.1628  0.105917  0.394083  
0.165901  0.334099  16.9731  21.1628  16.9731  21.1628  0.305604  0.194396  
0.0801932  0.419807  16.9731  21.1628  16.9731  21.1628  0.300506  0.199494  
0.360663  0.139337  16.9731  21.1628  16.9731  21.1628  0.0419987  0.458001  
0.170575  0.329425  16.9731  21.1628  16.9731  21.1628  0.216078  0.283922  
0.293927  0.206073  16.9731  21.1628  16.9731  21.1628  0.371583  0.128417  
0.220214  0.279786  16.9731  21.1628  16.9731  21.1628  0.202039  0.297961  
0.482942  0.0170576  16.9731  21.1628  16.9731  21.1628  0.0968025  0.403197  
0.389233  0.110767  16.9731  21.1628  16.9731  21.1628  0.310785  0.189215  
0.199925  0.300075  16.9731  21.1628  16.9731  21.1628  0.45999  0.0400104  
0.263195  0.236805  16.9731  21.1628  16.9731  21.1628  0.470228  0.0297716  
0.175321  0.324679  16.9731  21.1628  16.9731  21.1628  0.149531  0.350469  
0.122747  0.377253  16.9731  21.1628  16.9731  21.1628  0.129752  0.370248  
0.328875  0.171125  16.9731  21.1628  16.9731  21.1628  0.183554  0.316446  
0.244059  0.255941  16.9731  21.1628  16.9731  21.1628  0.480289  0.0197113  
0.45492  0.0450799  16.9731  21.1628  16.9731  21.1628  0.444303  0.0556967  
0.478605  0.021395  16.9731  21.1628  16.9731  21.1628  0.230395  0.269605  
0.253444  0.246556  16.9731  21.1628  16.9731  21.1628  0.101335  0.398665  
0.344284  0.155716  16.9731  21.1628  16.9731  21.1628  0.169313  0.330687  
0.349689  0.150311  16.9731  21.1628  16.9731  21.1628  0.225576  0.274424  
0.0494149  0.450585  16.9731  21.1628  16.9731  21.1628  0.428329  0.0716712  
0.338969  0.161031  16.9731  21.1628  16.9731  21.1628  0.134669  0.365331  
0.117521  0.382479  16.9731  21.1628  16.9731  21.1628  0.240122  0.259878  
0.161261  0.338739  16.9731  21.1628  16.9731  21.1628  0.382236  0.117764  
0.288727  0.211273  16.9731  21.1628  16.9731  21.1628  0.073019  0.426981  
0.333849  0.166151  16.9731  21.1628  16.9731  21.1628  0.332311  0.167689  
0.127899  0.372101  16.9731  21.1628  16.9731  21.1628  0.34346  0.15654  
0.239384  0.260616  16.9731  21.1628  16.9731  21.1628  0.438965  0.0610347  
0.0543243  0.445676  16.9731  21.1628  16.9731  21.1628  0.17411  0.32589  
0.0200433  0.479957  16.9731  21.1628  16.9731  21.1628  0.29537  0.20463  
0.366268  0.133732  16.9731  21.1628  16.9731  21.1628  0.0577547  0.442245  
0.23473  0.26527  16.9731  21.1628  16.9731  21.1628  0.387351  0.112649  
0.194916  0.305084  16.9731  21.1628  16.9731  21.1628  0.433633  0.0663672  
0.0855035  0.414497  16.9731  21.1628  16.9731  21.1628  0.164427  0.335573  
0.318923  0.181077  16.9731  21.1628  16.9731  21.1628  0.220821  0.279179  
0.132851  0.367149  16.9731  21.1628  16.9731  21.1628  0.178864  0.321136  
0.48729  0.0127098  16.9731  21.1628  16.9731  21.1628  0.465096  0.0349038  
0.142593  0.357407  16.9731  21.1628  16.9731  21.1628  0.417871  0.0821295  
0.444662  0.0553384  16.9731  21.1628  16.9731  21.1628  0.0473022  0.452698  
0.473907  0.0260928  16.9731  21.1628  16.9731  21.1628  0.119981  0.380019  
0.0963393  0.403661  16.9731  21.1628  16.9731  21.1628  0.316037  0.183963  
0.0748887  0.425111  16.9731  21.1628  16.9731  21.1628  0.490314  0.0096863  
0.189958  0.310042  16.9731  21.1628  16.9731  21.1628  0.015577  0.484423  
0.439534  0.0604657  16.9731  21.1628  16.9731  21.1628  0.392481  0.107519  
0.371945  0.128055  16.9731  21.1628  16.9731  21.1628  0.124904  0.375096  
0.323843  0.176157  16.9731  21.1628  16.9731  21.1628  0.290291  0.209709  
0.215245  0.284755  16.9731  21.1628  16.9731  21.1628  0.326818  0.173182  
0.185005  0.314995  16.9731  21.1628  16.9731  21.1628  0.366024  0.133976  
0.156661  0.343339  16.9731  21.1628  16.9731  21.1628  0.245055  0.254945  
0.0250477  0.474952  16.9731  21.1628  16.9731  21.1628  0.5  4.82947e-15  
0.464645  0.0353547  16.9731  21.1628  16.9731  21.1628  0.26495  0.23505  
0.0444983  0.455502  16.9731  21.1628  16.9731  21.1628  0.154516  0.345484  
4.49169e-13  0.5  16.9731  21.1628  16.9731  21.1628  0.0313906  0.468609  
0.210133  0.289867  16.9731  21.1628  16.9731  21.1628  0.275101  0.224899  
0.5  7.46514e-13  16.9731  21.1628  16.9731  21.1628  0.270025  0.229975  
0.0100965  0.489904  16.9731  21.1628  16.9731  21.1628  8.96505e-15  0.5  
0.394984  0.105016  16.9731  21.1628  16.9731  21.1628  0.197417  0.302583  
0.0593613  0.440639  16.9731  21.1628  16.9731  21.1628  0.0921852  0.407815  
0.147374  0.352626  16.9731  21.1628  16.9731  21.1628  0.211358  0.288642  
0.107069  0.392931  16.9731  21.1628  16.9731  21.1628  0.0261095  0.47389  
0.180197  0.319803  16.9731  21.1628  16.9731  21.1628  0.259949  0.240051  
0.064483  0.435517  16.9731  21.1628  16.9731  21.1628  0.020818  0.479182  
0.400768  0.0992316  16.9731  21.1628  16.9731  21.1628  0.495183  0.00481698  
0.205155  0.294845  7.78739  11.8137  7.78739  11.8137  0.0871846  0.412815  
0.377799  0.122201  7.78739  11.8137  7.78739  11.8137  0.285254  0.214746  
0.00506315  0.494937  7.78739  11.8137  7.78739  11.8137  0.412829  0.0871712  
0.0150943  0.484906  7.78739  11.8137  7.78739  11.8137  0.077488  0.422512  
0.137444  0.362556  7.78739  11.8137  7.78739  11.8137  0.159361  0.340639  
0.090944  0.409056  7.78739  11.8137  7.78739  11.8137  0.25004  0.24996  
0.428232  0.0717682  7.78739  11.8137  7.78739  11.8137  0.40257  0.0974304  
0.268373  0.231627  7.78739  11.8137  7.78739  11.8137  0.067611  0.432389  
0.258479  0.241521  7.78739  11.8137  7.78739  11.8137  0.139632  0.360368  
0.151831  0.348169  7.78739  11.8137  7.78739  11.8137  0.36017  0.13983  
0.298898  0.201102  7.78739  11.8137  7.78739  11.8137  0.0625571  0.437443  
0.30893  0.19107  7.78739  11.8137  7.78739  11.8137  0.338078  0.161922  
0.0347902  0.46521  7.78739  11.8137  7.78739  11.8137  0.45474  0.0452596  
0.433587  0.066413  7.78739  11.8137  7.78739  11.8137  0.37643  0.12357  
0.303924  0.196076  7.78739  11.8137  7.78739  11.8137  0.192812  0.307188  
0.422822  0.077178  7.78739  11.8137  7.78739  11.8137  0.0103931  0.489607  
0.0698309  0.430169  7.78739  11.8137  7.78739  11.8137  0.1107  0.3893  
0.229795  0.270205  7.78739  11.8137  7.78739  11.8137  0.235305  0.264695  
0.313966  0.186034  7.78739  11.8137  7.78739  11.8137  0.254968  0.245032  
0.411826  0.0881743  7.78739  11.8137  7.78739  11.8137  0.354634  0.145366  
0.273402  0.226598  7.78739  11.8137  7.78739  11.8137  0.0366434  0.463357  
0.248847  0.251153  7.78739  11.8137  7.78739  11.8137  0.423236  0.0767639  
0.224951  0.275049  7.78739  11.8137  7.78739  11.8137  0.188134  0.311866  
0.28355  0.21645  7.78739  11.8137  7.78739  11.8137  0.0823969  0.417603  
0.0299137  0.470086  7.78739  11.8137  7.78739  11.8137  0.0523931  0.447607  
0.278496  0.221504  7.78739  11.8137  7.78739  11.8137  0.144574  0.355426  
0.495749  0.00425119  7.78739  11.8137  7.78739  11.8137  0.34911  0.15089  
0.468776  0.0312239  7.78739  11.8137  7.78739  11.8137  0.280186  0.219814  
0.491482  0.00851836  7.78739  11.8137  7.78739  11.8137  0.321684  0.178316  
0.0396285  0.460371  7.78739  11.8137  7.78739  11.8137  0.48523  0.0147698  
0.355551  0.144449  7.78739  11.8137  7.78739  11.8137  0.449513  0.0504868  
0.406263  0.0937368  7.78739  11.8137  7.78739  11.8137  0.407685  0.0923152  
0.112058  0.387942  7.78739  11.8137  7.78739  11.8137  0.397435  0.102565  
0.417353  0.0826466  7.78739  11.8137  7.78739  11.8137  0.00519457  0.494805  
0.383486  0.116514  7.78739  11.8137  7.78739  11.8137  0.475192  0.0248078  
0.459117  0.0408828  7.78739  11.8137  7.78739  11.8137  0.115422  0.384578  
0.449181  0.0508188  7.78739  11.8137  7.78739  11.8137  0.206724  0.293276  
0.101639  0.398361  7.78739  11.8137  7.78739  11.8137  0.106034  0.393966  
0.166059  0.333941  7.78739  11.8137  7.78739  11.8137  0.305853  0.194147  
0.0802982  0.419702  7.78739  11.8137  7.78739  11.8137  0.300578  0.199422  
0.36108  0.13892  7.78739  11.8137  7.78739  11.8137  0.0419115  0.458089  
0.170822  0.329178  7.78739  11.8137  7.78739  11.8137  0.216126  0.283874  
0.293812  0.206188  7.78739  11.8137  7.78739  11.8137  0.371064  0.128936  
0.220091  0.279909  7.78739  11.8137  7.78739  11.8137  0.202053  0.297947  
0.482655  0.0173447  7.78739  11.8137  7.78739  11.8137  0.0966831  0.403317  
0.389233  0.110767  7.78739  11.8137  7.78739  11.8137  0.311142  0.188858  
0.20018  0.29982  7.78739  11.8137  7.78739  11.8137  0.4599  0.0400996  
0.263399  0.236601  7.78739  11.8137  7.78739  11.8137  0.470106  0.0298944  
0.175577  0.324423  7.78739  11.8137  7.78739  11.8137  0.149531  0.350469  
0.122462  0.377538  7.78739  11.8137  7.78739  11.8137  0.129827  0.370173  
0.329082  0.170918  7.78739  11.8137  7.78739  11.8137  0.183449  0.316551  
0.244099  0.255901  7.78739  11.8137  7.78739  11.8137  0.480227  0.0197728  
0.454277  0.0457229  7.78739  11.8137  7.78739  11.8137  0.444284  0.0557156  
0.478195  0.0218048  7.78739  11.8137  7.78739  11.8137  0.230435  0.269565  
0.253641  0.246359  7.78739  11.8137  7.78739  11.8137  0.101356  0.398644  
0.344805  0.155195  7.78739  11.8137  7.78739  11.8137  0.169087  0.330913  
0.350129  0.149871  7.78739  11.8137  7.78739  11.8137  0.225655  0.274345  
0.0494496  0.45055  7.78739  11.8137  7.78739  11.8137  0.428515  0.0714851  
0.339542  0.160458  7.78739  11.8137  7.78739  11.8137  0.13472  0.36528  
0.117284  0.382716  7.78739  11.8137  7.78739  11.8137  0.240188  0.259812  
0.161291  0.338709  7.78739  11.8137  7.78739  11.8137  0.381743  0.118257  
0.288688  0.211312  7.78739  11.8137  7.78739  11.8137  0.0725756  0.427424  
0.334221  0.165779  7.78739  11.8137  7.78739  11.8137  0.332597  0.167403  
0.127529  0.372471  7.78739  11.8137  7.78739  11.8137  0.343533  0.156467  
0.239376  0.260624  7.78739  11.8137  7.78739  11.8137  0.439018  0.0609817  
0.054456  0.445544  7.78739  11.8137  7.78739  11.8137  0.173917  0.326083  
0.0200556  0.479944  7.78739  11.8137  7.78739  11.8137  0.295434  0.204566  
0.366599  0.133401  7.78739  11.8137  7.78739  11.8137  0.0575938  0.442406  
0.234585  0.265415  7.78739  11.8137  7.78739  11.8137  0.387063  0.112937  
0.195149  0.304851  7.78739  11.8137  7.78739  11.8137  0.433784  0.0662159  
0.0856067  0.414393  7.78739  11.8137  7.78739  11.8137  0.16426  0.33574  
0.318966  0.181034  7.78739  11.8137  7.78739  11.8137  0.220857  0.279143  
0.132506  0.367494  7.78739  11.8137  7.78739  11.8137  0.178737  0.321263  
0.48709  0.0129101  7.78739  11.8137  7.78739  11.8137  0.465015  0.0349849  
0.142244  0.357756  7.78739  11.8137  7.78739  11.8137  0.418038  0.0819622  
0.444106  0.0558939  7.78739  11.8137  7.78739  11.8137  0.0471845  0.452815  
0.473409  0.0265908  7.78739  11.8137  7.78739  11.8137  0.120184  0.379816  
0.0963131  0.403687  7.78739  11.8137  7.78739  11.8137  0.316333  0.183667  
0.0750688  0.424931  7.78739  11.8137  7.78739  11.8137  0.490198  0.00980196  
0.190148  0.309852  7.78739  11.8137  7.78739  11.8137  0.0156143  0.484386  
0.438936  0.0610637  7.78739  11.8137  7.78739  11.8137  0.392288  0.107712  
0.37215  0.12785  7.78739  11.8137  7.78739  11.8137  0.124957  0.375043  
0.323996  0.176004  7.78739  11.8137  7.78739  11.8137  0.290319  0.209681  
0.215126  0.284874  7.78739  11.8137  7.78739  11.8137  0.32714  0.17286  
0.185183  0.314817  7.78739  11.8137  7.78739  11.8137  0.365619  0.134381  
0.156569  0.343431  7.78739  11.8137  7.78739  11.8137  0.24512  0.25488  
0.0249989  0.475001  7.78739  11.8137  7.78739  11.8137  0.5  4.82947e-15  
0.464108  0.0358921  7.78739  11.8137  7.78739  11.8137  0.264978  0.235022  
0.0445111  0.455489  7.78739  11.8137  7.78739  11.8137  0.154443  0.345557  
4.49169e-13  0.5  7.78739  11.8137  7.78739  11.8137  0.0313906  0.468609  
0.210146  0.289854  7.78739  11.8137  7.78739  11.8137  0.275101  0.224899  
0.5  7.46514e-13  7.78739  11.8137  7.78739  11.8137  0.270025  0.229975  
0.0100965  0.489904  7.78739  11.8137  7.78739  11.8137  8.96505e-15  0.5  
0.394934  0.105066  7.78739  11.8137  7.78739  11.8137  0.197417  0.302583  
0.0595153  0.440485  7.78739  11.8137  7.78739  11.8137  0.0918957  0.408104  
0.147076  0.352924  7.78739  11.8137  7.78739  11.8137  0.211418  0.288582  
0.106825  0.393175  7.78739  11.8137  7.78739  11.8137  0.0261095  0.47389  
0.180333  0.319667  7.78739  11.8137  7.78739  11.8137  0.259949  0.240051  
0.0646384  0.435362  7.78739  11.8137  7.78739  11.8137  0.0208434  0.479157  
0.40058  0.0994196  7.78739  11.8137  7.78739  11.8137  0.495105  0.00489549  
0.205155  0.294845  3.0495  3.90759  3.0495  3.90759  0.087066  0.412934  
0.37795  0.12205  3.0495  3.90759  3.0495  3.90759  0.285297  0.214703  
0.00506315  0.494937  3.0495  3.90759  3.0495  3.90759  0.412878  0.087122  
0.0150943  0.484906  3.0495  3.90759  3.0495  3.90759  0.0773055  0.422694  
0.137249  0.362751  3.0495  3.90759  3.0495  3.90759  0.159334  0.340666  
0.090944  0.409056  3.0495  3.90759  3.0495  3.90759  0.25004  0.24996  
0.428066  0.0719338  3.0495  3.90759  3.0495  3.90759  0.40257  0.0974304  
0.268445  0.231555  3.0495  3.90759  3.0495  3.90759  0.0674423  0.432558  
0.258556  0.241444  3.0495  3.90759  3.0495  3.90759  0.139694  0.360306  
0.151677  0.348323  3.0495  3.90759  3.0495  3.90759  0.360099  0.139901  
0.29885  0.20115  3.0495  3.90759  3.0495  3.90759  0.0624188  0.437581  
0.30893  0.19107  3.0495  3.90759  3.0495  3.90759  0.338078  0.161922  
0.0347902  0.46521  3.0495  3.90759  3.0495  3.90759  0.454633  0.0453666  
0.433311  0.0666886  3.0495  3.90759  3.0495  3.90759  0.376352  0.123648  
0.303879  0.196121  3.0495  3.90759  3.0495  3.90759  0.192719  0.307281  
0.422671  0.0773295  3.0495  3.90759  3.0495  3.90759  0.0103931  0.489607  
0.0699593  0.430041  3.0495  3.90759  3.0495  3.90759  0.110745  0.389255  
0.229768  0.270232  3.0495  3.90759  3.0495  3.90759  0.235356  0.264644  
0.313966  0.186034  3.0495  3.90759  3.0495  3.90759  0.255003  0.244997  
0.411635  0.0883651  3.0495  3.90759  3.0495  3.90759  0.354594  0.145406  
0.273479  0.226521  3.0495  3.90759  3.0495  3.90759  0.0366434  0.463357  
0.248866  0.251134  3.0495  3.90759  3.0495  3.90759  0.42329  0.0767102  
0.224883  0.275117  3.0495  3.90759  3.0495  3.90759  0.188074  0.311926  
0.283586  0.216414  3.0495  3.90759  3.0495  3.90759  0.0821847  0.417815  
0.0298857  0.470114  3.0495  3.90759  3.0495  3.90759  0.0522062  0.447794  
0.278496  0.221504  3.0495  3.90759  3.0495  3.90759  0.144574  0.355426  
0.495634  0.00436607  3.0495  3.90759  3.0495  3.90759  0.349076  0.150924  
0.468354  0.0316455  3.0495  3.90759  3.0495  3.90759  0.280186  0.219814  
0.491188  0.00881214  3.0495  3.90759  3.0495  3.90759  0.321781  0.178219  
0.0396662  0.460334  3.0495  3.90759  3.0495  3.90759  0.485211  0.0147892  
0.355802  0.144198  3.0495  3.90759  3.0495  3.90759  0.449443  0.0505573  
0.406087  0.0939134  3.0495  3.90759  3.0495  3.90759  0.407734  0.0922661  
0.112058  0.387942  3.0495  3.90759  3.0495  3.90759  0.397384  0.102616  
0.417204  0.0827963  3.0495  3.90759  3.0495  3.90759  0.00519457  0.494805  
0.38358  0.11642  3.0495  3.90759  3.0495  3.90759  0.475192  0.0248078  
0.458555  0.0414449  3.0495  3.90759  3.0495  3.90759  0.115505  0.384495  
0.44867  0.0513296  3.0495  3.90759  3.0495  3.90759  0.206724  0.293276  
0.10157  0.39843  3.0495  3.90759  3.0495  3.90759  0.106034  0.393966  
0.166059  0.333941  3.0495  3.90759  3.0495  3.90759  0.305895  0.194105  
0.0804326  0.419567  3.0495  3.90759  3.0495  3.90759  0.300723  0.199277  
0.361243  0.138757  3.0495  3.90759  3.0495  3.90759  0.0419039  0.458096  
0.170844  0.329156  3.0495  3.90759  3.0495  3.90759  0.21615  0.28385  
0.293801  0.206199  3.0495  3.90759  3.0495  3.90759  0.370932  0.129068  
0.219989  0.280011  3.0495  3.90759  3.0495  3.90759  0.202053  0.297947  
0.482259  0.0177414  3.0495  3.90759  3.0495  3.90759  0.0966417  0.403358  
0.389233  0.110767  3.0495  3.90759  3.0495  3.90759  0.311131  0.188869  
0.20018  0.29982  3.0495  3.90759  3.0495  3.90759  0.459846  0.0401545  
0.263471  0.236529  3.0495  3.90759  3.0495  3.90759  0.470106  0.0298944  
0.175658  0.324342  3.0495  3.90759  3.0495  3.90759  0.149531  0.350469  
0.122291  0.377709  3.0495  3.90759  3.0495  3.90759  0.129938  0.370062  
0.329311  0.170689  3.0495  3.90759  3.0495  3.90759  0.183363  0.316637  
0.244099  0.255901  3.0495  3.90759  3.0495  3.90759  0.480198  0.0198023  
0.453679  0.0463211  3.0495  3.90759  3.0495  3.90759  0.444221  0.0557792  
0.477753  0.0222466  3.0495  3.90759  3.0495  3.90759  0.230484  0.269516  
0.253675  0.246325  3.0495  3.90759  3.0495  3.90759  0.101356  0.398644  
0.345087  0.154913  3.0495  3.90759  3.0495  3.90759  0.169087  0.330913  
0.350446  0.149554  3.0495  3.90759  3.0495  3.90759  0.225655  0.274345  
0.049561  0.450439  3.0495  3.90759  3.0495  3.90759  0.428551  0.071449  
0.339769  0.160231  3.0495  3.90759  3.0495  3.90759  0.134778  0.365222  
0.117242  0.382758  3.0495  3.90759  3.0495  3.90759  0.240234  0.259766  
0.161307  0.338693  3.0495  3.90759  3.0495  3.90759  0.381598  0.118402  
0.288688  0.211312  3.0495  3.90759  3.0495  3.90759  0.0723355  0.427664  
0.334461  0.165539  3.0495  3.90759  3.0495  3.90759  0.332611  0.167389  
0.127317  0.372683  3.0495  3.90759  3.0495  3.90759  0.343572  0.156428  
0.239348  0.260652  3.0495  3.90759  3.0495  3.90759  0.439018  0.0609817  
0.0546168  0.445383  3.0495  3.90759  3.0495  3.90759  0.173872  0.326128  
0.0200556  0.479944  3.0495  3.90759  3.0495  3.90759  0.295546  0.204454  
0.366731  0.133269  3.0495  3.90759  3.0495  3.90759  0.0573008  0.442699  
0.234585  0.265415  3.0495  3.90759  3.0495  3.90759  0.386875  0.113125  
0.195247  0.304753  3.0495  3.90759  3.0495  3.90759  0.433784  0.0662159  
0.085712  0.414288  3.0495  3.90759  3.0495  3.90759  0.164212  0.335788  
0.319042  0.180958  3.0495  3.90759  3.0495  3.90759  0.220883  0.279117  
0.132276  0.367724  3.0495  3.90759  3.0495  3.90759  0.178625  0.321375  
0.486736  0.0132642  3.0495  3.90759  3.0495  3.90759  0.464998  0.0350015  
0.142111  0.357889  3.0495  3.90759  3.0495  3.90759  0.418068  0.0819318  
0.443637  0.0563634  3.0495  3.90759  3.0495  3.90759  0.0470657  0.452934  
0.473069  0.0269309  3.0495  3.90759  3.0495  3.90759  0.120278  0.379722  
0.0962794  0.403721  3.0495  3.90759  3.0495  3.90759  0.316429  0.183571  
0.0751791  0.424821  3.0495  3.90759  3.0495  3.90759  0.490144  0.00985621  
0.190235  0.309765  3.0495  3.90759  3.0495  3.90759  0.0156143  0.484386  
0.438553  0.0614466  3.0495  3.90759  3.0495  3.90759  0.39213  0.10787  
0.372312  0.127688  3.0495  3.90759  3.0495  3.90759  0.125091  0.374909  
0.324148  0.175852  3.0495  3.90759  3.0495  3.90759  0.29043  0.20957  
0.215071  0.284929  3.0495  3.90759  3.0495  3.90759  0.327165  0.172835  
0.185369  0.314631  3.0495  3.90759  3.0495  3.90759  0.365518  0.134482  
0.156508  0.343492  3.0495  3.90759  3.0495  3.90759  0.24512  0.25488  
0.0249989  0.475001  3.0495  3.90759  3.0495  3.90759  0.5  4.82947e-15  
0.463507  0.0364928  3.0495  3.90759  3.0495  3.90759  0.264978  0.235022  
0.0445861  0.455414  3.0495  3.90759  3.0495  3.90759  0.154443  0.345557  
4.49169e-13  0.5  3.0495  3.90759  3.0495  3.90759  0.0313906  0.468609  
0.2101  0.2899  3.0495  3.90759  3.0495  3.90759  0.275101  0.224899  
0.5  7.46514e-13  3.0495  3.90759  3.0495  3.90759  0.270025  0.229975  
0.010087  0.489913  3.0495  3.90759  3.0495  3.90759  8.96505e-15  0.5  
0.394896  0.105104  3.0495  3.90759  3.0495  3.90759  0.197372  0.302628  
0.0596381  0.440362  3.0495  3.90759  3.0495  3.90759  0.0918712  0.408129  
0.146924  0.353076  3.0495  3.90759  3.0495  3.90759  0.211443  0.288557  
0.106822  0.393178  3.0495  3.90759  3.0495  3.90759  0.0261095  0.47389  
0.1805  0.3195  3.0495  3.90759  3.0495  3.90759  0.259988  0.240012  
0.0647937  0.435206  3.0495  3.90759  3.0495  3.90759  0.0208434  0.479157  
0.400544  0.0994558  3.0495  3.90759  3.0495  3.90759  0.495081  0.00491857  
0.205155  0.294845  22.6252  2.62778  22.6252  2.62778  0.0869661  0.413034  
0.378044  0.121956  22.6252  2.62778  22.6252  2.62778  0.285306  0.214694  
0.00505351  0.494946  22.6252  2.62778  22.6252  2.62778  0.412878  0.087122  
0.0150807  0.484919  22.6252  2.62778  22.6252  2.62778  0.0772302  0.42277  
0.137069  0.362931  22.6252  2.62778  22.6252  2.62778  0.159334  0.340666  
0.09101  0.40899  22.6252  2.62778  22.6252  2.62778  0.250084  0.249916  
0.427765  0.0722351  22.6252  2.62778  22.6252  2.62778  0.402553  0.0974471  
0.268496  0.231504  22.6252  2.62778  22.6252  2.62778  0.0673176  0.432682  
0.25862  0.24138  22.6252  2.62778  22.6252  2.62778  0.139695  0.360305  
0.151677  0.348323  22.6252  2.62778  22.6252  2.62778  0.360064  0.139936  
0.29885  0.20115  22.6252  2.62778  22.6252  2.62778  0.0623158  0.437684  
0.30893  0.19107  22.6252  2.62778  22.6252  2.62778  0.338106  0.161894  
0.0347902  0.46521  22.6252  2.62778  22.6252  2.62778  0.454643  0.0453575  
0.432959  0.0670409  22.6252  2.62778  22.6252  2.62778  0.376228  0.123772  
0.303879  0.196121  22.6252  2.62778  22.6252  2.62778  0.192719  0.307281  
0.422495  0.0775049  22.6252  2.62778  22.6252  2.62778  0.0103931  0.489607  
0.0701031  0.429897  22.6252  2.62778  22.6252  2.62778  0.110765  0.389235  
0.229697  0.270303  22.6252  2.62778  22.6252  2.62778  0.235356  0.264644  
0.314004  0.185996  22.6252  2.62778  22.6252  2.62778  0.255055  0.244945  
0.411522  0.0884777  22.6252  2.62778  22.6252  2.62778  0.354554  0.145446  
0.273479  0.226521  22.6252  2.62778  22.6252  2.62778  0.0366054  0.463395  
0.248904  0.251096  22.6252  2.62778  22.6252  2.62778  0.423325  0.0766746  
0.224849  0.275151  22.6252  2.62778  22.6252  2.62778  0.188032  0.311968  
0.283586  0.216414  22.6252  2.62778  22.6252  2.62778  0.0821168  0.417883  
0.0298857  0.470114  22.6252  2.62778  22.6252  2.62778  0.0520974  0.447903  
0.278513  0.221487  22.6252  2.62778  22.6252  2.62778  0.144608  0.355392  
0.495556  0.00444437  22.6252  2.62778  22.6252  2.62778  0.349076  0.150924  
0.467962  0.0320383  22.6252  2.62778  22.6252  2.62778  0.280186  0.219814  
0.491093  0.00890657  22.6252  2.62778  22.6252  2.62778  0.321901  0.178099  
0.0397008  0.460299  22.6252  2.62778  22.6252  2.62778  0.485211  0.0147892  
0.356128  0.143872  22.6252  2.62778  22.6252  2.62778  0.449443  0.0505573  
0.40604  0.0939598  22.6252  2.62778  22.6252  2.62778  0.407734  0.0922661  
0.11187  0.38813  22.6252  2.62778  22.6252  2.62778  0.39736  0.10264  
0.417087  0.0829128  22.6252  2.62778  22.6252  2.62778  0.00519457  0.494805  
0.383654  0.116346  22.6252  2.62778  22.6252  2.62778  0.475171  0.024829  
0.458289  0.0417115  22.6252  2.62778  22.6252  2.62778  0.115505  0.384495  
0.448252  0.0517483  22.6252  2.62778  22.6252  2.62778  0.206724  0.293276  
0.101506  0.398494  22.6252  2.62778  22.6252  2.62778  0.106034  0.393966  
0.166059  0.333941  22.6252  2.62778  22.6252  2.62778  0.305998  0.194002  
0.0804468  0.419553  22.6252  2.62778  22.6252  2.62778  0.300771  0.199229  
0.361545  0.138455  22.6252  2.62778  22.6252  2.62778  0.0417988  0.458201  
0.170844  0.329156  22.6252  2.62778  22.6252  2.62778  0.21615  0.28385  
0.293758  0.206242  22.6252  2.62778  22.6252  2.62778  0.37084  0.12916  
0.219957  0.280043  22.6252  2.62778  22.6252  2.62778  0.202053  0.297947  
0.482032  0.0179681  22.6252  2.62778  22.6252  2.62778  0.0965375  0.403463  
0.389253  0.110747  22.6252  2.62778  22.6252  2.62778  0.311243  0.188757  
0.200197  0.299803  22.6252  2.62778  22.6252  2.62778  0.459846  0.0401545  
0.26355  0.23645  22.6252  2.62778  22.6252  2.62778  0.470106  0.0298944  
0.17567  0.32433  22.6252  2.62778  22.6252  2.62778  0.149531  0.350469  
0.122132  0.377868  22.6252  2.62778  22.6252  2.62778  0.129938  0.370062  
0.329457  0.170543  22.6252  2.62778  22.6252  2.62778  0.183318  0.316682  
0.244099  0.255901  22.6252  2.62778  22.6252  2.62778  0.480198  0.0198023  
0.453259  0.046741  22.6252  2.62778  22.6252  2.62778  0.444221  0.0557792  
0.477347  0.0226528  22.6252  2.62778  22.6252  2.62778  0.230484  0.269516  
0.253775  0.246225  22.6252  2.62778  22.6252  2.62778  0.101288  0.398712  
0.345321  0.154679  22.6252  2.62778  22.6252  2.62778  0.169027  0.330973  
0.350738  0.149262  22.6252  2.62778  22.6252  2.62778  0.225655  0.274345  
0.0496357  0.450364  22.6252  2.62778  22.6252  2.62778  0.428551  0.071449  
0.339963  0.160037  22.6252  2.62778  22.6252  2.62778  0.134798  0.365202  
0.117039  0.382961  22.6252  2.62778  22.6252  2.62778  0.240246  0.259754  
0.161275  0.338725  22.6252  2.62778  22.6252  2.62778  0.381511  0.118489  
0.288688  0.211312  22.6252  2.62778  22.6252  2.62778  0.0723169  0.427683  
0.334656  0.165344  22.6252  2.62778  22.6252  2.62778  0.332646  0.167354  
0.12719  0.37281  22.6252  2.62778  22.6252  2.62778  0.343572  0.156428  
0.239296  0.260704  22.6252  2.62778  22.6252  2.62778  0.438998  0.0610025  
0.0546843  0.445316  22.6252  2.62778  22.6252  2.62778  0.173819  0.326181  
0.0200276  0.479972  22.6252  2.62778  22.6252  2.62778  0.295589  0.204411  
0.367005  0.132995  22.6252  2.62778  22.6252  2.62778  0.0572485  0.442751  
0.2345  0.2655  22.6252  2.62778  22.6252  2.62778  0.386813  0.113187  
0.195255  0.304745  22.6252  2.62778  22.6252  2.62778  0.433784  0.0662159  
0.085712  0.414288  22.6252  2.62778  22.6252  2.62778  0.164172  0.335828  
0.319103  0.180897  22.6252  2.62778  22.6252  2.62778  0.220883  0.279117  
0.132126  0.367874  22.6252  2.62778  22.6252  2.62778  0.178587  0.321413  
0.486536  0.0134639  22.6252  2.62778  22.6252  2.62778  0.464998  0.0350015  
0.141983  0.358017  22.6252  2.62778  22.6252  2.62778  0.418101  0.0818988  
0.443233  0.0567665  22.6252  2.62778  22.6252  2.62778  0.0469817  0.453018  
0.472678  0.0273222  22.6252  2.62778  22.6252  2.62778  0.120308  0.379692  
0.0962759  0.403724  22.6252  2.62778  22.6252  2.62778  0.316531  0.183469  
0.0752756  0.424724  22.6252  2.62778  22.6252  2.62778  0.490144  0.00985621  
0.190306  0.309694  22.6252  2.62778  22.6252  2.62778  0.0156143  0.484386  
0.438122  0.0618781  22.6252  2.62778  22.6252  2.62778  0.39213  0.10787  
0.37246  0.12754  22.6252  2.62778  22.6252  2.62778  0.125115  0.374885  
0.324239  0.175761  22.6252  2.62778  22.6252  2.62778  0.290449  0.209551  
0.215029  0.284971  22.6252  2.62778  22.6252  2.62778  0.327262  0.172738  
0.185411  0.314589  22.6252  2.62778  22.6252  2.62778  0.365476  0.134524  
0.156495  0.343505  22.6252  2.62778  22.6252  2.62778  0.245171  0.254829  
0.0249607  0.475039  22.6252  2.62778  22.6252  2.62778  0.5  4.82947e-15  
0.463195  0.0368049  22.6252  2.62778  22.6252  2.62778  0.265004  0.234996  
0.0446514  0.455349  22.6252  2.62778  22.6252  2.62778  0.154443  0.345557  
4.49169e-13  0.5  22.6252  2.62778  22.6252  2.62778  0.0313682  0.468632  
0.2101  0.2899  22.6252  2.62778  22.6252  2.62778  0.275101  0.224899  
0.5  7.46514e-13  22.6252  2.62778  22.6252  2.62778  0.270025  0.229975  
0.010087  0.489913  22.6252  2.62778  22.6252  2.62778  8.96505e-15  0.5  
0.394858  0.105142  22.6252  2.62778  22.6252  2.62778  0.197372  0.302628  
0.0597567  0.440243  22.6252  2.62778  22.6252  2.62778  0.0917862  0.408214  
0.146849  0.353151  22.6252  2.62778  22.6252  2.62778  0.211443  0.288557  
0.106721  0.393279  22.6252  2.62778  22.6252  2.62778  0.0261095  0.47389  
0.180526  0.319474  22.6252  2.62778  22.6252  2.62778  0.260053  0.239947  
0.0648758  0.435124  22.6252  2.62778  22.6252  2.62778  0.0208434  0.479157  
0.400466  0.0995342  22.6252  2.62778  22.6252  2.62778  0.495081  0.00491857  
0.205155  0.294845  1.57323  2.64625  1.57323  2.64625  0.0868614  0.413139  
0.378084  0.121916  1.57323  2.64625  1.57323  2.64625  0.285353  0.214647  
0.00502968  0.49497  1.57323  2.64625  1.57323  2.64625  0.412909  0.0870909  
0.0150421  0.484958  1.57323  2.64625  1.57323  2.64625  0.0771206  0.422879  
0.137043  0.362957  1.57323  2.64625  1.57323  2.64625  0.159308  0.340692  
0.0909958  0.409004  1.57323  2.64625  1.57323  2.64625  0.250126  0.249874  
0.427433  0.0725673  1.57323  2.64625  1.57323  2.64625  0.402553  0.0974471  
0.268545  0.231455  1.57323  2.64625  1.57323  2.64625  0.0672157  0.432784  
0.258719  0.241281  1.57323  2.64625  1.57323  2.64625  0.139695  0.360305  
0.151677  0.348323  1.57323  2.64625  1.57323  2.64625  0.360012  0.139988  
0.298821  0.201179  1.57323  2.64625  1.57323  2.64625  0.0622034  0.437797  
0.30893  0.19107  1.57323  2.64625  1.57323  2.64625  0.338119  0.161881  
0.0348251  0.465175  1.57323  2.64625  1.57323  2.64625  0.454577  0.0454233  
0.432672  0.0673279  1.57323  2.64625  1.57323  2.64625  0.376159  0.123841  
0.303879  0.196121  1.57323  2.64625  1.57323  2.64625  0.192719  0.307281  
0.422122  0.0778778  1.57323  2.64625  1.57323  2.64625  0.0104026  0.489597  
0.0700883  0.429912  1.57323  2.64625  1.57323  2.64625  0.11079  0.38921  
0.229623  0.270377  1.57323  2.64625  1.57323  2.64625  0.235423  0.264577  
0.314004  0.185996  1.57323  2.64625  1.57323  2.64625  0.255078  0.244922  
0.411374  0.0886257  1.57323  2.64625  1.57323  2.64625  0.354554  0.145446  
0.273537  0.226463  1.57323  2.64625  1.57323  2.64625  0.0365882  0.463412  
0.248956  0.251044  1.57323  2.64625  1.57323  2.64625  0.423325  0.0766746  
0.224774  0.275226  1.57323  2.64625  1.57323  2.64625  0.188032  0.311968  
0.283586  0.216414  1.57323  2.64625  1.57323  2.64625  0.0820078  0.417992  
0.0298857  0.470114  1.57323  2.64625  1.57323  2.64625  0.0520974  0.447903  
0.278538  0.221462  1.57323  2.64625  1.57323  2.64625  0.144608  0.355392  
0.495477  0.00452306  1.57323  2.64625  1.57323  2.64625  0.349076  0.150924  
0.46778  0.03222  1.57323  2.64625  1.57323  2.64625  0.280222  0.219778  
0.490972  0.00902805  1.57323  2.64625  1.57323  2.64625  0.321941  0.178059  
0.0397998  0.4602  1.57323  2.64625  1.57323  2.64625  0.485149  0.0148507  
0.356172  0.143828  1.57323  2.64625  1.57323  2.64625  0.449361  0.0506388  
0.405908  0.0940916  1.57323  2.64625  1.57323  2.64625  0.407734  0.0922661  
0.111806  0.388194  1.57323  2.64625  1.57323  2.64625  0.39732  0.10268  
0.416797  0.0832031  1.57323  2.64625  1.57323  2.64625  0.00519457  0.494805  
0.383654  0.116346  1.57323  2.64625  1.57323  2.64625  0.475116  0.0248844  
0.458076  0.0419241  1.57323  2.64625  1.57323  2.64625  0.11554  0.38446  
0.448073  0.0519267  1.57323  2.64625  1.57323  2.64625  0.206748  0.293252  
0.101435  0.398565  1.57323  2.64625  1.57323  2.64625  0.106034  0.393966  
0.166059  0.333941  1.57323  2.64625  1.57323  2.64625  0.306055  0.193945  
0.0805093  0.419491  1.57323  2.64625  1.57323  2.64625  0.300807  0.199193  
0.361595  0.138405  1.57323  2.64625  1.57323  2.64625  0.041772  0.458228  
0.170863  0.329137  1.57323  2.64625  1.57323  2.64625  0.216209  0.283791  
0.293758  0.206242  1.57323  2.64625  1.57323  2.64625  0.37084  0.12916  
0.219922  0.280078  1.57323  2.64625  1.57323  2.64625  0.202053  0.297947  
0.481769  0.0182312  1.57323  2.64625  1.57323  2.64625  0.0964937  0.403506  
0.389253  0.110747  1.57323  2.64625  1.57323  2.64625  0.311311  0.188689  
0.200197  0.299803  1.57323  2.64625  1.57323  2.64625  0.459719  0.0402812  
0.263617  0.236383  1.57323  2.64625  1.57323  2.64625  0.470044  0.0299557  
0.17567  0.32433  1.57323  2.64625  1.57323  2.64625  0.149531  0.350469  
0.122011  0.377989  1.57323  2.64625  1.57323  2.64625  0.129938  0.370062  
0.329617  0.170383  1.57323  2.64625  1.57323  2.64625  0.183305  0.316695  
0.244099  0.255901  1.57323  2.64625  1.57323  2.64625  0.480164  0.019836  
0.453045  0.0469551  1.57323  2.64625  1.57323  2.64625  0.444203  0.0557966  
0.477183  0.0228169  1.57323  2.64625  1.57323  2.64625  0.230594  0.269406  
0.253835  0.246165  1.57323  2.64625  1.57323  2.64625  0.101288  0.398712  
0.345424  0.154576  1.57323  2.64625  1.57323  2.64625  0.169011  0.330989  
0.350777  0.149223  1.57323  2.64625  1.57323  2.64625  0.225755  0.274245  
0.049722  0.450278  1.57323  2.64625  1.57323  2.64625  0.428551  0.071449  
0.340149  0.159851  1.57323  2.64625  1.57323  2.64625  0.134798  0.365202  
0.116907  0.383093  1.57323  2.64625  1.57323  2.64625  0.240257  0.259743  
0.161275  0.338725  1.57323  2.64625  1.57323  2.64625  0.381476  0.118524  
0.288674  0.211326  1.57323  2.64625  1.57323  2.64625  0.0721655  0.427835  
0.334866  0.165134  1.57323  2.64625  1.57323  2.64625  0.332699  0.167301  
0.127047  0.372953  1.57323  2.64625  1.57323  2.64625  0.343572  0.156428  
0.239296  0.260704  1.57323  2.64625  1.57323  2.64625  0.438999  0.0610009  
0.0547078  0.445292  1.57323  2.64625  1.57323  2.64625  0.173793  0.326207  
0.0200276  0.479972  1.57323  2.64625  1.57323  2.64625  0.295626  0.204374  
0.367035  0.132965  1.57323  2.64625  1.57323  2.64625  0.0571235  0.442876  
0.234438  0.265562  1.57323  2.64625  1.57323  2.64625  0.38677  0.11323  
0.195255  0.304745  1.57323  2.64625  1.57323  2.64625  0.433784  0.0662159  
0.0857382  0.414262  1.57323  2.64625  1.57323  2.64625  0.164172  0.335828  
0.319157  0.180843  1.57323  2.64625  1.57323  2.64625  0.220951  0.279049  
0.132046  0.367954  1.57323  2.64625  1.57323  2.64625  0.178556  0.321444  
0.486383  0.0136166  1.57323  2.64625  1.57323  2.64625  0.464892  0.0351085  
0.141941  0.358059  1.57323  2.64625  1.57323  2.64625  0.418101  0.0818988  
0.442985  0.0570148  1.57323  2.64625  1.57323  2.64625  0.0469579  0.453042  
0.472486  0.0275142  1.57323  2.64625  1.57323  2.64625  0.120335  0.379665  
0.0962533  0.403747  1.57323  2.64625  1.57323  2.64625  0.316612  0.183388  
0.0752756  0.424724  1.57323  2.64625  1.57323  2.64625  0.490117  0.00988296  
0.190326  0.309674  1.57323  2.64625  1.57323  2.64625  0.0156143  0.484386  
0.437867  0.0621327  1.57323  2.64625  1.57323  2.64625  0.392062  0.107938  
0.372532  0.127468  1.57323  2.64625  1.57323  2.64625  0.125115  0.374885  
0.324346  0.175654  1.57323  2.64625  1.57323  2.64625  0.290449  0.209551  
0.215029  0.284971  1.57323  2.64625  1.57323  2.64625  0.327305  0.172695  
0.185411  0.314589  1.57323  2.64625  1.57323  2.64625  0.365465  0.134535  
0.156495  0.343505  1.57323  2.64625  1.57323  2.64625  0.245188  0.254812  
0.0249607  0.475039  1.57323  2.64625  1.57323  2.64625  0.5  4.82947e-15  
0.462885  0.0371146  1.57323  2.64625  1.57323  2.64625  0.265073  0.234927  
0.0447564  0.455244  1.57323  2.64625  1.57323  2.64625  0.154422  0.345578  
4.49169e-13  0.5  1.57323  2.64625  1.57323  2.64625  0.0313682  0.468632  
0.2101  0.2899  1.57323  2.64625  1.57323  2.64625  0.275157  0.224843  
0.5  7.46514e-13  1.57323  2.64625  1.57323  2.64625  0.270111  0.229889  
0.0100499  0.48995  1.57323  2.64625  1.57323  2.64625  8.96505e-15  0.5  
0.394858  0.105142  1.57323  2.64625  1.57323  2.64625  0.197372  0.302628  
0.0597905  0.440209  1.57323  2.64625  1.57323  2.64625  0.0917047  0.408295  
0.146827  0.353173  1.57323  2.64625  1.57323  2.64625  0.21148  0.28852  
0.106632  0.393368  1.57323  2.64625  1.57323  2.64625  0.0261095  0.47389  
0.180526  0.319474  1.57323  2.64625  1.57323  2.64625  0.260079  0.239921  
0.0649069  0.435093  1.57323  2.64625  1.57323  2.64625  0.0208609  0.479139  
0.400382  0.0996182  1.57323  2.64625  1.57323  2.64625  0.49506  0.00493955  
0.205155  0.294845  2.28537  1.85095  2.28537  1.85095  0.0868614  0.413139  
0.378113  0.121887  2.28537  1.85095  2.28537  1.85095  0.285344  0.214656  
0.00502968  0.49497  2.28537  1.85095  2.28537  1.85095  0.412909  0.0870909  
0.0150421  0.484958  2.28537  1.85095  2.28537  1.85095  0.0770633  0.422937  
0.137001  0.362999  2.28537  1.85095  2.28537  1.85095  0.15929  0.34071  
0.0909829  0.409017  2.28537  1.85095  2.28537  1.85095  0.250192  0.249808  
0.427363  0.0726373  2.28537  1.85095  2.28537  1.85095  0.402522  0.097478  
0.268626  0.231374  2.28537  1.85095  2.28537  1.85095  0.0671378  0.432862  
0.258719  0.241281  2.28537  1.85095  2.28537  1.85095  0.139695  0.360305  
0.151677  0.348323  2.28537  1.85095  2.28537  1.85095  0.36001  0.13999  
0.298821  0.201179  2.28537  1.85095  2.28537  1.85095  0.0621428  0.437857  
0.308958  0.191042  2.28537  1.85095  2.28537  1.85095  0.338141  0.161859  
0.0348251  0.465175  2.28537  1.85095  2.28537  1.85095  0.454515  0.0454854  
0.432544  0.0674558  2.28537  1.85095  2.28537  1.85095  0.376159  0.123841  
0.303879  0.196121  2.28537  1.85095  2.28537  1.85095  0.192719  0.307281  
0.422044  0.077956  2.28537  1.85095  2.28537  1.85095  0.0104026  0.489597  
0.0701711  0.429829  2.28537  1.85095  2.28537  1.85095  0.11079  0.38921  
0.229623  0.270377  2.28537  1.85095  2.28537  1.85095  0.235459  0.264541  
0.314085  0.185915  2.28537  1.85095  2.28537  1.85095  0.255107  0.244893  
0.411319  0.0886815  2.28537  1.85095  2.28537  1.85095  0.354554  0.145446  
0.273587  0.226413  2.28537  1.85095  2.28537  1.85095  0.0365852  0.463415  
0.248956  0.251044  2.28537  1.85095  2.28537  1.85095  0.423325  0.0766746  
0.224774  0.275226  2.28537  1.85095  2.28537  1.85095  0.187998  0.312002  
0.283586  0.216414  2.28537  1.85095  2.28537  1.85095  0.0819888  0.418011  
0.0298857  0.470114  2.28537  1.85095  2.28537  1.85095  0.0520127  0.447987  
0.278553  0.221447  2.28537  1.85095  2.28537  1.85095  0.144608  0.355392  
0.495425  0.00457487  2.28537  1.85095  2.28537  1.85095  0.349076  0.150924  
0.467507  0.0324925  2.28537  1.85095  2.28537  1.85095  0.280253  0.219747  
0.49085  0.00914982  2.28537  1.85095  2.28537  1.85095  0.321974  0.178026  
0.0397998  0.4602  2.28537  1.85095  2.28537  1.85095  0.485149  0.0148507  
0.356219  0.143781  2.28537  1.85095  2.28537  1.85095  0.44935  0.0506499  
0.405828  0.0941724  2.28537  1.85095  2.28537  1.85095  0.407716  0.0922843  
0.111757  0.388243  2.28537  1.85095  2.28537  1.85095  0.397295  0.102705  
0.416712  0.0832878  2.28537  1.85095  2.28537  1.85095  0.00519457  0.494805  
0.383654  0.116346  2.28537  1.85095  2.28537  1.85095  0.475021  0.0249786  
0.457779  0.0422206  2.28537  1.85095  2.28537  1.85095  0.11554  0.38446  
0.447812  0.0521879  2.28537  1.85095  2.28537  1.85095  0.206777  0.293223  
0.101418  0.398582  2.28537  1.85095  2.28537  1.85095  0.106034  0.393966  
0.166059  0.333941  2.28537  1.85095  2.28537  1.85095  0.306055  0.193945  
0.0805714  0.419429  2.28537  1.85095  2.28537  1.85095  0.300837  0.199163  
0.361647  0.138353  2.28537  1.85095  2.28537  1.85095  0.041772  0.458228  
0.170863  0.329137  2.28537  1.85095  2.28537  1.85095  0.216209  0.283791  
0.293758  0.206242  2.28537  1.85095  2.28537  1.85095  0.370814  0.129186  
0.219885  0.280115  2.28537  1.85095  2.28537  1.85095  0.202093  0.297907  
0.481656  0.0183438  2.28537  1.85095  2.28537  1.85095  0.0964937  0.403506  
0.389253  0.110747  2.28537  1.85095  2.28537  1.85095  0.311338  0.188662  
0.200197  0.299803  2.28537  1.85095  2.28537  1.85095  0.459675  0.040325  
0.263656  0.236344  2.28537  1.85095  2.28537  1.85095  0.469917  0.0300835  
0.175688  0.324312  2.28537  1.85095  2.28537  1.85095  0.149531  0.350469  
0.121906  0.378094  2.28537  1.85095  2.28537  1.85095  0.129973  0.370027  
0.329617  0.170383  2.28537  1.85095  2.28537  1.85095  0.183305  0.316695  
0.244099  0.255901  2.28537  1.85095  2.28537  1.85095  0.480108  0.0198917  
0.45283  0.0471702  2.28537  1.85095  2.28537  1.85095  0.444177  0.0558234  
0.47697  0.0230304  2.28537  1.85095  2.28537  1.85095  0.230635  0.269365  
0.253835  0.246165  2.28537  1.85095  2.28537  1.85095  0.101256  0.398744  
0.345482  0.154518  2.28537  1.85095  2.28537  1.85095  0.169011  0.330989  
0.350844  0.149156  2.28537  1.85095  2.28537  1.85095  0.225793  0.274207  
0.0497803  0.45022  2.28537  1.85095  2.28537  1.85095  0.428551  0.071449  
0.34018  0.15982  2.28537  1.85095  2.28537  1.85095  0.134829  0.365171  
0.11685  0.38315  2.28537  1.85095  2.28537  1.85095  0.240347  0.259653  
0.161275  0.338725  2.28537  1.85095  2.28537  1.85095  0.381476  0.118524  
0.288674  0.211326  2.28537  1.85095  2.28537  1.85095  0.0721044  0.427896  
0.334896  0.165104  2.28537  1.85095  2.28537  1.85095  0.332729  0.167271  
0.126924  0.373076  2.28537  1.85095  2.28537  1.85095  0.343609  0.156391  
0.239255  0.260745  2.28537  1.85095  2.28537  1.85095  0.438999  0.0610009  
0.0548175  0.445183  2.28537  1.85095  2.28537  1.85095  0.173793  0.326207  
0.0200137  0.479986  2.28537  1.85095  2.28537  1.85095  0.295675  0.204325  
0.367064  0.132936  2.28537  1.85095  2.28537  1.85095  0.0570645  0.442936  
0.234438  0.265562  2.28537  1.85095  2.28537  1.85095  0.38677  0.11323  
0.195255  0.304745  2.28537  1.85095  2.28537  1.85095  0.433784  0.0662159  
0.0857382  0.414262  2.28537  1.85095  2.28537  1.85095  0.164159  0.335841  
0.319241  0.180759  2.28537  1.85095  2.28537  1.85095  0.220997  0.279003  
0.13196  0.36804  2.28537  1.85095  2.28537  1.85095  0.178556  0.321444  
0.486248  0.0137523  2.28537  1.85095  2.28537  1.85095  0.46478  0.0352202  
0.141941  0.358059  2.28537  1.85095  2.28537  1.85095  0.418101  0.0818988  
0.442789  0.0572108  2.28537  1.85095  2.28537  1.85095  0.0469358  0.453064  
0.4722  0.0278001  2.28537  1.85095  2.28537  1.85095  0.120335  0.379665  
0.0962029  0.403797  2.28537  1.85095  2.28537  1.85095  0.316654  0.183346  
0.0753479  0.424652  2.28537  1.85095  2.28537  1.85095  0.490117  0.00988296  
0.190326  0.309674  2.28537  1.85095  2.28537  1.85095  0.015632  0.484368  
0.437748  0.0622515  2.28537  1.85095  2.28537  1.85095  0.392045  0.107955  
0.372565  0.127435  2.28537  1.85095  2.28537  1.85095  0.125139  0.374861  
0.324425  0.175575  2.28537  1.85095  2.28537  1.85095  0.290484  0.209516  
0.214982  0.285018  2.28537  1.85095  2.28537  1.85095  0.32736  0.17264  
0.185411  0.314589  2.28537  1.85095  2.28537  1.85095  0.365429  0.134571  
0.156495  0.343505  2.28537  1.85095  2.28537  1.85095  0.245244  0.254756  
0.0249607  0.475039  2.28537  1.85095  2.28537  1.85095  0.5  4.82947e-15  
0.462715  0.037285  2.28537  1.85095  2.28537  1.85095  0.265095  0.234905  
0.0447824  0.455218  2.28537  1.85095  2.28537  1.85095  0.154422  0.345578  
4.49169e-13  0.5  2.28537  1.85095  2.28537  1.85095  0.0313345  0.468666  
0.210074  0.289926  2.28537  1.85095  2.28537  1.85095  0.275199  0.224801  
0.5  7.46514e-13  2.28537  1.85095  2.28537  1.85095  0.270129  0.229871  
0.0100499  0.48995  2.28537  1.85095  2.28537  1.85095  8.96505e-15  0.5  
0.394815  0.105185  2.28537  1.85095  2.28537  1.85095  0.197394  0.302606  
0.0598776  0.440122  2.28537  1.85095  2.28537  1.85095  0.0917047  0.408295  
0.146827  0.353173  2.28537  1.85095  2.28537  1.85095  0.21148  0.28852  
0.106593  0.393407  2.28537  1.85095  2.28537  1.85095  0.0261095  0.47389  
0.180537  0.319463  2.28537  1.85095  2.28537  1.85095  0.260079  0.239921  
0.0650294  0.434971  2.28537  1.85095  2.28537  1.85095  0.0208609  0.479139  
0.400354  0.099646  2.28537  1.85095  2.28537  1.85095  0.49506  0.00493955  
