0.439847  0.0495358  5.0899  5.37748  6.41603  8.00327  1.79769e+308  1.79769e+308  1.79769e+308  0.439847  0.0495358  5.0899  
0.739863  0.121444  3.4023  5.37748  6.41603  8.00327  1.79769e+308  1.79769e+308  1.79769e+308  0.739863  0.121444  3.4023  
0.761864  0.243342  4.23965  5.37748  6.41603  8.00327  1.79769e+308  1.79769e+308  1.79769e+308  0.761864  0.243342  4.23965  
3.97238  1.39385  2.18569  5.37748  6.41603  8.00327  1.79769e+308  1.79769e+308  1.79769e+308  3.97238  1.39385  2.18569  
2.00743  1.89571  3.04402  5.37748  6.41603  8.00327  1.79769e+308  1.79769e+308  1.79769e+308  2.00743  1.89571  3.04402  
1.66126  0.813181  3.81658  5.37748  6.41603  8.00327  1.79769e+308  1.79769e+308  1.79769e+308  1.66126  0.813181  3.81658  
0.832104  1.74248  3.14632  5.37748  6.41603  8.00327  1.79769e+308  1.79769e+308  1.79769e+308  0.832104  1.74248  3.14632  
0.233892  3.01739  2.44839  5.37748  6.41603  8.00327  1.79769e+308  1.79769e+308  1.79769e+308  0.233892  3.01739  2.44839  
0.57008  0.457741  5.03543  5.37748  6.41603  8.00327  1.79769e+308  1.79769e+308  1.79769e+308  0.57008  0.457741  5.03543  
0.360317  0.955534  4.27112  5.37748  6.41603  8.00327  1.79769e+308  1.79769e+308  1.79769e+308  0.360317  0.955534  4.27112  
1.94078  0.0302808  1.93494  5.37748  6.41603  8.00327  1.79769e+308  1.79769e+308  1.79769e+308  1.94078  0.0302808  1.93494  
0.169518  1.06058  3.68966  5.37748  6.41603  8.00327  1.79769e+308  1.79769e+308  1.79769e+308  0.169518  1.06058  3.68966  
1.42931  0.795398  5.3358  5.37748  6.41603  8.00327  1.79769e+308  1.79769e+308  1.79769e+308  1.42931  0.795398  5.3358  
2.92315  1.25721  0.328071  5.37748  6.41603  8.00327  1.79769e+308  1.79769e+308  1.79769e+308  2.92315  1.25721  0.328071  
0.0441748  1.58318  4.9503  5.37748  6.41603  8.00327  1.79769e+308  1.79769e+308  1.79769e+308  0.0441748  1.58318  4.9503  
0.292648  4.98924  2.56331  5.37748  6.41603  8.00327  1.79769e+308  1.79769e+308  1.79769e+308  0.292648  4.98924  2.56331  
2.20927  2.0139  0.123029  5.37748  6.41603  8.00327  1.79769e+308  1.79769e+308  1.79769e+308  2.20927  2.0139  0.123029  
1.36912  1.2142  4.20502  5.37748  6.41603  8.00327  1.79769e+308  1.79769e+308  1.79769e+308  1.36912  1.2142  4.20502  
0.572565  1.04391  3.98091  5.37748  6.41603  8.00327  1.79769e+308  1.79769e+308  1.79769e+308  0.572565  1.04391  3.98091  
0.175919  2.4248  1.51501  5.37748  6.41603  8.00327  1.79769e+308  1.79769e+308  1.79769e+308  0.175919  2.4248  1.51501  
2.34337  1.723  1.98437  5.37748  6.41603  8.00327  1.79769e+308  1.79769e+308  1.79769e+308  2.34337  1.723  1.98437  
1.15641  0.0396846  3.39152  5.37748  6.41603  8.00327  1.79769e+308  1.79769e+308  1.79769e+308  1.15641  0.0396846  3.39152  
0.699949  0.967136  4.81785  5.37748  6.41603  8.00327  1.79769e+308  1.79769e+308  1.79769e+308  0.699949  0.967136  4.81785  
0.56034  4.47372  1.15216  5.37748  6.41603  8.00327  1.79769e+308  1.79769e+308  1.79769e+308  0.56034  4.47372  1.15216  
0.0288974  0.754599  4.8371  5.37748  6.41603  8.00327  1.79769e+308  1.79769e+308  1.79769e+308  0.0288974  0.754599  4.8371  
2.78976  0.276524  1.21378  5.37748  6.41603  8.00327  1.79769e+308  1.79769e+308  1.79769e+308  2.78976  0.276524  1.21378  
0.146096  0.12589  4.78767  5.37748  6.41603  8.00327  1.79769e+308  1.79769e+308  1.79769e+308  0.146096  0.12589  4.78767  
1.99801  0.59194  4.17597  5.37748  6.41603  8.00327  1.79769e+308  1.79769e+308  1.79769e+308  1.99801  0.59194  4.17597  
0.292685  1.20879  3.95366  5.37748  6.41603  8.00327  1.79769e+308  1.79769e+308  1.79769e+308  0.292685  1.20879  3.95366  
3.41787  0.798446  0.261198  5.37748  6.41603  8.00327  1.79769e+308  1.79769e+308  1.79769e+308  3.41787  0.798446  0.261198  
0.0769736  4.85104  1.34515  5.37748  6.41603  8.00327  1.79769e+308  1.79769e+308  1.79769e+308  0.0769736  4.85104  1.34515  
0.251633  0.0684149  5.56359  5.37748  6.41603  8.00327  1.79769e+308  1.79769e+308  1.79769e+308  0.251633  0.0684149  5.56359  
3.67772  1.47352  0.0241807  5.37748  6.41603  8.00327  1.79769e+308  1.79769e+308  1.79769e+308  3.67772  1.47352  0.0241807  
0.232998  3.41289  0.43892  5.37748  6.41603  8.00327  1.79769e+308  1.79769e+308  1.79769e+308  0.232998  3.41289  0.43892  
0.0661203  0.169419  6.29654  5.37748  6.41603  8.00327  1.79769e+308  1.79769e+308  1.79769e+308  0.0661203  0.169419  6.29654  
3.06408  1.21243  2.4488  5.37748  6.41603  8.00327  1.79769e+308  1.79769e+308  1.79769e+308  3.06408  1.21243  2.4488  
0.185093  1.13445  5.54392  5.37748  6.41603  8.00327  1.79769e+308  1.79769e+308  1.79769e+308  0.185093  1.13445  5.54392  
2.51975  1.01806  0.632806  5.37748  6.41603  8.00327  1.79769e+308  1.79769e+308  1.79769e+308  2.51975  1.01806  0.632806  
0.8944  2.39712  0.240235  5.37748  6.41603  8.00327  1.79769e+308  1.79769e+308  1.79769e+308  0.8944  2.39712  0.240235  
2.42708  1.39789  2.90647  5.37748  6.41603  8.00327  1.79769e+308  1.79769e+308  1.79769e+308  2.42708  1.39789  2.90647  
0.57826  0.213449  4.10459  5.37748  6.41603  8.00327  1.79769e+308  1.79769e+308  1.79769e+308  0.57826  0.213449  4.10459  
0.0027398  0.0601272  6.30771  5.37748  6.41603  8.00327  1.79769e+308  1.79769e+308  1.79769e+308  0.0027398  0.0601272  6.30771  
0.260272  1.7889  4.96752  5.37748  6.41603  8.00327  1.79769e+308  1.79769e+308  1.79769e+308  0.260272  1.7889  4.96752  
0.508636  4.38938  0.236348  5.37748  6.41603  8.00327  1.79769e+308  1.79769e+308  1.79769e+308  0.508636  4.38938  0.236348  
0.767658  1.48925  3.90253  5.37748  6.41603  8.00327  1.79769e+308  1.79769e+308  1.79769e+308  0.767658  1.48925  3.90253  
0.819258  2.35443  3.36603  5.37748  6.41603  8.00327  1.79769e+308  1.79769e+308  1.79769e+308  0.819258  2.35443  3.36603  
0.671574  0.0419384  3.77419  5.37748  6.41603  8.00327  1.79769e+308  1.79769e+308  1.79769e+308  0.671574  0.0419384  3.77419  
2.14648  1.89517  0.036144  5.37748  6.41603  8.00327  1.79769e+308  1.79769e+308  1.79769e+308  2.14648  1.89517  0.036144  
0.227927  2.31042  1.37898  5.37748  6.41603  8.00327  1.79769e+308  1.79769e+308  1.79769e+308  0.227927  2.31042  1.37898  
2.50531  0.366879  0.821055  5.37748  6.41603  8.00327  1.79769e+308  1.79769e+308  1.79769e+308  2.50531  0.366879  0.821055  
2.71741  0.0309319  2.0183  5.37748  6.41603  8.00327  1.79769e+308  1.79769e+308  1.79769e+308  2.71741  0.0309319  2.0183  
3.4526  0.469794  1.6013  5.37748  6.41603  8.00327  1.79769e+308  1.79769e+308  1.79769e+308  3.4526  0.469794  1.6013  
0.171167  1.78458  3.55242  5.37748  6.41603  8.00327  1.79769e+308  1.79769e+308  1.79769e+308  0.171167  1.78458  3.55242  
1.45108  0.741232  5.06789  5.37748  6.41603  8.00327  1.79769e+308  1.79769e+308  1.79769e+308  1.45108  0.741232  5.06789  
1.69711  2.4009  1.01633  5.37748  6.41603  8.00327  1.79769e+308  1.79769e+308  1.79769e+308  1.69711  2.4009  1.01633  
1.30214  2.79027  0.904652  5.37748  6.41603  8.00327  1.79769e+308  1.79769e+308  1.79769e+308  1.30214  2.79027  0.904652  
0.651698  0.192036  3.47114  5.37748  6.41603  8.00327  1.79769e+308  1.79769e+308  1.79769e+308  0.651698  0.192036  3.47114  
0.204114  0.127579  6.05512  5.37748  6.41603  8.00327  1.79769e+308  1.79769e+308  1.79769e+308  0.204114  0.127579  6.05512  
1.41987  2.718  2.32242  5.37748  6.41603  8.00327  1.79769e+308  1.79769e+308  1.79769e+308  1.41987  2.718  2.32242  
0.248272  0.0428945  5.47813  5.37748  6.41603  8.00327  1.79769e+308  1.79769e+308  1.79769e+308  0.248272  0.0428945  5.47813  
0.15143  3.69229  2.26518  5.37748  6.41603  8.00327  1.79769e+308  1.79769e+308  1.79769e+308  0.15143  3.69229  2.26518  
0.188414  0.0320797  7.00327  5.37748  6.41603  8.00327  1.79769e+308  1.79769e+308  1.79769e+308  0.188414  0.0320797  7.00327  
1.75972  1.86697  3.34083  5.37748  6.41603  8.00327  1.79769e+308  1.79769e+308  1.79769e+308  1.75972  1.86697  3.34083  
2.14114  1.79274  1.88643  5.37748  6.41603  8.00327  1.79769e+308  1.79769e+308  1.79769e+308  2.14114  1.79274  1.88643  
0.332928  4.83454  0.346053  5.37748  6.41603  8.00327  1.79769e+308  1.79769e+308  1.79769e+308  0.332928  4.83454  0.346053  
2.86142  3.01997  1.51665  5.37748  6.41603  8.00327  1.79769e+308  1.79769e+308  1.79769e+308  2.86142  3.01997  1.51665  
2.84941  1.47406  2.05469  5.37748  6.41603  8.00327  1.79769e+308  1.79769e+308  1.79769e+308  2.84941  1.47406  2.05469  
0.497565  0.14907  3.17075  5.37748  6.41603  8.00327  1.79769e+308  1.79769e+308  1.79769e+308  0.497565  0.14907  3.17075  
0.131789  0.215615  5.27091  5.37748  6.41603  8.00327  1.79769e+308  1.79769e+308  1.79769e+308  0.131789  0.215615  5.27091  
3.47468  1.01326  2.84618  5.37748  6.41603  8.00327  1.79769e+308  1.79769e+308  1.79769e+308  3.47468  1.01326  2.84618  
0.173311  0.364356  5.40193  5.37748  6.41603  8.00327  1.79769e+308  1.79769e+308  1.79769e+308  0.173311  0.364356  5.40193  
0.542224  0.162318  3.40897  5.37748  6.41603  8.00327  1.79769e+308  1.79769e+308  1.79769e+308  0.542224  0.162318  3.40897  
1.79059  1.89558  0.665766  5.37748  6.41603  8.00327  1.79769e+308  1.79769e+308  1.79769e+308  1.79059  1.89558  0.665766  
0.942071  3.2304  1.04942  5.37748  6.41603  8.00327  1.79769e+308  1.79769e+308  1.79769e+308  0.942071  3.2304  1.04942  
1.02749  0.484231  3.88314  5.37748  6.41603  8.00327  1.79769e+308  1.79769e+308  1.79769e+308  1.02749  0.484231  3.88314  
1.73318  2.43755  1.79769  5.37748  6.41603  8.00327  1.79769e+308  1.79769e+308  1.79769e+308  1.73318  2.43755  1.79769  
0.554975  4.73354  1.02284  5.37748  6.41603  8.00327  1.79769e+308  1.79769e+308  1.79769e+308  0.554975  4.73354  1.02284  
0.104248  0.658549  5.12357  5.37748  6.41603  8.00327  1.79769e+308  1.79769e+308  1.79769e+308  0.104248  0.658549  5.12357  
0.0676759  0.0664927  5.12174  5.37748  6.41603  8.00327  1.79769e+308  1.79769e+308  1.79769e+308  0.0676759  0.0664927  5.12174  
0.91534  1.33545  3.21834  5.37748  6.41603  8.00327  1.79769e+308  1.79769e+308  1.79769e+308  0.91534  1.33545  3.21834  
1.80046  1.60561  2.53778  5.37748  6.41603  8.00327  1.79769e+308  1.79769e+308  1.79769e+308  1.80046  1.60561  2.53778  
1.98348  1.25441  0.628453  5.37748  6.41603  8.00327  1.79769e+308  1.79769e+308  1.79769e+308  1.98348  1.25441  0.628453  
1.69242  0.279146  3.60062  5.37748  6.41603  8.00327  1.79769e+308  1.79769e+308  1.79769e+308  1.69242  0.279146  3.60062  
1.06369  1.80199  3.03623  5.37748  6.41603  8.00327  1.79769e+308  1.79769e+308  1.79769e+308  1.06369  1.80199  3.03623  
0.368868  0.228213  4.11982  5.37748  6.41603  8.00327  1.79769e+308  1.79769e+308  1.79769e+308  0.368868  0.228213  4.11982  
2.73401  1.20591  2.17919  5.37748  6.41603  8.00327  1.79769e+308  1.79769e+308  1.79769e+308  2.73401  1.20591  2.17919  
0.108877  0.0910227  6.06109  5.37748  6.41603  8.00327  1.79769e+308  1.79769e+308  1.79769e+308  0.108877  0.0910227  6.06109  
0.365901  0.360322  4.43072  5.37748  6.41603  8.00327  1.79769e+308  1.79769e+308  1.79769e+308  0.365901  0.360322  4.43072  
0.450865  5.41603  0.262738  5.37748  6.41603  8.00327  1.79769e+308  1.79769e+308  1.79769e+308  0.450865  5.41603  0.262738  
4.37748  0.339734  0.608825  5.37748  6.41603  8.00327  1.79769e+308  1.79769e+308  1.79769e+308  4.37748  0.339734  0.608825  
2.56055  1.78947  2.24782  5.37748  6.41603  8.00327  1.79769e+308  1.79769e+308  1.79769e+308  2.56055  1.78947  2.24782  
0.0431714  0.101326  4.80716  5.37748  6.41603  8.00327  1.79769e+308  1.79769e+308  1.79769e+308  0.0431714  0.101326  4.80716  
0.466368  0.456103  4.195  5.37748  6.41603  8.00327  1.79769e+308  1.79769e+308  1.79769e+308  0.466368  0.456103  4.195  
0.0418896  0.594278  6.18274  5.37748  6.41603  8.00327  1.79769e+308  1.79769e+308  1.79769e+308  0.0418896  0.594278  6.18274  
0.0129788  2.57052  2.74332  5.37748  6.41603  8.00327  1.79769e+308  1.79769e+308  1.79769e+308  0.0129788  2.57052  2.74332  
0.668277  0.250861  4.07792  5.37748  6.41603  8.00327  1.79769e+308  1.79769e+308  1.79769e+308  0.668277  0.250861  4.07792  
0.204276  0.387809  5.4587  5.37748  6.41603  8.00327  1.79769e+308  1.79769e+308  1.79769e+308  0.204276  0.387809  5.4587  
0.0386865  0.60309  5.23888  5.37748  6.41603  8.00327  1.79769e+308  1.79769e+308  1.79769e+308  0.0386865  0.60309  5.23888  
1.06761  2.07224  3.61659  5.37748  6.41603  8.00327  1.79769e+308  1.79769e+308  1.79769e+308  1.06761  2.07224  3.61659  
0.439848  1.62087  3.61571  5.37748  6.41603  8.00327  1.79769e+308  1.79769e+308  1.79769e+308  0.439848  1.62087  3.61571  
1.17031e-23  0.285643  0.71436  2  2.13848  2  2  2.00131  2  2.86985e-28  0.0649752  0.936537  
0.377314  0.676947  0.00185431  2  2.13848  2  2  2.00131  2  4.62537e-27  0.640646  0.35963  
5.6098e-27  0.484757  0.51623  2  2.13848  2  2  2.00131  2  1  0  0  
2.34085e-28  0.526893  0.473911  2  2.13848  2  2  2.00131  2  4.51582e-27  0.387909  0.612221  
2.0526e-28  0.810483  0.189779  2  2.13848  2  2  2.00131  2  0.788534  0  0.250841  
6.07647e-27  0.560679  0.439515  2  2.13848  2  2  2.00131  2  2.28086e-27  0.214737  0.786266  
1.23925e-23  0.302469  0.697544  2  2.13848  2  2  2.00131  2  2.32468e-26  0.957786  0.0422262  
1.28781e-23  0.314322  0.68569  2  2.13848  2  2  2.00131  2  8.24262e-29  0.0163691  0.985539  
2.54165e-27  0.603586  0.396841  2  2.13848  2  2  2.00131  2  2.56539e-26  0.910787  0.0894268  
1.85697e-26  0.765085  0.234945  2  2.13848  2  2  2.00131  2  1.63268e-27  0.345272  0.655081  
1.96003e-26  0.85645  0.143619  2  2.13848  2  2  2.00131  2  9.77524e-28  0.0980302  0.902974  
1.37548e-27  0.137939  0.862413  2  2.13848  2  2  2.00131  2  0.583264  0.463426  6.59657e-06  
1.91724e-27  0.431545  0.571464  2  2.13848  2  2  2.00131  2  7.59241e-27  0.187415  0.814095  
1.12768e-23  0.275238  0.7248  2  2.13848  2  2  2.00131  2  2.77455e-27  0.24914  0.752978  
1.65236e-24  0.0403297  0.959672  2  2.13848  2  2  2.00131  2  2.29426e-26  0.786173  0.214028  
7.1995e-27  0.553894  0.44682  2  2.13848  2  2  2.00131  2  7.91999e-27  0.690641  0.309519  
2.01368e-26  0.829651  0.170465  2  2.13848  2  2  2.00131  2  2.44305e-28  0.648583  0.351887  
8.48675e-27  0.702375  0.297873  2  2.13848  2  2  2.00131  2  4.66712e-28  0.591259  0.409674  
4.72265e-28  0.115605  0.884862  2  2.13848  2  2  2.00131  2  2.33585e-26  0.962385  0.0376379  
9.96851e-24  0.243305  0.75674  2  2.13848  2  2  2.00131  2  6.17038e-28  0.793311  0.207631  
1.78187e-27  0.401074  0.604651  2  2.13848  2  2  2.00131  2  1.37548e-27  0.137939  0.862413  
2.47382e-28  0.656751  0.343505  2  2.13848  2  2  2.00131  2  4.45495e-27  0.617042  0.383234  
9.25269e-24  0.225834  0.774316  2  2.13848  2  2  2.00131  2  2.12465e-26  0.875372  0.124762  
1.31614e-26  0.543931  0.456961  2  2.13848  2  2  2.00131  2  1.86157e-28  0.49421  0.507437  
1.95246e-28  0.51834  0.482387  2  2.13848  2  2  2.00131  2  2.29245e-26  0.944506  0.0555177  
2.8495e-27  0.538183  0.462015  2  2.13848  2  2  2.00131  2  1.83023e-27  0.449593  0.552214  
4.00069e-27  0.331102  0.671057  2  2.13848  2  2  2.00131  2  8.19838e-14  2.6917e-14  1  
1.27369e-27  0.127731  0.872864  2  2.13848  2  2  2.00131  2  6.38971e-28  0.822074  0.178176  
1.87978e-26  0.774482  0.225548  2  2.13848  2  2  2.00131  2  2.25979e-26  0.779959  0.220164  
8.92327e-24  0.217794  0.782392  2  2.13848  2  2  2.00131  2  0.937032  0.109063  0  
2.29426e-26  0.786173  0.214028  2  2.13848  2  2  2.00131  2  5.07826e-28  0.0438826  0.957127  
4.07921e-26  0.148486  0.852122  2  2.13848  2  2  2.00131  2  1.37235e-28  0.284068  0.719244  
1.63268e-27  0.345272  0.655081  2  2.13848  2  2  2.00131  2  2.54165e-27  0.603586  0.396841  
9.39759e-27  0.81949  0.180913  2  2.13848  2  2  2.00131  2  1.74007e-27  0.166908  0.83398  
1.93558e-26  0.797472  0.202645  2  2.13848  2  2  2.00131  2  1.57551e-28  0.32612  0.67731  
1.51172e-27  0.360752  0.639738  2  2.13848  2  2  2.00131  2  3.62117e-27  0.815077  0.185091  
5.84184e-26  0.015952  0.98405  2  2.13848  2  2  2.00131  2  0.492633  0  0.53068  
2.91511e-27  0.578914  0.422198  2  2.13848  2  2  2.00131  2  7.69193e-27  0.727167  0.272958  
5.47113e-29  0.0659808  0.934718  2  2.13848  2  2  2.00131  2  6.73789e-29  0.178878  0.82158  
9.5917e-24  0.234108  0.766036  2  2.13848  2  2  2.00131  2  2.18324e-26  0.899511  0.100526  
1.74007e-27  0.166908  0.83398  2  2.13848  2  2  2.00131  2  0.218895  0.350161  0.512588  
7.48619e-25  0.200973  0.799807  2  2.13848  2  2  2.00131  2  6.5566e-28  0.713808  0.286845  
2.11135e-26  0.869893  0.130473  2  2.13848  2  2  2.00131  2  8.94491e-27  0.153501  0.848069  
1.66003e-24  0.61081  0.389213  2  2.13848  2  2  2.00131  2  0.632722  0.151669  0.266108  
1.18068e-26  0.262493  0.738257  2  2.13848  2  2  2.00131  2  2.35898e-26  0.808351  0.191869  
4.31531e-26  0.15708  0.843363  2  2.13848  2  2  2.00131  2  4.71198e-28  0.568256  0.431904  
3.54658e-28  0.0802968  0.921576  2  2.13848  2  2  2.00131  2  2.30173e-28  0.611066  0.389338  
2.3697e-26  0.976336  0.0236693  2  2.13848  2  2  2.00131  2  9.27351e-27  0.15914  0.84243  
2.50769e-27  0.595521  0.404971  2  2.13848  2  2  2.00131  2  2.14608e-26  0.884199  0.115808  
4.129e-27  0.414073  0.58672  2  2.13848  2  2  2.00131  2  1.51172e-27  0.360752  0.639738  
2.14126e-26  0.882213  0.117865  2  2.13848  2  2  2.00131  2  1.86378e-27  0.419512  0.580609  
1.80985e-27  0.376416  0.624239  2  2.13848  2  2  2.00131  2  3.38009e-28  0.0760811  0.924264  
2.39395e-27  0.756437  0.24424  2  2.13848  2  2  2.00131  2  1.80985e-27  0.376416  0.624239  
1.72703e-24  0.635462  0.365191  2  2.13848  2  2  2.00131  2  4.59297e-29  1.05817  0.00520565  
7.91999e-27  0.690641  0.309519  2  2.13848  2  2  2.00131  2  6.07647e-27  0.560679  0.439515  
1.83023e-27  0.449593  0.552214  2  2.13848  2  2  2.00131  2  2.97798e-27  0.634266  0.366047  
5.38172e-27  0.465049  0.535288  2  2.13848  2  2  2.00131  2  2.64071e-27  0.627111  0.373292  
4.51582e-27  0.387909  0.612221  2  2.13848  2  2  2.00131  2  5.38172e-27  0.465049  0.535288  
8.18757e-27  0.508351  0.491779  2  2.13848  2  2  2.00131  2  5.33789e-27  0.271253  0.728928  
2.51888e-28  0.668715  0.331693  2  2.13848  2  2  2.00131  2  1.31204e-27  0.295322  0.704976  
1.42812e-27  0.321451  0.679341  2  2.13848  2  2  2.00131  2  1.95246e-28  0.51834  0.482387  
8.21087e-27  0.679543  0.320518  2  2.13848  2  2  2.00131  2  2.06736e-26  0.851672  0.148368  
2.41028e-26  0.993053  0.00695985  2  2.13848  2  2  2.00131  2  7.11583e-27  0.758448  0.24186  
0.165398  0  0.88262  2  2.13848  2  2  2.00131  2  2.74846e-26  0.678446  0.322227  
2.17467e-26  0.895982  0.104087  2  2.13848  2  2  2.00131  2  0.377314  0.676947  0.00185431  
3.74822e-27  0.744363  0.25653  2  2.13848  2  2  2.00131  2  2.30639e-26  0.931093  0.0689194  
1.03344e-23  0.252237  0.747806  2  2.13848  2  2  2.00131  2  1.21069e-28  1.10719  0.00342052  
2.32468e-26  0.957786  0.0422263  2  2.13848  2  2  2.00131  2  2.01368e-26  0.829651  0.170465  
2.95208e-29  0.0542595  0.94618  2  2.13848  2  2  2.00131  2  1.36098e-27  0.306339  0.693976  
2.23036e-26  0.918923  0.081313  2  2.13848  2  2  2.00131  2  2.91511e-27  0.578914  0.422198  
2.04766e-26  0.84365  0.156556  2  2.13848  2  2  2.00131  2  1.96827e-28  0.522536  0.477735  
0.632722  0.151669  0.266108  2  2.13848  2  2  2.00131  2  2.02979e-27  0.194698  0.806075  
2.04364e-27  0.209752  0.793573  2  2.13848  2  2  2.00131  2  2.89048e-27  0.257267  0.743932  
6.73789e-29  0.178878  0.82158  2  2.13848  2  2  2.00131  2  1.41887e-27  0.319368  0.680795  
2.68214e-26  0.0976318  0.902899  2  2.13848  2  2  2.00131  2  5.6163e-27  0.485319  0.515427  
7.69193e-27  0.727167  0.272958  2  2.13848  2  2  2.00131  2  2.34085e-28  0.526893  0.473911  
1.68102e-24  0.61853  0.381493  2  2.13848  2  2  2.00131  2  4.129e-27  0.414073  0.58672  
0.388605  0.697205  0  2  2.13848  2  2  2.00131  2  2.54097e-27  0.659219  0.341556  
2.46014e-27  0.584228  0.415941  2  2.13848  2  2  2.00131  2  3.55325e-27  0.841246  0.15902  
0.213743  0.826741  0.000192419  2  2.13848  2  2  2.00131  2  2.70835e-27  0.241057  0.760198  
2.02979e-27  0.194698  0.806075  2  2.13848  2  2  2.00131  2  2.41028e-26  0.993053  0.00695985  
1.51621e-27  0.50148  0.499495  2  2.13848  2  2  2.00131  2  2.37195e-26  0.97726  0.0227632  
6.5566e-28  0.713808  0.286845  2  2.13848  2  2  2.00131  2  7.86341e-27  0.685706  0.314452  
3.95793e-14  0.494172  0.506547  2  2.13848  2  2  2.00131  2  2.95208e-29  0.0542595  0.94618  
1.31204e-27  0.295322  0.704976  2  2.13848  2  2  2.00131  2  0.213743  0.826741  0.000192419  
1.56432e-26  0.644512  0.356266  2  2.13848  2  2  2.00131  2  2.0911e-26  0.861452  0.138631  
3.28069e-14  0.18674  0.814424  2  2.13848  2  2  2.00131  2  7.1995e-27  0.553894  0.44682  
0.788534  0  0.250841  2  2.13848  2  2  2.00131  2  0.165398  0  0.88262  
0.218895  0.350161  0.512588  2  2.13848  2  2  2.00131  2  3.66329e-27  1.13848  0  
2.64071e-27  0.627111  0.373292  2  2.13848  2  2  2.00131  2  3.95551e-28  0.511355  0.48904  
0.583264  0.463426  6.59657e-06  2  2.13848  2  2  2.00131  2  4.72265e-28  0.115605  0.884862  
2.20018e-26  0.906492  0.0935862  2  2.13848  2  2  2.00131  2  2.47472e-28  0.0248175  0.976194  
2.28101e-26  0.939791  0.0602193  2  2.13848  2  2  2.00131  2  2.51888e-28  0.668715  0.331693  
0.492633  0  0.53068  2  2.13848  2  2  2.00131  2  6.3511e-27  0.538827  0.4614  
2.89004e-25  1.00131  0  2  2.13848  2  2  2.00131  2  2.21807e-26  0.765562  0.234563  
8.02989e-14  2.86018e-14  1  2  2.13848  2  2  2.00131  2  1.27369e-27  0.127731  0.872864  
0.186217  0.910596  0.0233167  2  2.13848  2  2  2.00131  2  6.46098e-28  0.703398  0.297254  
1  0  0  2  2.13848  2  2  2.00131  2  6.21767e-28  0.799941  0.200331  
0.912638  0.106227  0  2  2.13848  2  2  2.00131  2  0.424405  0.760628  0  
1.54771e-24  0.569482  0.430881  2  2.13848  2  2  2.00131  2  2.46014e-27  0.584228  0.415941  
8.51316e-33  0.285173  0.714827  2  2.59842  2  2  2.59842  2  1.44836e-32  0.511206  0.488794  
8.10689e-32  0.489191  0.510809  2  2.59842  2  2  2.59842  2  2.79126e-33  0.642871  0.357129  
1.26181e-31  0.475221  0.524779  2  2.59842  2  2  2.59842  2  1  0  0  
2.88768e-33  0.527929  0.472071  2  2.59842  2  2  2.59842  2  5.26116e-32  0.387472  0.612528  
1.195e-32  0.803647  0.196353  2  2.59842  2  2  2.59842  2  0.774756  0  0.246458  
2.63771e-30  0.561194  0.438806  2  2.59842  2  2  2.59842  2  2.782e-33  0.216771  0.783229  
8.26088e-32  0.304298  0.695702  2  2.59842  2  2  2.59842  2  9.75035e-35  0.0932688  0.906731  
1.43319e-33  0.313573  0.686427  2  2.59842  2  2  2.59842  2  4.18495e-33  0.0154157  0.984584  
1.47327e-26  0.602196  0.397804  2  2.59842  2  2  2.59842  2  2.95756e-33  0.914222  0.0857779  
3.84489e-31  0.760342  0.239658  2  2.59842  2  2  2.59842  2  3.21601e-33  0.985777  0.0142229  
8.85336e-33  0.856476  0.143524  2  2.59842  2  2  2.59842  2  1.46788e-33  0.10906  0.89094  
1.68228e-31  0.141537  0.858463  2  2.59842  2  2  2.59842  2  0.57287  0.455326  2.53487e-06  
3.20247e-31  0.651218  0.348782  2  2.59842  2  2  2.59842  2  2.239e-32  0.187761  0.812239  
2.80855e-32  0.275418  0.724582  2  2.59842  2  2  2.59842  2  3.9077e-32  0.246599  0.753401  
2.34764e-30  0.0320213  0.967979  2  2.59842  2  2  2.59842  2  3.2766e-31  0.786022  0.213978  
9.33138e-28  0.552905  0.447095  2  2.59842  2  2  2.59842  2  3.15074e-32  0.6912  0.3088  
1.8763e-31  0.828173  0.171827  2  2.59842  2  2  2.59842  2  1.49075e-31  0.651013  0.348987  
2.25745e-32  0.70379  0.29621  2  2.59842  2  2  2.59842  2  8.49488e-33  0.593307  0.406693  
6.30717e-32  0.111031  0.888969  2  2.59842  2  2  2.59842  2  6.43669e-33  0.957325  0.0426753  
6.41521e-32  0.245623  0.754377  2  2.59842  2  2  2.59842  2  1.02036e-32  0.744747  0.255253  
4.43141e-31  0.403037  0.596963  2  2.59842  2  2  2.59842  2  1.30219e-31  0.1412  0.8588  
1.33e-30  0.659172  0.340828  2  2.59842  2  2  2.59842  2  1.35166e-33  0.617939  0.382061  
2.78044e-31  0.22577  0.77423  2  2.59842  2  2  2.59842  2  2.98379e-32  0.871598  0.128402  
7.16581e-29  0.54459  0.45541  2  2.59842  2  2  2.59842  2  1.08685e-32  0.502862  0.497138  
5.80236e-28  0.5196  0.4804  2  2.59842  2  2  2.59842  2  1.12191e-31  0.943001  0.0569994  
2.8539e-29  0.536264  0.463736  2  2.59842  2  2  2.59842  2  7.53242e-33  0.446776  0.553224  
5.84613e-32  0.33174  0.66826  2  2.59842  2  2  2.59842  2  7.58824e-14  2.49138e-14  1  
5.28573e-32  0.126413  0.873587  2  2.59842  2  2  2.59842  2  5.37044e-33  0.544552  0.455448  
3.6963e-32  0.771623  0.228377  2  2.59842  2  2  2.59842  2  1.44379e-32  0.776077  0.223923  
1.57688e-30  0.216  0.784  2  2.59842  2  2  2.59842  2  0.91753  0.107173  0  
1.45519e-32  0.782203  0.217797  2  2.59842  2  2  2.59842  2  7.09696e-34  0.0463619  0.953638  
2.95256e-32  0.150535  0.849465  2  2.59842  2  2  2.59842  2  5.35986e-32  0.28579  0.71421  
6.83658e-31  0.340363  0.659637  2  2.59842  2  2  2.59842  2  4.25908e-32  0.601414  0.398586  
3.30401e-33  0.813682  0.186318  2  2.59842  2  2  2.59842  2  1.72711e-32  0.168893  0.831107  
1.47543e-32  0.793086  0.206914  2  2.59842  2  2  2.59842  2  3.68947e-33  0.33174  0.66826  
3.36215e-31  0.356243  0.643757  2  2.59842  2  2  2.59842  2  2.17882e-32  0.817734  0.182266  
1.74708e-32  0.0160076  0.983992  2  2.59842  2  2  2.59842  2  0.490843  0  0.528752  
3.2818e-31  0.577726  0.422274  2  2.59842  2  2  2.59842  2  3.00932e-31  0.72359  0.27641  
6.29936e-30  0.0642764  0.935724  2  2.59842  2  2  2.59842  2  1.3613e-33  0.178303  0.821697  
4.7051e-32  0.235745  0.764255  2  2.59842  2  2  2.59842  2  4.88939e-32  0.899912  0.100088  
6.11383e-32  0.168775  0.831225  2  2.59842  2  2  2.59842  2  0.214656  0.343503  0.502772  
2.3335e-31  0.432439  0.567561  2  2.59842  2  2  2.59842  2  5.12014e-32  0.712734  0.287266  
2.31904e-32  0.870362  0.129638  2  2.59842  2  2  2.59842  2  9.99395e-34  0.150227  0.849773  
2.38038e-27  0.610288  0.389712  2  2.59842  2  2  2.59842  2  0.614488  0.147171  0.258396  
4.32701e-30  0.265616  0.734384  2  2.59842  2  2  2.59842  2  0.776766  0.0434397  0.204049  
6.28833e-30  0.159491  0.840509  2  2.59842  2  2  2.59842  2  2.16154e-32  0.569102  0.430898  
1.83819e-32  0.0798547  0.920145  2  2.59842  2  2  2.59842  2  2.14489e-32  0.609687  0.390313  
1.8758e-26  0.97119  0.0288096  2  2.59842  2  2  2.59842  2  5.77751e-32  0.159491  0.840509  
9.00978e-27  0.59406  0.40594  2  2.59842  2  2  2.59842  2  1.83498e-32  0.88563  0.11437  
4.42535e-32  0.41776  0.58224  2  2.59842  2  2  2.59842  2  8.84079e-32  0.356243  0.643757  
2.78545e-27  0.88436  0.11564  2  2.59842  2  2  2.59842  2  1.14672e-33  0.41776  0.58224  
9.29847e-32  0.372193  0.627807  2  2.59842  2  2  2.59842  2  2.90597e-33  0.0775478  0.922452  
3.58857e-32  0.749134  0.250866  2  2.59842  2  2  2.59842  2  4.56874e-32  0.372193  0.627807  
3.65734e-30  0.634913  0.365087  2  2.59842  2  2  2.59842  2  3.72429e-32  1  1.04204e-10  
1.18168e-31  0.692519  0.307481  2  2.59842  2  2  2.59842  2  8.90451e-32  0.560998  0.439002  
1.20073e-32  0.446776  0.553224  2  2.59842  2  2  2.59842  2  1.06373e-32  0.634489  0.365511  
2.39823e-32  0.461149  0.538851  2  2.59842  2  2  2.59842  2  1.63606e-31  0.626192  0.373808  
5.26116e-32  0.387472  0.612528  2  2.59842  2  2  2.59842  2  1.794e-32  0.461149  0.538851  
4.4278e-28  0.511206  0.488794  2  2.59842  2  2  2.59842  2  2.61753e-32  0.266455  0.733545  
4.67389e-32  0.670324  0.329676  2  2.59842  2  2  2.59842  2  1.34929e-33  0.295217  0.704783  
5.35512e-32  0.322894  0.677106  2  2.59842  2  2  2.59842  2  2.76424e-30  0.5196  0.4804  
2.53264e-30  0.681372  0.318628  2  2.59842  2  2  2.59842  2  3.60258e-32  0.340363  0.659637  
1.54871e-31  0.98592  0.0140801  2  2.59842  2  2  2.59842  2  7.27501e-33  0.7555  0.2445  
0.161904  8.10453e-05  0.864408  2  2.59842  2  2  2.59842  2  1.59898e-31  0.680487  0.319513  
4.22245e-30  0.898358  0.101642  2  2.59842  2  2  2.59842  2  6.948e-33  0.805597  0.194403  
1.00499e-30  0.737802  0.262198  2  2.59842  2  2  2.59842  2  2.36437e-31  0.734179  0.265821  
4.7374e-30  0.255631  0.744369  2  2.59842  2  2  2.59842  2  1.07017e-32  0.207029  0.792971  
1.56009e-31  0.956494  0.0435056  2  2.59842  2  2  2.59842  2  1.43215e-32  0.829267  0.170733  
9.33371e-32  0.0480809  0.951919  2  2.59842  2  2  2.59842  2  3.55759e-34  0.304583  0.695417  
7.07151e-31  0.927286  0.0727143  2  2.59842  2  2  2.59842  2  8.3145e-33  0.577144  0.422856  
4.35076e-32  0.842452  0.157548  2  2.59842  2  2  2.59842  2  3.91143e-32  0.403037  0.596963  
0.614488  0.147171  0.258396  2  2.59842  2  2  2.59842  2  1.70568e-32  0.197214  0.802786  
2.01128e-32  0.206303  0.793697  2  2.59842  2  2  2.59842  2  6.96116e-33  0.256572  0.743428  
3.4664e-29  0.177939  0.822061  2  2.59842  2  2  2.59842  2  1.01549e-33  0.313901  0.686099  
1.56767e-33  0.0952777  0.904722  2  2.59842  2  2  2.59842  2  1.16747e-32  0.475221  0.524779  
3.67335e-31  0.72642  0.27358  2  2.59842  2  2  2.59842  2  2.88768e-33  0.527929  0.472071  
9.06384e-28  0.61853  0.38147  2  2.59842  2  2  2.59842  2  2.31719e-31  0.432439  0.567561  
0.368328  0.660826  4.13318e-06  2  2.59842  2  2  2.59842  2  1.21398e-32  0.659172  0.340828  
4.27126e-27  0.585922  0.414078  2  2.59842  2  2  2.59842  2  1.45871e-32  0.843545  0.156455  
0.210834  0.815488  0.0001898  2  2.59842  2  2  2.59842  2  1.43573e-33  0.236568  0.763432  
1.70256e-32  0.196853  0.803147  2  2.59842  2  2  2.59842  2  8.83205e-33  0.928673  0.0713272  
8.99558e-32  0.502862  0.497138  2  2.59842  2  2  2.59842  2  2.13259e-32  0.971498  0.0285022  
2.97406e-31  0.715068  0.284932  2  2.59842  2  2  2.59842  2  2.85942e-32  0.322894  0.677106  
0.776766  0.0434397  0.204049  2  2.59842  2  2  2.59842  2  5.4365e-33  0.0619818  0.938018  
8.80284e-33  0.294876  0.705124  2  2.59842  2  2  2.59842  2  0.210834  0.815488  0.0001898  
1.67954e-31  0.643058  0.356942  2  2.59842  2  2  2.59842  2  2.28527e-32  0.857686  0.142314  
3.28383e-31  0.187335  0.812665  2  2.59842  2  2  2.59842  2  4.70731e-33  0.55281  0.44719  
0.774756  0  0.246458  2  2.59842  2  2  2.59842  2  0.161904  8.10453e-05  0.864408  
0.214656  0.343503  0.502772  2  2.59842  2  2  2.59842  2  2.8151e-32  0.489191  0.510809  
6.0917e-30  0.626725  0.373275  2  2.59842  2  2  2.59842  2  2.17056e-32  0.226705  0.773295  
0.57287  0.455326  2.53487e-06  2  2.59842  2  2  2.59842  2  7.82842e-33  0.276232  0.723768  
2.45911e-30  0.912843  0.0871573  2  2.59842  2  2  2.59842  2  1.18712e-33  0.0308151  0.969185  
7.85243e-32  0.941758  0.0582421  2  2.59842  2  2  2.59842  2  2.61625e-32  0.669771  0.330229  
0.490843  0  0.528752  2  2.59842  2  2  2.59842  2  2.93327e-33  0.536264  0.463736  
3.19791e-27  1  1.04204e-10  2  2.59842  2  2  2.59842  2  2.8019e-32  0.76583  0.23417  
7.35421e-14  2.41454e-14  1  2  2.59842  2  2  2.59842  2  1.56497e-31  0.1251  0.8749  
0.186217  0.910596  0.0233167  2  2.59842  2  2  2.59842  2  8.80321e-33  0.701886  0.298114  
1  0  0  2  2.59842  2  2  2.59842  2  2.46124e-33  0.795949  0.204051  
0.912638  0.106227  0  2  2.59842  2  2  2.59842  2  0.368328  0.660826  4.13318e-06  
1.81473e-33  0.569515  0.430485  2  2.59842  2  2  2.59842  2  4.98318e-32  0.585224  0.414776  
2.66403e-36  0.284735  0.715265  2  2  2  2  2  2  0.205812  0.40374  0.453872  
1.16859e-38  0.4863  0.5137  2  2  2  2  2  2  3.71869e-39  0.643057  0.356943  
9.09047e-39  0.473148  0.526852  2  2  2  2  2  2  1  0  0  
4.87753e-38  0.524097  0.475903  2  2  2  2  2  2  1.26057e-40  0.388614  0.611386  
5.19009e-39  0.80161  0.19839  2  2  2  2  2  2  0.769773  0  0.244873  
3.73879e-39  0.563727  0.436273  2  2  2  2  2  2  1.90733e-38  0.217015  0.782985  
1.79909e-40  0.304149  0.695851  2  2  2  2  2  2  2.08968e-39  0.0939646  0.906035  
9.13502e-37  0.313866  0.686134  2  2  2  2  2  2  1.09305e-39  0.0154157  0.984584  
2.6554e-37  0.602443  0.397557  2  2  2  2  2  2  3.92671e-40  0.914531  0.0854692  
5.61403e-38  0.759662  0.240338  2  2  2  2  2  2  8.03291e-39  0.985777  0.0142229  
7.20002e-39  0.855833  0.144167  2  2  2  2  2  2  4.2628e-39  0.110131  0.889869  
3.15641e-38  0.142737  0.857263  2  2  2  2  2  2  0.569927  0.452987  2.52184e-06  
8.05623e-39  0.651549  0.348451  2  2  2  2  2  2  2.0837e-39  0.188018  0.811982  
4.61184e-37  0.275009  0.724991  2  2  2  2  2  2  1.28321e-41  0.246496  0.753504  
2.96237e-37  0.0319318  0.968068  2  2  2  2  2  2  2.34586e-38  0.786505  0.213495  
6.85834e-39  0.556398  0.443602  2  2  2  2  2  2  4.54281e-41  0.692086  0.307914  
6.10966e-38  0.826728  0.173272  2  2  2  2  2  2  8.01015e-39  0.651383  0.348617  
3.05306e-38  0.704508  0.295492  2  2  2  2  2  2  6.09646e-39  0.593847  0.406153  
2.48046e-41  0.110988  0.889012  2  2  2  2  2  2  6.03125e-38  0.957252  0.0427477  
6.41521e-32  0.245623  0.754377  2  2  2  2  2  2  3.23591e-39  0.744565  0.255435  
1.57482e-38  0.402608  0.597392  2  2  2  2  2  2  3.16911e-39  0.142502  0.857498  
2.44424e-37  0.661796  0.338204  2  2  2  2  2  2  2.00512e-40  0.618147  0.381853  
7.32763e-39  0.22607  0.77393  2  2  2  2  2  2  1.39745e-38  0.873201  0.126799  
3.2748e-38  0.549184  0.450816  2  2  2  2  2  2  3.25011e-38  0.499205  0.500795  
7.18543e-39  0.511693  0.488307  2  2  2  2  2  2  1.90028e-37  0.943001  0.0569994  
1.12124e-38  0.536619  0.463381  2  2  2  2  2  2  4.46808e-39  0.445691  0.554309  
5.46187e-37  0.333461  0.666539  2  2  2  2  2  2  7.54645e-14  2.47766e-14  1  
9.21365e-39  0.126884  0.873116  2  2  2  2  2  2  2.67225e-39  0.549141  0.450859  
2.07147e-37  0.770426  0.229574  2  2  2  2  2  2  3.17334e-38  0.77601  0.22399  
1.95377e-37  0.216332  0.783668  2  2  2  2  2  2  0.911568  0.106477  0  
2.93491e-37  0.78107  0.21893  2  2  2  2  2  2  1.04489e-39  0.0465471  0.953453  
6.73348e-39  0.151488  0.848512  2  2  2  2  2  2  8.36721e-41  0.285524  0.714476  
4.74573e-39  0.347263  0.652737  2  2  2  2  2  2  5.10506e-39  0.601773  0.398227  
1.92493e-39  0.811892  0.188108  2  2  2  2  2  2  5.56304e-40  0.169429  0.830571  
7.15821e-39  0.791511  0.208489  2  2  2  2  2  2  2.06397e-39  0.33361  0.66639  
1.96462e-38  0.360972  0.639028  2  2  2  2  2  2  1.7344e-38  0.820593  0.179407  
6.61123e-40  0.0159445  0.984056  2  2  2  2  2  2  0.490843  0  0.528752  
9.36791e-39  0.578857  0.421143  2  2  2  2  2  2  7.04986e-40  0.723387  0.276613  
1.47815e-39  0.0636312  0.936369  2  2  2  2  2  2  5.96839e-40  0.178563  0.821437  
2.12959e-37  0.2358  0.7642  2  2  2  2  2  2  9.10791e-39  0.900578  0.0994219  
5.56304e-40  0.169429  0.830571  2  2  2  2  2  2  0.212614  0.340234  0.497988  
2.51372e-38  0.431398  0.568602  2  2  2  2  2  2  3.01086e-39  0.712801  0.287199  
1.55217e-34  0.870217  0.129783  2  2  2  2  2  2  4.03764e-39  0.151307  0.848693  
7.52539e-39  0.610514  0.389486  2  2  2  2  2  2  0.612649  0.146731  0.257622  
1.01673e-38  0.265269  0.734731  2  2  2  2  2  2  0.775151  0.0433494  0.203625  
3.54212e-38  0.160179  0.839821  2  2  2  2  2  2  3.78524e-39  0.570731  0.429269  
5.56571e-35  0.0794267  0.920573  2  2  2  2  2  2  4.17656e-39  0.609861  0.390139  
1.8758e-26  0.97119  0.0288096  2  2  2  2  2  2  2.53517e-39  0.160179  0.839821  
2.15049e-37  0.594467  0.405533  2  2  2  2  2  2  1.94825e-39  0.886748  0.113252  
7.46497e-37  0.417023  0.582977  2  2  2  2  2  2  1.1476e-39  0.360972  0.639028  
2.78545e-27  0.88436  0.11564  2  2  2  2  2  2  5.80846e-39  0.417023  0.582977  
6.67289e-38  0.374806  0.625194  2  2  2  2  2  2  7.43882e-41  0.0780903  0.92191  
8.92613e-37  0.748697  0.251303  2  2  2  2  2  2  2.03449e-39  0.374806  0.625194  
1.86893e-36  0.635022  0.364978  2  2  2  2  2  2  1.66454e-38  1  1.04204e-10  
7.5898e-39  0.693739  0.306261  2  2  2  2  2  2  1.44538e-39  0.563339  0.436661  
9.25428e-37  0.445691  0.554309  2  2  2  2  2  2  4.76554e-39  0.634798  0.365202  
3.24903e-38  0.459336  0.540664  2  2  2  2  2  2  3.5726e-39  0.626441  0.373559  
4.80277e-35  0.388614  0.611386  2  2  2  2  2  2  3.24903e-38  0.459336  0.540664  
0.205812  0.40374  0.453872  2  2  2  2  2  2  9.83915e-39  0.266047  0.733953  
1.40311e-38  0.672511  0.327489  2  2  2  2  2  2  1.96812e-38  0.295185  0.704815  
2.87766e-35  0.323693  0.676307  2  2  2  2  2  2  5.80429e-39  0.511693  0.488307  
6.83389e-38  0.683075  0.316925  2  2  2  2  2  2  1.17443e-39  0.347263  0.652737  
1.54871e-31  0.98592  0.0140801  2  2  2  2  2  2  9.59026e-39  0.755004  0.244996  
0.161554  8.08703e-05  0.862542  2  2  2  2  2  2  5.75457e-39  0.681691  0.318309  
2.43494e-38  0.898522  0.101478  2  2  2  2  2  2  9.51992e-40  0.80775  0.19225  
2.61411e-39  0.737638  0.262362  2  2  2  2  2  2  1.67964e-38  0.734053  0.265947  
9.92322e-39  0.255426  0.744574  2  2  2  2  2  2  1.75492e-39  0.207215  0.792785  
1.56009e-31  0.956494  0.0435056  2  2  2  2  2  2  2.27911e-38  0.833631  0.166369  
3.73555e-36  0.047806  0.952194  2  2  2  2  2  2  4.34681e-40  0.304781  0.695219  
1.26583e-34  0.927389  0.0726109  2  2  2  2  2  2  1.48364e-39  0.578248  0.421752  
5.58018e-39  0.841367  0.158633  2  2  2  2  2  2  1.51837e-39  0.402608  0.597392  
0.612649  0.146731  0.257622  2  2  2  2  2  2  4.74351e-39  0.197557  0.802443  
1.75065e-39  0.206711  0.793289  2  2  2  2  2  2  6.37443e-39  0.25627  0.74373  
8.33004e-40  0.178563  0.821437  2  2  2  2  2  2  3.79152e-41  0.314349  0.685651  
6.04508e-40  0.0952114  0.904789  2  2  2  2  2  2  9.09047e-39  0.473148  0.526852  
4.76939e-41  0.726604  0.273396  2  2  2  2  2  2  1.95097e-40  0.524097  0.475903  
9.52576e-37  0.618653  0.381347  2  2  2  2  2  2  7.36289e-41  0.431398  0.568602  
0.365823  0.656331  2.87227e-06  2  2  2  2  2  2  3.10194e-39  0.661526  0.338474  
4.85806e-39  0.586677  0.413323  2  2  2  2  2  2  1.66969e-39  0.846643  0.153357  
0.210821  0.81544  0.000188122  2  2  2  2  2  2  3.73529e-39  0.236641  0.763359  
1.67063e-39  0.197263  0.802737  2  2  2  2  2  2  3.29186e-39  0.928738  0.0712623  
5.36634e-38  0.499205  0.500795  2  2  2  2  2  2  9.82515e-39  0.971498  0.0285022  
1.02986e-38  0.715546  0.284454  2  2  2  2  2  2  8.22231e-39  0.32396  0.67604  
0.775151  0.0433494  0.203625  2  2  2  2  2  2  1.03263e-39  0.0622862  0.937714  
3.6378e-35  0.294444  0.705556  2  2  2  2  2  2  0.210821  0.81544  0.000188122  
6.86419e-37  0.643287  0.356713  2  2  2  2  2  2  2.03824e-39  0.859685  0.140315  
5.47991e-39  0.187935  0.812065  2  2  2  2  2  2  1.24175e-38  0.556225  0.443775  
0.769773  0  0.244873  2  2  2  2  2  2  0.161554  8.08703e-05  0.862542  
0.212614  0.340234  0.497988  2  2  2  2  2  2  1.16859e-38  0.4863  0.5137  
1.69995e-37  0.626841  0.373159  2  2  2  2  2  2  1.99363e-38  0.226835  0.773165  
0.569927  0.452987  2.52184e-06  2  2  2  2  2  2  2.97079e-39  0.275863  0.724137  
1.53541e-38  0.91296  0.0870401  2  2  2  2  2  2  7.38257e-42  0.0308826  0.969117  
2.68325e-32  0.941892  0.0581081  2  2  2  2  2  2  9.16648e-41  0.671602  0.328398  
0.490843  0  0.528752  2  2  2  2  2  2  1.12124e-38  0.536619  0.463381  
3.19791e-27  1  1.04204e-10  2  2  2  2  2  2  2.18794e-38  0.765458  0.234542  
7.20376e-14  2.36515e-14  1  2  2  2  2  2  2  9.16939e-39  0.126275  0.873725  
0.186217  0.910596  0.0233167  2  2  2  2  2  2  1.01095e-38  0.702406  0.297594  
1  0  0  2  2  2  2  2  2  1.25276e-38  0.797046  0.202954  
0.911568  0.106477  0  2  2  2  2  2  2  0.365823  0.656331  2.87227e-06  
1.42865e-38  0.571195  0.428805  2  2  2  2  2  2  2.61569e-41  0.585941  0.414059  
2.66403e-36  0.284735  0.715265  2  6.9174  2  2  6.9174  2  0.202607  0.397453  0.446805  
1.07827e-51  0.48468  0.51532  2  6.9174  2  2  6.9174  2  2.57645e-51  0.642149  0.357851  
8.14383e-51  0.471  0.529  2  6.9174  2  2  6.9174  2  1  0  0  
1.72692e-51  0.527056  0.472944  2  6.9174  2  2  6.9174  2  3.09931e-51  0.388742  0.611258  
2.53686e-48  0.801082  0.198918  2  6.9174  2  2  6.9174  2  0.768863  0  0.244584  
4.77075e-48  0.564892  0.435108  2  6.9174  2  2  6.9174  2  2.27593e-50  0.217182  0.782818  
1.79909e-40  0.304149  0.695851  2  6.9174  2  2  6.9174  2  1.63702e-51  0.0953765  0.904624  
5.75854e-46  0.313721  0.686279  2  6.9174  2  2  6.9174  2  3.18056e-51  0.0155385  0.984462  
4.73854e-50  0.602806  0.397194  2  6.9174  2  2  6.9174  2  1.65115e-51  0.91503  0.08497  
2.7382e-50  0.758859  0.241141  2  6.9174  2  2  6.9174  2  2.45581e-50  0.985777  0.0142229  
2.64916e-50  0.855945  0.144055  2  6.9174  2  2  6.9174  2  7.47149e-51  0.111568  0.888432  
2.70009e-45  0.145073  0.854927  2  6.9174  2  2  6.9174  2  0.567992  0.451449  2.51328e-06  
1.37169e-47  0.652535  0.347465  2  6.9174  2  2  6.9174  2  6.60318e-54  0.189008  0.810992  
4.61184e-37  0.275009  0.724991  2  6.9174  2  2  6.9174  2  7.94169e-51  0.246424  0.753576  
1.33786e-41  0.0319106  0.968089  2  6.9174  2  2  6.9174  2  2.52927e-49  0.78576  0.21424  
5.35015e-50  0.557054  0.442946  2  6.9174  2  2  6.9174  2  4.6812e-51  0.692245  0.307755  
2.76252e-47  0.82805  0.17195  2  6.9174  2  2  6.9174  2  5.17107e-50  0.652136  0.347864  
8.83311e-47  0.704862  0.295138  2  6.9174  2  2  6.9174  2  1.088e-50  0.594941  0.405059  
1.12023e-48  0.112363  0.887637  2  6.9174  2  2  6.9174  2  2.21133e-52  0.957252  0.0427477  
6.41521e-32  0.245623  0.754377  2  6.9174  2  2  6.9174  2  9.15188e-51  0.744565  0.255435  
2.07834e-49  0.402861  0.597139  2  6.9174  2  2  6.9174  2  4.51076e-51  0.145046  0.854954  
6.58427e-48  0.662689  0.337311  2  6.9174  2  2  6.9174  2  8.34191e-51  0.61848  0.38152  
1.55692e-49  0.226281  0.773719  2  6.9174  2  2  6.9174  2  1.53467e-50  0.87361  0.12639  
0.370282  0.643123  0.0208656  2  6.9174  2  2  6.9174  2  1.33338e-49  0.498254  0.501746  
4.86066e-50  0.512225  0.487775  2  6.9174  2  2  6.9174  2  8.47172e-53  0.943073  0.0569268  
2.17002e-48  0.541929  0.458071  2  6.9174  2  2  6.9174  2  2.11579e-51  0.444285  0.555715  
3.48576e-50  0.332643  0.667357  2  6.9174  2  2  6.9174  2  7.54645e-14  2.47766e-14  1  
4.68519e-48  0.1287  0.8713  2  6.9174  2  2  6.9174  2  0.370282  0.643123  0.0208656  
6.21137e-50  0.769386  0.230614  2  6.9174  2  2  6.9174  2  2.54198e-51  0.77576  0.22424  
1.2616e-49  0.216761  0.783239  2  6.9174  2  2  6.9174  2  0.9091  0.106189  0  
1.2151e-48  0.780027  0.219973  2  6.9174  2  2  6.9174  2  3.28703e-51  0.0468516  0.953148  
2.02452e-50  0.153571  0.846429  2  6.9174  2  2  6.9174  2  3.64448e-51  0.285503  0.714497  
1.11728e-50  0.346682  0.653318  2  6.9174  2  2  6.9174  2  4.73842e-50  0.60279  0.39721  
4.73854e-48  0.814616  0.185384  2  6.9174  2  2  6.9174  2  3.25828e-52  0.170914  0.829086  
1.76986e-48  0.790436  0.209564  2  6.9174  2  2  6.9174  2  9.63123e-51  0.332835  0.667165  
1.1149e-49  0.360773  0.639227  2  6.9174  2  2  6.9174  2  3.55157e-51  0.819138  0.180862  
6.61123e-40  0.0159445  0.984056  2  6.9174  2  2  6.9174  2  0.488679  3.79048e-05  0.526462  
1.31155e-50  0.580132  0.419868  2  6.9174  2  2  6.9174  2  4.48858e-52  0.723568  0.276432  
1.44885e-48  0.0639084  0.936092  2  6.9174  2  2  6.9174  2  5.59396e-51  0.179876  0.820124  
1.44533e-51  0.235912  0.764088  2  6.9174  2  2  6.9174  2  6.44876e-51  0.901036  0.0989635  
1.01283e-48  0.170937  0.829063  2  6.9174  2  2  6.9174  2  0.211511  0.338469  0.495405  
7.05233e-50  0.430507  0.569493  2  6.9174  2  2  6.9174  2  5.20823e-51  0.713083  0.286917  
4.79098e-49  0.869969  0.130031  2  6.9174  2  2  6.9174  2  1.93636e-49  0.153426  0.846574  
8.62774e-51  0.610514  0.389486  2  6.9174  2  2  6.9174  2  0.608063  0.145632  0.255694  
5.27734e-45  0.265191  0.734809  2  6.9174  2  2  6.9174  2  0.77431  0.0433023  0.203404  
2.9239e-49  0.162295  0.837705  2  6.9174  2  2  6.9174  2  1.72857e-50  0.572256  0.427744  
2.21224e-50  0.079984  0.920016  2  6.9174  2  2  6.9174  2  2.33379e-51  0.610514  0.389486  
1.8758e-26  0.97119  0.0288096  2  6.9174  2  2  6.9174  2  6.51506e-52  0.162035  0.837965  
9.67323e-50  0.595236  0.404764  2  6.9174  2  2  6.9174  2  1.61337e-50  0.887136  0.112864  
1.30147e-42  0.41691  0.58309  2  6.9174  2  2  6.9174  2  4.42696e-51  0.360885  0.639115  
2.73703e-50  0.884338  0.115662  2  6.9174  2  2  6.9174  2  4.36895e-50  0.41691  0.58309  
4.59665e-51  0.374718  0.625282  2  6.9174  2  2  6.9174  2  5.21321e-51  0.0789372  0.921063  
5.83401e-49  0.748207  0.251793  2  6.9174  2  2  6.9174  2  1.00007e-50  0.374828  0.625172  
1.4231e-50  0.634394  0.365606  2  6.9174  2  2  6.9174  2  1.081e-50  1  1.04204e-10  
9.67464e-48  0.694067  0.305933  2  6.9174  2  2  6.9174  2  2.55109e-51  0.564486  0.435514  
4.34409e-50  0.444285  0.555715  2  6.9174  2  2  6.9174  2  1.4231e-50  0.634394  0.365606  
4.47486e-50  0.457659  0.542341  2  6.9174  2  2  6.9174  2  7.803e-50  0.626414  0.373586  
5.96957e-48  0.388742  0.611258  2  6.9174  2  2  6.9174  2  5.95907e-51  0.457659  0.542341  
0.202607  0.397453  0.446805  2  6.9174  2  2  6.9174  2  1.61704e-50  0.266034  0.733966  
9.08756e-51  0.672648  0.327352  2  6.9174  2  2  6.9174  2  5.16658e-51  0.29512  0.70488  
1.98033e-51  0.323236  0.676764  2  6.9174  2  2  6.9174  2  1.04179e-52  0.512225  0.487775  
1.72844e-40  0.683301  0.316699  2  6.9174  2  2  6.9174  2  5.22375e-51  0.346874  0.653126  
1.54871e-31  0.98592  0.0140801  2  6.9174  2  2  6.9174  2  5.10317e-50  0.755053  0.244947  
0.160952  8.05686e-05  0.859325  2  6.9174  2  2  6.9174  2  6.80361e-51  0.682112  0.317888  
2.43494e-38  0.898522  0.101478  2  6.9174  2  2  6.9174  2  2.50532e-49  0.805059  0.194941  
5.07038e-47  0.73747  0.26253  2  6.9174  2  2  6.9174  2  3.26495e-50  0.73401  0.26599  
9.92322e-39  0.255426  0.744574  2  6.9174  2  2  6.9174  2  2.13236e-51  0.207692  0.792308  
1.23753e-39  0.956512  0.0434881  2  6.9174  2  2  6.9174  2  3.39253e-50  0.833024  0.166976  
5.41011e-51  0.0479503  0.95205  2  6.9174  2  2  6.9174  2  5.49138e-52  0.304599  0.695401  
5.50217e-44  0.927443  0.0725568  2  6.9174  2  2  6.9174  2  6.21231e-51  0.579669  0.420331  
7.42697e-47  0.841967  0.158033  2  6.9174  2  2  6.9174  2  4.79953e-50  0.402861  0.597139  
0.608063  0.145632  0.255694  2  6.9174  2  2  6.9174  2  2.5807e-51  0.198258  0.801742  
1.53568e-50  0.207417  0.792583  2  6.9174  2  2  6.9174  2  1.3393e-50  0.256246  0.743754  
5.59396e-51  0.179876  0.820124  2  6.9174  2  2  6.9174  2  3.33446e-50  0.314061  0.685939  
6.41089e-50  0.0961575  0.903843  2  6.9174  2  2  6.9174  2  1.04783e-51  0.471  0.529  
1.33837e-45  0.7267  0.2733  2  6.9174  2  2  6.9174  2  1.72692e-51  0.527056  0.472944  
8.35574e-51  0.61848  0.38152  2  6.9174  2  2  6.9174  2  1.29726e-50  0.430507  0.569493  
0.364397  0.653773  2.73734e-06  2  6.9174  2  2  6.9174  2  2.0634e-49  0.662082  0.337918  
5.48276e-49  0.587582  0.412418  2  6.9174  2  2  6.9174  2  3.21988e-50  0.84667  0.15333  
0.208895  0.80799  0.000186403  2  6.9174  2  2  6.9174  2  8.2673e-54  0.236641  0.763359  
2.5807e-51  0.198258  0.801742  2  6.9174  2  2  6.9174  2  1.48664e-50  0.928997  0.0710035  
8.28512e-48  0.498254  0.501746  2  6.9174  2  2  6.9174  2  2.74989e-51  0.971498  0.0285022  
1.11865e-43  0.715749  0.284251  2  6.9174  2  2  6.9174  2  2.22563e-52  0.323547  0.676453  
0.77431  0.0433023  0.203404  2  6.9174  2  2  6.9174  2  5.29538e-51  0.0628108  0.937189  
3.6378e-35  0.294444  0.705556  2  6.9174  2  2  6.9174  2  0.208895  0.80799  0.000186403  
5.16536e-50  0.642149  0.357851  2  6.9174  2  2  6.9174  2  3.33747e-51  0.860135  0.139865  
6.60318e-54  0.189008  0.810992  2  6.9174  2  2  6.9174  2  5.0773e-50  0.556882  0.443118  
0.768863  0  0.244584  2  6.9174  2  2  6.9174  2  0.160952  8.05686e-05  0.859325  
0.211511  0.338469  0.495405  2  6.9174  2  2  6.9174  2  1.07827e-51  0.48468  0.51532  
7.87504e-50  0.626414  0.373586  2  6.9174  2  2  6.9174  2  3.03889e-51  0.226835  0.773165  
0.567992  0.451449  2.51328e-06  2  6.9174  2  2  6.9174  2  4.96391e-51  0.275755  0.724245  
1.53541e-38  0.91296  0.0870401  2  6.9174  2  2  6.9174  2  5.71492e-53  0.031144  0.968856  
6.11088e-45  0.941969  0.0580305  2  6.9174  2  2  6.9174  2  1.06624e-50  0.67196  0.32804  
0.488679  3.79048e-05  0.526462  2  6.9174  2  2  6.9174  2  1.77565e-51  0.541929  0.458071  
3.19791e-27  1  1.04204e-10  2  6.9174  2  2  6.9174  2  2.29171e-50  0.765471  0.234529  
7.20376e-14  2.36515e-14  1  2  6.9174  2  2  6.9174  2  2.46298e-51  0.128183  0.871817  
0.186217  0.910596  0.0233167  2  6.9174  2  2  6.9174  2  7.00862e-51  0.702667  0.297333  
1  0  0  2  6.9174  2  2  6.9174  2  2.56032e-49  0.795404  0.204596  
0.9091  0.106189  0  2  6.9174  2  2  6.9174  2  0.364397  0.653773  2.73734e-06  
2.00793e-49  0.572616  0.427384  2  6.9174  2  2  6.9174  2  1.26719e-49  0.587295  0.412705  
5.75489e-66  0.284388  0.715612  2  2  2  2  2  2  0.201459  0.395201  0.444273  
1.61457e-64  0.486058  0.513942  2  2  2  2  2  2  3.90615e-66  0.643448  0.356552  
5.60969e-65  0.47205  0.52795  2  2  2  2  2  2  1  0  0  
4.708e-63  0.529079  0.470921  2  2  2  2  2  2  1.6102e-65  0.387995  0.612005  
4.82179e-62  0.80055  0.19945  2  2  2  2  2  2  0.768863  0  0.244584  
6.21494e-66  0.565748  0.434252  2  2  2  2  2  2  6.97711e-66  0.217683  0.782317  
2.4106e-64  0.303012  0.696988  2  2  2  2  2  2  5.21463e-66  0.0939135  0.906087  
2.68236e-65  0.311847  0.688153  2  2  2  2  2  2  6.02205e-66  0.0157229  0.984277  
5.2937e-64  0.603221  0.396779  2  2  2  2  2  2  1.10917e-66  0.915111  0.0848895  
3.21954e-59  0.758653  0.241347  2  2  2  2  2  2  3.23741e-65  0.985777  0.0142229  
3.39248e-61  0.856265  0.143735  2  2  2  2  2  2  4.43862e-66  0.109349  0.890651  
7.84652e-62  0.139892  0.860108  2  2  2  2  2  2  0.567372  0.450956  2.51054e-06  
1.17459e-61  0.654243  0.345757  2  2  2  2  2  2  2.27774e-66  0.189938  0.810062  
1.07342e-64  0.274845  0.725155  2  2  2  2  2  2  1.03313e-65  0.246424  0.753576  
4.78094e-63  0.0314606  0.968539  2  2  2  2  2  2  2.5643e-65  0.784304  0.215696  
1.45839e-61  0.558558  0.441442  2  2  2  2  2  2  2.66214e-66  0.692556  0.307444  
7.19708e-65  0.82843  0.17157  2  2  2  2  2  2  1.57509e-65  0.653245  0.346755  
1.36312e-62  0.705183  0.294817  2  2  2  2  2  2  3.27061e-65  0.595169  0.404831  
1.60901e-63  0.109349  0.890651  2  2  2  2  2  2  3.91111e-66  0.957318  0.0426819  
1.72516e-62  0.245694  0.754306  2  2  2  2  2  2  2.38542e-65  0.744242  0.255758  
2.84178e-65  0.401938  0.598062  2  2  2  2  2  2  2.2147e-66  0.139892  0.860108  
3.2172e-62  0.66431  0.33569  2  2  2  2  2  2  3.14767e-66  0.618016  0.381984  
4.54271e-66  0.226632  0.773368  2  2  2  2  2  2  6.15862e-66  0.873685  0.126315  
0.368048  0.639286  0.0207406  2  2  2  2  2  2  3.70077e-66  0.500489  0.499511  
5.48732e-64  0.514603  0.485397  2  2  2  2  2  2  9.27334e-66  0.943155  0.056845  
1.04515e-62  0.543757  0.456243  2  2  2  2  2  2  4.31411e-67  0.444166  0.555834  
1.39216e-65  0.32913  0.67087  2  2  2  2  2  2  7.54645e-14  2.47766e-14  1  
3.2562e-59  0.124673  0.875327  2  2  2  2  2  2  0.368048  0.639286  0.0207406  
1.67413e-65  0.769349  0.230651  2  2  2  2  2  2  5.17207e-66  0.774736  0.225264  
2.98646e-64  0.21753  0.78247  2  2  2  2  2  2  0.907712  0.106026  0  
4.58782e-53  0.77988  0.22012  2  2  2  2  2  2  2.48373e-67  0.0472734  0.952727  
6.30437e-63  0.155014  0.844986  2  2  2  2  2  2  2.6445e-66  0.284388  0.715612  
1.27525e-64  0.344015  0.655985  2  2  2  2  2  2  2.18555e-65  0.602734  0.397266  
1.60915e-52  0.81436  0.18564  2  2  2  2  2  2  3.75444e-66  0.17238  0.82762  
2.01322e-52  0.79028  0.20972  2  2  2  2  2  2  2.87487e-66  0.32952  0.67048  
3.50785e-63  0.358877  0.641123  2  2  2  2  2  2  5.38618e-65  0.81765  0.18235  
2.34451e-64  0.0157229  0.984277  2  2  2  2  2  2  0.488679  3.79048e-05  0.526462  
4.03641e-66  0.580384  0.419616  2  2  2  2  2  2  6.03548e-65  0.723535  0.276465  
3.29907e-67  0.0627917  0.937208  2  2  2  2  2  2  3.1536e-66  0.180952  0.819048  
2.568e-58  0.236034  0.763966  2  2  2  2  2  2  2.368e-65  0.90123  0.0987697  
4.14708e-66  0.17238  0.82762  2  2  2  2  2  2  0.208245  0.333243  0.48791  
1.14581e-57  0.430327  0.569673  2  2  2  2  2  2  1.42172e-65  0.713083  0.286917  
8.27723e-56  0.870198  0.129802  2  2  2  2  2  2  4.72859e-66  0.155014  0.844986  
3.11237e-66  0.611085  0.388915  2  2  2  2  2  2  0.607939  0.145603  0.255642  
8.77028e-66  0.265144  0.734856  2  2  2  2  2  2  0.773855  0.0432769  0.203285  
3.27665e-66  0.163469  0.836531  2  2  2  2  2  2  1.87357e-65  0.573042  0.426958  
6.51574e-63  0.078346  0.921654  2  2  2  2  2  2  1.68815e-65  0.610353  0.389647  
1.8758e-26  0.97119  0.0288096  2  2  2  2  2  2  9.85815e-67  0.163469  0.836531  
4.04683e-65  0.595556  0.404444  2  2  2  2  2  2  1.82213e-65  0.887459  0.112541  
3.70479e-65  0.416231  0.583769  2  2  2  2  2  2  4.12316e-67  0.359355  0.640645  
2.73703e-50  0.884338  0.115662  2  2  2  2  2  2  3.17957e-65  0.416231  0.583769  
8.69304e-62  0.373415  0.626585  2  2  2  2  2  2  6.30033e-66  0.078346  0.921654  
1.78818e-56  0.747964  0.252036  2  2  2  2  2  2  8.56865e-66  0.373742  0.626258  
9.4288e-65  0.634714  0.365286  2  2  2  2  2  2  3.72172e-66  1  1.04204e-10  
8.89348e-64  0.69489  0.30511  2  2  2  2  2  2  1.8584e-65  0.565668  0.434332  
1.0892e-61  0.444166  0.555834  2  2  2  2  2  2  1.63295e-65  0.633928  0.366072  
7.64847e-65  0.458044  0.541956  2  2  2  2  2  2  5.75124e-65  0.626003  0.373997  
4.07581e-65  0.38753  0.61247  2  2  2  2  2  2  2.97016e-65  0.458044  0.541956  
0.201459  0.395201  0.444273  2  2  2  2  2  2  5.37644e-66  0.265686  0.734314  
2.79496e-65  0.674377  0.325623  2  2  2  2  2  2  1.611e-65  0.293795  0.706205  
1.04337e-64  0.320483  0.679517  2  2  2  2  2  2  2.8353e-65  0.514603  0.485397  
5.85095e-60  0.684505  0.315495  2  2  2  2  2  2  1.08359e-65  0.344299  0.655701  
1.54871e-31  0.98592  0.0140801  2  2  2  2  2  2  2.24796e-65  0.754526  0.245474  
0.159226  7.9705e-05  0.850114  2  2  2  2  2  2  4.40747e-65  0.682418  0.317582  
2.43494e-38  0.898522  0.101478  2  2  2  2  2  2  9.6871e-66  0.803491  0.196509  
2.34891e-56  0.73724  0.26276  2  2  2  2  2  2  6.23352e-65  0.733918  0.266082  
9.92322e-39  0.255426  0.744574  2  2  2  2  2  2  3.89018e-66  0.208213  0.791787  
1.24112e-57  0.9566  0.0434002  2  2  2  2  2  2  1.22715e-65  0.83207  0.16793  
1.70062e-62  0.0472734  0.952727  2  2  2  2  2  2  1.72522e-66  0.303012  0.696988  
6.48842e-62  0.927456  0.072544  2  2  2  2  2  2  3.86067e-66  0.580316  0.419684  
1.06917e-62  0.842341  0.157659  2  2  2  2  2  2  1.56648e-65  0.402155  0.597845  
0.607939  0.145603  0.255642  2  2  2  2  2  2  4.68e-66  0.199116  0.800884  
3.89018e-66  0.208213  0.791787  2  2  2  2  2  2  2.86358e-66  0.25613  0.74387  
3.16057e-65  0.180952  0.819048  2  2  2  2  2  2  8.50741e-68  0.311977  0.688023  
9.8775e-66  0.0939135  0.906087  2  2  2  2  2  2  2.79174e-66  0.47205  0.52795  
1.25092e-56  0.72653  0.27347  2  2  2  2  2  2  5.94462e-64  0.528919  0.471081  
7.09906e-64  0.618902  0.381098  2  2  2  2  2  2  2.43187e-65  0.430327  0.569673  
0.362263  0.649898  9.11246e-10  2  2  2  2  2  2  4.82524e-66  0.662854  0.337146  
9.16283e-63  0.587821  0.412179  2  2  2  2  2  2  1.3877e-65  0.846122  0.153878  
0.208383  0.806007  0.000185946  2  2  2  2  2  2  4.74544e-66  0.236746  0.763254  
4.68e-66  0.199116  0.800884  2  2  2  2  2  2  5.61767e-66  0.929039  0.070961  
1.26004e-63  0.500489  0.499511  2  2  2  2  2  2  2.72164e-65  0.971536  0.0284642  
1.14699e-62  0.715797  0.284203  2  2  2  2  2  2  6.01939e-66  0.320788  0.679212  
0.773855  0.0432769  0.203285  2  2  2  2  2  2  3.29907e-67  0.0627917  0.937208  
1.611e-65  0.293795  0.706205  2  2  2  2  2  2  0.208383  0.806007  0.000185946  
7.91151e-64  0.64446  0.35554  2  2  2  2  2  2  2.22741e-65  0.859958  0.140042  
6.78525e-66  0.189938  0.810062  2  2  2  2  2  2  3.40052e-66  0.558497  0.441503  
0.768863  0  0.244584  2  2  2  2  2  2  0.159226  7.9705e-05  0.850114  
0.208245  0.333243  0.48791  2  2  2  2  2  2  2.83549e-66  0.486058  0.513942  
4.45707e-63  0.626775  0.373225  2  2  2  2  2  2  3.11825e-64  0.22713  0.77287  
0.567372  0.450956  2.51054e-06  2  2  2  2  2  2  4.90148e-66  0.275084  0.724916  
1.53541e-38  0.91296  0.0870401  2  2  2  2  2  2  2.28478e-67  0.0314606  0.968539  
6.11088e-45  0.941969  0.0580305  2  2  2  2  2  2  4.87176e-65  0.672529  0.327471  
0.488679  3.79048e-05  0.526462  2  2  2  2  2  2  1.30881e-65  0.543687  0.456313  
3.19791e-27  1  1.04204e-10  2  2  2  2  2  2  1.98038e-65  0.764583  0.235417  
7.20376e-14  2.36515e-14  1  2  2  2  2  2  2  1.59562e-64  0.124673  0.875327  
0.186217  0.910596  0.0233167  2  2  2  2  2  2  9.28825e-65  0.702682  0.297318  
1  0  0  2  2  2  2  2  2  7.59448e-66  0.794189  0.205811  
0.907712  0.106026  0  2  2  2  2  2  2  0.362263  0.649898  9.11246e-10  
5.46589e-65  0.573042  0.426958  2  2  2  2  2  2  1.54659e-66  0.587656  0.412344  
3.42847e-79  0.283867  0.716133  2  2  2  2  2  2  0.201459  0.395201  0.444273  
7.9896e-79  0.486635  0.513365  2  2  2  2  2  2  9.17032e-79  0.643066  0.356934  
1.26573e-72  0.472432  0.527568  2  2  2  2  2  2  1  0  0  
5.96796e-74  0.529657  0.470343  2  2  2  2  2  2  6.76998e-80  0.386519  0.613481  
4.82179e-62  0.80055  0.19945  2  2  2  2  2  2  0.768863  0  0.244584  
4.72805e-77  0.566135  0.433865  2  2  2  2  2  2  3.36388e-79  0.218348  0.781652  
1.86203e-78  0.302134  0.697866  2  2  2  2  2  2  1.23395e-80  0.0937174  0.906283  
5.89173e-80  0.310783  0.689217  2  2  2  2  2  2  1.9894e-81  0.0157229  0.984277  
1.03721e-79  0.603264  0.396736  2  2  2  2  2  2  4.93559e-80  0.915189  0.0848109  
3.21954e-59  0.758653  0.241347  2  2  2  2  2  2  4.31913e-79  0.985777  0.0142229  
8.06928e-76  0.856353  0.143647  2  2  2  2  2  2  3.05609e-80  0.109154  0.890846  
6.56055e-74  0.139985  0.860015  2  2  2  2  2  2  0.566951  0.450621  2.50867e-06  
4.89197e-79  0.654327  0.345673  2  2  2  2  2  2  3.91083e-83  0.190989  0.809011  
1.24368e-80  0.274555  0.725445  2  2  2  2  2  2  6.03604e-81  0.246424  0.753576  
4.78094e-63  0.0314606  0.968539  2  2  2  2  2  2  1.02584e-79  0.783859  0.216141  
1.35741e-79  0.558901  0.441099  2  2  2  2  2  2  9.04565e-80  0.692981  0.307019  
7.19708e-65  0.82843  0.17157  2  2  2  2  2  2  3.4142e-80  0.652985  0.347015  
2.77126e-75  0.705851  0.294149  2  2  2  2  2  2  1.00361e-79  0.595448  0.404552  
1.67733e-71  0.109154  0.890846  2  2  2  2  2  2  3.04363e-79  0.957416  0.0425843  
3.59702e-80  0.246207  0.753793  2  2  2  2  2  2  2.00767e-80  0.743913  0.256087  
1.10411e-81  0.400956  0.599044  2  2  2  2  2  2  7.80209e-81  0.139985  0.860015  
4.16171e-78  0.664374  0.335626  2  2  2  2  2  2  2.91509e-80  0.618086  0.381914  
1.58361e-80  0.227493  0.772507  2  2  2  2  2  2  2.58879e-80  0.873616  0.126384  
0.364761  0.633575  0.0205553  2  2  2  2  2  2  5.80292e-80  0.500845  0.499155  
8.53328e-74  0.51521  0.48479  2  2  2  2  2  2  3.48247e-81  0.943256  0.0567437  
7.85003e-72  0.544243  0.455757  2  2  2  2  2  2  6.85794e-80  0.444143  0.555857  
4.7509e-75  0.328042  0.671958  2  2  2  2  2  2  7.53809e-14  2.47491e-14  1  
1.67627e-70  0.124603  0.875397  2  2  2  2  2  2  0.364761  0.633575  0.0205553  
5.89213e-77  0.769152  0.230848  2  2  2  2  2  2  1.15687e-79  0.774053  0.225947  
2.89155e-80  0.218144  0.781856  2  2  2  2  2  2  0.905005  0.105687  0  
9.58611e-72  0.779695  0.220305  2  2  2  2  2  2  4.75642e-84  0.0472036  0.952796  
1.64949e-73  0.155454  0.844546  2  2  2  2  2  2  2.95714e-79  0.283867  0.716133  
7.4376e-78  0.342933  0.657067  2  2  2  2  2  2  9.14255e-80  0.602957  0.397043  
1.45888e-68  0.814512  0.185488  2  2  2  2  2  2  1.29375e-79  0.173046  0.826954  
5.43968e-68  0.790226  0.209774  2  2  2  2  2  2  5.9641e-81  0.328042  0.671958  
1.08454e-79  0.357721  0.642279  2  2  2  2  2  2  3.0807e-79  0.817556  0.182444  
2.34451e-64  0.0157229  0.984277  2  2  2  2  2  2  0.487396  3.9826e-05  0.525081  
1.84061e-75  0.580746  0.419254  2  2  2  2  2  2  5.68276e-80  0.723582  0.276418  
3.29907e-67  0.0627917  0.937208  2  2  2  2  2  2  5.57407e-81  0.181993  0.818007  
1.98483e-79  0.236712  0.763288  2  2  2  2  2  2  2.30396e-80  0.90135  0.0986496  
2.12721e-76  0.172946  0.827054  2  2  2  2  2  2  0.207306  0.331739  0.485709  
1.06214e-80  0.429856  0.570144  2  2  2  2  2  2  1.35022e-80  0.713397  0.286603  
1.0524e-77  0.870361  0.129639  2  2  2  2  2  2  7.19063e-81  0.155454  0.844546  
2.32021e-76  0.610861  0.389139  2  2  2  2  2  2  0.607939  0.145603  0.255642  
3.11662e-80  0.265164  0.734836  2  2  2  2  2  2  0.772034  0.0431548  0.202801  
2.76812e-80  0.164234  0.835766  2  2  2  2  2  2  1.81998e-79  0.573359  0.426641  
8.29135e-70  0.0782833  0.921717  2  2  2  2  2  2  9.09836e-80  0.610456  0.389544  
1.26935e-72  0.97125  0.0287497  2  2  2  2  2  2  4.06824e-81  0.164234  0.835766  
2.47784e-76  0.595712  0.404288  2  2  2  2  2  2  3.94135e-80  0.887459  0.112541  
1.14387e-81  0.415395  0.584605  2  2  2  2  2  2  2.63458e-81  0.357721  0.642279  
3.57591e-68  0.884418  0.115582  2  2  2  2  2  2  1.14387e-81  0.415395  0.584605  
4.04177e-78  0.372166  0.627834  2  2  2  2  2  2  8.45691e-81  0.0782833  0.921717  
1.78818e-56  0.747964  0.252036  2  2  2  2  2  2  5.32607e-80  0.372166  0.627834  
9.07388e-79  0.635266  0.364734  2  2  2  2  2  2  2.50873e-80  1  1.04204e-10  
4.84239e-77  0.695244  0.304756  2  2  2  2  2  2  1.23201e-80  0.566135  0.433865  
1.34923e-70  0.444143  0.555857  2  2  2  2  2  2  1.28888e-79  0.633112  0.366888  
5.06453e-75  0.458288  0.541712  2  2  2  2  2  2  2.59973e-79  0.625619  0.374381  
3.91237e-78  0.386519  0.613481  2  2  2  2  2  2  7.39041e-80  0.458288  0.541712  
0.201459  0.395201  0.444273  2  2  2  2  2  2  3.11662e-80  0.265164  0.734836  
7.20413e-70  0.674515  0.325485  2  2  2  2  2  2  3.26971e-80  0.293135  0.706865  
4.26865e-78  0.319619  0.680381  2  2  2  2  2  2  6.56339e-80  0.51521  0.48479  
2.39902e-79  0.684742  0.315258  2  2  2  2  2  2  1.92156e-80  0.342933  0.657067  
1.54871e-31  0.98592  0.0140801  2  2  2  2  2  2  2.82512e-80  0.754106  0.245894  
0.159162  7.96729e-05  0.849771  2  2  2  2  2  2  6.96204e-81  0.682785  0.317215  
1.26844e-73  0.898547  0.101453  2  2  2  2  2  2  2.31565e-81  0.803061  0.196939  
6.69686e-77  0.737364  0.262636  2  2  2  2  2  2  9.07955e-80  0.733777  0.266223  
1.30993e-77  0.25575  0.74425  2  2  2  2  2  2  2.83125e-80  0.209182  0.790818  
1.24112e-57  0.9566  0.0434002  2  2  2  2  2  2  1.95055e-80  0.831771  0.168229  
2.67613e-69  0.0472036  0.952796  2  2  2  2  2  2  3.60223e-80  0.302134  0.697866  
6.48842e-62  0.927456  0.072544  2  2  2  2  2  2  7.44989e-80  0.580596  0.419404  
1.23419e-76  0.842386  0.157614  2  2  2  2  2  2  8.28864e-82  0.400956  0.599044  
0.607939  0.145603  0.255642  2  2  2  2  2  2  1.01238e-80  0.200134  0.799866  
1.3325e-76  0.20886  0.79114  2  2  2  2  2  2  4.59763e-79  0.255851  0.744149  
3.11106e-77  0.18176  0.81824  2  2  2  2  2  2  4.18898e-80  0.310783  0.689217  
4.37638e-73  0.0937174  0.906283  2  2  2  2  2  2  2.51275e-80  0.472432  0.527568  
8.842e-76  0.726774  0.273226  2  2  2  2  2  2  2.00011e-81  0.529657  0.470343  
1.25947e-79  0.618665  0.381335  2  2  2  2  2  2  3.02597e-81  0.429856  0.570144  
0.361856  0.649167  9.10222e-10  2  2  2  2  2  2  2.88847e-82  0.662933  0.337067  
2.44652e-76  0.588182  0.411818  2  2  2  2  2  2  7.39228e-79  0.845789  0.154211  
0.208064  0.804776  0.000185662  2  2  2  2  2  2  3.47269e-80  0.237023  0.762977  
5.01102e-78  0.199778  0.800222  2  2  2  2  2  2  7.74679e-81  0.929234  0.0707658  
6.03213e-80  0.500845  0.499155  2  2  2  2  2  2  2.34734e-79  0.971536  0.0284642  
1.62853e-76  0.716367  0.283633  2  2  2  2  2  2  2.88086e-81  0.319619  0.680381  
0.772034  0.0431548  0.202801  2  2  2  2  2  2  6.24376e-82  0.0627917  0.937208  
4.33732e-79  0.293135  0.706865  2  2  2  2  2  2  0.208064  0.804776  0.000185662  
8.01134e-80  0.644367  0.355633  2  2  2  2  2  2  3.48038e-80  0.859751  0.140249  
1.58396e-76  0.190654  0.809346  2  2  2  2  2  2  2.05365e-81  0.558901  0.441099  
0.768863  0  0.244584  2  2  2  2  2  2  0.159162  7.96729e-05  0.849771  
0.207306  0.331739  0.485709  2  2  2  2  2  2  1.65406e-79  0.486635  0.513365  
3.02734e-78  0.626372  0.373628  2  2  2  2  2  2  3.48058e-81  0.227614  0.772386  
0.566951  0.450621  2.50867e-06  2  2  2  2  2  2  9.76402e-81  0.274555  0.725445  
1.33652e-78  0.912984  0.0870158  2  2  2  2  2  2  6.92981e-82  0.0314606  0.968539  
6.11088e-45  0.941969  0.0580305  2  2  2  2  2  2  2.06602e-79  0.672888  0.327112  
0.487396  3.9826e-05  0.525081  2  2  2  2  2  2  2.08186e-80  0.544243  0.455757  
3.19791e-27  1  1.04204e-10  2  2  2  2  2  2  3.2128e-79  0.764204  0.235796  
7.20376e-14  2.36515e-14  1  2  2  2  2  2  2  7.98296e-82  0.124603  0.875397  
0.186217  0.910596  0.0233167  2  2  2  2  2  2  2.81529e-78  0.703197  0.296803  
1  0  0  2  2  2  2  2  2  9.1032e-79  0.793406  0.206594  
0.905005  0.105687  0  2  2  2  2  2  2  0.361856  0.649167  9.10222e-10  
9.85562e-78  0.573453  0.426547  2  2  2  2  2  2  9.37399e-80  0.587985  0.412015  
3.71147e-92  0.283361  0.716639  2  2  2  2  2  2  0.200174  0.39268  0.441428  
2.85974e-87  0.486799  0.513201  2  2  2  2  2  2  5.5665e-95  0.644386  0.355614  
1.26573e-72  0.472432  0.527568  2  2  2  2  2  2  1  0  0  
1.98463e-94  0.530496  0.469504  2  2  2  2  2  2  4.45727e-96  0.385873  0.614127  
3.24536e-92  0.79996  0.20004  2  2  2  2  2  2  0.768863  0  0.244584  
3.0685e-95  0.567447  0.432553  2  2  2  2  2  2  9.70567e-96  0.218489  0.781511  
1.00911e-91  0.301353  0.698647  2  2  2  2  2  2  1.24684e-95  0.0937174  0.906283  
4.81707e-94  0.310122  0.689878  2  2  2  2  2  2  1.93242e-96  0.0157229  0.984277  
5.25445e-95  0.603918  0.396082  2  2  2  2  2  2  8.04254e-95  0.915275  0.0847246  
1.42785e-93  0.758405  0.241595  2  2  2  2  2  2  7.11885e-94  0.985777  0.0142229  
8.06928e-76  0.856353  0.143647  2  2  2  2  2  2  5.38745e-96  0.109154  0.890846  
3.59613e-80  0.140047  0.859953  2  2  2  2  2  2  0.566473  0.450242  2.50656e-06  
4.61493e-91  0.6562  0.3438  2  2  2  2  2  2  2.73445e-95  0.191178  0.808822  
9.12423e-85  0.27428  0.72572  2  2  2  2  2  2  2.24518e-96  0.246363  0.753637  
4.78094e-63  0.0314606  0.968539  2  2  2  2  2  2  1.83816e-94  0.783258  0.216742  
6.33811e-92  0.560544  0.439456  2  2  2  2  2  2  3.70087e-95  0.693068  0.306932  
4.2569e-87  0.828366  0.171634  2  2  2  2  2  2  8.75163e-95  0.653707  0.346293  
8.45184e-92  0.706132  0.293868  2  2  2  2  2  2  4.3513e-95  0.595448  0.404552  
1.67733e-71  0.109154  0.890846  2  2  2  2  2  2  3.26616e-95  0.957445  0.0425545  
1.21447e-90  0.246363  0.753637  2  2  2  2  2  2  9.02091e-95  0.743771  0.256229  
4.0943e-88  0.400596  0.599404  2  2  2  2  2  2  1.91465e-95  0.140047  0.859953  
8.111e-90  0.665912  0.334088  2  2  2  2  2  2  4.81269e-95  0.618311  0.381689  
1.77431e-92  0.227743  0.772257  2  2  2  2  2  2  1.05953e-94  0.87342  0.12658  
0.363518  0.631417  0.0204853  2  2  2  2  2  2  2.99077e-95  0.501294  0.498706  
7.39068e-94  0.515797  0.484203  2  2  2  2  2  2  3.42594e-95  0.943348  0.056652  
9.89386e-95  0.545499  0.454501  2  2  2  2  2  2  1.34891e-93  0.443852  0.556148  
5.60953e-94  0.327593  0.672407  2  2  2  2  2  2  7.53809e-14  2.47491e-14  1  
1.67627e-70  0.124603  0.875397  2  2  2  2  2  2  0.363518  0.631417  0.0204853  
7.82527e-93  0.768912  0.231088  2  2  2  2  2  2  1.27374e-95  0.773541  0.226459  
5.79603e-92  0.218489  0.781511  2  2  2  2  2  2  0.90426  0.105599  0  
6.74908e-91  0.779428  0.220572  2  2  2  2  2  2  4.3419e-96  0.0471083  0.952892  
6.29734e-96  0.155689  0.844311  2  2  2  2  2  2  3.70339e-95  0.283361  0.716639  
1.53424e-87  0.342437  0.657563  2  2  2  2  2  2  3.82734e-95  0.602957  0.397043  
1.91063e-94  0.81414  0.18586  2  2  2  2  2  2  1.82646e-95  0.173203  0.826797  
3.44326e-91  0.789777  0.210223  2  2  2  2  2  2  3.33523e-95  0.327593  0.672407  
3.73035e-90  0.357083  0.642917  2  2  2  2  2  2  7.51728e-95  0.81657  0.18343  
2.34451e-64  0.0157229  0.984277  2  2  2  2  2  2  0.48694  3.97887e-05  0.52459  
1.94398e-91  0.581486  0.418514  2  2  2  2  2  2  8.73369e-95  0.723582  0.276418  
5.83547e-84  0.0626926  0.937307  2  2  2  2  2  2  1.44097e-95  0.182168  0.817832  
1.66501e-93  0.237062  0.762938  2  2  2  2  2  2  9.18757e-95  0.90135  0.0986496  
7.44851e-88  0.173203  0.826797  2  2  2  2  2  2  0.207218  0.331599  0.485503  
2.34005e-87  0.429459  0.570541  2  2  2  2  2  2  1.22259e-92  0.713397  0.286603  
1.0524e-77  0.870361  0.129639  2  2  2  2  2  2  3.7133e-96  0.155689  0.844311  
6.85403e-93  0.611682  0.388318  2  2  2  2  2  2  0.607312  0.145452  0.255378  
2.37054e-87  0.265002  0.734998  2  2  2  2  2  2  0.77074  0.0430825  0.202461  
2.6614e-95  0.164428  0.835572  2  2  2  2  2  2  4.19823e-94  0.57413  0.42587  
2.99963e-85  0.0782426  0.921757  2  2  2  2  2  2  5.31299e-95  0.610646  0.389354  
1.26935e-72  0.97125  0.0287497  2  2  2  2  2  2  1.7363e-95  0.164428  0.835572  
1.63281e-93  0.596333  0.403667  2  2  2  2  2  2  5.28734e-94  0.887414  0.112586  
5.7397e-90  0.415114  0.584886  2  2  2  2  2  2  3.62593e-94  0.357083  0.642917  
5.03806e-87  0.884451  0.115549  2  2  2  2  2  2  1.87352e-95  0.415114  0.584886  
3.77381e-94  0.371646  0.628354  2  2  2  2  2  2  5.53856e-96  0.0782426  0.921757  
1.78818e-56  0.747964  0.252036  2  2  2  2  2  2  2.62772e-94  0.371646  0.628354  
2.67411e-86  0.636641  0.363359  2  2  2  2  2  2  4.62533e-95  1  1.04204e-10  
1.01585e-93  0.695868  0.304132  2  2  2  2  2  2  3.62317e-95  0.567341  0.432659  
1.80877e-85  0.443852  0.556148  2  2  2  2  2  2  1.77369e-94  0.635097  0.364903  
3.13467e-88  0.458158  0.541842  2  2  2  2  2  2  9.53303e-95  0.625967  0.374033  
3.11223e-95  0.385873  0.614127  2  2  2  2  2  2  9.86267e-96  0.458158  0.541842  
0.200174  0.39268  0.441428  2  2  2  2  2  2  2.13768e-95  0.265043  0.734957  
9.62121e-90  0.675781  0.324219  2  2  2  2  2  2  2.00134e-95  0.292405  0.707595  
1.08496e-92  0.318935  0.681065  2  2  2  2  2  2  2.83788e-95  0.515797  0.484203  
8.31973e-95  0.685835  0.314165  2  2  2  2  2  2  1.03835e-94  0.342437  0.657563  
1.54871e-31  0.98592  0.0140801  2  2  2  2  2  2  2.92718e-94  0.753829  0.246171  
0.159162  7.96729e-05  0.849771  2  2  2  2  2  2  4.88224e-95  0.683031  0.316969  
1.26844e-73  0.898547  0.101453  2  2  2  2  2  2  2.59172e-95  0.80212  0.19788  
1.12791e-87  0.737405  0.262595  2  2  2  2  2  2  4.25809e-95  0.733656  0.266344  
1.88376e-93  0.255654  0.744346  2  2  2  2  2  2  2.18385e-95  0.209315  0.790685  
1.24112e-57  0.9566  0.0434002  2  2  2  2  2  2  9.42298e-95  0.830892  0.169108  
1.13916e-84  0.0471083  0.952892  2  2  2  2  2  2  6.10372e-94  0.301353  0.698647  
6.48842e-62  0.927456  0.072544  2  2  2  2  2  2  6.33991e-95  0.580992  0.419008  
1.23419e-76  0.842386  0.157614  2  2  2  2  2  2  4.08301e-94  0.400596  0.599404  
0.607312  0.145452  0.255378  2  2  2  2  2  2  5.61264e-96  0.200166  0.799834  
2.03102e-91  0.209315  0.790685  2  2  2  2  2  2  3.90248e-95  0.255731  0.744269  
5.02865e-89  0.182168  0.817832  2  2  2  2  2  2  3.18625e-94  0.310122  0.689878  
4.37638e-73  0.0937174  0.906283  2  2  2  2  2  2  4.86552e-95  0.472432  0.527568  
1.10327e-88  0.726863  0.273137  2  2  2  2  2  2  1.91987e-94  0.530496  0.469504  
1.18971e-92  0.619396  0.380604  2  2  2  2  2  2  6.73165e-96  0.429459  0.570541  
0.361856  0.649167  9.10222e-10  2  2  2  2  2  2  5.34747e-95  0.663354  0.336646  
3.56817e-90  0.588792  0.411208  2  2  2  2  2  2  6.30262e-94  0.845157  0.154843  
0.208064  0.804776  0.000185662  2  2  2  2  2  2  6.06516e-96  0.237062  0.762938  
1.34524e-91  0.200166  0.799834  2  2  2  2  2  2  1.13277e-94  0.929322  0.0706775  
4.80297e-94  0.501294  0.498706  2  2  2  2  2  2  4.38837e-95  0.971589  0.0284106  
1.34195e-92  0.71652  0.28348  2  2  2  2  2  2  1.41331e-95  0.318935  0.681065  
0.77074  0.0430825  0.202461  2  2  2  2  2  2  5.93002e-96  0.0626926  0.937307  
1.96515e-91  0.292405  0.707595  2  2  2  2  2  2  0.208064  0.804776  0.000185662  
3.01418e-92  0.646358  0.353642  2  2  2  2  2  2  6.45259e-95  0.859236  0.140764  
1.43126e-90  0.191178  0.808822  2  2  2  2  2  2  4.61161e-95  0.560544  0.439456  
0.768863  0  0.244584  2  2  2  2  2  2  0.159162  7.96729e-05  0.849771  
0.207218  0.331599  0.485503  2  2  2  2  2  2  3.39554e-94  0.486799  0.513201  
4.14628e-95  0.627082  0.372918  2  2  2  2  2  2  1.0594e-94  0.227743  0.772257  
0.566473  0.450242  2.50656e-06  2  2  2  2  2  2  2.7897e-95  0.27428  0.72572  
1.33652e-78  0.912984  0.0870158  2  2  2  2  2  2  2.83789e-95  0.0314606  0.968539  
6.11088e-45  0.941969  0.0580305  2  2  2  2  2  2  4.45129e-95  0.673211  0.326789  
0.48694  3.97887e-05  0.52459  2  2  2  2  2  2  9.89386e-95  0.545499  0.454501  
3.19791e-27  1  1.04204e-10  2  2  2  2  2  2  4.03187e-95  0.763763  0.236237  
7.20376e-14  2.36515e-14  1  2  2  2  2  2  2  1.90961e-96  0.124603  0.875397  
0.186217  0.910596  0.0233167  2  2  2  2  2  2  1.5008e-94  0.703197  0.296803  
1  0  0  2  2  2  2  2  2  2.8537e-94  0.792786  0.207214  
0.90426  0.105599  0  2  2  2  2  2  2  0.361856  0.649167  9.10222e-10  
1.04211e-94  0.574566  0.425434  2  2  2  2  2  2  5.19382e-95  0.588188  0.411812  
1.62763e-110  0.282967  0.717033  2  2  2  2  2  2  0.200174  0.39268  0.441428  
6.4058e-110  0.48718  0.51282  2  2  2  2  2  2  7.87075e-109  0.644774  0.355226  
1.42478e-104  0.472629  0.527371  2  2  2  2  2  2  1  0  0  
6.848e-110  0.531174  0.468826  2  2  2  2  2  2  2.77682e-110  0.385873  0.614127  
8.03558e-105  0.79955  0.20045  2  2  2  2  2  2  0.768763  0  0.244552  
1.66262e-106  0.567771  0.432229  2  2  2  2  2  2  3.45798e-111  0.21865  0.78135  
1.16228e-108  0.300947  0.699053  2  2  2  2  2  2  4.37843e-110  0.0937174  0.906283  
5.15334e-101  0.309907  0.690093  2  2  2  2  2  2  1.80576e-110  0.0157229  0.984277  
3.85845e-108  0.604012  0.395988  2  2  2  2  2  2  3.1622e-110  0.915321  0.0846795  
4.55352e-107  0.758293  0.241707  2  2  2  2  2  2  1.26775e-109  0.985777  0.0142229  
8.06928e-76  0.856353  0.143647  2  2  2  2  2  2  1.11343e-112  0.109154  0.890846  
3.02799e-102  0.140118  0.859882  2  2  2  2  2  2  0.565087  0.44914  2.50043e-06  
4.61493e-91  0.6562  0.3438  2  2  2  2  2  2  3.02461e-111  0.191248  0.808752  
1.7494e-108  0.273855  0.726145  2  2  2  2  2  2  1.01242e-109  0.246407  0.753593  
5.50661e-111  0.0314061  0.968594  2  2  2  2  2  2  1.42992e-109  0.782712  0.217288  
6.55094e-109  0.560958  0.439042  2  2  2  2  2  2  8.93566e-110  0.693472  0.306528  
1.14316e-94  0.828176  0.171824  2  2  2  2  2  2  3.87773e-110  0.654375  0.345625  
2.32196e-106  0.706312  0.293688  2  2  2  2  2  2  6.37249e-110  0.596228  0.403772  
1.67733e-71  0.109154  0.890846  2  2  2  2  2  2  3.15778e-109  0.957445  0.0425545  
1.5764e-110  0.24619  0.75381  2  2  2  2  2  2  1.24845e-109  0.743672  0.256328  
1.2839e-96  0.400429  0.599571  2  2  2  2  2  2  1.58439e-111  0.140118  0.859882  
1.8095e-100  0.666044  0.333956  2  2  2  2  2  2  1.41378e-109  0.618322  0.381678  
5.65181e-102  0.22782  0.77218  2  2  2  2  2  2  2.68219e-110  0.87342  0.12658  
0.362453  0.629567  0.0204253  2  2  2  2  2  2  6.59589e-110  0.501637  0.498363  
6.75344e-103  0.516353  0.483647  2  2  2  2  2  2  1.59244e-110  0.943348  0.056652  
9.427e-109  0.546007  0.453993  2  2  2  2  2  2  1.65413e-110  0.443838  0.556162  
9.83825e-103  0.327419  0.672581  2  2  2  2  2  2  7.53809e-14  2.47491e-14  1  
1.67627e-70  0.124603  0.875397  2  2  2  2  2  2  0.362453  0.629567  0.0204253  
8.54512e-110  0.768642  0.231358  2  2  2  2  2  2  9.26592e-112  0.773094  0.226906  
1.51676e-100  0.21865  0.78135  2  2  2  2  2  2  0.903783  0.105544  0  
9.75358e-106  0.779017  0.220983  2  2  2  2  2  2  2.1824e-110  0.0470759  0.952924  
6.29734e-96  0.155689  0.844311  2  2  2  2  2  2  1.62865e-110  0.283145  0.716855  
3.67056e-106  0.342243  0.657757  2  2  2  2  2  2  6.31773e-110  0.603536  0.396464  
5.20108e-104  0.813955  0.186045  2  2  2  2  2  2  1.48032e-110  0.173306  0.826694  
1.88883e-106  0.789321  0.210679  2  2  2  2  2  2  4.69533e-110  0.327419  0.672581  
4.3086e-99  0.356996  0.643004  2  2  2  2  2  2  3.2491e-109  0.816198  0.183802  
2.34451e-64  0.0157229  0.984277  2  2  2  2  2  2  0.486712  3.97701e-05  0.524345  
3.21821e-109  0.581932  0.418068  2  2  2  2  2  2  5.63725e-110  0.723532  0.276468  
5.83547e-84  0.0626926  0.937307  2  2  2  2  2  2  1.69534e-109  0.182168  0.817832  
1.66501e-93  0.237062  0.762938  2  2  2  2  2  2  1.67842e-109  0.90135  0.0986496  
3.02415e-109  0.173306  0.826694  2  2  2  2  2  2  0.207218  0.331599  0.485503  
1.43618e-105  0.429456  0.570544  2  2  2  2  2  2  4.03064e-109  0.713478  0.286522  
1.0524e-77  0.870361  0.129639  2  2  2  2  2  2  1.27974e-110  0.155689  0.844311  
2.44808e-109  0.611569  0.388431  2  2  2  2  2  2  0.607312  0.145452  0.255378  
1.69485e-110  0.264689  0.735311  2  2  2  2  2  2  0.769884  0.0430346  0.202236  
4.75229e-105  0.164493  0.835507  2  2  2  2  2  2  7.13276e-109  0.574631  0.425369  
2.99963e-85  0.0782426  0.921757  2  2  2  2  2  2  1.4505e-109  0.610946  0.389054  
1.26935e-72  0.97125  0.0287497  2  2  2  2  2  2  4.51388e-110  0.164493  0.835507  
1.67362e-105  0.596572  0.403428  2  2  2  2  2  2  1.81105e-113  0.887414  0.112586  
1.46374e-107  0.414948  0.585052  2  2  2  2  2  2  1.37079e-110  0.356996  0.643004  
5.03806e-87  0.884451  0.115549  2  2  2  2  2  2  2.73655e-110  0.414948  0.585052  
1.31346e-109  0.371365  0.628635  2  2  2  2  2  2  7.35059e-111  0.0782426  0.921757  
7.27073e-108  0.747849  0.252151  2  2  2  2  2  2  2.41092e-110  0.371365  0.628635  
1.45698e-105  0.63651  0.36349  2  2  2  2  2  2  1.35147e-109  1  1.04204e-10  
1.90908e-107  0.696098  0.303902  2  2  2  2  2  2  2.2937e-110  0.567674  0.432326  
4.79504e-108  0.443838  0.556162  2  2  2  2  2  2  6.60612e-111  0.635281  0.364719  
3.13467e-88  0.458158  0.541842  2  2  2  2  2  2  4.10226e-110  0.625808  0.374192  
3.11223e-95  0.385873  0.614127  2  2  2  2  2  2  4.33559e-110  0.458158  0.541842  
0.200174  0.39268  0.441428  2  2  2  2  2  2  4.5323e-110  0.265015  0.734985  
7.02909e-111  0.675956  0.324044  2  2  2  2  2  2  2.465e-110  0.292086  0.707914  
1.68886e-106  0.318656  0.681344  2  2  2  2  2  2  2.35981e-110  0.516353  0.483647  
1.14384e-106  0.685965  0.314035  2  2  2  2  2  2  2.64557e-110  0.342243  0.657757  
1.54871e-31  0.98592  0.0140801  2  2  2  2  2  2  2.6652e-110  0.753572  0.246428  
0.159162  7.96729e-05  0.849771  2  2  2  2  2  2  3.86173e-109  0.68358  0.31642  
9.61008e-109  0.89858  0.10142  2  2  2  2  2  2  6.05645e-110  0.801763  0.198237  
6.29591e-103  0.737435  0.262565  2  2  2  2  2  2  2.9404e-109  0.733606  0.266394  
2.17968e-110  0.255478  0.744522  2  2  2  2  2  2  2.26575e-110  0.209441  0.790559  
1.24112e-57  0.9566  0.0434002  2  2  2  2  2  2  3.43192e-109  0.830892  0.169108  
3.47682e-102  0.0470759  0.952924  2  2  2  2  2  2  3.85524e-109  0.301004  0.698996  
6.48842e-62  0.927456  0.072544  2  2  2  2  2  2  7.49997e-110  0.581745  0.418255  
1.36897e-102  0.842316  0.157684  2  2  2  2  2  2  4.0282e-112  0.400429  0.599571  
0.607312  0.145452  0.255378  2  2  2  2  2  2  1.46748e-110  0.200319  0.799681  
8.86505e-101  0.209441  0.790559  2  2  2  2  2  2  1.73445e-111  0.255731  0.744269  
5.02865e-89  0.182168  0.817832  2  2  2  2  2  2  3.29455e-109  0.309907  0.690093  
4.37638e-73  0.0937174  0.906283  2  2  2  2  2  2  3.8375e-110  0.472629  0.527371  
1.38719e-97  0.727011  0.272989  2  2  2  2  2  2  1.84866e-109  0.53108  0.46892  
5.14386e-108  0.619071  0.380929  2  2  2  2  2  2  7.06761e-109  0.429456  0.570544  
0.361856  0.649167  9.10222e-10  2  2  2  2  2  2  2.68301e-110  0.66397  0.33603  
1.63184e-107  0.589224  0.410776  2  2  2  2  2  2  3.4044e-109  0.845157  0.154843  
0.207873  0.804036  0.000185491  2  2  2  2  2  2  3.69847e-110  0.23709  0.76291  
4.96898e-105  0.200319  0.799681  2  2  2  2  2  2  1.57799e-108  0.929322  0.0706775  
1.30644e-102  0.501637  0.498363  2  2  2  2  2  2  6.53824e-110  0.971589  0.0284106  
2.74808e-99  0.716609  0.283391  2  2  2  2  2  2  1.13055e-109  0.318656  0.681344  
0.769884  0.0430346  0.202236  2  2  2  2  2  2  4.16186e-113  0.0626926  0.937307  
4.18022e-107  0.291995  0.708005  2  2  2  2  2  2  0.207873  0.804036  0.000185491  
3.56307e-108  0.646405  0.353595  2  2  2  2  2  2  9.19031e-109  0.859329  0.140671  
3.02461e-111  0.191248  0.808752  2  2  2  2  2  2  9.05746e-109  0.560794  0.439206  
0.768763  0  0.244552  2  2  2  2  2  2  0.159162  7.96729e-05  0.849771  
0.207218  0.331599  0.485503  2  2  2  2  2  2  6.4058e-110  0.48718  0.51282  
3.36667e-109  0.626556  0.373444  2  2  2  2  2  2  2.84585e-110  0.227869  0.772131  
0.565087  0.44914  2.50043e-06  2  2  2  2  2  2  1.7487e-110  0.2741  0.7259  
1.33652e-78  0.912984  0.0870158  2  2  2  2  2  2  5.50661e-111  0.0314061  0.968594  
6.11088e-45  0.941969  0.0580305  2  2  2  2  2  2  2.50282e-110  0.673635  0.326365  
0.486712  3.97701e-05  0.524345  2  2  2  2  2  2  2.37883e-111  0.545916  0.454084  
3.19791e-27  1  1.04204e-10  2  2  2  2  2  2  8.63141e-110  0.763348  0.236652  
7.20376e-14  2.36515e-14  1  2  2  2  2  2  2  4.87111e-111  0.124603  0.875397  
0.186217  0.910596  0.0233167  2  2  2  2  2  2  4.15023e-110  0.70341  0.29659  
1  0  0  2  2  2  2  2  2  1.28107e-109  0.79242  0.20758  
0.903783  0.105544  0  2  2  2  2  2  2  0.361856  0.649167  9.10222e-10  
3.52546e-104  0.574769  0.425231  2  2  2  2  2  2  1.27734e-109  0.588983  0.411017  
8.58104e-120  0.282898  0.717102  2  2  2  2  2  2  0.19909  0.390553  0.439037  
6.44784e-124  0.485991  0.514009  2  2  2  2  2  2  2.75492e-125  0.644825  0.355175  
1.30306e-126  0.471852  0.528148  2  2  2  2  2  2  1  0  0  
1.87587e-118  0.526834  0.473166  2  2  2  2  2  2  6.60408e-125  0.385485  0.614515  
9.92391e-123  0.799388  0.200612  2  2  2  2  2  2  0.767763  0  0.244234  
2.97961e-119  0.565849  0.434151  2  2  2  2  2  2  5.92104e-126  0.21865  0.78135  
1.47193e-121  0.300824  0.699176  2  2  2  2  2  2  3.58353e-125  0.0937174  0.906283  
3.91304e-123  0.309687  0.690313  2  2  2  2  2  2  5.50775e-127  0.0157229  0.984277  
5.00425e-124  0.603966  0.396034  2  2  2  2  2  2  2.71053e-124  0.915321  0.0846795  
2.64618e-118  0.758235  0.241765  2  2  2  2  2  2  3.77382e-125  0.985777  0.0142229  
8.06928e-76  0.856353  0.143647  2  2  2  2  2  2  6.33783e-126  0.109154  0.890846  
3.02799e-102  0.140118  0.859882  2  2  2  2  2  2  0.563911  0.448205  2.49522e-06  
8.43827e-117  0.656305  0.343695  2  2  2  2  2  2  4.50328e-125  0.191284  0.808716  
6.34727e-122  0.273761  0.726239  2  2  2  2  2  2  2.04013e-124  0.246407  0.753593  
5.50661e-111  0.0314061  0.968594  2  2  2  2  2  2  6.48585e-125  0.782475  0.217525  
3.68326e-116  0.552892  0.447108  2  2  2  2  2  2  1.91526e-126  0.693533  0.306467  
3.893e-123  0.827857  0.172143  2  2  2  2  2  2  1.18547e-125  0.65451  0.34549  
6.11397e-119  0.706512  0.293488  2  2  2  2  2  2  7.8611e-126  0.596205  0.403795  
1.67733e-71  0.109154  0.890846  2  2  2  2  2  2  4.41874e-124  0.95746  0.04254  
7.34252e-115  0.24627  0.75373  2  2  2  2  2  2  1.21667e-124  0.743426  0.256574  
1.69938e-125  0.400126  0.599874  2  2  2  2  2  2  6.43257e-127  0.140118  0.859882  
3.2355e-124  0.666257  0.333743  2  2  2  2  2  2  2.44998e-125  0.618443  0.381557  
5.65181e-102  0.22782  0.77218  2  2  2  2  2  2  2.183e-124  0.873102  0.126898  
0.362316  0.629329  0.0204263  2  2  2  2  2  2  2.03999e-124  0.499873  0.500127  
2.29063e-124  0.51349  0.48651  2  2  2  2  2  2  1.96587e-124  0.943348  0.056652  
1.58541e-118  0.539843  0.460157  2  2  2  2  2  2  1.51514e-125  0.443746  0.556254  
3.42639e-120  0.327152  0.672848  2  2  2  2  2  2  7.53809e-14  2.47491e-14  1  
1.67627e-70  0.124603  0.875397  2  2  2  2  2  2  0.362316  0.629329  0.0204263  
3.36952e-124  0.768614  0.231386  2  2  2  2  2  2  1.11934e-124  0.772879  0.227121  
1.51676e-100  0.21865  0.78135  2  2  2  2  2  2  0.903167  0.105472  0  
5.28187e-111  0.778955  0.221045  2  2  2  2  2  2  1.33432e-124  0.0470759  0.952924  
5.02276e-121  0.155716  0.844284  2  2  2  2  2  2  7.79665e-125  0.282925  0.717075  
2.05917e-122  0.341855  0.658145  2  2  2  2  2  2  3.26243e-124  0.60361  0.39639  
2.56698e-121  0.813755  0.186245  2  2  2  2  2  2  1.24145e-125  0.173337  0.826663  
1.43492e-120  0.789262  0.210738  2  2  2  2  2  2  1.16176e-125  0.327152  0.672848  
1.89253e-121  0.356445  0.643555  2  2  2  2  2  2  2.03724e-125  0.816093  0.183907  
2.34451e-64  0.0157229  0.984277  2  2  2  2  2  2  0.485095  3.9638e-05  0.522603  
3.07022e-120  0.5812  0.4188  2  2  2  2  2  2  6.91566e-125  0.723478  0.276522  
3.59794e-119  0.0626678  0.937332  2  2  2  2  2  2  1.56292e-124  0.182272  0.817728  
4.19801e-112  0.237032  0.762968  2  2  2  2  2  2  9.83794e-126  0.901217  0.0987827  
2.07353e-122  0.173337  0.826663  2  2  2  2  2  2  0.206914  0.331112  0.484791  
2.15715e-117  0.429344  0.570656  2  2  2  2  2  2  4.19275e-124  0.713478  0.286522  
1.0524e-77  0.870361  0.129639  2  2  2  2  2  2  4.56524e-125  0.155716  0.844284  
2.19357e-121  0.611518  0.388482  2  2  2  2  2  2  0.606651  0.145294  0.2551  
2.16366e-122  0.264573  0.735427  2  2  2  2  2  2  0.768323  0.0429474  0.201826  
4.75229e-105  0.164493  0.835507  2  2  2  2  2  2  1.52592e-124  0.573499  0.426501  
2.99963e-85  0.0782426  0.921757  2  2  2  2  2  2  1.25953e-124  0.611039  0.388961  
1.26935e-72  0.97125  0.0287497  2  2  2  2  2  2  1.36179e-124  0.164493  0.835507  
1.65784e-120  0.596422  0.403578  2  2  2  2  2  2  8.7422e-125  0.887214  0.112786  
1.04831e-120  0.414812  0.585188  2  2  2  2  2  2  3.91808e-124  0.356445  0.643555  
5.03806e-87  0.884451  0.115549  2  2  2  2  2  2  1.76175e-125  0.414812  0.585188  
4.35946e-123  0.371007  0.628993  2  2  2  2  2  2  5.60724e-126  0.0782426  0.921757  
7.27073e-108  0.747849  0.252151  2  2  2  2  2  2  7.92596e-126  0.371007  0.628993  
6.49278e-117  0.636425  0.363575  2  2  2  2  2  2  1.08762e-125  1  1.04204e-10  
9.3556e-117  0.696307  0.303693  2  2  2  2  2  2  1.6419e-125  0.565849  0.434151  
4.02827e-120  0.443746  0.556254  2  2  2  2  2  2  1.51327e-124  0.635308  0.364692  
6.69215e-124  0.458018  0.541982  2  2  2  2  2  2  1.15702e-125  0.625808  0.374192  
2.25038e-121  0.385485  0.614515  2  2  2  2  2  2  1.16253e-125  0.458018  0.541982  
0.19909  0.390553  0.439037  2  2  2  2  2  2  9.87722e-126  0.264796  0.735204  
2.41253e-120  0.676182  0.323818  2  2  2  2  2  2  6.90249e-126  0.291911  0.708089  
1.01534e-123  0.31847  0.68153  2  2  2  2  2  2  5.3424e-125  0.51349  0.48651  
1.29887e-122  0.686214  0.313786  2  2  2  2  2  2  9.22257e-125  0.341855  0.658145  
1.54871e-31  0.98592  0.0140801  2  2  2  2  2  2  5.77955e-124  0.753412  0.246588  
0.159138  7.96608e-05  0.849642  2  2  2  2  2  2  6.22548e-125  0.683651  0.316349  
9.61008e-109  0.89858  0.10142  2  2  2  2  2  2  2.36873e-125  0.8015  0.1985  
1.66961e-116  0.737498  0.262502  2  2  2  2  2  2  1.43061e-124  0.73348  0.26652  
2.36335e-124  0.255399  0.744601  2  2  2  2  2  2  5.33779e-126  0.209475  0.790525  
1.24112e-57  0.9566  0.0434002  2  2  2  2  2  2  7.71227e-125  0.830603  0.169397  
3.47682e-102  0.0470759  0.952924  2  2  2  2  2  2  8.37383e-126  0.300824  0.699176  
6.48842e-62  0.927456  0.072544  2  2  2  2  2  2  1.00423e-124  0.581192  0.418808  
8.4584e-124  0.842076  0.157924  2  2  2  2  2  2  1.69938e-125  0.400126  0.599874  
0.606651  0.145294  0.2551  2  2  2  2  2  2  4.56817e-126  0.200334  0.799666  
2.53758e-116  0.209475  0.790525  2  2  2  2  2  2  3.55403e-125  0.255706  0.744294  
1.13008e-121  0.182272  0.817728  2  2  2  2  2  2  7.331e-126  0.309687  0.690313  
4.37638e-73  0.0937174  0.906283  2  2  2  2  2  2  1.18307e-126  0.471852  0.528148  
1.88834e-114  0.727104  0.272896  2  2  2  2  2  2  4.48377e-123  0.526834  0.473166  
8.93173e-123  0.618977  0.381023  2  2  2  2  2  2  3.96457e-124  0.429344  0.570656  
0.361856  0.649167  9.10222e-10  2  2  2  2  2  2  3.24427e-125  0.664192  0.335808  
7.33066e-121  0.58879  0.41121  2  2  2  2  2  2  2.21896e-124  0.844879  0.155121  
0.20782  0.803832  0.000185444  2  2  2  2  2  2  3.44823e-125  0.23715  0.76285  
3.48753e-118  0.200334  0.799666  2  2  2  2  2  2  6.28756e-126  0.929322  0.0706775  
1.12397e-121  0.499873  0.500127  2  2  2  2  2  2  9.58852e-125  0.971589  0.0284106  
3.98258e-118  0.716787  0.283213  2  2  2  2  2  2  5.02262e-124  0.31847  0.68153  
0.768323  0.0429474  0.201826  2  2  2  2  2  2  2.32445e-126  0.0626678  0.937332  
2.24296e-120  0.291895  0.708105  2  2  2  2  2  2  0.20782  0.803832  0.000185444  
2.65889e-114  0.646369  0.353631  2  2  2  2  2  2  5.00834e-125  0.859037  0.140963  
5.51119e-119  0.191284  0.808716  2  2  2  2  2  2  3.06105e-124  0.552892  0.447108  
0.767763  0  0.244234  2  2  2  2  2  2  0.159138  7.96608e-05  0.849642  
0.206914  0.331112  0.484791  2  2  2  2  2  2  7.83335e-125  0.485991  0.514009  
3.33531e-116  0.626491  0.373509  2  2  2  2  2  2  4.09032e-124  0.227882  0.772118  
0.563911  0.448205  2.49522e-06  2  2  2  2  2  2  1.0697e-125  0.27392  0.72608  
1.33652e-78  0.912984  0.0870158  2  2  2  2  2  2  3.32491e-126  0.0314061  0.968594  
6.11088e-45  0.941969  0.0580305  2  2  2  2  2  2  2.58677e-124  0.673872  0.326128  
0.485095  3.9638e-05  0.522603  2  2  2  2  2  2  8.74571e-126  0.539843  0.460157  
3.19791e-27  1  1.04204e-10  2  2  2  2  2  2  1.73384e-125  0.76316  0.23684  
1.12298e-15  2.31788e-14  1  2  2  2  2  2  2  2.09902e-125  0.124603  0.875397  
0.186217  0.910596  0.0233167  2  2  2  2  2  2  1.38411e-124  0.703468  0.296532  
1  0  0  2  2  2  2  2  2  8.75468e-125  0.792014  0.207986  
0.903167  0.105472  0  2  2  2  2  2  2  0.361856  0.649167  9.10222e-10  
8.2633e-121  0.573499  0.426501  2  2  2  2  2  2  2.50019e-125  0.588679  0.411321  
2.04415e-130  0.28275  0.71725  2  2  2  2  2  2  0.197864  0.388149  0.436334  
4.8972e-138  0.485339  0.514661  2  2  2  2  2  2  2.30575e-140  0.645016  0.354984  
1.60237e-135  0.471154  0.528846  2  2  2  2  2  2  1  0  0  
1.56552e-124  0.52652  0.47348  2  2  2  2  2  2  1.51122e-139  0.384648  0.615352  
1.93551e-137  0.798953  0.201047  2  2  2  2  2  2  0.766183  0  0.243731  
2.04504e-137  0.567183  0.432817  2  2  2  2  2  2  5.52543e-141  0.21865  0.78135  
5.39049e-136  0.300655  0.699345  2  2  2  2  2  2  4.04181e-141  0.0937174  0.906283  
1.0035e-133  0.309562  0.690438  2  2  2  2  2  2  5.25656e-142  0.0157229  0.984277  
5.00425e-124  0.603966  0.396034  2  2  2  2  2  2  3.02782e-139  0.915321  0.0846795  
1.07044e-137  0.75821  0.24179  2  2  2  2  2  2  3.4337e-139  0.985777  0.0142229  
3.63785e-131  0.856201  0.143799  2  2  2  2  2  2  1.08428e-140  0.109154  0.890846  
1.47811e-134  0.140254  0.859746  2  2  2  2  2  2  0.56288  0.447386  1.24162e-06  
8.43827e-117  0.656305  0.343695  2  2  2  2  2  2  1.36592e-140  0.191373  0.808627  
2.75268e-133  0.273675  0.726325  2  2  2  2  2  2  2.04044e-139  0.246345  0.753655  
5.50661e-111  0.0314061  0.968594  2  2  2  2  2  2  1.21991e-139  0.782217  0.217783  
2.05246e-133  0.553496  0.446504  2  2  2  2  2  2  1.50556e-139  0.69364  0.30636  
1.46653e-134  0.827765  0.172235  2  2  2  2  2  2  4.01666e-140  0.65463  0.34537  
1.66278e-133  0.706585  0.293415  2  2  2  2  2  2  3.9457e-139  0.596209  0.403791  
1.67733e-71  0.109154  0.890846  2  2  2  2  2  2  4.17909e-138  0.95746  0.04254  
6.36462e-133  0.246214  0.753786  2  2  2  2  2  2  9.56869e-139  0.743336  0.256664  
1.41851e-138  0.399281  0.600719  2  2  2  2  2  2  2.74799e-140  0.140254  0.859746  
3.2355e-124  0.666257  0.333743  2  2  2  2  2  2  7.62888e-142  0.618434  0.381566  
5.65181e-102  0.22782  0.77218  2  2  2  2  2  2  7.69534e-140  0.873102  0.126898  
0.361508  0.627925  0.0203807  2  2  2  2  2  2  7.05995e-140  0.499176  0.500824  
5.42782e-136  0.51285  0.48715  2  2  2  2  2  2  2.98322e-134  0.943348  0.056652  
4.89733e-132  0.540028  0.459972  2  2  2  2  2  2  2.05129e-140  0.442674  0.557326  
1.28458e-139  0.326962  0.673038  2  2  2  2  2  2  7.52137e-14  2.46943e-14  1  
2.33823e-135  0.124641  0.875359  2  2  2  2  2  2  0.361508  0.627925  0.0203807  
9.84421e-134  0.768537  0.231463  2  2  2  2  2  2  9.73652e-140  0.772809  0.227191  
1.51676e-100  0.21865  0.78135  2  2  2  2  2  2  0.900613  0.105174  0  
3.13273e-136  0.778781  0.221219  2  2  2  2  2  2  2.89639e-141  0.0470759  0.952924  
2.37955e-134  0.15581  0.84419  2  2  2  2  2  2  1.1456e-140  0.28275  0.71725  
3.35988e-133  0.341628  0.658372  2  2  2  2  2  2  5.54349e-141  0.603608  0.396392  
2.4979e-129  0.81353  0.18647  2  2  2  2  2  2  3.2364e-130  0.173473  0.826527  
2.0164e-139  0.788846  0.211154  2  2  2  2  2  2  1.31565e-140  0.326962  0.673038  
1.3763e-136  0.356114  0.643886  2  2  2  2  2  2  1.56608e-141  0.815533  0.184467  
2.34451e-64  0.0157229  0.984277  2  2  2  2  2  2  0.484219  3.83345e-05  0.521657  
3.69044e-136  0.581686  0.418314  2  2  2  2  2  2  2.44482e-139  0.723478  0.276522  
3.59794e-119  0.0626678  0.937332  2  2  2  2  2  2  6.97302e-141  0.182364  0.817636  
4.19801e-112  0.237032  0.762968  2  2  2  2  2  2  4.654e-139  0.901273  0.0987274  
2.36494e-129  0.173473  0.826527  2  2  2  2  2  2  0.206914  0.331112  0.484791  
6.68592e-140  0.428412  0.571588  2  2  2  2  2  2  4.27357e-140  0.713478  0.286522  
1.0524e-77  0.870361  0.129639  2  2  2  2  2  2  1.99481e-141  0.15581  0.84419  
3.15478e-126  0.611437  0.388563  2  2  2  2  2  2  0.606651  0.145294  0.2551  
2.16366e-122  0.264573  0.735427  2  2  2  2  2  2  0.768167  0.0429386  0.201785  
2.24437e-129  0.164629  0.835371  2  2  2  2  2  2  9.01181e-140  0.57427  0.42573  
2.99963e-85  0.0782426  0.921757  2  2  2  2  2  2  1.94659e-140  0.611039  0.388961  
1.26935e-72  0.97125  0.0287497  2  2  2  2  2  2  6.04754e-130  0.164629  0.835371  
9.69212e-134  0.596469  0.403531  2  2  2  2  2  2  3.90308e-139  0.887214  0.112786  
1.42917e-135  0.413929  0.586071  2  2  2  2  2  2  3.67554e-138  0.356114  0.643886  
5.03806e-87  0.884451  0.115549  2  2  2  2  2  2  3.81837e-139  0.413929  0.586071  
9.73709e-134  0.370448  0.629552  2  2  2  2  2  2  8.00475e-142  0.0782426  0.921757  
1.18399e-135  0.747853  0.252147  2  2  2  2  2  2  9.11135e-139  0.370448  0.629552  
6.49278e-117  0.636425  0.363575  2  2  2  2  2  2  7.78515e-139  1  1.04204e-10  
1.926e-138  0.696495  0.303505  2  2  2  2  2  2  9.23632e-140  0.567183  0.432817  
4.49253e-137  0.442674  0.557326  2  2  2  2  2  2  5.87027e-138  0.63539  0.36461  
1.31271e-140  0.456894  0.543106  2  2  2  2  2  2  1.82803e-139  0.625808  0.374192  
1.51122e-139  0.384648  0.615352  2  2  2  2  2  2  1.31271e-140  0.456894  0.543106  
0.197864  0.388149  0.436334  2  2  2  2  2  2  1.87406e-140  0.264635  0.735365  
1.54094e-127  0.676282  0.323718  2  2  2  2  2  2  1.77498e-140  0.29176  0.70824  
1.09091e-138  0.318345  0.681655  2  2  2  2  2  2  6.02375e-140  0.51285  0.48715  
1.24976e-128  0.68634  0.31366  2  2  2  2  2  2  2.00132e-140  0.341628  0.658372  
1.54871e-31  0.98592  0.0140801  2  2  2  2  2  2  4.42118e-140  0.753232  0.246768  
0.159138  7.96608e-05  0.849642  2  2  2  2  2  2  7.56272e-139  0.683769  0.316231  
9.61008e-109  0.89858  0.10142  2  2  2  2  2  2  1.24918e-139  0.800987  0.199013  
1.66961e-116  0.737498  0.262502  2  2  2  2  2  2  1.35615e-138  0.73348  0.26652  
2.36335e-124  0.255399  0.744601  2  2  2  2  2  2  2.52859e-140  0.209475  0.790525  
1.24112e-57  0.9566  0.0434002  2  2  2  2  2  2  3.13346e-140  0.83014  0.16986  
3.47682e-102  0.0470759  0.952924  2  2  2  2  2  2  4.22069e-140  0.300655  0.699345  
1.69646e-138  0.927511  0.0724892  2  2  2  2  2  2  3.24115e-140  0.581576  0.418424  
9.05868e-137  0.842034  0.157966  2  2  2  2  2  2  1.41851e-138  0.399281  0.600719  
0.606651  0.145294  0.2551  2  2  2  2  2  2  1.28968e-141  0.20035  0.79965  
2.53758e-116  0.209475  0.790525  2  2  2  2  2  2  9.71731e-140  0.255535  0.744465  
8.10164e-133  0.182364  0.817636  2  2  2  2  2  2  2.25885e-138  0.309562  0.690438  
4.37638e-73  0.0937174  0.906283  2  2  2  2  2  2  2.29085e-139  0.471154  0.528846  
1.3948e-125  0.727151  0.272849  2  2  2  2  2  2  1.04404e-140  0.52652  0.47348  
4.21503e-139  0.618937  0.381063  2  2  2  2  2  2  6.68592e-140  0.428412  0.571588  
0.361847  0.649151  2.78414e-10  2  2  2  2  2  2  1.40273e-139  0.664301  0.335699  
1.26948e-135  0.589056  0.410944  2  2  2  2  2  2  6.46409e-140  0.844661  0.155339  
0.207569  0.802859  0.00018522  2  2  2  2  2  2  1.64616e-140  0.23715  0.76285  
1.30326e-131  0.20035  0.79965  2  2  2  2  2  2  1.1555e-138  0.929322  0.0706775  
2.62266e-139  0.499176  0.500824  2  2  2  2  2  2  4.61628e-140  0.971589  0.0284106  
4.02075e-127  0.716847  0.283153  2  2  2  2  2  2  4.96818e-140  0.318345  0.681655  
0.768167  0.0429386  0.201785  2  2  2  2  2  2  1.24382e-140  0.0626678  0.937332  
1.90081e-133  0.29176  0.70824  2  2  2  2  2  2  0.207569  0.802859  0.00018522  
2.65889e-114  0.646369  0.353631  2  2  2  2  2  2  1.94528e-139  0.858835  0.141165  
2.89372e-134  0.191373  0.808627  2  2  2  2  2  2  1.11156e-140  0.553496  0.446504  
0.766183  0  0.243731  2  2  2  2  2  2  0.159138  7.96608e-05  0.849642  
0.206914  0.331112  0.484791  2  2  2  2  2  2  1.72749e-140  0.485339  0.514661  
2.67345e-134  0.626395  0.373605  2  2  2  2  2  2  6.47527e-141  0.227882  0.772118  
0.56288  0.447386  1.24162e-06  2  2  2  2  2  2  2.71732e-140  0.273675  0.726325  
8.57222e-139  0.913012  0.0869884  2  2  2  2  2  2  5.61111e-140  0.0314061  0.968594  
4.47591e-140  0.942046  0.0579543  2  2  2  2  2  2  1.60105e-140  0.673965  0.326035  
0.484219  3.83345e-05  0.521657  2  2  2  2  2  2  7.83749e-141  0.540028  0.459972  
3.19791e-27  1  1.04204e-10  2  2  2  2  2  2  2.632e-139  0.76302  0.23698  
1.12298e-15  2.31788e-14  1  2  2  2  2  2  2  2.8937e-139  0.124641  0.875359  
0.186217  0.910596  0.0233167  2  2  2  2  2  2  2.4986e-139  0.703505  0.296495  
1  0  0  2  2  2  2  2  2  1.47722e-140  0.791784  0.208216  
0.900613  0.105174  0  2  2  2  2  2  2  0.361847  0.649151  2.78414e-10  
1.01938e-135  0.574371  0.425629  2  2  2  2  2  2  7.72512e-140  0.588909  0.411091  
