3.62148  2.60413  4.62148  4.27281  1.79769e+308  1.79769e+308  3.62148  2.60413  
1.24909  1.73579  4.62148  4.27281  1.79769e+308  1.79769e+308  1.24909  1.73579  
1.42586  2.08032  4.62148  4.27281  1.79769e+308  1.79769e+308  1.42586  2.08032  
1.52309  1.85472  4.62148  4.27281  1.79769e+308  1.79769e+308  1.52309  1.85472  
2.71746  2.07608  4.62148  4.27281  1.79769e+308  1.79769e+308  2.71746  2.07608  
2.08213  2.04983  4.62148  4.27281  1.79769e+308  1.79769e+308  2.08213  2.04983  
1.77052  1.70455  4.62148  4.27281  1.79769e+308  1.79769e+308  1.77052  1.70455  
2.78836  2.17429  4.62148  4.27281  1.79769e+308  1.79769e+308  2.78836  2.17429  
1.09336  2.44513  4.62148  4.27281  1.79769e+308  1.79769e+308  1.09336  2.44513  
2.25738  1.77156  4.62148  4.27281  1.79769e+308  1.79769e+308  2.25738  1.77156  
2.12614  1.76684  4.62148  4.27281  1.79769e+308  1.79769e+308  2.12614  1.76684  
1.49466  1.72545  4.62148  4.27281  1.79769e+308  1.79769e+308  1.49466  1.72545  
1.56187  1.89977  4.62148  4.27281  1.79769e+308  1.79769e+308  1.56187  1.89977  
2.23939  0.883608  4.62148  4.27281  1.79769e+308  1.79769e+308  2.23939  0.883608  
1.84116  1.53012  4.62148  4.27281  1.79769e+308  1.79769e+308  1.84116  1.53012  
2.69232  1.84316  4.62148  4.27281  1.79769e+308  1.79769e+308  2.69232  1.84316  
2.17683  2.49517  4.62148  4.27281  1.79769e+308  1.79769e+308  2.17683  2.49517  
2.36184  1.42462  4.62148  4.27281  1.79769e+308  1.79769e+308  2.36184  1.42462  
2.59831  1.92203  4.62148  4.27281  1.79769e+308  1.79769e+308  2.59831  1.92203  
2.91034  2.68541  4.62148  4.27281  1.79769e+308  1.79769e+308  2.91034  2.68541  
2.53144  2.29658  4.62148  4.27281  1.79769e+308  1.79769e+308  2.53144  2.29658  
1.58481  1.66558  4.62148  4.27281  1.79769e+308  1.79769e+308  1.58481  1.66558  
1.14754  2.04128  4.62148  4.27281  1.79769e+308  1.79769e+308  1.14754  2.04128  
2.82536  1.97771  4.62148  4.27281  1.79769e+308  1.79769e+308  2.82536  1.97771  
2.97434  1.76895  4.62148  4.27281  1.79769e+308  1.79769e+308  2.97434  1.76895  
2.55579  1.25639  4.62148  4.27281  1.79769e+308  1.79769e+308  2.55579  1.25639  
2.06649  1.65737  4.62148  4.27281  1.79769e+308  1.79769e+308  2.06649  1.65737  
2.62634  2.09809  4.62148  4.27281  1.79769e+308  1.79769e+308  2.62634  2.09809  
1.58661  2.18315  4.62148  4.27281  1.79769e+308  1.79769e+308  1.58661  2.18315  
2.18849  1.769  4.62148  4.27281  1.79769e+308  1.79769e+308  2.18849  1.769  
1.95601  2.29489  4.62148  4.27281  1.79769e+308  1.79769e+308  1.95601  2.29489  
2.20422  1.33371  4.62148  4.27281  1.79769e+308  1.79769e+308  2.20422  1.33371  
2.42234  3.2596  4.62148  4.27281  1.79769e+308  1.79769e+308  2.42234  3.2596  
2.18025  2.97991  4.62148  4.27281  1.79769e+308  1.79769e+308  2.18025  2.97991  
2.29765  1.63103  4.62148  4.27281  1.79769e+308  1.79769e+308  2.29765  1.63103  
2.33852  2.06061  4.62148  4.27281  1.79769e+308  1.79769e+308  2.33852  2.06061  
3.01166  2.28533  4.62148  4.27281  1.79769e+308  1.79769e+308  3.01166  2.28533  
2.15664  1.64284  4.62148  4.27281  1.79769e+308  1.79769e+308  2.15664  1.64284  
2.05858  2.11728  4.62148  4.27281  1.79769e+308  1.79769e+308  2.05858  2.11728  
1.38791  1.8924  4.62148  4.27281  1.79769e+308  1.79769e+308  1.38791  1.8924  
2.1721  3.09881  4.62148  4.27281  1.79769e+308  1.79769e+308  2.1721  3.09881  
2.82594  2.04206  4.62148  4.27281  1.79769e+308  1.79769e+308  2.82594  2.04206  
1.94224  2.03761  4.62148  4.27281  1.79769e+308  1.79769e+308  1.94224  2.03761  
2.55799  2.38506  4.62148  4.27281  1.79769e+308  1.79769e+308  2.55799  2.38506  
3.23267  1.3751  4.62148  4.27281  1.79769e+308  1.79769e+308  3.23267  1.3751  
1.22757  1.9104  4.62148  4.27281  1.79769e+308  1.79769e+308  1.22757  1.9104  
1.58905  1.34379  4.62148  4.27281  1.79769e+308  1.79769e+308  1.58905  1.34379  
1.66263  3.19814  4.62148  4.27281  1.79769e+308  1.79769e+308  1.66263  3.19814  
1.41189  2.73191  4.62148  4.27281  1.79769e+308  1.79769e+308  1.41189  2.73191  
2.64384  1.64108  4.62148  4.27281  1.79769e+308  1.79769e+308  2.64384  1.64108  
1.41082  1.63785  4.62148  4.27281  1.79769e+308  1.79769e+308  1.41082  1.63785  
1.38858  2.42339  4.62148  4.27281  1.79769e+308  1.79769e+308  1.38858  2.42339  
1.86004  2.58582  4.62148  4.27281  1.79769e+308  1.79769e+308  1.86004  2.58582  
1.70163  2.2546  4.62148  4.27281  1.79769e+308  1.79769e+308  1.70163  2.2546  
1.75981  3.27281  4.62148  4.27281  1.79769e+308  1.79769e+308  1.75981  3.27281  
1.49812  2.29823  4.62148  4.27281  1.79769e+308  1.79769e+308  1.49812  2.29823  
1.68535  2.226  4.62148  4.27281  1.79769e+308  1.79769e+308  1.68535  2.226  
1.33474  1.93838  4.62148  4.27281  1.79769e+308  1.79769e+308  1.33474  1.93838  
2.52053  0.899275  4.62148  4.27281  1.79769e+308  1.79769e+308  2.52053  0.899275  
2.70652  2.20593  4.62148  4.27281  1.79769e+308  1.79769e+308  2.70652  2.20593  
1.87378  2.68315  4.62148  4.27281  1.79769e+308  1.79769e+308  1.87378  2.68315  
2.18658  0.662717  4.62148  4.27281  1.79769e+308  1.79769e+308  2.18658  0.662717  
1.83608  2.55307  4.62148  4.27281  1.79769e+308  1.79769e+308  1.83608  2.55307  
1.27198  2.95349  4.62148  4.27281  1.79769e+308  1.79769e+308  1.27198  2.95349  
2.8392  2.53321  4.62148  4.27281  1.79769e+308  1.79769e+308  2.8392  2.53321  
2.05219  1.82287  4.62148  4.27281  1.79769e+308  1.79769e+308  2.05219  1.82287  
2.63972  2.27153  4.62148  4.27281  1.79769e+308  1.79769e+308  2.63972  2.27153  
2.36757  2.23674  4.62148  4.27281  1.79769e+308  1.79769e+308  2.36757  2.23674  
0.839946  1.72182  4.62148  4.27281  1.79769e+308  1.79769e+308  0.839946  1.72182  
2.60351  2.47343  4.62148  4.27281  1.79769e+308  1.79769e+308  2.60351  2.47343  
1.70406  2.94425  4.62148  4.27281  1.79769e+308  1.79769e+308  1.70406  2.94425  
1.45113  2.40144  4.62148  4.27281  1.79769e+308  1.79769e+308  1.45113  2.40144  
1.89382  2.08876  4.62148  4.27281  1.79769e+308  1.79769e+308  1.89382  2.08876  
1.96821  2.36075  4.62148  4.27281  1.79769e+308  1.79769e+308  1.96821  2.36075  
2.48365  1.98111  4.62148  4.27281  1.79769e+308  1.79769e+308  2.48365  1.98111  
2.49517  1.42287  4.62148  4.27281  1.79769e+308  1.79769e+308  2.49517  1.42287  
1.78879  2.07885  4.62148  4.27281  1.79769e+308  1.79769e+308  1.78879  2.07885  
2.37169  1.74463  4.62148  4.27281  1.79769e+308  1.79769e+308  2.37169  1.74463  
2.65502  2.49676  4.62148  4.27281  1.79769e+308  1.79769e+308  2.65502  2.49676  
2.54441  2.26898  4.62148  4.27281  1.79769e+308  1.79769e+308  2.54441  2.26898  
2.53297  1.34482  4.62148  4.27281  1.79769e+308  1.79769e+308  2.53297  1.34482  
2.49799  2.16209  4.62148  4.27281  1.79769e+308  1.79769e+308  2.49799  2.16209  
1.29753  1.92865  4.62148  4.27281  1.79769e+308  1.79769e+308  1.29753  1.92865  
1.90621  1.9513  4.62148  4.27281  1.79769e+308  1.79769e+308  1.90621  1.9513  
2.5869  1.87862  4.62148  4.27281  1.79769e+308  1.79769e+308  2.5869  1.87862  
1.79343  1.87572  4.62148  4.27281  1.79769e+308  1.79769e+308  1.79343  1.87572  
1.49621  1.36345  4.62148  4.27281  1.79769e+308  1.79769e+308  1.49621  1.36345  
2.55529  2.10663  4.62148  4.27281  1.79769e+308  1.79769e+308  2.55529  2.10663  
1.74832  2.72382  4.62148  4.27281  1.79769e+308  1.79769e+308  1.74832  2.72382  
1.37098  2.09524  4.62148  4.27281  1.79769e+308  1.79769e+308  1.37098  2.09524  
1.66341  2.35873  4.62148  4.27281  1.79769e+308  1.79769e+308  1.66341  2.35873  
1.78035  1.82002  4.62148  4.27281  1.79769e+308  1.79769e+308  1.78035  1.82002  
2.5195  1.89111  4.62148  4.27281  1.79769e+308  1.79769e+308  2.5195  1.89111  
1.93696  2.87217  4.62148  4.27281  1.79769e+308  1.79769e+308  1.93696  2.87217  
2.13531  2.39474  4.62148  4.27281  1.79769e+308  1.79769e+308  2.13531  2.39474  
0.771222  2.13226  4.62148  4.27281  1.79769e+308  1.79769e+308  0.771222  2.13226  
1.53591  2.23297  4.62148  4.27281  1.79769e+308  1.79769e+308  1.53591  2.23297  
1.66313  1.60609  4.62148  4.27281  1.79769e+308  1.79769e+308  1.66313  1.60609  
2.05598  2.49825  4.62148  4.27281  1.79769e+308  1.79769e+308  2.05598  2.49825  
2.02378  2.77956  4.62148  4.27281  1.79769e+308  1.79769e+308  2.02378  2.77956  
0.90084  0.0508925  4.34523  4.19434  2.89768  3.09524  2.37652  0.478572  
1.07083  0.730691  4.34523  4.19434  2.89768  3.09524  0.710444  1.3619  
1.07083  0.730691  4.34523  4.19434  2.89768  3.09524  1.84225  0.575075  
1.47437  1.41349  4.34523  4.19434  2.89768  3.09524  2.31227  0.896578  
1.37098  2.09524  4.34523  4.19434  2.89768  3.09524  0.976956  1.68778  
0.132273  0.987351  4.34523  4.19434  2.89768  3.09524  3.21649  0.536879  
1.47437  1.41349  4.34523  4.19434  2.89768  3.09524  1.41035  1.42627  
0.284106  0.467072  4.34523  4.19434  2.89768  3.09524  1.906  0.819994  
0.132273  0.98468  4.34523  4.19434  2.89768  3.09524  2.6222  1.3175  
0.0236003  0.862167  4.34523  4.19434  2.89768  3.09524  2.31027  0.780668  
0.284142  0.467069  4.34523  4.19434  2.89768  3.09524  1.17289  2.17832  
0.132273  0.987351  4.34523  4.19434  2.89768  3.09524  1.08753  1.67626  
1.37098  2.09524  4.34523  4.19434  2.89768  3.09524  2.70757  0.582073  
0.492268  0.298394  4.34523  4.19434  2.89768  3.09524  0.900817  0.0508909  
1.47458  0.00168769  4.34523  4.19434  2.89768  3.09524  0.497658  1.76886  
0.0236003  0.862167  4.34523  4.19434  2.89768  3.09524  1.46078  1.51471  
0.900821  0.0508956  4.34523  4.19434  2.89768  3.09524  0.946134  1.89113  
0.901383  0.0507733  4.34523  4.19434  2.89768  3.09524  0.492265  0.298394  
0.284031  0.467072  4.34523  4.19434  2.89768  3.09524  1.36763  2.05186  
0.900819  0.0508925  4.34523  4.19434  2.89768  3.09524  1.21061  1.54612  
0.90082  0.0508956  4.34523  4.19434  2.89768  3.09524  1.72218  1.60746  
0.491362  0.301686  4.34523  4.19434  2.89768  3.09524  1.34694  1.08053  
1.47437  0.0344671  4.34523  4.19434  2.89768  3.09524  0.572163  2.4136  
1.37101  1.72687  4.34523  4.19434  2.89768  3.09524  1.12706  2.01667  
0.900819  0.050936  4.34523  4.19434  2.89768  3.09524  0.297677  2.6068  
1.07604  0.144809  4.34523  4.19434  2.89768  3.09524  0.702552  2.42251  
0.0947204  0.692238  4.34523  4.19434  2.89768  3.09524  1.0932  0.792682  
0.039084  0.834941  4.34523  4.19434  2.89768  3.09524  0.39452  2.08218  
0.492267  0.298394  4.34523  4.19434  2.89768  3.09524  0.86327  1.16083  
0.492265  0.298394  4.34523  4.19434  2.89768  3.09524  0.79942  1.18707  
0.900819  0.0510778  4.34523  4.19434  2.89768  3.09524  1.6463  1.80512  
0.49239  0.298394  4.34523  4.19434  2.89768  3.09524  2.24191  1.28527  
0.0229392  0.849464  4.34523  4.19434  2.89768  3.09524  1.14233  2.09207  
0.900817  0.0508909  4.34523  4.19434  2.89768  3.09524  0.370675  1.58707  
0.491716  0.299393  4.34523  4.19434  2.89768  3.09524  1.89768  0.823493  
0.0989057  0.690401  4.34523  4.19434  2.89768  3.09524  2.60355  0.85569  
0.491485  0.299664  4.34523  4.19434  2.89768  3.09524  0.497376  1.60264  
0.491963  0.298634  4.34523  4.19434  2.89768  3.09524  1.12985  1.03659  
0.0236769  0.849464  4.34523  4.19434  2.89768  3.09524  1.24559  1.66509  
0.284028  0.467069  4.34523  4.19434  2.89768  3.09524  0.661273  3.19434  
0.283428  0.468061  4.34523  4.19434  2.89768  3.09524  1.78179  1.41685  
1.3739  0.029116  4.34523  4.19434  2.89768  3.09524  2.78835  0.699017  
0.0260033  0.844009  4.34523  4.19434  2.89768  3.09524  1.68251  0.812044  
0.141915  0.711678  4.34523  4.19434  2.89768  3.09524  0.595488  2.30481  
0.493681  0.298136  4.34523  4.19434  2.89768  3.09524  0.178543  2.08985  
0.72083  0.264732  4.34523  4.19434  2.89768  3.09524  0.802826  2.46707  
0.0244871  0.849539  4.34523  4.19434  2.89768  3.09524  2.75688  1.04309  
1.37882  0.000271204  4.34523  4.19434  2.89768  3.09524  1.97904  1.25758  
1.37105  0.159838  4.34523  4.19434  2.89768  3.09524  0.644701  2.83203  
0.491774  0.298916  4.34523  4.19434  2.89768  3.09524  0.908147  2.06972  
0.435736  0.384523  4.34523  4.19434  2.89768  3.09524  1.12262  0.0104757  
1.11347  0.0261549  4.34523  4.19434  2.89768  3.09524  2.00207  1.18429  
0.022929  0.850553  4.34523  4.19434  2.89768  3.09524  3.17041  1.0064  
1.37103  1.46734  4.34523  4.19434  2.89768  3.09524  1.14004  2.30931  
0.0947332  0.692237  4.34523  4.19434  2.89768  3.09524  1.9026  0.43843  
0.0229597  0.849464  4.34523  4.19434  2.89768  3.09524  1.99641  1.30716  
0.0236372  0.852465  4.34523  4.19434  2.89768  3.09524  2.30428  1.03009  
0.13446  0.756115  4.34523  4.19434  2.89768  3.09524  2.57912  0.881493  
0.150829  0.697417  4.34523  4.19434  2.89768  3.09524  1.52115  0.927993  
0.900817  0.0508909  4.34523  4.19434  2.89768  3.09524  1.58845  1.36748  
0.900088  0.0522507  4.34523  4.19434  2.89768  3.09524  1.02574  1.8277  
0.164519  0.696812  4.34523  4.19434  2.89768  3.09524  1.66333  1.56368  
0.13323  0.75832  4.34523  4.19434  2.89768  3.09524  0.282658  3.18964  
0.752385  0.263045  4.34523  4.19434  2.89768  3.09524  1.15653  2.08207  
0.289368  0.466769  4.34523  4.19434  2.89768  3.09524  0.85767  1.25131  
1.22988  0.000178591  4.34523  4.19434  2.89768  3.09524  1.33349  1.07309  
0.132273  0.973447  4.34523  4.19434  2.89768  3.09524  1.29606  2.31552  
1.08092  0.0523457  4.34523  4.19434  2.89768  3.09524  2.57861  1.0433  
0.283324  0.468522  4.34523  4.19434  2.89768  3.09524  1.51341  0.686477  
0.0236054  0.860394  4.34523  4.19434  2.89768  3.09524  1.45165  1.99892  
0.0472704  0.831684  4.34523  4.19434  2.89768  3.09524  1.36329  2.1337  
0.0260567  0.841917  4.34523  4.19434  2.89768  3.09524  2.02026  1.49692  
0.0510057  0.83168  4.34523  4.19434  2.89768  3.09524  1.69825  1.95742  
1.07757  0.0553588  4.34523  4.19434  2.89768  3.09524  1.92535  1.15156  
0.0978856  0.690878  4.34523  4.19434  2.89768  3.09524  1.25689  1.75783  
1.47439  0.0280614  4.34523  4.19434  2.89768  3.09524  1.6388  1.52853  
0.0397966  0.834333  4.34523  4.19434  2.89768  3.09524  3.34523  0.741758  
0.132677  0.963066  4.34523  4.19434  2.89768  3.09524  1.24333  0.0284199  
0.0940642  0.695463  4.34523  4.19434  2.89768  3.09524  1.12686  2.38129  
0.717389  0.29096  4.34523  4.19434  2.89768  3.09524  2.37655  0.639076  
0.0946177  0.692452  4.34523  4.19434  2.89768  3.09524  1.50331  1.48037  
0.0311678  0.838606  4.34523  4.19434  2.89768  3.09524  0.64226  2.11989  
1.47185  0.000158811  4.34523  4.19434  2.89768  3.09524  0.0229392  0.849464  
0.491944  0.298666  4.34523  4.19434  2.89768  3.09524  0.921709  2.2645  
0.0408057  0.833268  4.34523  4.19434  2.89768  3.09524  1.83821  2.0913  
0.900965  0.0508454  4.34523  4.19434  2.89768  3.09524  0.79812  2.09367  
1.12262  0.0104757  4.34523  4.19434  2.89768  3.09524  1.61073  1.04843  
0.492985  0.298319  4.34523  4.19434  2.89768  3.09524  0.622571  0.969805  
0.0229336  0.849896  4.34523  4.19434  2.89768  3.09524  1.70147  1.43162  
1.07649  0.0568828  4.34523  4.19434  2.89768  3.09524  3.28037  1.29101  
0.0253245  0.84861  4.34523  4.19434  2.89768  3.09524  3.28568  0.764249  
0.0227456  0.874335  4.34523  4.19434  2.89768  3.09524  0.0947204  0.692238  
1.37192  0.0294616  4.34523  4.19434  2.89768  3.09524  1.70888  1.92856  
1.07169  0.180096  4.34523  4.19434  2.89768  3.09524  2.10727  1.1586  
0.284742  0.467069  4.34523  4.19434  2.89768  3.09524  1.50861  1.8042  
0.0273558  0.839203  4.34523  4.19434  2.89768  3.09524  0.38195  1.78577  
1.37104  0.661791  4.34523  4.19434  2.89768  3.09524  2.14434  0.972955  
1.3711  0.113168  4.34523  4.19434  2.89768  3.09524  2.50388  1.40455  
1.27685  0.000143444  4.34523  4.19434  2.89768  3.09524  1.60095  0.647326  
0.900182  0.0517169  4.34523  4.19434  2.89768  3.09524  0.640531  1.38556  
0.101014  0.687023  3.38891  2.72181  2.27685  2.25567  0.693231  0.176745  
0.951486  0.0245669  3.38891  2.72181  2.27685  2.25567  0.417285  0.790561  
7.13675e-05  1.17857  3.38891  2.72181  2.27685  2.25567  0.000622584  1.24574  
0.0968412  0.688812  3.38891  2.72181  2.27685  2.25567  1.00077  0.271402  
0.49226  0.298389  3.38891  2.72181  2.27685  2.25567  0.182934  0.574055  
0.460708  0.323066  3.38891  2.72181  2.27685  2.25567  1.09563  0.227275  
0.918036  0.0422948  3.38891  2.72181  2.27685  2.25567  0.866187  0.248604  
0.0977577  0.687844  3.38891  2.72181  2.27685  2.25567  1.07233  0.219948  
0.230484  0.521036  3.38891  2.72181  2.27685  2.25567  0.487569  0.656512  
0.900815  0.0508906  3.38891  2.72181  2.27685  2.25567  0.363598  0.527902  
0.231253  0.519122  3.38891  2.72181  2.27685  2.25567  2.0077  0.00281921  
0.728971  0.147794  3.38891  2.72181  2.27685  2.25567  0.518455  0.520256  
4.57496e-05  1.24486  3.38891  2.72181  2.27685  2.25567  0.000126957  1.57822  
0.863913  0.070575  3.38891  2.72181  2.27685  2.25567  0.231253  0.519122  
0.918039  0.0419703  3.38891  2.72181  2.27685  2.25567  0.353084  0.874958  
0.456812  0.32448  3.38891  2.72181  2.27685  2.25567  0.855022  0.597628  
0.729506  0.145897  3.38891  2.72181  2.27685  2.25567  1.55789  0.0100358  
0.901383  0.0507733  3.38891  2.72181  2.27685  2.25567  0.492693  0.298109  
0.016627  0.871104  3.38891  2.72181  2.27685  2.25567  0.983664  0.354781  
0.492694  0.298109  3.38891  2.72181  2.27685  2.25567  0.977723  0.252349  
0.693231  0.176745  3.38891  2.72181  2.27685  2.25567  0.299022  0.930353  
0.491362  0.301686  3.38891  2.72181  2.27685  2.25567  0.820475  0.525641  
0.731219  0.145634  3.38891  2.72181  2.27685  2.25567  1.35176  0.149891  
1.70672e-05  1.25567  3.38891  2.72181  2.27685  2.25567  1.53875  0.00306717  
0.0178579  0.866418  3.38891  2.72181  2.27685  2.25567  0.0160585  1.18892  
0.867095  0.0704461  3.38891  2.72181  2.27685  2.25567  0.729506  0.145897  
0.0947204  0.692238  3.38891  2.72181  2.27685  2.25567  0.12676  1.04203  
0.039084  0.834941  3.38891  2.72181  2.27685  2.25567  2.21185  0.00321403  
0.0209886  0.858323  3.38891  2.72181  2.27685  2.25567  0.427838  0.738184  
0.458236  0.323319  3.38891  2.72181  2.27685  2.25567  0.0536993  1.58052  
0.951004  0.0248313  3.38891  2.72181  2.27685  2.25567  0.526324  0.593743  
0.308718  0.444562  3.38891  2.72181  2.27685  2.25567  1.12424  0.267186  
0.493772  0.298003  3.38891  2.72181  2.27685  2.25567  0.0876376  1.11843  
0.182934  0.574055  3.38891  2.72181  2.27685  2.25567  0.197189  1.05992  
0.495119  0.297946  3.38891  2.72181  2.27685  2.25567  0.0908645  0.893375  
0.0476912  0.782641  3.38891  2.72181  2.27685  2.25567  0.647238  0.574514  
0.491485  0.299664  3.38891  2.72181  2.27685  2.25567  0.052789  1.2194  
0.0471538  0.783642  3.38891  2.72181  2.27685  2.25567  0.734339  0.525308  
1.02491  0.00289546  3.38891  2.72181  2.27685  2.25567  0.68556  0.927204  
0.284028  0.467069  3.38891  2.72181  2.27685  2.25567  1.06019  0.249035  
0.283428  0.468061  3.38891  2.72181  2.27685  2.25567  0.806788  0.325355  
0.920975  0.0416932  3.38891  2.72181  2.27685  2.25567  0.459424  0.614303  
0.0260033  0.844009  3.38891  2.72181  2.27685  2.25567  0.629257  0.449888  
0.0186774  0.86413  3.38891  2.72181  2.27685  2.25567  1.17014  0.121992  
0.0964347  0.689768  3.38891  2.72181  2.27685  2.25567  0.333799  0.835607  
0.00357968  1.10662  3.38891  2.72181  2.27685  2.25567  0.329863  0.700758  
0.0229364  0.848751  3.38891  2.72181  2.27685  2.25567  0.227953  0.906861  
0.240943  0.518444  3.38891  2.72181  2.27685  2.25567  0.184044  0.933397  
0.950893  0.0253586  3.38891  2.72181  2.27685  2.25567  1.9419  0.0099316  
0.491774  0.298916  3.38891  2.72181  2.27685  2.25567  1.04033  0.218399  
0.435736  0.384523  3.38891  2.72181  2.27685  2.25567  0.352605  0.766587  
0.863159  0.0710244  3.38891  2.72181  2.27685  2.25567  0.0324848  1.14251  
0.18385  0.574009  3.38891  2.72181  2.27685  2.25567  0.218229  0.866955  
0.0153059  0.876844  3.38891  2.72181  2.27685  2.25567  1.31216  0.0248653  
0.231975  0.518657  3.38891  2.72181  2.27685  2.25567  0.0278761  1.63585  
0.0472841  0.782651  3.38891  2.72181  2.27685  2.25567  0.994426  0.00293523  
0.059547  0.779892  3.38891  2.72181  2.27685  2.25567  0.456812  0.32448  
0.0973146  0.688219  3.38891  2.72181  2.27685  2.25567  1.06312  0.100637  
0.0987877  0.687338  3.38891  2.72181  2.27685  2.25567  0.628574  0.603632  
0.00517977  1.10264  3.38891  2.72181  2.27685  2.25567  2.12093  0.00461927  
0.900088  0.0522507  3.38891  2.72181  2.27685  2.25567  0.345841  0.584228  
0.863157  0.0715056  3.38891  2.72181  2.27685  2.25567  0.910725  0.31979  
0.0997768  0.687084  3.38891  2.72181  2.27685  2.25567  0.0472841  0.782651  
0.0174457  0.869777  3.38891  2.72181  2.27685  2.25567  0.32189  0.773868  
0.289368  0.466769  3.38891  2.72181  2.27685  2.25567  0.0103429  1.44144  
1.22988  0.000178591  3.38891  2.72181  2.27685  2.25567  0.918055  0.0419021  
0.183072  0.57405  3.38891  2.72181  2.27685  2.25567  0.403611  0.695167  
0.0214982  0.856042  3.38891  2.72181  2.27685  2.25567  0.046702  1.46979  
0.283324  0.468522  3.38891  2.72181  2.27685  2.25567  0.785256  0.404057  
0.994426  0.00293523  3.38891  2.72181  2.27685  2.25567  0.844335  0.326217  
0.0467109  0.786629  3.38891  2.72181  2.27685  2.25567  0.201705  1.01462  
0.0260567  0.841917  3.38891  2.72181  2.27685  2.25567  0.0248898  1.72181  
0.31191  0.444283  3.38891  2.72181  2.27685  2.25567  0.128244  1.0841  
0.0869759  0.772888  3.38891  2.72181  2.27685  2.25567  0.54298  0.644851  
0.230863  0.519672  3.38891  2.72181  2.27685  2.25567  2.38891  0.00289652  
0.0159966  0.874302  3.38891  2.72181  2.27685  2.25567  0.163565  1.01188  
0.0397966  0.834333  3.38891  2.72181  2.27685  2.25567  1.85069  0.00854839  
0.020349  0.861639  3.38891  2.72181  2.27685  2.25567  0.951003  0.0248313  
0.0940642  0.695463  3.38891  2.72181  2.27685  2.25567  0.746214  0.811639  
0.230684  0.520183  3.38891  2.72181  2.27685  2.25567  1.2469  0.171128  
0.950995  0.0248387  3.38891  2.72181  2.27685  2.25567  1.63389  0.00406457  
0.0311678  0.838606  3.38891  2.72181  2.27685  2.25567  1.11279  0.208189  
0.0197312  0.862195  3.38891  2.72181  2.27685  2.25567  0.0153059  0.876844  
0.000208962  1.16298  3.38891  2.72181  2.27685  2.25567  0.928678  0.418165  
0.0408057  0.833268  3.38891  2.72181  2.27685  2.25567  0.308718  0.444562  
0.917253  0.0438179  3.38891  2.72181  2.27685  2.25567  1.66105  0.000535397  
0.0213468  0.85617  3.38891  2.72181  2.27685  2.25567  1.0206  0.232133  
0.308692  0.444611  3.38891  2.72181  2.27685  2.25567  0.364365  0.82123  
0.918055  0.0419021  3.38891  2.72181  2.27685  2.25567  0.52058  0.653466  
0.950657  0.0271641  3.38891  2.72181  2.27685  2.25567  0.0499666  1.03004  
0.308686  0.445074  3.38891  2.72181  2.27685  2.25567  1.10544  0.0841216  
0.0941943  0.693637  3.38891  2.72181  2.27685  2.25567  0.096841  0.688812  
0.993044  0.00351892  3.38891  2.72181  2.27685  2.25567  0.237835  0.989128  
0.00344266  1.12197  3.38891  2.72181  2.27685  2.25567  1.48578  0.0538714  
0.00620115  1.09511  3.38891  2.72181  2.27685  2.25567  7.13675e-05  1.17857  
0.0273558  0.839203  3.38891  2.72181  2.27685  2.25567  0.863159  0.0710244  
0.992544  0.00565951  3.38891  2.72181  2.27685  2.25567  0.99127  0.245499  
0.729023  0.147383  3.38891  2.72181  2.27685  2.25567  1.40058  0.136716  
1.27685  0.000143444  3.38891  2.72181  2.27685  2.25567  0.132062  1.107  
0.900182  0.0517169  3.38891  2.72181  2.27685  2.25567  1.04664  0.307177  
0.00826374  0.910035  4.06526  3.12238  4.06526  3.12238  0.688085  0.170513  
0.951486  0.0245669  4.06526  3.12238  4.06526  3.12238  0.46974  0.314642  
0.00106158  0.968264  4.06526  3.12238  4.06526  3.12238  0.0979714  0.688729  
0.0968412  0.688812  4.06526  3.12238  4.06526  3.12238  0.00826374  0.910035  
2.72514e-06  0.999873  4.06526  3.12238  4.06526  3.12238  0.181894  0.573514  
0.828177  0.0900228  4.06526  3.12238  4.06526  3.12238  0.288596  0.463367  
0.680627  0.175014  4.06526  3.12238  4.06526  3.12238  0.504153  0.29007  
0.114799  0.661262  4.06526  3.12238  4.06526  3.12238  0.00207026  0.957508  
0.230484  0.521036  4.06526  3.12238  4.06526  3.12238  0.0159556  0.874046  
0.0525639  0.776116  4.06526  3.12238  4.06526  3.12238  0.0143696  0.881321  
0.145152  0.622946  4.06526  3.12238  4.06526  3.12238  1.00045  1.00544e-06  
0.676302  0.177742  4.06526  3.12238  4.06526  3.12238  0.0148848  0.879487  
0.82585  0.0920204  4.06526  3.12238  4.06526  3.12238  0.0886102  0.706367  
0.863913  0.070575  4.06526  3.12238  4.06526  3.12238  0.231252  0.519116  
0.0589505  0.757237  4.06526  3.12238  4.06526  3.12238  0.82585  0.0920204  
0.691525  0.168668  4.06526  3.12238  4.06526  3.12238  0.707543  0.158851  
0.748457  0.135065  4.06526  3.12238  4.06526  3.12238  0.0294702  0.828445  
0.901383  0.0507733  4.06526  3.12238  4.06526  3.12238  0.493204  0.297718  
0.289264  0.462315  4.06526  3.12238  4.06526  3.12238  0.829839  0.0896205  
0.141523  0.623864  4.06526  3.12238  4.06526  3.12238  0.827072  0.090781  
0.511707  0.285881  4.06526  3.12238  4.06526  3.12238  0.666471  0.184578  
0.504153  0.29007  4.06526  3.12238  4.06526  3.12238  0.666067  0.184666  
0.730485  0.145658  4.06526  3.12238  4.06526  3.12238  0.886367  0.0585307  
0.332232  0.423769  4.06526  3.12238  4.06526  3.12238  0.304589  0.449875  
0.0178579  0.866418  4.06526  3.12238  4.06526  3.12238  0.336882  0.420273  
0.107836  0.671673  4.06526  3.12238  4.06526  3.12238  0.729503  0.145893  
0.0947204  0.692238  4.06526  3.12238  4.06526  3.12238  0.00745003  0.915783  
0.304692  0.448196  4.06526  3.12238  4.06526  3.12238  0.00833041  0.909829  
0.46974  0.314642  4.06526  3.12238  4.06526  3.12238  0.255827  0.494212  
0.458236  0.323319  4.06526  3.12238  4.06526  3.12238  0.332232  0.423769  
0.00207026  0.957508  4.06526  3.12238  4.06526  3.12238  0.0482305  0.780407  
0.000379063  0.982749  4.06526  3.12238  4.06526  3.12238  0.00468935  0.938436  
0.494311  0.297269  4.06526  3.12238  4.06526  3.12238  0.509614  0.286241  
0.118323  0.658855  4.06526  3.12238  4.06526  3.12238  0.0109679  0.900727  
0.123134  0.649189  4.06526  3.12238  4.06526  3.12238  0.0702507  0.734962  
0.707543  0.158851  4.06526  3.12238  4.06526  3.12238  0.171275  0.589255  
0.491485  0.299664  4.06526  3.12238  4.06526  3.12238  0.8418  0.082928  
0.171275  0.589255  4.06526  3.12238  4.06526  3.12238  0.494311  0.297269  
0.0047691  0.934588  4.06526  3.12238  4.06526  3.12238  0.00149692  0.964046  
0.341104  0.418958  4.06526  3.12238  4.06526  3.12238  0.0047691  0.934588  
0.309585  0.443989  4.06526  3.12238  4.06526  3.12238  0.304692  0.448196  
1.00045  1.00544e-06  4.06526  3.12238  4.06526  3.12238  0.982516  0.00881742  
0.254861  0.498211  4.06526  3.12238  4.06526  3.12238  0.98256  0.00879927  
0.0719164  0.733223  4.06526  3.12238  4.06526  3.12238  0.0994913  0.685433  
0.0159556  0.874046  4.06526  3.12238  4.06526  3.12238  0.171267  0.59111  
0.688085  0.170513  4.06526  3.12238  4.06526  3.12238  0.083142  0.711734  
0.0229364  0.848751  4.06526  3.12238  4.06526  3.12238  0.890111  0.0569691  
0.233465  0.518343  4.06526  3.12238  4.06526  3.12238  0.123165  0.649139  
0.862366  0.0726558  4.06526  3.12238  4.06526  3.12238  0.000464604  0.981873  
0.913438  0.046865  4.06526  3.12238  4.06526  3.12238  0.000226223  0.99353  
0.435736  0.384523  4.06526  3.12238  4.06526  3.12238  0.106459  0.675854  
0.0288335  0.831798  4.06526  3.12238  4.06526  3.12238  0.337388  0.419831  
0.0381401  0.804749  4.06526  3.12238  4.06526  3.12238  0.885679  0.0617127  
0.981378  0.01193  4.06526  3.12238  4.06526  3.12238  0.115498  0.660171  
0.0312102  0.824541  4.06526  3.12238  4.06526  3.12238  0.106323  0.676916  
0.666741  0.18356  4.06526  3.12238  4.06526  3.12238  0.171322  0.588937  
0.746102  0.138488  4.06526  3.12238  4.06526  3.12238  0.456094  0.324673  
0.0143696  0.881321  4.06526  3.12238  4.06526  3.12238  0.284075  0.467017  
0.838891  0.0841068  4.06526  3.12238  4.06526  3.12238  0.107836  0.671673  
0.729051  0.146366  4.06526  3.12238  4.06526  3.12238  0.00141283  0.966828  
0.890111  0.0569691  4.06526  3.12238  4.06526  3.12238  1.00008  1.03776e-05  
0.185734  0.572667  4.06526  3.12238  4.06526  3.12238  0.446313  0.334716  
0.932733  0.0342299  4.06526  3.12238  4.06526  3.12238  0.665203  0.184915  
0.336976  0.42001  4.06526  3.12238  4.06526  3.12238  0.4482  0.330703  
0.44636  0.332885  4.06526  3.12238  4.06526  3.12238  0.0860175  0.70673  
0.0696154  0.73726  4.06526  3.12238  4.06526  3.12238  0.917266  0.0422646  
0.125793  0.647983  4.06526  3.12238  4.06526  3.12238  0.0381401  0.804749  
0.0996493  0.685153  4.06526  3.12238  4.06526  3.12238  0.676302  0.177742  
0.283324  0.468522  4.06526  3.12238  4.06526  3.12238  0.336976  0.42001  
0.0412436  0.802136  4.06526  3.12238  4.06526  3.12238  0.999125  0.00213754  
0.255827  0.494212  4.06526  3.12238  4.06526  3.12238  0.141523  0.623864  
0.0260567  0.841917  4.06526  3.12238  4.06526  3.12238  0.44636  0.332885  
0.4482  0.330703  4.06526  3.12238  4.06526  3.12238  0.206493  0.545619  
0.00570024  0.924579  4.06526  3.12238  4.06526  3.12238  0.932733  0.0342299  
0.0484418  0.779937  4.06526  3.12238  4.06526  3.12238  2.72514e-06  0.999873  
0.172824  0.584312  4.06526  3.12238  4.06526  3.12238  0.000946962  0.97482  
0.192708  0.561052  4.06526  3.12238  4.06526  3.12238  0.289264  0.462315  
0.181399  0.57436  4.06526  3.12238  4.06526  3.12238  0.951275  0.0246752  
0.8418  0.082928  4.06526  3.12238  4.06526  3.12238  0.0589505  0.757237  
0.106459  0.675854  4.06526  3.12238  4.06526  3.12238  0.00501022  0.930994  
0.206493  0.545619  4.06526  3.12238  4.06526  3.12238  0.341104  0.418958  
0.0873863  0.705395  4.06526  3.12238  4.06526  3.12238  0.00115151  0.972444  
0.665203  0.184915  4.06526  3.12238  4.06526  3.12238  0.456822  0.324364  
0.259511  0.493612  4.06526  3.12238  4.06526  3.12238  0.680627  0.175014  
0.0374815  0.809755  4.06526  3.12238  4.06526  3.12238  0.308614  0.444471  
0.456079  0.324687  4.06526  3.12238  4.06526  3.12238  0.0078743  0.91301  
0.0213468  0.85617  4.06526  3.12238  4.06526  3.12238  0.748457  0.135065  
0.083142  0.711734  4.06526  3.12238  4.06526  3.12238  0.000797664  0.977229  
0.205547  0.549868  4.06526  3.12238  4.06526  3.12238  0.01029  0.903128  
0.0109679  0.900727  4.06526  3.12238  4.06526  3.12238  0.838891  0.0841068  
0.885575  0.0600123  4.06526  3.12238  4.06526  3.12238  7.56337e-05  0.996189  
0.295742  0.456354  4.06526  3.12238  4.06526  3.12238  0.0996493  0.685153  
0.993044  0.00351892  4.06526  3.12238  4.06526  3.12238  0.192708  0.561052  
0.917995  0.0418913  4.06526  3.12238  4.06526  3.12238  0.511707  0.285881  
0.98256  0.00879927  4.06526  3.12238  4.06526  3.12238  0.891635  0.0568018  
0.058247  0.760953  4.06526  3.12238  4.06526  3.12238  0.863084  0.0709792  
0.32868  0.428733  4.06526  3.12238  4.06526  3.12238  0.295742  0.456354  
0.063728  0.754199  4.06526  3.12238  4.06526  3.12238  0.172824  0.584312  
0.140924  0.629513  4.06526  3.12238  4.06526  3.12238  0.0202816  0.862485  
0.0465353  0.784637  4.06526  3.12238  4.06526  3.12238  0.00712421  0.918318  
0.00796113  0.910911  2  1.99973  2  1.99973  0.688125  0.170471  
0.952167  0.0243682  2  1.99973  2  1.99973  0.470958  0.313802  
0.442881  0.33454  2  1.99973  2  1.99973  0.0970153  0.688604  
0.175844  0.580682  2  1.99973  2  1.99973  0.85871  0.0733755  
3.79351e-07  0.999734  2  1.99973  2  1.99973  0.181893  0.573512  
0.829222  0.0894109  2  1.99973  2  1.99973  0.165476  0.593277  
0.680614  0.175009  2  1.99973  2  1.99973  0.503947  0.290122  
0.112636  0.664397  2  1.99973  2  1.99973  0.00191087  0.956339  
0.228538  0.522013  2  1.99973  2  1.99973  0.0158399  0.874172  
0.0506984  0.774851  2  1.99973  2  1.99973  0.0194127  0.860701  
0.1452  0.619664  2  1.99973  2  1.99973  1  6.48656e-07  
0.675616  0.178091  2  1.99973  2  1.99973  0.354556  0.405023  
0.825347  0.0915223  2  1.99973  2  1.99973  0.0867014  0.70557  
0.863913  0.070575  2  1.99973  2  1.99973  0.42374  0.349303  
0.524742  0.275625  2  1.99973  2  1.99973  0.825347  0.0915223  
0.691525  0.168668  2  1.99973  2  1.99973  0.916242  0.0428001  
0.751914  0.133539  2  1.99973  2  1.99973  0.662051  0.1864  
0.901383  0.0507733  2  1.99973  2  1.99973  0.490634  0.300187  
0.289155  0.462273  2  1.99973  2  1.99973  0.829222  0.0894109  
0.27947  0.471416  2  1.99973  2  1.99973  0.100338  0.683256  
0.51123  0.285071  2  1.99973  2  1.99973  0.667416  0.183058  
0.503947  0.290122  2  1.99973  2  1.99973  0.341859  0.415335  
0.0572271  0.760801  2  1.99973  2  1.99973  0.0572271  0.760801  
0.332153  0.423684  2  1.99973  2  1.99973  0.948042  0.0271186  
0.948042  0.0271186  2  1.99973  2  1.99973  0.336682  0.419763  
0.354556  0.405023  2  1.99973  2  1.99973  0.729503  0.145892  
0.0947204  0.692238  2  1.99973  2  1.99973  0.0729981  0.729836  
0.304512  0.44818  2  1.99973  2  1.99973  0.00816619  0.909656  
0.470958  0.313802  2  1.99973  2  1.99973  0.254622  0.495478  
0.456699  0.324208  2  1.99973  2  1.99973  0.330856  0.424871  
0.00191087  0.956339  2  1.99973  2  1.99973  0.0482262  0.780401  
0.00061146  0.975314  2  1.99973  2  1.99973  0.00346143  0.941204  
0.494828  0.29675  2  1.99973  2  1.99973  0.127793  0.642544  
0.118014  0.656485  2  1.99973  2  1.99973  0.0100776  0.89963  
0.123155  0.649116  2  1.99973  2  1.99973  0.0692678  0.736879  
0.707611  0.158806  2  1.99973  2  1.99973  0.184463  0.570522  
0.490634  0.300187  2  1.99973  2  1.99973  0.842954  0.0820344  
0.171912  0.585485  2  1.99973  2  1.99973  0.494828  0.29675  
0.00363456  0.939853  2  1.99973  2  1.99973  0.524742  0.275625  
0.468084  0.315859  2  1.99973  2  1.99973  0.195439  0.557935  
0.309661  0.443555  2  1.99973  2  1.99973  0.304512  0.44818  
1  6.48656e-07  2  1.99973  2  1.99973  0.707611  0.158806  
0.254622  0.495478  2  1.99973  2  1.99973  0.984289  0.0079624  
0.0729981  0.729836  2  1.99973  2  1.99973  0.0418697  0.795454  
0.0158399  0.874172  2  1.99973  2  1.99973  0.27947  0.471416  
0.42374  0.349303  2  1.99973  2  1.99973  0.0831198  0.711705  
0.0229364  0.848751  2  1.99973  2  1.99973  0.157378  0.603405  
0.234085  0.516229  2  1.99973  2  1.99973  0.123799  0.648169  
0.85871  0.0733755  2  1.99973  2  1.99973  0.0795769  0.717933  
0.420804  0.356078  2  1.99973  2  1.99973  0.139054  0.627113  
0.284074  0.467015  2  1.99973  2  1.99973  0.468084  0.315859  
0.336682  0.419763  2  1.99973  2  1.99973  0.456699  0.324208  
0.037064  0.807485  2  1.99973  2  1.99973  0.884026  0.059791  
0.978784  0.0112534  2  1.99973  2  1.99973  0.0616564  0.751729  
0.0312625  0.823253  2  1.99973  2  1.99973  0.105413  0.675398  
0.341859  0.415335  2  1.99973  2  1.99973  0.0312625  0.823253  
0.744859  0.136999  2  1.99973  2  1.99973  0.258185  0.491946  
0.157378  0.603405  2  1.99973  2  1.99973  0.284074  0.467015  
0.837815  0.0848448  2  1.99973  2  1.99973  0.037064  0.807485  
0.729503  0.145892  2  1.99973  2  1.99973  0.118014  0.656485  
0.89102  0.0560849  2  1.99973  2  1.99973  0.228538  0.522013  
0.347512  0.410602  2  1.99973  2  1.99973  0.108181  0.671101  
0.932723  0.0342265  2  1.99973  2  1.99973  0.19048  0.563592  
0.184463  0.570522  2  1.99973  2  1.99973  0.448459  0.330344  
0.448459  0.330344  2  1.99973  2  1.99973  0.0225771  0.849834  
0.0692678  0.736879  2  1.99973  2  1.99973  0.428778  0.345308  
0.127793  0.642544  2  1.99973  2  1.99973  0.361555  0.403153  
0.100338  0.683256  2  1.99973  2  1.99973  0.675616  0.178091  
0.165476  0.593277  2  1.99973  2  1.99973  0.978784  0.0112534  
0.0867014  0.70557  2  1.99973  2  1.99973  0.996048  0.00199599  
0.258185  0.491946  2  1.99973  2  1.99973  0.1452  0.619664  
0.0272783  0.834859  2  1.99973  2  1.99973  0.442881  0.33454  
0.0898252  0.700499  2  1.99973  2  1.99973  0.20409  0.548464  
0.00570024  0.924579  2  1.99973  2  1.99973  0.932723  0.0342265  
0.667416  0.183058  2  1.99973  2  1.99973  3.79351e-07  0.999734  
0.0122728  0.889228  2  1.99973  2  1.99973  0.112636  0.664397  
0.19048  0.563592  2  1.99973  2  1.99973  0.289155  0.462273  
0.181893  0.573512  2  1.99973  2  1.99973  0.952167  0.0243682  
0.842954  0.0820344  2  1.99973  2  1.99973  0.347512  0.410602  
0.105844  0.674712  2  1.99973  2  1.99973  0.00481054  0.930679  
0.207802  0.544173  2  1.99973  2  1.99973  0.0506984  0.774851  
0.428778  0.345308  2  1.99973  2  1.99973  0.837815  0.0848448  
0.662051  0.1864  2  1.99973  2  1.99973  0.420804  0.356078  
0.0831198  0.711705  2  1.99973  2  1.99973  0.680614  0.175009  
0.361555  0.403153  2  1.99973  2  1.99973  0.309661  0.443555  
0.0417655  0.795705  2  1.99973  2  1.99973  0.744859  0.136999  
0.0194127  0.860701  2  1.99973  2  1.99973  0.751914  0.133539  
0.0795769  0.717933  2  1.99973  2  1.99973  0.00061146  0.975314  
0.20409  0.548464  2  1.99973  2  1.99973  0.0122728  0.889228  
0.0100776  0.89963  2  1.99973  2  1.99973  0.207802  0.544173  
0.884026  0.059791  2  1.99973  2  1.99973  0.175844  0.580682  
0.295711  0.456219  2  1.99973  2  1.99973  0.0898252  0.700499  
0.993044  0.00351892  2  1.99973  2  1.99973  0.0272783  0.834859  
0.916242  0.0428001  2  1.99973  2  1.99973  0.51123  0.285071  
0.984289  0.0079624  2  1.99973  2  1.99973  0.892118  0.0558033  
0.195439  0.557935  2  1.99973  2  1.99973  0.863712  0.070731  
0.32868  0.428733  2  1.99973  2  1.99973  0.295711  0.456219  
0.0616564  0.751729  2  1.99973  2  1.99973  0.171912  0.585485  
0.139054  0.627113  2  1.99973  2  1.99973  0.234085  0.516229  
0.0465353  0.784637  2  1.99973  2  1.99973  0.00665584  0.918449  
0.00796113  0.910911  2  1.99973  2  1.99973  0.688757  0.170104  
0.952139  0.024232  2  1.99973  2  1.99973  0.47225  0.313011  
0.442394  0.334949  2  1.99973  2  1.99973  0.0966068  0.689279  
0.176245  0.5802  2  1.99973  2  1.99973  0.857571  0.0739725  
2.66279e-07  0.99973  2  1.99973  2  1.99973  0.819524  0.0947519  
0.82921  0.0893936  2  1.99973  2  1.99973  0.165465  0.593232  
0.680845  0.174883  2  1.99973  2  1.99973  0.503945  0.290111  
0.112635  0.664391  2  1.99973  2  1.99973  0.00184063  0.957127  
0.227892  0.522634  2  1.99973  2  1.99973  0.0158336  0.87417  
0.0518359  0.772374  2  1.99973  2  1.99973  0.0192809  0.861156  
0.146889  0.616745  2  1.99973  2  1.99973  1  1.89392e-07  
0.67558  0.17807  2  1.99973  2  1.99973  0.413336  0.357329  
0.653051  0.192482  2  1.99973  2  1.99973  0.0866981  0.705557  
0.86381  0.0705919  2  1.99973  2  1.99973  0.423602  0.349158  
0.527719  0.273607  2  1.99973  2  1.99973  0.146889  0.616745  
0.691525  0.168668  2  1.99973  2  1.99973  0.916071  0.0428881  
0.752163  0.132911  2  1.99973  2  1.99973  0.660456  0.18734  
0.901383  0.0507733  2  1.99973  2  1.99973  0.487846  0.30156  
0.289154  0.462271  2  1.99973  2  1.99973  0.82921  0.0893936  
0.276758  0.474041  2  1.99973  2  1.99973  0.100331  0.683256  
0.51118  0.285036  2  1.99973  2  1.99973  0.667411  0.183051  
0.503945  0.290111  2  1.99973  2  1.99973  0.341846  0.415327  
0.057223  0.760791  2  1.99973  2  1.99973  0.057223  0.760791  
0.331034  0.424672  2  1.99973  2  1.99973  0.946954  0.0268968  
0.946954  0.0268968  2  1.99973  2  1.99973  0.336681  0.419759  
0.819524  0.0947519  2  1.99973  2  1.99973  0.729414  0.145947  
0.0947204  0.692238  2  1.99973  2  1.99973  0.0729951  0.729832  
0.304512  0.448175  2  1.99973  2  1.99973  0.0228934  0.84875  
0.47225  0.313011  2  1.99973  2  1.99973  0.2528  0.497552  
0.456698  0.324207  2  1.99973  2  1.99973  0.329559  0.425999  
0.00191057  0.956339  2  1.99973  2  1.99973  0.0475732  0.781971  
0.000610021  0.975311  2  1.99973  2  1.99973  0.00332217  0.94238  
0.494702  0.296657  2  1.99973  2  1.99973  0.128455  0.641629  
0.118012  0.656474  2  1.99973  2  1.99973  0.0096875  0.90167  
0.123155  0.649116  2  1.99973  2  1.99973  0.0692444  0.736865  
0.707609  0.158806  2  1.99973  2  1.99973  0.184371  0.570623  
0.487846  0.30156  2  1.99973  2  1.99973  0.842847  0.081941  
0.17186  0.585457  2  1.99973  2  1.99973  0.494702  0.296657  
0.00363456  0.939853  2  1.99973  2  1.99973  0.527719  0.273607  
0.467755  0.316113  2  1.99973  2  1.99973  0.195664  0.557665  
0.310821  0.442508  2  1.99973  2  1.99973  0.304512  0.448175  
1  1.89392e-07  2  1.99973  2  1.99973  0.707609  0.158806  
0.2528  0.497552  2  1.99973  2  1.99973  0.984277  0.00789704  
0.0729951  0.729832  2  1.99973  2  1.99973  0.0418469  0.79544  
0.0158337  0.87417  2  1.99973  2  1.99973  0.276758  0.474041  
0.423491  0.349263  2  1.99973  2  1.99973  0.083117  0.711704  
0.0228934  0.84875  2  1.99973  2  1.99973  0.157328  0.60336  
0.235441  0.514816  2  1.99973  2  1.99973  0.123649  0.648376  
0.857571  0.0739725  2  1.99973  2  1.99973  0.0790864  0.71879  
0.969805  0.0153349  2  1.99973  2  1.99973  0.13905  0.627108  
0.284074  0.467015  2  1.99973  2  1.99973  0.467755  0.316113  
0.336681  0.419759  2  1.99973  2  1.99973  0.456698  0.324207  
0.0369018  0.807912  2  1.99973  2  1.99973  0.883349  0.0601387  
0.976663  0.0118558  2  1.99973  2  1.99973  0.0616525  0.751706  
0.0316893  0.82209  2  1.99973  2  1.99973  0.105385  0.675379  
0.341846  0.415327  2  1.99973  2  1.99973  0.0316893  0.82209  
0.744559  0.137135  2  1.99973  2  1.99973  0.259093  0.491009  
0.157328  0.60336  2  1.99973  2  1.99973  0.284074  0.467015  
0.837736  0.0847277  2  1.99973  2  1.99973  0.0369018  0.807912  
0.729414  0.145947  2  1.99973  2  1.99973  0.118012  0.656474  
0.892507  0.0552954  2  1.99973  2  1.99973  0.227892  0.522634  
0.347988  0.410123  2  1.99973  2  1.99973  0.108269  0.670966  
0.932721  0.034226  2  1.99973  2  1.99973  0.190471  0.563577  
0.413336  0.357329  2  1.99973  2  1.99973  0.448513  0.330292  
0.448513  0.330292  2  1.99973  2  1.99973  0.653051  0.192482  
0.0692444  0.736865  2  1.99973  2  1.99973  0.429216  0.344988  
0.128455  0.641629  2  1.99973  2  1.99973  0.358006  0.401693  
0.100204  0.683474  2  1.99973  2  1.99973  0.67558  0.17807  
0.165465  0.593233  2  1.99973  2  1.99973  0.976663  0.0118558  
0.0866981  0.705557  2  1.99973  2  1.99973  0.995162  0.00244341  
0.259093  0.491009  2  1.99973  2  1.99973  0.969805  0.0153349  
0.0272746  0.834855  2  1.99973  2  1.99973  0.442394  0.334949  
0.0904763  0.69922  2  1.99973  2  1.99973  0.203984  0.548358  
0.00570024  0.924579  2  1.99973  2  1.99973  0.932721  0.034226  
0.667411  0.183051  2  1.99973  2  1.99973  2.66279e-07  0.99973  
0.0122721  0.889226  2  1.99973  2  1.99973  0.112635  0.664391  
0.190471  0.563577  2  1.99973  2  1.99973  0.289154  0.462271  
0.184371  0.570623  2  1.99973  2  1.99973  0.952139  0.024232  
0.842847  0.081941  2  1.99973  2  1.99973  0.347988  0.410123  
0.105385  0.675379  2  1.99973  2  1.99973  0.00480687  0.930677  
0.210675  0.541019  2  1.99973  2  1.99973  0.0518359  0.772374  
0.429216  0.344988  2  1.99973  2  1.99973  0.837736  0.0847277  
0.660456  0.18734  2  1.99973  2  1.99973  0.655897  0.190197  
0.083117  0.711704  2  1.99973  2  1.99973  0.680845  0.174883  
0.358006  0.401693  2  1.99973  2  1.99973  0.310821  0.442508  
0.0418469  0.79544  2  1.99973  2  1.99973  0.744559  0.137135  
0.0192809  0.861156  2  1.99973  2  1.99973  0.752163  0.132911  
0.0790864  0.71879  2  1.99973  2  1.99973  0.000610021  0.975311  
0.203984  0.548358  2  1.99973  2  1.99973  0.0122721  0.889226  
0.0100761  0.899629  2  1.99973  2  1.99973  0.210675  0.541019  
0.883349  0.0601387  2  1.99973  2  1.99973  0.176245  0.5802  
0.295704  0.456215  2  1.99973  2  1.99973  0.0904763  0.69922  
0.993044  0.00351892  2  1.99973  2  1.99973  0.0272746  0.834855  
0.916241  0.0427988  2  1.99973  2  1.99973  0.51118  0.285036  
0.984277  0.00789704  2  1.99973  2  1.99973  0.892507  0.0552954  
0.195664  0.557665  2  1.99973  2  1.99973  0.86381  0.0705919  
0.32868  0.428733  2  1.99973  2  1.99973  0.295704  0.456215  
0.0616525  0.751706  2  1.99973  2  1.99973  0.17186  0.585457  
0.13905  0.627108  2  1.99973  2  1.99973  0.235441  0.514816  
0.0475732  0.781971  2  1.99973  2  1.99973  0.00665206  0.918446  
0.00796113  0.910911  2  1.99973  2  1.99973  0.689095  0.169903  
0.952193  0.0241985  2  1.99973  2  1.99973  0.472569  0.312573  
0.442364  0.3349  2  1.99973  2  1.99973  0.0964493  0.68945  
0.176242  0.580193  2  1.99973  2  1.99973  0.857426  0.0740308  
2.2071e-07  0.999729  2  1.99973  2  1.99973  0.818474  0.0953519  
0.829208  0.0893928  2  1.99973  2  1.99973  0.165294  0.593447  
0.681189  0.174674  2  1.99973  2  1.99973  0.503944  0.290111  
0.112401  0.664779  2  1.99973  2  1.99973  0.00179173  0.957684  
0.227577  0.522983  2  1.99973  2  1.99973  0.0157023  0.874707  
0.0520529  0.771871  2  1.99973  2  1.99973  0.0192789  0.861156  
0.147098  0.616499  2  1.99973  2  1.99973  1  1.85637e-07  
0.675579  0.178066  2  1.99973  2  1.99973  0.413237  0.357173  
0.642742  0.199086  2  1.99973  2  1.99973  0.0866979  0.705557  
0.864717  0.070128  2  1.99973  2  1.99973  0.423326  0.349408  
0.413237  0.357173  2  1.99973  2  1.99973  0.147098  0.616499  
0.691525  0.168668  2  1.99973  2  1.99973  0.915854  0.0430143  
0.753068  0.132272  2  1.99973  2  1.99973  0.660242  0.187458  
0.901383  0.0507733  2  1.99973  2  1.99973  0.487836  0.301552  
0.2892  0.46223  2  1.99973  2  1.99973  0.829208  0.0893928  
0.275992  0.474732  2  1.99973  2  1.99973  0.10033  0.683255  
0.511178  0.285034  2  1.99973  2  1.99973  0.66741  0.183049  
0.503944  0.290111  2  1.99973  2  1.99973  0.341845  0.415326  
0.057222  0.760791  2  1.99973  2  1.99973  0.057222  0.760791  
0.531198  0.271199  2  1.99973  2  1.99973  0.946788  0.026972  
0.946788  0.026972  2  1.99973  2  1.99973  0.336681  0.419759  
0.818474  0.0953519  2  1.99973  2  1.99973  0.729413  0.145945  
0.0947204  0.692238  2  1.99973  2  1.99973  0.072992  0.729831  
0.304201  0.448478  2  1.99973  2  1.99973  0.0228861  0.848737  
0.472569  0.312573  2  1.99973  2  1.99973  0.252151  0.497861  
0.456998  0.324008  2  1.99973  2  1.99973  0.328191  0.427133  
0.00191057  0.956339  2  1.99973  2  1.99973  0.04747  0.782162  
0.000609872  0.975311  2  1.99973  2  1.99973  0.00332128  0.942378  
0.494699  0.296653  2  1.99973  2  1.99973  0.129456  0.640238  
0.118012  0.656473  2  1.99973  2  1.99973  0.00930139  0.903579  
0.123646  0.648372  2  1.99973  2  1.99973  0.0683869  0.738514  
0.707609  0.158805  2  1.99973  2  1.99973  0.184369  0.570621  
0.487836  0.301552  2  1.99973  2  1.99973  0.842841  0.0819392  
0.17185  0.585456  2  1.99973  2  1.99973  0.494699  0.296653  
0.00363456  0.939853  2  1.99973  2  1.99973  0.52617  0.274696  
0.467672  0.316137  2  1.99973  2  1.99973  0.196244  0.557056  
0.310868  0.442447  2  1.99973  2  1.99973  0.304201  0.448478  
1  1.85637e-07  2  1.99973  2  1.99973  0.707609  0.158805  
0.252151  0.497861  2  1.99973  2  1.99973  0.984275  0.00789576  
0.072992  0.729832  2  1.99973  2  1.99973  0.0418458  0.79544  
0.0157023  0.874707  2  1.99973  2  1.99973  0.275992  0.474732  
0.423326  0.349408  2  1.99973  2  1.99973  0.0831161  0.711703  
0.0228861  0.848737  2  1.99973  2  1.99973  0.157326  0.603359  
0.235425  0.514799  2  1.99973  2  1.99973  0.123646  0.648372  
0.857426  0.0740308  2  1.99973  2  1.99973  0.0790861  0.718784  
0.969262  0.0154932  2  1.99973  2  1.99973  0.13905  0.627108  
0.284074  0.467015  2  1.99973  2  1.99973  0.467672  0.316137  
0.336681  0.419759  2  1.99973  2  1.99973  0.456998  0.324008  
0.0369008  0.807908  2  1.99973  2  1.99973  0.883346  0.0601369  
0.976588  0.0117785  2  1.99973  2  1.99973  0.0618532  0.751309  
0.0316643  0.822067  2  1.99973  2  1.99973  0.105443  0.675284  
0.341845  0.415326  2  1.99973  2  1.99973  0.0316643  0.822067  
0.744389  0.137232  2  1.99973  2  1.99973  0.259423  0.490674  
0.157326  0.603359  2  1.99973  2  1.99973  0.284074  0.467015  
0.52617  0.274696  2  1.99973  2  1.99973  0.0369008  0.807908  
0.729413  0.145945  2  1.99973  2  1.99973  0.118012  0.656473  
0.892507  0.0552919  2  1.99973  2  1.99973  0.227577  0.522983  
0.348517  0.409685  2  1.99973  2  1.99973  0.531198  0.271199  
0.932639  0.0342694  2  1.99973  2  1.99973  0.19047  0.563574  
0.409219  0.360355  2  1.99973  2  1.99973  0.448667  0.330183  
0.448667  0.330183  2  1.99973  2  1.99973  0.642742  0.199086  
0.0683869  0.738514  2  1.99973  2  1.99973  0.42916  0.344908  
0.129456  0.640238  2  1.99973  2  1.99973  0.650232  0.193643  
0.100273  0.683345  2  1.99973  2  1.99973  0.675579  0.178066  
0.165294  0.593447  2  1.99973  2  1.99973  0.976588  0.0117785  
0.650232  0.193643  2  1.99973  2  1.99973  0.995151  0.00242923  
0.259423  0.490674  2  1.99973  2  1.99973  0.969262  0.0154932  
0.0272244  0.835005  2  1.99973  2  1.99973  0.442364  0.3349  
0.0904736  0.699217  2  1.99973  2  1.99973  0.203984  0.548357  
0.00570024  0.924579  2  1.99973  2  1.99973  0.932639  0.0342694  
0.66741  0.183049  2  1.99973  2  1.99973  2.2071e-07  0.999729  
0.0122717  0.889226  2  1.99973  2  1.99973  0.112401  0.664779  
0.19047  0.563574  2  1.99973  2  1.99973  0.2892  0.46223  
0.184369  0.570621  2  1.99973  2  1.99973  0.952193  0.0241985  
0.842841  0.0819392  2  1.99973  2  1.99973  0.348517  0.409685  
0.105443  0.675284  2  1.99973  2  1.99973  0.409219  0.360355  
0.211399  0.540235  2  1.99973  2  1.99973  0.0520529  0.771871  
0.42916  0.344908  2  1.99973  2  1.99973  0.837729  0.0847262  
0.660242  0.187458  2  1.99973  2  1.99973  0.361632  0.399152  
0.0834673  0.711188  2  1.99973  2  1.99973  0.681189  0.174674  
0.361632  0.399152  2  1.99973  2  1.99973  0.310868  0.442447  
0.0418458  0.79544  2  1.99973  2  1.99973  0.744389  0.137232  
0.0192789  0.861156  2  1.99973  2  1.99973  0.753068  0.132272  
0.0790861  0.718784  2  1.99973  2  1.99973  0.000609858  0.975311  
0.203984  0.548357  2  1.99973  2  1.99973  0.0122717  0.889226  
0.0100761  0.899629  2  1.99973  2  1.99973  0.211399  0.540235  
0.883346  0.0601369  2  1.99973  2  1.99973  0.176242  0.580193  
0.295709  0.45621  2  1.99973  2  1.99973  0.0907867  0.698733  
0.993044  0.00351892  2  1.99973  2  1.99973  0.0272244  0.835005  
0.916241  0.0427988  2  1.99973  2  1.99973  0.511178  0.285034  
0.984275  0.00789576  2  1.99973  2  1.99973  0.893056  0.0549941  
0.196244  0.557056  2  1.99973  2  1.99973  0.864717  0.070128  
0.328191  0.427133  2  1.99973  2  1.99973  0.295709  0.45621  
0.0618532  0.751309  2  1.99973  2  1.99973  0.17185  0.585456  
0.13905  0.627108  2  1.99973  2  1.99973  0.235425  0.514799  
0.04747  0.782162  2  1.99973  2  1.99973  0.00649077  0.919468  
0.00929859  0.903576  2  1.99973  2  1.99973  0.689868  0.169439  
0.952774  0.0239103  2  1.99973  2  1.99973  0.472563  0.31257  
0.442362  0.334898  2  1.99973  2  1.99973  0.0962679  0.689751  
0.176499  0.579891  2  1.99973  2  1.99973  0.857424  0.0740298  
1.98611e-07  0.999729  2  1.99973  2  1.99973  0.818431  0.0953323  
0.829208  0.0893918  2  1.99973  2  1.99973  0.165096  0.593705  
0.681181  0.174666  2  1.99973  2  1.99973  0.503707  0.290294  
0.112385  0.664764  2  1.99973  2  1.99973  0.00179134  0.957683  
0.226672  0.523926  2  1.99973  2  1.99973  0.0156992  0.874705  
0.0520466  0.771866  2  1.99973  2  1.99973  0.0192786  0.861154  
0.147089  0.616483  2  1.99973  2  1.99973  1  6.65149e-08  
0.675578  0.178066  2  1.99973  2  1.99973  0.413233  0.35717  
0.368543  0.39347  2  1.99973  2  1.99973  0.0866978  0.705556  
0.86509  0.069905  2  1.99973  2  1.99973  0.423309  0.349382  
0.413233  0.35717  2  1.99973  2  1.99973  0.147089  0.616483  
0.691525  0.168668  2  1.99973  2  1.99973  0.915846  0.0430046  
0.756078  0.130867  2  1.99973  2  1.99973  0.660238  0.187454  
0.901383  0.0507733  2  1.99973  2  1.99973  0.487063  0.302226  
0.2892  0.462228  2  1.99973  2  1.99973  0.829208  0.0893918  
0.275955  0.474688  2  1.99973  2  1.99973  0.100329  0.683254  
0.511177  0.285034  2  1.99973  2  1.99973  0.66741  0.183049  
0.503707  0.290294  2  1.99973  2  1.99973  0.341845  0.415326  
0.057222  0.760791  2  1.99973  2  1.99973  0.057222  0.760791  
0.533055  0.269968  2  1.99973  2  1.99973  0.946788  0.0269709  
0.946788  0.0269709  2  1.99973  2  1.99973  0.336448  0.419975  
0.818431  0.0953323  2  1.99973  2  1.99973  0.729412  0.145944  
0.0947204  0.692238  2  1.99973  2  1.99973  0.0729916  0.729831  
0.304189  0.448471  2  1.99973  2  1.99973  0.0228822  0.848734  
0.472563  0.31257  2  1.99973  2  1.99973  0.250921  0.499165  
0.456989  0.323993  2  1.99973  2  1.99973  0.328188  0.427127  
0.00191057  0.956339  2  1.99973  2  1.99973  0.0474628  0.782153  
0.000609833  0.97531  2  1.99973  2  1.99973  0.00332115  0.942378  
0.494698  0.296653  2  1.99973  2  1.99973  0.130054  0.639389  
0.118011  0.656473  2  1.99973  2  1.99973  0.00929857  0.903576  
0.123645  0.648371  2  1.99973  2  1.99973  0.0683801  0.738506  
0.707609  0.158805  2  1.99973  2  1.99973  0.184368  0.57062  
0.487063  0.302226  2  1.99973  2  1.99973  0.84284  0.0819375  
0.171455  0.58596  2  1.99973  2  1.99973  0.494698  0.296653  
0.00363456  0.939853  2  1.99973  2  1.99973  0.525301  0.275242  
0.467171  0.316566  2  1.99973  2  1.99973  0.196532  0.556725  
0.310868  0.442446  2  1.99973  2  1.99973  0.304189  0.448471  
1  6.65149e-08  2  1.99973  2  1.99973  0.707609  0.158805  
0.250921  0.499165  2  1.99973  2  1.99973  0.984275  0.00789482  
0.0729916  0.729831  2  1.99973  2  1.99973  0.0418455  0.79544  
0.0156992  0.874705  2  1.99973  2  1.99973  0.275955  0.474688  
0.423309  0.349382  2  1.99973  2  1.99973  0.0831158  0.711703  
0.0228822  0.848734  2  1.99973  2  1.99973  0.157326  0.603358  
0.235988  0.514226  2  1.99973  2  1.99973  0.123645  0.648371  
0.857424  0.0740298  2  1.99973  2  1.99973  0.0790834  0.718784  
0.968817  0.0157261  2  1.99973  2  1.99973  0.13905  0.627107  
0.284074  0.467015  2  1.99973  2  1.99973  0.467171  0.316566  
0.336448  0.419975  2  1.99973  2  1.99973  0.456989  0.323993  
0.0368997  0.807908  2  1.99973  2  1.99973  0.883345  0.0601365  
0.976588  0.0117764  2  1.99973  2  1.99973  0.0618503  0.751307  
0.0316928  0.821979  2  1.99973  2  1.99973  0.105442  0.675283  
0.341845  0.415326  2  1.99973  2  1.99973  0.0316928  0.821979  
0.744379  0.137228  2  1.99973  2  1.99973  0.259821  0.490336  
0.157326  0.603358  2  1.99973  2  1.99973  0.284074  0.467015  
0.525301  0.275242  2  1.99973  2  1.99973  0.0368997  0.807908  
0.729412  0.145944  2  1.99973  2  1.99973  0.118011  0.656473  
0.892507  0.0552919  2  1.99973  2  1.99973  0.226672  0.523926  
0.348498  0.409667  2  1.99973  2  1.99973  0.533055  0.269968  
0.932638  0.0342692  2  1.99973  2  1.99973  0.19047  0.563573  
0.405806  0.363249  2  1.99973  2  1.99973  0.448663  0.33018  
0.448664  0.33018  2  1.99973  2  1.99973  0.368543  0.39347  
0.0683801  0.738506  2  1.99973  2  1.99973  0.429149  0.344907  
0.130054  0.639389  2  1.99973  2  1.99973  0.650221  0.193639  
0.100273  0.683345  2  1.99973  2  1.99973  0.675578  0.178066  
0.165096  0.593705  2  1.99973  2  1.99973  0.976588  0.0117764  
0.650221  0.193639  2  1.99973  2  1.99973  0.994201  0.00291788  
0.259821  0.490336  2  1.99973  2  1.99973  0.968817  0.0157261  
0.0272242  0.835005  2  1.99973  2  1.99973  0.442362  0.334898  
0.0907785  0.698713  2  1.99973  2  1.99973  0.203982  0.548357  
0.00624739  0.921013  2  1.99973  2  1.99973  0.932638  0.0342692  
0.66741  0.183049  2  1.99973  2  1.99973  1.98611e-07  0.999729  
0.0122713  0.889226  2  1.99973  2  1.99973  0.112385  0.664763  
0.19047  0.563573  2  1.99973  2  1.99973  0.2892  0.462228  
0.184368  0.57062  2  1.99973  2  1.99973  0.952774  0.0239103  
0.84284  0.0819375  2  1.99973  2  1.99973  0.348498  0.409667  
0.105442  0.675283  2  1.99973  2  1.99973  0.405806  0.363249  
0.212346  0.539214  2  1.99973  2  1.99973  0.0520466  0.771866  
0.429149  0.344907  2  1.99973  2  1.99973  0.638321  0.201093  
0.660238  0.187454  2  1.99973  2  1.99973  0.361276  0.398945  
0.0831158  0.711703  2  1.99973  2  1.99973  0.681181  0.174666  
0.361276  0.398945  2  1.99973  2  1.99973  0.310868  0.442446  
0.0418455  0.79544  2  1.99973  2  1.99973  0.744379  0.137228  
0.0192786  0.861154  2  1.99973  2  1.99973  0.756078  0.130867  
0.0790834  0.718784  2  1.99973  2  1.99973  0.000608476  0.975337  
0.203982  0.548357  2  1.99973  2  1.99973  0.0122713  0.889226  
0.638321  0.201093  2  1.99973  2  1.99973  0.212346  0.539214  
0.883345  0.0601365  2  1.99973  2  1.99973  0.176499  0.579891  
0.295708  0.45621  2  1.99973  2  1.99973  0.0908858  0.698546  
0.993044  0.00351892  2  1.99973  2  1.99973  0.0272242  0.835005  
0.916241  0.0427988  2  1.99973  2  1.99973  0.511177  0.285034  
0.984275  0.00789485  2  1.99973  2  1.99973  0.893046  0.0549896  
0.196532  0.556725  2  1.99973  2  1.99973  0.86509  0.069905  
0.328188  0.427127  2  1.99973  2  1.99973  0.295708  0.45621  
0.0618503  0.751307  2  1.99973  2  1.99973  0.171455  0.58596  
0.13905  0.627107  2  1.99973  2  1.99973  0.235988  0.514226  
0.0474628  0.782153  2  1.99973  2  1.99973  0.00624739  0.921013  
0.009298  0.903576  2  1.99973  2  1.99973  0.689857  0.169425  
0.953583  0.0234976  2  1.99973  2  1.99973  0.473871  0.311649  
0.442361  0.334898  2  1.99973  2  1.99973  0.0962624  0.689741  
0.176717  0.57963  2  1.99973  2  1.99973  0.856856  0.0743402  
1.96472e-07  0.999729  2  1.99973  2  1.99973  0.817352  0.0959314  
0.829208  0.0893918  2  1.99973  2  1.99973  0.165086  0.593696  
0.681181  0.174664  2  1.99973  2  1.99973  0.503697  0.290286  
0.11229  0.664909  2  1.99973  2  1.99973  0.777276  0.11839  
0.226288  0.524314  2  1.99973  2  1.99973  0.015699  0.874705  
0.0520463  0.771865  2  1.99973  2  1.99973  0.0192785  0.861154  
0.147401  0.616085  2  1.99973  2  1.99973  1  2.73243e-08  
0.805275  0.102641  2  1.99973  2  1.99973  0.413233  0.357169  
0.368117  0.393283  2  1.99973  2  1.99973  0.0859967  0.706762  
0.865437  0.0697475  2  1.99973  2  1.99973  0.423306  0.349381  
0.413233  0.357169  2  1.99973  2  1.99973  0.147401  0.616085  
0.691525  0.168668  2  1.99973  2  1.99973  0.91561  0.043131  
0.756194  0.130413  2  1.99973  2  1.99973  0.660237  0.187452  
0.901383  0.0507733  2  1.99973  2  1.99973  0.487017  0.302139  
0.289199  0.462228  2  1.99973  2  1.99973  0.829208  0.0893917  
0.275017  0.475618  2  1.99973  2  1.99973  0.100328  0.683254  
0.511178  0.285033  2  1.99973  2  1.99973  0.66741  0.183049  
0.503697  0.290286  2  1.99973  2  1.99973  0.341845  0.415325  
0.0572216  0.76079  2  1.99973  2  1.99973  0.0572215  0.76079  
0.535358  0.26833  2  1.99973  2  1.99973  0.946788  0.0269705  
0.946788  0.0269705  2  1.99973  2  1.99973  0.336443  0.419965  
0.817352  0.0959314  2  1.99973  2  1.99973  0.729412  0.145944  
0.0962624  0.689741  2  1.99973  2  1.99973  0.0729915  0.729831  
0.304189  0.448469  2  1.99973  2  1.99973  0.0228818  0.848734  
0.473871  0.311649  2  1.99973  2  1.99973  0.250891  0.499116  
0.456987  0.323993  2  1.99973  2  1.99973  0.328011  0.427282  
0.00191057  0.956339  2  1.99973  2  1.99973  0.04746  0.782151  
0.000609833  0.97531  2  1.99973  2  1.99973  0.0032733  0.942793  
0.494698  0.296653  2  1.99973  2  1.99973  0.13005  0.63938  
0.118011  0.656473  2  1.99973  2  1.99973  0.009298  0.903576  
0.123644  0.648371  2  1.99973  2  1.99973  0.0682132  0.738843  
0.707609  0.158805  2  1.99973  2  1.99973  0.184368  0.57062  
0.487017  0.302139  2  1.99973  2  1.99973  0.84284  0.0819374  
0.171449  0.585942  2  1.99973  2  1.99973  0.494698  0.296653  
0.00363456  0.939853  2  1.99973  2  1.99973  0.524966  0.275464  
0.467144  0.316529  2  1.99973  2  1.99973  0.196515  0.556704  
0.311964  0.441473  2  1.99973  2  1.99973  0.304189  0.448469  
1  2.73243e-08  2  1.99973  2  1.99973  0.707609  0.158805  
0.250891  0.499116  2  1.99973  2  1.99973  0.984429  0.00782194  
0.0729915  0.729831  2  1.99973  2  1.99973  0.0418453  0.79544  
0.015699  0.874705  2  1.99973  2  1.99973  0.275017  0.475618  
0.423306  0.349381  2  1.99973  2  1.99973  0.805275  0.102641  
0.0228818  0.848734  2  1.99973  2  1.99973  0.157326  0.603358  
0.235984  0.514223  2  1.99973  2  1.99973  0.123644  0.648371  
0.856856  0.0743402  2  1.99973  2  1.99973  0.0790844  0.718781  
0.968803  0.0157233  2  1.99973  2  1.99973  0.13905  0.627107  
0.283528  0.467562  2  1.99973  2  1.99973  0.467144  0.316529  
0.336443  0.419965  2  1.99973  2  1.99973  0.456987  0.323993  
0.0368302  0.808091  2  1.99973  2  1.99973  0.882877  0.0604083  
0.777276  0.11839  2  1.99973  2  1.99973  0.0618496  0.751307  
0.0316925  0.821978  2  1.99973  2  1.99973  0.105485  0.675217  
0.628495  0.207811  2  1.99973  2  1.99973  0.0316925  0.821978  
0.744265  0.137297  2  1.99973  2  1.99973  0.260435  0.489739  
0.157326  0.603358  2  1.99973  2  1.99973  0.283528  0.467562  
0.524966  0.275464  2  1.99973  2  1.99973  0.0368302  0.808091  
0.729412  0.145944  2  1.99973  2  1.99973  0.118011  0.656473  
0.892507  0.0552919  2  1.99973  2  1.99973  0.226288  0.524314  
0.348495  0.409666  2  1.99973  2  1.99973  0.535358  0.26833  
0.932637  0.034269  2  1.99973  2  1.99973  0.19047  0.563572  
0.404229  0.364493  2  1.99973  2  1.99973  0.448662  0.330179  
0.448662  0.330179  2  1.99973  2  1.99973  0.368117  0.393283  
0.0682132  0.738843  2  1.99973  2  1.99973  0.429766  0.344442  
0.13005  0.63938  2  1.99973  2  1.99973  0.65022  0.193638  
0.100328  0.683254  2  1.99973  2  1.99973  0.633812  0.203971  
0.165086  0.593696  2  1.99973  2  1.99973  0.976588  0.0117762  
0.65022  0.193638  2  1.99973  2  1.99973  0.628495  0.207811  
0.260435  0.489739  2  1.99973  2  1.99973  0.968803  0.0157233  
0.0272238  0.835005  2  1.99973  2  1.99973  0.442361  0.334898  
0.0908852  0.698534  2  1.99973  2  1.99973  0.203982  0.548357  
0.00624204  0.92101  2  1.99973  2  1.99973  0.932637  0.034269  
0.66741  0.183049  2  1.99973  2  1.99973  1.96472e-07  0.999729  
0.0122713  0.889226  2  1.99973  2  1.99973  0.11229  0.664909  
0.19047  0.563572  2  1.99973  2  1.99973  0.289199  0.462228  
0.184368  0.57062  2  1.99973  2  1.99973  0.953583  0.0234976  
0.84284  0.0819374  2  1.99973  2  1.99973  0.348678  0.409531  
0.105485  0.675217  2  1.99973  2  1.99973  0.404229  0.364493  
0.212332  0.53921  2  1.99973  2  1.99973  0.0520463  0.771865  
0.429767  0.344442  2  1.99973  2  1.99973  0.638963  0.200662  
0.660237  0.187452  2  1.99973  2  1.99973  0.360545  0.39956  
0.0859967  0.706762  2  1.99973  2  1.99973  0.681181  0.174664  
0.360545  0.39956  2  1.99973  2  1.99973  0.311964  0.441473  
0.0418453  0.79544  2  1.99973  2  1.99973  0.744265  0.137297  
0.0192785  0.861154  2  1.99973  2  1.99973  0.756194  0.130413  
0.0790844  0.718781  2  1.99973  2  1.99973  0.0010089  0.96834  
0.203982  0.548357  2  1.99973  2  1.99973  0.0122712  0.889226  
0.976588  0.0117762  2  1.99973  2  1.99973  0.212332  0.53921  
0.882877  0.0604083  2  1.99973  2  1.99973  0.176717  0.57963  
0.29582  0.456113  2  1.99973  2  1.99973  0.0908852  0.698534  
0.638963  0.200662  2  1.99973  2  1.99973  0.0272237  0.835005  
0.916241  0.0427988  2  1.99973  2  1.99973  0.511178  0.285033  
0.984429  0.00782194  2  1.99973  2  1.99973  0.893366  0.0548317  
0.196515  0.556704  2  1.99973  2  1.99973  0.865437  0.0697475  
0.328011  0.427282  2  1.99973  2  1.99973  0.29582  0.456113  
0.0618496  0.751307  2  1.99973  2  1.99973  0.171449  0.585942  
0.13905  0.627107  2  1.99973  2  1.99973  0.235984  0.514223  
0.04746  0.782152  2  1.99973  2  1.99973  0.00619062  0.921332  
0.00919722  0.904109  2  1.99973  2  1.99973  0.690352  0.169228  
0.953959  0.0233362  2  1.99973  2  1.99973  0.473834  0.311647  
0.442361  0.334898  2  1.99973  2  1.99973  0.0959812  0.69024  
0.176715  0.579628  2  1.99973  2  1.99973  0.856852  0.074338  
1.29384e-07  0.999729  2  1.99973  2  1.99973  0.817346  0.0959294  
0.829208  0.0893917  2  1.99973  2  1.99973  0.165085  0.593695  
0.68118  0.174664  2  1.99973  2  1.99973  0.503696  0.290285  
0.112175  0.665092  2  1.99973  2  1.99973  0.777269  0.118375  
0.225945  0.52467  2  1.99973  2  1.99973  0.015699  0.874705  
0.052046  0.771865  2  1.99973  2  1.99973  0.0192784  0.861154  
0.147398  0.616081  2  1.99973  2  1.99973  1  2.6905e-08  
0.805271  0.102632  2  1.99973  2  1.99973  0.413232  0.357169  
0.369292  0.39232  2  1.99973  2  1.99973  0.0859922  0.706758  
0.865412  0.069728  2  1.99973  2  1.99973  0.423306  0.349381  
0.413232  0.357169  2  1.99973  2  1.99973  0.147398  0.616081  
0.691525  0.168668  2  1.99973  2  1.99973  0.915605  0.0431285  
0.756187  0.130411  2  1.99973  2  1.99973  0.660237  0.187451  
0.901383  0.0507733  2  1.99973  2  1.99973  0.487016  0.302136  
0.289199  0.462228  2  1.99973  2  1.99973  0.829208  0.0893917  
0.274484  0.476126  2  1.99973  2  1.99973  0.100328  0.683254  
0.511178  0.285033  2  1.99973  2  1.99973  0.66741  0.183049  
0.503696  0.290285  2  1.99973  2  1.99973  0.341845  0.415325  
0.0572215  0.76079  2  1.99973  2  1.99973  0.0572215  0.76079  
0.536741  0.267391  2  1.99973  2  1.99973  0.946787  0.0269704  
0.946787  0.0269704  2  1.99973  2  1.99973  0.335965  0.420414  
0.817346  0.0959294  2  1.99973  2  1.99973  0.729382  0.145963  
0.0959812  0.69024  2  1.99973  2  1.99973  0.0729914  0.729831  
0.304188  0.448469  2  1.99973  2  1.99973  0.022896  0.848687  
0.473834  0.311647  2  1.99973  2  1.99973  0.250888  0.499115  
0.457203  0.323858  2  1.99973  2  1.99973  0.328008  0.427282  
0.00191057  0.956339  2  1.99973  2  1.99973  0.0474598  0.782151  
0.000609833  0.97531  2  1.99973  2  1.99973  0.00327313  0.942792  
0.494698  0.296653  2  1.99973  2  1.99973  0.130371  0.638977  
0.118011  0.656473  2  1.99973  2  1.99973  0.00919721  0.904109  
0.123644  0.64837  2  1.99973  2  1.99973  0.0678996  0.739494  
0.707609  0.158805  2  1.99973  2  1.99973  0.184368  0.57062  
0.487016  0.302136  2  1.99973  2  1.99973  0.842839  0.0819374  
0.171445  0.585941  2  1.99973  2  1.99973  0.494698  0.296653  
0.00363456  0.939853  2  1.99973  2  1.99973  0.524965  0.275458  
0.467139  0.316526  2  1.99973  2  1.99973  0.196686  0.55653  
0.312615  0.440894  2  1.99973  2  1.99973  0.304188  0.448469  
1  2.6905e-08  2  1.99973  2  1.99973  0.707609  0.158805  
0.250888  0.499115  2  1.99973  2  1.99973  0.984425  0.00781978  
0.0729915  0.729831  2  1.99973  2  1.99973  0.0419724  0.795131  
0.015699  0.874705  2  1.99973  2  1.99973  0.274484  0.476126  
0.423306  0.349381  2  1.99973  2  1.99973  0.805271  0.102632  
0.022896  0.848687  2  1.99973  2  1.99973  0.157325  0.603358  
0.23598  0.514223  2  1.99973  2  1.99973  0.123644  0.64837  
0.856852  0.074338  2  1.99973  2  1.99973  0.0790844  0.718781  
0.968715  0.0157702  2  1.99973  2  1.99973  0.139049  0.627107  
0.283519  0.467539  2  1.99973  2  1.99973  0.467139  0.316526  
0.336894  0.419677  2  1.99973  2  1.99973  0.457203  0.323858  
0.0368299  0.80809  2  1.99973  2  1.99973  0.882604  0.0605361  
0.777269  0.118375  2  1.99973  2  1.99973  0.0618492  0.751306  
0.0316924  0.821978  2  1.99973  2  1.99973  0.105536  0.675142  
0.62626  0.208655  2  1.99973  2  1.99973  0.0316924  0.821978  
0.744265  0.137294  2  1.99973  2  1.99973  0.260387  0.489722  
0.157325  0.603358  2  1.99973  2  1.99973  0.283519  0.467539  
0.524965  0.275458  2  1.99973  2  1.99973  0.0368299  0.80809  
0.729382  0.145963  2  1.99973  2  1.99973  0.118011  0.656473  
0.892507  0.0552919  2  1.99973  2  1.99973  0.225945  0.52467  
0.348671  0.409521  2  1.99973  2  1.99973  0.536741  0.267391  
0.932637  0.0342688  2  1.99973  2  1.99973  0.190469  0.563572  
0.976587  0.011776  2  1.99973  2  1.99973  0.448846  0.330046  
0.448846  0.330046  2  1.99973  2  1.99973  0.369292  0.39232  
0.0678996  0.739494  2  1.99973  2  1.99973  0.429765  0.344439  
0.130371  0.638977  2  1.99973  2  1.99973  0.65022  0.193638  
0.100328  0.683254  2  1.99973  2  1.99973  0.401231  0.368586  
0.165085  0.593695  2  1.99973  2  1.99973  0.976587  0.011776  
0.65022  0.193638  2  1.99973  2  1.99973  0.62626  0.208655  
0.260387  0.489722  2  1.99973  2  1.99973  0.968715  0.0157702  
0.0272237  0.835005  2  1.99973  2  1.99973  0.442361  0.334898  
0.0908831  0.698533  2  1.99973  2  1.99973  0.203982  0.548357  
0.00618975  0.921331  2  1.99973  2  1.99973  0.932637  0.0342688  
0.66741  0.183049  2  1.99973  2  1.99973  1.29384e-07  0.999729  
0.0122712  0.889225  2  1.99973  2  1.99973  0.112175  0.665092  
0.19047  0.563572  2  1.99973  2  1.99973  0.289199  0.462228  
0.184368  0.57062  2  1.99973  2  1.99973  0.953959  0.0233362  
0.84284  0.0819374  2  1.99973  2  1.99973  0.348914  0.409355  
0.105536  0.675142  2  1.99973  2  1.99973  0.404107  0.364312  
0.212331  0.539208  2  1.99973  2  1.99973  0.052046  0.771865  
0.429765  0.344439  2  1.99973  2  1.99973  0.638951  0.200658  
0.660237  0.187451  2  1.99973  2  1.99973  0.360034  0.399979  
0.0859922  0.706758  2  1.99973  2  1.99973  0.68118  0.174664  
0.360034  0.399979  2  1.99973  2  1.99973  0.312615  0.440894  
0.0419724  0.795131  2  1.99973  2  1.99973  0.744265  0.137294  
0.0192784  0.861154  2  1.99973  2  1.99973  0.756187  0.130411  
0.0790844  0.718781  2  1.99973  2  1.99973  0.00100475  0.968334  
0.203982  0.548357  2  1.99973  2  1.99973  0.0122712  0.889225  
0.401895  0.366194  2  1.99973  2  1.99973  0.212331  0.539208  
0.882604  0.0605361  2  1.99973  2  1.99973  0.176715  0.579628  
0.295818  0.45611  2  1.99973  2  1.99973  0.0908831  0.698533  
0.638951  0.200658  2  1.99973  2  1.99973  0.0272237  0.835005  
0.916241  0.0427988  2  1.99973  2  1.99973  0.511178  0.285033  
0.984425  0.00781978  2  1.99973  2  1.99973  0.893359  0.0548245  
0.196686  0.55653  2  1.99973  2  1.99973  0.865412  0.069728  
0.328008  0.427282  2  1.99973  2  1.99973  0.295818  0.45611  
0.0618493  0.751307  2  1.99973  2  1.99973  0.171445  0.585941  
0.139049  0.627107  2  1.99973  2  1.99973  0.23598  0.514223  
0.0474598  0.782151  2  1.99973  2  1.99973  0.00618975  0.921331  
0.00918317  0.90418  3.67973  2.51298  3.67973  2.51298  0.690292  0.169166  
0.954057  0.0232443  3.67973  2.51298  3.67973  2.51298  0.473833  0.311646  
0.441916  0.335238  3.67973  2.51298  3.67973  2.51298  0.0959644  0.690225  
0.176715  0.579626  3.67973  2.51298  3.67973  2.51298  0.856852  0.0743377  
1.15425e-07  0.999729  3.67973  2.51298  3.67973  2.51298  0.817346  0.0959288  
0.829208  0.0893916  3.67973  2.51298  3.67973  2.51298  0.164758  0.594112  
0.68118  0.174664  3.67973  2.51298  3.67973  2.51298  0.503696  0.290285  
0.112167  0.665089  3.67973  2.51298  3.67973  2.51298  0.777268  0.118373  
0.225944  0.524668  3.67973  2.51298  3.67973  2.51298  0.015699  0.874705  
0.0520459  0.771865  3.67973  2.51298  3.67973  2.51298  0.0192784  0.861154  
0.147398  0.616077  3.67973  2.51298  3.67973  2.51298  1  2.6905e-08  
0.805271  0.102632  3.67973  2.51298  3.67973  2.51298  0.413276  0.357136  
0.371004  0.390961  3.67973  2.51298  3.67973  2.51298  0.0857692  0.707173  
0.86541  0.0697275  3.67973  2.51298  3.67973  2.51298  0.423306  0.349381  
0.413276  0.357136  3.67973  2.51298  3.67973  2.51298  0.147398  0.616077  
0.691525  0.168668  3.67973  2.51298  3.67973  2.51298  0.915604  0.0431282  
0.756187  0.130411  3.67973  2.51298  3.67973  2.51298  0.659907  0.187658  
0.901383  0.0507733  3.67973  2.51298  3.67973  2.51298  0.486607  0.302475  
0.289331  0.462111  3.67973  2.51298  3.67973  2.51298  0.829208  0.0893916  
0.274195  0.476401  3.67973  2.51298  3.67973  2.51298  0.100328  0.683254  
0.511178  0.285033  3.67973  2.51298  3.67973  2.51298  0.667606  0.182933  
0.503696  0.290285  3.67973  2.51298  3.67973  2.51298  0.341845  0.415325  
0.0572031  0.760829  3.67973  2.51298  3.67973  2.51298  0.057203  0.760829  
0.538613  0.266171  3.67973  2.51298  3.67973  2.51298  0.946676  0.0270302  
0.946676  0.0270302  3.67973  2.51298  3.67973  2.51298  0.335943  0.420398  
0.817346  0.0959288  3.67973  2.51298  3.67973  2.51298  0.729381  0.145963  
0.0959644  0.690225  3.67973  2.51298  3.67973  2.51298  0.0729914  0.729831  
0.304188  0.448468  3.67973  2.51298  3.67973  2.51298  0.0228959  0.848686  
0.473833  0.311646  3.67973  2.51298  3.67973  2.51298  0.250888  0.499114  
0.457193  0.323845  3.67973  2.51298  3.67973  2.51298  0.327623  0.427638  
0.00100384  0.968333  3.67973  2.51298  3.67973  2.51298  0.0473512  0.782406  
0.404721  0.363855  3.67973  2.51298  3.67973  2.51298  0.00327298  0.942792  
0.494698  0.296653  3.67973  2.51298  3.67973  2.51298  0.130672  0.638553  
0.118011  0.656473  3.67973  2.51298  3.67973  2.51298  0.00918317  0.90418  
0.123745  0.64823  3.67973  2.51298  3.67973  2.51298  0.0677261  0.739782  
0.707609  0.158805  3.67973  2.51298  3.67973  2.51298  0.184079  0.570975  
0.486607  0.302475  3.67973  2.51298  3.67973  2.51298  0.842839  0.0819373  
0.171226  0.586211  3.67973  2.51298  3.67973  2.51298  0.494698  0.296653  
0.00327298  0.942792  3.67973  2.51298  3.67973  2.51298  0.524842  0.275544  
0.467138  0.316525  3.67973  2.51298  3.67973  2.51298  0.196676  0.556523  
0.31294  0.440648  3.67973  2.51298  3.67973  2.51298  0.304188  0.448468  
1  2.6905e-08  3.67973  2.51298  3.67973  2.51298  0.707609  0.158805  
0.250888  0.499114  3.67973  2.51298  3.67973  2.51298  0.984863  0.00761941  
0.0729914  0.729831  3.67973  2.51298  3.67973  2.51298  0.0419722  0.79513  
0.015699  0.874705  3.67973  2.51298  3.67973  2.51298  0.274195  0.476401  
0.423306  0.349381  3.67973  2.51298  3.67973  2.51298  0.805271  0.102632  
0.022896  0.848686  3.67973  2.51298  3.67973  2.51298  0.157325  0.603358  
0.23598  0.514223  3.67973  2.51298  3.67973  2.51298  0.123745  0.64823  
0.856852  0.0743377  3.67973  2.51298  3.67973  2.51298  0.0791007  0.718752  
0.968384  0.0159421  3.67973  2.51298  3.67973  2.51298  0.139038  0.627123  
0.283518  0.467537  3.67973  2.51298  3.67973  2.51298  0.467138  0.316525  
0.336894  0.419677  3.67973  2.51298  3.67973  2.51298  0.457193  0.323845  
0.0368297  0.80809  3.67973  2.51298  3.67973  2.51298  0.882269  0.060731  
0.777268  0.118373  3.67973  2.51298  3.67973  2.51298  0.061849  0.751306  
0.0316923  0.821977  3.67973  2.51298  3.67973  2.51298  0.105534  0.675141  
0.62577  0.208981  3.67973  2.51298  3.67973  2.51298  0.0316923  0.821977  
0.744264  0.137293  3.67973  2.51298  3.67973  2.51298  0.260386  0.489721  
0.157325  0.603358  3.67973  2.51298  3.67973  2.51298  0.283518  0.467537  
0.524842  0.275544  3.67973  2.51298  3.67973  2.51298  0.0368297  0.80809  
0.729381  0.145963  3.67973  2.51298  3.67973  2.51298  0.118011  0.656473  
0.892507  0.0552919  3.67973  2.51298  3.67973  2.51298  0.225944  0.524668  
0.348671  0.409521  3.67973  2.51298  3.67973  2.51298  0.538613  0.266171  
0.932637  0.0342688  3.67973  2.51298  3.67973  2.51298  0.190469  0.563572  
0.976587  0.011776  3.67973  2.51298  3.67973  2.51298  0.448845  0.330043  
0.448845  0.330043  3.67973  2.51298  3.67973  2.51298  0.371004  0.390961  
0.0677261  0.739782  3.67973  2.51298  3.67973  2.51298  0.430106  0.344182  
0.130672  0.638553  3.67973  2.51298  3.67973  2.51298  0.65022  0.193638  
0.100328  0.683254  3.67973  2.51298  3.67973  2.51298  0.39784  0.369354  
0.164758  0.594112  3.67973  2.51298  3.67973  2.51298  0.976587  0.0117759  
0.65022  0.193638  3.67973  2.51298  3.67973  2.51298  0.62577  0.208981  
0.260386  0.489721  3.67973  2.51298  3.67973  2.51298  0.968383  0.0159421  
0.0272236  0.835005  3.67973  2.51298  3.67973  2.51298  0.441916  0.335238  
0.090883  0.698533  3.67973  2.51298  3.67973  2.51298  0.203982  0.548357  
0.00615122  0.921579  3.67973  2.51298  3.67973  2.51298  0.932637  0.0342688  
0.667606  0.182933  3.67973  2.51298  3.67973  2.51298  1.15425e-07  0.999729  
0.0122712  0.889225  3.67973  2.51298  3.67973  2.51298  0.112167  0.665089  
0.190469  0.563572  3.67973  2.51298  3.67973  2.51298  0.289331  0.462111  
0.184079  0.570975  3.67973  2.51298  3.67973  2.51298  0.954057  0.0232443  
0.842839  0.0819373  3.67973  2.51298  3.67973  2.51298  0.348905  0.409327  
0.105534  0.675141  3.67973  2.51298  3.67973  2.51298  0.404721  0.363855  
0.212331  0.539208  3.67973  2.51298  3.67973  2.51298  0.0520459  0.771865  
0.430106  0.344182  3.67973  2.51298  3.67973  2.51298  0.638903  0.200687  
0.659907  0.187658  3.67973  2.51298  3.67973  2.51298  0.36003  0.399976  
0.0857692  0.707173  3.67973  2.51298  3.67973  2.51298  0.68118  0.174664  
0.36003  0.399976  3.67973  2.51298  3.67973  2.51298  0.31294  0.440648  
0.0419722  0.79513  3.67973  2.51298  3.67973  2.51298  0.744264  0.137293  
0.0192784  0.861154  3.67973  2.51298  3.67973  2.51298  0.756187  0.130411  
0.0791008  0.718752  3.67973  2.51298  3.67973  2.51298  0.00100384  0.968333  
0.203982  0.548357  3.67973  2.51298  3.67973  2.51298  0.0122712  0.889225  
0.39784  0.369354  3.67973  2.51298  3.67973  2.51298  0.212331  0.539208  
0.882269  0.060731  3.67973  2.51298  3.67973  2.51298  0.176715  0.579626  
0.295818  0.45611  3.67973  2.51298  3.67973  2.51298  0.0908829  0.698533  
0.638903  0.200687  3.67973  2.51298  3.67973  2.51298  0.0272236  0.835005  
0.916241  0.0427988  3.67973  2.51298  3.67973  2.51298  0.511177  0.285033  
0.984863  0.00761941  3.67973  2.51298  3.67973  2.51298  0.893359  0.0548243  
0.196676  0.556523  3.67973  2.51298  3.67973  2.51298  0.86541  0.0697275  
0.327623  0.427638  3.67973  2.51298  3.67973  2.51298  0.295818  0.45611  
0.061849  0.751306  3.67973  2.51298  3.67973  2.51298  0.171226  0.586211  
0.139038  0.627123  3.67973  2.51298  3.67973  2.51298  0.23598  0.514222  
0.0473512  0.782406  3.67973  2.51298  3.67973  2.51298  0.00615122  0.921579  
