905.309  125.53  1545.42  1461.68  1.79769e+308  1.79769e+308  905.309  125.53  
163.566  726.394  1545.42  1461.68  1.79769e+308  1.79769e+308  163.566  726.394  
1499.97  821.153  1545.42  1461.68  1.79769e+308  1.79769e+308  1499.97  821.153  
82.6042  1265.76  1545.42  1461.68  1.79769e+308  1.79769e+308  82.6042  1265.76  
1060.26  395.06  1545.42  1461.68  1.79769e+308  1.79769e+308  1060.26  395.06  
765.972  724.404  1545.42  1461.68  1.79769e+308  1.79769e+308  765.972  724.404  
1052.73  94.7672  1545.42  1461.68  1.79769e+308  1.79769e+308  1052.73  94.7672  
185.629  1219.6  1545.42  1461.68  1.79769e+308  1.79769e+308  185.629  1219.6  
249.169  877.139  1545.42  1461.68  1.79769e+308  1.79769e+308  249.169  877.139  
890.613  375.874  1545.42  1461.68  1.79769e+308  1.79769e+308  890.613  375.874  
719.765  298.18  1545.42  1461.68  1.79769e+308  1.79769e+308  719.765  298.18  
407.711  647.997  1545.42  1461.68  1.79769e+308  1.79769e+308  407.711  647.997  
1042.78  333.696  1545.42  1461.68  1.79769e+308  1.79769e+308  1042.78  333.696  
1205.04  1071.15  1545.42  1461.68  1.79769e+308  1.79769e+308  1205.04  1071.15  
53.2034  863.813  1545.42  1461.68  1.79769e+308  1.79769e+308  53.2034  863.813  
310.332  599.053  1545.42  1461.68  1.79769e+308  1.79769e+308  310.332  599.053  
597.612  720.979  1545.42  1461.68  1.79769e+308  1.79769e+308  597.612  720.979  
493.369  1061.81  1545.42  1461.68  1.79769e+308  1.79769e+308  493.369  1061.81  
1081.45  343.376  1545.42  1461.68  1.79769e+308  1.79769e+308  1081.45  343.376  
739.19  1460.68  1545.42  1461.68  1.79769e+308  1.79769e+308  739.19  1460.68  
899.373  384.29  1545.42  1461.68  1.79769e+308  1.79769e+308  899.373  384.29  
1321.03  233.359  1545.42  1461.68  1.79769e+308  1.79769e+308  1321.03  233.359  
96.4714  1170.83  1545.42  1461.68  1.79769e+308  1.79769e+308  96.4714  1170.83  
255.766  1091.42  1545.42  1461.68  1.79769e+308  1.79769e+308  255.766  1091.42  
1127.11  176.954  1545.42  1461.68  1.79769e+308  1.79769e+308  1127.11  176.954  
266.936  984.955  1545.42  1461.68  1.79769e+308  1.79769e+308  266.936  984.955  
207.721  1012.63  1545.42  1461.68  1.79769e+308  1.79769e+308  207.721  1012.63  
607.335  1043.68  1545.42  1461.68  1.79769e+308  1.79769e+308  607.335  1043.68  
863.535  893.89  1545.42  1461.68  1.79769e+308  1.79769e+308  863.535  893.89  
659.166  626.138  1545.42  1461.68  1.79769e+308  1.79769e+308  659.166  626.138  
147.745  867.02  1545.42  1461.68  1.79769e+308  1.79769e+308  147.745  867.02  
945.598  446.27  1545.42  1461.68  1.79769e+308  1.79769e+308  945.598  446.27  
845.068  763.35  1545.42  1461.68  1.79769e+308  1.79769e+308  845.068  763.35  
1379.2  444.873  1545.42  1461.68  1.79769e+308  1.79769e+308  1379.2  444.873  
834.41  266.478  1545.42  1461.68  1.79769e+308  1.79769e+308  834.41  266.478  
1372.98  545.566  1545.42  1461.68  1.79769e+308  1.79769e+308  1372.98  545.566  
956.587  582.391  1545.42  1461.68  1.79769e+308  1.79769e+308  956.587  582.391  
995.081  565.776  1545.42  1461.68  1.79769e+308  1.79769e+308  995.081  565.776  
678.688  817.222  1545.42  1461.68  1.79769e+308  1.79769e+308  678.688  817.222  
162.659  1039.67  1545.42  1461.68  1.79769e+308  1.79769e+308  162.659  1039.67  
938.948  609.231  1545.42  1461.68  1.79769e+308  1.79769e+308  938.948  609.231  
1227.23  526.818  1545.42  1461.68  1.79769e+308  1.79769e+308  1227.23  526.818  
343.334  1140.64  1545.42  1461.68  1.79769e+308  1.79769e+308  343.334  1140.64  
246.036  651.763  1545.42  1461.68  1.79769e+308  1.79769e+308  246.036  651.763  
941.135  479.142  1545.42  1461.68  1.79769e+308  1.79769e+308  941.135  479.142  
462.395  1077.65  1545.42  1461.68  1.79769e+308  1.79769e+308  462.395  1077.65  
1196.43  491.368  1545.42  1461.68  1.79769e+308  1.79769e+308  1196.43  491.368  
820.174  246.794  1545.42  1461.68  1.79769e+308  1.79769e+308  820.174  246.794  
953.429  128.544  1545.42  1461.68  1.79769e+308  1.79769e+308  953.429  128.544  
168.479  988.014  1545.42  1461.68  1.79769e+308  1.79769e+308  168.479  988.014  
180.515  617.581  1545.42  1461.68  1.79769e+308  1.79769e+308  180.515  617.581  
446.847  1196.15  1545.42  1461.68  1.79769e+308  1.79769e+308  446.847  1196.15  
902.786  795.501  1545.42  1461.68  1.79769e+308  1.79769e+308  902.786  795.501  
1544.42  57.4914  1545.42  1461.68  1.79769e+308  1.79769e+308  1544.42  57.4914  
836.753  334.054  1545.42  1461.68  1.79769e+308  1.79769e+308  836.753  334.054  
209.191  1003.39  1545.42  1461.68  1.79769e+308  1.79769e+308  209.191  1003.39  
684.369  882.16  1545.42  1461.68  1.79769e+308  1.79769e+308  684.369  882.16  
392.502  1096.35  1545.42  1461.68  1.79769e+308  1.79769e+308  392.502  1096.35  
1179.37  62.8688  1545.42  1461.68  1.79769e+308  1.79769e+308  1179.37  62.8688  
620.394  15.9309  1545.42  1461.68  1.79769e+308  1.79769e+308  620.394  15.9309  
570.779  1030.01  1545.42  1461.68  1.79769e+308  1.79769e+308  570.779  1030.01  
443.52  1170.78  1545.42  1461.68  1.79769e+308  1.79769e+308  443.52  1170.78  
390.864  933.086  1545.42  1461.68  1.79769e+308  1.79769e+308  390.864  933.086  
982.557  476.863  1545.42  1461.68  1.79769e+308  1.79769e+308  982.557  476.863  
708.184  1026.04  1545.42  1461.68  1.79769e+308  1.79769e+308  708.184  1026.04  
833.894  592.652  1545.42  1461.68  1.79769e+308  1.79769e+308  833.894  592.652  
741.336  758.732  1545.42  1461.68  1.79769e+308  1.79769e+308  741.336  758.732  
438.709  482.656  1545.42  1461.68  1.79769e+308  1.79769e+308  438.709  482.656  
544.499  676.46  1545.42  1461.68  1.79769e+308  1.79769e+308  544.499  676.46  
480.238  1088.57  1545.42  1461.68  1.79769e+308  1.79769e+308  480.238  1088.57  
1061.17  219.04  1545.42  1461.68  1.79769e+308  1.79769e+308  1061.17  219.04  
528.646  536.02  1545.42  1461.68  1.79769e+308  1.79769e+308  528.646  536.02  
706.542  787.728  1545.42  1461.68  1.79769e+308  1.79769e+308  706.542  787.728  
813.69  236.132  1545.42  1461.68  1.79769e+308  1.79769e+308  813.69  236.132  
439.753  1357.03  1545.42  1461.68  1.79769e+308  1.79769e+308  439.753  1357.03  
1203.81  293.382  1545.42  1461.68  1.79769e+308  1.79769e+308  1203.81  293.382  
605.146  462.97  1545.42  1461.68  1.79769e+308  1.79769e+308  605.146  462.97  
1026.1  205.178  1545.42  1461.68  1.79769e+308  1.79769e+308  1026.1  205.178  
1194.56  111.227  1545.42  1461.68  1.79769e+308  1.79769e+308  1194.56  111.227  
727.002  758.279  1545.42  1461.68  1.79769e+308  1.79769e+308  727.002  758.279  
71.9155  1066.49  1545.42  1461.68  1.79769e+308  1.79769e+308  71.9155  1066.49  
98.6182  868.012  1545.42  1461.68  1.79769e+308  1.79769e+308  98.6182  868.012  
865.064  134.712  1545.42  1461.68  1.79769e+308  1.79769e+308  865.064  134.712  
1225.24  474.724  1545.42  1461.68  1.79769e+308  1.79769e+308  1225.24  474.724  
792.226  375.134  1545.42  1461.68  1.79769e+308  1.79769e+308  792.226  375.134  
822.903  722.91  1545.42  1461.68  1.79769e+308  1.79769e+308  822.903  722.91  
1052.87  636.023  1545.42  1461.68  1.79769e+308  1.79769e+308  1052.87  636.023  
754.149  948.812  1545.42  1461.68  1.79769e+308  1.79769e+308  754.149  948.812  
834.276  1059.24  1545.42  1461.68  1.79769e+308  1.79769e+308  834.276  1059.24  
1326.35  732.427  1545.42  1461.68  1.79769e+308  1.79769e+308  1326.35  732.427  
889.905  570.711  1545.42  1461.68  1.79769e+308  1.79769e+308  889.905  570.711  
1118.3  147.755  1545.42  1461.68  1.79769e+308  1.79769e+308  1118.3  147.755  
456.566  1283.13  1545.42  1461.68  1.79769e+308  1.79769e+308  456.566  1283.13  
973.701  602.314  1545.42  1461.68  1.79769e+308  1.79769e+308  973.701  602.314  
1239.45  242.489  1545.42  1461.68  1.79769e+308  1.79769e+308  1239.45  242.489  
521.865  243.901  1545.42  1461.68  1.79769e+308  1.79769e+308  521.865  243.901  
362.339  1020.09  1545.42  1461.68  1.79769e+308  1.79769e+308  362.339  1020.09  
634.529  894.626  1545.42  1461.68  1.79769e+308  1.79769e+308  634.529  894.626  
694.833  1079.29  1545.42  1461.68  1.79769e+308  1.79769e+308  694.833  1079.29  
53.7468  666.497  1545.42  1461.68  1.79769e+308  1.79769e+308  53.7468  666.497  
46.2476  904.178  677.824  633.197  995.589  905.178  288.511  3.62206  
146.81  0.00105425  677.824  633.197  995.589  905.178  103.278  67.2187  
83.7912  211.978  677.824  633.197  995.589  905.178  53.2956  98.6353  
994.589  0  677.824  633.197  995.589  905.178  2.02134e-15  33.0111  
53.5053  663.502  677.824  633.197  995.589  905.178  6.06203e-15  99.0005  
620.458  13.2206  677.824  633.197  995.589  905.178  111.002  0  
104.666  7.39327e-13  677.824  633.197  995.589  905.178  32.0393  1.39686e-15  
620.458  13.2206  677.824  633.197  995.589  905.178  9.19733e-15  150.204  
620.458  13.2206  677.824  633.197  995.589  905.178  136.228  0.000247118  
450.271  394.927  677.824  633.197  995.589  905.178  109.996  0  
780.899  1.02703e-06  677.824  633.197  995.589  905.178  136.647  0  
146.813  2.90255e-14  677.824  633.197  995.589  905.178  89.7799  116.486  
143.39  648.862  677.824  633.197  995.589  905.178  107.69  0.0321767  
390.134  484.685  677.824  633.197  995.589  905.178  471.112  241.359  
139.56  9.17765e-11  677.824  633.197  995.589  905.178  235.558  305.628  
390.134  484.685  677.824  633.197  995.589  905.178  131.754  8.6421  
143.39  648.862  677.824  633.197  995.589  905.178  150.782  0  
46.2476  904.178  677.824  633.197  995.589  905.178  652.274  141.7  
450.322  0  677.824  633.197  995.589  905.178  52.5071  4.57845e-15  
0.215045  100.501  677.824  633.197  995.589  905.178  124.167  1.91206e-09  
46.2476  904.178  677.824  633.197  995.589  905.178  103.24  94.0566  
450.271  394.927  677.824  633.197  995.589  905.178  446.813  0  
143.43  0  677.824  633.197  995.589  905.178  116.783  87.7634  
945.833  85.1446  677.824  633.197  995.589  905.178  104.417  7.38073e-08  
456.268  1.52099e-10  677.824  633.197  995.589  905.178  333  317.311  
146.81  0.00105425  677.824  633.197  995.589  905.178  319.706  0  
53.5053  663.502  677.824  633.197  995.589  905.178  3.61854e-15  59.0953  
83.7912  211.978  677.824  633.197  995.589  905.178  113.892  41.9809  
945.833  85.1446  677.824  633.197  995.589  905.178  43.2577  95.2986  
620.458  13.2206  677.824  633.197  995.589  905.178  676.824  411.059  
0.215045  100.501  677.824  633.197  995.589  905.178  32.791  123.147  
780.899  1.02703e-06  677.824  633.197  995.589  905.178  469.43  0  
129.346  0  677.824  633.197  995.589  905.178  101.69  81.9974  
46.4533  7.82766e-05  677.824  633.197  995.589  905.178  149.978  1.34115e-06  
93.929  3.67008e-11  677.824  633.197  995.589  905.178  90.2355  81.2804  
46.4533  2.00227e-05  677.824  633.197  995.589  905.178  74.0861  99.5806  
599.666  1.9818e-11  677.824  633.197  995.589  905.178  0.652052  596.88  
135.023  8.87929e-11  677.824  633.197  995.589  905.178  3.31249e-13  160.829  
191.428  0  677.824  633.197  995.589  905.178  121.442  1.50041e-09  
349.435  3.35434e-13  677.824  633.197  995.589  905.178  95.2445  66.0073  
390.35  0  677.824  633.197  995.589  905.178  129.743  0.000107678  
146.562  4.96019e-10  677.824  633.197  995.589  905.178  97.8278  42.7237  
273.141  1.19085e-14  677.824  633.197  995.589  905.178  42.4327  307.051  
83.7967  5.98275e-09  677.824  633.197  995.589  905.178  0.000235447  155.64  
114.283  0  677.824  633.197  995.589  905.178  122.346  74.3049  
46.3173  4.24065e-14  677.824  633.197  995.589  905.178  7.29065e-15  119.065  
32.0348  0.632676  677.824  633.197  995.589  905.178  2.00786e-14  327.909  
450.282  52.7969  677.824  633.197  995.589  905.178  107.628  96.6433  
262.078  0  677.824  633.197  995.589  905.178  144.176  0  
32.0124  1.3124  677.824  633.197  995.589  905.178  441.403  204.95  
408.232  1.77983e-14  677.824  633.197  995.589  905.178  75.9445  58.9743  
32.0217  1.11357  677.824  633.197  995.589  905.178  131.542  16.8051  
2.02134e-15  33.0111  677.824  633.197  995.589  905.178  49.999  0  
53.5072  2.33282e-15  677.824  633.197  995.589  905.178  187.278  0.000611886  
0.397425  33.067  677.824  633.197  995.589  905.178  102.531  81.7904  
31.9313  2.64967  677.824  633.197  995.589  905.178  147.046  51.8971  
0.40498  33.0421  677.824  633.197  995.589  905.178  244.828  102.322  
83.7937  45.3384  677.824  633.197  995.589  905.178  587.73  34.4307  
46.3028  2.56395e-06  677.824  633.197  995.589  905.178  80.5018  64.2711  
46.5301  9.37981e-11  677.824  633.197  995.589  905.178  122.035  1.01471e-05  
143.394  18.2047  677.824  633.197  995.589  905.178  149.219  0  
157.658  6.87365e-15  677.824  633.197  995.589  905.178  141.911  0  
47.3306  2.06354e-15  677.824  633.197  995.589  905.178  275.05  599.476  
31.9837  1.88729  677.824  633.197  995.589  905.178  317.181  101.874  
32.001  1.60124  677.824  633.197  995.589  905.178  1.33233e-14  217.586  
32.0311  0.725363  677.824  633.197  995.589  905.178  74.2782  102.946  
945.88  81.2715  677.824  633.197  995.589  905.178  6.74306e-15  110.122  
46.2521  37.1896  677.824  633.197  995.589  905.178  1.70645e-14  278.685  
0.218381  41.87  677.824  633.197  995.589  905.178  128.008  632.197  
946.546  0  677.824  633.197  995.589  905.178  82.5066  91.8851  
32.0103  1.41913  677.824  633.197  995.589  905.178  22.4532  203.166  
0.823199  33.0343  677.824  633.197  995.589  905.178  8.68324e-15  141.808  
32.0283  0.926099  677.824  633.197  995.589  905.178  406.806  453.048  
53.5405  0  677.824  633.197  995.589  905.178  589.231  175.278  
83.8606  0  677.824  633.197  995.589  905.178  27.9007  99.8303  
32.0385  0.407402  677.824  633.197  995.589  905.178  9.91371e-15  161.903  
32.0151  1.24564  677.824  633.197  995.589  905.178  140.236  0.389594  
620.466  0  677.824  633.197  995.589  905.178  8.34522e-15  136.288  
4.63145  32.7435  677.824  633.197  995.589  905.178  420.586  577.336  
32.0288  0.821883  677.824  633.197  995.589  905.178  132.363  46.4091  
390.141  122.651  677.824  633.197  995.589  905.178  62.3113  85.5343  
143.396  5.67662e-05  677.824  633.197  995.589  905.178  317.263  28.2713  
32.0393  0.0178798  677.824  633.197  995.589  905.178  110.511  60.4211  
32.0363  0.442116  677.824  633.197  995.589  905.178  306.179  251.734  
0.0468454  33.0074  677.824  633.197  995.589  905.178  123.926  0  
1.20805  32.9889  677.824  633.197  995.589  905.178  6.37284e-15  104.076  
780.926  0  677.824  633.197  995.589  905.178  142.069  72.5533  
83.7916  122.829  677.824  633.197  995.589  905.178  125.031  0.969863  
32.0393  1.39686e-15  677.824  633.197  995.589  905.178  398.238  67.5341  
31.9566  2.30054  677.824  633.197  995.589  905.178  125.971  74.0558  
31.9655  2.17303  677.824  633.197  995.589  905.178  176.011  0.121427  
390.141  421.005  677.824  633.197  995.589  905.178  127.385  1.12124  
32.0391  0.111839  677.824  633.197  995.589  905.178  11.2891  91.4613  
945.952  0.0454509  677.824  633.197  995.589  905.178  67.2395  70.2241  
390.148  1.66474e-14  677.824  633.197  995.589  905.178  110.837  8.81129e-06  
32.0122  1.35926  677.824  633.197  995.589  905.178  9.09371  159.138  
0.260519  36.2644  677.824  633.197  995.589  905.178  8.13869e-15  132.915  
456.429  4.38141e-13  677.824  633.197  995.589  905.178  125.884  39.5888  
143.4  0  677.824  633.197  995.589  905.178  55.2815  79.0052  
450.315  0.86227  677.824  633.197  995.589  905.178  83.3409  0.132339  
46.2476  904.178  258.059  951.805  995.589  905.178  161.534  5.30808e-15  
157.399  0  258.059  951.805  995.589  905.178  86.2678  81.6653  
122.728  1.60982e-13  258.059  951.805  995.589  905.178  45.6762  97.6971  
994.589  0  258.059  951.805  995.589  905.178  1.95926e-15  31.9971  
25.1315  1.09569e-15  258.059  951.805  995.589  905.178  6.74981e-15  110.233  
620.458  13.2206  258.059  951.805  995.589  905.178  6.19757e-15  101.214  
104.666  7.39327e-13  258.059  951.805  995.589  905.178  20.0994  8.763e-16  
620.458  13.2206  258.059  951.805  995.589  905.178  58.9675  63.0717  
620.458  13.2206  258.059  951.805  995.589  905.178  123.584  0.310887  
145.28  0  258.059  951.805  995.589  905.178  0.658416  89.4807  
246.284  0  258.059  951.805  995.589  905.178  66.4421  101.633  
146.813  2.90255e-14  258.059  951.805  995.589  905.178  103.083  96.6213  
143.39  648.862  258.059  951.805  995.589  905.178  72.54  46.0504  
390.134  484.685  258.059  951.805  995.589  905.178  3.63268  111.78  
139.56  9.17765e-11  258.059  951.805  995.589  905.178  91.0573  0  
390.134  484.685  258.059  951.805  995.589  905.178  2.65355  101.196  
143.39  648.862  258.059  951.805  995.589  905.178  0.0560051  108.848  
46.2476  904.178  258.059  951.805  995.589  905.178  0.000717297  97.1023  
450.322  0  258.059  951.805  995.589  905.178  45.9996  5.90633e-16  
421.654  0  258.059  951.805  995.589  905.178  120.379  2.5154  
46.2476  904.178  258.059  951.805  995.589  905.178  59.0737  86.0202  
222.579  9.70409e-15  258.059  951.805  995.589  905.178  93.6409  107.402  
58.8775  2.56696e-15  258.059  951.805  995.589  905.178  8.53611e-05  67.2187  
91.6711  0  258.059  951.805  995.589  905.178  60.8217  25.6779  
191.433  2.96924e-14  258.059  951.805  995.589  905.178  2.28177  45.0205  
25.1255  1.09543e-15  258.059  951.805  995.589  905.178  115.579  0  
314.221  3.1693e-15  258.059  951.805  995.589  905.178  3.55042e-15  57.9828  
25.0766  1.0933e-15  258.059  951.805  995.589  905.178  5.822e-14  950.805  
522.789  4.55855e-14  258.059  951.805  995.589  905.178  8.11672  92.3662  
118.101  2.34698e-12  258.059  951.805  995.589  905.178  38.8943  68.9205  
143.392  8.01979e-08  258.059  951.805  995.589  905.178  9.64496e-15  157.514  
25.1255  1.09543e-15  258.059  951.805  995.589  905.178  99.8861  26.6773  
436.8  3.72118e-14  258.059  951.805  995.589  905.178  66.0071  42.1378  
138.39  2.14651e-14  258.059  951.805  995.589  905.178  0.557858  79.4639  
204.409  0  258.059  951.805  995.589  905.178  104.01  1.62472e-10  
390.147  1.96404e-11  258.059  951.805  995.589  905.178  138.064  7.72181e-08  
584.776  0  258.059  951.805  995.589  905.178  22.0781  107.648  
114.579  0  258.059  951.805  995.589  905.178  117.323  9.30652  
200.806  0  258.059  951.805  995.589  905.178  39.1566  63.0842  
111.641  0  258.059  951.805  995.589  905.178  16.2884  122.099  
150.574  0  258.059  951.805  995.589  905.178  37.547  79.9742  
48.3326  0  258.059  951.805  995.589  905.178  92.431  58.1312  
46.2477  69.2039  258.059  951.805  995.589  905.178  87.4433  1.90619e-15  
175.422  1.52962e-14  258.059  951.805  995.589  905.178  89.9183  3.49589  
335.181  0  258.059  951.805  995.589  905.178  90.2067  72.5419  
93.5243  0  258.059  951.805  995.589  905.178  0.00585139  61.206  
149.289  1.72525e-10  258.059  951.805  995.589  905.178  152.599  5.01445e-15  
85.7746  2.40664e-15  258.059  951.805  995.589  905.178  238.316  0  
1.95926e-15  31.9971  258.059  951.805  995.589  905.178  0.000718736  99.2863  
550.839  0  258.059  951.805  995.589  905.178  84.7643  0  
124.994  3.67715e-13  258.059  951.805  995.589  905.178  95.4086  0  
83.8763  2.35338e-15  258.059  951.805  995.589  905.178  9.12348e-15  148.998  
143.786  6.26883e-15  258.059  951.805  995.589  905.178  43.9842  0  
360.462  0  258.059  951.805  995.589  905.178  84.0063  72.2675  
156.004  0  258.059  951.805  995.589  905.178  54.2155  56.3183  
259.32  4.06702e-12  258.059  951.805  995.589  905.178  125.165  151.689  
60.7189  5.29449e-15  258.059  951.805  995.589  905.178  32.2454  99.6765  
205.116  0  258.059  951.805  995.589  905.178  5.02684e-15  82.0945  
20.6508  9.00341e-16  258.059  951.805  995.589  905.178  148.429  0.000117594  
547.835  0  258.059  951.805  995.589  905.178  74.1946  31.4081  
20.0994  8.763e-16  258.059  951.805  995.589  905.178  62.8952  78.2872  
118.572  1.83913e-14  258.059  951.805  995.589  905.178  31.5787  105.665  
221.631  6.21845e-15  258.059  951.805  995.589  905.178  36.2777  70.2902  
151.463  2.29552e-14  258.059  951.805  995.589  905.178  207.026  3.0144e-09  
118.101  2.34698e-12  258.059  951.805  995.589  905.178  109.785  118.097  
25.1255  1.09543e-15  258.059  951.805  995.589  905.178  156.491  0  
392.859  0  258.059  951.805  995.589  905.178  6.18291e-15  100.975  
46.2521  37.1896  258.059  951.805  995.589  905.178  1.50139e-05  67.0729  
212.463  0  258.059  951.805  995.589  905.178  121.013  0.000108186  
167.415  0  258.059  951.805  995.589  905.178  47.553  47.7134  
247.648  7.28544e-13  258.059  951.805  995.589  905.178  257.059  0  
242.931  1.4477e-15  258.059  951.805  995.589  905.178  9.40502  95.8967  
72.1664  2.02482e-15  258.059  951.805  995.589  905.178  103.547  0  
203.122  0  258.059  951.805  995.589  905.178  8.57061e-15  139.969  
277.882  7.79673e-15  258.059  951.805  995.589  905.178  137.971  3.27895e-16  
20.0994  8.763e-16  258.059  951.805  995.589  905.178  7.4637e-15  121.891  
220.762  0  258.059  951.805  995.589  905.178  44.5455  43.3962  
620.466  0  258.059  951.805  995.589  905.178  139.423  2.37984  
20.0849  0.762265  258.059  951.805  995.589  905.178  72.0073  2.02036e-15  
20.0986  0.174158  258.059  951.805  995.589  905.178  64.4827  60.8067  
390.141  122.651  258.059  951.805  995.589  905.178  117.223  0  
143.395  0  258.059  951.805  995.589  905.178  84.0557  91.1774  
20.0521  1.3771  258.059  951.805  995.589  905.178  113.937  0  
0.424831  31.9943  258.059  951.805  995.589  905.178  133.158  72.1329  
20.0302  1.66596  258.059  951.805  995.589  905.178  97.3679  0  
0.59973  31.9915  258.059  951.805  995.589  905.178  58.5022  0  
20.099  0.125232  258.059  951.805  995.589  905.178  73.3552  93.8192  
20.0713  1.06272  258.059  951.805  995.589  905.178  153.988  18.5856  
20.0989  0.135306  258.059  951.805  995.589  905.178  125.463  1.40211e-06  
20.0613  1.23605  258.059  951.805  995.589  905.178  61.4403  0  
0.667858  31.9902  258.059  951.805  995.589  905.178  121.768  4.00135e-15  
390.137  125.873  258.059  951.805  995.589  905.178  51.5415  88.5387  
46.2636  2.01702e-15  258.059  951.805  995.589  905.178  5.02217e-15  82.0182  
143.391  282.709  258.059  951.805  995.589  905.178  63.0722  52.3695  
20.0758  0.974125  258.059  951.805  995.589  905.178  79.6347  56.1474  
20.0986  0.181262  258.059  951.805  995.589  905.178  9.34373e-15  152.595  
0.578307  31.994  258.059  951.805  995.589  905.178  0.0204172  94.0245  
0.904583  31.9843  258.059  951.805  995.589  905.178  6.79302e-15  110.938  
0.434981  31.9942  258.059  951.805  995.589  905.178  60.9066  53.5813  
1.36697  29.0206  258.059  951.805  995.589  905.178  6.82173e-15  111.407  
178.835  0  534.35  381.181  534.828  381.181  50.6529  61.3007  
9.43447  18.9128  534.35  381.181  534.828  381.181  33.528  52.5607  
11.3603  16.4807  534.35  381.181  534.828  381.181  41.9505  38.9871  
8.78075  19.225  534.35  381.181  534.828  381.181  1.77535e-15  28.9937  
8.16424  19.4948  534.35  381.181  534.828  381.181  24.9757  55.5217  
2.46959  19.9214  534.35  381.181  534.828  381.181  50.1357  8.74334e-15  
13.4488  10.8807  534.35  381.181  534.828  381.181  12.7034  11.3483  
12.5282  15.6302  534.35  381.181  534.828  381.181  52.3739  61.5551  
7.3922  19.8004  534.35  381.181  534.828  381.181  48.8058  2.66023e-10  
12.7034  11.3483  534.35  381.181  534.828  381.181  3.64031  73.2986  
233.846  0  534.35  381.181  534.828  381.181  51.3947  0  
78.6312  0  534.35  381.181  534.828  381.181  16.893  0  
42.3813  0  534.35  381.181  534.828  381.181  65.5157  5.2518  
52.4739  3.47283e-10  534.35  381.181  534.828  381.181  30.7335  55.3732  
52.4739  3.47283e-10  534.35  381.181  534.828  381.181  46.0377  0  
62.2555  6.05364e-07  534.35  381.181  534.828  381.181  36.8461  72.1846  
12.1223  16.2121  534.35  381.181  534.828  381.181  2.87718e-15  46.9879  
14.9579  8.69141  534.35  381.181  534.828  381.181  67.9969  7.8457e-08  
15.5469  7.58777  534.35  381.181  534.828  381.181  3.37501e-15  55.1181  
220.04  0  534.35  381.181  534.828  381.181  35.97  15.7511  
21.0098  0  534.35  381.181  534.828  381.181  25.0446  37.2568  
1.22565e-15  20.0164  534.35  381.181  534.828  381.181  64.3416  9.53763e-14  
202.246  0  534.35  381.181  534.828  381.181  8.8053  43.3666  
112.016  0  534.35  381.181  534.828  381.181  26.0815  40.2885  
79.2708  0  534.35  381.181  534.828  381.181  31.568  47.7297  
64.3416  2.30025e-13  534.35  381.181  534.828  381.181  51.4924  0.00280061  
41.108  0  534.35  381.181  534.828  381.181  65.9217  58.7504  
15.1695  8.31653  534.35  381.181  534.828  381.181  3.87543  77.838  
16.893  0  534.35  381.181  534.828  381.181  44.7448  11.3442  
100.333  0  534.35  381.181  534.828  381.181  4.60363e-15  75.183  
62.2555  6.05364e-07  534.35  381.181  534.828  381.181  17.5885  60.9491  
1.22565e-15  20.0164  534.35  381.181  534.828  381.181  23.2118  25.7344  
57.8589  0  534.35  381.181  534.828  381.181  50.8241  70.7857  
68.1367  0  534.35  381.181  534.828  381.181  31.5428  21.4755  
194.742  0  534.35  381.181  534.828  381.181  56.412  17.7507  
29.5607  0  534.35  381.181  534.828  381.181  25.5033  46.6485  
16.893  0  534.35  381.181  534.828  381.181  3.07707e-15  50.2524  
69.208  0  534.35  381.181  534.828  381.181  86.4377  15.9266  
203.255  0  534.35  381.181  534.828  381.181  30.1612  34.2655  
148.458  0  534.35  381.181  534.828  381.181  11.8208  16.309  
244.523  0  534.35  381.181  534.828  381.181  0.879399  63.4258  
57.8589  0  534.35  381.181  534.828  381.181  64.457  11.701  
161.141  0  534.35  381.181  534.828  381.181  38.4667  49.7122  
9.92861  18.6581  534.35  381.181  534.828  381.181  60.4008  57.5229  
64.3416  1.17818e-13  534.35  381.181  534.828  381.181  37.2074  21.2034  
12.1223  16.2121  534.35  381.181  534.828  381.181  2.2734e-15  37.1274  
7.43058  19.7861  534.35  381.181  534.828  381.181  30.1916  24.0416  
12.3634  15.7389  534.35  381.181  534.828  381.181  69.208  0  
1.22565e-15  20.0164  534.35  381.181  534.828  381.181  41.6988  16.2336  
10.2816  18.4659  534.35  381.181  534.828  381.181  109.507  12.6776  
0.279641  20.0144  534.35  381.181  534.828  381.181  22.716  43.8891  
533.828  0  534.35  381.181  534.828  381.181  5.16482e-15  84.348  
74.7948  0  534.35  381.181  534.828  381.181  30.9801  67.6073  
1.50627  19.9596  534.35  381.181  534.828  381.181  5.66488e-15  92.5145  
64.0576  1.54513e-09  534.35  381.181  534.828  381.181  28.8792  28.0578  
339.278  0  534.35  381.181  534.828  381.181  52.2544  69.0137  
15.1695  8.31653  534.35  381.181  534.828  381.181  4.65909e-15  76.0887  
198.635  0  534.35  381.181  534.828  381.181  4.29217e-15  70.0964  
97.5077  0  534.35  381.181  534.828  381.181  74.3283  0  
41.0274  0  534.35  381.181  534.828  381.181  39.3268  43.377  
61.5358  0  534.35  381.181  534.828  381.181  74.9392  11.761  
13.7035  10.5581  534.35  381.181  534.828  381.181  533.35  0  
9.90513  18.8313  534.35  381.181  534.828  381.181  2.72165e-15  44.448  
12.0815  15.9563  534.35  381.181  534.828  381.181  5.31206e-07  77.0959  
170.882  0  534.35  381.181  534.828  381.181  34.1103  19.6533  
0.652309  20.0057  534.35  381.181  534.828  381.181  62.2555  8.81549e-08  
13.6021  10.6884  534.35  381.181  534.828  381.181  44.8162  30.2701  
3.83731  19.866  534.35  381.181  534.828  381.181  66.8411  71.0462  
0.526727  20.0094  534.35  381.181  534.828  381.181  43.56  0  
16.893  0.0157746  534.35  381.181  534.828  381.181  36.5697  37.0519  
10.1661  18.5297  534.35  381.181  534.828  381.181  20.2312  34.4834  
8.53734  19.4896  534.35  381.181  534.828  381.181  9.80626  18.883  
8.6848  19.4243  534.35  381.181  534.828  381.181  68.061  0  
0.727683  20.0031  534.35  381.181  534.828  381.181  49.0269  29.0144  
0.242106  20.0149  534.35  381.181  534.828  381.181  399.874  2.17957e-09  
15.2332  8.1982  534.35  381.181  534.828  381.181  34.809  21.1553  
15.2892  8.09442  534.35  381.181  534.828  381.181  14.7618  44.6114  
12.5211  15.6359  534.35  381.181  534.828  381.181  57.3871  0  
12.3182  15.7743  534.35  381.181  534.828  381.181  34.4744  17.6735  
9.80626  18.883  534.35  381.181  534.828  381.181  68.1803  48.2586  
0.169949  20.0157  534.35  381.181  534.828  381.181  3.84433e-13  59.1388  
12.1018  15.9442  534.35  381.181  534.828  381.181  90.5243  0  
11.9321  16.0716  534.35  381.181  534.828  381.181  45.2666  46.1518  
10.7332  16.8997  534.35  381.181  534.828  381.181  44.4743  52.0392  
16.8853  0.511841  534.35  381.181  534.828  381.181  49.073  36.1554  
12.2044  15.8626  534.35  381.181  534.828  381.181  41.0274  0  
16.8826  0.592001  534.35  381.181  534.828  381.181  1.22556e-15  20.015  
54.7913  6.68866e-14  534.35  381.181  534.828  381.181  64.0576  1.54513e-09  
11.6296  16.2919  534.35  381.181  534.828  381.181  33.676  28.9587  
11.4122  16.4449  534.35  381.181  534.828  381.181  100.159  0.0158077  
11.6161  16.3015  534.35  381.181  534.828  381.181  61.1814  0  
8.04762  19.6969  534.35  381.181  534.828  381.181  41.357  35.7651  
15.357  7.96498  534.35  381.181  534.828  381.181  3.14484e-15  51.3592  
62.3196  0  534.35  381.181  534.828  381.181  45.6205  35.9754  
11.1777  16.6052  534.35  381.181  534.828  381.181  69.4935  54.3948  
11.4813  16.3967  534.35  381.181  534.828  381.181  413.667  3.38759e-14  
10.3957  17.1056  534.35  381.181  534.828  381.181  75.5821  0  
9.38213  19.0973  534.35  381.181  534.828  381.181  56.0814  38.6396  
10.5902  16.9859  534.35  381.181  534.828  381.181  79.087  0  
10.6848  16.9265  534.35  381.181  534.828  381.181  2.3977e-15  39.1575  
178.835  0  97.7627  245.802  473.598  422.417  17.7404  19.441  
54.7621  0  97.7627  245.802  473.598  422.417  3.27008  0.0873919  
68.061  0  97.7627  245.802  473.598  422.417  1.82889e-15  29.868  
339.617  0  97.7627  245.802  473.598  422.417  1.46915e-15  23.993  
436.854  0  97.7627  245.802  473.598  422.417  17.3567  12.752  
47.2532  0  97.7627  245.802  473.598  422.417  1.28816e-15  21.0373  
62.1516  4.74961e-12  97.7627  245.802  473.598  422.417  29.9932  3.43869  
28.4344  0  97.7627  245.802  473.598  422.417  16.1077  0  
99.0577  0  97.7627  245.802  473.598  422.417  0.254227  30.9001  
49.4326  0  97.7627  245.802  473.598  422.417  12.6575  9.52771  
233.846  0  97.7627  245.802  473.598  422.417  0.00517419  26.5024  
78.6312  0  97.7627  245.802  473.598  422.417  14.9225  2.65584  
42.3813  0  97.7627  245.802  473.598  422.417  21.4206  1.86781e-15  
18.3718  1.23351e-13  97.7627  245.802  473.598  422.417  6.6749  21.0892  
5.45862e-15  89.146  97.7627  245.802  473.598  422.417  14.9474  29.721  
81.6607  0  97.7627  245.802  473.598  422.417  2.10827e-13  24.8063  
226.35  8.6966e-14  97.7627  245.802  473.598  422.417  0.123038  17.6905  
63.0304  0  97.7627  245.802  473.598  422.417  0.000244939  18.6637  
13.008  0  97.7627  245.802  473.598  422.417  29.2206  8.70831  
237.869  0  97.7627  245.802  473.598  422.417  31.6948  0.206802  
18.1049  0  97.7627  245.802  473.598  422.417  17.2642  12.0169  
7.56514e-16  12.3548  97.7627  245.802  473.598  422.417  0.000475264  29.1854  
20.9049  1.82283e-15  97.7627  245.802  473.598  422.417  29.4775  7.28578  
1.22419e-15  19.9926  97.7627  245.802  473.598  422.417  7.46883e-16  12.1975  
3.37046e-15  55.0438  97.7627  245.802  473.598  422.417  26.0957  0  
22.1648  5.62414e-13  97.7627  245.802  473.598  422.417  25.3042  2.20556  
219.218  1.47186e-12  97.7627  245.802  473.598  422.417  16.8785  24.8537  
274.665  0  97.7627  245.802  473.598  422.417  8.82152  12.6416  
18.3718  1.23351e-13  97.7627  245.802  473.598  422.417  30.9949  0  
66.7775  9.78226e-13  97.7627  245.802  473.598  422.417  14.7368  24.328  
44.2735  0  97.7627  245.802  473.598  422.417  3.47249  26.1053  
15.3502  1.47233e-14  97.7627  245.802  473.598  422.417  26.8182  3.52378  
1.22419e-15  19.9926  97.7627  245.802  473.598  422.417  12.9997  0  
25.3013  6.9495e-13  97.7627  245.802  473.598  422.417  22.0075  0.597745  
40.2685  0  97.7627  245.802  473.598  422.417  29.5422  1.94326e-15  
46.3294  0  97.7627  245.802  473.598  422.417  24.5925  5.51079  
83.8685  0  97.7627  245.802  473.598  422.417  20.5948  15.9251  
69.2281  6.33829e-13  97.7627  245.802  473.598  422.417  21.5545  9.16524e-05  
47.788  1.60845e-12  97.7627  245.802  473.598  422.417  12.3536  14.103  
54.372  0  97.7627  245.802  473.598  422.417  1.22419e-15  19.9926  
18.7615  1.63594e-15  97.7627  245.802  473.598  422.417  13.4863  0.00445655  
2.5779e-15  42.1002  97.7627  245.802  473.598  422.417  1.10121e-07  20.4385  
67.0632  0  97.7627  245.802  473.598  422.417  11.4968  27.1216  
8.79049  0  97.7627  245.802  473.598  422.417  5.0789  8.69293  
2.16553e-15  35.3658  97.7627  245.802  473.598  422.417  11.0635  0  
30.3081  0  97.7627  245.802  473.598  422.417  24.2985  0  
28.5826  0  97.7627  245.802  473.598  422.417  2.17474  16.5021  
4.15924e-08  8.43209  97.7627  245.802  473.598  422.417  6.00147  12.0701  
21.9635  1.91514e-15  97.7627  245.802  473.598  422.417  16.4834  4.02848  
16.1115  0  97.7627  245.802  473.598  422.417  0.112435  10.1103  
1.25011e-15  20.4159  97.7627  245.802  473.598  422.417  13.6468  4.22769  
7.55284e-15  123.347  97.7627  245.802  473.598  422.417  17.382  3.42361  
16.1115  0  97.7627  245.802  473.598  422.417  33.7242  0  
5.20966e-16  8.50802  97.7627  245.802  473.598  422.417  25.5283  0.68799  
35.1703  2.31347e-15  97.7627  245.802  473.598  422.417  0.331766  23.3675  
178.184  0  97.7627  245.802  473.598  422.417  3.18826e-08  16.1628  
4.15924e-08  8.43209  97.7627  245.802  473.598  422.417  1.47773e-15  24.1332  
37.0954  0  97.7627  245.802  473.598  422.417  30.0467  1.29688e-12  
1.82889e-15  29.868  97.7627  245.802  473.598  422.417  14.7407  16.6529  
9.71054  0  97.7627  245.802  473.598  422.417  8.40085  15.8543  
2.44049e-14  398.563  97.7627  245.802  473.598  422.417  1.1455e-15  18.7074  
88.5085  0  97.7627  245.802  473.598  422.417  28.9635  2.63432  
11.0882  0  97.7627  245.802  473.598  422.417  1.83857e-15  30.0261  
2.58043e-14  421.417  97.7627  245.802  473.598  422.417  22.4739  13.4016  
96.8226  0  97.7627  245.802  473.598  422.417  28.1829  2.94162e-09  
401.99  0  97.7627  245.802  473.598  422.417  15.8603  27.4877  
26.0262  3.251e-06  97.7627  245.802  473.598  422.417  1.71584e-15  28.0218  
2.50446e-15  40.901  97.7627  245.802  473.598  422.417  0.0163486  3.20495  
1.46915e-15  23.993  97.7627  245.802  473.598  422.417  0.0125824  21.2161  
9.71054  0  97.7627  245.802  473.598  422.417  8.42086  0  
4.94358e-16  8.07348  97.7627  245.802  473.598  422.417  2.01581e-15  32.9207  
38.4803  0  97.7627  245.802  473.598  422.417  1.91403e-07  21.2668  
7.34222  0.000751033  97.7627  245.802  473.598  422.417  21.254  0.00892137  
26.0262  3.251e-06  97.7627  245.802  473.598  422.417  16.9785  18.7359  
111.69  0  97.7627  245.802  473.598  422.417  13.6059  26.175  
4.23565e-13  8.07348  97.7627  245.802  473.598  422.417  19.3135  4.53516  
0.784572  7.09618  97.7627  245.802  473.598  422.417  9.82224  17.4571  
472.598  0  97.7627  245.802  473.598  422.417  33.3104  0  
1.23774e-15  20.2139  97.7627  245.802  473.598  422.417  1.23768e-15  20.2129  
11.0882  0  97.7627  245.802  473.598  422.417  16.4751  0  
1.22419e-15  19.9926  97.7627  245.802  473.598  422.417  19.0971  5.45884e-05  
1.01952e-14  166.501  97.7627  245.802  473.598  422.417  11.1212  4.558  
0.784572  7.09618  97.7627  245.802  473.598  422.417  22.4049  20.7343  
3.27008  0.0873919  97.7627  245.802  473.598  422.417  14.3788  1.48962  
0.0163486  3.20495  97.7627  245.802  473.598  422.417  2.99116e-08  15.752  
3.23951  0.149687  97.7627  245.802  473.598  422.417  25.6446  4.46021  
2.29885e-07  7.2493  97.7627  245.802  473.598  422.417  14.3241  0.00529  
7.76887  2.62215e-05  97.7627  245.802  473.598  422.417  7.00764  2.44686  
7.51447  2.72876e-05  97.7627  245.802  473.598  422.417  25.7253  0  
26.0262  5.89623e-07  97.7627  245.802  473.598  422.417  6.8182  8.68836  
1.03325  6.86158  97.7627  245.802  473.598  422.417  6.60006  14.3338  
7.34474  0.000455144  97.7627  245.802  473.598  422.417  22.2854  0.0296951  
3.23054  0.283585  97.7627  245.802  473.598  422.417  1.84716e-15  30.1664  
8.42086  0  97.7627  245.802  473.598  422.417  16.7586  14.9561  
7.44925  0.000453707  97.7627  245.802  473.598  422.417  1.53363e-11  14.6977  
0.832561  7.04455  97.7627  245.802  473.598  422.417  0.118366  14.5088  
4.07144  2.2811e-07  97.7627  245.802  473.598  422.417  10.0906  20.4762  
26.0663  0  97.7627  245.802  473.598  422.417  96.7627  0.00163887  
4.07117  0.0469326  97.7627  245.802  473.598  422.417  27.0276  19.2568  
7.34222  0.000666029  97.7627  245.802  473.598  422.417  0.999755  29.0103  
0.582167  0.813103  13.6982  8.97544  13.6982  8.97544  0.785564  0.618813  
0.718252  0.695877  13.6982  8.97544  13.6982  8.97544  0.748847  0.662797  
0.866998  0.49846  13.6982  8.97544  13.6982  8.97544  0.983889  0.179082  
0.416141  0.909354  13.6982  8.97544  13.6982  8.97544  0.846856  0.53189  
0.77255  0.635305  13.6982  8.97544  13.6982  8.97544  0.957643  0.288106  
0.977793  0.209792  13.6982  8.97544  13.6982  8.97544  0.607951  0.793991  
1.00005  0  13.6982  8.97544  13.6982  8.97544  0.935172  0.354325  
0.166355  0.986105  13.6982  8.97544  13.6982  8.97544  0.986803  0.162256  
0.982637  0.185828  13.6982  8.97544  13.6982  8.97544  0.616122  0.787719  
0.952446  0.304921  13.6982  8.97544  13.6982  8.97544  0.952446  0.304921  
0.373316  0.927769  13.6982  8.97544  13.6982  8.97544  0.159758  0.987281  
0.118213  0.993063  13.6982  8.97544  13.6982  8.97544  0.853262  0.521809  
0.659542  0.751785  13.6982  8.97544  13.6982  8.97544  0.980957  0.194501  
0.307716  0.951558  13.6982  8.97544  13.6982  8.97544  0.413926  0.910342  
0.208836  0.978008  13.6982  8.97544  13.6982  8.97544  0.930189  0.367224  
0.519315  0.854713  13.6982  8.97544  13.6982  8.97544  0.765332  0.643715  
0.686027  0.727648  13.6982  8.97544  13.6982  8.97544  0.564879  0.825251  
0.823384  0.56757  13.6982  8.97544  13.6982  8.97544  0.551755  0.834067  
0.957643  0.288106  13.6982  8.97544  13.6982  8.97544  0.220299  0.975507  
0.898021  0.44017  13.6982  8.97544  13.6982  8.97544  0.996715  0.0817606  
0.938341  0.34587  13.6982  8.97544  13.6982  8.97544  0.894853  0.446427  
0.879583  0.475914  13.6982  8.97544  13.6982  8.97544  0.482616  0.87592  
0.829822  0.558334  13.6982  8.97544  13.6982  8.97544  0.924719  0.380782  
0.859417  0.511412  13.6982  8.97544  13.6982  8.97544  0.529306  0.848485  
0.908411  0.418273  13.6982  8.97544  13.6982  8.97544  0.839622  0.543319  
0.756738  0.653808  13.6982  8.97544  13.6982  8.97544  0.519315  0.854713  
0.748847  0.662797  13.6982  8.97544  13.6982  8.97544  0.99864  0.0530806  
0.851589  0.524286  13.6982  8.97544  13.6982  8.97544  0.651942  0.758303  
0.562431  0.826921  13.6982  8.97544  13.6982  8.97544  0.796061  0.605365  
0.726872  0.686904  13.6982  8.97544  13.6982  8.97544  0.718252  0.695877  
0.933578  0.358473  13.6982  8.97544  13.6982  8.97544  0.665486  0.746452  
0.276686  0.961019  13.6982  8.97544  13.6982  8.97544  0.354204  0.935193  
0.463572  0.886142  13.6982  8.97544  13.6982  8.97544  0.948274  0.317639  
0.785564  0.618813  13.6982  8.97544  13.6982  8.97544  0.138691  0.990404  
0.668753  0.743845  13.6982  8.97544  13.6982  8.97544  0.578055  0.816125  
0.0890507  0.996049  13.6982  8.97544  13.6982  8.97544  0.202263  0.979386  
0.692925  0.721147  13.6982  8.97544  13.6982  8.97544  0.977793  0.209792  
0.794156  0.607773  13.6982  8.97544  13.6982  8.97544  0.920406  0.391091  
0.241877  0.970365  13.6982  8.97544  13.6982  8.97544  0.879583  0.475914  
0.529306  0.848485  13.6982  8.97544  13.6982  8.97544  0.624861  0.780805  
0.571947  0.820578  13.6982  8.97544  13.6982  8.97544  0.370266  0.928964  
0.77854  0.627691  13.6982  8.97544  13.6982  8.97544  0.970859  0.239836  
0.439154  0.898471  13.6982  8.97544  13.6982  8.97544  1.00005  0  
0.19209  0.98139  13.6982  8.97544  13.6982  8.97544  0.508125  0.861315  
0.601693  0.798898  13.6982  8.97544  13.6982  8.97544  0.424269  0.905578  
0.810777  0.585458  13.6982  8.97544  13.6982  8.97544  0.859895  0.510574  
0.844075  0.536426  13.6982  8.97544  13.6982  8.97544  0.991807  0.128167  
0.482616  0.87592  13.6982  8.97544  13.6982  8.97544  0.252883  0.967542  
0.802667  0.596564  13.6982  8.97544  13.6982  8.97544  0.590342  0.807293  
0.836553  0.548055  13.6982  8.97544  13.6982  8.97544  0.90182  0.432224  
0.622351  0.782875  13.6982  8.97544  13.6982  8.97544  0.994538  0.104929  
0.258336  0.966111  13.6982  8.97544  13.6982  8.97544  0.776016  0.63081  
0.700227  0.71405  13.6982  8.97544  13.6982  8.97544  0.34166  0.939867  
0.322959  0.946535  13.6982  8.97544  13.6982  8.97544  0.806096  0.591887  
0.732568  0.680755  13.6982  8.97544  13.6982  8.97544  0.699977  0.714271  
0.994538  0.104929  13.6982  8.97544  13.6982  8.97544  0.393738  0.919285  
0.913193  0.407686  13.6982  8.97544  13.6982  8.97544  0.756738  0.653808  
0.986814  0.162187  13.6982  8.97544  13.6982  8.97544  0.540263  0.841551  
0.886249  0.463288  13.6982  8.97544  13.6982  8.97544  0.238201  0.971261  
0.740591  0.672085  13.6982  8.97544  13.6982  8.97544  0.962209  0.272533  
0.948274  0.317639  13.6982  8.97544  13.6982  8.97544  0.633071  0.774164  
0.497418  0.867598  13.6982  8.97544  13.6982  8.97544  0.0890507  0.996049  
0.817456  0.576109  13.6982  8.97544  13.6982  8.97544  0.823384  0.56757  
0.943821  0.330827  13.6982  8.97544  13.6982  8.97544  0.695613  0.71855  
0.508125  0.861315  13.6982  8.97544  13.6982  8.97544  0.641254  0.76743  
0.972281  0.234048  13.6982  8.97544  13.6982  8.97544  0.382909  0.923828  
0.891607  0.452902  13.6982  8.97544  13.6982  8.97544  0.940449  0.340055  
0.613054  0.790187  13.6982  8.97544  13.6982  8.97544  1.10697e-11  1.00007  
0.997598  0.0701015  13.6982  8.97544  13.6982  8.97544  0.436681  0.899667  
0.87317  0.487477  13.6982  8.97544  13.6982  8.97544  0.886689  0.46248  
0.636937  0.771051  13.6982  8.97544  13.6982  8.97544  0.974409  0.225017  
0.430219  0.902775  13.6982  8.97544  13.6982  8.97544  0.732568  0.680755  
0.644177  0.765001  13.6982  8.97544  13.6982  8.97544  0.944583  0.328481  
0.551755  0.834067  13.6982  8.97544  13.6982  8.97544  0.710873  0.703372  
0.923504  0.383764  13.6982  8.97544  13.6982  8.97544  0.0591641  0.998276  
1.10697e-11  1.00007  13.6982  8.97544  13.6982  8.97544  0.116633  0.99325  
0.226822  0.974091  13.6982  8.97544  13.6982  8.97544  0.40547  0.914138  
0.38649  0.922359  13.6982  8.97544  13.6982  8.97544  0.183976  0.982975  
0.651942  0.758303  13.6982  8.97544  13.6982  8.97544  0.675714  0.737265  
0.471596  0.881876  13.6982  8.97544  13.6982  8.97544  0.91417  0.405478  
0.0591641  0.998276  13.6982  8.97544  13.6982  8.97544  0.327372  0.94492  
0.144295  0.989625  13.6982  8.97544  13.6982  8.97544  0.874323  0.485505  
0.903506  0.428734  13.6982  8.97544  13.6982  8.97544  0.90905  0.416909  
0.451837  0.892131  13.6982  8.97544  13.6982  8.97544  0.967214  0.254122  
0.708767  0.705663  13.6982  8.97544  13.6982  8.97544  0.598602  0.801147  
0.592043  0.806076  13.6982  8.97544  13.6982  8.97544  0.497418  0.867598  
0.928355  0.371852  13.6982  8.97544  13.6982  8.97544  0.298163  0.954554  
0.677813  0.735354  13.6982  8.97544  13.6982  8.97544  0.283844  0.958929  
0.918409  0.395778  13.6982  8.97544  13.6982  8.97544  0.314696  0.949256  
0.630395  0.776364  13.6982  8.97544  13.6982  8.97544  0.814517  0.580336  
0.967214  0.254122  13.6982  8.97544  13.6982  8.97544  0.463572  0.886142  
0.348377  0.937471  13.6982  8.97544  13.6982  8.97544  0.869153  0.494633  
0.765332  0.643715  13.6982  8.97544  13.6982  8.97544  0.98934  0.145871  
0.359257  0.933308  13.6982  8.97544  13.6982  8.97544  0.267058  0.963726  
0.292254  0.956399  13.6982  8.97544  13.6982  8.97544  0.471596  0.881876  
0.99085  0.135379  13.6982  8.97544  13.6982  8.97544  0.726872  0.686904  
0.40174  0.915984  13.6982  8.97544  13.6982  8.97544  0.686027  0.727648  
0.540263  0.841551  13.6982  8.97544  13.6982  8.97544  0.739844  0.672812  
0.335219  0.942233  13.6982  8.97544  13.6982  8.97544  0.451837  0.892131  
0.962209  0.272533  13.6982  8.97544  13.6982  8.97544  0.832925  0.553545  
0.582094  0.813121  118.242  47.5041  118.242  47.5041  0.787847  0.615871  
0.718406  0.695624  118.242  47.5041  118.242  47.5041  0.752448  0.658651  
0.865529  0.500859  118.242  47.5041  118.242  47.5041  0.983604  0.180341  
0.414823  0.909902  118.242  47.5041  118.242  47.5041  0.846135  0.532968  
0.77182  0.635841  118.242  47.5041  118.242  47.5041  0.957715  0.287718  
0.978007  0.20857  118.242  47.5041  118.242  47.5041  0.606674  0.794951  
1  0  118.242  47.5041  118.242  47.5041  0.93455  0.355833  
0.165082  0.98628  118.242  47.5041  118.242  47.5041  0.986724  0.162407  
0.982481  0.186364  118.242  47.5041  118.242  47.5041  0.616856  0.787076  
0.953882  0.300182  118.242  47.5041  118.242  47.5041  0.953377  0.301782  
0.375424  0.926853  118.242  47.5041  118.242  47.5041  0.16128  0.986909  
0.119866  0.99279  118.242  47.5041  118.242  47.5041  0.853548  0.521014  
0.662452  0.749104  118.242  47.5041  118.242  47.5041  0.980476  0.196641  
0.306047  0.952016  118.242  47.5041  118.242  47.5041  0.416224  0.909262  
0.205014  0.978759  118.242  47.5041  118.242  47.5041  0.929547  0.368705  
0.519938  0.854204  118.242  47.5041  118.242  47.5041  0.770086  0.63794  
0.686658  0.726981  118.242  47.5041  118.242  47.5041  0.564486  0.825443  
0.823698  0.567029  118.242  47.5041  118.242  47.5041  0.553538  0.832824  
0.958714  0.284373  118.242  47.5041  118.242  47.5041  0.21905  0.975714  
0.896961  0.44211  118.242  47.5041  118.242  47.5041  0.996596  0.0824453  
0.93901  0.343891  118.242  47.5041  118.242  47.5041  0.894827  0.446413  
0.878622  0.477519  118.242  47.5041  118.242  47.5041  0.486374  0.873751  
0.83083  0.556527  118.242  47.5041  118.242  47.5041  0.924326  0.381604  
0.858731  0.512426  118.242  47.5041  118.242  47.5041  0.531366  0.847142  
0.908148  0.418648  118.242  47.5041  118.242  47.5041  0.838432  0.545006  
0.756844  0.653595  118.242  47.5041  118.242  47.5041  0.520228  0.854027  
0.749373  0.662148  118.242  47.5041  118.242  47.5041  0.998478  0.0551559  
0.851816  0.523842  118.242  47.5041  118.242  47.5041  0.656165  0.754618  
0.562034  0.827114  118.242  47.5041  118.242  47.5041  0.796744  0.604316  
0.726241  0.68744  118.242  47.5041  118.242  47.5041  0.718516  0.69551  
0.933915  0.357494  118.242  47.5041  118.242  47.5041  0.665603  0.746306  
0.275584  0.961277  118.242  47.5041  118.242  47.5041  0.354539  0.935041  
0.463196  0.886256  118.242  47.5041  118.242  47.5041  0.94895  0.315428  
0.786869  0.61712  118.242  47.5041  118.242  47.5041  0.139997  0.990152  
0.670568  0.741848  118.242  47.5041  118.242  47.5041  0.575246  0.81798  
0.0938572  0.995586  118.242  47.5041  118.242  47.5041  0.200802  0.979632  
0.694609  0.719387  118.242  47.5041  118.242  47.5041  0.977136  0.212617  
0.794311  0.607512  118.242  47.5041  118.242  47.5041  0.918687  0.394987  
0.242117  0.970247  118.242  47.5041  118.242  47.5041  0.881695  0.471819  
0.530802  0.847496  118.242  47.5041  118.242  47.5041  0.626716  0.779248  
0.572113  0.820175  118.242  47.5041  118.242  47.5041  0.367415  0.930057  
0.779356  0.626581  118.242  47.5041  118.242  47.5041  0.969838  0.243752  
0.439444  0.89827  118.242  47.5041  118.242  47.5041  1  0  
0.185408  0.982662  118.242  47.5041  118.242  47.5041  0.509024  0.860752  
0.601404  0.798945  118.242  47.5041  118.242  47.5041  0.428211  0.903679  
0.809211  0.587518  118.242  47.5041  118.242  47.5041  0.860862  0.508839  
0.844772  0.535126  118.242  47.5041  118.242  47.5041  0.99205  0.125841  
0.486305  0.873789  118.242  47.5041  118.242  47.5041  0.253088  0.967443  
0.801818  0.597568  118.242  47.5041  118.242  47.5041  0.585892  0.810389  
0.837841  0.545915  118.242  47.5041  118.242  47.5041  0.90116  0.433487  
0.619881  0.784696  118.242  47.5041  118.242  47.5041  0.994432  0.105381  
0.259283  0.965801  118.242  47.5041  118.242  47.5041  0.778884  0.627168  
0.702543  0.711641  118.242  47.5041  118.242  47.5041  0.341496  0.939883  
0.320508  0.947246  118.242  47.5041  118.242  47.5041  0.805403  0.592728  
0.734073  0.67907  118.242  47.5041  118.242  47.5041  0.701611  0.71256  
0.99423  0.107268  118.242  47.5041  118.242  47.5041  0.392312  0.919832  
0.913479  0.406885  118.242  47.5041  118.242  47.5041  0.761301  0.648399  
0.986724  0.162407  118.242  47.5041  118.242  47.5041  0.542401  0.840119  
0.884842  0.465891  118.242  47.5041  118.242  47.5041  0.236539  0.971622  
0.741768  0.670656  118.242  47.5041  118.242  47.5041  0.961886  0.27345  
0.94895  0.315428  118.242  47.5041  118.242  47.5041  0.636508  0.77127  
0.497678  0.867362  118.242  47.5041  118.242  47.5041  0.0911954  0.995833  
0.816543  0.577285  118.242  47.5041  118.242  47.5041  0.822292  0.569066  
0.944045  0.329816  118.242  47.5041  118.242  47.5041  0.692908  0.721026  
0.508888  0.860833  118.242  47.5041  118.242  47.5041  0.646381  0.763015  
0.973265  0.229685  118.242  47.5041  118.242  47.5041  0.380003  0.924985  
0.89107  0.453865  118.242  47.5041  118.242  47.5041  0.939504  0.342537  
0.610835  0.791758  118.242  47.5041  118.242  47.5041  6.12323e-17  1  
0.99744  0.0715144  118.242  47.5041  118.242  47.5041  0.440035  0.89798  
0.872247  0.489066  118.242  47.5041  118.242  47.5041  0.888337  0.459191  
0.63742  0.770516  118.242  47.5041  118.242  47.5041  0.973616  0.228191  
0.427327  0.904097  118.242  47.5041  118.242  47.5041  0.735161  0.677892  
0.645921  0.763404  118.242  47.5041  118.242  47.5041  0.944375  0.328871  
0.551777  0.833992  118.242  47.5041  118.242  47.5041  0.710218  0.703982  
0.923826  0.382812  118.242  47.5041  118.242  47.5041  0.0607046  0.998156  
6.12323e-17  1  118.242  47.5041  118.242  47.5041  0.116699  0.993167  
0.224083  0.97457  118.242  47.5041  118.242  47.5041  0.404304  0.914625  
0.388748  0.921344  118.242  47.5041  118.242  47.5041  0.181452  0.9834  
0.654152  0.756363  118.242  47.5041  118.242  47.5041  0.675044  0.737778  
0.474817  0.880084  118.242  47.5041  118.242  47.5041  0.913009  0.407938  
0.0625144  0.998044  118.242  47.5041  118.242  47.5041  0.327936  0.9447  
0.143425  0.989661  118.242  47.5041  118.242  47.5041  0.874988  0.484144  
0.902596  0.430488  118.242  47.5041  118.242  47.5041  0.907163  0.42078  
0.45144  0.892302  118.242  47.5041  118.242  47.5041  0.965948  0.258737  
0.710495  0.703702  118.242  47.5041  118.242  47.5041  0.596377  0.802705  
0.59191  0.806004  118.242  47.5041  118.242  47.5041  0.497678  0.867362  
0.928864  0.37042  118.242  47.5041  118.242  47.5041  0.299501  0.954096  
0.678602  0.734506  118.242  47.5041  118.242  47.5041  0.284632  0.958637  
0.918687  0.394987  118.242  47.5041  118.242  47.5041  0.313855  0.949471  
0.628728  0.777626  118.242  47.5041  118.242  47.5041  0.814021  0.580835  
0.968472  0.249122  118.242  47.5041  118.242  47.5041  0.463356  0.886172  
0.348135  0.937444  118.242  47.5041  118.242  47.5041  0.868003  0.496559  
0.764305  0.644855  118.242  47.5041  118.242  47.5041  0.989467  0.144759  
0.361939  0.932202  118.242  47.5041  118.242  47.5041  0.269263  0.963067  
0.291181  0.956669  118.242  47.5041  118.242  47.5041  0.474978  0.879998  
0.990611  0.136714  118.242  47.5041  118.242  47.5041  0.726853  0.686793  
0.401965  0.915655  118.242  47.5041  118.242  47.5041  0.684093  0.729395  
0.541433  0.840744  118.242  47.5041  118.242  47.5041  0.743679  0.668537  
0.334551  0.942378  118.242  47.5041  118.242  47.5041  0.451677  0.892182  
0.963539  0.267568  118.242  47.5041  118.242  47.5041  0.830467  0.557068  
0.581958  0.813219  54.927  18.0701  54.927  18.0701  0.788313  0.615275  
0.718406  0.695624  54.927  18.0701  54.927  18.0701  0.753733  0.657181  
0.865351  0.501166  54.927  18.0701  54.927  18.0701  0.983547  0.180653  
0.414705  0.909956  54.927  18.0701  54.927  18.0701  0.845975  0.533222  
0.772087  0.635517  54.927  18.0701  54.927  18.0701  0.957692  0.287797  
0.978255  0.207407  54.927  18.0701  54.927  18.0701  0.606648  0.79497  
1  0  54.927  18.0701  54.927  18.0701  0.934468  0.356046  
0.165734  0.98617  54.927  18.0701  54.927  18.0701  0.986546  0.163481  
0.982638  0.185532  54.927  18.0701  54.927  18.0701  0.616719  0.787184  
0.954476  0.298289  54.927  18.0701  54.927  18.0701  0.953377  0.301782  
0.375555  0.9268  54.927  18.0701  54.927  18.0701  0.161963  0.986797  
0.120598  0.992701  54.927  18.0701  54.927  18.0701  0.853424  0.521218  
0.662452  0.749104  54.927  18.0701  54.927  18.0701  0.980291  0.197558  
0.305973  0.95204  54.927  18.0701  54.927  18.0701  0.416548  0.909114  
0.205375  0.978683  54.927  18.0701  54.927  18.0701  0.929276  0.369386  
0.519915  0.854218  54.927  18.0701  54.927  18.0701  0.770865  0.636998  
0.686696  0.726944  54.927  18.0701  54.927  18.0701  0.564584  0.825376  
0.823755  0.566947  54.927  18.0701  54.927  18.0701  0.553721  0.832702  
0.959413  0.282004  54.927  18.0701  54.927  18.0701  0.218949  0.975736  
0.896613  0.442816  54.927  18.0701  54.927  18.0701  0.996579  0.0826398  
0.939363  0.342925  54.927  18.0701  54.927  18.0701  0.894447  0.447174  
0.878316  0.478081  54.927  18.0701  54.927  18.0701  0.486597  0.873627  
0.830863  0.556477  54.927  18.0701  54.927  18.0701  0.923929  0.382563  
0.858609  0.512631  54.927  18.0701  54.927  18.0701  0.531604  0.846993  
0.907917  0.419151  54.927  18.0701  54.927  18.0701  0.838231  0.545315  
0.756969  0.653451  54.927  18.0701  54.927  18.0701  0.52045  0.853892  
0.749373  0.662148  54.927  18.0701  54.927  18.0701  0.998488  0.0549721  
0.851807  0.523855  54.927  18.0701  54.927  18.0701  0.656024  0.75474  
0.562034  0.827114  54.927  18.0701  54.927  18.0701  0.79702  0.603953  
0.726242  0.687439  54.927  18.0701  54.927  18.0701  0.718809  0.695208  
0.934212  0.356719  54.927  18.0701  54.927  18.0701  0.665488  0.746408  
0.275317  0.961353  54.927  18.0701  54.927  18.0701  0.354616  0.935012  
0.463196  0.886256  54.927  18.0701  54.927  18.0701  0.948856  0.31571  
0.787  0.616953  54.927  18.0701  54.927  18.0701  0.140655  0.990059  
0.670568  0.741848  54.927  18.0701  54.927  18.0701  0.575311  0.817935  
0.0943229  0.995542  54.927  18.0701  54.927  18.0701  0.200844  0.979623  
0.694667  0.719332  54.927  18.0701  54.927  18.0701  0.976952  0.21346  
0.794568  0.607175  54.927  18.0701  54.927  18.0701  0.918376  0.395709  
0.241687  0.970354  54.927  18.0701  54.927  18.0701  0.881644  0.471915  
0.530728  0.847542  54.927  18.0701  54.927  18.0701  0.626703  0.779258  
0.572113  0.820175  54.927  18.0701  54.927  18.0701  0.367415  0.930057  
0.779574  0.626311  54.927  18.0701  54.927  18.0701  0.969734  0.244164  
0.439485  0.89825  54.927  18.0701  54.927  18.0701  1  0  
0.185993  0.982551  54.927  18.0701  54.927  18.0701  0.509257  0.860615  
0.601171  0.79912  54.927  18.0701  54.927  18.0701  0.42842  0.90358  
0.809211  0.587518  54.927  18.0701  54.927  18.0701  0.860707  0.5091  
0.844935  0.534869  54.927  18.0701  54.927  18.0701  0.991981  0.126383  
0.486308  0.873788  54.927  18.0701  54.927  18.0701  0.253018  0.967461  
0.801818  0.597568  54.927  18.0701  54.927  18.0701  0.585892  0.810389  
0.837926  0.545783  54.927  18.0701  54.927  18.0701  0.900824  0.434185  
0.619677  0.784857  54.927  18.0701  54.927  18.0701  0.994401  0.10567  
0.258881  0.965909  54.927  18.0701  54.927  18.0701  0.77968  0.626178  
0.702674  0.711512  54.927  18.0701  54.927  18.0701  0.341409  0.939915  
0.320508  0.947246  54.927  18.0701  54.927  18.0701  0.80566  0.592378  
0.734061  0.679084  54.927  18.0701  54.927  18.0701  0.701561  0.712609  
0.99433  0.106334  54.927  18.0701  54.927  18.0701  0.392382  0.919802  
0.913355  0.407165  54.927  18.0701  54.927  18.0701  0.762315  0.647207  
0.9868  0.161943  54.927  18.0701  54.927  18.0701  0.542706  0.839922  
0.884563  0.466421  54.927  18.0701  54.927  18.0701  0.236312  0.971677  
0.741768  0.670656  54.927  18.0701  54.927  18.0701  0.961874  0.273494  
0.949398  0.314076  54.927  18.0701  54.927  18.0701  0.636605  0.77119  
0.497678  0.867362  54.927  18.0701  54.927  18.0701  0.0920534  0.995754  
0.81651  0.577332  54.927  18.0701  54.927  18.0701  0.822182  0.569225  
0.944391  0.328824  54.927  18.0701  54.927  18.0701  0.692755  0.721173  
0.508888  0.860833  54.927  18.0701  54.927  18.0701  0.646381  0.763015  
0.973628  0.228142  54.927  18.0701  54.927  18.0701  0.380003  0.924985  
0.890741  0.45451  54.927  18.0701  54.927  18.0701  0.939363  0.342925  
0.610478  0.792034  54.927  18.0701  54.927  18.0701  6.12323e-17  1  
0.997482  0.0709236  54.927  18.0701  54.927  18.0701  0.440123  0.897938  
0.871889  0.489704  54.927  18.0701  54.927  18.0701  0.888095  0.45966  
0.637328  0.770593  54.927  18.0701  54.927  18.0701  0.973433  0.228973  
0.427123  0.904193  54.927  18.0701  54.927  18.0701  0.736226  0.676736  
0.645921  0.763404  54.927  18.0701  54.927  18.0701  0.944235  0.329273  
0.551777  0.833992  54.927  18.0701  54.927  18.0701  0.710218  0.703982  
0.923929  0.382563  54.927  18.0701  54.927  18.0701  0.0615121  0.998106  
6.12323e-17  1  54.927  18.0701  54.927  18.0701  0.117617  0.993059  
0.224083  0.97457  54.927  18.0701  54.927  18.0701  0.404563  0.91451  
0.388866  0.921294  54.927  18.0701  54.927  18.0701  0.182036  0.983292  
0.654248  0.75628  54.927  18.0701  54.927  18.0701  0.674788  0.738011  
0.474817  0.880084  54.927  18.0701  54.927  18.0701  0.912631  0.408784  
0.0629789  0.998015  54.927  18.0701  54.927  18.0701  0.327848  0.944731  
0.144123  0.98956  54.927  18.0701  54.927  18.0701  0.874851  0.484392  
0.902367  0.430969  54.927  18.0701  54.927  18.0701  0.906863  0.421426  
0.45144  0.892302  54.927  18.0701  54.927  18.0701  0.965911  0.258876  
0.710509  0.703688  54.927  18.0701  54.927  18.0701  0.596377  0.802705  
0.591689  0.806167  54.927  18.0701  54.927  18.0701  0.497849  0.867264  
0.929123  0.36977  54.927  18.0701  54.927  18.0701  0.299501  0.954096  
0.678653  0.734459  54.927  18.0701  54.927  18.0701  0.284531  0.958667  
0.918672  0.395021  54.927  18.0701  54.927  18.0701  0.313868  0.949466  
0.628599  0.777729  54.927  18.0701  54.927  18.0701  0.813947  0.58094  
0.969023  0.24697  54.927  18.0701  54.927  18.0701  0.463442  0.886127  
0.348543  0.937293  54.927  18.0701  54.927  18.0701  0.867892  0.496752  
0.764571  0.64454  54.927  18.0701  54.927  18.0701  0.989362  0.145474  
0.362182  0.932107  54.927  18.0701  54.927  18.0701  0.268997  0.963141  
0.290825  0.956776  54.927  18.0701  54.927  18.0701  0.474978  0.879998  
0.990741  0.135764  54.927  18.0701  54.927  18.0701  0.727549  0.686056  
0.401888  0.915689  54.927  18.0701  54.927  18.0701  0.683751  0.729715  
0.541341  0.840803  54.927  18.0701  54.927  18.0701  0.7449  0.667177  
0.334651  0.942342  54.927  18.0701  54.927  18.0701  0.451842  0.892098  
0.964221  0.2651  54.927  18.0701  54.927  18.0701  0.830324  0.557281  
0.581864  0.813286  2  2  2  2  0.788478  0.615063  
0.718406  0.695624  2  2  2  2  0.753753  0.657158  
0.865205  0.501418  2  2  2  2  0.983418  0.181356  
0.414629  0.90999  2  2  2  2  0.845881  0.533372  
0.772141  0.635451  2  2  2  2  0.957587  0.288143  
0.978569  0.20592  2  2  2  2  0.606594  0.795012  
1  0  2  2  2  2  0.934165  0.356841  
0.165984  0.986129  2  2  2  2  0.986442  0.164113  
0.982898  0.184151  2  2  2  2  0.616719  0.787184  
0.954769  0.297348  2  2  2  2  0.953238  0.302221  
0.375673  0.926752  2  2  2  2  0.162358  0.986732  
0.120651  0.992695  2  2  2  2  0.853269  0.521471  
0.662417  0.749136  2  2  2  2  0.980206  0.197981  
0.305605  0.952158  2  2  2  2  0.416666  0.90906  
0.205601  0.978636  2  2  2  2  0.928976  0.37014  
0.519915  0.854218  2  2  2  2  0.771184  0.636612  
0.686725  0.726917  2  2  2  2  0.564616  0.825354  
0.8238  0.566881  2  2  2  2  0.5538  0.83265  
0.959753  0.280846  2  2  2  2  0.218949  0.975736  
0.89642  0.443206  2  2  2  2  0.99657  0.0827563  
0.939606  0.342258  2  2  2  2  0.894437  0.447194  
0.878159  0.478369  2  2  2  2  0.486614  0.873617  
0.83091  0.556407  2  2  2  2  0.923695  0.38313  
0.858548  0.512734  2  2  2  2  0.531854  0.846836  
0.907832  0.419334  2  2  2  2  0.838168  0.545412  
0.757022  0.65339  2  2  2  2  0.520737  0.853717  
0.749412  0.662103  2  2  2  2  0.998483  0.0550608  
0.851807  0.523855  2  2  2  2  0.65598  0.754778  
0.562034  0.827114  2  2  2  2  0.797024  0.603948  
0.726288  0.687391  2  2  2  2  0.719091  0.694915  
0.934348  0.356361  2  2  2  2  0.665418  0.746471  
0.274823  0.961495  2  2  2  2  0.35446  0.935071  
0.463211  0.886248  2  2  2  2  0.948759  0.316001  
0.787164  0.616744  2  2  2  2  0.140963  0.990015  
0.670568  0.741848  2  2  2  2  0.575311  0.817935  
0.0944773  0.995527  2  2  2  2  0.200951  0.979601  
0.694717  0.719283  2  2  2  2  0.976828  0.214024  
0.794648  0.60707  2  2  2  2  0.918135  0.396267  
0.241526  0.970394  2  2  2  2  0.881479  0.472224  
0.530728  0.847542  2  2  2  2  0.626703  0.779258  
0.572034  0.82023  2  2  2  2  0.367415  0.930057  
0.779704  0.626148  2  2  2  2  0.969555  0.244875  
0.439401  0.898291  2  2  2  2  1  0  
0.186304  0.982492  2  2  2  2  0.509509  0.860466  
0.601018  0.799236  2  2  2  2  0.428526  0.90353  
0.809356  0.587318  2  2  2  2  0.86054  0.509382  
0.844929  0.534878  2  2  2  2  0.991925  0.126829  
0.486308  0.873788  2  2  2  2  0.252998  0.967467  
0.802098  0.597192  2  2  2  2  0.585892  0.810389  
0.837951  0.545745  2  2  2  2  0.900633  0.434581  
0.619365  0.785103  2  2  2  2  0.994357  0.106084  
0.258526  0.966004  2  2  2  2  0.779855  0.62596  
0.702674  0.711512  2  2  2  2  0.3412  0.939991  
0.320401  0.947282  2  2  2  2  0.805558  0.592517  
0.734061  0.679084  2  2  2  2  0.701635  0.712536  
0.994353  0.10612  2  2  2  2  0.392382  0.919802  
0.913304  0.407279  2  2  2  2  0.762475  0.647017  
0.986971  0.160898  2  2  2  2  0.542858  0.839824  
0.884442  0.466649  2  2  2  2  0.236312  0.971677  
0.741768  0.670656  2  2  2  2  0.9617  0.274104  
0.949703  0.313153  2  2  2  2  0.636605  0.77119  
0.497679  0.867361  2  2  2  2  0.0920534  0.995754  
0.816651  0.577131  2  2  2  2  0.822182  0.569225  
0.944554  0.328355  2  2  2  2  0.692681  0.721244  
0.508888  0.860833  2  2  2  2  0.646381  0.763015  
0.974022  0.226452  2  2  2  2  0.380003  0.924985  
0.890513  0.454958  2  2  2  2  0.939195  0.343386  
0.610241  0.792215  2  2  2  2  6.12323e-17  1  
0.997482  0.0709236  2  2  2  2  0.440445  0.89778  
0.871707  0.490027  2  2  2  2  0.888062  0.459724  
0.637196  0.770702  2  2  2  2  0.97328  0.229623  
0.427118  0.904196  2  2  2  2  0.736483  0.676456  
0.645759  0.763541  2  2  2  2  0.944064  0.329761  
0.551777  0.833992  2  2  2  2  0.710372  0.703826  
0.923929  0.382563  2  2  2  2  0.0613428  0.998117  
6.12323e-17  1  2  2  2  2  0.117878  0.993028  
0.223935  0.974604  2  2  2  2  0.404563  0.91451  
0.388926  0.921269  2  2  2  2  0.182174  0.983266  
0.654149  0.756366  2  2  2  2  0.674641  0.738146  
0.474817  0.880084  2  2  2  2  0.912465  0.409155  
0.0629789  0.998015  2  2  2  2  0.327654  0.944798  
0.14426  0.98954  2  2  2  2  0.874682  0.484698  
0.90219  0.431339  2  2  2  2  0.9066  0.42199  
0.45144  0.892302  2  2  2  2  0.965713  0.259614  
0.710599  0.703597  2  2  2  2  0.596262  0.80279  
0.591593  0.806237  2  2  2  2  0.498109  0.867114  
0.929216  0.369538  2  2  2  2  0.299173  0.954199  
0.678672  0.734442  2  2  2  2  0.28435  0.95872  
0.918672  0.395021  2  2  2  2  0.313694  0.949524  
0.628342  0.777938  2  2  2  2  0.813947  0.58094  
0.969385  0.245544  2  2  2  2  0.463634  0.886027  
0.348543  0.937293  2  2  2  2  0.867689  0.497107  
0.764582  0.644527  2  2  2  2  0.989282  0.146016  
0.362182  0.932107  2  2  2  2  0.268997  0.963141  
0.290623  0.956838  2  2  2  2  0.475017  0.879977  
0.9908  0.135335  2  2  2  2  0.727802  0.685788  
0.401888  0.915689  2  2  2  2  0.683754  0.729712  
0.541341  0.840803  2  2  2  2  0.745081  0.666974  
0.334651  0.942342  2  2  2  2  0.452103  0.891966  
0.964673  0.26345  2  2  2  2  0.830226  0.557427  
0.581864  0.813286  2  2.47473  2  2.47473  0.788572  0.614942  
0.718474  0.695553  2  2.47473  2  2.47473  0.754184  0.656663  
0.865205  0.501418  2  2.47473  2  2.47473  0.983294  0.182026  
0.414629  0.90999  2  2.47473  2  2.47473  0.845733  0.533607  
0.772361  0.635184  2  2.47473  2  2.47473  0.957325  0.289014  
0.978687  0.205355  2  2.47473  2  2.47473  0.606563  0.795035  
1  0  2  2.47473  2  2.47473  0.933923  0.357474  
0.165984  0.986129  2  2.47473  2  2.47473  0.986339  0.164726  
0.98297  0.183768  2  2.47473  2  2.47473  0.616719  0.787184  
0.955067  0.296389  2  2.47473  2  2.47473  0.952963  0.303086  
0.375722  0.926732  2  2.47473  2  2.47473  0.162343  0.986734  
0.120763  0.992681  2  2.47473  2  2.47473  0.853222  0.521548  
0.662417  0.749136  2  2.47473  2  2.47473  0.980041  0.198796  
0.305631  0.95215  2  2.47473  2  2.47473  0.416748  0.909022  
0.205601  0.978636  2  2.47473  2  2.47473  0.928796  0.370591  
0.51987  0.854245  2  2.47473  2  2.47473  0.771367  0.63639  
0.686725  0.726917  2  2.47473  2  2.47473  0.564616  0.825354  
0.823889  0.56675  2  2.47473  2  2.47473  0.5538  0.83265  
0.959943  0.280195  2  2.47473  2  2.47473  0.218998  0.975725  
0.896387  0.443273  2  2.47473  2  2.47473  0.996541  0.0831067  
0.939815  0.341685  2  2.47473  2  2.47473  0.89426  0.447549  
0.878104  0.47847  2  2.47473  2  2.47473  0.486781  0.873524  
0.830975  0.556309  2  2.47473  2  2.47473  0.923518  0.383555  
0.858555  0.512722  2  2.47473  2  2.47473  0.531854  0.846836  
0.907751  0.419508  2  2.47473  2  2.47473  0.838028  0.545627  
0.75714  0.653253  2  2.47473  2  2.47473  0.520737  0.853717  
0.749488  0.662017  2  2.47473  2  2.47473  0.99847  0.0552922  
0.851807  0.523855  2  2.47473  2  2.47473  0.655922  0.754829  
0.561975  0.827154  2  2.47473  2  2.47473  0.797127  0.603812  
0.726288  0.687391  2  2.47473  2  2.47473  0.719252  0.694749  
0.93463  0.355622  2  2.47473  2  2.47473  0.665381  0.746504  
0.274794  0.961503  2  2.47473  2  2.47473  0.35446  0.935071  
0.463211  0.886248  2  2.47473  2  2.47473  0.948498  0.316782  
0.787376  0.616473  2  2.47473  2  2.47473  0.141055  0.990002  
0.670568  0.741848  2  2.47473  2  2.47473  0.575311  0.817935  
0.0944773  0.995527  2  2.47473  2  2.47473  0.200951  0.979601  
0.694717  0.719283  2  2.47473  2  2.47473  0.97669  0.214653  
0.794784  0.606892  2  2.47473  2  2.47473  0.917976  0.396635  
0.241526  0.970394  2  2.47473  2  2.47473  0.881288  0.47258  
0.530649  0.847592  2  2.47473  2  2.47473  0.626737  0.779231  
0.572017  0.820242  2  2.47473  2  2.47473  0.367415  0.930057  
0.779947  0.625845  2  2.47473  2  2.47473  0.969433  0.245357  
0.439401  0.898291  2  2.47473  2  2.47473  1  0  
0.186389  0.982476  2  2.47473  2  2.47473  0.509509  0.860466  
0.600958  0.79928  2  2.47473  2  2.47473  0.428675  0.903459  
0.809393  0.587268  2  2.47473  2  2.47473  0.860464  0.509512  
0.844929  0.534878  2  2.47473  2  2.47473  0.991893  0.127074  
0.486308  0.873788  2  2.47473  2  2.47473  0.252949  0.96748  
0.802076  0.597222  2  2.47473  2  2.47473  0.585865  0.810408  
0.837984  0.545695  2  2.47473  2  2.47473  0.900488  0.434881  
0.619288  0.785164  2  2.47473  2  2.47473  0.994357  0.106084  
0.258468  0.96602  2  2.47473  2  2.47473  0.779947  0.625845  
0.702674  0.711512  2  2.47473  2  2.47473  0.3412  0.939991  
0.320337  0.947304  2  2.47473  2  2.47473  0.805558  0.592517  
0.734061  0.679084  2  2.47473  2  2.47473  0.701635  0.712536  
0.994414  0.105553  2  2.47473  2  2.47473  0.392435  0.91978  
0.913304  0.407279  2  2.47473  2  2.47473  0.762846  0.64658  
0.98711  0.160041  2  2.47473  2  2.47473  0.542899  0.839798  
0.884388  0.466753  2  2.47473  2  2.47473  0.236312  0.971677  
0.741817  0.670602  2  2.47473  2  2.47473  0.961508  0.274776  
0.950065  0.312052  2  2.47473  2  2.47473  0.636605  0.77119  
0.497679  0.867361  2  2.47473  2  2.47473  0.0923789  0.995724  
0.816651  0.577131  2  2.47473  2  2.47473  0.822182  0.569225  
0.944906  0.327341  2  2.47473  2  2.47473  0.692779  0.72115  
0.508888  0.860833  2  2.47473  2  2.47473  0.646345  0.763045  
0.974202  0.225678  2  2.47473  2  2.47473  0.380003  0.924985  
0.890405  0.455169  2  2.47473  2  2.47473  0.939024  0.343852  
0.610179  0.792263  2  2.47473  2  2.47473  6.12323e-17  1  
0.997518  0.070408  2  2.47473  2  2.47473  0.440501  0.897752  
0.871721  0.490002  2  2.47473  2  2.47473  0.887855  0.460124  
0.637009  0.770857  2  2.47473  2  2.47473  0.973123  0.230287  
0.427118  0.904196  2  2.47473  2  2.47473  0.736586  0.676344  
0.645548  0.76372  2  2.47473  2  2.47473  0.943807  0.330496  
0.551695  0.834046  2  2.47473  2  2.47473  0.71044  0.703758  
0.924108  0.38213  2  2.47473  2  2.47473  0.0616251  0.998099  
6.12323e-17  1  2  2.47473  2  2.47473  0.117978  0.993016  
0.223935  0.974604  2  2.47473  2  2.47473  0.404613  0.914488  
0.388926  0.921269  2  2.47473  2  2.47473  0.182189  0.983264  
0.654028  0.75647  2  2.47473  2  2.47473  0.674641  0.738146  
0.47485  0.880067  2  2.47473  2  2.47473  0.912316  0.409487  
0.0629789  0.998015  2  2.47473  2  2.47473  0.327654  0.944798  
0.14426  0.98954  2  2.47473  2  2.47473  0.874495  0.485035  
0.902145  0.431433  2  2.47473  2  2.47473  0.906543  0.422113  
0.45144  0.892302  2  2.47473  2  2.47473  0.965604  0.260018  
0.710599  0.703597  2  2.47473  2  2.47473  0.596262  0.80279  
0.591507  0.8063  2  2.47473  2  2.47473  0.49816  0.867085  
0.929411  0.369046  2  2.47473  2  2.47473  0.299135  0.954211  
0.678672  0.734442  2  2.47473  2  2.47473  0.284283  0.95874  
0.918773  0.394786  2  2.47473  2  2.47473  0.313604  0.949554  
0.628263  0.778001  2  2.47473  2  2.47473  0.813947  0.58094  
0.969544  0.244916  2  2.47473  2  2.47473  0.463667  0.88601  
0.348543  0.937293  2  2.47473  2  2.47473  0.867535  0.497377  
0.764814  0.644251  2  2.47473  2  2.47473  0.989233  0.146347  
0.362218  0.932093  2  2.47473  2  2.47473  0.268916  0.963164  
0.290506  0.956873  2  2.47473  2  2.47473  0.475286  0.879831  
0.990932  0.134363  2  2.47473  2  2.47473  0.727858  0.685727  
0.401888  0.915689  2  2.47473  2  2.47473  0.683754  0.729712  
0.541268  0.84085  2  2.47473  2  2.47473  0.74542  0.666595  
0.334651  0.942342  2  2.47473  2  2.47473  0.452146  0.891944  
0.964845  0.262818  2  2.47473  2  2.47473  0.830181  0.557493  
0.581807  0.813327  126.232  44.9391  126.232  44.9391  0.788644  0.61485  
0.718474  0.695553  126.232  44.9391  126.232  44.9391  0.754342  0.656482  
0.865179  0.501463  126.232  44.9391  126.232  44.9391  0.983209  0.182481  
0.414629  0.90999  126.232  44.9391  126.232  44.9391  0.845408  0.534121  
0.772419  0.635113  126.232  44.9391  126.232  44.9391  0.957147  0.289604  
0.978949  0.204105  126.232  44.9391  126.232  44.9391  0.606563  0.795035  
1  0  126.232  44.9391  126.232  44.9391  0.933821  0.357741  
0.166108  0.986108  126.232  44.9391  126.232  44.9391  0.986243  0.165304  
0.983209  0.182481  126.232  44.9391  126.232  44.9391  0.616719  0.787184  
0.9552  0.295961  126.232  44.9391  126.232  44.9391  0.952775  0.303677  
0.375722  0.926732  126.232  44.9391  126.232  44.9391  0.162466  0.986714  
0.120963  0.992657  126.232  44.9391  126.232  44.9391  0.852964  0.521971  
0.662286  0.749251  126.232  44.9391  126.232  44.9391  0.979988  0.199054  
0.305589  0.952163  126.232  44.9391  126.232  44.9391  0.416842  0.908979  
0.205601  0.978636  126.232  44.9391  126.232  44.9391  0.928639  0.370986  
0.51987  0.854245  126.232  44.9391  126.232  44.9391  0.771572  0.636142  
0.686725  0.726917  126.232  44.9391  126.232  44.9391  0.564672  0.825315  
0.823905  0.566727  126.232  44.9391  126.232  44.9391  0.55387  0.832603  
0.960164  0.279438  126.232  44.9391  126.232  44.9391  0.219126  0.975696  
0.89628  0.44349  126.232  44.9391  126.232  44.9391  0.996512  0.0834555  
0.940194  0.340639  126.232  44.9391  126.232  44.9391  0.894007  0.448052  
0.878063  0.478545  126.232  44.9391  126.232  44.9391  0.486947  0.873431  
0.830975  0.556309  126.232  44.9391  126.232  44.9391  0.923381  0.383884  
0.858555  0.512722  126.232  44.9391  126.232  44.9391  0.532112  0.846674  
0.907751  0.419508  126.232  44.9391  126.232  44.9391  0.837867  0.545874  
0.757236  0.653141  126.232  44.9391  126.232  44.9391  0.520929  0.8536  
0.749598  0.661894  126.232  44.9391  126.232  44.9391  0.998462  0.0554491  
0.8518  0.523867  126.232  44.9391  126.232  44.9391  0.655922  0.754829  
0.561944  0.827176  126.232  44.9391  126.232  44.9391  0.797143  0.60379  
0.726354  0.687321  126.232  44.9391  126.232  44.9391  0.71947  0.694523  
0.934944  0.354796  126.232  44.9391  126.232  44.9391  0.665325  0.746554  
0.274665  0.96154  126.232  44.9391  126.232  44.9391  0.35446  0.935071  
0.463211  0.886248  126.232  44.9391  126.232  44.9391  0.948214  0.317631  
0.787484  0.616335  126.232  44.9391  126.232  44.9391  0.141332  0.989962  
0.670568  0.741848  126.232  44.9391  126.232  44.9391  0.575311  0.817935  
0.0944773  0.995527  126.232  44.9391  126.232  44.9391  0.201099  0.979571  
0.694717  0.719283  126.232  44.9391  126.232  44.9391  0.976641  0.214878  
0.794893  0.606749  126.232  44.9391  126.232  44.9391  0.917848  0.396931  
0.241526  0.970394  126.232  44.9391  126.232  44.9391  0.881006  0.473106  
0.530649  0.847592  126.232  44.9391  126.232  44.9391  0.626737  0.779231  
0.572017  0.820242  126.232  44.9391  126.232  44.9391  0.367415  0.930057  
0.779947  0.625845  126.232  44.9391  126.232  44.9391  0.969371  0.2456  
0.439401  0.898291  126.232  44.9391  126.232  44.9391  1  0  
0.186389  0.982476  126.232  44.9391  126.232  44.9391  0.509732  0.860333  
0.600807  0.799394  126.232  44.9391  126.232  44.9391  0.428883  0.90336  
0.809493  0.58713  126.232  44.9391  126.232  44.9391  0.860202  0.509954  
0.844929  0.534878  126.232  44.9391  126.232  44.9391  0.991794  0.127844  
0.48634  0.87377  126.232  44.9391  126.232  44.9391  0.252949  0.96748  
0.802268  0.596965  126.232  44.9391  126.232  44.9391  0.585865  0.810408  
0.837984  0.545695  126.232  44.9391  126.232  44.9391  0.900271  0.43533  
0.619288  0.785164  126.232  44.9391  126.232  44.9391  0.994272  0.106879  
0.258468  0.96602  126.232  44.9391  126.232  44.9391  0.780136  0.62561  
0.702692  0.711494  126.232  44.9391  126.232  44.9391  0.3412  0.939991  
0.3203  0.947316  126.232  44.9391  126.232  44.9391  0.80556  0.592514  
0.734113  0.679028  126.232  44.9391  126.232  44.9391  0.701721  0.712452  
0.994435  0.105354  126.232  44.9391  126.232  44.9391  0.392463  0.919768  
0.913304  0.407279  126.232  44.9391  126.232  44.9391  0.762914  0.6465  
0.987246  0.1592  126.232  44.9391  126.232  44.9391  0.542986  0.839742  
0.884288  0.466941  126.232  44.9391  126.232  44.9391  0.236335  0.971672  
0.741835  0.670582  126.232  44.9391  126.232  44.9391  0.961376  0.275237  
0.950237  0.311527  126.232  44.9391  126.232  44.9391  0.636605  0.77119  
0.497679  0.867361  126.232  44.9391  126.232  44.9391  0.0923789  0.995724  
0.816706  0.577054  126.232  44.9391  126.232  44.9391  0.822027  0.569449  
0.945208  0.326469  126.232  44.9391  126.232  44.9391  0.692779  0.72115  
0.508888  0.860833  126.232  44.9391  126.232  44.9391  0.646345  0.763045  
0.974457  0.224573  126.232  44.9391  126.232  44.9391  0.380058  0.924963  
0.890293  0.455389  126.232  44.9391  126.232  44.9391  0.938804  0.344453  
0.610149  0.792287  126.232  44.9391  126.232  44.9391  6.12323e-17  1  
0.997527  0.0702835  126.232  44.9391  126.232  44.9391  0.440661  0.897673  
0.871708  0.490025  126.232  44.9391  126.232  44.9391  0.887629  0.460559  
0.636991  0.770871  126.232  44.9391  126.232  44.9391  0.973087  0.230439  
0.427118  0.904196  126.232  44.9391  126.232  44.9391  0.736933  0.675966  
0.645548  0.76372  126.232  44.9391  126.232  44.9391  0.943605  0.331074  
0.551695  0.834046  126.232  44.9391  126.232  44.9391  0.710631  0.703565  
0.92424  0.381811  126.232  44.9391  126.232  44.9391  0.0616251  0.998099  
6.12323e-17  1  126.232  44.9391  126.232  44.9391  0.118276  0.992981  
0.223935  0.974604  126.232  44.9391  126.232  44.9391  0.404722  0.91444  
0.388926  0.921269  126.232  44.9391  126.232  44.9391  0.182189  0.983264  
0.653943  0.756544  126.232  44.9391  126.232  44.9391  0.67462  0.738165  
0.474863  0.88006  126.232  44.9391  126.232  44.9391  0.912195  0.409757  
0.0629789  0.998015  126.232  44.9391  126.232  44.9391  0.327561  0.94483  
0.14446  0.989511  126.232  44.9391  126.232  44.9391  0.874246  0.485483  
0.902072  0.431586  126.232  44.9391  126.232  44.9391  0.906298  0.422639  
0.451411  0.892316  126.232  44.9391  126.232  44.9391  0.965479  0.260481  
0.710631  0.703565  126.232  44.9391  126.232  44.9391  0.596262  0.80279  
0.591397  0.80638  126.232  44.9391  126.232  44.9391  0.498363  0.866969  
0.929691  0.368339  126.232  44.9391  126.232  44.9391  0.299135  0.954211  
0.678672  0.734442  126.232  44.9391  126.232  44.9391  0.284283  0.95874  
0.918821  0.394674  126.232  44.9391  126.232  44.9391  0.313578  0.949562  
0.628213  0.778041  126.232  44.9391  126.232  44.9391  0.813886  0.581024  
0.969883  0.24357  126.232  44.9391  126.232  44.9391  0.464004  0.885833  
0.348543  0.937293  126.232  44.9391  126.232  44.9391  0.867301  0.497783  
0.764893  0.644157  126.232  44.9391  126.232  44.9391  0.989127  0.147067  
0.362248  0.932082  126.232  44.9391  126.232  44.9391  0.268916  0.963164  
0.290387  0.956909  126.232  44.9391  126.232  44.9391  0.475584  0.87967  
0.990966  0.134113  126.232  44.9391  126.232  44.9391  0.728133  0.685436  
0.401888  0.915689  126.232  44.9391  126.232  44.9391  0.683754  0.729712  
0.541268  0.84085  126.232  44.9391  126.232  44.9391  0.74572  0.666259  
0.334651  0.942342  126.232  44.9391  126.232  44.9391  0.45244  0.891795  
0.965015  0.262193  126.232  44.9391  126.232  44.9391  0.830036  0.55771  
