1.95495  3.04361  3.4759  5.66192  1.79769e+308  1.79769e+308  1.95495  3.04361  
1.7887  3.66985  3.4759  5.66192  1.79769e+308  1.79769e+308  1.7887  3.66985  
1.94181  3.04563  3.4759  5.66192  1.79769e+308  1.79769e+308  1.94181  3.04563  
1.33007  4.00336  3.4759  5.66192  1.79769e+308  1.79769e+308  1.33007  4.00336  
1.73106  3.57539  3.4759  5.66192  1.79769e+308  1.79769e+308  1.73106  3.57539  
0.69338  4.49694  3.4759  5.66192  1.79769e+308  1.79769e+308  0.69338  4.49694  
0.734671  4.45086  3.4759  5.66192  1.79769e+308  1.79769e+308  0.734671  4.45086  
1.14177  4.31109  3.4759  5.66192  1.79769e+308  1.79769e+308  1.14177  4.31109  
2.09058  3.11338  3.4759  5.66192  1.79769e+308  1.79769e+308  2.09058  3.11338  
1.09845  4.03866  3.4759  5.66192  1.79769e+308  1.79769e+308  1.09845  4.03866  
1.55378  3.90945  3.4759  5.66192  1.79769e+308  1.79769e+308  1.55378  3.90945  
2.0986  2.70423  3.4759  5.66192  1.79769e+308  1.79769e+308  2.0986  2.70423  
1.91375  3.65664  3.4759  5.66192  1.79769e+308  1.79769e+308  1.91375  3.65664  
1.69463  3.63878  3.4759  5.66192  1.79769e+308  1.79769e+308  1.69463  3.63878  
2.15384  2.71994  3.4759  5.66192  1.79769e+308  1.79769e+308  2.15384  2.71994  
1.38287  3.91444  3.4759  5.66192  1.79769e+308  1.79769e+308  1.38287  3.91444  
1.30464  4.13106  3.4759  5.66192  1.79769e+308  1.79769e+308  1.30464  4.13106  
1.65559  3.89839  3.4759  5.66192  1.79769e+308  1.79769e+308  1.65559  3.89839  
0.875154  4.51338  3.4759  5.66192  1.79769e+308  1.79769e+308  0.875154  4.51338  
1.62336  4.11271  3.4759  5.66192  1.79769e+308  1.79769e+308  1.62336  4.11271  
1.5126  4.05186  3.4759  5.66192  1.79769e+308  1.79769e+308  1.5126  4.05186  
1.97622  3.09766  3.4759  5.66192  1.79769e+308  1.79769e+308  1.97622  3.09766  
1.02006  4.29186  3.4759  5.66192  1.79769e+308  1.79769e+308  1.02006  4.29186  
2.03468  2.89108  3.4759  5.66192  1.79769e+308  1.79769e+308  2.03468  2.89108  
1.71753  3.85998  3.4759  5.66192  1.79769e+308  1.79769e+308  1.71753  3.85998  
2.20255  2.41588  3.4759  5.66192  1.79769e+308  1.79769e+308  2.20255  2.41588  
1.05234  4.3598  3.4759  5.66192  1.79769e+308  1.79769e+308  1.05234  4.3598  
1.80042  3.40472  3.4759  5.66192  1.79769e+308  1.79769e+308  1.80042  3.40472  
0.798912  4.4918  3.4759  5.66192  1.79769e+308  1.79769e+308  0.798912  4.4918  
1.85861  3.59465  3.4759  5.66192  1.79769e+308  1.79769e+308  1.85861  3.59465  
1.52835  4.04099  3.4759  5.66192  1.79769e+308  1.79769e+308  1.52835  4.04099  
2.30747  2.1382  3.4759  5.66192  1.79769e+308  1.79769e+308  2.30747  2.1382  
1.95004  2.99956  3.4759  5.66192  1.79769e+308  1.79769e+308  1.95004  2.99956  
2.31104  2.11431  3.4759  5.66192  1.79769e+308  1.79769e+308  2.31104  2.11431  
2.11496  2.73368  3.4759  5.66192  1.79769e+308  1.79769e+308  2.11496  2.73368  
1.62442  3.61108  3.4759  5.66192  1.79769e+308  1.79769e+308  1.62442  3.61108  
2.34133  1.76664  3.4759  5.66192  1.79769e+308  1.79769e+308  2.34133  1.76664  
1.95557  3.35634  3.4759  5.66192  1.79769e+308  1.79769e+308  1.95557  3.35634  
2.05193  3.03455  3.4759  5.66192  1.79769e+308  1.79769e+308  2.05193  3.03455  
1.59728  3.71969  3.4759  5.66192  1.79769e+308  1.79769e+308  1.59728  3.71969  
0.624166  4.52742  3.4759  5.66192  1.79769e+308  1.79769e+308  0.624166  4.52742  
0.486708  4.47627  3.4759  5.66192  1.79769e+308  1.79769e+308  0.486708  4.47627  
1.04912  4.28422  3.4759  5.66192  1.79769e+308  1.79769e+308  1.04912  4.28422  
2.36036  2.24825  3.4759  5.66192  1.79769e+308  1.79769e+308  2.36036  2.24825  
1.83951  3.56855  3.4759  5.66192  1.79769e+308  1.79769e+308  1.83951  3.56855  
1.7199  3.91928  3.4759  5.66192  1.79769e+308  1.79769e+308  1.7199  3.91928  
1.6422  3.39779  3.4759  5.66192  1.79769e+308  1.79769e+308  1.6422  3.39779  
1.55569  3.65064  3.4759  5.66192  1.79769e+308  1.79769e+308  1.55569  3.65064  
2.29625  2.47396  3.4759  5.66192  1.79769e+308  1.79769e+308  2.29625  2.47396  
2.07361  3.00769  3.4759  5.66192  1.79769e+308  1.79769e+308  2.07361  3.00769  
0.633498  4.56661  3.4759  5.66192  1.79769e+308  1.79769e+308  0.633498  4.56661  
1.98573  3.15694  3.4759  5.66192  1.79769e+308  1.79769e+308  1.98573  3.15694  
0.772476  4.57735  3.4759  5.66192  1.79769e+308  1.79769e+308  0.772476  4.57735  
1.51753  3.90917  3.4759  5.66192  1.79769e+308  1.79769e+308  1.51753  3.90917  
2.12716  2.76453  3.4759  5.66192  1.79769e+308  1.79769e+308  2.12716  2.76453  
2.0357  2.79269  3.4759  5.66192  1.79769e+308  1.79769e+308  2.0357  2.79269  
0.951888  4.34007  3.4759  5.66192  1.79769e+308  1.79769e+308  0.951888  4.34007  
1.77463  3.5671  3.4759  5.66192  1.79769e+308  1.79769e+308  1.77463  3.5671  
1.63264  3.69901  3.4759  5.66192  1.79769e+308  1.79769e+308  1.63264  3.69901  
1.16053  4.21041  3.4759  5.66192  1.79769e+308  1.79769e+308  1.16053  4.21041  
2.07501  2.38464  3.4759  5.66192  1.79769e+308  1.79769e+308  2.07501  2.38464  
0.811574  4.45209  3.4759  5.66192  1.79769e+308  1.79769e+308  0.811574  4.45209  
1.3926  4.17954  3.4759  5.66192  1.79769e+308  1.79769e+308  1.3926  4.17954  
0.749096  4.66192  3.4759  5.66192  1.79769e+308  1.79769e+308  0.749096  4.66192  
1.57047  3.68822  3.4759  5.66192  1.79769e+308  1.79769e+308  1.57047  3.68822  
2.11472  2.99762  3.4759  5.66192  1.79769e+308  1.79769e+308  2.11472  2.99762  
2.4759  1.50123  3.4759  5.66192  1.79769e+308  1.79769e+308  2.4759  1.50123  
2.1515  2.80368  3.4759  5.66192  1.79769e+308  1.79769e+308  2.1515  2.80368  
0.562143  4.51499  3.4759  5.66192  1.79769e+308  1.79769e+308  0.562143  4.51499  
1.15133  4.39333  3.4759  5.66192  1.79769e+308  1.79769e+308  1.15133  4.39333  
2.14262  2.38414  3.4759  5.66192  1.79769e+308  1.79769e+308  2.14262  2.38414  
1.83357  3.32599  3.4759  5.66192  1.79769e+308  1.79769e+308  1.83357  3.32599  
1.18588  4.36621  3.4759  5.66192  1.79769e+308  1.79769e+308  1.18588  4.36621  
2.0546  3.25611  3.4759  5.66192  1.79769e+308  1.79769e+308  2.0546  3.25611  
1.91468  2.89172  3.4759  5.66192  1.79769e+308  1.79769e+308  1.91468  2.89172  
0.837485  4.44242  3.4759  5.66192  1.79769e+308  1.79769e+308  0.837485  4.44242  
1.93715  2.9566  3.4759  5.66192  1.79769e+308  1.79769e+308  1.93715  2.9566  
1.13832  4.44166  3.4759  5.66192  1.79769e+308  1.79769e+308  1.13832  4.44166  
1.62601  3.93369  3.4759  5.66192  1.79769e+308  1.79769e+308  1.62601  3.93369  
0.99674  4.49409  3.4759  5.66192  1.79769e+308  1.79769e+308  0.99674  4.49409  
2.04433  3.16835  3.4759  5.66192  1.79769e+308  1.79769e+308  2.04433  3.16835  
0.840093  4.54764  3.4759  5.66192  1.79769e+308  1.79769e+308  0.840093  4.54764  
1.80085  3.3467  3.4759  5.66192  1.79769e+308  1.79769e+308  1.80085  3.3467  
1.47555  3.75684  3.4759  5.66192  1.79769e+308  1.79769e+308  1.47555  3.75684  
1.72246  3.6889  3.4759  5.66192  1.79769e+308  1.79769e+308  1.72246  3.6889  
1.51559  3.91556  3.4759  5.66192  1.79769e+308  1.79769e+308  1.51559  3.91556  
2.00297  3.37886  3.4759  5.66192  1.79769e+308  1.79769e+308  2.00297  3.37886  
1.82297  3.22064  3.4759  5.66192  1.79769e+308  1.79769e+308  1.82297  3.22064  
2.06439  2.56033  3.4759  5.66192  1.79769e+308  1.79769e+308  2.06439  2.56033  
0.689446  4.51732  3.4759  5.66192  1.79769e+308  1.79769e+308  0.689446  4.51732  
0.606023  4.55428  3.4759  5.66192  1.79769e+308  1.79769e+308  0.606023  4.55428  
2.24679  2.49157  3.4759  5.66192  1.79769e+308  1.79769e+308  2.24679  2.49157  
0.594708  4.59411  3.4759  5.66192  1.79769e+308  1.79769e+308  0.594708  4.59411  
1.69883  3.71484  3.4759  5.66192  1.79769e+308  1.79769e+308  1.69883  3.71484  
0.839959  4.57981  3.4759  5.66192  1.79769e+308  1.79769e+308  0.839959  4.57981  
1.06222  4.35889  3.4759  5.66192  1.79769e+308  1.79769e+308  1.06222  4.35889  
1.4966  3.8883  3.4759  5.66192  1.79769e+308  1.79769e+308  1.4966  3.8883  
1.97551  3.06579  3.4759  5.66192  1.79769e+308  1.79769e+308  1.97551  3.06579  
2.04412  3.27647  3.4759  5.66192  1.79769e+308  1.79769e+308  2.04412  3.27647  
1.56096  3.56478  3.4759  5.66192  1.79769e+308  1.79769e+308  1.56096  3.56478  
0.000611826  4.00061  3.1579  5.43428  3.0005  5.00061  2.1579  1.62877  
1.42566  2.84594  3.1579  5.43428  3.0005  5.00061  0.554217  4.43428  
1.68433  2.16861  3.1579  5.43428  3.0005  5.00061  1.4726  3.42079  
2.0005  0.000501264  3.1579  5.43428  3.0005  5.00061  1.91689  2.81079  
1.88002  1.39782  3.1579  5.43428  3.0005  5.00061  0.566769  4.38326  
0.192418  3.98287  3.1579  5.43428  3.0005  5.00061  1.12998  3.95239  
1.30921  3.03014  3.1579  5.43428  3.0005  5.00061  1.81692  2.70296  
1.65939  2.23648  3.1579  5.43428  3.0005  5.00061  1.54781  3.76219  
1.56881  2.49085  3.1579  5.43428  3.0005  5.00061  1.92375  2.61151  
0.271586  3.96886  3.1579  5.43428  3.0005  5.00061  1.04948  4.00474  
1.05898  3.40358  3.1579  5.43428  3.0005  5.00061  1.65537  3.3177  
1.55889  2.51442  3.1579  5.43428  3.0005  5.00061  1.69545  2.14948  
1.3542  2.95221  3.1579  5.43428  3.0005  5.00061  0.952308  4.28926  
1.27945  3.07799  3.1579  5.43428  3.0005  5.00061  1.59027  3.35904  
1.6987  2.13919  3.1579  5.43428  3.0005  5.00061  0.528312  4.3915  
0.683446  3.76095  3.1579  5.43428  3.0005  5.00061  0.000611826  4.00061  
1.6271  2.32942  3.1579  5.43428  3.0005  5.00061  1.98958  1.78004  
0.493656  3.89359  3.1579  5.43428  3.0005  5.00061  1.20149  3.96888  
1.12307  3.34492  3.1579  5.43428  3.0005  5.00061  1.29464  3.82039  
1.78292  1.83567  3.1579  5.43428  3.0005  5.00061  1.90883  2.54148  
1.70673  2.09777  3.1579  5.43428  3.0005  5.00061  1.93954  2.68611  
1.91689  1.16477  3.1579  5.43428  3.0005  5.00061  1.77164  3.40854  
1.95388  0.873801  3.1579  5.43428  3.0005  5.00061  0.367616  4.28266  
1.14497  3.30809  3.1579  5.43428  3.0005  5.00061  1.52482  3.61535  
0.599482  3.84498  3.1579  5.43428  3.0005  5.00061  1.94804  2.75191  
0.829391  3.65582  3.1579  5.43428  3.0005  5.00061  1.66795  3.31269  
0.233642  3.97365  3.1579  5.43428  3.0005  5.00061  0.334861  4.30968  
0.988706  3.5192  3.1579  5.43428  3.0005  5.00061  1.5489  2.87663  
0.778384  3.70165  3.1579  5.43428  3.0005  5.00061  0.874731  3.63318  
1.93781  1.04092  3.1579  5.43428  3.0005  5.00061  0.712373  4.29365  
1.25301  3.13175  3.1579  5.43428  3.0005  5.00061  1.85975  1.69589  
1.74725  1.96807  3.1579  5.43428  3.0005  5.00061  1.30473  3.7298  
1.23723  3.15415  3.1579  5.43428  3.0005  5.00061  2.0005  0.000501264  
1.8448  1.56445  3.1579  5.43428  3.0005  5.00061  0.964092  4.1022  
1.9644  0.846802  3.1579  5.43428  3.0005  5.00061  1.39181  3.54709  
1.03165  3.49004  3.1579  5.43428  3.0005  5.00061  1.45787  3.34209  
1.76424  1.8883  3.1579  5.43428  3.0005  5.00061  1.7877  2.72853  
0.533519  3.85694  3.1579  5.43428  3.0005  5.00061  1.61775  2.80006  
1.58243  2.46664  3.1579  5.43428  3.0005  5.00061  1.6875  3.23362  
1.99094  0.526637  3.1579  5.43428  3.0005  5.00061  1.88842  3.02758  
1.99746  0.292139  3.1579  5.43428  3.0005  5.00061  1.41484  3.22323  
1.74058  1.99108  3.1579  5.43428  3.0005  5.00061  0.701653  4.33755  
1.86254  1.47343  3.1579  5.43428  3.0005  5.00061  0.954962  4.35929  
1.51226  2.63826  3.1579  5.43428  3.0005  5.00061  1.03053  4.00349  
1.03854  3.45494  3.1579  5.43428  3.0005  5.00061  0.74525  4.33975  
1.40051  2.87501  3.1579  5.43428  3.0005  5.00061  2.06776  2.55316  
1.15788  3.28166  3.1579  5.43428  3.0005  5.00061  1.97159  2.34824  
1.30024  3.05463  3.1579  5.43428  3.0005  5.00061  0.910394  4.22348  
1.20501  3.20595  3.1579  5.43428  3.0005  5.00061  1.5387  2.94957  
0.518903  3.88028  3.1579  5.43428  3.0005  5.00061  1.1804  3.59991  
1.90341  1.24712  3.1579  5.43428  3.0005  5.00061  1.55727  3.72752  
1.4476  2.77858  3.1579  5.43428  3.0005  5.00061  1.65535  3.57928  
1.98031  0.631718  3.1579  5.43428  3.0005  5.00061  0.910011  4.17859  
0.912204  3.576  3.1579  5.43428  3.0005  5.00061  1.25407  3.37556  
0.754793  3.71082  3.1579  5.43428  3.0005  5.00061  1.38386  3.98885  
0.656803  3.78641  3.1579  5.43428  3.0005  5.00061  1.57157  3.13379  
1.49014  2.68363  3.1579  5.43428  3.0005  5.00061  1.12286  4.11881  
1.43851  2.80688  3.1579  5.43428  3.0005  5.00061  1.30573  3.60906  
1.21507  3.18792  3.1579  5.43428  3.0005  5.00061  1.70183  2.85462  
1.89831  1.27826  3.1579  5.43428  3.0005  5.00061  1.86877  2.84645  
1.50246  2.66051  3.1579  5.43428  3.0005  5.00061  1.57806  3.35026  
0.147811  3.99071  3.1579  5.43428  3.0005  5.00061  1.76285  2.99873  
0.691787  3.75482  3.1579  5.43428  3.0005  5.00061  1.02652  4.2031  
1.54944  2.5425  3.1579  5.43428  3.0005  5.00061  1.22689  3.77769  
1.52393  2.60952  3.1579  5.43428  3.0005  5.00061  1.38453  3.42089  
1.79547  1.78835  3.1579  5.43428  3.0005  5.00061  1.32307  3.67141  
0.972166  3.53247  3.1579  5.43428  3.0005  5.00061  0.841869  4.25854  
1.67204  2.20205  3.1579  5.43428  3.0005  5.00061  1.48823  3.0544  
0.411442  3.95032  3.1579  5.43428  3.0005  5.00061  0.589021  4.36467  
1.99403  0.433986  3.1579  5.43428  3.0005  5.00061  1.17947  3.8551  
1.59078  2.44173  3.1579  5.43428  3.0005  5.00061  1.44078  3.36608  
1.19637  3.22622  3.1579  5.43428  3.0005  5.00061  1.5304  3.1129  
1.63464  2.30815  3.1579  5.43428  3.0005  5.00061  1.25715  3.7878  
0.92895  3.56831  3.1579  5.43428  3.0005  5.00061  2.04988  1.92841  
1.53725  2.56987  3.1579  5.43428  3.0005  5.00061  1.11396  4.2203  
1.47874  2.70851  3.1579  5.43428  3.0005  5.00061  1.27017  3.63502  
1.04909  3.41044  3.1579  5.43428  3.0005  5.00061  1.68208  3.04024  
0.368727  3.95566  3.1579  5.43428  3.0005  5.00061  1.69671  2.97212  
1.64424  2.28073  3.1579  5.43428  3.0005  5.00061  1.90216  3.01647  
1.33184  2.99981  3.1579  5.43428  3.0005  5.00061  0.882008  4.01538  
0.727074  3.72914  3.1579  5.43428  3.0005  5.00061  1.82455  2.92391  
1.1172  3.3684  3.1579  5.43428  3.0005  5.00061  0.573675  4.26434  
0.798079  3.67435  3.1579  5.43428  3.0005  5.00061  1.54452  3.27798  
0.452791  3.93816  3.1579  5.43428  3.0005  5.00061  0.387381  4.38629  
1.82636  1.71015  3.1579  5.43428  3.0005  5.00061  1.81814  2.61465  
0.880999  3.59362  3.1579  5.43428  3.0005  5.00061  0.87337  4.25095  
0.624036  3.8117  3.1579  5.43428  3.0005  5.00061  1.70039  2.9316  
1.2632  3.11427  3.1579  5.43428  3.0005  5.00061  1.87612  2.44794  
1.88306  1.35375  3.1579  5.43428  3.0005  5.00061  1.09104  3.57784  
1.38501  2.90983  3.1579  5.43428  3.0005  5.00061  1.07646  3.70986  
1.1736  3.25936  3.1579  5.43428  3.0005  5.00061  1.41176  3.79674  
1.80725  1.7226  3.1579  5.43428  3.0005  5.00061  0.553669  4.13086  
1.77234  1.86832  3.1579  5.43428  3.0005  5.00061  2.01991  2.14391  
1.46208  2.76411  3.1579  5.43428  3.0005  5.00061  1.97046  2.36839  
0.856139  3.63544  3.1579  5.43428  3.0005  5.00061  1.58193  3.15415  
1.71647  2.06599  3.1579  5.43428  3.0005  5.00061  0.931611  3.98428  
1.72811  2.03089  3.1579  5.43428  3.0005  5.00061  1.94178  2.89213  
0.109328  3.99477  3.1579  5.43428  3.0005  5.00061  2.15014  1.25949  
1.85962  1.5019  3.1579  5.43428  3.0005  5.00061  1.16689  4.15779  
1.18268  3.24626  3.1579  5.43428  3.0005  5.00061  1.82593  3.09586  
0.000230817  4.00023  3.12835  5.20418  3.0002  5.00023  0.505252  4.01164  
1.40969  2.83879  3.12835  5.20418  3.0002  5.00023  1.3395  2.97311  
1.69411  2.1284  3.12835  5.20418  3.0002  5.00023  1.77807  2.17374  
2.0002  0.000195229  3.12835  5.20418  3.0002  5.00023  0.628569  3.82209  
1.83969  1.57161  3.12835  5.20418  3.0002  5.00023  1.12469  3.72938  
1.78709  1.79945  3.12835  5.20418  3.0002  5.00023  1.83589  2.01378  
0.842419  3.62976  3.12835  5.20418  3.0002  5.00023  1.91683  1.9652  
1.66126  2.22937  3.12835  5.20418  3.0002  5.00023  2.06112  0.967072  
1.5729  2.47332  3.12835  5.20418  3.0002  5.00023  1.44904  2.96879  
0.293074  3.96246  3.12835  5.20418  3.0002  5.00023  1.33617  3.12203  
1.92835  1.07325  3.12835  5.20418  3.0002  5.00023  1.70319  2.10279  
1.55628  2.51814  3.12835  5.20418  3.0002  5.00023  0.613318  3.97242  
1.3551  2.94385  3.12835  5.20418  3.0002  5.00023  1.03521  3.42564  
1.27945  3.07799  3.12835  5.20418  3.0002  5.00023  1.69612  2.42214  
1.68166  2.16748  3.12835  5.20418  3.0002  5.00023  1.76589  2.5297  
0.683446  3.76095  3.12835  5.20418  3.0002  5.00023  0.000230817  4.00023  
1.6271  2.32942  3.12835  5.20418  3.0002  5.00023  0.917215  3.90494  
0.423271  3.91248  3.12835  5.20418  3.0002  5.00023  0.243585  4.20418  
1.11678  3.32118  3.12835  5.20418  3.0002  5.00023  1.60294  2.6746  
1.77716  1.83644  3.12835  5.20418  3.0002  5.00023  1.08016  3.5741  
1.71038  2.07467  3.12835  5.20418  3.0002  5.00023  1.3178  3.19951  
1.06131  3.3931  3.12835  5.20418  3.0002  5.00023  1.32237  3.29572  
1.95012  0.89546  3.12835  5.20418  3.0002  5.00023  1.56903  2.77729  
1.14125  3.28777  3.12835  5.20418  3.0002  5.00023  1.0339  3.62594  
0.577359  3.83039  3.12835  5.20418  3.0002  5.00023  1.86224  1.9289  
0.820561  3.64831  3.12835  5.20418  3.0002  5.00023  1.72964  2.59203  
0.233642  3.97365  3.12835  5.20418  3.0002  5.00023  1.50701  2.91213  
0.966003  3.50297  3.12835  5.20418  3.0002  5.00023  1.0218  3.66353  
1.33808  2.97482  3.12835  5.20418  3.0002  5.00023  1.24554  3.13891  
1.93914  0.981271  3.12835  5.20418  3.0002  5.00023  1.43357  3.27578  
1.24554  3.13891  3.12835  5.20418  3.0002  5.00023  1.1792  3.45243  
1.74864  1.94257  3.12835  5.20418  3.0002  5.00023  1.65111  2.56747  
1.91024  1.19265  3.12835  5.20418  3.0002  5.00023  2.0002  0.000195229  
1.8263  1.63272  3.12835  5.20418  3.0002  5.00023  1.80595  2.11702  
1.9606  0.811208  3.12835  5.20418  3.0002  5.00023  1.54076  2.74442  
0.9973  3.46783  3.12835  5.20418  3.0002  5.00023  2.09213  0.124901  
1.76341  1.89063  3.12835  5.20418  3.0002  5.00023  1.57886  2.83361  
0.524657  3.86365  3.12835  5.20418  3.0002  5.00023  1.19584  3.46041  
1.59875  2.40644  3.12835  5.20418  3.0002  5.00023  1.97554  1.12575  
1.98434  0.508295  3.12835  5.20418  3.0002  5.00023  0.757722  3.9275  
1.99481  0.311291  3.12835  5.20418  3.0002  5.00023  1.89086  1.59331  
1.73638  1.98924  3.12835  5.20418  3.0002  5.00023  1.49964  3.07906  
1.86032  1.47037  3.12835  5.20418  3.0002  5.00023  1.47829  2.93158  
1.5139  2.61698  3.12835  5.20418  3.0002  5.00023  1.80796  2.09295  
1.03521  3.42564  3.12835  5.20418  3.0002  5.00023  1.28354  3.30927  
1.39148  2.87417  3.12835  5.20418  3.0002  5.00023  1.26551  3.41789  
1.16378  3.25797  3.12835  5.20418  3.0002  5.00023  1.52552  2.6245  
1.29526  3.04953  3.12835  5.20418  3.0002  5.00023  0.783948  3.97239  
1.20355  3.19728  3.12835  5.20418  3.0002  5.00023  1.90669  1.72884  
0.471671  3.88784  3.12835  5.20418  3.0002  5.00023  0.28734  4.19231  
1.90399  1.23153  3.12835  5.20418  3.0002  5.00023  1.37339  3.20889  
0.944492  3.5285  3.12835  5.20418  3.0002  5.00023  1.67631  2.66058  
1.97748  0.641429  3.12835  5.20418  3.0002  5.00023  1.04895  3.62106  
0.909118  3.56692  3.12835  5.20418  3.0002  5.00023  1.74217  2.52731  
0.745648  3.71212  3.12835  5.20418  3.0002  5.00023  1.84003  1.60693  
0.66567  3.77273  3.12835  5.20418  3.0002  5.00023  2.07577  1.21217  
1.48133  2.69305  3.12835  5.20418  3.0002  5.00023  1.44958  2.76718  
1.43208  2.79836  3.12835  5.20418  3.0002  5.00023  2.12835  0.461485  
1.22266  3.16661  3.12835  5.20418  3.0002  5.00023  1.86087  2.17429  
0.366959  3.93247  3.12835  5.20418  3.0002  5.00023  1.8456  2.26637  
1.49882  2.65642  3.12835  5.20418  3.0002  5.00023  1.8812  1.66082  
0.158469  3.9878  3.12835  5.20418  3.0002  5.00023  0.555272  4.10626  
0.708076  3.74157  3.12835  5.20418  3.0002  5.00023  1.53296  2.98143  
1.54146  2.55382  3.12835  5.20418  3.0002  5.00023  0.970836  3.78961  
1.53064  2.57645  3.12835  5.20418  3.0002  5.00023  1.9718  1.33701  
1.79661  1.76292  3.12835  5.20418  3.0002  5.00023  1.96511  1.3355  
1.87054  1.41754  3.12835  5.20418  3.0002  5.00023  1.1455  3.49307  
1.67272  2.19814  3.12835  5.20418  3.0002  5.00023  1.4777  3.10147  
0.776923  3.68703  3.12835  5.20418  3.0002  5.00023  0.881664  3.9529  
0.395203  3.92185  3.12835  5.20418  3.0002  5.00023  1.81675  2.11833  
1.58965  2.43414  3.12835  5.20418  3.0002  5.00023  0.584381  3.98223  
0.729298  3.7252  3.12835  5.20418  3.0002  5.00023  1.59953  2.42131  
1.46808  2.71893  3.12835  5.20418  3.0002  5.00023  1.09865  3.60847  
0.930912  3.54504  3.12835  5.20418  3.0002  5.00023  1.46796  3.07557  
1.08817  3.35676  3.12835  5.20418  3.0002  5.00023  0.370803  4.05587  
1.98993  0.408404  3.12835  5.20418  3.0002  5.00023  0.968391  3.69469  
1.4535  2.75042  3.12835  5.20418  3.0002  5.00023  0.41905  4.16019  
0.336964  3.9433  3.12835  5.20418  3.0002  5.00023  0.892214  3.7116  
1.64315  2.28243  3.12835  5.20418  3.0002  5.00023  2.03002  1.64677  
1.32105  3.00421  3.12835  5.20418  3.0002  5.00023  1.77941  1.84229  
1.96882  0.723061  3.12835  5.20418  3.0002  5.00023  1.44656  3.07367  
1.01537  3.44787  3.12835  5.20418  3.0002  5.00023  1.31317  3.43917  
0.798259  3.67289  3.12835  5.20418  3.0002  5.00023  0.87729  3.82011  
1.81795  1.67083  3.12835  5.20418  3.0002  5.00023  0.781742  3.88857  
1.9186  1.1318  3.12835  5.20418  3.0002  5.00023  0.467216  4.0988  
0.880045  3.5939  3.12835  5.20418  3.0002  5.00023  1.06913  3.67743  
0.602515  3.81578  3.12835  5.20418  3.0002  5.00023  2.03644  1.21805  
1.2647  3.09934  3.12835  5.20418  3.0002  5.00023  0.614046  4.04833  
1.88259  1.35226  3.12835  5.20418  3.0002  5.00023  1.91037  1.23094  
1.37222  2.91227  3.12835  5.20418  3.0002  5.00023  1.24083  3.27753  
1.85166  1.51849  3.12835  5.20418  3.0002  5.00023  1.762  2.19455  
1.80888  1.70872  3.12835  5.20418  3.0002  5.00023  1.24735  3.36971  
0.553831  3.84853  3.12835  5.20418  3.0002  5.00023  1.74043  2.37601  
0.635874  3.79906  3.12835  5.20418  3.0002  5.00023  0.453253  4.15225  
0.859247  3.61459  3.12835  5.20418  3.0002  5.00023  1.30829  3.31244  
1.72448  2.03169  3.12835  5.20418  3.0002  5.00023  1.68287  2.34694  
1.89157  1.30114  3.12835  5.20418  3.0002  5.00023  2.08986  1.40973  
0.10635  3.9946  3.12835  5.20418  3.0002  5.00023  0.846932  3.62921  
1.61181  2.37436  3.12835  5.20418  3.0002  5.00023  1.33638  3.12963  
1.18106  3.22924  3.12835  5.20418  3.0002  5.00023  1.60217  2.58806  
0.000118605  4.00012  3.00013  5.00012  3.00013  5.00012  1.20746  3.18901  
1.40887  2.83934  3.00013  5.00012  3.00013  5.00012  1.82429  1.63984  
1.69075  2.13697  3.00013  5.00012  3.00013  5.00012  1.03216  3.42633  
2.00013  0.000134002  3.00013  5.00012  3.00013  5.00012  1.44204  2.77189  
1.84027  1.56691  3.00013  5.00012  3.00013  5.00012  1.2979  3.04357  
1.78365  1.80992  3.00013  5.00012  3.00013  5.00012  1.73163  2.00184  
0.842175  3.62825  3.00013  5.00012  3.00013  5.00012  1.34711  2.95686  
1.66158  2.22672  3.00013  5.00012  3.00013  5.00012  0.868576  3.60325  
1.57155  2.47441  3.00013  5.00012  3.00013  5.00012  1.50627  2.63174  
0.268818  3.96386  3.00013  5.00012  3.00013  5.00012  1.09135  3.35218  
1.92854  1.06038  3.00013  5.00012  3.00013  5.00012  1.63663  2.29944  
1.55693  2.51108  3.00013  5.00012  3.00013  5.00012  1.98625  0.469912  
1.35521  2.94198  3.00013  5.00012  3.00013  5.00012  0.351654  3.93785  
1.2817  3.07086  3.00013  5.00012  3.00013  5.00012  1.45921  2.7357  
1.67658  2.18127  3.00013  5.00012  3.00013  5.00012  1.56868  2.48163  
0.690828  3.75398  3.00013  5.00012  3.00013  5.00012  0.000118605  4.00012  
1.63093  2.3156  3.00013  5.00012  3.00013  5.00012  0.594239  3.81951  
0.440392  3.90198  3.00013  5.00012  3.00013  5.00012  0.988855  3.47704  
1.1109  3.32648  3.00013  5.00012  3.00013  5.00012  1.69798  2.11396  
1.77128  1.85795  3.00013  5.00012  3.00013  5.00012  1.91124  1.17894  
1.70546  2.08973  3.00013  5.00012  3.00013  5.00012  1.80206  1.73551  
1.05311  3.40075  3.00013  5.00012  3.00013  5.00012  1.64938  2.26278  
1.94596  0.924348  3.00013  5.00012  3.00013  5.00012  1.4261  2.8047  
1.14829  3.27521  3.00013  5.00012  3.00013  5.00012  1.75353  1.92407  
0.578604  3.8291  3.00013  5.00012  3.00013  5.00012  1.33093  2.98594  
0.818629  3.64974  3.00013  5.00012  3.00013  5.00012  1.88322  1.34756  
0.212367  3.97755  3.00013  5.00012  3.00013  5.00012  1.99167  0.366723  
0.974761  3.49295  3.00013  5.00012  3.00013  5.00012  1.8736  1.39992  
1.33626  2.97642  3.00013  5.00012  3.00013  5.00012  1.53806  2.55721  
1.93774  0.991001  3.00013  5.00012  3.00013  5.00012  1.68641  2.15076  
1.2429  3.13402  3.00013  5.00012  3.00013  5.00012  1.77789  1.83246  
1.74521  1.9541  3.00013  5.00012  3.00013  5.00012  1.1868  3.21993  
1.90989  1.18768  3.00013  5.00012  3.00013  5.00012  2.00013  0.000134002  
1.82926  1.61773  3.00013  5.00012  3.00013  5.00012  0.633052  3.79448  
1.96286  0.768075  3.00013  5.00012  3.00013  5.00012  1.70914  2.07768  
0.996022  3.46886  3.00013  5.00012  3.00013  5.00012  1.76553  1.87962  
1.75913  1.9036  3.00013  5.00012  3.00013  5.00012  1.84494  1.54485  
1.9544  0.850006  3.00013  5.00012  3.00013  5.00012  1.16604  3.25001  
1.60009  2.40007  3.00013  5.00012  3.00013  5.00012  0.757504  3.70215  
1.98435  0.501315  3.00013  5.00012  3.00013  5.00012  1.8924  1.29504  
1.99564  0.268691  3.00013  5.00012  3.00013  5.00012  0.841018  3.62932  
1.73182  2.00118  3.00013  5.00012  3.00013  5.00012  1.14483  3.28005  
1.8612  1.46465  3.00013  5.00012  3.00013  5.00012  1.95651  0.83046  
1.51226  2.6179  3.00013  5.00012  3.00013  5.00012  0.667307  3.77099  
1.03456  3.42347  3.00013  5.00012  3.00013  5.00012  1.41114  2.83481  
1.3917  2.87305  3.00013  5.00012  3.00013  5.00012  0.555395  3.84279  
1.16756  3.24785  3.00013  5.00012  3.00013  5.00012  1.86386  1.45114  
1.29968  3.04053  3.00013  5.00012  3.00013  5.00012  1.12716  3.30446  
1.2064  3.19065  3.00013  5.00012  3.00013  5.00012  1.81347  1.68732  
0.477314  3.88454  3.00013  5.00012  3.00013  5.00012  1.36352  2.92657  
1.89993  1.24994  3.00013  5.00012  3.00013  5.00012  1.3956  2.86546  
0.953952  3.51586  3.00013  5.00012  3.00013  5.00012  0.404215  3.9176  
1.97803  0.592383  3.00013  5.00012  3.00013  5.00012  1.99638  0.245475  
0.910393  3.56182  3.00013  5.00012  3.00013  5.00012  0.81319  3.6546  
0.743303  3.71368  3.00013  5.00012  3.00013  5.00012  1.2471  3.12735  
0.662714  3.77418  3.00013  5.00012  3.00013  5.00012  1.58391  2.44266  
1.47899  2.69297  3.00013  5.00012  3.00013  5.00012  1.22757  3.1582  
1.4267  2.80349  3.00013  5.00012  3.00013  5.00012  1.96445  0.751599  
1.22446  3.16295  3.00013  5.00012  3.00013  5.00012  1.67413  2.18871  
0.361547  3.93426  3.00013  5.00012  3.00013  5.00012  1.78972  1.78589  
1.49605  2.65499  3.00013  5.00012  3.00013  5.00012  1.47457  2.70263  
0.14091  3.99021  3.00013  5.00012  3.00013  5.00012  1.37968  2.89613  
0.716803  3.73443  3.00013  5.00012  3.00013  5.00012  0.895642  3.57668  
1.54264  2.54618  3.00013  5.00012  3.00013  5.00012  1.83501  1.59147  
1.52756  2.58215  3.00013  5.00012  3.00013  5.00012  0.298625  3.95532  
1.79576  1.76142  3.00013  5.00012  3.00013  5.00012  1.97976  0.568776  
1.87157  1.41081  3.00013  5.00012  3.00013  5.00012  1.49036  2.66777  
1.12964  3.30107  3.00013  5.00012  3.00013  5.00012  1.05311  3.40075  
0.769832  3.69196  3.00013  5.00012  3.00013  5.00012  0.944003  3.52658  
0.402342  3.91841  3.00013  5.00012  3.00013  5.00012  1.26471  3.09896  
1.58529  2.43908  3.00013  5.00012  3.00013  5.00012  0.727812  3.72593  
0.511599  3.86705  3.00013  5.00012  3.00013  5.00012  1.52271  2.5936  
1.46201  2.72977  3.00013  5.00012  3.00013  5.00012  1.01109  3.45139  
0.933095  3.53821  3.00013  5.00012  3.00013  5.00012  1.2817  3.07086  
1.09192  3.35144  3.00013  5.00012  3.00013  5.00012  0.699463  3.74756  
1.99016  0.397765  3.00013  5.00012  3.00013  5.00012  0.482891  3.88179  
1.44456  2.76665  3.00013  5.00012  3.00013  5.00012  1.5966  2.40935  
0.317037  3.94958  3.00013  5.00012  3.00013  5.00012  0.445256  3.89981  
1.64634  2.27158  3.00013  5.00012  3.00013  5.00012  1.92051  1.11706  
1.31832  3.00822  3.00013  5.00012  3.00013  5.00012  1.92979  1.05125  
1.97066  0.683492  3.00013  5.00012  3.00013  5.00012  1.74281  1.96257  
1.01567  3.446  3.00013  5.00012  3.00013  5.00012  0.232401  3.9731  
0.79602  3.66969  3.00013  5.00012  3.00013  5.00012  1.6106  2.37174  
1.81849  1.66559  3.00013  5.00012  3.00013  5.00012  0.518664  3.86328  
1.91923  1.12581  3.00013  5.00012  3.00013  5.00012  1.10986  3.32787  
0.887302  3.58498  3.00013  5.00012  3.00013  5.00012  0.785802  3.67852  
0.607336  3.81124  3.00013  5.00012  3.00013  5.00012  1.6233  2.33693  
1.26321  3.10146  3.00013  5.00012  3.00013  5.00012  1.72036  2.04043  
1.88094  1.35999  3.00013  5.00012  3.00013  5.00012  0.151115  3.98872  
1.37322  2.90834  3.00013  5.00012  3.00013  5.00012  1.07248  3.37645  
1.85102  1.51547  3.00013  5.00012  3.00013  5.00012  1.85454  1.49814  
1.80706  1.71463  3.00013  5.00012  3.00013  5.00012  1.66189  2.22582  
0.546085  3.84812  3.00013  5.00012  3.00013  5.00012  1.93886  0.982168  
0.63604  3.79249  3.00013  5.00012  3.00013  5.00012  0.965973  3.50266  
0.864526  3.60717  3.00013  5.00012  3.00013  5.00012  1.55457  2.51691  
1.71812  2.0478  3.00013  5.00012  3.00013  5.00012  1.31453  3.0149  
1.89068  1.3051  3.00013  5.00012  3.00013  5.00012  1.90188  1.23832  
1.07248  3.37645  3.00013  5.00012  3.00013  5.00012  1.94761  0.910483  
1.61602  2.35712  3.00013  5.00012  3.00013  5.00012  0.919683  3.5522  
1.18689  3.21975  3.00013  5.00012  3.00013  5.00012  1.97253  0.662249  
2.85147e-05  4.00003  3.00003  5.00003  3.00003  5.00003  1.20576  3.19135  
1.40927  2.83831  3.00003  5.00003  3.00003  5.00003  1.82287  1.64585  
1.68995  2.13927  3.00003  5.00003  3.00003  5.00003  1.02856  3.43051  
2.00003  2.6471e-05  3.00003  5.00003  3.00003  5.00003  1.44367  2.76829  
1.84  1.56774  3.00003  5.00003  3.00003  5.00003  1.29655  3.04565  
1.78179  1.81689  3.00003  5.00003  3.00003  5.00003  1.73264  1.998  
0.841393  3.62882  3.00003  5.00003  3.00003  5.00003  1.34719  2.95644  
1.66143  2.22685  3.00003  5.00003  3.00003  5.00003  0.866236  3.60537  
1.57287  2.47072  3.00003  5.00003  3.00003  5.00003  1.5062  2.63166  
0.268491  3.96382  3.00003  5.00003  3.00003  5.00003  1.08995  3.35384  
1.9292  1.055  3.00003  5.00003  3.00003  5.00003  1.63557  2.30214  
1.5573  2.50986  3.00003  5.00003  3.00003  5.00003  1.98507  0.487983  
1.35576  2.94072  3.00003  5.00003  3.00003  5.00003  0.339913  3.94183  
1.28208  3.07005  3.00003  5.00003  3.00003  5.00003  1.45931  2.73529  
1.67588  2.18308  3.00003  5.00003  3.00003  5.00003  1.56658  2.48668  
0.689227  3.755  3.00003  5.00003  3.00003  5.00003  2.85147e-05  4.00003  
1.6323  2.31139  3.00003  5.00003  3.00003  5.00003  0.592827  3.82026  
0.439402  3.90229  3.00003  5.00003  3.00003  5.00003  0.985683  3.48049  
1.112  3.32476  3.00003  5.00003  3.00003  5.00003  1.69774  2.11444  
1.76958  1.86398  3.00003  5.00003  3.00003  5.00003  1.91274  1.1687  
1.70389  2.09456  3.00003  5.00003  3.00003  5.00003  1.80136  1.73799  
1.05431  3.39911  3.00003  5.00003  3.00003  5.00003  1.64828  2.26558  
1.94709  0.914062  3.00003  5.00003  3.00003  5.00003  1.42773  2.80115  
1.15  3.27264  3.00003  5.00003  3.00003  5.00003  1.75588  1.91512  
0.572392  3.8327  3.00003  5.00003  3.00003  5.00003  1.33048  2.98655  
0.81774  3.6504  3.00003  5.00003  3.00003  5.00003  1.88424  1.34116  
0.210386  3.97783  3.00003  5.00003  3.00003  5.00003  1.9909  0.381376  
0.973924  3.49371  3.00003  5.00003  3.00003  5.00003  1.87439  1.39526  
1.33745  2.97406  3.00003  5.00003  3.00003  5.00003  1.5368  2.55991  
1.93811  0.987468  3.00003  5.00003  3.00003  5.00003  1.68546  2.15339  
1.24493  3.13061  3.00003  5.00003  3.00003  5.00003  1.77872  1.82886  
1.74443  1.95653  3.00003  5.00003  3.00003  5.00003  1.18704  3.2193  
1.91038  1.18404  3.00003  5.00003  3.00003  5.00003  2.00003  2.6471e-05  
1.82896  1.61858  3.00003  5.00003  3.00003  5.00003  0.627686  3.79792  
1.96327  0.763191  3.00003  5.00003  3.00003  5.00003  1.70975  2.07539  
0.994121  3.47088  3.00003  5.00003  3.00003  5.00003  1.76746  1.87203  
1.75733  1.90981  3.00003  5.00003  3.00003  5.00003  1.84407  1.5485  
1.9554  0.840127  3.00003  5.00003  3.00003  5.00003  1.16829  3.24663  
1.60292  2.39223  3.00003  5.00003  3.00003  5.00003  0.755028  3.70404  
1.98465  0.494759  3.00003  5.00003  3.00003  5.00003  1.89378  1.28631  
1.99585  0.257745  3.00003  5.00003  3.00003  5.00003  0.840325  3.62982  
1.73123  2.00286  3.00003  5.00003  3.00003  5.00003  1.1491  3.27392  
1.86121  1.46416  3.00003  5.00003  3.00003  5.00003  1.95642  0.830599  
1.51  2.62292  3.00003  5.00003  3.00003  5.00003  0.660718  3.77545  
1.03458  3.42326  3.00003  5.00003  3.00003  5.00003  1.41191  2.83306  
1.39174  2.8727  3.00003  5.00003  3.00003  5.00003  0.556251  3.84219  
1.16896  3.24566  3.00003  5.00003  3.00003  5.00003  1.86436  1.44804  
1.30063  3.0387  3.00003  5.00003  3.00003  5.00003  1.1296  3.30094  
1.20762  3.18854  3.00003  5.00003  3.00003  5.00003  1.81219  1.69235  
0.4745  3.88581  3.00003  5.00003  3.00003  5.00003  1.36374  2.92592  
1.90078  1.2443  3.00003  5.00003  3.00003  5.00003  1.39599  2.86444  
0.952899  3.51684  3.00003  5.00003  3.00003  5.00003  0.388968  3.92364  
1.97811  0.590415  3.00003  5.00003  3.00003  5.00003  1.996  0.253334  
0.909852  3.56214  3.00003  5.00003  3.00003  5.00003  0.812919  3.6547  
0.742604  3.71407  3.00003  5.00003  3.00003  5.00003  1.24247  3.13452  
0.661553  3.77486  3.00003  5.00003  3.00003  5.00003  1.58096  2.44999  
1.4772  2.6966  3.00003  5.00003  3.00003  5.00003  1.22412  3.16327  
1.4262  2.80427  3.00003  5.00003  3.00003  5.00003  1.96418  0.753744  
1.22639  3.15976  3.00003  5.00003  3.00003  5.00003  1.67327  2.1911  
0.359145  3.935  3.00003  5.00003  3.00003  5.00003  1.79004  1.78417  
1.4937  2.66  3.00003  5.00003  3.00003  5.00003  1.4752  2.70098  
0.140037  3.99021  3.00003  5.00003  3.00003  5.00003  1.37979  2.89566  
0.716048  3.73487  3.00003  5.00003  3.00003  5.00003  0.891705  3.58045  
1.54189  2.54764  3.00003  5.00003  3.00003  5.00003  1.83343  1.59821  
1.52609  2.5854  3.00003  5.00003  3.00003  5.00003  0.286573  3.95874  
1.79411  1.76773  3.00003  5.00003  3.00003  5.00003  1.97863  0.583282  
1.87151  1.41067  3.00003  5.00003  3.00003  5.00003  1.49062  2.6669  
1.13071  3.29943  3.00003  5.00003  3.00003  5.00003  1.04939  3.40519  
0.767995  3.69337  3.00003  5.00003  3.00003  5.00003  0.94075  3.52989  
0.400266  3.9191  3.00003  5.00003  3.00003  5.00003  1.26112  3.10457  
1.58832  2.43087  3.00003  5.00003  3.00003  5.00003  0.725089  3.72788  
0.509259  3.86818  3.00003  5.00003  3.00003  5.00003  1.5217  2.59573  
1.46032  2.73312  3.00003  5.00003  3.00003  5.00003  1.00728  3.45568  
0.931482  3.53971  3.00003  5.00003  3.00003  5.00003  1.27909  3.07503  
1.09292  3.34996  3.00003  5.00003  3.00003  5.00003  0.693507  3.75185  
1.99068  0.386007  3.00003  5.00003  3.00003  5.00003  0.477503  3.88434  
1.44314  2.76939  3.00003  5.00003  3.00003  5.00003  1.59548  2.41203  
0.315476  3.94995  3.00003  5.00003  3.00003  5.00003  0.434793  3.90435  
1.64684  2.26977  3.00003  5.00003  3.00003  5.00003  1.92166  1.10864  
1.31912  3.00664  3.00003  5.00003  3.00003  5.00003  1.93079  1.04329  
1.97103  0.678427  3.00003  5.00003  3.00003  5.00003  1.74443  1.95653  
1.0149  3.44674  3.00003  5.00003  3.00003  5.00003  0.224902  3.97465  
0.792925  3.67223  3.00003  5.00003  3.00003  5.00003  1.60906  2.37568  
1.81759  1.66904  3.00003  5.00003  3.00003  5.00003  0.51819  3.86343  
1.9199  1.12076  3.00003  5.00003  3.00003  5.00003  1.11013  3.32726  
0.887836  3.58429  3.00003  5.00003  3.00003  5.00003  0.784533  3.67943  
0.602878  3.81396  3.00003  5.00003  3.00003  5.00003  1.62244  2.33898  
1.26336  3.10094  3.00003  5.00003  3.00003  5.00003  1.72118  2.03721  
1.88142  1.35697  3.00003  5.00003  3.00003  5.00003  0.149567  3.98882  
1.37385  2.90695  3.00003  5.00003  3.00003  5.00003  1.06988  3.37958  
1.85063  1.51687  3.00003  5.00003  3.00003  5.00003  1.85425  1.49909  
1.80585  1.71926  3.00003  5.00003  3.00003  5.00003  1.66095  2.22825  
0.54088  3.85097  3.00003  5.00003  3.00003  5.00003  1.93962  0.97551  
0.632494  3.79472  3.00003  5.00003  3.00003  5.00003  0.963557  3.50519  
0.864994  3.60656  3.00003  5.00003  3.00003  5.00003  1.55189  2.52324  
1.71776  2.04873  3.00003  5.00003  3.00003  5.00003  1.31344  3.01657  
1.89116  1.30166  3.00003  5.00003  3.00003  5.00003  1.90337  1.22833  
1.07356  3.37492  3.00003  5.00003  3.00003  5.00003  1.94811  0.905369  
1.61776  2.35193  3.00003  5.00003  3.00003  5.00003  0.916569  3.55524  
1.18789  3.21805  3.00003  5.00003  3.00003  5.00003  1.97161  0.671704  
7.02841e-06  4.00001  3.00001  5.00001  3.00001  5.00001  1.20591  3.19111  
1.40916  2.8385  3.00001  5.00001  3.00001  5.00001  1.82305  1.64497  
1.68973  2.13992  3.00001  5.00001  3.00001  5.00001  1.02756  3.43169  
2.00001  6.60049e-06  3.00001  5.00001  3.00001  5.00001  1.44417  2.76722  
1.83932  1.5709  3.00001  5.00001  3.00001  5.00001  1.29609  3.04642  
1.78148  1.81808  3.00001  5.00001  3.00001  5.00001  1.73302  1.99666  
0.840682  3.62947  3.00001  5.00001  3.00001  5.00001  1.34693  2.95688  
1.66157  2.2264  3.00001  5.00001  3.00001  5.00001  0.863585  3.6079  
1.5728  2.47087  3.00001  5.00001  3.00001  5.00001  1.50638  2.63123  
0.262167  3.96549  3.00001  5.00001  3.00001  5.00001  1.08991  3.35387  
1.92964  1.05169  3.00001  5.00001  3.00001  5.00001  1.63494  2.30388  
1.55735  2.50973  3.00001  5.00001  3.00001  5.00001  1.98497  0.489489  
1.35589  2.94046  3.00001  5.00001  3.00001  5.00001  0.336248  3.94307  
1.28281  3.06881  3.00001  5.00001  3.00001  5.00001  1.45991  2.734  
1.67573  2.18353  3.00001  5.00001  3.00001  5.00001  1.56601  2.48807  
0.687356  3.75635  3.00001  5.00001  3.00001  5.00001  7.02841e-06  4.00001  
1.63262  2.31046  3.00001  5.00001  3.00001  5.00001  0.590969  3.8214  
0.436314  3.90366  3.00001  5.00001  3.00001  5.00001  0.983827  3.48258  
1.11287  3.32357  3.00001  5.00001  3.00001  5.00001  1.69753  2.11508  
1.76909  1.86585  3.00001  5.00001  3.00001  5.00001  1.91339  1.16441  
1.70355  2.09565  3.00001  5.00001  3.00001  5.00001  1.80125  1.73841  
1.05423  3.39918  3.00001  5.00001  3.00001  5.00001  1.64789  2.26669  
1.94706  0.914242  3.00001  5.00001  3.00001  5.00001  1.42844  2.79969  
1.15138  3.27068  3.00001  5.00001  3.00001  5.00001  1.75617  1.91403  
0.571644  3.83314  3.00001  5.00001  3.00001  5.00001  1.33015  2.98711  
0.816909  3.65112  3.00001  5.00001  3.00001  5.00001  1.88489  1.33746  
0.205494  3.97884  3.00001  5.00001  3.00001  5.00001  1.99082  0.382864  
0.973551  3.49411  3.00001  5.00001  3.00001  5.00001  1.87496  1.39216  
1.33809  2.9729  3.00001  5.00001  3.00001  5.00001  1.53658  2.56041  
1.93854  0.983997  3.00001  5.00001  3.00001  5.00001  1.68546  2.15334  
1.24555  3.12961  3.00001  5.00001  3.00001  5.00001  1.77895  1.82796  
1.7438  1.95876  3.00001  5.00001  3.00001  5.00001  1.18723  3.21901  
1.9111  1.17934  3.00001  5.00001  3.00001  5.00001  2.00001  6.60049e-06  
1.82829  1.62156  3.00001  5.00001  3.00001  5.00001  0.626021  3.799  
1.96343  0.761425  3.00001  5.00001  3.00001  5.00001  1.70945  2.07635  
0.994124  3.47087  3.00001  5.00001  3.00001  5.00001  1.76762  1.87139  
1.7566  1.91246  3.00001  5.00001  3.00001  5.00001  1.8442  1.54783  
1.95548  0.839271  3.00001  5.00001  3.00001  5.00001  1.16828  3.24662  
1.60308  2.39179  3.00001  5.00001  3.00001  5.00001  0.753158  3.70554  
1.98475  0.493127  3.00001  5.00001  3.00001  5.00001  1.89458  1.28155  
1.99591  0.255887  3.00001  5.00001  3.00001  5.00001  0.837501  3.63241  
1.73053  2.00529  3.00001  5.00001  3.00001  5.00001  1.14914  3.27383  
1.8607  1.46672  3.00001  5.00001  3.00001  5.00001  1.95662  0.828593  
1.5098  2.62338  3.00001  5.00001  3.00001  5.00001  0.659706  3.77614  
1.03454  3.4233  3.00001  5.00001  3.00001  5.00001  1.4125  2.83186  
1.39145  2.87324  3.00001  5.00001  3.00001  5.00001  0.554559  3.84316  
1.17058  3.2433  3.00001  5.00001  3.00001  5.00001  1.8649  1.44523  
1.30134  3.03745  3.00001  5.00001  3.00001  5.00001  1.12971  3.30077  
1.20813  3.18775  3.00001  5.00001  3.00001  5.00001  1.81221  1.69221  
0.472288  3.88688  3.00001  5.00001  3.00001  5.00001  1.36349  2.92636  
1.90133  1.24087  3.00001  5.00001  3.00001  5.00001  1.39635  2.86371  
0.95219  3.51758  3.00001  5.00001  3.00001  5.00001  0.386216  3.92472  
1.97824  0.588543  3.00001  5.00001  3.00001  5.00001  1.99593  0.255001  
0.90888  3.56312  3.00001  5.00001  3.00001  5.00001  0.810032  3.65724  
0.741441  3.71498  3.00001  5.00001  3.00001  5.00001  1.24269  3.13415  
0.659706  3.77614  3.00001  5.00001  3.00001  5.00001  1.5801  2.45218  
1.47705  2.69691  3.00001  5.00001  3.00001  5.00001  1.22439  3.16283  
1.4266  2.80344  3.00001  5.00001  3.00001  5.00001  1.96432  0.752173  
1.22706  3.15869  3.00001  5.00001  3.00001  5.00001  1.67321  2.19123  
0.35578  3.93621  3.00001  5.00001  3.00001  5.00001  1.79014  1.78371  
1.49354  2.66034  3.00001  5.00001  3.00001  5.00001  1.47567  2.69993  
0.136523  3.99067  3.00001  5.00001  3.00001  5.00001  1.37999  2.89525  
0.714779  3.73583  3.00001  5.00001  3.00001  5.00001  0.889285  3.58284  
1.54155  2.54843  3.00001  5.00001  3.00001  5.00001  1.83362  1.59731  
1.52583  2.58599  3.00001  5.00001  3.00001  5.00001  0.282276  3.95996  
1.79355  1.76997  3.00001  5.00001  3.00001  5.00001  1.97852  0.584772  
1.87124  1.41206  3.00001  5.00001  3.00001  5.00001  1.49114  2.66573  
1.13217  3.29739  3.00001  5.00001  3.00001  5.00001  1.04872  3.40599  
0.766843  3.6943  3.00001  5.00001  3.00001  5.00001  0.938181  3.53261  
0.397164  3.92034  3.00001  5.00001  3.00001  5.00001  1.26083  3.10504  
1.58807  2.4315  3.00001  5.00001  3.00001  5.00001  0.723003  3.72949  
0.507189  3.86925  3.00001  5.00001  3.00001  5.00001  1.52164  2.59586  
1.4605  2.73274  3.00001  5.00001  3.00001  5.00001  1.00593  3.45723  
0.930813  3.54039  3.00001  5.00001  3.00001  5.00001  1.27857  3.07589  
1.09348  3.34922  3.00001  5.00001  3.00001  5.00001  0.692107  3.75286  
1.99066  0.386256  3.00001  5.00001  3.00001  5.00001  0.47527  3.88542  
1.44373  2.76815  3.00001  5.00001  3.00001  5.00001  1.59421  2.41538  
0.311353  3.95124  3.00001  5.00001  3.00001  5.00001  0.432361  3.90542  
1.64731  2.26837  3.00001  5.00001  3.00001  5.00001  1.92253  1.1025  
1.3197  3.00561  3.00001  5.00001  3.00001  5.00001  1.93148  1.03806  
1.97105  0.678105  3.00001  5.00001  3.00001  5.00001  1.74466  1.95568  
1.0143  3.44743  3.00001  5.00001  3.00001  5.00001  0.221903  3.97531  
0.79248  3.6726  3.00001  5.00001  3.00001  5.00001  1.60799  2.37854  
1.81699  1.67161  3.00001  5.00001  3.00001  5.00001  0.515831  3.86468  
1.92053  1.11641  3.00001  5.00001  3.00001  5.00001  1.10993  3.32751  
0.886651  3.58545  3.00001  5.00001  3.00001  5.00001  0.78174  3.68179  
0.602253  3.81434  3.00001  5.00001  3.00001  5.00001  1.6216  2.3413  
1.26446  3.09912  3.00001  5.00001  3.00001  5.00001  1.72122  2.03706  
1.88142  1.35686  3.00001  5.00001  3.00001  5.00001  0.147747  3.98907  
1.37383  2.90695  3.00001  5.00001  3.00001  5.00001  1.06961  3.37991  
1.85012  1.51929  3.00001  5.00001  3.00001  5.00001  1.85457  1.49744  
1.80547  1.72081  3.00001  5.00001  3.00001  5.00001  1.66073  2.22889  
0.540521  3.85116  3.00001  5.00001  3.00001  5.00001  1.94015  0.971286  
0.631171  3.79559  3.00001  5.00001  3.00001  5.00001  0.961337  3.50762  
0.864063  3.60744  3.00001  5.00001  3.00001  5.00001  1.55143  2.52434  
1.71715  2.05079  3.00001  5.00001  3.00001  5.00001  1.31324  3.01689  
1.8915  1.29958  3.00001  5.00001  3.00001  5.00001  1.90408  1.22393  
1.07371  3.3747  3.00001  5.00001  3.00001  5.00001  1.94857  0.901265  
1.61791  2.35149  3.00001  5.00001  3.00001  5.00001  0.913877  3.558  
1.18934  3.21589  3.00001  5.00001  3.00001  5.00001  1.97163  0.671412  
1.50719e-06  4  3  5.00073  3  5.00073  1.20593  3.19107  
1.40922  2.83838  3  5.00073  3  5.00073  1.82319  1.64436  
1.68977  2.13979  3  5.00073  3  5.00073  1.02682  3.43257  
2  1.5184e-06  3  5.00073  3  5.00073  1.44438  2.76679  
1.83909  1.57193  3  5.00073  3  5.00073  1.2959  3.04674  
1.78127  1.81889  3  5.00073  3  5.00073  1.73311  1.99633  
0.840173  3.62994  3  5.00073  3  5.00073  1.34697  2.95681  
1.66164  2.22616  3  5.00073  3  5.00073  0.861972  3.60944  
1.57266  2.47123  3  5.00073  3  5.00073  1.5066  2.63071  
0.260157  3.96602  3  5.00073  3  5.00073  1.0897  3.35413  
1.92985  1.05009  3  5.00073  3  5.00073  1.63447  2.30523  
1.5572  2.51009  3  5.00073  3  5.00073  1.98496  0.489649  
1.35627  2.93975  3  5.00073  3  5.00073  0.336068  3.94313  
1.2837  3.06733  3  5.00073  3  5.00073  1.46013  2.73351  
1.67581  2.18327  3  5.00073  3  5.00073  1.56583  2.48853  
0.687396  3.75632  3  5.00073  3  5.00073  1.50719e-06  4  
1.63271  2.31019  3  5.00073  3  5.00073  0.589267  3.82244  
0.433199  3.90504  3  5.00073  3  5.00073  0.982566  3.484  
1.11367  3.3225  3  5.00073  3  5.00073  1.6975  2.11519  
1.76889  1.86657  3  5.00073  3  5.00073  1.9136  1.16297  
1.70366  2.09528  3  5.00073  3  5.00073  1.80143  1.73765  
1.05453  3.3988  3  5.00073  3  5.00073  1.6476  2.26754  
1.94734  0.91183  3  5.00073  3  5.00073  1.42844  2.7997  
1.15202  3.26978  3  5.00073  3  5.00073  1.75642  1.91311  
0.571066  3.83348  3  5.00073  3  5.00073  1.33028  2.98688  
0.816193  3.65176  3  5.00073  3  5.00073  1.88507  1.33645  
0.203972  3.97915  3  5.00073  3  5.00073  1.99079  0.38347  
0.973155  3.49455  3  5.00073  3  5.00073  1.87516  1.39107  
1.33847  2.9722  3  5.00073  3  5.00073  1.5366  2.56036  
1.93884  0.981675  3  5.00073  3  5.00073  1.68535  2.1537  
1.24678  3.12765  3  5.00073  3  5.00073  1.77905  1.82757  
1.74353  1.95969  3  5.00073  3  5.00073  1.1873  3.2189  
1.91115  1.17901  3  5.00073  3  5.00073  2  1.5184e-06  
1.8281  1.6224  3  5.00073  3  5.00073  0.624299  3.80013  
1.96351  0.760642  3  5.00073  3  5.00073  1.70946  2.07628  
0.99407  3.47093  3  5.00073  3  5.00073  1.7678  1.87069  
1.75634  1.9134  3  5.00073  3  5.00073  1.84441  1.54679  
1.95562  0.838018  3  5.00073  3  5.00073  1.16837  3.24648  
1.60315  2.39158  3  5.00073  3  5.00073  0.750853  3.70741  
1.98462  0.495177  3  5.00073  3  5.00073  1.89479  1.28025  
1.9958  0.259265  3  5.00073  3  5.00073  0.835965  3.63382  
1.73056  2.00517  3  5.00073  3  5.00073  1.14922  3.27371  
1.86072  1.46658  3  5.00073  3  5.00073  1.9567  0.827882  
1.50965  2.62371  3  5.00073  3  5.00073  0.657664  3.77756  
1.03455  3.42328  3  5.00073  3  5.00073  1.41248  2.83189  
1.39171  2.87274  3  5.00073  3  5.00073  0.552643  3.84426  
1.17125  3.24234  3  5.00073  3  5.00073  1.86506  1.44436  
1.3022  3.03598  3  5.00073  3  5.00073  1.1297  3.30078  
1.20916  3.18618  3  5.00073  3  5.00073  1.81235  1.69163  
0.47021  3.88788  3  5.00073  3  5.00073  1.36366  2.92605  
1.90144  1.24023  3  5.00073  3  5.00073  1.39635  2.86372  
0.951911  3.51788  3  5.00073  3  5.00073  0.385193  3.92511  
1.97806  0.590901  3  5.00073  3  5.00073  1.99592  0.255433  
0.908389  3.56361  3  5.00073  3  5.00073  0.808432  3.65866  
0.740747  3.71553  3  5.00073  3  5.00073  1.24262  3.13426  
0.659812  3.77606  3  5.00073  3  5.00073  1.58006  2.45229  
1.47681  2.69744  3  5.00073  3  5.00073  1.22439  3.16283  
1.42643  2.80378  3  5.00073  3  5.00073  1.9644  0.751336  
1.22803  3.15718  3  5.00073  3  5.00073  1.67297  2.19195  
0.353214  3.93713  3  5.00073  3  5.00073  1.79029  1.78308  
1.49333  2.66081  3  5.00073  3  5.00073  1.47574  2.69976  
0.136001  3.99074  3  5.00073  3  5.00073  1.38006  2.89512  
0.714299  3.73619  3  5.00073  3  5.00073  0.887462  3.58464  
1.54159  2.54835  3  5.00073  3  5.00073  1.83392  1.59592  
1.52579  2.5861  3  5.00073  3  5.00073  0.281817  3.96009  
1.79335  1.77076  3  5.00073  3  5.00073  1.97856  0.58417  
1.87124  1.41202  3  5.00073  3  5.00073  1.4913  2.66535  
1.13301  3.29623  3  5.00073  3  5.00073  1.04841  3.40637  
0.766687  3.69443  3  5.00073  3  5.00073  0.936724  3.53415  
0.394427  3.92144  3  5.00073  3  5.00073  1.26064  3.10534  
1.58804  2.43158  3  5.00073  3  5.00073  0.721236  3.73086  
0.505218  3.87028  3  5.00073  3  5.00073  1.52169  2.59573  
1.4602  2.73337  3  5.00073  3  5.00073  1.00477  3.45858  
0.930293  3.54094  3  5.00073  3  5.00073  1.27839  3.07618  
1.09401  3.34852  3  5.00073  3  5.00073  0.690031  3.75439  
1.99058  0.387851  3  5.00073  3  5.00073  0.473487  3.88629  
1.44342  2.76878  3  5.00073  3  5.00073  1.59388  2.41625  
0.308706  3.95207  3  5.00073  3  5.00073  0.430795  3.90611  
1.64729  2.26843  3  5.00073  3  5.00073  1.9227  1.10133  
1.32037  3.00441  3  5.00073  3  5.00073  1.93156  1.03744  
1.97101  0.67862  3  5.00073  3  5.00073  1.7448  1.95519  
1.01448  3.44722  3  5.00073  3  5.00073  0.221053  3.97549  
0.791717  3.67325  3  5.00073  3  5.00073  1.60763  2.37953  
1.81678  1.67249  3  5.00073  3  5.00073  0.513804  3.86575  
1.92058  1.11602  3  5.00073  3  5.00073  1.10987  3.32757  
0.886198  3.58589  3  5.00073  3  5.00073  0.780152  3.68313  
0.601391  3.81488  3  5.00073  3  5.00073  1.6212  2.34242  
1.26509  3.0981  3  5.00073  3  5.00073  1.72133  2.03669  
1.88145  1.3567  3  5.00073  3  5.00073  0.147461  3.98911  
1.37407  2.9065  3  5.00073  3  5.00073  1.06928  3.38032  
1.85003  1.51971  3  5.00073  3  5.00073  1.85482  1.4962  
1.80524  1.72176  3  5.00073  3  5.00073  1.66043  2.22978  
0.538338  3.85237  3  5.00073  3  5.00073  1.94022  0.970701  
0.63081  3.79583  3  5.00073  3  5.00073  0.959825  3.50927  
0.863258  3.60821  3  5.00073  3  5.00073  1.55132  2.52461  
1.71718  2.05067  3  5.00073  3  5.00073  1.3132  3.01697  
1.89165  1.29871  3  5.00073  3  5.00073  1.90432  1.22241  
1.07437  3.37386  3  5.00073  3  5.00073  1.94864  0.900712  
1.61807  2.35105  3  5.00073  3  5.00073  0.91241  3.5595  
1.19027  3.21451  3  5.00073  3  5.00073  1.97169  0.670616  
3.05957e-07  4  3  5  3  5  1.20599  3.19098  
1.40919  2.83845  3  5  3  5  1.82338  1.64352  
1.68977  2.13978  3  5  3  5  1.02619  3.43333  
2  3.33704e-07  3  5  3  5  1.44454  2.76645  
1.8392  1.57142  3  5  3  5  1.29578  3.04694  
1.7811  1.81953  3  5  3  5  1.73321  1.99599  
0.839656  3.63041  3  5  3  5  1.34703  2.95669  
1.6617  2.22599  3  5  3  5  0.859695  3.61161  
1.57277  2.47096  3  5  3  5  1.50663  2.63064  
0.257589  3.96669  3  5  3  5  1.08966  3.35419  
1.92988  1.04988  3  5  3  5  1.63429  2.30572  
1.55724  2.50999  3  5  3  5  1.98496  0.489605  
1.35638  2.93955  3  5  3  5  0.335557  3.9433  
1.28411  3.06664  3  5  3  5  1.46032  2.73311  
1.67579  2.18331  3  5  3  5  1.56564  2.48899  
0.686583  3.75692  3  5  3  5  3.05957e-07  4  
1.63278  2.30999  3  5  3  5  0.587656  3.82343  
0.431822  3.90565  3  5  3  5  0.981719  3.48495  
1.11397  3.32209  3  5  3  5  1.69747  2.11529  
1.76876  1.86707  3  5  3  5  1.91372  1.16217  
1.70343  2.09601  3  5  3  5  1.80167  1.73664  
1.05493  3.39831  3  5  3  5  1.64731  2.26836  
1.94734  0.911825  3  5  3  5  1.42871  2.79913  
1.15279  3.26868  3  5  3  5  1.75644  1.91304  
0.569483  3.83442  3  5  3  5  1.33017  2.98707  
0.815797  3.65211  3  5  3  5  1.88516  1.3359  
0.201917  3.97956  3  5  3  5  1.99079  0.383395  
0.972856  3.49488  3  5  3  5  1.87529  1.3904  
1.33851  2.97213  3  5  3  5  1.53661  2.56033  
1.93877  0.982147  3  5  3  5  1.68519  2.15418  
1.24734  3.12675  3  5  3  5  1.7793  1.82657  
1.7434  1.96018  3  5  3  5  1.18733  3.21886  
1.91119  1.17874  3  5  3  5  2  3.33704e-07  
1.82807  1.62253  3  5  3  5  0.622616  3.80124  
1.96349  0.760854  3  5  3  5  1.70956  2.07596  
0.994014  3.47099  3  5  3  5  1.7679  1.87034  
1.75625  1.91373  3  5  3  5  1.84458  1.546  
1.95561  0.838106  3  5  3  5  1.16841  3.24642  
1.60323  2.39137  3  5  3  5  0.749451  3.70854  
1.9846  0.495511  3  5  3  5  1.89492  1.27947  
1.99582  0.258388  3  5  3  5  0.833416  3.63616  
1.7304  2.00571  3  5  3  5  1.14924  3.27368  
1.86079  1.46623  3  5  3  5  1.95669  0.827951  
1.50957  2.62389  3  5  3  5  0.655939  3.77875  
1.03486  3.4229  3  5  3  5  1.41265  2.83155  
1.39178  2.87259  3  5  3  5  0.550946  3.84524  
1.17172  3.24164  3  5  3  5  1.86518  1.44374  
1.30223  3.03591  3  5  3  5  1.12969  3.30079  
1.20972  3.18532  3  5  3  5  1.81267  1.69026  
0.468523  3.8887  3  5  3  5  1.36365  2.92606  
1.90154  1.23957  3  5  3  5  1.39644  2.86353  
0.951649  3.51816  3  5  3  5  0.384059  3.92556  
1.97806  0.590908  3  5  3  5  1.99592  0.255463  
0.907898  3.56411  3  5  3  5  0.806271  3.66056  
0.740408  3.7158  3  5  3  5  1.24258  3.13432  
0.658598  3.7769  3  5  3  5  1.57975  2.45308  
1.4768  2.69746  3  5  3  5  1.22446  3.16272  
1.42646  2.80373  3  5  3  5  1.96438  0.751615  
1.22879  3.156  3  5  3  5  1.67283  2.19238  
0.352742  3.9373  3  5  3  5  1.79049  1.78229  
1.49332  2.66082  3  5  3  5  1.47592  2.69938  
0.13505  3.99087  3  5  3  5  1.38013  2.895  
0.713828  3.73655  3  5  3  5  0.885448  3.58663  
1.54161  2.54828  3  5  3  5  1.83403  1.59543  
1.52572  2.58625  3  5  3  5  0.281471  3.96019  
1.79328  1.77103  3  5  3  5  1.97856  0.584063  
1.87129  1.41175  3  5  3  5  1.49133  2.66528  
1.13352  3.29554  3  5  3  5  1.04773  3.4072  
0.765943  3.69504  3  5  3  5  0.934536  3.53646  
0.393587  3.92178  3  5  3  5  1.26053  3.10552  
1.58809  2.43144  3  5  3  5  0.719615  3.73211  
0.503785  3.87102  3  5  3  5  1.52173  2.59565  
1.46022  2.73331  3  5  3  5  1.00409  3.45937  
0.929918  3.54133  3  5  3  5  1.27833  3.07628  
1.09445  3.34794  3  5  3  5  0.68862  3.75542  
1.99059  0.387591  3  5  3  5  0.472227  3.8869  
1.44347  2.76868  3  5  3  5  1.5938  2.41645  
0.307088  3.95257  3  5  3  5  0.429576  3.90664  
1.64731  2.26836  3  5  3  5  1.92289  1.09997  
1.32046  3.00425  3  5  3  5  1.93168  1.03653  
1.97098  0.67897  3  5  3  5  1.74485  1.95498  
1.01448  3.44722  3  5  3  5  0.220916  3.97552  
0.791155  3.67373  3  5  3  5  1.6075  2.37988  
1.81671  1.67279  3  5  3  5  0.512688  3.86634  
1.92064  1.11562  3  5  3  5  1.10976  3.32772  
0.885448  3.58663  3  5  3  5  0.778444  3.68458  
0.600173  3.81565  3  5  3  5  1.62094  2.34311  
1.26588  3.0968  3  5  3  5  1.72145  2.03627  
1.88155  1.35613  3  5  3  5  0.14742  3.98912  
1.37416  2.90633  3  5  3  5  1.06886  3.38085  
1.85015  1.51913  3  5  3  5  1.85495  1.49553  
1.80509  1.72239  3  5  3  5  1.66023  2.23037  
0.537264  3.85297  3  5  3  5  1.94029  0.970124  
0.629931  3.79641  3  5  3  5  0.958501  3.51071  
0.862772  3.60867  3  5  3  5  1.55129  2.52469  
1.71702  2.0512  3  5  3  5  1.31307  3.01718  
1.8916  1.29901  3  5  3  5  1.90442  1.22179  
1.07485  3.37324  3  5  3  5  1.94865  0.900605  
1.61816  2.3508  3  5  3  5  0.910252  3.56171  
1.19086  3.21364  3  5  3  5  1.97169  0.670616  
1.11686e-07  4  3  5  3  5  1.20599  3.19098  
1.4092  2.83842  3  5  3  5  1.82364  1.64237  
1.68977  2.1398  3  5  3  5  1.025  3.43475  
2  1.61397e-07  3  5  3  5  1.44467  2.76618  
1.83914  1.57171  3  5  3  5  1.29574  3.047  
1.78102  1.81987  3  5  3  5  1.73333  1.99555  
0.839474  3.63058  3  5  3  5  1.34702  2.95672  
1.6617  2.22599  3  5  3  5  0.85862  3.61263  
1.57275  2.471  3  5  3  5  1.50659  2.63074  
0.257218  3.96678  3  5  3  5  1.08898  3.35507  
1.92988  1.0499  3  5  3  5  1.63411  2.30624  
1.5573  2.50983  3  5  3  5  1.985  0.489055  
1.35646  2.93939  3  5  3  5  0.334523  3.94365  
1.28453  3.06593  3  5  3  5  1.46036  2.73302  
1.67586  2.18311  3  5  3  5  1.56556  2.48919  
0.686241  3.75717  3  5  3  5  1.11686e-07  4  
1.63281  2.30992  3  5  3  5  0.585468  3.82478  
0.431374  3.90585  3  5  3  5  0.980304  3.48655  
1.11422  3.32176  3  5  3  5  1.69747  2.11529  
1.76875  1.86713  3  5  3  5  1.91382  1.16154  
1.70345  2.09595  3  5  3  5  1.80184  1.73595  
1.05515  3.39803  3  5  3  5  1.64716  2.2688  
1.94736  0.911688  3  5  3  5  1.42874  2.79908  
1.15301  3.26837  3  5  3  5  1.75665  1.91226  
0.569123  3.83463  3  5  3  5  1.33017  2.98707  
0.815499  3.65238  3  5  3  5  1.88526  1.33536  
0.20186  3.97957  3  5  3  5  1.99081  0.382997  
0.972876  3.49486  3  5  3  5  1.87544  1.38959  
1.33873  2.97174  3  5  3  5  1.53656  2.56046  
1.93877  0.982147  3  5  3  5  1.68519  2.15419  
1.24755  3.12642  3  5  3  5  1.77943  1.82607  
1.74333  1.96041  3  5  3  5  1.18731  3.21888  
1.91127  1.17819  3  5  3  5  2  1.61397e-07  
1.82803  1.62274  3  5  3  5  0.6201  3.80288  
1.96348  0.760934  3  5  3  5  1.70959  2.07587  
0.993835  3.47119  3  5  3  5  1.76813  1.86947  
1.75617  1.91402  3  5  3  5  1.84483  1.54481  
1.95559  0.838227  3  5  3  5  1.16838  3.24646  
1.60313  2.39162  3  5  3  5  0.747518  3.7101  
1.98461  0.495285  3  5  3  5  1.89498  1.27912  
1.99579  0.259274  3  5  3  5  0.831868  3.63758  
1.73028  2.00611  3  5  3  5  1.14909  3.2739  
1.8609  1.4657  3  5  3  5  1.95671  0.827698  
1.50963  2.62375  3  5  3  5  0.653343  3.78055  
1.03503  3.4227  3  5  3  5  1.41271  2.83142  
1.39176  2.87264  3  5  3  5  0.549142  3.84627  
1.17215  3.24103  3  5  3  5  1.8654  1.44264  
1.30277  3.035  3  5  3  5  1.12936  3.30124  
1.21024  3.18454  3  5  3  5  1.81283  1.68956  
0.467894  3.889  3  5  3  5  1.36365  2.92606  
1.90161  1.23919  3  5  3  5  1.39648  2.86345  
0.951539  3.51828  3  5  3  5  0.38303  3.92596  
1.97804  0.591073  3  5  3  5  1.99592  0.255421  
0.907882  3.56413  3  5  3  5  0.804455  3.66216  
0.740105  3.71604  3  5  3  5  1.24258  3.13432  
0.65822  3.77717  3  5  3  5  1.57974  2.45309  
1.47699  2.69703  3  5  3  5  1.22442  3.16279  
1.42646  2.80371  3  5  3  5  1.9644  0.751392  
1.22893  3.15577  3  5  3  5  1.67271  2.19275  
0.351432  3.93776  3  5  3  5  1.79069  1.78149  
1.49336  2.66074  3  5  3  5  1.47592  2.69938  
0.134776  3.99091  3  5  3  5  1.38013  2.895  
0.713515  3.73679  3  5  3  5  0.88418  3.58788  
1.54161  2.54829  3  5  3  5  1.83426  1.59434  
1.52571  2.58627  3  5  3  5  0.280443  3.96048  
1.7931  1.77175  3  5  3  5  1.97857  0.583977  
1.87138  1.41132  3  5  3  5  1.49133  2.66528  
1.13363  3.29538  3  5  3  5  1.04669  3.40848  
0.765775  3.69518  3  5  3  5  0.933446  3.53761  
0.39226  3.92231  3  5  3  5  1.26054  3.10551  
1.588  2.43168  3  5  3  5  0.717216  3.73395  
0.503252  3.8713  3  5  3  5  1.52166  2.59582  
1.46036  2.73302  3  5  3  5  1.00305  3.46057  
0.929918  3.54133  3  5  3  5  1.27822  3.07647  
1.0947  3.34761  3  5  3  5  0.685919  3.7574  
1.99057  0.387956  3  5  3  5  0.470567  3.88771  
1.44355  2.76852  3  5  3  5  1.59374  2.4166  
0.306833  3.95265  3  5  3  5  0.428041  3.90732  
1.64737  2.26819  3  5  3  5  1.92292  1.0998  
1.32079  3.00368  3  5  3  5  1.93177  1.03591  
1.97098  0.678954  3  5  3  5  1.74504  1.95433  
1.01453  3.44716  3  5  3  5  0.220323  3.97566  
0.79094  3.67392  3  5  3  5  1.60745  2.38  
1.8166  1.67329  3  5  3  5  0.510813  3.86734  
1.92067  1.1154  3  5  3  5  1.10955  3.328  
0.885522  3.58656  3  5  3  5  0.776275  3.68641  
0.60017  3.81565  3  5  3  5  1.62083  2.34341  
1.2661  3.09645  3  5  3  5  1.72151  2.03607  
1.8816  1.35583  3  5  3  5  0.146713  3.98922  
1.37419  2.90626  3  5  3  5  1.06815  3.38175  
1.8501  1.51938  3  5  3  5  1.85521  1.49424  
1.805  1.72276  3  5  3  5  1.66004  2.23094  
0.536926  3.85316  3  5  3  5  1.94035  0.969654  
0.629744  3.79654  3  5  3  5  0.957236  3.51209  
0.86272  3.60872  3  5  3  5  1.55119  2.52492  
1.71697  2.05134  3  5  3  5  1.31307  3.01718  
1.8917  1.29842  3  5  3  5  1.9045  1.22126  
1.07504  3.37301  3  5  3  5  1.9487  0.900161  
1.61807  2.35103  3  5  3  5  0.908977  3.56301  
1.19126  3.21303  3  5  3  5  1.97169  0.670616  
6.7402e-08  4  3  5  3  5  1.20586  3.19118  
1.40921  2.83839  3  5  3  5  1.82381  1.6416  
1.68974  2.1399  3  5  3  5  1.02438  3.43549  
2  6.9806e-08  3  5  3  5  1.44467  2.76618  
1.83909  1.57193  3  5  3  5  1.29568  3.0471  
1.78093  1.82022  3  5  3  5  1.73341  1.9953  
0.839262  3.63078  3  5  3  5  1.34702  2.95672  
1.6617  2.226  3  5  3  5  0.856666  3.61448  
1.57275  2.471  3  5  3  5  1.50659  2.63074  
0.257062  3.96682  3  5  3  5  1.08833  3.35591  
1.92986  1.05002  3  5  3  5  1.634  2.30655  
1.55732  2.50979  3  5  3  5  1.98498  0.489373  
1.35673  2.9389  3  5  3  5  0.332857  3.94421  
1.28469  3.06566  3  5  3  5  1.46039  2.73295  
1.67581  2.18328  3  5  3  5  1.5654  2.48959  
0.686035  3.75732  3  5  3  5  6.7402e-08  4  
1.63279  2.30997  3  5  3  5  0.58354  3.82595  
0.430926  3.90605  3  5  3  5  0.979593  3.48735  
1.11469  3.32113  3  5  3  5  1.69747  2.11529  
1.76855  1.86786  3  5  3  5  1.91394  1.16076  
1.70347  2.09589  3  5  3  5  1.80196  1.73544  
1.05523  3.39794  3  5  3  5  1.64705  2.26912  
1.94735  0.911733  3  5  3  5  1.42881  2.79893  
1.15355  3.26761  3  5  3  5  1.75671  1.91205  
0.56803  3.83528  3  5  3  5  1.33011  2.98717  
0.815065  3.65276  3  5  3  5  1.88544  1.33433  
0.201602  3.97963  3  5  3  5  1.99081  0.382997  
0.972855  3.49488  3  5  3  5  1.87554  1.389  
1.33889  2.97145  3  5  3  5  1.53642  2.56078  
1.93877  0.982188  3  5  3  5  1.68519  2.15419  
1.24784  3.12595  3  5  3  5  1.77965  1.8252  
1.74327  1.96061  3  5  3  5  1.18708  3.21922  
1.91128  1.17812  3  5  3  5  2  6.9806e-08  
1.8279  1.62329  3  5  3  5  0.618913  3.80365  
1.9635  0.760718  3  5  3  5  1.70957  2.07593  
0.993814  3.47122  3  5  3  5  1.76825  1.869  
1.75607  1.9144  3  5  3  5  1.84509  1.54356  
1.9556  0.838169  3  5  3  5  1.16804  3.24696  
1.60313  2.39162  3  5  3  5  0.745273  3.71191  
1.98461  0.495314  3  5  3  5  1.89513  1.27827  
1.9958  0.258991  3  5  3  5  0.829946  3.63933  
1.73023  2.00631  3  5  3  5  1.14875  3.27437  
1.86086  1.46588  3  5  3  5  1.95672  0.827631  
1.50964  2.62374  3  5  3  5  0.652521  3.78112  
1.035  3.42274  3  5  3  5  1.41277  2.83131  
1.39188  2.87239  3  5  3  5  0.5467  3.84766  
1.17266  3.24029  3  5  3  5  1.86557  1.44172  
1.30293  3.03471  3  5  3  5  1.12903  3.30169  
1.21054  3.18408  3  5  3  5  1.81295  1.68906  
0.467474  3.8892  3  5  3  5  1.36369  2.92599  
1.90163  1.23906  3  5  3  5  1.39652  2.86338  
0.951539  3.51828  3  5  3  5  0.381226  3.92666  
1.97805  0.590995  3  5  3  5  1.99592  0.255366  
0.907798  3.56421  3  5  3  5  0.80302  3.66342  
0.739595  3.71645  3  5  3  5  1.24255  3.13438  
0.65797  3.77734  3  5  3  5  1.5795  2.45371  
1.47694  2.69714  3  5  3  5  1.22438  3.16285  
1.42647  2.8037  3  5  3  5  1.96438  0.751524  
1.22923  3.15531  3  5  3  5  1.67271  2.19275  
0.350839  3.93798  3  5  3  5  1.79086  1.78083  
1.49338  2.66069  3  5  3  5  1.47592  2.69938  
0.134776  3.99091  3  5  3  5  1.38022  2.89482  
0.713204  3.73703  3  5  3  5  0.882426  3.58961  
1.54161  2.54829  3  5  3  5  1.83452  1.59314  
1.5257  2.58631  3  5  3  5  0.279551  3.96073  
1.79299  1.77222  3  5  3  5  1.97857  0.583931  
1.87138  1.41131  3  5  3  5  1.49133  2.66528  
1.13414  3.29468  3  5  3  5  1.0461  3.4092  
0.765584  3.69534  3  5  3  5  0.932189  3.53894  
0.392237  3.92232  3  5  3  5  1.26052  3.10554  
1.58803  2.43159  3  5  3  5  0.715627  3.73517  
0.502414  3.87173  3  5  3  5  1.52162  2.59589  
1.46032  2.7331  3  5  3  5  1.00236  3.46137  
0.929852  3.5414  3  5  3  5  1.2782  3.07649  
1.095  3.34722  3  5  3  5  0.684543  3.7584  
1.99058  0.387829  3  5  3  5  0.46873  3.88859  
1.44349  2.76863  3  5  3  5  1.59346  2.41735  
0.306014  3.9529  3  5  3  5  0.426392  3.90804  
1.64733  2.26829  3  5  3  5  1.92301  1.09916  
1.32095  3.0034  3  5  3  5  1.93185  1.03527  
1.97098  0.678914  3  5  3  5  1.74511  1.95407  
1.01459  3.44709  3  5  3  5  0.218726  3.97601  
0.790719  3.67411  3  5  3  5  1.60712  2.38091  
1.81649  1.67376  3  5  3  5  0.508732  3.86843  
1.92071  1.11514  3  5  3  5  1.10875  3.32907  
0.885407  3.58667  3  5  3  5  0.77449  3.68791  
0.598989  3.81639  3  5  3  5  1.62068  2.34383  
1.26629  3.09613  3  5  3  5  1.72155  2.03595  
1.88169  1.35535  3  5  3  5  0.145967  3.98933  
1.37438  2.90592  3  5  3  5  1.06741  3.38268  
1.85012  1.51928  3  5  3  5  1.85537  1.49343  
1.80492  1.72312  3  5  3  5  1.65998  2.23113  
0.536087  3.85363  3  5  3  5  1.9404  0.969193  
0.629319  3.79682  3  5  3  5  0.95599  3.51345  
0.862516  3.60891  3  5  3  5  1.55108  2.52519  
1.71698  2.05133  3  5  3  5  1.313  3.0173  
1.89177  1.29801  3  5  3  5  1.90462  1.22051  
1.07528  3.3727  3  5  3  5  1.9487  0.900132  
1.61808  2.35102  3  5  3  5  0.907798  3.56421  
1.19171  3.21236  3  5  3  5  1.97169  0.670615  
4.31075e-08  4  3  5  3  5  1.20578  3.19129  
1.40932  2.83819  3  5  3  5  1.82385  1.64141  
1.68974  2.13988  3  5  3  5  1.02336  3.43671  
2  3.01646e-08  3  5  3  5  1.44468  2.76616  
1.83909  1.57193  3  5  3  5  1.29568  3.0471  
1.78078  1.82079  3  5  3  5  1.73343  1.99522  
0.839007  3.63101  3  5  3  5  1.34702  2.95672  
1.66168  2.22605  3  5  3  5  0.855184  3.61589  
1.57278  2.47093  3  5  3  5  1.50654  2.63085  
0.256826  3.96688  3  5  3  5  1.08766  3.35678  
1.9299  1.04975  3  5  3  5  1.63392  2.30679  
1.55729  2.50986  3  5  3  5  1.98497  0.48939  
1.35673  2.9389  3  5  3  5  0.331461  3.94468  
1.28477  3.06553  3  5  3  5  1.46039  2.73295  
1.6758  2.18328  3  5  3  5  1.56529  2.48988  
0.685376  3.7578  3  5  3  5  4.31075e-08  4  
1.63283  2.30986  3  5  3  5  0.581723  3.82706  
0.430719  3.90614  3  5  3  5  0.978196  3.48892  
1.11483  3.32094  3  5  3  5  1.69747  2.11529  
1.76843  1.86832  3  5  3  5  1.914  1.16034  
1.70345  2.09595  3  5  3  5  1.80203  1.73515  
1.05523  3.39794  3  5  3  5  1.64703  2.26919  
1.94736  0.91166  3  5  3  5  1.42881  2.79893  
1.15375  3.26734  3  5  3  5  1.75688  1.91141  
0.56749  3.8356  3  5  3  5  1.33011  2.98717  
0.814908  3.6529  3  5  3  5  1.8856  1.33344  
0.201602  3.97963  3  5  3  5  1.99081  0.382997  
0.972807  3.49494  3  5  3  5  1.87581  1.38757  
1.33895  2.97134  3  5  3  5  1.53638  2.56088  
1.93879  0.982017  3  5  3  5  1.68514  2.15433  
1.24806  3.12561  3  5  3  5  1.77967  1.82511  
1.74314  1.96109  3  5  3  5  1.18695  3.21941  
1.91134  1.17779  3  5  3  5  2  3.01646e-08  
1.82787  1.62345  3  5  3  5  0.616636  3.80513  
1.96349  0.760764  3  5  3  5  1.7096  2.07585  
0.993814  3.47122  3  5  3  5  1.76834  1.86868  
1.7559  1.91501  3  5  3  5  1.84514  1.54332  
1.9556  0.838124  3  5  3  5  1.16779  3.24732  
1.6032  2.39144  3  5  3  5  0.743611  3.71324  
1.9846  0.495368  3  5  3  5  1.8953  1.27727  
1.99581  0.258815  3  5  3  5  0.828712  3.64046  
1.73018  2.00647  3  5  3  5  1.14836  3.27492  
1.86092  1.46556  3  5  3  5  1.95675  0.827369  
1.50963  2.62376  3  5  3  5  0.650336  3.78262  
1.03507  3.42264  3  5  3  5  1.41277  2.83131  
1.39194  2.87228  3  5  3  5  0.545146  3.84854  
1.17289  3.23996  3  5  3  5  1.86581  1.44051  
1.30293  3.03471  3  5  3  5  1.12853  3.30237  
1.21074  3.18378  3  5  3  5  1.81301  1.68878  
0.467069  3.88939  3  5  3  5  1.3637  2.92597  
1.90164  1.23895  3  5  3  5  1.39657  2.86328  
0.951477  3.51835  3  5  3  5  0.379883  3.92718  
1.97805  0.590995  3  5  3  5  1.99592  0.255366  
0.907798  3.56421  3  5  3  5  0.800961  3.66522  
0.739514  3.71651  3  5  3  5  1.24252  3.13442  
0.657425  3.77772  3  5  3  5  1.57936  2.45408  
1.47697  2.69708  3  5  3  5  1.22425  3.16304  
1.4265  2.80364  3  5  3  5  1.9644  0.751311  
1.22952  3.15486  3  5  3  5  1.67265  2.19292  
0.350367  3.93814  3  5  3  5  1.79092  1.78058  
1.49338  2.66069  3  5  3  5  1.47595  2.69931  
0.134514  3.99094  3  5  3  5  1.38022  2.89481  
0.712884  3.73727  3  5  3  5  0.881252  3.59076  
1.54161  2.54829  3  5  3  5  1.83455  1.593  
1.52572  2.58625  3  5  3  5  0.278345  3.96107  
1.79289  1.77261  3  5  3  5  1.97857  0.583929  
1.87146  1.41088  3  5  3  5  1.49133  2.66528  
1.13441  3.2943  3  5  3  5  1.04545  3.41001  
0.765272  3.6956  3  5  3  5  0.93112  3.54007  
0.391915  3.92245  3  5  3  5  1.26046  3.10563  
1.58809  2.43144  3  5  3  5  0.713274  3.73697  
0.502056  3.87192  3  5  3  5  1.52156  2.59603  
1.46032  2.73311  3  5  3  5  1.00092  3.46304  
0.929805  3.54145  3  5  3  5  1.27817  3.07655  
1.09516  3.34702  3  5  3  5  0.682539  3.75986  
1.99057  0.387915  3  5  3  5  0.467069  3.88939  
1.44349  2.76863  3  5  3  5  1.59336  2.41761  
0.305526  3.95305  3  5  3  5  0.425208  3.90855  
1.64733  2.26829  3  5  3  5  1.92306  1.09882  
1.32103  3.00326  3  5  3  5  1.93185  1.03527  
1.97099  0.67879  3  5  3  5  1.74518  1.95381  
1.01459  3.44709  3  5  3  5  0.217845  3.9762  
0.790452  3.67434  3  5  3  5  1.6071  2.38096  
1.81644  1.67395  3  5  3  5  0.506947  3.86937  
1.92076  1.11475  3  5  3  5  1.10826  3.32971  
0.88535  3.58673  3  5  3  5  0.772839  3.68929  
0.598532  3.81668  3  5  3  5  1.62061  2.34402  
1.26646  3.09586  3  5  3  5  1.72157  2.03587  
1.88174  1.35507  3  5  3  5  0.145383  3.98942  
1.37441  2.90585  3  5  3  5  1.06682  3.38343  
1.85009  1.51942  3  5  3  5  1.85562  1.49224  
1.80479  1.72365  3  5  3  5  1.65998  2.23113  
0.535251  3.85409  3  5  3  5  1.9404  0.969193  
0.628524  3.79735  3  5  3  5  0.954867  3.51467  
0.862396  3.60903  3  5  3  5  1.55094  2.52553  
1.71691  2.05155  3  5  3  5  1.313  3.0173  
1.8918  1.29782  3  5  3  5  1.90473  1.21982  
1.07531  3.37266  3  5  3  5  1.94873  0.899894  
1.6181  2.35096  3  5  3  5  0.906488  3.56555  
1.19193  3.21205  3  5  3  5  1.97171  0.67043  
