1.26393  2.84367  3.19994  5.1322  1.79769e+308  1.79769e+308  1.26393  2.84367  
1.26552  2.88171  3.19994  5.1322  1.79769e+308  1.79769e+308  1.26552  2.88171  
1.40456  2.62621  3.19994  5.1322  1.79769e+308  1.79769e+308  1.40456  2.62621  
1.53054  2.57  3.19994  5.1322  1.79769e+308  1.79769e+308  1.53054  2.57  
1.21132  3.0409  3.19994  5.1322  1.79769e+308  1.79769e+308  1.21132  3.0409  
1.67459  2.21874  3.19994  5.1322  1.79769e+308  1.79769e+308  1.67459  2.21874  
1.29904  3.05164  3.19994  5.1322  1.79769e+308  1.79769e+308  1.29904  3.05164  
1.72607  2.13804  3.19994  5.1322  1.79769e+308  1.79769e+308  1.72607  2.13804  
1.15971  3.22816  3.19994  5.1322  1.79769e+308  1.79769e+308  1.15971  3.22816  
1.2695  3.40968  3.19994  5.1322  1.79769e+308  1.79769e+308  1.2695  3.40968  
1.71772  2.09084  3.19994  5.1322  1.79769e+308  1.79769e+308  1.71772  2.09084  
1.56061  2.42568  3.19994  5.1322  1.79769e+308  1.79769e+308  1.56061  2.42568  
1.30269  3.10375  3.19994  5.1322  1.79769e+308  1.79769e+308  1.30269  3.10375  
1.55434  2.59929  3.19994  5.1322  1.79769e+308  1.79769e+308  1.55434  2.59929  
1.56268  2.81348  3.19994  5.1322  1.79769e+308  1.79769e+308  1.56268  2.81348  
1.22459  3.44287  3.19994  5.1322  1.79769e+308  1.79769e+308  1.22459  3.44287  
1.50961  2.69064  3.19994  5.1322  1.79769e+308  1.79769e+308  1.50961  2.69064  
1.89259  1.53572  3.19994  5.1322  1.79769e+308  1.79769e+308  1.89259  1.53572  
1.3494  3.23  3.19994  5.1322  1.79769e+308  1.79769e+308  1.3494  3.23  
1.96398  2.19209  3.19994  5.1322  1.79769e+308  1.79769e+308  1.96398  2.19209  
1.58902  2.73803  3.19994  5.1322  1.79769e+308  1.79769e+308  1.58902  2.73803  
1.48173  2.63484  3.19994  5.1322  1.79769e+308  1.79769e+308  1.48173  2.63484  
1.36172  3.081  3.19994  5.1322  1.79769e+308  1.79769e+308  1.36172  3.081  
1.94334  1.84226  3.19994  5.1322  1.79769e+308  1.79769e+308  1.94334  1.84226  
2.15315  1.30857  3.19994  5.1322  1.79769e+308  1.79769e+308  2.15315  1.30857  
1.57536  2.35378  3.19994  5.1322  1.79769e+308  1.79769e+308  1.57536  2.35378  
1.25684  3.11143  3.19994  5.1322  1.79769e+308  1.79769e+308  1.25684  3.11143  
1.7847  2.17569  3.19994  5.1322  1.79769e+308  1.79769e+308  1.7847  2.17569  
1.66251  2.50611  3.19994  5.1322  1.79769e+308  1.79769e+308  1.66251  2.50611  
1.682  2.54577  3.19994  5.1322  1.79769e+308  1.79769e+308  1.682  2.54577  
1.71735  2.11791  3.19994  5.1322  1.79769e+308  1.79769e+308  1.71735  2.11791  
1.31028  2.92281  3.19994  5.1322  1.79769e+308  1.79769e+308  1.31028  2.92281  
1.54204  2.69773  3.19994  5.1322  1.79769e+308  1.79769e+308  1.54204  2.69773  
1.26899  3.08617  3.19994  5.1322  1.79769e+308  1.79769e+308  1.26899  3.08617  
1.58689  2.71893  3.19994  5.1322  1.79769e+308  1.79769e+308  1.58689  2.71893  
1.5674  2.71615  3.19994  5.1322  1.79769e+308  1.79769e+308  1.5674  2.71615  
2.00881  1.8354  3.19994  5.1322  1.79769e+308  1.79769e+308  2.00881  1.8354  
1.98874  1.70222  3.19994  5.1322  1.79769e+308  1.79769e+308  1.98874  1.70222  
1.47904  2.73297  3.19994  5.1322  1.79769e+308  1.79769e+308  1.47904  2.73297  
1.9867  1.24146  3.19994  5.1322  1.79769e+308  1.79769e+308  1.9867  1.24146  
1.39398  2.99617  3.19994  5.1322  1.79769e+308  1.79769e+308  1.39398  2.99617  
1.4286  3.08031  3.19994  5.1322  1.79769e+308  1.79769e+308  1.4286  3.08031  
1.56958  2.73366  3.19994  5.1322  1.79769e+308  1.79769e+308  1.56958  2.73366  
1.54191  2.66409  3.19994  5.1322  1.79769e+308  1.79769e+308  1.54191  2.66409  
1.55702  2.34592  3.19994  5.1322  1.79769e+308  1.79769e+308  1.55702  2.34592  
1.49356  2.72659  3.19994  5.1322  1.79769e+308  1.79769e+308  1.49356  2.72659  
1.50633  2.67047  3.19994  5.1322  1.79769e+308  1.79769e+308  1.50633  2.67047  
1.75023  1.79556  3.19994  5.1322  1.79769e+308  1.79769e+308  1.75023  1.79556  
1.51944  2.67799  3.19994  5.1322  1.79769e+308  1.79769e+308  1.51944  2.67799  
1.45293  2.65768  3.19994  5.1322  1.79769e+308  1.79769e+308  1.45293  2.65768  
1.4762  2.53332  3.19994  5.1322  1.79769e+308  1.79769e+308  1.4762  2.53332  
0.816091  3.81529  3.19994  5.1322  1.79769e+308  1.79769e+308  0.816091  3.81529  
1.835  1.69491  3.19994  5.1322  1.79769e+308  1.79769e+308  1.835  1.69491  
2.15661  1.49529  3.19994  5.1322  1.79769e+308  1.79769e+308  2.15661  1.49529  
1.86384  1.81749  3.19994  5.1322  1.79769e+308  1.79769e+308  1.86384  1.81749  
1.40812  3.05474  3.19994  5.1322  1.79769e+308  1.79769e+308  1.40812  3.05474  
0.755087  4.1322  3.19994  5.1322  1.79769e+308  1.79769e+308  0.755087  4.1322  
1.72002  2.19602  3.19994  5.1322  1.79769e+308  1.79769e+308  1.72002  2.19602  
1.32789  2.70125  3.19994  5.1322  1.79769e+308  1.79769e+308  1.32789  2.70125  
1.84552  2.01238  3.19994  5.1322  1.79769e+308  1.79769e+308  1.84552  2.01238  
2.04719  1.66811  3.19994  5.1322  1.79769e+308  1.79769e+308  2.04719  1.66811  
1.57784  2.67657  3.19994  5.1322  1.79769e+308  1.79769e+308  1.57784  2.67657  
1.6781  2.41639  3.19994  5.1322  1.79769e+308  1.79769e+308  1.6781  2.41639  
1.74737  2.08851  3.19994  5.1322  1.79769e+308  1.79769e+308  1.74737  2.08851  
1.48446  3.01423  3.19994  5.1322  1.79769e+308  1.79769e+308  1.48446  3.01423  
2.19994  1.01899  3.19994  5.1322  1.79769e+308  1.79769e+308  2.19994  1.01899  
1.3465  2.49593  3.19994  5.1322  1.79769e+308  1.79769e+308  1.3465  2.49593  
1.91287  1.84613  3.19994  5.1322  1.79769e+308  1.79769e+308  1.91287  1.84613  
1.24516  3.22705  3.19994  5.1322  1.79769e+308  1.79769e+308  1.24516  3.22705  
1.91914  1.33983  3.19994  5.1322  1.79769e+308  1.79769e+308  1.91914  1.33983  
1.19117  3.53397  3.19994  5.1322  1.79769e+308  1.79769e+308  1.19117  3.53397  
1.31698  2.91354  3.19994  5.1322  1.79769e+308  1.79769e+308  1.31698  2.91354  
1.61915  2.50913  3.19994  5.1322  1.79769e+308  1.79769e+308  1.61915  2.50913  
1.92793  2.18797  3.19994  5.1322  1.79769e+308  1.79769e+308  1.92793  2.18797  
1.86154  1.8107  3.19994  5.1322  1.79769e+308  1.79769e+308  1.86154  1.8107  
1.12902  3.4179  3.19994  5.1322  1.79769e+308  1.79769e+308  1.12902  3.4179  
1.84081  1.51072  3.19994  5.1322  1.79769e+308  1.79769e+308  1.84081  1.51072  
1.86064  1.88052  3.19994  5.1322  1.79769e+308  1.79769e+308  1.86064  1.88052  
1.99706  1.70259  3.19994  5.1322  1.79769e+308  1.79769e+308  1.99706  1.70259  
1.90329  1.99519  3.19994  5.1322  1.79769e+308  1.79769e+308  1.90329  1.99519  
0.980255  3.47133  3.19994  5.1322  1.79769e+308  1.79769e+308  0.980255  3.47133  
1.48228  2.74183  3.19994  5.1322  1.79769e+308  1.79769e+308  1.48228  2.74183  
2.03187  1.57846  3.19994  5.1322  1.79769e+308  1.79769e+308  2.03187  1.57846  
1.12859  3.32342  3.19994  5.1322  1.79769e+308  1.79769e+308  1.12859  3.32342  
2.12443  1.29454  3.19994  5.1322  1.79769e+308  1.79769e+308  2.12443  1.29454  
1.47928  2.45723  3.19994  5.1322  1.79769e+308  1.79769e+308  1.47928  2.45723  
1.176  3.26053  3.19994  5.1322  1.79769e+308  1.79769e+308  1.176  3.26053  
1.44717  2.93908  3.19994  5.1322  1.79769e+308  1.79769e+308  1.44717  2.93908  
1.64248  2.50167  3.19994  5.1322  1.79769e+308  1.79769e+308  1.64248  2.50167  
1.92662  1.87725  3.19994  5.1322  1.79769e+308  1.79769e+308  1.92662  1.87725  
1.0514  3.86882  3.19994  5.1322  1.79769e+308  1.79769e+308  1.0514  3.86882  
1.18919  3.37691  3.19994  5.1322  1.79769e+308  1.79769e+308  1.18919  3.37691  
2.16699  1.67172  3.19994  5.1322  1.79769e+308  1.79769e+308  2.16699  1.67172  
1.60803  1.94661  3.19994  5.1322  1.79769e+308  1.79769e+308  1.60803  1.94661  
1.68149  2.46285  3.19994  5.1322  1.79769e+308  1.79769e+308  1.68149  2.46285  
1.68308  2.55638  3.19994  5.1322  1.79769e+308  1.79769e+308  1.68308  2.55638  
1.62141  2.43715  3.19994  5.1322  1.79769e+308  1.79769e+308  1.62141  2.43715  
1.67992  2.28399  3.19994  5.1322  1.79769e+308  1.79769e+308  1.67992  2.28399  
1.14396  3.36227  3.19994  5.1322  1.79769e+308  1.79769e+308  1.14396  3.36227  
1.5537  2.62382  3.19994  5.1322  1.79769e+308  1.79769e+308  1.5537  2.62382  
1.4719  1.15874  3.32303  5.03857  3.04028  5.03857  1.78734  1.36263  
0.725455  2.691  3.32303  5.03857  3.04028  5.03857  1.41762  2.23951  
2.04028  0.0402848  3.32303  5.03857  3.04028  5.03857  1.37554  2.31824  
1.0439  2.01819  3.32303  5.03857  3.04028  5.03857  0.396761  3.73083  
1.93346  0.264476  3.32303  5.03857  3.04028  5.03857  1.86685  0.894468  
0.0830876  3.95621  3.32303  5.03857  3.04028  5.03857  1.21308  2.69539  
0.895051  2.2916  3.32303  5.03857  3.04028  5.03857  1.41957  2.09262  
1.54518  1.03513  3.32303  5.03857  3.04028  5.03857  1.63726  1.47252  
1.95988  0.247645  3.32303  5.03857  3.04028  5.03857  0.982318  2.94001  
0.323859  3.57736  3.32303  5.03857  3.04028  5.03857  1.35682  2.75715  
1.07891  1.91142  3.32303  5.03857  3.04028  5.03857  2.32303  0.417194  
1.4132  1.32918  3.32303  5.03857  3.04028  5.03857  1.15829  2.68546  
0.904882  2.27186  3.32303  5.03857  3.04028  5.03857  1.04946  2.68248  
0.39821  3.33885  3.32303  5.03857  3.04028  5.03857  1.34631  1.94655  
1.2916  1.50827  3.32303  5.03857  3.04028  5.03857  1.24916  2.29491  
0.0687085  3.97829  3.32303  5.03857  3.04028  5.03857  1.61267  1.86499  
0.0385701  4.03857  3.32303  5.03857  3.04028  5.03857  1.40961  1.99399  
0.687753  2.77188  3.32303  5.03857  3.04028  5.03857  1.01689  2.25872  
2.02584  0.069386  3.32303  5.03857  3.04028  5.03857  1.15517  2.70883  
1.17015  1.77459  3.32303  5.03857  3.04028  5.03857  1.11555  3.13665  
1.03432  2.06181  3.32303  5.03857  3.04028  5.03857  1.44484  2.105  
1.63294  0.881258  3.32303  5.03857  3.04028  5.03857  1.72599  1.65366  
1.01739  2.09447  3.32303  5.03857  3.04028  5.03857  1.29023  2.74854  
1.22562  1.61925  3.32303  5.03857  3.04028  5.03857  1.55252  2.06866  
0.589102  2.97304  3.32303  5.03857  3.04028  5.03857  1.38105  1.38526  
0.22738  3.73408  3.32303  5.03857  3.04028  5.03857  2.02479  0.83154  
1.49695  1.12473  3.32303  5.03857  3.04028  5.03857  1.12993  3.01453  
1.58535  0.966742  3.32303  5.03857  3.04028  5.03857  1.15215  2.36927  
1.32952  1.42188  3.32303  5.03857  3.04028  5.03857  1.81541  1.26065  
0.966268  2.22064  3.32303  5.03857  3.04028  5.03857  1.3076  2.13687  
0.816213  2.55152  3.32303  5.03857  3.04028  5.03857  1.36895  1.83709  
1.06064  1.94795  3.32303  5.03857  3.04028  5.03857  1.74451  1.90969  
1.12641  1.87242  3.32303  5.03857  3.04028  5.03857  1.6448  1.87642  
0.709753  2.72131  3.32303  5.03857  3.04028  5.03857  1.23726  2.17014  
1.17925  1.75628  3.32303  5.03857  3.04028  5.03857  1.63635  1.41456  
0.852547  2.37023  3.32303  5.03857  3.04028  5.03857  1.92025  1.59684  
1.98073  0.16335  3.32303  5.03857  3.04028  5.03857  1.55599  2.13613  
1.87179  0.408257  3.32303  5.03857  3.04028  5.03857  1.45253  2.13479  
0.842519  2.38992  3.32303  5.03857  3.04028  5.03857  2.04028  0.0402848  
0.623911  2.85161  3.32303  5.03857  3.04028  5.03857  1.4374  2.42058  
0.45396  3.29475  3.32303  5.03857  3.04028  5.03857  0.929814  3.07375  
0.988021  2.13224  3.32303  5.03857  3.04028  5.03857  1.67418  1.75945  
1.19072  1.73009  3.32303  5.03857  3.04028  5.03857  1.28683  2.76675  
1.19787  1.67381  3.32303  5.03857  3.04028  5.03857  1.4259  2.92601  
1.67567  0.80457  3.32303  5.03857  3.04028  5.03857  1.96527  0.953328  
1.53087  1.09357  3.32303  5.03857  3.04028  5.03857  0.0385701  4.03857  
1.32186  1.44426  3.32303  5.03857  3.04028  5.03857  1.4638  2.28647  
1.2522  1.57109  3.32303  5.03857  3.04028  5.03857  1.83752  1.29865  
1.34379  1.39256  3.32303  5.03857  3.04028  5.03857  1.4227  2.2265  
1.23958  1.59168  3.32303  5.03857  3.04028  5.03857  1.39995  2.38058  
1.45364  1.18818  3.32303  5.03857  3.04028  5.03857  1.29228  2.82163  
1.44076  1.22887  3.32303  5.03857  3.04028  5.03857  1.26713  2.7516  
1.27166  1.52815  3.32303  5.03857  3.04028  5.03857  1.4314  1.85173  
0.567481  2.99142  3.32303  5.03857  3.04028  5.03857  1.50787  2.35694  
0.350901  3.50315  3.32303  5.03857  3.04028  5.03857  1.68959  1.57001  
0.882627  2.32032  3.32303  5.03857  3.04028  5.03857  1.8635  1.13459  
1.91751  0.327464  3.32303  5.03857  3.04028  5.03857  1.96755  1.26365  
1.83827  0.4797  3.32303  5.03857  3.04028  5.03857  1.42501  2.58231  
0.657344  2.8287  3.32303  5.03857  3.04028  5.03857  0.637772  3.91799  
1.14212  1.83947  3.32303  5.03857  3.04028  5.03857  0.984727  2.52633  
0.97663  2.17913  3.32303  5.03857  3.04028  5.03857  1.43409  2.10348  
1.88904  0.366836  3.32303  5.03857  3.04028  5.03857  0.560967  3.21423  
0.832596  2.4097  3.32303  5.03857  3.04028  5.03857  1.23793  2.72665  
0.610334  2.95923  3.32303  5.03857  3.04028  5.03857  1.21187  2.81918  
1.60323  0.942749  3.32303  5.03857  3.04028  5.03857  0.846989  3.07361  
0.394184  3.39342  3.32303  5.03857  3.04028  5.03857  0.716601  3.14471  
1.71479  0.698037  3.32303  5.03857  3.04028  5.03857  1.73207  1.08103  
0.463245  3.26702  3.32303  5.03857  3.04028  5.03857  0.974969  3.11867  
0.829192  2.46137  3.32303  5.03857  3.04028  5.03857  1.26863  2.04415  
0.922564  2.24242  3.32303  5.03857  3.04028  5.03857  0.923901  3.4858  
0.248098  3.68163  3.32303  5.03857  3.04028  5.03857  1.63156  2.19491  
0.87283  2.34345  3.32303  5.03857  3.04028  5.03857  1.53085  2.27979  
1.43528  1.25392  3.32303  5.03857  3.04028  5.03857  1.68945  1.80618  
1.51123  1.11047  3.32303  5.03857  3.04028  5.03857  1.45985  2.49489  
0.740379  2.66115  3.32303  5.03857  3.04028  5.03857  1.83204  1.32033  
0.521839  3.10388  3.32303  5.03857  3.04028  5.03857  1.64  1.20367  
1.6976  0.740404  3.32303  5.03857  3.04028  5.03857  1.2681  2.26939  
1.42315  1.29881  3.32303  5.03857  3.04028  5.03857  1.30249  2.66785  
0.103141  3.94374  3.32303  5.03857  3.04028  5.03857  0.733801  2.96469  
0.490873  3.16112  3.32303  5.03857  3.04028  5.03857  1.73176  1.71887  
0.179298  3.7791  3.32303  5.03857  3.04028  5.03857  0.757805  3.76289  
1.57909  0.996164  3.32303  5.03857  3.04028  5.03857  0.740646  3.46148  
0.133676  3.84521  3.32303  5.03857  3.04028  5.03857  2.16452  0.453441  
1.39658  1.3542  3.32303  5.03857  3.04028  5.03857  0.513006  3.79642  
1.30747  1.47303  3.32303  5.03857  3.04028  5.03857  1.55956  2.13384  
0.778563  2.61608  3.32303  5.03857  3.04028  5.03857  1.26945  2.59292  
0.0530092  4.01079  3.32303  5.03857  3.04028  5.03857  1.76252  1.51542  
1.78014  0.640022  3.32303  5.03857  3.04028  5.03857  2.11092  1.05426  
1.99478  0.101835  3.32303  5.03857  3.04028  5.03857  0.783796  3.20571  
1.74346  0.649509  3.32303  5.03857  3.04028  5.03857  1.12108  2.8894  
1.61752  0.9021  3.32303  5.03857  3.04028  5.03857  0.828271  3.50709  
1.15879  1.80023  3.32303  5.03857  3.04028  5.03857  0.887391  2.70098  
0.37984  3.47304  3.32303  5.03857  3.04028  5.03857  1.55574  1.64758  
0.789082  2.60067  3.32303  5.03857  3.04028  5.03857  1.35437  2.29303  
1.20691  1.65639  3.32303  5.03857  3.04028  5.03857  1.53898  2.28792  
1.65771  0.818559  3.32303  5.03857  3.04028  5.03857  0.877074  3.41315  
0.289896  3.59607  3.32303  5.03857  3.04028  5.03857  1.6674  2.11407  
0.272275  3.62956  3.32303  5.03857  3.04028  5.03857  1.06292  2.72773  
0.533894  3.06697  3.32303  5.03857  3.04028  5.03857  1.59222  1.91534  
0.125695  3.90631  3.32303  5.03857  3.04028  5.03857  1.37774  2.06069  
1.4639  1.16041  3.19669  5.02824  3.03062  5.02824  1.94676  0.794785  
0.190122  3.72363  3.19669  5.02824  3.03062  5.02824  2.10347  0.544028  
2.03062  0.0306176  3.19669  5.02824  3.03062  5.02824  1.51602  1.96648  
1.0318  2.03895  3.19669  5.02824  3.03062  5.02824  1.10237  2.43685  
1.93367  0.26264  3.19669  5.02824  3.03062  5.02824  0.976041  2.58944  
1.88877  0.334484  3.19669  5.02824  3.03062  5.02824  0.487134  3.7844  
0.895051  2.2916  3.19669  5.02824  3.03062  5.02824  1.69959  1.6803  
1.80549  0.527965  3.19669  5.02824  3.03062  5.02824  1.06151  2.91959  
1.94551  0.211904  3.19669  5.02824  3.03062  5.02824  1.61973  1.80902  
0.290114  3.51608  3.19669  5.02824  3.03062  5.02824  1.89902  1.43569  
1.07891  1.91142  3.19669  5.02824  3.03062  5.02824  1.32105  2.30036  
0.0488831  3.99292  3.19669  5.02824  3.03062  5.02824  0.633577  3.47249  
0.904882  2.27186  3.19669  5.02824  3.03062  5.02824  1.33278  2.29635  
0.375149  3.3449  3.19669  5.02824  3.03062  5.02824  1.50605  1.73156  
1.2916  1.50827  3.19669  5.02824  3.03062  5.02824  1.55084  1.73226  
0.0620702  3.96452  3.19669  5.02824  3.03062  5.02824  1.51871  1.7115  
0.0282606  4.02824  3.19669  5.02824  3.03062  5.02824  1.58475  1.44056  
0.680276  2.77155  3.19669  5.02824  3.03062  5.02824  1.36094  1.98572  
1.1079  1.88488  3.19669  5.02824  3.03062  5.02824  1.51669  1.30784  
1.16384  1.77145  3.19669  5.02824  3.03062  5.02824  0.87402  2.62479  
0.458773  3.17638  3.19669  5.02824  3.03062  5.02824  1.69765  1.26419  
1.63108  0.845455  3.19669  5.02824  3.03062  5.02824  0.848049  3.01534  
0.979483  2.14211  3.19669  5.02824  3.03062  5.02824  0.817637  3.0661  
1.22562  1.61925  3.19669  5.02824  3.03062  5.02824  1.27987  2.54597  
1.37056  1.32422  3.19669  5.02824  3.03062  5.02824  1.90968  0.886035  
0.218897  3.69594  3.19669  5.02824  3.03062  5.02824  1.15477  2.44498  
1.49284  1.13088  3.19669  5.02824  3.03062  5.02824  1.43857  2.1456  
1.57584  0.942694  3.19669  5.02824  3.03062  5.02824  1.27884  2.41135  
1.32952  1.42188  3.19669  5.02824  3.03062  5.02824  1.04892  2.67219  
0.59366  2.93114  3.19669  5.02824  3.03062  5.02824  1.19998  2.61209  
0.792342  2.50319  3.19669  5.02824  3.03062  5.02824  0.756804  3.75127  
1.06064  1.94795  3.19669  5.02824  3.03062  5.02824  1.49984  1.77914  
1.11859  1.82757  3.19669  5.02824  3.03062  5.02824  1.24168  2.6021  
0.703417  2.7138  3.19669  5.02824  3.03062  5.02824  1.28636  2.37726  
1.64416  0.817711  3.19669  5.02824  3.03062  5.02824  0.770537  3.19384  
0.852547  2.37023  3.19669  5.02824  3.03062  5.02824  1.06907  2.72197  
2.01371  0.0650083  3.19669  5.02824  3.03062  5.02824  1.60689  1.8642  
1.87387  0.380669  3.19669  5.02824  3.03062  5.02824  1.10375  2.53371  
0.608904  2.88775  3.19669  5.02824  3.03062  5.02824  2.03062  0.0306176  
0.62625  2.84709  3.19669  5.02824  3.03062  5.02824  1.65236  1.51748  
0.416694  3.2834  3.19669  5.02824  3.03062  5.02824  0.96414  2.84681  
0.947801  2.20173  3.19669  5.02824  3.03062  5.02824  1.77925  1.41735  
1.18478  1.72313  3.19669  5.02824  3.03062  5.02824  2.06122  0.820966  
1.19787  1.67381  3.19669  5.02824  3.03062  5.02824  0.896715  2.87733  
1.67344  0.777496  3.19669  5.02824  3.03062  5.02824  1.22511  2.4284  
1.53432  1.04941  3.19669  5.02824  3.03062  5.02824  0.0282606  4.02824  
0.151085  3.80726  3.19669  5.02824  3.03062  5.02824  1.68207  1.06725  
1.2522  1.57109  3.19669  5.02824  3.03062  5.02824  2.01947  0.700232  
1.34379  1.39256  3.19669  5.02824  3.03062  5.02824  1.32652  2.36172  
1.23958  1.59168  3.19669  5.02824  3.03062  5.02824  0.780027  2.73701  
1.45364  1.18818  3.19669  5.02824  3.03062  5.02824  0.935071  3.18095  
1.42099  1.22453  3.19669  5.02824  3.03062  5.02824  1.34313  1.71691  
1.27166  1.52815  3.19669  5.02824  3.03062  5.02824  1.75834  0.951754  
0.567082  2.98754  3.19669  5.02824  3.03062  5.02824  1.21428  2.9926  
0.694404  2.7433  3.19669  5.02824  3.03062  5.02824  1.70642  1.45271  
0.882627  2.32032  3.19669  5.02824  3.03062  5.02824  1.80373  0.732805  
0.748166  2.59265  3.19669  5.02824  3.03062  5.02824  0.832708  2.80723  
1.82558  0.456925  3.19669  5.02824  3.03062  5.02824  2.19669  0.73732  
0.652851  2.79506  3.19669  5.02824  3.03062  5.02824  1.13049  3.06616  
2.02304  0.0457748  3.19669  5.02824  3.03062  5.02824  1.18779  3.08149  
0.964189  2.16707  3.19669  5.02824  3.03062  5.02824  1.84671  1.56993  
0.76331  2.56236  3.19669  5.02824  3.03062  5.02824  1.43465  2.04228  
0.832596  2.4097  3.19669  5.02824  3.03062  5.02824  0.914922  3.16208  
0.478393  3.13679  3.19669  5.02824  3.03062  5.02824  0.656492  3.2509  
1.60159  0.905484  3.19669  5.02824  3.03062  5.02824  1.62168  1.74187  
0.999857  2.09909  3.19669  5.02824  3.03062  5.02824  1.39573  1.26074  
1.71479  0.698037  3.19669  5.02824  3.03062  5.02824  1.44825  1.82834  
1.89871  0.314619  3.19669  5.02824  3.03062  5.02824  0.521671  3.32484  
0.813533  2.46953  3.19669  5.02824  3.03062  5.02824  1.22714  1.89568  
0.922564  2.24242  3.19669  5.02824  3.03062  5.02824  0.390005  3.56802  
1.76171  0.627989  3.19669  5.02824  3.03062  5.02824  1.64701  1.99933  
0.302339  3.50149  3.19669  5.02824  3.03062  5.02824  1.33465  2.1145  
1.40149  1.24922  3.19669  5.02824  3.03062  5.02824  1.25838  1.76395  
1.51123  1.11047  3.19669  5.02824  3.03062  5.02824  1.36747  2.11054  
0.72881  2.66104  3.19669  5.02824  3.03062  5.02824  1.71773  1.41184  
0.508932  3.07679  3.19669  5.02824  3.03062  5.02824  1.26891  2.55294  
1.6917  0.739465  3.19669  5.02824  3.03062  5.02824  1.30885  2.46328  
1.61016  0.880453  3.19669  5.02824  3.03062  5.02824  1.42991  1.73817  
0.0784168  3.91233  3.19669  5.02824  3.03062  5.02824  1.17662  2.14374  
1.04835  2.0096  3.19669  5.02824  3.03062  5.02824  1.58737  2.04942  
0.179298  3.7791  3.19669  5.02824  3.03062  5.02824  1.38919  1.67784  
1.55113  0.99335  3.19669  5.02824  3.03062  5.02824  0.904361  3.18049  
0.12529  3.84594  3.19669  5.02824  3.03062  5.02824  1.58798  1.47071  
1.37521  1.30178  3.19669  5.02824  3.03062  5.02824  1.7566  1.2437  
1.30747  1.47303  3.19669  5.02824  3.03062  5.02824  0.287067  3.81576  
1.97757  0.142758  3.19669  5.02824  3.03062  5.02824  1.22117  2.47541  
0.431207  3.24991  3.19669  5.02824  3.03062  5.02824  0.947969  3.09347  
1.79236  0.603493  3.19669  5.02824  3.03062  5.02824  1.64253  0.946162  
1.99478  0.101835  3.19669  5.02824  3.03062  5.02824  1.27568  2.36603  
1.74346  0.649509  3.19669  5.02824  3.03062  5.02824  1.62506  1.91226  
1.02076  2.06494  3.19669  5.02824  3.03062  5.02824  1.25929  2.94534  
0.441897  3.21091  3.19669  5.02824  3.03062  5.02824  1.92948  0.5433  
0.355836  3.40865  3.19669  5.02824  3.03062  5.02824  0.95436  2.88464  
0.772221  2.54493  3.19669  5.02824  3.03062  5.02824  0.609018  3.36882  
1.20691  1.65639  3.19669  5.02824  3.03062  5.02824  0.78394  3.01719  
1.65291  0.800579  3.19669  5.02824  3.03062  5.02824  0.924206  2.32008  
1.84334  0.438003  3.19669  5.02824  3.03062  5.02824  1.07115  1.99726  
0.260108  3.59688  3.19669  5.02824  3.03062  5.02824  1.48654  1.93333  
0.529066  3.03714  3.19669  5.02824  3.03062  5.02824  2.0497  0.702176  
1.39382  1.26456  3.19669  5.02824  3.03062  5.02824  1.45814  1.74438  
1.43132  1.15245  3.11966  5.00947  3.00545  5.00555  1.94363  0.271646  
1.39303  1.22902  3.11966  5.00947  3.00545  5.00555  1.5854  1.00445  
2.00545  0.00545329  3.11966  5.00947  3.00545  5.00555  0.273436  3.58965  
0.549056  2.91813  3.11966  5.00947  3.00545  5.00555  0.674201  2.81069  
1.97276  0.0710105  3.11966  5.00947  3.00545  5.00555  1.05028  2.03381  
1.54046  0.936369  3.11966  5.00947  3.00545  5.00555  0.96298  2.09049  
0.477762  3.06189  3.11966  5.00947  3.00545  5.00555  1.88397  0.369077  
0.754635  2.50694  3.11966  5.00947  3.00545  5.00555  1.45823  1.2398  
0.49908  3.01996  3.11966  5.00947  3.00545  5.00555  0.638286  2.94083  
1.49933  1.01861  3.11966  5.00947  3.00545  5.00555  0.181115  3.82957  
0.681571  2.65396  3.11966  5.00947  3.00545  5.00555  1.2661  1.51491  
0.0288588  3.95898  3.11966  5.00947  3.00545  5.00555  0.820647  2.5285  
0.242062  3.53234  3.11966  5.00947  3.00545  5.00555  1.49987  1.13382  
0.147752  3.7302  3.11966  5.00947  3.00545  5.00555  0.178678  4.00947  
1.09051  1.83553  3.11966  5.00947  3.00545  5.00555  1.15012  1.72237  
0.310915  3.40583  3.11966  5.00947  3.00545  5.00555  1.42318  1.1683  
0.00557591  4.00555  3.11966  5.00947  3.00545  5.00555  1.91616  0.30924  
0.631777  2.74718  3.11966  5.00947  3.00545  5.00555  1.15588  1.83567  
1.07283  1.86667  3.11966  5.00947  3.00545  5.00555  0.537909  3.05194  
1.86529  0.292102  3.11966  5.00947  3.00545  5.00555  0.925569  2.29956  
0.454026  3.10536  3.11966  5.00947  3.00545  5.00555  0.425486  3.16244  
0.228383  3.57111  3.11966  5.00947  3.00545  5.00555  0.14826  3.86693  
0.96298  2.09049  3.11966  5.00947  3.00545  5.00555  1.5289  1.07232  
1.26137  1.49406  3.11966  5.00947  3.00545  5.00555  0.55779  3.03463  
1.33782  1.34501  3.11966  5.00947  3.00545  5.00555  1.51433  1.17927  
1.77366  0.47337  3.11966  5.00947  3.00545  5.00555  0.114242  3.93673  
0.381523  3.25221  3.11966  5.00947  3.00545  5.00555  2.11966  0.258754  
1.02213  1.96874  3.11966  5.00947  3.00545  5.00555  1.01195  2.11314  
1.29718  1.42345  3.11966  5.00947  3.00545  5.00555  0.839784  2.36053  
0.571581  2.86774  3.11966  5.00947  3.00545  5.00555  0.5265  3.09521  
1.92661  0.164413  3.11966  5.00947  3.00545  5.00555  1.24119  1.65234  
0.405908  3.20375  3.11966  5.00947  3.00545  5.00555  0.931027  2.25316  
1.11368  1.79075  3.11966  5.00947  3.00545  5.00555  1.83636  0.470137  
1.13728  1.74173  3.11966  5.00947  3.00545  5.00555  1.8022  0.547962  
1.05221  1.91056  3.11966  5.00947  3.00545  5.00555  1.2135  1.5939  
1.4501  1.11831  3.11966  5.00947  3.00545  5.00555  0.690781  2.75736  
0.254807  3.51099  3.11966  5.00947  3.00545  5.00555  0.875195  2.37839  
0.698164  2.62014  3.11966  5.00947  3.00545  5.00555  0.190388  3.79931  
0.611433  2.78599  3.11966  5.00947  3.00545  5.00555  2.00545  0.00545329  
0.162989  3.69072  3.11966  5.00947  3.00545  5.00555  1.03121  1.94991  
1.20429  1.60338  3.11966  5.00947  3.00545  5.00555  0.528487  3.13542  
1.69256  0.630462  3.11966  5.00947  3.00545  5.00555  0.587981  2.95395  
1.2786  1.4605  3.11966  5.00947  3.00545  5.00555  0.208573  3.73748  
0.355205  3.30486  3.11966  5.00947  3.00545  5.00555  1.11939  1.89526  
1.17133  1.68043  3.11966  5.00947  3.00545  5.00555  0.784415  2.60606  
1.51861  0.97896  3.11966  5.00947  3.00545  5.00555  0.00557591  4.00555  
0.0591887  3.90062  3.11966  5.00947  3.00545  5.00555  0.378941  3.62757  
1.2404  1.53828  3.11966  5.00947  3.00545  5.00555  0.243187  3.8142  
1.31497  1.38558  3.11966  5.00947  3.00545  5.00555  1.66338  0.836346  
1.22588  1.56606  3.11966  5.00947  3.00545  5.00555  0.582863  2.97417  
1.5987  0.821551  3.11966  5.00947  3.00545  5.00555  0.510226  3.12599  
1.41036  1.19373  3.11966  5.00947  3.00545  5.00555  0.71542  2.5959  
1.63391  0.747704  3.11966  5.00947  3.00545  5.00555  1.77035  0.606507  
1.75388  0.511804  3.11966  5.00947  3.00545  5.00555  0.780697  2.58975  
1.48445  1.05427  3.11966  5.00947  3.00545  5.00555  1.99085  0.235008  
0.535777  2.94586  3.11966  5.00947  3.00545  5.00555  1.36825  1.40833  
1.46725  1.08366  3.11966  5.00947  3.00545  5.00555  0.658688  2.85046  
1.98901  0.039039  3.11966  5.00947  3.00545  5.00555  1.80506  0.554038  
1.8032  0.413122  3.11966  5.00947  3.00545  5.00555  1.62238  0.892358  
1.55823  0.897128  3.11966  5.00947  3.00545  5.00555  1.37348  1.38038  
1.95079  0.119985  3.11966  5.00947  3.00545  5.00555  1.02599  2.0779  
0.721949  2.58122  3.11966  5.00947  3.00545  5.00555  1.66715  0.849262  
0.824802  2.36765  3.11966  5.00947  3.00545  5.00555  0.846807  2.45126  
0.942488  2.12968  3.11966  5.00947  3.00545  5.00555  0.421657  3.32643  
1.89067  0.2379  3.11966  5.00947  3.00545  5.00555  0.711712  2.72999  
1.83108  0.360259  3.11966  5.00947  3.00545  5.00555  1.30684  1.40441  
0.516916  2.98582  3.11966  5.00947  3.00545  5.00555  0.493252  3.20827  
0.649458  2.70994  3.11966  5.00947  3.00545  5.00555  0.960059  2.21302  
0.800039  2.41523  3.11966  5.00947  3.00545  5.00555  1.64656  0.89665  
1.15717  1.70826  3.11966  5.00947  3.00545  5.00555  1.36455  1.40378  
1.72106  0.58095  3.11966  5.00947  3.00545  5.00555  0.614992  2.77886  
1.66446  0.685979  3.11966  5.00947  3.00545  5.00555  0.168276  3.84919  
1.3518  1.31191  3.11966  5.00947  3.00545  5.00555  0.759522  2.63983  
0.12465  3.7762  3.11966  5.00947  3.00545  5.00555  1.0634  2.01533  
0.736704  2.55072  3.11966  5.00947  3.00545  5.00555  1.51879  1.1134  
0.0838129  3.85459  3.11966  5.00947  3.00545  5.00555  1.69256  0.630462  
1.03634  1.93965  3.11966  5.00947  3.00545  5.00555  1.19752  1.73625  
1.58172  0.856211  3.11966  5.00947  3.00545  5.00555  1.52242  1.09807  
0.779581  2.45404  3.11966  5.00947  3.00545  5.00555  0.892174  2.23167  
1.61775  0.782125  3.11966  5.00947  3.00545  5.00555  0.337526  3.33988  
0.593328  2.82561  3.11966  5.00947  3.00545  5.00555  0.566528  3.00661  
0.436591  3.14023  3.11966  5.00947  3.00545  5.00555  1.54134  0.934591  
0.107981  3.8072  3.11966  5.00947  3.00545  5.00555  0.601824  2.93623  
1.37349  1.26849  3.11966  5.00947  3.00545  5.00555  0.702107  2.73679  
1.00534  2.00642  3.11966  5.00947  3.00545  5.00555  1.39336  1.33223  
0.332065  3.34827  3.11966  5.00947  3.00545  5.00555  1.09321  1.83513  
0.878834  2.25928  3.11966  5.00947  3.00545  5.00555  1.09974  1.94175  
1.9152  0.18963  3.11966  5.00947  3.00545  5.00555  0.236949  3.6643  
0.842497  2.33457  3.11966  5.00947  3.00545  5.00555  1.33762  1.48864  
0.862979  2.29017  3.11966  5.00947  3.00545  5.00555  1.40871  1.3117  
0.986435  2.04545  3.11966  5.00947  3.00545  5.00555  0.577582  2.98352  
0.901168  2.21444  3.11966  5.00947  3.00545  5.00555  0.450474  3.26011  
0.295241  3.44018  3.11966  5.00947  3.00545  5.00555  1.94929  0.279826  
0.92094  2.17805  3.11966  5.00947  3.00545  5.00555  0.387371  3.53525  
1.18622  1.64562  3.11966  5.00947  3.00545  5.00555  0.547431  3.06388  
0.210911  3.59972  3.11966  5.00947  3.00545  5.00555  0.784175  2.45329  
0.187186  3.64755  3.11966  5.00947  3.00545  5.00555  1.69851  0.723071  
0.277902  3.47459  3.11966  5.00947  3.00545  5.00555  1.37429  1.37027  
1.65046  0.713338  3.11966  5.00947  3.00545  5.00555  1.46629  1.22387  
0.42154  3.17033  3.11966  5.00947  3.00545  5.00555  0.310962  3.54029  
1.43771  1.12579  3.00381  5.00492  3.00381  5.00492  0.264831  3.47195  
1.39918  1.20307  3.00381  5.00492  3.00381  5.00492  1.35488  1.29144  
2.00381  0.00380548  3.00381  5.00492  3.00381  5.00492  0.95267  2.09575  
0.550031  2.90087  3.00381  5.00492  3.00381  5.00492  1.72233  0.556751  
1.97636  0.0501336  3.00381  5.00492  3.00381  5.00492  1.97339  0.0559562  
1.5358  0.929509  3.00381  5.00492  3.00381  5.00492  1.06737  1.86664  
0.47137  3.05855  3.00381  5.00492  3.00381  5.00492  1.26291  1.4753  
0.754383  2.49235  3.00381  5.00492  3.00381  5.00492  0.814123  2.37303  
0.492121  3.01696  3.00381  5.00492  3.00381  5.00492  1.94607  0.110578  
1.49692  1.00736  3.00381  5.00492  3.00381  5.00492  0.244302  3.51296  
0.671341  2.65881  3.00381  5.00492  3.00381  5.00492  0.371979  3.25718  
0.108034  3.78606  3.00381  5.00492  3.00381  5.00492  0.891345  2.21846  
0.244302  3.51296  3.00381  5.00492  3.00381  5.00492  1.22586  1.54944  
0.144871  3.71244  3.00381  5.00492  3.00381  5.00492  0.12923  3.7431  
1.09401  1.81328  3.00381  5.00492  3.00381  5.00492  0.871497  2.2583  
0.300025  3.40158  3.00381  5.00492  3.00381  5.00492  1.02834  1.94426  
0.00491837  4.00492  3.00381  5.00492  3.00381  5.00492  0.221049  3.55921  
0.631202  2.7389  3.00381  5.00492  3.00381  5.00492  0.435499  3.1305  
1.07583  1.84971  3.00381  5.00492  3.00381  5.00492  0.776598  2.44812  
1.75568  0.490172  3.00381  5.00492  3.00381  5.00492  1.62454  0.75236  
0.452659  3.0959  3.00381  5.00492  3.00381  5.00492  0.91161  2.17796  
1.86777  0.266391  3.00381  5.00492  3.00381  5.00492  1.00851  1.98384  
0.954811  2.09154  3.00381  5.00492  3.00381  5.00492  0.309048  3.38332  
1.26291  1.4753  3.00381  5.00492  3.00381  5.00492  0.599111  2.80305  
1.32013  1.36086  3.00381  5.00492  3.00381  5.00492  1.91862  0.164703  
1.77829  0.444931  3.00381  5.00492  3.00381  5.00492  0.832796  2.33536  
0.374621  3.25209  3.00381  5.00492  3.00381  5.00492  1.31842  1.36427  
1.01372  1.9736  3.00381  5.00492  3.00381  5.00492  0.616862  2.76736  
1.28177  1.43758  3.00381  5.00492  3.00381  5.00492  1.47657  1.04824  
0.573308  2.85448  3.00381  5.00492  3.00381  5.00492  0.578656  2.84394  
1.93094  0.140284  3.00381  5.00492  3.00381  5.00492  1.49459  1.01219  
0.394139  3.2131  3.00381  5.00492  3.00381  5.00492  1.66363  0.673994  
1.11377  1.77356  3.00381  5.00492  3.00381  5.00492  0.723272  2.55429  
1.13138  1.73822  3.00381  5.00492  3.00381  5.00492  0.741594  2.51793  
1.05406  1.89312  3.00381  5.00492  3.00381  5.00492  1.04648  1.90828  
1.4567  1.08797  3.00381  5.00492  3.00381  5.00492  0.0255128  3.95173  
0.22432  3.55267  3.00381  5.00492  3.00381  5.00492  0.350739  3.29966  
0.692285  2.61627  3.00381  5.00492  3.00381  5.00492  0.971455  2.05818  
0.611957  2.77735  3.00381  5.00492  3.00381  5.00492  2.00381  0.00380548  
0.165659  3.67044  3.00381  5.00492  3.00381  5.00492  1.64381  0.7142  
1.20713  1.58685  3.00381  5.00492  3.00381  5.00492  1.40644  1.18856  
1.71088  0.579834  3.00381  5.00492  3.00381  5.00492  1.58816  0.825016  
1.35857  1.28397  3.00381  5.00492  3.00381  5.00492  0.455661  3.08989  
0.355356  3.29078  3.00381  5.00492  3.00381  5.00492  1.42298  1.1553  
1.16897  1.66313  3.00381  5.00492  3.00381  5.00492  1.51274  0.975877  
1.51589  0.969718  3.00381  5.00492  3.00381  5.00492  0.00491837  4.00492  
0.0640489  3.87363  3.00381  5.00492  3.00381  5.00492  1.8459  0.310018  
1.2443  1.5126  3.00381  5.00492  3.00381  5.00492  0.0520507  3.89847  
1.30067  1.39977  3.00381  5.00492  3.00381  5.00492  1.68389  0.633442  
1.22586  1.54944  3.00381  5.00492  3.00381  5.00492  0.53942  2.92238  
1.60175  0.798007  3.00381  5.00492  3.00381  5.00492  0.990632  2.01981  
1.41881  1.16372  3.00381  5.00492  3.00381  5.00492  1.45972  1.08167  
1.64738  0.706496  3.00381  5.00492  3.00381  5.00492  1.87001  0.261494  
0.0453191  3.91198  3.00381  5.00492  3.00381  5.00492  1.7409  0.519664  
1.47657  1.04824  3.00381  5.00492  3.00381  5.00492  0.329146  3.34294  
0.532112  2.93722  3.00381  5.00492  3.00381  5.00492  0.414836  3.17166  
0.0222347  3.95847  3.00381  5.00492  3.00381  5.00492  0.93227  2.13664  
0.318942  3.36325  3.00381  5.00492  3.00381  5.00492  1.30067  1.39977  
1.80064  0.400101  3.00381  5.00492  3.00381  5.00492  1.82279  0.355944  
1.55876  0.884056  3.00381  5.00492  3.00381  5.00492  1.15042  1.70058  
1.95092  0.100874  3.00381  5.00492  3.00381  5.00492  1.54805  0.905558  
0.712994  2.57522  3.00381  5.00492  3.00381  5.00492  0.656691  2.68789  
0.814192  2.37289  3.00381  5.00492  3.00381  5.00492  0.705514  2.58981  
0.934657  2.13187  3.00381  5.00492  3.00381  5.00492  1.7027  0.596013  
1.88964  0.222533  3.00381  5.00492  3.00381  5.00492  1.13033  1.7404  
1.82279  0.355944  3.00381  5.00492  3.00381  5.00492  1.16897  1.66313  
0.511617  2.97781  3.00381  5.00492  3.00381  5.00492  0.637155  2.72694  
0.651196  2.6989  3.00381  5.00492  3.00381  5.00492  1.75892  0.483561  
0.794189  2.4129  3.00381  5.00492  3.00381  5.00492  0.197889  3.6054  
1.15042  1.70058  3.00381  5.00492  3.00381  5.00492  0.287241  3.42681  
1.73425  0.532921  3.00381  5.00492  3.00381  5.00492  1.37141  1.25848  
1.68911  0.623031  3.00381  5.00492  3.00381  5.00492  1.08793  1.82544  
1.33921  1.32306  3.00381  5.00492  3.00381  5.00492  1.28177  1.43758  
1.8459  0.310018  3.00381  5.00492  3.00381  5.00492  1.33576  1.32982  
0.733083  2.53512  3.00381  5.00492  3.00381  5.00492  1.20713  1.58685  
0.0856993  3.83114  3.00381  5.00492  3.00381  5.00492  0.476691  3.04804  
1.03496  1.93106  3.00381  5.00492  3.00381  5.00492  0.795699  2.40988  
1.58058  0.840179  3.00381  5.00492  3.00381  5.00492  0.558939  2.88334  
0.773294  2.45453  3.00381  5.00492  3.00381  5.00492  0.673669  2.65416  
1.62454  0.75236  3.00381  5.00492  3.00381  5.00492  1.11054  1.78016  
0.591854  2.81756  3.00381  5.00492  3.00381  5.00492  1.18765  1.62578  
0.431471  3.13856  3.00381  5.00492  3.00381  5.00492  1.38872  1.22373  
0.127223  3.74711  3.00381  5.00492  3.00381  5.00492  0.155098  3.69187  
1.38022  1.24071  3.00381  5.00492  3.00381  5.00492  0.0786397  3.84538  
0.995576  2.00999  3.00381  5.00492  3.00381  5.00492  0.104355  3.79466  
0.337721  3.3257  3.00381  5.00492  3.00381  5.00492  1.44066  1.11992  
0.879157  2.24267  3.00381  5.00492  3.00381  5.00492  0.178956  3.64365  
1.91135  0.179996  3.00381  5.00492  3.00381  5.00492  0.497904  3.00572  
0.835854  2.32938  3.00381  5.00492  3.00381  5.00492  1.80299  0.395384  
0.858214  2.28481  3.00381  5.00492  3.00381  5.00492  1.78136  0.438651  
0.975208  2.05069  3.00381  5.00492  3.00381  5.00492  1.60623  0.788966  
0.896598  2.20798  3.00381  5.00492  3.00381  5.00492  1.56752  0.866537  
0.280782  3.43991  3.00381  5.00492  3.00381  5.00492  0.758741  2.48367  
0.916535  2.16811  3.00381  5.00492  3.00381  5.00492  1.89398  0.213755  
1.18765  1.62578  3.00381  5.00492  3.00381  5.00492  1.2443  1.5126  
0.204388  3.59279  3.00381  5.00492  3.00381  5.00492  0.689921  2.62143  
0.184148  3.6333  3.00381  5.00492  3.00381  5.00492  0.51804  2.96497  
0.26089  3.47955  3.00381  5.00492  3.00381  5.00492  1.53071  0.939637  
1.66896  0.663334  3.00381  5.00492  3.00381  5.00492  0.851208  2.29857  
0.412804  3.17602  3.00381  5.00492  3.00381  5.00492  0.392463  3.21654  
1.44011  1.12004  3.00011  5.00013  3.00011  5.00013  0.263281  3.47367  
1.39929  1.20171  3.00011  5.00013  3.00011  5.00013  1.35268  1.29487  
2.00011  0.000111426  3.00011  5.00013  3.00011  5.00013  0.951259  2.09768  
0.552697  2.89486  3.00011  5.00013  3.00011  5.00013  1.72505  0.550226  
1.97824  0.0438558  3.00011  5.00013  3.00011  5.00013  1.97625  0.0479035  
1.54189  0.916486  3.00011  5.00013  3.00011  5.00013  1.06788  1.86445  
0.473277  3.05369  3.00011  5.00013  3.00011  5.00013  1.25969  1.48082  
0.754235  2.49176  3.00011  5.00013  3.00011  5.00013  0.817291  2.36564  
0.492804  3.01464  3.00011  5.00013  3.00011  5.00013  1.9521  0.0962329  
1.50091  0.998426  3.00011  5.00013  3.00011  5.00013  0.240635  3.51905  
0.672516  2.65515  3.00011  5.00013  3.00011  5.00013  0.370909  3.2584  
0.102773  3.79477  3.00011  5.00013  3.00011  5.00013  0.893728  2.21271  
0.241586  3.51719  3.00011  5.00013  3.00011  5.00013  1.22224  1.55576  
0.143598  3.7131  3.00011  5.00013  3.00011  5.00013  0.123946  3.75247  
1.09094  1.81837  3.00011  5.00013  3.00011  5.00013  0.875555  2.24906  
0.299632  3.40095  3.00011  5.00013  3.00011  5.00013  1.02874  1.94277  
0.00013138  4.00013  3.00011  5.00013  3.00011  5.00013  0.217938  3.56452  
0.633004  2.73421  3.00011  5.00013  3.00011  5.00013  0.432934  3.13432  
1.07157  1.85708  3.00011  5.00013  3.00011  5.00013  0.779677  2.44086  
1.7563  0.487631  3.00011  5.00013  3.00011  5.00013  1.62715  0.745978  
0.453547  3.09315  3.00011  5.00013  3.00011  5.00013  0.913033  2.1741  
1.86711  0.266149  3.00011  5.00013  3.00011  5.00013  1.00944  1.98135  
0.954093  2.09206  3.00011  5.00013  3.00011  5.00013  0.306714  3.38678  
1.2625  1.47521  3.00011  5.00013  3.00011  5.00013  0.593472  2.81335  
1.32031  1.35962  3.00011  5.00013  3.00011  5.00013  1.92868  0.143  
1.77822  0.443843  3.00011  5.00013  3.00011  5.00013  0.837002  2.32622  
0.376574  3.24714  3.00011  5.00013  3.00011  5.00013  1.31665  1.36693  
1.01293  1.97438  3.00011  5.00013  3.00011  5.00013  0.612554  2.77513  
1.28142  1.43742  3.00011  5.00013  3.00011  5.00013  1.47839  1.04352  
0.572896  2.85449  3.00011  5.00013  3.00011  5.00013  0.573696  2.85289  
1.93421  0.131975  3.00011  5.00013  3.00011  5.00013  1.49664  1.00694  
0.395585  3.20909  3.00011  5.00013  3.00011  5.00013  1.66545  0.669345  
1.10998  1.78029  3.00011  5.00013  3.00011  5.00013  0.723925  2.55232  
1.12847  1.74327  3.00011  5.00013  3.00011  5.00013  0.742456  2.51529  
1.05192  1.89638  3.00011  5.00013  3.00011  5.00013  1.04833  1.90356  
1.46016  1.07989  3.00011  5.00013  3.00011  5.00013  0.0256521  3.94901  
0.221965  3.55641  3.00011  5.00013  3.00011  5.00013  0.349147  3.30191  
0.692667  2.61485  3.00011  5.00013  3.00011  5.00013  0.970515  2.05916  
0.613103  2.77403  3.00011  5.00013  3.00011  5.00013  2.00011  0.000111426  
0.164014  3.67229  3.00011  5.00013  3.00011  5.00013  1.64643  0.707531  
1.20541  1.58942  3.00011  5.00013  3.00011  5.00013  1.40807  1.18409  
1.71177  0.576701  3.00011  5.00013  3.00011  5.00013  1.58894  0.822363  
1.35985  1.28051  3.00011  5.00013  3.00011  5.00013  0.453547  3.09315  
0.357644  3.28488  3.00011  5.00013  3.00011  5.00013  1.4258  1.14863  
1.16758  1.66506  3.00011  5.00013  3.00011  5.00013  1.51448  0.97124  
1.52149  0.957263  3.00011  5.00013  3.00011  5.00013  0.00013138  4.00013  
0.0611116  3.87816  3.00011  5.00013  3.00011  5.00013  1.85615  0.288057  
1.24311  1.51403  3.00011  5.00013  3.00011  5.00013  0.0506612  3.899  
1.30078  1.3987  3.00011  5.00013  3.00011  5.00013  1.68501  0.63037  
1.22444  1.55134  3.00011  5.00013  3.00011  5.00013  0.534938  2.93037  
1.60408  0.792099  3.00011  5.00013  3.00011  5.00013  0.989943  2.02034  
1.41927  1.16169  3.00011  5.00013  3.00011  5.00013  1.46016  1.07989  
1.64517  0.709893  3.00011  5.00013  3.00011  5.00013  1.88047  0.239429  
0.0407138  3.91895  3.00011  5.00013  3.00011  5.00013  1.74598  0.508274  
1.48074  1.03876  3.00011  5.00013  3.00011  5.00013  0.327587  3.34507  
0.532485  2.93528  3.00011  5.00013  3.00011  5.00013  0.412684  3.1749  
0.0204484  3.95951  3.00011  5.00013  3.00011  5.00013  0.932023  2.13618  
0.319436  3.36135  3.00011  5.00013  3.00011  5.00013  1.29763  1.40501  
1.80136  0.397559  3.00011  5.00013  3.00011  5.00013  1.83335  0.333663  
1.5618  0.876632  3.00011  5.00013  3.00011  5.00013  1.14513  1.70988  
1.95654  0.08728  3.00011  5.00013  3.00011  5.00013  1.55154  0.897251  
0.71331  2.57358  3.00011  5.00013  3.00011  5.00013  0.650037  2.70017  
0.81478  2.37066  3.00011  5.00013  3.00011  5.00013  0.706065  2.58805  
0.935147  2.12993  3.00011  5.00013  3.00011  5.00013  1.70487  0.590491  
1.88996  0.22045  3.00011  5.00013  3.00011  5.00013  1.12568  1.74885  
1.82358  0.35313  3.00011  5.00013  3.00011  5.00013  1.1643  1.67165  
0.512185  2.9758  3.00011  5.00013  3.00011  5.00013  0.630943  2.73834  
0.653016  2.69425  3.00011  5.00013  3.00011  5.00013  1.76748  0.465328  
0.794977  2.41028  3.00011  5.00013  3.00011  5.00013  0.19526  3.60976  
1.14809  1.70403  3.00011  5.00013  3.00011  5.00013  0.285361  3.42949  
1.73373  0.532809  3.00011  5.00013  3.00011  5.00013  1.37136  1.25749  
1.69036  0.619597  3.00011  5.00013  3.00011  5.00013  1.08708  1.82605  
1.34013  1.31999  3.00011  5.00013  3.00011  5.00013  1.27892  1.44237  
1.84574  0.308872  3.00011  5.00013  3.00011  5.00013  1.33437  1.33152  
0.733587  2.53304  3.00011  5.00013  3.00011  5.00013  1.2031  1.59408  
0.082027  3.83626  3.00011  5.00013  3.00011  5.00013  0.474486  3.05127  
1.03253  1.93515  3.00011  5.00013  3.00011  5.00013  0.798436  2.40333  
1.58306  0.834133  3.00011  5.00013  3.00011  5.00013  0.554438  2.89137  
0.774815  2.45062  3.00011  5.00013  3.00011  5.00013  0.669469  2.66125  
1.62433  0.751606  3.00011  5.00013  3.00011  5.00013  1.10681  1.78661  
0.592845  2.8146  3.00011  5.00013  3.00011  5.00013  1.18312  1.63396  
0.433814  3.13256  3.00011  5.00013  3.00011  5.00013  1.38987  1.2205  
0.12298  3.75437  3.00011  5.00013  3.00011  5.00013  0.147923  3.70444  
1.37934  1.24155  3.00011  5.00013  3.00011  5.00013  0.0757033  3.84892  
0.993034  2.01418  3.00011  5.00013  3.00011  5.00013  0.100373  3.79957  
0.338922  3.32237  3.00011  5.00013  3.00011  5.00013  1.44338  1.1135  
0.875555  2.24906  3.00011  5.00013  3.00011  5.00013  0.171933  3.65642  
1.91161  0.177126  3.00011  5.00013  3.00011  5.00013  0.49489  3.01048  
0.834613  2.331  3.00011  5.00013  3.00011  5.00013  1.81131  0.377666  
0.855123  2.28997  3.00011  5.00013  3.00011  5.00013  1.78907  0.422229  
0.97372  2.05273  3.00011  5.00013  3.00011  5.00013  1.60794  0.784326  
0.896059  2.20805  3.00011  5.00013  3.00011  5.00013  1.56981  0.860615  
0.280741  3.43873  3.00011  5.00013  3.00011  5.00013  0.76094  2.47834  
0.915235  2.16972  3.00011  5.00013  3.00011  5.00013  1.90472  0.190934  
1.18642  1.62742  3.00011  5.00013  3.00011  5.00013  1.24136  1.51754  
0.202648  3.59498  3.00011  5.00013  3.00011  5.00013  0.687425  2.62533  
0.184384  3.63151  3.00011  5.00013  3.00011  5.00013  0.514245  2.97169  
0.260818  3.47867  3.00011  5.00013  3.00011  5.00013  1.53337  0.933463  
1.66827  0.663695  3.00011  5.00013  3.00011  5.00013  0.855951  2.28831  
0.414812  3.17066  3.00011  5.00013  3.00011  5.00013  0.391773  3.21671  
1.43984  1.12038  3.00004  5.00006  3.00004  5.00006  0.260548  3.47899  
1.39956  1.20094  3.00004  5.00006  3.00004  5.00006  1.35229  1.29549  
2.00004  3.72137e-05  3.00004  5.00006  3.00004  5.00006  0.95188  2.09631  
0.552165  2.89577  3.00004  5.00006  3.00004  5.00006  1.72912  0.541817  
1.97796  0.0442123  3.00004  5.00006  3.00004  5.00006  1.97647  0.0471853  
1.54191  0.916238  3.00004  5.00006  3.00004  5.00006  1.06803  1.86402  
0.473058  3.05398  3.00004  5.00006  3.00004  5.00006  1.2594  1.48126  
0.753861  2.49236  3.00004  5.00006  3.00004  5.00006  0.817767  2.36453  
0.49267  3.01476  3.00004  5.00006  3.00004  5.00006  1.95287  0.0943579  
1.50093  0.998206  3.00004  5.00006  3.00004  5.00006  0.237831  3.52443  
0.672959  2.65415  3.00004  5.00006  3.00004  5.00006  0.370207  3.25966  
0.101681  3.79672  3.00004  5.00006  3.00004  5.00006  0.893991  2.21211  
0.241929  3.51621  3.00004  5.00006  3.00004  5.00006  1.22173  1.55659  
0.143048  3.71403  3.00004  5.00006  3.00004  5.00006  0.12204  3.75604  
1.08983  1.82041  3.00004  5.00006  3.00004  5.00006  0.87477  2.25052  
0.300321  3.39944  3.00004  5.00006  3.00004  5.00006  1.02903  1.94201  
6.40572e-05  4.00006  3.00004  5.00006  3.00004  5.00006  0.215101  3.56989  
0.632747  2.73459  3.00004  5.00006  3.00004  5.00006  0.432302  3.13548  
1.07097  1.85814  3.00004  5.00006  3.00004  5.00006  0.780654  2.43876  
1.75582  0.488413  3.00004  5.00006  3.00004  5.00006  1.62885  0.742388  
0.453411  3.09328  3.00004  5.00006  3.00004  5.00006  0.91337  2.17332  
1.86737  0.265388  3.00004  5.00006  3.00004  5.00006  1.00981  1.98047  
0.954603  2.09086  3.00004  5.00006  3.00004  5.00006  0.304724  3.39063  
1.2629  1.47428  3.00004  5.00006  3.00004  5.00006  0.592134  2.81581  
1.32114  1.3578  3.00004  5.00006  3.00004  5.00006  1.92959  0.140925  
1.77774  0.444599  3.00004  5.00006  3.00004  5.00006  0.836722  2.32662  
0.376795  3.2465  3.00004  5.00006  3.00004  5.00006  1.31513  1.36982  
1.01304  1.97401  3.00004  5.00006  3.00004  5.00006  0.611007  2.77805  
1.28256  1.43495  3.00004  5.00006  3.00004  5.00006  1.47993  1.0402  
0.57191  2.85627  3.00004  5.00006  3.00004  5.00006  0.572881  2.85435  
1.93411  0.131906  3.00004  5.00006  3.00004  5.00006  1.49759  1.00489  
0.395262  3.20955  3.00004  5.00006  3.00004  5.00006  1.66785  0.664357  
1.10885  1.78237  3.00004  5.00006  3.00004  5.00006  0.724775  2.55051  
1.12805  1.74398  3.00004  5.00006  3.00004  5.00006  0.743285  2.51353  
1.05137  1.89733  3.00004  5.00006  3.00004  5.00006  1.0485  1.90308  
1.46039  1.0793  3.00004  5.00006  3.00004  5.00006  0.0246024  3.95089  
0.22235  3.55539  3.00004  5.00006  3.00004  5.00006  0.348535  3.30302  
0.693246  2.61358  3.00004  5.00006  3.00004  5.00006  0.971083  2.05792  
0.612093  2.77587  3.00004  5.00006  3.00004  5.00006  2.00004  3.72137e-05  
0.162946  3.67421  3.00004  5.00006  3.00004  5.00006  1.64838  0.703319  
1.20468  1.5907  3.00004  5.00006  3.00004  5.00006  1.40748  1.18511  
1.71214  0.575784  3.00004  5.00006  3.00004  5.00006  1.5904  0.819273  
1.36017  1.27974  3.00004  5.00006  3.00004  5.00006  0.452456  3.09515  
0.357988  3.2841  3.00004  5.00006  3.00004  5.00006  1.4257  1.14867  
1.16583  1.66841  3.00004  5.00006  3.00004  5.00006  1.51571  0.968658  
1.52164  0.956793  3.00004  5.00006  3.00004  5.00006  6.40572e-05  4.00006  
0.061259  3.87759  3.00004  5.00006  3.00004  5.00006  1.86043  0.279273  
1.24349  1.51309  3.00004  5.00006  3.00004  5.00006  0.0490093  3.90212  
1.30175  1.39659  3.00004  5.00006  3.00004  5.00006  1.68778  0.624526  
1.22429  1.5515  3.00004  5.00006  3.00004  5.00006  0.533877  2.93235  
1.60547  0.789119  3.00004  5.00006  3.00004  5.00006  0.990357  2.01937  
1.4195  1.16109  3.00004  5.00006  3.00004  5.00006  1.46165  1.0768  
1.64759  0.704897  3.00004  5.00006  3.00004  5.00006  1.88317  0.233762  
0.0404887  3.91912  3.00004  5.00006  3.00004  5.00006  1.75014  0.499801  
1.48067  1.03873  3.00004  5.00006  3.00004  5.00006  0.326843  3.34639  
0.532052  2.936  3.00004  5.00006  3.00004  5.00006  0.411466  3.17713  
0.020392  3.95936  3.00004  5.00006  3.00004  5.00006  0.932584  2.1349  
0.319485  3.36111  3.00004  5.00006  3.00004  5.00006  1.29667  1.40673  
1.80027  0.399549  3.00004  5.00006  3.00004  5.00006  1.838  0.324058  
1.5626  0.874853  3.00004  5.00006  3.00004  5.00006  1.1455  1.70907  
1.95593  0.0882328  3.00004  5.00006  3.00004  5.00006  1.55266  0.894751  
0.713527  2.57301  3.00004  5.00006  3.00004  5.00006  0.649177  2.70173  
0.813609  2.37284  3.00004  5.00006  3.00004  5.00006  0.706007  2.58808  
0.934335  2.1314  3.00004  5.00006  3.00004  5.00006  1.70792  0.584235  
1.88942  0.221258  3.00004  5.00006  3.00004  5.00006  1.12613  1.7478  
1.82224  0.3556  3.00004  5.00006  3.00004  5.00006  1.1649  1.67027  
0.512303  2.97546  3.00004  5.00006  3.00004  5.00006  0.630206  2.73966  
0.65273  2.69461  3.00004  5.00006  3.00004  5.00006  1.77197  0.456114  
0.79383  2.41242  3.00004  5.00006  3.00004  5.00006  0.192295  3.61553  
1.14711  1.70586  3.00004  5.00006  3.00004  5.00006  0.282429  3.43521  
1.73371  0.532658  3.00004  5.00006  3.00004  5.00006  1.37077  1.25856  
1.69013  0.619825  3.00004  5.00006  3.00004  5.00006  1.08763  1.82482  
1.34024  1.31958  3.00004  5.00006  3.00004  5.00006  1.27819  1.44369  
1.84465  0.310784  3.00004  5.00006  3.00004  5.00006  1.33364  1.33279  
0.73383  2.5324  3.00004  5.00006  3.00004  5.00006  1.20269  1.59467  
0.0816598  3.83676  3.00004  5.00006  3.00004  5.00006  0.473058  3.05398  
1.03199  1.93609  3.00004  5.00006  3.00004  5.00006  0.798941  2.40218  
1.58426  0.831537  3.00004  5.00006  3.00004  5.00006  0.553414  2.8933  
0.773864  2.45234  3.00004  5.00006  3.00004  5.00006  0.668346  2.66339  
1.62632  0.747444  3.00004  5.00006  3.00004  5.00006  1.10676  1.78656  
0.592134  2.81581  3.00004  5.00006  3.00004  5.00006  1.1835  1.63305  
0.434067  3.13194  3.00004  5.00006  3.00004  5.00006  1.38898  1.22212  
0.122368  3.75538  3.00004  5.00006  3.00004  5.00006  0.146081  3.70795  
1.37968  1.24072  3.00004  5.00006  3.00004  5.00006  0.0734777  3.85312  
0.993247  2.01358  3.00004  5.00006  3.00004  5.00006  0.0978187  3.80451  
0.338778  3.32254  3.00004  5.00006  3.00004  5.00006  1.44345  1.11317  
0.874138  2.25179  3.00004  5.00006  3.00004  5.00006  0.169428  3.66123  
1.91134  0.17739  3.00004  5.00006  3.00004  5.00006  0.493428  3.01323  
0.833721  2.33261  3.00004  5.00006  3.00004  5.00006  1.81557  0.368938  
0.854009  2.29204  3.00004  5.00006  3.00004  5.00006  1.79374  0.412573  
0.973976  2.05213  3.00004  5.00006  3.00004  5.00006  1.60916  0.781736  
0.893991  2.21211  3.00004  5.00006  3.00004  5.00006  1.57103  0.857994  
0.28122  3.43764  3.00004  5.00006  3.00004  5.00006  0.762223  2.47562  
0.914204  2.17166  3.00004  5.00006  3.00004  5.00006  1.90633  0.187414  
1.18536  1.62936  3.00004  5.00006  3.00004  5.00006  1.24054  1.51898  
0.20238  3.59533  3.00004  5.00006  3.00004  5.00006  0.687407  2.62526  
0.182772  3.63457  3.00004  5.00006  3.00004  5.00006  0.513965  2.97214  
0.26207  3.47594  3.00004  5.00006  3.00004  5.00006  1.53415  0.931782  
1.6687  0.662672  3.00004  5.00006  3.00004  5.00006  0.855596  2.28887  
0.414676  3.17071  3.00004  5.00006  3.00004  5.00006  0.390705  3.21867  
1.44107  1.11788  3.00002  5.00002  3.00002  5.00002  0.258574  3.48289  
1.40084  1.19834  3.00002  5.00002  3.00002  5.00002  1.35162  1.29678  
2.00002  1.51155e-05  3.00002  5.00002  3.00002  5.00002  0.951759  2.09652  
0.552541  2.89495  3.00002  5.00002  3.00002  5.00002  1.73159  0.536843  
1.97771  0.0446285  3.00002  5.00002  3.00002  5.00002  1.97663  0.0467769  
1.54334  0.913349  3.00002  5.00002  3.00002  5.00002  1.06742  1.86519  
0.47364  3.05276  3.00002  5.00002  3.00002  5.00002  1.25867  1.48269  
0.753762  2.49252  3.00002  5.00002  3.00002  5.00002  0.818293  2.36345  
0.493334  3.01336  3.00002  5.00002  3.00002  5.00002  1.9536  0.0928509  
1.50203  0.995984  3.00002  5.00002  3.00002  5.00002  0.235904  3.52823  
0.673382  2.65327  3.00002  5.00002  3.00002  5.00002  0.367683  3.26467  
0.101722  3.7966  3.00002  5.00002  3.00002  5.00002  0.894446  2.21114  
0.24138  3.51728  3.00002  5.00002  3.00002  5.00002  1.22126  1.5575  
0.142167  3.7157  3.00002  5.00002  3.00002  5.00002  0.120223  3.75959  
1.08944  1.82115  3.00002  5.00002  3.00002  5.00002  0.875109  2.24982  
0.299646  3.40074  3.00002  5.00002  3.00002  5.00002  1.02893  1.94217  
1.8521e-05  4.00002  3.00002  5.00002  3.00002  5.00002  0.213089  3.57384  
0.632706  2.73462  3.00002  5.00002  3.00002  5.00002  0.4309  3.13823  
1.07036  1.85931  3.00002  5.00002  3.00002  5.00002  0.780405  2.43922  
1.75637  0.487296  3.00002  5.00002  3.00002  5.00002  1.62962  0.740782  
0.454123  3.09178  3.00002  5.00002  3.00002  5.00002  0.913604  2.17282  
1.86697  0.266086  3.00002  5.00002  3.00002  5.00002  1.00959  1.98084  
0.953516  2.093  3.00002  5.00002  3.00002  5.00002  0.30276  3.39451  
1.26328  1.47347  3.00002  5.00002  3.00002  5.00002  0.591515  2.817  
1.32167  1.35668  3.00002  5.00002  3.00002  5.00002  1.93066  0.138733  
1.77851  0.443009  3.00002  5.00002  3.00002  5.00002  0.837161  2.32571  
0.377392  3.24524  3.00002  5.00002  3.00002  5.00002  1.31458  1.37087  
1.01264  1.97474  3.00002  5.00002  3.00002  5.00002  0.610735  2.77857  
1.28261  1.43481  3.00002  5.00002  3.00002  5.00002  1.47964  1.04075  
0.572205  2.85561  3.00002  5.00002  3.00002  5.00002  0.572061  2.8559  
1.93374  0.132568  3.00002  5.00002  3.00002  5.00002  1.4979  1.00423  
0.396358  3.20732  3.00002  5.00002  3.00002  5.00002  1.66971  0.660602  
1.10849  1.78305  3.00002  5.00002  3.00002  5.00002  0.723995  2.55204  
1.12789  1.74424  3.00002  5.00002  3.00002  5.00002  0.742659  2.51471  
1.05119  1.89765  3.00002  5.00002  3.00002  5.00002  1.04828  1.90348  
1.46145  1.07714  3.00002  5.00002  3.00002  5.00002  0.0245696  3.95089  
0.221681  3.55668  3.00002  5.00002  3.00002  5.00002  0.346239  3.30755  
0.693399  2.61323  3.00002  5.00002  3.00002  5.00002  0.970872  2.05828  
0.612376  2.77528  3.00002  5.00002  3.00002  5.00002  2.00002  1.51155e-05  
0.161956  3.67612  3.00002  5.00002  3.00002  5.00002  1.64953  0.700971  
1.20525  1.58952  3.00002  5.00002  3.00002  5.00002  1.40692  1.18619  
1.713  0.574025  3.00002  5.00002  3.00002  5.00002  1.59143  0.817176  
1.36144  1.27714  3.00002  5.00002  3.00002  5.00002  0.451831  3.09637  
0.358165  3.28371  3.00002  5.00002  3.00002  5.00002  1.42523  1.14956  
1.16656  1.66691  3.00002  5.00002  3.00002  5.00002  1.51633  0.967374  
1.52301  0.954006  3.00002  5.00002  3.00002  5.00002  1.8521e-05  4.00002  
0.0608931  3.87825  3.00002  5.00002  3.00002  5.00002  1.86209  0.275843  
1.24377  1.51248  3.00002  5.00002  3.00002  5.00002  0.048719  3.9026  
1.30188  1.39627  3.00002  5.00002  3.00002  5.00002  1.69006  0.619917  
1.22446  1.5511  3.00002  5.00002  3.00002  5.00002  0.532721  2.93459  
1.60621  0.787604  3.00002  5.00002  3.00002  5.00002  0.990194  2.01965  
1.4209  1.15823  3.00002  5.00002  3.00002  5.00002  1.46145  1.07714  
1.6487  0.702633  3.00002  5.00002  3.00002  5.00002  1.88474  0.230556  
0.0406468  3.91875  3.00002  5.00002  3.00002  5.00002  1.75262  0.494789  
1.48194  1.03616  3.00002  5.00002  3.00002  5.00002  0.324506  3.35102  
0.532721  2.93459  3.00002  5.00002  3.00002  5.00002  0.410089  3.17985  
0.0201496  3.95976  3.00002  5.00002  3.00002  5.00002  0.932646  2.13473  
0.319157  3.36172  3.00002  5.00002  3.00002  5.00002  1.29607  1.4079  
1.80053  0.398976  3.00002  5.00002  3.00002  5.00002  1.83969  0.320661  
1.56433  0.871366  3.00002  5.00002  3.00002  5.00002  1.14488  1.71027  
1.95574  0.0885522  3.00002  5.00002  3.00002  5.00002  1.55388  0.89227  
0.713533  2.57296  3.00002  5.00002  3.00002  5.00002  0.648777  2.70248  
0.814279  2.37147  3.00002  5.00002  3.00002  5.00002  0.704981  2.59007  
0.933795  2.13244  3.00002  5.00002  3.00002  5.00002  1.71081  0.578394  
1.88948  0.221077  3.00002  5.00002  3.00002  5.00002  1.12571  1.74861  
1.82258  0.354882  3.00002  5.00002  3.00002  5.00002  1.16395  1.67212  
0.513072  2.97389  3.00002  5.00002  3.00002  5.00002  0.629937  2.74016  
0.653314  2.6934  3.00002  5.00002  3.00002  5.00002  1.77408  0.451865  
0.79415  2.41173  3.00002  5.00002  3.00002  5.00002  0.190264  3.61951  
1.14729  1.70545  3.00002  5.00002  3.00002  5.00002  0.280608  3.43882  
1.73464  0.530752  3.00002  5.00002  3.00002  5.00002  1.37012  1.25978  
1.69172  0.61659  3.00002  5.00002  3.00002  5.00002  1.08667  1.82669  
1.34143  1.31717  3.00002  5.00002  3.00002  5.00002  1.27724  1.44555  
1.84487  0.310288  3.00002  5.00002  3.00002  5.00002  1.33308  1.33386  
0.733623  2.53278  3.00002  5.00002  3.00002  5.00002  1.20222  1.59559  
0.0812288  3.83758  3.00002  5.00002  3.00002  5.00002  0.472481  3.05507  
1.03188  1.93626  3.00002  5.00002  3.00002  5.00002  0.799377  2.40128  
1.58507  0.829896  3.00002  5.00002  3.00002  5.00002  0.552541  2.89495  
0.773972  2.45209  3.00002  5.00002  3.00002  5.00002  0.667428  2.66517  
1.62727  0.745482  3.00002  5.00002  3.00002  5.00002  1.1063  1.78743  
0.592405  2.81522  3.00002  5.00002  3.00002  5.00002  1.18305  1.63393  
0.434873  3.13028  3.00002  5.00002  3.00002  5.00002  1.38849  1.22304  
0.122072  3.7559  3.00002  5.00002  3.00002  5.00002  0.143851  3.71233  
1.38089  1.23824  3.00002  5.00002  3.00002  5.00002  0.0726864  3.85468  
0.992921  2.01419  3.00002  5.00002  3.00002  5.00002  0.0964325  3.80717  
0.338843  3.32235  3.00002  5.00002  3.00002  5.00002  1.44334  1.11336  
0.874171  2.25169  3.00002  5.00002  3.00002  5.00002  0.167098  3.66584  
1.91165  0.176741  3.00002  5.00002  3.00002  5.00002  0.492737  3.01456  
0.834246  2.33155  3.00002  5.00002  3.00002  5.00002  1.81751  0.365  
0.854288  2.29145  3.00002  5.00002  3.00002  5.00002  1.7955  0.409026  
0.973118  2.05379  3.00002  5.00002  3.00002  5.00002  1.61054  0.778947  
0.894168  2.2117  3.00002  5.00002  3.00002  5.00002  1.57252  0.854984  
0.280274  3.43948  3.00002  5.00002  3.00002  5.00002  0.76163  2.47678  
0.913912  2.1722  3.00002  5.00002  3.00002  5.00002  1.90768  0.184678  
1.18577  1.6285  3.00002  5.00002  3.00002  5.00002  1.24008  1.51986  
0.201763  3.59651  3.00002  5.00002  3.00002  5.00002  0.686303  2.62743  
0.182086  3.63587  3.00002  5.00002  3.00002  5.00002  0.512795  2.97444  
0.260775  3.47848  3.00002  5.00002  3.00002  5.00002  1.53492  0.930199  
1.67004  0.659951  3.00002  5.00002  3.00002  5.00002  0.856141  2.28775  
0.415824  3.16838  3.00002  5.00002  3.00002  5.00002  0.388636  3.22275  
1.44195  1.11612  3.00001  5.00001  3.00001  5.00001  0.257543  3.48493  
1.40153  1.19695  3.00001  5.00001  3.00001  5.00001  1.35146  1.2971  
2.00001  6.52047e-06  3.00001  5.00001  3.00001  5.00001  0.951917  2.09618  
0.552713  2.8946  3.00001  5.00001  3.00001  5.00001  1.73254  0.534951  
1.97774  0.04454  3.00001  5.00001  3.00001  5.00001  1.97693  0.046164  
1.54405  0.911915  3.00001  5.00001  3.00001  5.00001  1.06726  1.8655  
0.473696  3.05263  3.00001  5.00001  3.00001  5.00001  1.25865  1.48272  
0.753808  2.4924  3.00001  5.00001  3.00001  5.00001  0.818369  2.36328  
0.493289  3.01344  3.00001  5.00001  3.00001  5.00001  1.95379  0.0924409  
1.50298  0.99406  3.00001  5.00001  3.00001  5.00001  0.234779  3.53046  
0.673442  2.65313  3.00001  5.00001  3.00001  5.00001  0.366368  3.26728  
0.101169  3.79769  3.00001  5.00001  3.00001  5.00001  0.894389  2.21124  
0.240751  3.51851  3.00001  5.00001  3.00001  5.00001  1.22096  1.5581  
0.141784  3.71645  3.00001  5.00001  3.00001  5.00001  0.118984  3.76206  
1.08958  1.82086  3.00001  5.00001  3.00001  5.00001  0.875276  2.24946  
0.299307  3.40141  3.00001  5.00001  3.00001  5.00001  1.02866  1.94269  
7.32653e-06  4.00001  3.00001  5.00001  3.00001  5.00001  0.211917  3.57618  
0.633274  2.73347  3.00001  5.00001  3.00001  5.00001  0.430087  3.13984  
1.07042  1.85918  3.00001  5.00001  3.00001  5.00001  0.780406  2.4392  
1.75703  0.485958  3.00001  5.00001  3.00001  5.00001  1.6314  0.737218  
0.454399  3.09122  3.00001  5.00001  3.00001  5.00001  0.913386  2.17324  
1.86712  0.265767  3.00001  5.00001  3.00001  5.00001  1.00943  1.98116  
0.953257  2.0935  3.00001  5.00001  3.00001  5.00001  0.301666  3.39669  
1.26329  1.47343  3.00001  5.00001  3.00001  5.00001  0.590531  2.81896  
1.32204  1.35593  3.00001  5.00001  3.00001  5.00001  1.931  0.138023  
1.77895  0.442109  3.00001  5.00001  3.00001  5.00001  0.83732  2.32538  
0.377046  3.24592  3.00001  5.00001  3.00001  5.00001  1.31436  1.3713  
1.01231  1.97538  3.00001  5.00001  3.00001  5.00001  0.609885  2.78025  
1.28277  1.43447  3.00001  5.00001  3.00001  5.00001  1.48017  1.03967  
0.5728  2.85442  3.00001  5.00001  3.00001  5.00001  0.57094  2.85814  
1.93363  0.132754  3.00001  5.00001  3.00001  5.00001  1.49851  1.003  
0.396454  3.20711  3.00001  5.00001  3.00001  5.00001  1.67091  0.658204  
1.10883  1.78236  3.00001  5.00001  3.00001  5.00001  0.723935  2.55215  
1.12823  1.74356  3.00001  5.00001  3.00001  5.00001  0.742618  2.51478  
1.05094  1.89813  3.00001  5.00001  3.00001  5.00001  1.04789  1.90424  
1.46211  1.07579  3.00001  5.00001  3.00001  5.00001  0.0240419  3.95194  
0.221284  3.55745  3.00001  5.00001  3.00001  5.00001  0.34499  3.31004  
0.69345  2.61311  3.00001  5.00001  3.00001  5.00001  0.971051  2.05791  
0.613  2.77401  3.00001  5.00001  3.00001  5.00001  2.00001  6.52047e-06  
0.161976  3.67606  3.00001  5.00001  3.00001  5.00001  1.65118  0.697645  
1.20527  1.58947  3.00001  5.00001  3.00001  5.00001  1.4069  1.18621  
1.71335  0.573309  3.00001  5.00001  3.00001  5.00001  1.59277  0.814478  
1.36174  1.27653  3.00001  5.00001  3.00001  5.00001  0.450636  3.09874  
0.35756  3.2849  3.00001  5.00001  3.00001  5.00001  1.42543  1.14915  
1.16673  1.66656  3.00001  5.00001  3.00001  5.00001  1.51705  0.965921  
1.52331  0.953406  3.00001  5.00001  3.00001  5.00001  7.32653e-06  4.00001  
0.0606024  3.87882  3.00001  5.00001  3.00001  5.00001  1.8634  0.273207  
1.24407  1.51187  3.00001  5.00001  3.00001  5.00001  0.0480363  3.90395  
1.3023  1.39542  3.00001  5.00001  3.00001  5.00001  1.69116  0.617707  
1.22464  1.55074  3.00001  5.00001  3.00001  5.00001  0.531594  2.93683  
1.60696  0.78609  3.00001  5.00001  3.00001  5.00001  0.990307  2.0194  
1.42167  1.15668  3.00001  5.00001  3.00001  5.00001  1.46195  1.07613  
1.64885  0.70232  3.00001  5.00001  3.00001  5.00001  1.88575  0.228508  
0.0403951  3.91923  3.00001  5.00001  3.00001  5.00001  1.75376  0.492494  
1.48258  1.03486  3.00001  5.00001  3.00001  5.00001  0.32381  3.35239  
0.532755  2.9345  3.00001  5.00001  3.00001  5.00001  0.409163  3.18169  
0.0203966  3.95923  3.00001  5.00001  3.00001  5.00001  0.93271  2.1346  
0.318559  3.3629  3.00001  5.00001  3.00001  5.00001  1.29578  1.40846  
1.80089  0.398244  3.00001  5.00001  3.00001  5.00001  1.84119  0.317628  
1.56485  0.870311  3.00001  5.00001  3.00001  5.00001  1.14474  1.71052  
1.95592  0.088184  3.00001  5.00001  3.00001  5.00001  1.55436  0.891304  
0.713531  2.57295  3.00001  5.00001  3.00001  5.00001  0.648153  2.70371  
0.814078  2.37186  3.00001  5.00001  3.00001  5.00001  0.705206  2.5896  
0.933549  2.13292  3.00001  5.00001  3.00001  5.00001  1.71189  0.576229  
1.88919  0.221637  3.00001  5.00001  3.00001  5.00001  1.12532  1.74938  
1.82297  0.35407  3.00001  5.00001  3.00001  5.00001  1.16381  1.67239  
0.513002  2.97401  3.00001  5.00001  3.00001  5.00001  0.629208  2.7416  
0.653531  2.69295  3.00001  5.00001  3.00001  5.00001  1.77529  0.44944  
0.793959  2.4121  3.00001  5.00001  3.00001  5.00001  0.188925  3.62216  
1.14744  1.70512  3.00001  5.00001  3.00001  5.00001  0.279781  3.44046  
1.73517  0.529687  3.00001  5.00001  3.00001  5.00001  1.36993  1.26015  
1.69185  0.616323  3.00001  5.00001  3.00001  5.00001  1.08665  1.82672  
1.34187  1.31627  3.00001  5.00001  3.00001  5.00001  1.27718  1.44566  
1.84498  0.310054  3.00001  5.00001  3.00001  5.00001  1.33292  1.33417  
0.733492  2.53304  3.00001  5.00001  3.00001  5.00001  1.20198  1.59605  
0.080857  3.8383  3.00001  5.00001  3.00001  5.00001  0.471091  3.05783  
1.03172  1.93658  3.00001  5.00001  3.00001  5.00001  0.799312  2.40139  
1.58595  0.82812  3.00001  5.00001  3.00001  5.00001  0.551248  2.89752  
0.773878  2.45226  3.00001  5.00001  3.00001  5.00001  0.667272  2.66547  
1.62778  0.744466  3.00001  5.00001  3.00001  5.00001  1.10603  1.78795  
0.592885  2.81425  3.00001  5.00001  3.00001  5.00001  1.1828  1.63441  
0.435086  3.12984  3.00001  5.00001  3.00001  5.00001  1.3884  1.22322  
0.121678  3.75666  3.00001  5.00001  3.00001  5.00001  0.142367  3.71528  
1.38147  1.23707  3.00001  5.00001  3.00001  5.00001  0.0717787  3.85646  
0.992563  2.01489  3.00001  5.00001  3.00001  5.00001  0.0954826  3.80906  
0.338091  3.32383  3.00001  5.00001  3.00001  5.00001  1.44376  1.1125  
0.873814  2.25239  3.00001  5.00001  3.00001  5.00001  0.165792  3.66843  
1.91131  0.177392  3.00001  5.00001  3.00001  5.00001  0.491609  3.0168  
0.834053  2.33191  3.00001  5.00001  3.00001  5.00001  1.81892  0.362186  
0.853912  2.2922  3.00001  5.00001  3.00001  5.00001  1.79706  0.405892  
0.972974  2.05407  3.00001  5.00001  3.00001  5.00001  1.61211  0.77579  
0.893819  2.21238  3.00001  5.00001  3.00001  5.00001  1.57343  0.853145  
0.279833  3.44035  3.00001  5.00001  3.00001  5.00001  0.761481  2.47706  
0.913767  2.17248  3.00001  5.00001  3.00001  5.00001  1.90822  0.183582  
1.18599  1.62804  3.00001  5.00001  3.00001  5.00001  1.23984  1.52034  
0.201463  3.59709  3.00001  5.00001  3.00001  5.00001  0.686364  2.62729  
0.181812  3.63639  3.00001  5.00001  3.00001  5.00001  0.511773  2.97647  
0.260326  3.47937  3.00001  5.00001  3.00001  5.00001  1.53569  0.928631  
1.67055  0.65892  3.00001  5.00001  3.00001  5.00001  0.856414  2.28719  
0.415826  3.16836  3.00001  5.00001  3.00001  5.00001  0.387785  3.22444  
1.44199  1.11604  3  5  3  5  0.2562  3.48761  
1.40201  1.19599  3  5  3  5  1.35143  1.29715  
2  2.65627e-06  3  5  3  5  0.952116  2.09578  
0.552801  2.89441  3  5  3  5  1.73424  0.531529  
1.97775  0.0445142  3  5  3  5  1.97698  0.0460534  
1.54502  0.909976  3  5  3  5  1.06743  1.86515  
0.474193  3.05162  3  5  3  5  1.25832  1.48336  
0.753911  2.49219  3  5  3  5  0.818417  2.36317  
0.493852  3.0123  3  5  3  5  1.9542  0.0916195  
1.50353  0.992957  3  5  3  5  0.233645  3.53272  
0.673487  2.65304  3  5  3  5  0.365258  3.26949  
0.101149  3.79771  3  5  3  5  0.894562  2.21088  
0.240608  3.51879  3  5  3  5  1.2206  1.55881  
0.141653  3.71671  3  5  3  5  0.118774  3.76246  
1.08933  1.82134  3  5  3  5  0.875492  2.24902  
0.299258  3.40149  3  5  3  5  1.0287  1.94261  
2.39869e-06  4  3  5  3  5  0.211062  3.57789  
0.633208  2.73359  3  5  3  5  0.428253  3.1435  
1.07015  1.85971  3  5  3  5  0.780563  2.43889  
1.75722  0.485568  3  5  3  5  1.63283  0.734352  
0.454794  3.09042  3  5  3  5  0.913677  2.17265  
1.86712  0.265778  3  5  3  5  1.00947  1.98108  
0.952786  2.09444  3  5  3  5  0.300047  3.39992  
1.2637  1.4726  3  5  3  5  0.589666  2.82068  
1.3226  1.35481  3  5  3  5  1.93151  0.136991  
1.77921  0.441581  3  5  3  5  0.837409  2.32519  
0.377321  3.24537  3  5  3  5  1.31429  1.37143  
1.01203  1.97596  3  5  3  5  0.609062  2.78188  
1.28326  1.43349  3  5  3  5  1.48075  1.03851  
0.57274  2.85453  3  5  3  5  0.570025  2.85996  
1.93329  0.13343  3  5  3  5  1.49942  1.00116  
0.39663  3.20675  3  5  3  5  1.67283  0.654356  
1.10866  1.78269  3  5  3  5  0.724091  2.55182  
1.12814  1.74373  3  5  3  5  0.742928  2.51415  
1.05084  1.89832  3  5  3  5  1.04806  1.90389  
1.46239  1.07523  3  5  3  5  0.0239524  3.95211  
0.221013  3.55798  3  5  3  5  0.34363  3.31275  
0.693647  2.61271  3  5  3  5  0.971191  2.05763  
0.613057  2.77389  3  5  3  5  2  2.65627e-06  
0.161668  3.67668  3  5  3  5  1.65265  0.6947  
1.20518  1.58966  3  5  3  5  1.4069  1.18621  
1.71387  0.57228  3  5  3  5  1.59364  0.812734  
1.36206  1.2759  3  5  3  5  0.449197  3.10161  
0.357733  3.28454  3  5  3  5  1.42534  1.14932  
1.16672  1.66657  3  5  3  5  1.5181  0.963811  
1.52439  0.951236  3  5  3  5  2.39869e-06  4  
0.0607279  3.87855  3  5  3  5  1.86404  0.271938  
1.24403  1.51194  3  5  3  5  0.0476714  3.90467  
1.30276  1.39448  3  5  3  5  1.69339  0.61322  
1.22451  1.55099  3  5  3  5  0.530411  2.93919  
1.60712  0.785771  3  5  3  5  0.990215  2.01958  
1.42197  1.15606  3  5  3  5  1.46223  1.07555  
1.64946  0.701079  3  5  3  5  1.88624  0.227533  
0.0405292  3.91895  3  5  3  5  1.75568  0.488647  
1.48286  1.03429  3  5  3  5  0.321915  3.35618  
0.53293  2.93415  3  5  3  5  0.407327  3.18535  
0.0200185  3.95998  3  5  3  5  0.932926  2.13416  
0.318758  3.36249  3  5  3  5  1.29568  1.40865  
1.80123  0.397552  3  5  3  5  1.84191  0.316195  
1.56555  0.868916  3  5  3  5  1.14448  1.71106  
1.95549  0.0890296  3  5  3  5  1.55532  0.889361  
0.71386  2.57229  3  5  3  5  0.647727  2.70456  
0.813985  2.37204  3  5  3  5  0.705136  2.58973  
0.933227  2.13355  3  5  3  5  1.71345  0.573113  
1.8892  0.221614  3  5  3  5  1.12534  1.74934  
1.82318  0.353647  3  5  3  5  1.16345  1.67312  
0.513401  2.97321  3  5  3  5  0.628335  2.74334  
0.653252  2.69351  3  5  3  5  1.77682  0.446363  
0.793938  2.41213  3  5  3  5  0.188372  3.62327  
1.14733  1.70535  3  5  3  5  0.278112  3.44378  
1.73548  0.529052  3  5  3  5  1.37  1.26  
1.6924  0.615202  3  5  3  5  1.08673  1.82654  
1.34231  1.31538  3  5  3  5  1.27702  1.44598  
1.84505  0.309914  3  5  3  5  1.33285  1.33431  
0.733789  2.53243  3  5  3  5  1.20161  1.59678  
0.0807966  3.83841  3  5  3  5  0.469884  3.06024  
1.03158  1.93685  3  5  3  5  0.799448  2.40111  
1.58623  0.827552  3  5  3  5  0.550346  2.89932  
0.773984  2.45204  3  5  3  5  0.666975  2.66606  
1.62824  0.743534  3  5  3  5  1.10608  1.78785  
0.592836  2.81433  3  5  3  5  1.1827  1.63461  
0.435469  3.12907  3  5  3  5  1.38848  1.22304  
0.121419  3.75717  3  5  3  5  0.142048  3.71592  
1.38205  1.23591  3  5  3  5  0.0713762  3.85725  
0.992276  2.01546  3  5  3  5  0.095163  3.80968  
0.338287  3.32343  3  5  3  5  1.44383  1.11235  
0.873595  2.25282  3  5  3  5  0.165172  3.66967  
1.91119  0.177636  3  5  3  5  0.490299  3.01941  
0.833898  2.33221  3  5  3  5  1.82002  0.359965  
0.853696  2.29262  3  5  3  5  1.79841  0.403194  
0.972556  2.0549  3  5  3  5  1.61296  0.774082  
0.893581  2.21285  3  5  3  5  1.57438  0.851256  
0.279879  3.44025  3  5  3  5  0.761754  2.4765  
0.913482  2.17305  3  5  3  5  1.90886  0.182288  
1.18598  1.62805  3  5  3  5  1.23947  1.52107  
0.201317  3.59738  3  5  3  5  0.686109  2.62779  
0.181569  3.63687  3  5  3  5  0.510355  2.9793  
0.260241  3.47953  3  5  3  5  1.53664  0.926725  
1.67089  0.65822  3  5  3  5  0.856413  2.28718  
0.416025  3.16796  3  5  3  5  0.386374  3.22726  
1.44301  1.11399  3  5  3  5  0.25455  3.4909  
1.40256  1.19489  3  5  3  5  1.35132  1.29737  
2  2.13334e-06  3  5  3  5  0.952094  2.09582  
0.553202  2.8936  3  5  3  5  1.73618  0.527641  
1.97788  0.0442413  3  5  3  5  1.97725  0.0455081  
1.54507  0.909856  3  5  3  5  1.06739  1.86523  
0.474381  3.05124  3  5  3  5  1.25812  1.48377  
0.753972  2.49206  3  5  3  5  0.818466  2.36307  
0.493946  3.01211  3  5  3  5  1.9543  0.0914142  
1.5041  0.991796  3  5  3  5  0.232133  3.53574  
0.673369  2.65327  3  5  3  5  0.364275  3.27146  
0.100871  3.79826  3  5  3  5  0.894625  2.21076  
0.240629  3.51875  3  5  3  5  1.22057  1.55887  
0.14111  3.71778  3  5  3  5  0.117923  3.76416  
1.08953  1.82095  3  5  3  5  0.875561  2.24888  
0.299224  3.40156  3  5  3  5  1.02876  1.94248  
1.64337e-06  4  3  5  3  5  0.20982  3.58036  
0.633315  2.73338  3  5  3  5  0.427368  3.14527  
1.07004  1.85992  3  5  3  5  0.780603  2.4388  
1.75735  0.485309  3  5  3  5  1.63397  0.732062  
0.454832  3.09034  3  5  3  5  0.913808  2.17239  
1.86706  0.265883  3  5  3  5  1.00947  1.98107  
0.952721  2.09456  3  5  3  5  0.298745  3.40251  
1.26373  1.47255  3  5  3  5  0.589317  2.82137  
1.32262  1.35476  3  5  3  5  1.93158  0.136853  
1.77927  0.441458  3  5  3  5  0.837445  2.32512  
0.377418  3.24517  3  5  3  5  1.31416  1.37169  
1.01165  1.97671  3  5  3  5  0.608864  2.78228  
1.28334  1.43332  3  5  3  5  1.48075  1.03851  
0.573033  2.85394  3  5  3  5  0.569413  2.86118  
1.93339  0.133225  3  5  3  5  1.49942  1.00116  
0.396787  3.20643  3  5  3  5  1.674  0.652  
1.10885  1.78231  3  5  3  5  0.724015  2.55197  
1.1283  1.7434  3  5  3  5  0.742887  2.51423  
1.05059  1.89883  3  5  3  5  1.04808  1.90385  
1.46329  1.07342  3  5  3  5  0.0238191  3.95237  
0.221064  3.55788  3  5  3  5  0.342686  3.31463  
0.693585  2.61284  3  5  3  5  0.971292  2.05742  
0.613215  2.77358  3  5  3  5  2  2.13334e-06  
0.161197  3.67761  3  5  3  5  1.65357  0.692864  
1.20551  1.58899  3  5  3  5  1.40678  1.18645  
1.71417  0.571661  3  5  3  5  1.5948  0.810399  
1.36223  1.27555  3  5  3  5  0.448161  3.10368  
0.357911  3.28418  3  5  3  5  1.42526  1.14948  
1.16674  1.66653  3  5  3  5  1.51835  0.963309  
1.52458  0.950837  3  5  3  5  1.64337e-06  4  
0.0605729  3.87886  3  5  3  5  1.86468  0.270643  
1.24411  1.51179  3  5  3  5  0.0475598  3.90489  
1.30301  1.39398  3  5  3  5  1.6945  0.610997  
1.22482  1.55036  3  5  3  5  0.529482  2.94104  
1.60758  0.784841  3  5  3  5  0.990371  2.01926  
1.42286  1.15428  3  5  3  5  1.46223  1.07555  
1.64994  0.700131  3  5  3  5  1.88697  0.226071  
0.0404961  3.91901  3  5  3  5  1.75722  0.485564  
1.48351  1.03299  3  5  3  5  0.32104  3.35792  
0.533472  2.93306  3  5  3  5  0.406523  3.18696  
0.0201555  3.95969  3  5  3  5  0.932993  2.13402  
0.318672  3.36266  3  5  3  5  1.29555  1.40891  
1.80119  0.397623  3  5  3  5  1.84244  0.315121  
1.56585  0.868313  3  5  3  5  1.14428  1.71145  
1.95566  0.0886761  3  5  3  5  1.55645  0.887109  
0.713712  2.57258  3  5  3  5  0.647534  2.70494  
0.813749  2.37251  3  5  3  5  0.705039  2.58993  
0.932993  2.13402  3  5  3  5  1.71532  0.569363  
1.88908  0.221845  3  5  3  5  1.12513  1.74974  
1.82317  0.353667  3  5  3  5  1.16342  1.67317  
0.51374  2.97253  3  5  3  5  0.628172  2.74366  
0.653314  2.69338  3  5  3  5  1.77839  0.443214  
0.793936  2.41213  3  5  3  5  0.187246  3.62551  
1.1476  1.70481  3  5  3  5  0.276919  3.44617  
1.73576  0.528478  3  5  3  5  1.36988  1.26025  
1.6928  0.61441  3  5  3  5  1.08673  1.82654  
1.34234  1.31533  3  5  3  5  1.27682  1.44637  
1.84512  0.309764  3  5  3  5  1.33272  1.33457  
0.733894  2.53222  3  5  3  5  1.20159  1.59682  
0.0807966  3.83841  3  5  3  5  0.4688  3.06241  
1.0312  1.93761  3  5  3  5  0.799541  2.40092  
1.58677  0.82646  3  5  3  5  0.549481  2.90104  
0.773868  2.45227  3  5  3  5  0.666879  2.66625  
1.62854  0.742922  3  5  3  5  1.10594  1.78813  
0.593116  2.81377  3  5  3  5  1.18248  1.63504  
0.435451  3.1291  3  5  3  5  1.38838  1.22324  
0.121051  3.7579  3  5  3  5  0.14111  3.71778  
1.3822  1.23561  3  5  3  5  0.0711392  3.85773  
0.992075  2.01585  3  5  3  5  0.0946752  3.81066  
0.33829  3.32343  3  5  3  5  1.44373  1.11254  
0.873455  2.25309  3  5  3  5  0.16438  3.67125  
1.91131  0.177389  3  5  3  5  0.489184  3.02164  
0.833727  2.33255  3  5  3  5  1.82093  0.358152  
0.853606  2.29279  3  5  3  5  1.79952  0.400956  
0.972519  2.05497  3  5  3  5  1.6143  0.771414  
0.893364  2.21328  3  5  3  5  1.57554  0.848934  
0.27955  3.4409  3  5  3  5  0.761781  2.47644  
0.913259  2.17349  3  5  3  5  1.90923  0.181555  
1.1861  1.62781  3  5  3  5  1.23945  1.5211  
0.201154  3.5977  3  5  3  5  0.68606  2.62789  
0.181177  3.63765  3  5  3  5  0.509365  2.98127  
0.259979  3.48005  3  5  3  5  1.5373  0.925398  
1.67133  0.657337  3  5  3  5  0.856485  2.28704  
0.416025  3.16796  3  5  3  5  0.385419  3.22917  
