1.82711  3.58508  3.54514  5.53352  1.79769e+308  1.79769e+308  1.82711  3.58508  
2.21796  2.51704  3.54514  5.53352  1.79769e+308  1.79769e+308  2.21796  2.51704  
2.06503  3.00988  3.54514  5.53352  1.79769e+308  1.79769e+308  2.06503  3.00988  
2.31974  1.80716  3.54514  5.53352  1.79769e+308  1.79769e+308  2.31974  1.80716  
2.22352  2.22953  3.54514  5.53352  1.79769e+308  1.79769e+308  2.22352  2.22953  
2.17618  2.90684  3.54514  5.53352  1.79769e+308  1.79769e+308  2.17618  2.90684  
1.52646  3.91583  3.54514  5.53352  1.79769e+308  1.79769e+308  1.52646  3.91583  
2.20832  2.79469  3.54514  5.53352  1.79769e+308  1.79769e+308  2.20832  2.79469  
2.03401  3.05734  3.54514  5.53352  1.79769e+308  1.79769e+308  2.03401  3.05734  
2.09677  2.90696  3.54514  5.53352  1.79769e+308  1.79769e+308  2.09677  2.90696  
2.14668  3.05493  3.54514  5.53352  1.79769e+308  1.79769e+308  2.14668  3.05493  
1.92345  3.28704  3.54514  5.53352  1.79769e+308  1.79769e+308  1.92345  3.28704  
1.8783  3.51964  3.54514  5.53352  1.79769e+308  1.79769e+308  1.8783  3.51964  
1.77357  3.78118  3.54514  5.53352  1.79769e+308  1.79769e+308  1.77357  3.78118  
1.17032  4.3362  3.54514  5.53352  1.79769e+308  1.79769e+308  1.17032  4.3362  
2.40492  2.27673  3.54514  5.53352  1.79769e+308  1.79769e+308  2.40492  2.27673  
1.13443  4.26867  3.54514  5.53352  1.79769e+308  1.79769e+308  1.13443  4.26867  
1.7287  3.65519  3.54514  5.53352  1.79769e+308  1.79769e+308  1.7287  3.65519  
2.04584  3.30823  3.54514  5.53352  1.79769e+308  1.79769e+308  2.04584  3.30823  
2.30388  2.23394  3.54514  5.53352  1.79769e+308  1.79769e+308  2.30388  2.23394  
2.33499  1.9083  3.54514  5.53352  1.79769e+308  1.79769e+308  2.33499  1.9083  
1.64675  3.71925  3.54514  5.53352  1.79769e+308  1.79769e+308  1.64675  3.71925  
2.35542  1.79225  3.54514  5.53352  1.79769e+308  1.79769e+308  2.35542  1.79225  
1.95708  3.50827  3.54514  5.53352  1.79769e+308  1.79769e+308  1.95708  3.50827  
2.31457  2.73619  3.54514  5.53352  1.79769e+308  1.79769e+308  2.31457  2.73619  
2.2239  2.53166  3.54514  5.53352  1.79769e+308  1.79769e+308  2.2239  2.53166  
1.65286  3.70336  3.54514  5.53352  1.79769e+308  1.79769e+308  1.65286  3.70336  
2.31162  2.43316  3.54514  5.53352  1.79769e+308  1.79769e+308  2.31162  2.43316  
2.17634  2.97526  3.54514  5.53352  1.79769e+308  1.79769e+308  2.17634  2.97526  
2.10295  2.95362  3.54514  5.53352  1.79769e+308  1.79769e+308  2.10295  2.95362  
2.1538  2.68462  3.54514  5.53352  1.79769e+308  1.79769e+308  2.1538  2.68462  
2.11691  3.02847  3.54514  5.53352  1.79769e+308  1.79769e+308  2.11691  3.02847  
2.30924  2.38082  3.54514  5.53352  1.79769e+308  1.79769e+308  2.30924  2.38082  
1.55012  4.02921  3.54514  5.53352  1.79769e+308  1.79769e+308  1.55012  4.02921  
1.57071  3.95652  3.54514  5.53352  1.79769e+308  1.79769e+308  1.57071  3.95652  
2.19689  2.92079  3.54514  5.53352  1.79769e+308  1.79769e+308  2.19689  2.92079  
1.37848  4.18812  3.54514  5.53352  1.79769e+308  1.79769e+308  1.37848  4.18812  
2.25312  3.02342  3.54514  5.53352  1.79769e+308  1.79769e+308  2.25312  3.02342  
2.09065  2.56332  3.54514  5.53352  1.79769e+308  1.79769e+308  2.09065  2.56332  
2.31782  2.52979  3.54514  5.53352  1.79769e+308  1.79769e+308  2.31782  2.52979  
2.20878  2.57578  3.54514  5.53352  1.79769e+308  1.79769e+308  2.20878  2.57578  
1.92673  3.51135  3.54514  5.53352  1.79769e+308  1.79769e+308  1.92673  3.51135  
2.06406  3.06633  3.54514  5.53352  1.79769e+308  1.79769e+308  2.06406  3.06633  
1.6627  3.81003  3.54514  5.53352  1.79769e+308  1.79769e+308  1.6627  3.81003  
1.97522  3.19085  3.54514  5.53352  1.79769e+308  1.79769e+308  1.97522  3.19085  
2.07508  3.20603  3.54514  5.53352  1.79769e+308  1.79769e+308  2.07508  3.20603  
1.76438  3.62955  3.54514  5.53352  1.79769e+308  1.79769e+308  1.76438  3.62955  
2.18432  2.38825  3.54514  5.53352  1.79769e+308  1.79769e+308  2.18432  2.38825  
1.72305  3.71508  3.54514  5.53352  1.79769e+308  1.79769e+308  1.72305  3.71508  
2.06433  3.13312  3.54514  5.53352  1.79769e+308  1.79769e+308  2.06433  3.13312  
2.32641  2.24848  3.54514  5.53352  1.79769e+308  1.79769e+308  2.32641  2.24848  
2.17079  2.55464  3.54514  5.53352  1.79769e+308  1.79769e+308  2.17079  2.55464  
2.15178  2.73493  3.54514  5.53352  1.79769e+308  1.79769e+308  2.15178  2.73493  
1.99168  3.22873  3.54514  5.53352  1.79769e+308  1.79769e+308  1.99168  3.22873  
1.98608  3.37013  3.54514  5.53352  1.79769e+308  1.79769e+308  1.98608  3.37013  
2.37575  2.37787  3.54514  5.53352  1.79769e+308  1.79769e+308  2.37575  2.37787  
1.7169  3.59716  3.54514  5.53352  1.79769e+308  1.79769e+308  1.7169  3.59716  
2.20288  2.58202  3.54514  5.53352  1.79769e+308  1.79769e+308  2.20288  2.58202  
1.57654  3.83981  3.54514  5.53352  1.79769e+308  1.79769e+308  1.57654  3.83981  
2.14848  2.62985  3.54514  5.53352  1.79769e+308  1.79769e+308  2.14848  2.62985  
1.90009  3.64506  3.54514  5.53352  1.79769e+308  1.79769e+308  1.90009  3.64506  
2.28009  2.40731  3.54514  5.53352  1.79769e+308  1.79769e+308  2.28009  2.40731  
2.10134  2.68647  3.54514  5.53352  1.79769e+308  1.79769e+308  2.10134  2.68647  
2.25557  2.55449  3.54514  5.53352  1.79769e+308  1.79769e+308  2.25557  2.55449  
1.77396  3.49311  3.54514  5.53352  1.79769e+308  1.79769e+308  1.77396  3.49311  
1.77303  3.65552  3.54514  5.53352  1.79769e+308  1.79769e+308  1.77303  3.65552  
1.92684  3.16657  3.54514  5.53352  1.79769e+308  1.79769e+308  1.92684  3.16657  
1.72029  3.84491  3.54514  5.53352  1.79769e+308  1.79769e+308  1.72029  3.84491  
2.32363  2.09893  3.54514  5.53352  1.79769e+308  1.79769e+308  2.32363  2.09893  
2.28351  2.48847  3.54514  5.53352  1.79769e+308  1.79769e+308  2.28351  2.48847  
2.03953  3.2468  3.54514  5.53352  1.79769e+308  1.79769e+308  2.03953  3.2468  
1.97775  3.01153  3.54514  5.53352  1.79769e+308  1.79769e+308  1.97775  3.01153  
1.57006  4.12187  3.54514  5.53352  1.79769e+308  1.79769e+308  1.57006  4.12187  
1.22786  4.28303  3.54514  5.53352  1.79769e+308  1.79769e+308  1.22786  4.28303  
1.41935  3.92018  3.54514  5.53352  1.79769e+308  1.79769e+308  1.41935  3.92018  
1.97563  3.28778  3.54514  5.53352  1.79769e+308  1.79769e+308  1.97563  3.28778  
1.81034  3.50319  3.54514  5.53352  1.79769e+308  1.79769e+308  1.81034  3.50319  
1.70012  3.54798  3.54514  5.53352  1.79769e+308  1.79769e+308  1.70012  3.54798  
2.16925  2.80281  3.54514  5.53352  1.79769e+308  1.79769e+308  2.16925  2.80281  
2.37105  2.36104  3.54514  5.53352  1.79769e+308  1.79769e+308  2.37105  2.36104  
1.87921  3.4301  3.54514  5.53352  1.79769e+308  1.79769e+308  1.87921  3.4301  
1.78962  3.74773  3.54514  5.53352  1.79769e+308  1.79769e+308  1.78962  3.74773  
2.34027  2.65698  3.54514  5.53352  1.79769e+308  1.79769e+308  2.34027  2.65698  
1.77084  3.64628  3.54514  5.53352  1.79769e+308  1.79769e+308  1.77084  3.64628  
2.14387  2.91669  3.54514  5.53352  1.79769e+308  1.79769e+308  2.14387  2.91669  
2.21487  2.54085  3.54514  5.53352  1.79769e+308  1.79769e+308  2.21487  2.54085  
2.24522  2.47974  3.54514  5.53352  1.79769e+308  1.79769e+308  2.24522  2.47974  
2.54514  1.74316  3.54514  5.53352  1.79769e+308  1.79769e+308  2.54514  1.74316  
1.76153  3.68134  3.54514  5.53352  1.79769e+308  1.79769e+308  1.76153  3.68134  
2.20645  2.0458  3.54514  5.53352  1.79769e+308  1.79769e+308  2.20645  2.0458  
2.37786  2.46345  3.54514  5.53352  1.79769e+308  1.79769e+308  2.37786  2.46345  
1.22871  4.29375  3.54514  5.53352  1.79769e+308  1.79769e+308  1.22871  4.29375  
2.38377  2.11862  3.54514  5.53352  1.79769e+308  1.79769e+308  2.38377  2.11862  
2.0808  3.00153  3.54514  5.53352  1.79769e+308  1.79769e+308  2.0808  3.00153  
2.00378  3.16811  3.54514  5.53352  1.79769e+308  1.79769e+308  2.00378  3.16811  
2.23667  2.95363  3.54514  5.53352  1.79769e+308  1.79769e+308  2.23667  2.95363  
1.98361  3.54171  3.54514  5.53352  1.79769e+308  1.79769e+308  1.98361  3.54171  
2.10459  2.97283  3.54514  5.53352  1.79769e+308  1.79769e+308  2.10459  2.97283  
2.11462  2.88777  3.54514  5.53352  1.79769e+308  1.79769e+308  2.11462  2.88777  
1.08821  4.53352  3.54514  5.53352  1.79769e+308  1.79769e+308  1.08821  4.53352  
1.30336  3.16711  3.05  5.03767  3.05  5.03767  0.931488  3.64053  
0.651015  3.86512  3.05  5.03767  3.05  5.03767  1.46748  2.87188  
0.986428  3.58446  3.05  5.03767  3.05  5.03767  0.912291  3.65913  
0.206918  4.03767  3.05  5.03767  3.05  5.03767  1.37384  3.0483  
0.62203  3.8829  3.05  5.03767  3.05  5.03767  2.02762  0.646784  
1.57734  2.63242  3.05  5.03767  3.05  5.03767  2.05  0.0571101  
1.25221  3.24668  3.05  5.03767  3.05  5.03767  1.15029  3.39027  
0.890629  3.67951  3.05  5.03767  3.05  5.03767  1.72033  2.25  
1.47774  2.85111  3.05  5.03767  3.05  5.03767  1.18615  3.34191  
0.467643  3.96182  3.05  5.03767  3.05  5.03767  1.85407  1.77666  
2.00549  0.889223  3.05  5.03767  3.05  5.03767  1.07813  3.481  
0.31342  4.01515  3.05  5.03767  3.05  5.03767  0.812877  3.74758  
1.07652  3.48294  3.05  5.03767  3.05  5.03767  1.09615  3.45915  
1.38348  3.03116  3.05  5.03767  3.05  5.03767  0.657301  3.86113  
1.86119  1.74659  3.05  5.03767  3.05  5.03767  1.99586  0.974392  
0.707006  3.82801  3.05  5.03767  3.05  5.03767  0.421212  3.9805  
0.93943  3.63269  3.05  5.03767  3.05  5.03767  1.82519  1.8925  
1.62008  2.52778  3.05  5.03767  3.05  5.03767  1.2523  3.24654  
0.761083  3.78864  3.05  5.03767  3.05  5.03767  1.1321  3.41397  
1.79552  2.0026  3.05  5.03767  3.05  5.03767  2.04391  0.361989  
0.679029  3.84701  3.05  5.03767  3.05  5.03767  1.48275  2.84085  
1.84871  1.79889  3.05  5.03767  3.05  5.03767  0.384686  3.99359  
1.95914  1.24193  3.05  5.03767  3.05  5.03767  1.59363  2.5934  
0.915278  3.65627  3.05  5.03767  3.05  5.03767  1.6417  2.47197  
0.865815  3.70209  3.05  5.03767  3.05  5.03767  1.23743  3.2687  
1.3993  3.00255  3.05  5.03767  3.05  5.03767  1.16837  3.36617  
1.11731  3.4328  3.05  5.03767  3.05  5.03767  1.56052  2.6717  
0.562016  3.9167  3.05  5.03767  3.05  5.03767  1.73313  2.21063  
1.00994  3.55914  3.05  5.03767  3.05  5.03767  1.81045  1.94822  
0.397684  3.98909  3.05  5.03767  3.05  5.03767  0.79151  3.76492  
0.788016  3.7677  3.05  5.03767  3.05  5.03767  1.74585  2.17047  
1.92895  1.42045  3.05  5.03767  3.05  5.03767  1.57717  2.63282  
2.02292  0.70604  3.05  5.03767  3.05  5.03767  0.624549  3.88139  
1.75164  2.15184  3.05  5.03767  3.05  5.03767  1.65796  2.42861  
1.98747  1.04242  3.05  5.03767  3.05  5.03767  0.590926  3.90092  
1.5066  2.79103  3.05  5.03767  3.05  5.03767  1.4208  2.96266  
0.531248  3.93247  3.05  5.03767  3.05  5.03767  1.38925  3.0208  
1.43155  2.94228  3.05  5.03767  3.05  5.03767  1.60988  2.55342  
1.82262  1.90235  3.05  5.03767  3.05  5.03767  1.45202  2.90261  
1.7664  2.10325  3.05  5.03767  3.05  5.03767  1.02279  3.54496  
1.35127  3.08757  3.05  5.03767  3.05  5.03767  0.45596  3.96673  
0.814428  3.7463  3.05  5.03767  3.05  5.03767  1.92165  1.45985  
1.83571  1.85137  3.05  5.03767  3.05  5.03767  1.3425  3.1025  
1.97825  1.1118  3.05  5.03767  3.05  5.03767  0.833435  3.73034  
2.05  0.0571101  3.05  5.03767  3.05  5.03767  1.20355  3.31762  
1.52082  2.76048  3.05  5.03767  3.05  5.03767  1.35799  3.076  
1.31957  3.14076  3.05  5.03767  3.05  5.03767  1.54425  2.70873  
0.592209  3.9002  3.05  5.03767  3.05  5.03767  1.68952  2.34083  
1.90766  1.53201  3.05  5.03767  3.05  5.03767  1.86779  1.71812  
1.59145  2.59868  3.05  5.03767  3.05  5.03767  1.93461  1.389  
1.23474  3.27267  3.05  5.03767  3.05  5.03767  1.96013  1.23557  
1.89643  1.58715  3.05  5.03767  3.05  5.03767  0.304507  4.01748  
0.357407  4.00247  3.05  5.03767  3.05  5.03767  0.557578  3.91904  
1.78123  2.05285  3.05  5.03767  3.05  5.03767  0.853392  3.71309  
1.13731  3.40724  3.05  5.03767  3.05  5.03767  1.3115  3.15395  
1.54898  2.69808  3.05  5.03767  3.05  5.03767  1.83975  1.83528  
1.03296  3.53356  3.05  5.03767  3.05  5.03767  1.88164  1.65637  
1.87336  1.69359  3.05  5.03767  3.05  5.03767  0.967753  3.604  
1.44756  2.91135  3.05  5.03767  3.05  5.03767  0.769765  3.78199  
1.53492  2.72957  3.05  5.03767  3.05  5.03767  1.05945  3.50313  
2.04482  0.337784  3.05  5.03767  3.05  5.03767  0.258597  4.02818  
1.21634  3.29941  3.05  5.03767  3.05  5.03767  1.0046  3.56496  
1.64822  2.45475  3.05  5.03767  3.05  5.03767  1.79611  2.00049  
2.01422  0.803269  3.05  5.03767  3.05  5.03767  1.43632  2.93314  
2.03102  0.599821  3.05  5.03767  3.05  5.03767  0.743237  3.80202  
1.70641  2.29171  3.05  5.03767  3.05  5.03767  1.984  1.06909  
1.15727  3.38104  3.05  5.03767  3.05  5.03767  1.77009  2.09087  
1.66241  2.41653  3.05  5.03767  3.05  5.03767  1.89544  1.5919  
1.36745  3.05953  3.05  5.03767  3.05  5.03767  0.206918  4.03767  
1.49248  2.82074  3.05  5.03767  3.05  5.03767  1.40493  2.99222  
0.263962  4.02704  3.05  5.03767  3.05  5.03767  1.49765  2.80994  
0.840363  3.72441  3.05  5.03767  3.05  5.03767  0.892588  3.6777  
1.67653  2.37757  3.05  5.03767  3.05  5.03767  1.327  3.12849  
1.17746  3.35384  3.05  5.03767  3.05  5.03767  1.78215  2.04967  
1.93909  1.36352  3.05  5.03767  3.05  5.03767  2.01775  0.765437  
1.6909  2.33688  3.05  5.03767  3.05  5.03767  1.90865  1.52704  
0.963252  3.60863  3.05  5.03767  3.05  5.03767  0.714279  3.82292  
1.41521  2.97315  3.05  5.03767  3.05  5.03767  0.491186  3.95146  
1.33546  3.11437  3.05  5.03767  3.05  5.03767  1.62603  2.51262  
2.03834  0.481339  3.05  5.03767  3.05  5.03767  2.00715  0.873603  
1.80913  1.95312  3.05  5.03767  3.05  5.03767  0.986225  3.58468  
1.05469  3.50866  3.05  5.03767  3.05  5.03767  1.04126  3.52413  
1.19712  3.32665  3.05  5.03767  3.05  5.03767  0.688283  3.84083  
1.73652  2.20002  3.05  5.03767  3.05  5.03767  0.345363  4.00614  
1.28691  3.19329  3.05  5.03767  3.05  5.03767  1.51331  2.77671  
1.72128  2.2471  3.05  5.03767  3.05  5.03767  2.03628  0.517704  
1.63403  2.49202  3.05  5.03767  3.05  5.03767  1.28238  3.20039  
1.96874  1.17863  3.05  5.03767  3.05  5.03767  1.11396  3.43702  
0.499818  3.94752  3.05  5.03767  3.05  5.03767  1.26766  3.2232  
0.73449  3.80844  3.05  5.03767  3.05  5.03767  0.873212  3.69545  
1.94924  1.30361  3.05  5.03767  3.05  5.03767  1.75788  2.13154  
1.56332  2.66525  3.05  5.03767  3.05  5.03767  1.52904  2.74253  
1.91846  1.47669  3.05  5.03767  3.05  5.03767  1.94726  1.31554  
1.26957  3.22026  3.05  5.03767  3.05  5.03767  1.22071  3.29311  
1.99652  0.96882  3.05  5.03767  3.05  5.03767  1.705  2.29588  
1.4627  2.88146  3.05  5.03767  3.05  5.03767  1.2972  3.17698  
1.60577  2.56363  3.05  5.03767  3.05  5.03767  0.949561  3.62256  
0.43331  3.97585  3.05  5.03767  3.05  5.03767  1.67336  2.38641  
1.88517  1.64014  3.05  5.03767  3.05  5.03767  0.52468  3.93571  
1.09714  3.45793  3.05  5.03767  3.05  5.03767  1.97205  1.15584  
1.3026  3.16834  3.05  5.03767  3.05  5.03767  0.930941  3.64107  
0.651408  3.86487  3.05  5.03767  3.05  5.03767  1.46799  2.87085  
0.986495  3.58439  3.05  5.03767  3.05  5.03767  0.911654  3.65974  
0.206918  4.03767  3.05  5.03767  3.05  5.03767  1.37505  3.04615  
0.62265  3.88253  3.05  5.03767  3.05  5.03767  2.02744  0.649057  
1.57793  2.63102  3.05  5.03767  3.05  5.03767  2.05  0.0539494  
1.2512  3.24819  3.05  5.03767  3.05  5.03767  1.1506  3.38986  
0.890702  3.67945  3.05  5.03767  3.05  5.03767  1.7176  2.25826  
1.47731  2.85199  3.05  5.03767  3.05  5.03767  1.18538  3.34297  
0.466607  3.96226  3.05  5.03767  3.05  5.03767  1.85558  1.77033  
2.00651  0.879649  3.05  5.03767  3.05  5.03767  1.07819  3.48093  
0.310922  4.01581  3.05  5.03767  3.05  5.03767  0.807903  3.75167  
1.07488  3.4849  3.05  5.03767  3.05  5.03767  1.09653  3.45868  
1.38366  3.03083  3.05  5.03767  3.05  5.03767  0.652851  3.86396  
1.86078  1.74833  3.05  5.03767  3.05  5.03767  1.99649  0.969097  
0.707505  3.82766  3.05  5.03767  3.05  5.03767  0.422978  3.97983  
0.939489  3.63263  3.05  5.03767  3.05  5.03767  1.82863  1.8792  
1.62096  2.52555  3.05  5.03767  3.05  5.03767  1.25108  3.24839  
0.761926  3.788  3.05  5.03767  3.05  5.03767  1.13278  3.41309  
1.79489  2.00485  3.05  5.03767  3.05  5.03767  2.04389  0.362533  
0.679707  3.84656  3.05  5.03767  3.05  5.03767  1.48344  2.83944  
1.84814  1.80123  3.05  5.03767  3.05  5.03767  0.386098  3.99311  
1.95936  1.24056  3.05  5.03767  3.05  5.03767  1.59454  2.59117  
0.915278  3.65627  3.05  5.03767  3.05  5.03767  1.64226  2.47051  
0.86576  3.70214  3.05  5.03767  3.05  5.03767  1.23521  3.27197  
1.39966  3.0019  3.05  5.03767  3.05  5.03767  1.16824  3.36634  
1.11662  3.43368  3.05  5.03767  3.05  5.03767  1.56286  2.6663  
0.563138  3.9161  3.05  5.03767  3.05  5.03767  1.73184  2.21465  
1.00931  3.55983  3.05  5.03767  3.05  5.03767  1.81495  1.93142  
0.393952  3.9904  3.05  5.03767  3.05  5.03767  0.783727  3.7711  
0.788261  3.76751  3.05  5.03767  3.05  5.03767  1.74584  2.17049  
1.92887  1.4209  3.05  5.03767  3.05  5.03767  1.57841  2.62988  
2.02331  0.701353  3.05  5.03767  3.05  5.03767  0.62265  3.88253  
1.75155  2.15212  3.05  5.03767  3.05  5.03767  1.6579  2.42879  
1.98831  1.03579  3.05  5.03767  3.05  5.03767  0.591597  3.90054  
1.50667  2.79089  3.05  5.03767  3.05  5.03767  1.42142  2.96149  
0.532073  3.93206  3.05  5.03767  3.05  5.03767  1.39058  3.0184  
1.43113  2.94309  3.05  5.03767  3.05  5.03767  1.61067  2.55145  
1.82224  1.90381  3.05  5.03767  3.05  5.03767  1.45257  2.90152  
1.76624  2.1038  3.05  5.03767  3.05  5.03767  1.02341  3.54426  
1.3516  3.08699  3.05  5.03767  3.05  5.03767  0.458822  3.96554  
0.814431  3.74629  3.05  5.03767  3.05  5.03767  1.92246  1.45558  
1.8354  1.8526  3.05  5.03767  3.05  5.03767  1.34417  3.09967  
1.97854  1.10969  3.05  5.03767  3.05  5.03767  0.829937  3.73331  
2.05  0.0539494  3.05  5.03767  3.05  5.03767  1.20244  3.31918  
1.52104  2.76001  3.05  5.03767  3.05  5.03767  1.35942  3.07353  
1.31934  3.14113  3.05  5.03767  3.05  5.03767  1.5469  2.70277  
0.592913  3.8998  3.05  5.03767  3.05  5.03767  1.68819  2.34464  
1.90727  1.53396  3.05  5.03767  3.05  5.03767  1.86929  1.71155  
1.59204  2.59723  3.05  5.03767  3.05  5.03767  1.93543  1.38438  
1.23329  3.27479  3.05  5.03767  3.05  5.03767  1.9607  1.23193  
1.89599  1.58923  3.05  5.03767  3.05  5.03767  0.305391  4.01725  
0.354343  4.00342  3.05  5.03767  3.05  5.03767  0.559822  3.91786  
1.78069  2.0547  3.05  5.03767  3.05  5.03767  0.851137  3.71507  
1.13698  3.40767  3.05  5.03767  3.05  5.03767  1.3132  3.15118  
1.54978  2.69626  3.05  5.03767  3.05  5.03767  1.84199  1.82625  
1.03169  3.53498  3.05  5.03767  3.05  5.03767  1.88257  1.65212  
1.8729  1.69566  3.05  5.03767  3.05  5.03767  0.968366  3.60337  
1.44684  2.91276  3.05  5.03767  3.05  5.03767  0.760544  3.78905  
1.53547  2.72834  3.05  5.03767  3.05  5.03767  1.06008  3.50238  
2.04484  0.33723  3.05  5.03767  3.05  5.03767  0.259088  4.02808  
1.21487  3.30151  3.05  5.03767  3.05  5.03767  1.00483  3.56471  
1.64967  2.45089  3.05  5.03767  3.05  5.03767  1.80117  1.98226  
2.0151  0.793971  3.05  5.03767  3.05  5.03767  1.43698  2.93186  
2.03106  0.599179  3.05  5.03767  3.05  5.03767  0.735274  3.80787  
1.70715  2.2895  3.05  5.03767  3.05  5.03767  1.98509  1.06077  
1.15699  3.3814  3.05  5.03767  3.05  5.03767  1.77353  2.07923  
1.66351  2.41355  3.05  5.03767  3.05  5.03767  1.89616  1.58842  
1.36771  3.05908  3.05  5.03767  3.05  5.03767  0.206918  4.03767  
1.49204  2.82165  3.05  5.03767  3.05  5.03767  1.40614  2.98999  
0.262431  4.02737  3.05  5.03767  3.05  5.03767  1.49948  2.80608  
0.840346  3.72443  3.05  5.03767  3.05  5.03767  0.892002  3.67824  
1.67767  2.37439  3.05  5.03767  3.05  5.03767  1.32862  3.1258  
1.17652  3.35512  3.05  5.03767  3.05  5.03767  1.78724  2.03191  
1.93926  1.36255  3.05  5.03767  3.05  5.03767  2.01779  0.765011  
1.69253  2.33219  3.05  5.03767  3.05  5.03767  1.90936  1.5235  
0.963227  3.60866  3.05  5.03767  3.05  5.03767  0.7093  3.82641  
1.41545  2.97271  3.05  5.03767  3.05  5.03767  0.49354  3.9504  
1.33555  3.11422  3.05  5.03767  3.05  5.03767  1.6266  2.51116  
2.03841  0.480026  3.05  5.03767  3.05  5.03767  2.0075  0.87026  
1.80882  1.95426  3.05  5.03767  3.05  5.03767  0.986683  3.58419  
1.05334  3.51023  3.05  5.03767  3.05  5.03767  1.04183  3.52348  
1.19591  3.32835  3.05  5.03767  3.05  5.03767  0.681894  3.84511  
1.73676  2.19926  3.05  5.03767  3.05  5.03767  0.347195  4.00559  
1.28572  3.19516  3.05  5.03767  3.05  5.03767  1.51481  2.77348  
1.7219  2.24523  3.05  5.03767  3.05  5.03767  2.03623  0.518559  
1.63522  2.48892  3.05  5.03767  3.05  5.03767  1.28248  3.20024  
1.96909  1.17621  3.05  5.03767  3.05  5.03767  1.11474  3.43605  
0.500224  3.94733  3.05  5.03767  3.05  5.03767  1.26702  3.22419  
0.73488  3.80816  3.05  5.03767  3.05  5.03767  0.87208  3.69647  
1.94944  1.3024  3.05  5.03767  3.05  5.03767  1.75971  2.12547  
1.56393  2.66383  3.05  5.03767  3.05  5.03767  1.53071  2.73886  
1.9181  1.47856  3.05  5.03767  3.05  5.03767  1.94808  1.31061  
1.26881  3.22144  3.05  5.03767  3.05  5.03767  1.21904  3.29552  
1.99763  0.959328  3.05  5.03767  3.05  5.03767  1.70307  2.30155  
1.46222  2.88241  3.05  5.03767  3.05  5.03767  1.29797  3.17575  
1.60693  2.56076  3.05  5.03767  3.05  5.03767  0.949784  3.62233  
0.431118  3.9767  3.05  5.03767  3.05  5.03767  1.67318  2.38692  
1.88459  1.64283  3.05  5.03767  3.05  5.03767  0.527287  3.93443  
1.09597  3.45937  3.05  5.03767  3.05  5.03767  1.97317  1.14801  
1.30232  3.16878  3.05  5.03767  3.05  5.03767  0.930618  3.64138  
0.651896  3.86456  3.05  5.03767  3.05  5.03767  1.4691  2.86862  
0.986307  3.58459  3.05  5.03767  3.05  5.03767  0.910833  3.66052  
0.206918  4.03767  3.05  5.03767  3.05  5.03767  1.37582  3.0448  
0.623139  3.88224  3.05  5.03767  3.05  5.03767  2.02744  0.649057  
1.57865  2.62932  3.05  5.03767  3.05  5.03767  2.05  0.0511205  
1.25036  3.24945  3.05  5.03767  3.05  5.03767  1.15044  3.39008  
0.890746  3.67941  3.05  5.03767  3.05  5.03767  1.71749  2.25861  
1.47714  2.85233  3.05  5.03767  3.05  5.03767  1.18501  3.34348  
0.466288  3.96239  3.05  5.03767  3.05  5.03767  1.85727  1.76323  
2.00691  0.87583  3.05  5.03767  3.05  5.03767  1.07879  3.48021  
0.310271  4.01598  3.05  5.03767  3.05  5.03767  0.804554  3.7544  
1.07469  3.48512  3.05  5.03767  3.05  5.03767  1.09682  3.45832  
1.38381  3.03058  3.05  5.03767  3.05  5.03767  0.650255  3.8656  
1.86042  1.74985  3.05  5.03767  3.05  5.03767  1.99672  0.967089  
0.707806  3.82745  3.05  5.03767  3.05  5.03767  0.424882  3.9791  
0.939489  3.63263  3.05  5.03767  3.05  5.03767  1.82976  1.87476  
1.62206  2.52275  3.05  5.03767  3.05  5.03767  1.25111  3.24834  
0.762504  3.78756  3.05  5.03767  3.05  5.03767  1.13278  3.41309  
1.79475  2.00535  3.05  5.03767  3.05  5.03767  2.04388  0.36279  
0.679984  3.84638  3.05  5.03767  3.05  5.03767  1.48487  2.8365  
1.84792  1.80213  3.05  5.03767  3.05  5.03767  0.387601  3.9926  
1.95978  1.23785  3.05  5.03767  3.05  5.03767  1.59512  2.58976  
0.915323  3.65623  3.05  5.03767  3.05  5.03767  1.64232  2.47033  
0.86576  3.70214  3.05  5.03767  3.05  5.03767  1.23492  3.2724  
1.39966  3.0019  3.05  5.03767  3.05  5.03767  1.1678  3.36694  
1.11657  3.43374  3.05  5.03767  3.05  5.03767  1.5638  2.66413  
0.563469  3.91593  3.05  5.03767  3.05  5.03767  1.73184  2.21465  
1.00912  3.56004  3.05  5.03767  3.05  5.03767  1.81593  1.92777  
0.393841  3.99044  3.05  5.03767  3.05  5.03767  0.780737  3.77345  
0.788966  3.76695  3.05  5.03767  3.05  5.03767  1.74606  2.16981  
1.9288  1.42128  3.05  5.03767  3.05  5.03767  1.57935  2.62766  
2.02372  0.696315  3.05  5.03767  3.05  5.03767  0.621081  3.88347  
1.75213  2.15025  3.05  5.03767  3.05  5.03767  1.6578  2.42905  
1.98887  1.0314  3.05  5.03767  3.05  5.03767  0.590981  3.90089  
1.50671  2.7908  3.05  5.03767  3.05  5.03767  1.42256  2.95935  
0.532164  3.93202  3.05  5.03767  3.05  5.03767  1.39142  3.01687  
1.43125  2.94286  3.05  5.03767  3.05  5.03767  1.61093  2.55079  
1.82197  1.90484  3.05  5.03767  3.05  5.03767  1.45379  2.89913  
1.76661  2.10255  3.05  5.03767  3.05  5.03767  1.02401  3.54359  
1.35176  3.08673  3.05  5.03767  3.05  5.03767  0.460709  3.96475  
0.814857  3.74594  3.05  5.03767  3.05  5.03767  1.92414  1.44659  
1.83523  1.85328  3.05  5.03767  3.05  5.03767  1.34477  3.09865  
1.97934  1.10384  3.05  5.03767  3.05  5.03767  0.827235  3.7356  
2.05  0.0511205  3.05  5.03767  3.05  5.03767  1.20185  3.32001  
1.5212  2.75967  3.05  5.03767  3.05  5.03767  1.36014  3.07227  
1.319  3.14168  3.05  5.03767  3.05  5.03767  1.54768  2.70099  
0.593913  3.89924  3.05  5.03767  3.05  5.03767  1.68817  2.3447  
1.90707  1.53497  3.05  5.03767  3.05  5.03767  1.87105  1.70381  
1.593  2.59491  3.05  5.03767  3.05  5.03767  1.93698  1.37559  
1.23211  3.27652  3.05  5.03767  3.05  5.03767  1.96155  1.2264  
1.8958  1.59016  3.05  5.03767  3.05  5.03767  0.305611  4.0172  
0.353733  4.0036  3.05  5.03767  3.05  5.03767  0.559794  3.91787  
1.78066  2.05479  3.05  5.03767  3.05  5.03767  0.848947  3.71698  
1.13681  3.40789  3.05  5.03767  3.05  5.03767  1.31387  3.15009  
1.54981  2.69619  3.05  5.03767  3.05  5.03767  1.84335  1.82076  
1.03137  3.53534  3.05  5.03767  3.05  5.03767  1.88454  1.64307  
1.87237  1.69801  3.05  5.03767  3.05  5.03767  0.968624  3.6031  
1.44674  2.91295  3.05  5.03767  3.05  5.03767  0.756499  3.79212  
1.53563  2.72799  3.05  5.03767  3.05  5.03767  1.06058  3.5018  
2.04486  0.336526  3.05  5.03767  3.05  5.03767  0.259602  4.02797  
1.21399  3.30277  3.05  5.03767  3.05  5.03767  1.00568  3.56379  
1.6508  2.44786  3.05  5.03767  3.05  5.03767  1.80181  1.97993  
2.01545  0.790249  3.05  5.03767  3.05  5.03767  1.43823  2.92946  
2.0314  0.5943  3.05  5.03767  3.05  5.03767  0.731075  3.81092  
1.70855  2.28535  3.05  5.03767  3.05  5.03767  1.9853  1.05919  
1.15689  3.38154  3.05  5.03767  3.05  5.03767  1.7742  2.07695  
1.66492  2.40969  3.05  5.03767  3.05  5.03767  1.89801  1.57953  
1.36792  3.05872  3.05  5.03767  3.05  5.03767  0.206918  4.03767  
1.49204  2.82165  3.05  5.03767  3.05  5.03767  1.40693  2.98854  
0.262315  4.0274  3.05  5.03767  3.05  5.03767  1.50055  2.80384  
0.84049  3.7243  3.05  5.03767  3.05  5.03767  0.890793  3.67936  
1.67956  2.36907  3.05  5.03767  3.05  5.03767  1.32925  3.12476  
1.17635  3.35535  3.05  5.03767  3.05  5.03767  1.78796  2.02937  
1.93926  1.36253  3.05  5.03767  3.05  5.03767  2.01784  0.7644  
1.69416  2.32749  3.05  5.03767  3.05  5.03767  1.9112  1.51417  
0.963192  3.6087  3.05  5.03767  3.05  5.03767  0.704944  3.82944  
1.41555  2.97251  3.05  5.03767  3.05  5.03767  0.494982  3.94974  
1.33552  3.11427  3.05  5.03767  3.05  5.03767  1.62662  2.51112  
2.03846  0.479111  3.05  5.03767  3.05  5.03767  2.00753  0.869926  
1.80841  1.95577  3.05  5.03767  3.05  5.03767  0.987219  3.58362  
1.05325  3.51034  3.05  5.03767  3.05  5.03767  1.04217  3.52309  
1.19542  3.32904  3.05  5.03767  3.05  5.03767  0.678046  3.84766  
1.73757  2.19671  3.05  5.03767  3.05  5.03767  0.348165  4.0053  
1.28524  3.1959  3.05  5.03767  3.05  5.03767  1.51627  2.77033  
1.72307  2.24165  3.05  5.03767  3.05  5.03767  2.03622  0.518795  
1.63634  2.48601  3.05  5.03767  3.05  5.03767  1.28255  3.20013  
1.9697  1.17204  3.05  5.03767  3.05  5.03767  1.11495  3.43579  
0.499833  3.94751  3.05  5.03767  3.05  5.03767  1.26695  3.22429  
0.735499  3.80771  3.05  5.03767  3.05  5.03767  0.869891  3.69844  
1.9497  1.30083  3.05  5.03767  3.05  5.03767  1.76015  2.12402  
1.56421  2.66318  3.05  5.03767  3.05  5.03767  1.53206  2.7359  
1.91803  1.47891  3.05  5.03767  3.05  5.03767  1.94937  1.30284  
1.26802  3.22265  3.05  5.03767  3.05  5.03767  1.21859  3.29616  
1.99807  0.955549  3.05  5.03767  3.05  5.03767  1.70295  2.30189  
1.4621  2.88265  3.05  5.03767  3.05  5.03767  1.29818  3.17541  
1.60727  2.5599  3.05  5.03767  3.05  5.03767  0.949776  3.62234  
0.431118  3.9767  3.05  5.03767  3.05  5.03767  1.67308  2.38718  
1.88435  1.64395  3.05  5.03767  3.05  5.03767  0.527936  3.93411  
1.09575  3.45963  3.05  5.03767  3.05  5.03767  1.97358  1.14513  
1.30204  3.16923  3.05  5.03767  3.05  5.03767  0.930039  3.64195  
0.652582  3.86413  3.05  5.03767  3.05  5.03767  1.47059  2.86562  
0.986167  3.58474  3.05  5.03767  3.05  5.03767  0.910314  3.66102  
0.206918  4.03767  3.05  5.03767  3.05  5.03767  1.37636  3.04383  
0.623681  3.88191  3.05  5.03767  3.05  5.03767  2.0277  0.645718  
1.57898  2.62854  3.05  5.03767  3.05  5.03767  2.05  0.0506522  
1.24974  3.25039  3.05  5.03767  3.05  5.03767  1.15038  3.39016  
0.890916  3.67925  3.05  5.03767  3.05  5.03767  1.71759  2.2583  
1.47714  2.85233  3.05  5.03767  3.05  5.03767  1.18496  3.34355  
0.466288  3.96239  3.05  5.03767  3.05  5.03767  1.85815  1.75948  
2.00736  0.871521  3.05  5.03767  3.05  5.03767  1.07898  3.47998  
0.310271  4.01598  3.05  5.03767  3.05  5.03767  0.802669  3.75594  
1.07451  3.48533  3.05  5.03767  3.05  5.03767  1.09704  3.45805  
1.38393  3.03035  3.05  5.03767  3.05  5.03767  0.649228  3.86624  
1.86008  1.75129  3.05  5.03767  3.05  5.03767  1.99741  0.961249  
0.708384  3.82705  3.05  5.03767  3.05  5.03767  0.42538  3.97891  
0.93947  3.63265  3.05  5.03767  3.05  5.03767  1.83079  1.87075  
1.62254  2.52154  3.05  5.03767  3.05  5.03767  1.25104  3.24844  
0.762683  3.78742  3.05  5.03767  3.05  5.03767  1.13278  3.41309  
1.79468  2.00561  3.05  5.03767  3.05  5.03767  2.0439  0.362111  
0.680833  3.84581  3.05  5.03767  3.05  5.03767  1.48631  2.83353  
1.84768  1.8031  3.05  5.03767  3.05  5.03767  0.388088  3.99243  
1.96004  1.2362  3.05  5.03767  3.05  5.03767  1.59588  2.58792  
0.915379  3.65617  3.05  5.03767  3.05  5.03767  1.64258  2.46966  
0.86607  3.70187  3.05  5.03767  3.05  5.03767  1.23482  3.27254  
1.3998  3.00163  3.05  5.03767  3.05  5.03767  1.16775  3.367  
1.11615  3.43427  3.05  5.03767  3.05  5.03767  1.56495  2.66145  
0.563469  3.91593  3.05  5.03767  3.05  5.03767  1.73203  2.21406  
1.00887  3.56031  3.05  5.03767  3.05  5.03767  1.81705  1.92354  
0.393406  3.9906  3.05  5.03767  3.05  5.03767  0.778934  3.77487  
0.789001  3.76692  3.05  5.03767  3.05  5.03767  1.74639  2.16873  
1.92887  1.42089  3.05  5.03767  3.05  5.03767  1.58049  2.62496  
2.02416  0.690941  3.05  5.03767  3.05  5.03767  0.620614  3.88374  
1.75229  2.14973  3.05  5.03767  3.05  5.03767  1.65797  2.4286  
1.9892  1.02882  3.05  5.03767  3.05  5.03767  0.590981  3.90089  
1.50671  2.7908  3.05  5.03767  3.05  5.03767  1.42342  2.95772  
0.532248  3.93198  3.05  5.03767  3.05  5.03767  1.39191  3.016  
1.43125  2.94286  3.05  5.03767  3.05  5.03767  1.61159  2.54916  
1.82179  1.90553  3.05  5.03767  3.05  5.03767  1.4548  2.89712  
1.7666  2.10261  3.05  5.03767  3.05  5.03767  1.02418  3.54341  
1.35176  3.08673  3.05  5.03767  3.05  5.03767  0.461012  3.96462  
0.815082  3.74575  3.05  5.03767  3.05  5.03767  1.92476  1.44321  
1.83497  1.85429  3.05  5.03767  3.05  5.03767  1.34541  3.09756  
1.97948  1.10279  3.05  5.03767  3.05  5.03767  0.825657  3.73693  
2.05  0.0506522  3.05  5.03767  3.05  5.03767  1.20169  3.32024  
1.5212  2.75967  3.05  5.03767  3.05  5.03767  1.36085  3.07104  
1.31894  3.14179  3.05  5.03767  3.05  5.03767  1.54893  2.69817  
0.593952  3.89922  3.05  5.03767  3.05  5.03767  1.68811  2.34486  
1.90697  1.53547  3.05  5.03767  3.05  5.03767  1.87174  1.70078  
1.59354  2.59361  3.05  5.03767  3.05  5.03767  1.93755  1.37234  
1.23168  3.27716  3.05  5.03767  3.05  5.03767  1.96237  1.22108  
1.89564  1.59094  3.05  5.03767  3.05  5.03767  0.306257  4.01703  
0.353307  4.00373  3.05  5.03767  3.05  5.03767  0.560184  3.91767  
1.78074  2.05453  3.05  5.03767  3.05  5.03767  0.847637  3.71812  
1.13643  3.40837  3.05  5.03767  3.05  5.03767  1.31421  3.14953  
1.55002  2.69571  3.05  5.03767  3.05  5.03767  1.84462  1.81562  
1.03107  3.53569  3.05  5.03767  3.05  5.03767  1.8853  1.63956  
1.87218  1.69884  3.05  5.03767  3.05  5.03767  0.968511  3.60322  
1.44669  2.91304  3.05  5.03767  3.05  5.03767  0.754997  3.79325  
1.53567  2.7279  3.05  5.03767  3.05  5.03767  1.06098  3.50133  
2.04494  0.334312  3.05  5.03767  3.05  5.03767  0.259965  4.0279  
1.21334  3.30369  3.05  5.03767  3.05  5.03767  1.00574  3.56372  
1.65154  2.44588  3.05  5.03767  3.05  5.03767  1.80309  1.97529  
2.01602  0.784252  3.05  5.03767  3.05  5.03767  1.43907  2.92783  
2.0317  0.589921  3.05  5.03767  3.05  5.03767  0.7298  3.81185  
1.70913  2.28363  3.05  5.03767  3.05  5.03767  1.98623  1.05206  
1.15621  3.38245  3.05  5.03767  3.05  5.03767  1.77482  2.07485  
1.66595  2.40688  3.05  5.03767  3.05  5.03767  1.8986  1.57668  
1.36792  3.05872  3.05  5.03767  3.05  5.03767  0.206918  4.03767  
1.49204  2.82165  3.05  5.03767  3.05  5.03767  1.4079  2.98674  
0.262315  4.0274  3.05  5.03767  3.05  5.03767  1.5019  2.80099  
0.840762  3.72407  3.05  5.03767  3.05  5.03767  0.88992  3.68017  
1.68053  2.36635  3.05  5.03767  3.05  5.03767  1.33006  3.1234  
1.1757  3.35623  3.05  5.03767  3.05  5.03767  1.78884  2.0263  
1.93944  1.36151  3.05  5.03767  3.05  5.03767  2.01819  0.760589  
1.6948  2.32565  3.05  5.03767  3.05  5.03767  1.91176  1.51128  
0.963076  3.60882  3.05  5.03767  3.05  5.03767  0.704177  3.82997  
1.41555  2.97251  3.05  5.03767  3.05  5.03767  0.494982  3.94974  
1.33546  3.11437  3.05  5.03767  3.05  5.03767  1.62714  2.50979  
2.03864  0.475817  3.05  5.03767  3.05  5.03767  2.00812  0.864302  
1.80829  1.95621  3.05  5.03767  3.05  5.03767  0.987219  3.58362  
1.05294  3.5107  3.05  5.03767  3.05  5.03767  1.04264  3.52255  
1.19473  3.33  3.05  5.03767  3.05  5.03767  0.677048  3.84832  
1.73791  2.19567  3.05  5.03767  3.05  5.03767  0.348345  4.00524  
1.28502  3.19625  3.05  5.03767  3.05  5.03767  1.51753  2.76762  
1.72354  2.24022  3.05  5.03767  3.05  5.03767  2.03626  0.518036  
1.63708  2.48407  3.05  5.03767  3.05  5.03767  1.2828  3.19973  
1.96988  1.17083  3.05  5.03767  3.05  5.03767  1.11503  3.43569  
0.499935  3.94747  3.05  5.03767  3.05  5.03767  1.26705  3.22414  
0.735806  3.80748  3.05  5.03767  3.05  5.03767  0.868939  3.6993  
1.94987  1.29976  3.05  5.03767  3.05  5.03767  1.76068  2.12228  
1.56453  2.66243  3.05  5.03767  3.05  5.03767  1.53346  2.7328  
1.91805  1.47886  3.05  5.03767  3.05  5.03767  1.94993  1.2994  
1.26757  3.22334  3.05  5.03767  3.05  5.03767  1.21836  3.29649  
1.99838  0.952939  3.05  5.03767  3.05  5.03767  1.70291  2.30201  
1.46198  2.88288  3.05  5.03767  3.05  5.03767  1.29854  3.17483  
1.60809  2.55788  3.05  5.03767  3.05  5.03767  0.94954  3.62258  
0.430897  3.97679  3.05  5.03767  3.05  5.03767  1.67317  2.38695  
1.8841  1.64511  3.05  5.03767  3.05  5.03767  0.528237  3.93396  
1.09559  3.45983  3.05  5.03767  3.05  5.03767  1.9745  1.13864  
1.30194  3.16939  3.05  5.03767  3.05  5.03767  0.929366  3.64261  
0.652582  3.86413  3.05  5.03767  3.05  5.03767  1.4714  2.86397  
0.986038  3.58487  3.05  5.03767  3.05  5.03767  0.909613  3.66168  
0.206918  4.03767  3.05  5.03767  3.05  5.03767  1.37704  3.04264  
0.623681  3.88191  3.05  5.03767  3.05  5.03767  2.02776  0.644843  
1.57995  2.62623  3.05  5.03767  3.05  5.03767  2.05  0.0504715  
1.2494  3.2509  3.05  5.03767  3.05  5.03767  1.15036  3.39019  
0.891129  3.67905  3.05  5.03767  3.05  5.03767  1.71772  2.25791  
1.47709  2.85244  3.05  5.03767  3.05  5.03767  1.18471  3.34389  
0.466225  3.96242  3.05  5.03767  3.05  5.03767  1.85919  1.75509  
2.00762  0.869099  3.05  5.03767  3.05  5.03767  1.07922  3.4797  
0.309772  4.01612  3.05  5.03767  3.05  5.03767  0.801482  3.7569  
1.07411  3.48581  3.05  5.03767  3.05  5.03767  1.0972  3.45785  
1.38398  3.03027  3.05  5.03767  3.05  5.03767  0.648825  3.8665  
1.86008  1.75129  3.05  5.03767  3.05  5.03767  1.99774  0.958462  
0.708741  3.8268  3.05  5.03767  3.05  5.03767  0.425618  3.97882  
0.93947  3.63265  3.05  5.03767  3.05  5.03767  1.8315  1.86796  
1.62347  2.51917  3.05  5.03767  3.05  5.03767  1.25104  3.24844  
0.763206  3.78702  3.05  5.03767  3.05  5.03767  1.1328  3.41306  
1.79468  2.00561  3.05  5.03767  3.05  5.03767  2.04395  0.360926  
0.680975  3.84572  3.05  5.03767  3.05  5.03767  1.48719  2.83172  
1.84759  1.80347  3.05  5.03767  3.05  5.03767  0.388273  3.99237  
1.96022  1.23502  3.05  5.03767  3.05  5.03767  1.59673  2.58585  
0.9156  3.65596  3.05  5.03767  3.05  5.03767  1.64283  2.46901  
0.866327  3.70164  3.05  5.03767  3.05  5.03767  1.23474  3.27266  
1.39983  3.00158  3.05  5.03767  3.05  5.03767  1.16764  3.36716  
1.11581  3.4347  3.05  5.03767  3.05  5.03767  1.56545  2.6603  
0.56365  3.91583  3.05  5.03767  3.05  5.03767  1.73245  2.21273  
1.00883  3.56036  3.05  5.03767  3.05  5.03767  1.81785  1.92052  
0.393167  3.99068  3.05  5.03767  3.05  5.03767  0.77788  3.77569  
0.789594  3.76645  3.05  5.03767  3.05  5.03767  1.74684  2.16728  
1.92895  1.42048  3.05  5.03767  3.05  5.03767  1.5811  2.6235  
2.0244  0.687962  3.05  5.03767  3.05  5.03767  0.620056  3.88408  
1.75293  2.14764  3.05  5.03767  3.05  5.03767  1.65818  2.42803  
1.98963  1.02536  3.05  5.03767  3.05  5.03767  0.59055  3.90113  
1.50708  2.79001  3.05  5.03767  3.05  5.03767  1.42432  2.95602  
0.532248  3.93198  3.05  5.03767  3.05  5.03767  1.39289  3.01422  
1.43125  2.94286  3.05  5.03767  3.05  5.03767  1.61211  2.54786  
1.82172  1.90582  3.05  5.03767  3.05  5.03767  1.45558  2.89558  
1.76706  2.10107  3.05  5.03767  3.05  5.03767  1.02452  3.54303  
1.35176  3.08673  3.05  5.03767  3.05  5.03767  0.461203  3.96454  
0.81558  3.74534  3.05  5.03767  3.05  5.03767  1.92569  1.43824  
1.83478  1.85508  3.05  5.03767  3.05  5.03767  1.34572  3.09704  
1.98009  1.09832  3.05  5.03767  3.05  5.03767  0.824074  3.73826  
2.05  0.0504715  3.05  5.03767  3.05  5.03767  1.20159  3.32038  
1.52186  2.75823  3.05  5.03767  3.05  5.03767  1.36132  3.07023  
1.3188  3.14201  3.05  5.03767  3.05  5.03767  1.54963  2.69658  
0.594047  3.89916  3.05  5.03767  3.05  5.03767  1.68824  2.34449  
1.90697  1.5355  3.05  5.03767  3.05  5.03767  1.87265  1.69677  
1.59444  2.59142  3.05  5.03767  3.05  5.03767  1.9384  1.36747  
1.23126  3.27777  3.05  5.03767  3.05  5.03767  1.96316  1.21586  
1.89564  1.59094  3.05  5.03767  3.05  5.03767  0.306574  4.01695  
0.353307  4.00373  3.05  5.03767  3.05  5.03767  0.559897  3.91782  
1.78093  2.05389  3.05  5.03767  3.05  5.03767  0.846216  3.71935  
1.13588  3.40909  3.05  5.03767  3.05  5.03767  1.31462  3.14887  
1.55101  2.69345  3.05  5.03767  3.05  5.03767  1.8453  1.81282  
1.03098  3.53578  3.05  5.03767  3.05  5.03767  1.88622  1.63531  
1.87222  1.69865  3.05  5.03767  3.05  5.03767  0.968309  3.60343  
1.44669  2.91304  3.05  5.03767  3.05  5.03767  0.75361  3.79429  
1.53646  2.72615  3.05  5.03767  3.05  5.03767  1.06112  3.50116  
2.04512  0.32926  3.05  5.03767  3.05  5.03767  0.259965  4.0279  
1.21296  3.30424  3.05  5.03767  3.05  5.03767  1.006  3.56344  
1.65253  2.44325  3.05  5.03767  3.05  5.03767  1.80399  1.97198  
2.01625  0.781756  3.05  5.03767  3.05  5.03767  1.4399  2.92623  
2.032  0.585387  3.05  5.03767  3.05  5.03767  0.728474  3.8128  
1.71001  2.28104  3.05  5.03767  3.05  5.03767  1.9868  1.04762  
1.15569  3.38314  3.05  5.03767  3.05  5.03767  1.77547  2.07263  
1.66701  2.40397  3.05  5.03767  3.05  5.03767  1.89957  1.57196  
1.36798  3.05862  3.05  5.03767  3.05  5.03767  0.206918  4.03767  
1.49215  2.82143  3.05  5.03767  3.05  5.03767  1.40866  2.98533  
0.2619  4.02749  3.05  5.03767  3.05  5.03767  1.50251  2.7997  
0.841136  3.72375  3.05  5.03767  3.05  5.03767  0.889143  3.68089  
1.68123  2.36437  3.05  5.03767  3.05  5.03767  1.3303  3.123  
1.17523  3.35687  3.05  5.03767  3.05  5.03767  1.78974  2.02313  
1.93962  1.36047  3.05  5.03767  3.05  5.03767  2.01834  0.758867  
1.69552  2.32356  3.05  5.03767  3.05  5.03767  1.91261  1.50696  
0.962997  3.6089  3.05  5.03767  3.05  5.03767  0.702979  3.8308  
1.41567  2.97229  3.05  5.03767  3.05  5.03767  0.495301  3.94959  
1.33538  3.1145  3.05  5.03767  3.05  5.03767  1.62759  2.50863  
2.03897  0.469437  3.05  5.03767  3.05  5.03767  2.00835  0.862095  
1.80841  1.95579  3.05  5.03767  3.05  5.03767  0.98733  3.5835  
1.05285  3.51081  3.05  5.03767  3.05  5.03767  1.04297  3.52218  
1.19439  3.33048  3.05  5.03767  3.05  5.03767  0.676408  3.84874  
1.73868  2.19322  3.05  5.03767  3.05  5.03767  0.348812  4.0051  
1.28476  3.19667  3.05  5.03767  3.05  5.03767  1.51829  2.76597  
1.72437  2.23767  3.05  5.03767  3.05  5.03767  2.03637  0.516142  
1.63791  2.48192  3.05  5.03767  3.05  5.03767  1.28316  3.19916  
1.97031  1.16787  3.05  5.03767  3.05  5.03767  1.11503  3.43569  
0.499935  3.94747  3.05  5.03767  3.05  5.03767  1.26715  3.22399  
0.736167  3.80722  3.05  5.03767  3.05  5.03767  0.868223  3.69994  
1.95004  1.29878  3.05  5.03767  3.05  5.03767  1.76122  2.12049  
1.56545  2.6603  3.05  5.03767  3.05  5.03767  1.53402  2.73157  
1.91806  1.47879  3.05  5.03767  3.05  5.03767  1.95097  1.29311  
1.26719  3.22392  3.05  5.03767  3.05  5.03767  1.21825  3.29665  
1.99889  0.948484  3.05  5.03767  3.05  5.03767  1.70315  2.3013  
1.46197  2.8829  3.05  5.03767  3.05  5.03767  1.29891  3.17424  
1.60908  2.55541  3.05  5.03767  3.05  5.03767  0.948982  3.62314  
0.430661  3.97688  3.05  5.03767  3.05  5.03767  1.67328  2.38662  
1.88406  1.64528  3.05  5.03767  3.05  5.03767  0.528195  3.93398  
1.09518  3.46034  3.05  5.03767  3.05  5.03767  1.97524  1.13342  
1.30156  3.16999  3.05  5.03767  3.05  5.03767  0.929017  3.64295  
0.652771  3.86401  3.05  5.03767  3.05  5.03767  1.47228  2.8622  
0.986025  3.58489  3.05  5.03767  3.05  5.03767  0.908858  3.6624  
0.206918  4.03767  3.05  5.03767  3.05  5.03767  1.37824  3.0405  
0.623843  3.88182  3.05  5.03767  3.05  5.03767  2.02798  0.641969  
1.58073  2.62439  3.05  5.03767  3.05  5.03767  2.05  0.0504715  
1.24903  3.25145  3.05  5.03767  3.05  5.03767  1.15036  3.39019  
0.891192  3.67899  3.05  5.03767  3.05  5.03767  1.71823  2.25635  
1.47709  2.85244  3.05  5.03767  3.05  5.03767  1.18471  3.34389  
0.466222  3.96242  3.05  5.03767  3.05  5.03767  1.86004  1.75149  
2.00789  0.866486  3.05  5.03767  3.05  5.03767  1.07945  3.47943  
0.309772  4.01612  3.05  5.03767  3.05  5.03767  0.80045  3.75774  
1.07398  3.48597  3.05  5.03767  3.05  5.03767  1.0975  3.45749  
1.38398  3.03027  3.05  5.03767  3.05  5.03767  0.647875  3.86709  
1.85994  1.75191  3.05  5.03767  3.05  5.03767  1.99801  0.956118  
0.709142  3.82652  3.05  5.03767  3.05  5.03767  0.425914  3.97871  
0.93947  3.63265  3.05  5.03767  3.05  5.03767  1.83256  1.86381  
1.62391  2.51803  3.05  5.03767  3.05  5.03767  1.25104  3.24844  
0.763476  3.78682  3.05  5.03767  3.05  5.03767  1.13294  3.41289  
1.79487  2.00493  3.05  5.03767  3.05  5.03767  2.04401  0.359296  
0.681426  3.84542  3.05  5.03767  3.05  5.03767  1.48825  2.82953  
1.84744  1.80408  3.05  5.03767  3.05  5.03767  0.388664  3.99224  
1.96043  1.23366  3.05  5.03767  3.05  5.03767  1.59715  2.58481  
0.915546  3.65601  3.05  5.03767  3.05  5.03767  1.64321  2.46801  
0.866538  3.70145  3.05  5.03767  3.05  5.03767  1.23474  3.27266  
1.3999  3.00145  3.05  5.03767  3.05  5.03767  1.16764  3.36716  
1.11551  3.43508  3.05  5.03767  3.05  5.03767  1.56607  2.65886  
0.56366  3.91583  3.05  5.03767  3.05  5.03767  1.73269  2.212  
1.00858  3.56063  3.05  5.03767  3.05  5.03767  1.8187  1.91731  
0.39291  3.99077  3.05  5.03767  3.05  5.03767  0.77729  3.77615  
0.789772  3.76631  3.05  5.03767  3.05  5.03767  1.74732  2.16575  
1.92898  1.42028  3.05  5.03767  3.05  5.03767  1.5817  2.62207  
2.02444  0.687423  3.05  5.03767  3.05  5.03767  0.619606  3.88434  
1.75329  2.14647  3.05  5.03767  3.05  5.03767  1.65846  2.42727  
1.98985  1.02362  3.05  5.03767  3.05  5.03767  0.590231  3.90131  
1.50715  2.78987  3.05  5.03767  3.05  5.03767  1.42549  2.95381  
0.532357  3.93192  3.05  5.03767  3.05  5.03767  1.39389  3.0124  
1.43125  2.94286  3.05  5.03767  3.05  5.03767  1.61255  2.54674  
1.82172  1.90582  3.05  5.03767  3.05  5.03767  1.45661  2.89355  
1.76722  2.10052  3.05  5.03767  3.05  5.03767  1.0247  3.54283  
1.35173  3.08677  3.05  5.03767  3.05  5.03767  0.461352  3.96448  
0.815646  3.74529  3.05  5.03767  3.05  5.03767  1.92657  1.43347  
1.83469  1.85541  3.05  5.03767  3.05  5.03767  1.34664  3.09548  
1.98034  1.09651  3.05  5.03767  3.05  5.03767  0.823127  3.73905  
2.05  0.0504715  3.05  5.03767  3.05  5.03767  1.20159  3.32038  
1.52203  2.75786  3.05  5.03767  3.05  5.03767  1.36235  3.06844  
1.3186  3.14236  3.05  5.03767  3.05  5.03767  1.55058  2.69443  
0.594256  3.89904  3.05  5.03767  3.05  5.03767  1.68857  2.34354  
1.90697  1.5355  3.05  5.03767  3.05  5.03767  1.87346  1.69317  
1.59512  2.58976  3.05  5.03767  3.05  5.03767  1.93915  1.36317  
1.23103  3.27811  3.05  5.03767  3.05  5.03767  1.96394  1.21072  
1.89564  1.59094  3.05  5.03767  3.05  5.03767  0.306609  4.01694  
0.352917  4.00385  3.05  5.03767  3.05  5.03767  0.55976  3.91789  
1.78112  2.05321  3.05  5.03767  3.05  5.03767  0.845373  3.72009  
1.13572  3.40929  3.05  5.03767  3.05  5.03767  1.3149  3.1484  
1.55148  2.6924  3.05  5.03767  3.05  5.03767  1.8463  1.80877  
1.03079  3.536  3.05  5.03767  3.05  5.03767  1.88699  1.63171  
1.87216  1.69891  3.05  5.03767  3.05  5.03767  0.968201  3.60354  
1.44669  2.91304  3.05  5.03767  3.05  5.03767  0.752851  3.79486  
1.53675  2.72551  3.05  5.03767  3.05  5.03767  1.06129  3.50097  
2.04512  0.32926  3.05  5.03767  3.05  5.03767  0.260127  4.02786  
1.21267  3.30466  3.05  5.03767  3.05  5.03767  1.00607  3.56336  
1.65274  2.44269  3.05  5.03767  3.05  5.03767  1.80443  1.97037  
2.01639  0.780192  3.05  5.03767  3.05  5.03767  1.44106  2.92398  
2.03203  0.584974  3.05  5.03767  3.05  5.03767  0.727869  3.81324  
1.71063  2.27917  3.05  5.03767  3.05  5.03767  1.98699  1.04611  
1.15548  3.38341  3.05  5.03767  3.05  5.03767  1.77611  2.07043  
1.66714  2.40359  3.05  5.03767  3.05  5.03767  1.90038  1.56802  
1.36793  3.0587  3.05  5.03767  3.05  5.03767  0.206918  4.03767  
1.49215  2.82143  3.05  5.03767  3.05  5.03767  1.4098  2.98321  
0.2619  4.02749  3.05  5.03767  3.05  5.03767  1.50367  2.79725  
0.841254  3.72364  3.05  5.03767  3.05  5.03767  0.888221  3.68174  
1.68172  2.36301  3.05  5.03767  3.05  5.03767  1.33081  3.12216  
1.17487  3.35737  3.05  5.03767  3.05  5.03767  1.79028  2.02122  
1.93962  1.36047  3.05  5.03767  3.05  5.03767  2.01861  0.755892  
1.69631  2.32128  3.05  5.03767  3.05  5.03767  1.91357  1.50203  
0.96297  3.60892  3.05  5.03767  3.05  5.03767  0.702296  3.83127  
1.41567  2.9723  3.05  5.03767  3.05  5.03767  0.495351  3.94957  
1.33533  3.11458  3.05  5.03767  3.05  5.03767  1.62777  2.50817  
2.03902  0.468601  3.05  5.03767  3.05  5.03767  2.00855  0.8601  
1.80841  1.95579  3.05  5.03767  3.05  5.03767  0.987208  3.58363  
1.05262  3.51108  3.05  5.03767  3.05  5.03767  1.04311  3.52202  
1.19401  3.331  3.05  5.03767  3.05  5.03767  0.675679  3.84922  
1.73905  2.19207  3.05  5.03767  3.05  5.03767  0.349097  4.00502  
1.28429  3.1974  3.05  5.03767  3.05  5.03767  1.51929  2.7638  
1.72493  2.23596  3.05  5.03767  3.05  5.03767  2.03651  0.513848  
1.63828  2.48094  3.05  5.03767  3.05  5.03767  1.28314  3.19921  
1.97041  1.16717  3.05  5.03767  3.05  5.03767  1.11537  3.43526  
0.499935  3.94747  3.05  5.03767  3.05  5.03767  1.26719  3.22392  
0.736527  3.80696  3.05  5.03767  3.05  5.03767  0.867061  3.70098  
1.95014  1.29815  3.05  5.03767  3.05  5.03767  1.76186  2.11837  
1.56607  2.65886  3.05  5.03767  3.05  5.03767  1.53496  2.72946  
1.91809  1.4786  3.05  5.03767  3.05  5.03767  1.95169  1.28866  
1.26698  3.22425  3.05  5.03767  3.05  5.03767  1.21825  3.29665  
1.99907  0.946965  3.05  5.03767  3.05  5.03767  1.70356  2.30009  
1.46197  2.8829  3.05  5.03767  3.05  5.03767  1.29906  3.174  
1.60955  2.55423  3.05  5.03767  3.05  5.03767  0.948717  3.62341  
0.430499  3.97694  3.05  5.03767  3.05  5.03767  1.67367  2.38556  
1.88403  1.64542  3.05  5.03767  3.05  5.03767  0.528131  3.93401  
1.09491  3.46067  3.05  5.03767  3.05  5.03767  1.97555  1.13123  
1.30153  3.17004  3.05  5.03767  3.05  5.03767  0.928401  3.64356  
0.653091  3.86381  3.05  5.03767  3.05  5.03767  1.47329  2.86015  
0.985983  3.58493  3.05  5.03767  3.05  5.03767  0.908205  3.66302  
0.206918  4.03767  3.05  5.03767  3.05  5.03767  1.37904  3.03908  
0.623972  3.88174  3.05  5.03767  3.05  5.03767  2.02806  0.640862  
1.58146  2.62264  3.05  5.03767  3.05  5.03767  2.05  0.0504715  
1.24899  3.25152  3.05  5.03767  3.05  5.03767  1.15044  3.39008  
0.891192  3.67899  3.05  5.03767  3.05  5.03767  1.71848  2.25559  
1.47725  2.8521  3.05  5.03767  3.05  5.03767  1.18471  3.34389  
0.466043  3.9625  3.05  5.03767  3.05  5.03767  1.86095  1.74759  
2.00806  0.864857  3.05  5.03767  3.05  5.03767  1.07945  3.47943  
0.309512  4.01618  3.05  5.03767  3.05  5.03767  0.799473  3.75853  
1.07389  3.48608  3.05  5.03767  3.05  5.03767  1.0975  3.45749  
1.384  3.03024  3.05  5.03767  3.05  5.03767  0.647482  3.86734  
1.85987  1.7522  3.05  5.03767  3.05  5.03767  1.99832  0.953459  
0.709395  3.82635  3.05  5.03767  3.05  5.03767  0.425914  3.97871  
0.93947  3.63265  3.05  5.03767  3.05  5.03767  1.83351  1.86008  
1.62515  2.51486  3.05  5.03767  3.05  5.03767  1.25121  3.24818  
0.763476  3.78682  3.05  5.03767  3.05  5.03767  1.13297  3.41284  
1.79494  2.00467  3.05  5.03767  3.05  5.03767  2.04401  0.359296  
0.681603  3.8453  3.05  5.03767  3.05  5.03767  1.48905  2.82787  
1.84741  1.80422  3.05  5.03767  3.05  5.03767  0.388715  3.99222  
1.96071  1.23187  3.05  5.03767  3.05  5.03767  1.59766  2.58357  
0.915546  3.65601  3.05  5.03767  3.05  5.03767  1.64376  2.46654  
0.866474  3.7015  3.05  5.03767  3.05  5.03767  1.2348  3.27258  
1.3999  3.00145  3.05  5.03767  3.05  5.03767  1.16767  3.36711  
1.11537  3.43526  3.05  5.03767  3.05  5.03767  1.567  2.6567  
0.563797  3.91575  3.05  5.03767  3.05  5.03767  1.73327  2.21018  
1.00858  3.56063  3.05  5.03767  3.05  5.03767  1.81942  1.91457  
0.39291  3.99077  3.05  5.03767  3.05  5.03767  0.775849  3.77727  
0.789806  3.76628  3.05  5.03767  3.05  5.03767  1.7479  2.16389  
1.92919  1.41914  3.05  5.03767  3.05  5.03767  1.58259  2.61996  
2.02455  0.686097  3.05  5.03767  3.05  5.03767  0.619231  3.88457  
1.75363  2.14538  3.05  5.03767  3.05  5.03767  1.65898  2.42585  
1.9899  1.0232  3.05  5.03767  3.05  5.03767  0.589803  3.90155  
1.50733  2.78949  3.05  5.03767  3.05  5.03767  1.42622  2.95243  
0.532357  3.93192  3.05  5.03767  3.05  5.03767  1.39479  3.01077  
1.43125  2.94286  3.05  5.03767  3.05  5.03767  1.61298  2.54566  
1.82161  1.90621  3.05  5.03767  3.05  5.03767  1.45769  2.89141  
1.7675  2.09958  3.05  5.03767  3.05  5.03767  1.0247  3.54283  
1.35156  3.08707  3.05  5.03767  3.05  5.03767  0.461352  3.96448  
0.815737  3.74521  3.05  5.03767  3.05  5.03767  1.92708  1.43071  
1.83464  1.8556  3.05  5.03767  3.05  5.03767  1.34717  3.09458  
1.98046  1.09561  3.05  5.03767  3.05  5.03767  0.822368  3.73969  
2.05  0.0504715  3.05  5.03767  3.05  5.03767  1.20159  3.32038  
1.5223  2.75727  3.05  5.03767  3.05  5.03767  1.3631  3.06713  
1.31842  3.14264  3.05  5.03767  3.05  5.03767  1.55153  2.69229  
0.594256  3.89904  3.05  5.03767  3.05  5.03767  1.68893  2.3425  
1.90708  1.53493  3.05  5.03767  3.05  5.03767  1.87438  1.68907  
1.59601  2.58759  3.05  5.03767  3.05  5.03767  1.9396  1.36061  
1.23083  3.27841  3.05  5.03767  3.05  5.03767  1.96411  1.20962  
1.89558  1.59121  3.05  5.03767  3.05  5.03767  0.306843  4.01688  
0.352917  4.00385  3.05  5.03767  3.05  5.03767  0.559435  3.91806  
1.7813  2.05259  3.05  5.03767  3.05  5.03767  0.844465  3.72087  
1.13546  3.40963  3.05  5.03767  3.05  5.03767  1.31532  3.14772  
1.5519  2.69143  3.05  5.03767  3.05  5.03767  1.84741  1.80422  
1.03079  3.536  3.05  5.03767  3.05  5.03767  1.88786  1.62769  
1.87209  1.69922  3.05  5.03767  3.05  5.03767  0.967969  3.60378  
1.44669  2.91304  3.05  5.03767  3.05  5.03767  0.752045  3.79547  
1.53717  2.72456  3.05  5.03767  3.05  5.03767  1.06134  3.50091  
2.04512  0.32926  3.05  5.03767  3.05  5.03767  0.260184  4.02785  
1.21259  3.30477  3.05  5.03767  3.05  5.03767  1.00604  3.5634  
1.6537  2.4401  3.05  5.03767  3.05  5.03767  1.80542  1.96676  
2.01651  0.778917  3.05  5.03767  3.05  5.03767  1.44202  2.92212  
2.03215  0.58319  3.05  5.03767  3.05  5.03767  0.726977  3.81388  
1.71144  2.27677  3.05  5.03767  3.05  5.03767  1.9874  1.0429  
1.1553  3.38366  3.05  5.03767  3.05  5.03767  1.777  2.0674  
1.66833  2.40033  3.05  5.03767  3.05  5.03767  1.90098  1.56511  
1.36789  3.05876  3.05  5.03767  3.05  5.03767  0.206918  4.03767  
1.49234  2.82104  3.05  5.03767  3.05  5.03767  1.41028  2.98233  
0.2619  4.02749  3.05  5.03767  3.05  5.03767  1.5048  2.79484  
0.841254  3.72364  3.05  5.03767  3.05  5.03767  0.887566  3.68235  
1.68261  2.36047  3.05  5.03767  3.05  5.03767  1.33133  3.12129  
1.17481  3.35745  3.05  5.03767  3.05  5.03767  1.7912  2.01797  
1.93986  1.35907  3.05  5.03767  3.05  5.03767  2.01879  0.75385  
1.69714  2.31887  3.05  5.03767  3.05  5.03767  1.91413  1.49918  
0.962938  3.60896  3.05  5.03767  3.05  5.03767  0.70137  3.83191  
1.41567  2.9723  3.05  5.03767  3.05  5.03767  0.495284  3.9496  
1.33509  3.115  3.05  5.03767  3.05  5.03767  1.62834  2.5067  
2.03904  0.468105  3.05  5.03767  3.05  5.03767  2.00881  0.857582  
1.8084  1.95582  3.05  5.03767  3.05  5.03767  0.987156  3.58369  
1.05248  3.51123  3.05  5.03767  3.05  5.03767  1.04311  3.52202  
1.19383  3.33125  3.05  5.03767  3.05  5.03767  0.674863  3.84976  
1.73964  2.19021  3.05  5.03767  3.05  5.03767  0.349243  4.00497  
1.28425  3.19746  3.05  5.03767  3.05  5.03767  1.52031  2.76159  
1.7256  2.23391  3.05  5.03767  3.05  5.03767  2.03655  0.513126  
1.6394  2.47802  3.05  5.03767  3.05  5.03767  1.28347  3.19868  
1.97075  1.16485  3.05  5.03767  3.05  5.03767  1.11537  3.43526  
0.499859  3.9475  3.05  5.03767  3.05  5.03767  1.26741  3.22359  
0.73673  3.80681  3.05  5.03767  3.05  5.03767  0.866141  3.7018  
1.95039  1.29665  3.05  5.03767  3.05  5.03767  1.76244  2.11644  
1.56688  2.65697  3.05  5.03767  3.05  5.03767  1.53583  2.72755  
1.91823  1.47791  3.05  5.03767  3.05  5.03767  1.952  1.28674  
1.26673  3.22464  3.05  5.03767  3.05  5.03767  1.21825  3.29665  
1.99919  0.945913  3.05  5.03767  3.05  5.03767  1.70377  2.29948  
1.46197  2.8829  3.05  5.03767  3.05  5.03767  1.29935  3.17354  
1.61056  2.55172  3.05  5.03767  3.05  5.03767  0.948299  3.62383  
0.430499  3.97694  3.05  5.03767  3.05  5.03767  1.67399  2.38465  
1.88396  1.64573  3.05  5.03767  3.05  5.03767  0.527907  3.93412  
1.09481  3.46079  3.05  5.03767  3.05  5.03767  1.97599  1.12806  
1.30134  3.17035  3.05  5.03767  3.05  5.03767  0.928024  3.64392  
0.653468  3.86357  3.05  5.03767  3.05  5.03767  1.47467  2.85736  
0.985814  3.58511  3.05  5.03767  3.05  5.03767  0.907853  3.66336  
0.206918  4.03767  3.05  5.03767  3.05  5.03767  1.37975  3.03782  
0.624311  3.88154  3.05  5.03767  3.05  5.03767  2.0282  0.639032  
1.58217  2.62097  3.05  5.03767  3.05  5.03767  2.05  0.050212  
1.2489  3.25165  3.05  5.03767  3.05  5.03767  1.15044  3.39008  
0.891249  3.67894  3.05  5.03767  3.05  5.03767  1.71937  2.25292  
1.47735  2.8519  3.05  5.03767  3.05  5.03767  1.18471  3.34389  
0.466043  3.9625  3.05  5.03767  3.05  5.03767  1.86184  1.74378  
2.00812  0.864283  3.05  5.03767  3.05  5.03767  1.07956  3.47929  
0.309472  4.01619  3.05  5.03767  3.05  5.03767  0.798694  3.75915  
1.07349  3.48655  3.05  5.03767  3.05  5.03767  1.09757  3.45741  
1.38399  3.03026  3.05  5.03767  3.05  5.03767  0.646132  3.86818  
1.85975  1.7527  3.05  5.03767  3.05  5.03767  1.99861  0.950936  
0.709704  3.82613  3.05  5.03767  3.05  5.03767  0.425982  3.97868  
0.939372  3.63275  3.05  5.03767  3.05  5.03767  1.83444  1.85639  
1.62575  2.51335  3.05  5.03767  3.05  5.03767  1.25125  3.24812  
0.764113  3.78633  3.05  5.03767  3.05  5.03767  1.13302  3.41278  
1.79517  2.00385  3.05  5.03767  3.05  5.03767  2.04406  0.357992  
0.681936  3.84508  3.05  5.03767  3.05  5.03767  1.49009  2.82571  
1.84731  1.80461  3.05  5.03767  3.05  5.03767  0.38876  3.9922  
1.96082  1.23112  3.05  5.03767  3.05  5.03767  1.59874  2.58092  
0.91552  3.65604  3.05  5.03767  3.05  5.03767  1.64442  2.46481  
0.866549  3.70144  3.05  5.03767  3.05  5.03767  1.23482  3.27254  
1.3999  3.00145  3.05  5.03767  3.05  5.03767  1.16767  3.36711  
1.11507  3.43563  3.05  5.03767  3.05  5.03767  1.56791  2.65457  
0.563881  3.91571  3.05  5.03767  3.05  5.03767  1.73428  2.20702  
1.00844  3.56078  3.05  5.03767  3.05  5.03767  1.82027  1.91134  
0.39291  3.99077  3.05  5.03767  3.05  5.03767  0.774837  3.77806  
0.790406  3.7658  3.05  5.03767  3.05  5.03767  1.74905  2.1602  
1.9292  1.41909  3.05  5.03767  3.05  5.03767  1.58335  2.61815  
2.02463  0.685094  3.05  5.03767  3.05  5.03767  0.617945  3.88533  
1.75402  2.14411  3.05  5.03767  3.05  5.03767  1.65962  2.42412  
1.99013  1.02136  3.05  5.03767  3.05  5.03767  0.58897  3.90202  
1.50767  2.78875  3.05  5.03767  3.05  5.03767  1.42711  2.95075  
0.532357  3.93192  3.05  5.03767  3.05  5.03767  1.39546  3.00955  
1.4313  2.94276  3.05  5.03767  3.05  5.03767  1.61433  2.54229  
1.82168  1.90595  3.05  5.03767  3.05  5.03767  1.45888  2.88906  
1.76789  2.09826  3.05  5.03767  3.05  5.03767  1.0247  3.54283  
1.35152  3.08713  3.05  5.03767  3.05  5.03767  0.461389  3.96447  
0.816253  3.74478  3.05  5.03767  3.05  5.03767  1.92773  1.42716  
1.8346  1.85576  3.05  5.03767  3.05  5.03767  1.34792  3.0933  
1.98067  1.09409  3.05  5.03767  3.05  5.03767  0.821541  3.74038  
2.05  0.050212  3.05  5.03767  3.05  5.03767  1.20159  3.32038  
1.5228  2.75618  3.05  5.03767  3.05  5.03767  1.36391  3.06573  
1.31826  3.1429  3.05  5.03767  3.05  5.03767  1.55249  2.69009  
0.594562  3.89887  3.05  5.03767  3.05  5.03767  1.68955  2.34074  
1.90703  1.53518  3.05  5.03767  3.05  5.03767  1.87535  1.68475  
1.5966  2.58615  3.05  5.03767  3.05  5.03767  1.94017  1.35728  
1.23073  3.27854  3.05  5.03767  3.05  5.03767  1.96454  1.2068  
1.89558  1.59121  3.05  5.03767  3.05  5.03767  0.306843  4.01688  
0.352739  4.00391  3.05  5.03767  3.05  5.03767  0.559038  3.91827  
1.78166  2.05135  3.05  5.03767  3.05  5.03767  0.843861  3.72139  
1.1353  3.40983  3.05  5.03767  3.05  5.03767  1.316  3.1466  
1.5526  2.68985  3.05  5.03767  3.05  5.03767  1.84819  1.80101  
1.03052  3.53631  3.05  5.03767  3.05  5.03767  1.88867  1.6239  
1.87199  1.69968  3.05  5.03767  3.05  5.03767  0.9676  3.60416  
1.44674  2.91294  3.05  5.03767  3.05  5.03767  0.750634  3.79652  
1.53776  2.72325  3.05  5.03767  3.05  5.03767  1.06145  3.50078  
2.04515  0.32851  3.05  5.03767  3.05  5.03767  0.260274  4.02783  
1.21228  3.30521  3.05  5.03767  3.05  5.03767  1.00592  3.56353  
1.65494  2.43678  3.05  5.03767  3.05  5.03767  1.8064  1.96318  
2.01655  0.77848  3.05  5.03767  3.05  5.03767  1.44322  2.91979  
2.03215  0.58319  3.05  5.03767  3.05  5.03767  0.725517  3.81493  
1.7119  2.27537  3.05  5.03767  3.05  5.03767  1.98766  1.04087  
1.15504  3.384  3.05  5.03767  3.05  5.03767  1.77787  2.06442  
1.66913  2.39812  3.05  5.03767  3.05  5.03767  1.90186  1.56077  
1.36789  3.05876  3.05  5.03767  3.05  5.03767  0.206918  4.03767  
1.49247  2.82076  3.05  5.03767  3.05  5.03767  1.41131  2.98042  
0.261732  4.02752  3.05  5.03767  3.05  5.03767  1.50568  2.79299  
0.841592  3.72335  3.05  5.03767  3.05  5.03767  0.886976  3.68289  
1.68367  2.3575  3.05  5.03767  3.05  5.03767  1.33196  3.12024  
1.17438  3.35803  3.05  5.03767  3.05  5.03767  1.79222  2.01436  
1.93997  1.35846  3.05  5.03767  3.05  5.03767  2.01896  0.751934  
1.69781  2.31691  3.05  5.03767  3.05  5.03767  1.91488  1.49532  
0.962797  3.6091  3.05  5.03767  3.05  5.03767  0.699868  3.83295  
1.41567  2.9723  3.05  5.03767  3.05  5.03767  0.495284  3.9496  
1.33499  3.11516  3.05  5.03767  3.05  5.03767  1.62939  2.50401  
2.03908  0.467441  3.05  5.03767  3.05  5.03767  2.00904  0.855388  
1.80854  1.95529  3.05  5.03767  3.05  5.03767  0.986918  3.58394  
1.05223  3.51152  3.05  5.03767  3.05  5.03767  1.04318  3.52194  
1.19342  3.33182  3.05  5.03767  3.05  5.03767  0.673465  3.85068  
1.73997  2.18916  3.05  5.03767  3.05  5.03767  0.349261  4.00497  
1.28412  3.19766  3.05  5.03767  3.05  5.03767  1.52138  2.75926  
1.72592  2.23294  3.05  5.03767  3.05  5.03767  2.03663  0.511728  
1.64027  2.47572  3.05  5.03767  3.05  5.03767  1.28377  3.19821  
1.97088  1.16392  3.05  5.03767  3.05  5.03767  1.1154  3.43522  
0.499859  3.9475  3.05  5.03767  3.05  5.03767  1.26755  3.22337  
0.737092  3.80654  3.05  5.03767  3.05  5.03767  0.86577  3.70213  
1.95057  1.2955  3.05  5.03767  3.05  5.03767  1.76338  2.11334  
1.56735  2.65588  3.05  5.03767  3.05  5.03767  1.53678  2.72544  
1.91823  1.47791  3.05  5.03767  3.05  5.03767  1.95252  1.28354  
1.26662  3.22481  3.05  5.03767  3.05  5.03767  1.21833  3.29654  
1.99925  0.945347  3.05  5.03767  3.05  5.03767  1.70447  2.29743  
1.46212  2.88261  3.05  5.03767  3.05  5.03767  1.29994  3.17259  
1.61111  2.55036  3.05  5.03767  3.05  5.03767  0.947958  3.62417  
0.430499  3.97694  3.05  5.03767  3.05  5.03767  1.6747  2.38268  
1.88391  1.64595  3.05  5.03767  3.05  5.03767  0.527773  3.93419  
1.09449  3.46118  3.05  5.03767  3.05  5.03767  1.97615  1.12695  
1.30114  3.17067  3.05  5.03767  3.05  5.03767  0.927607  3.64433  
0.653726  3.86341  3.05  5.03767  3.05  5.03767  1.4756  2.85548  
0.985609  3.58533  3.05  5.03767  3.05  5.03767  0.907146  3.66403  
0.206918  4.03767  3.05  5.03767  3.05  5.03767  1.38057  3.03635  
0.624326  3.88153  3.05  5.03767  3.05  5.03767  2.02829  0.637828  
1.58251  2.62014  3.05  5.03767  3.05  5.03767  2.05  0.050212  
1.24856  3.25216  3.05  5.03767  3.05  5.03767  1.15044  3.39008  
0.891249  3.67894  3.05  5.03767  3.05  5.03767  1.72013  2.2506  
1.47767  2.85126  3.05  5.03767  3.05  5.03767  1.18471  3.34389  
0.466006  3.96251  3.05  5.03767  3.05  5.03767  1.86262  1.74046  
2.00818  0.863711  3.05  5.03767  3.05  5.03767  1.07967  3.47916  
0.309472  4.01619  3.05  5.03767  3.05  5.03767  0.797886  3.75981  
1.07334  3.48672  3.05  5.03767  3.05  5.03767  1.09763  3.45733  
1.38396  3.03031  3.05  5.03767  3.05  5.03767  0.645444  3.86861  
1.85973  1.75281  3.05  5.03767  3.05  5.03767  1.99886  0.948725  
0.710239  3.82576  3.05  5.03767  3.05  5.03767  0.426067  3.97865  
0.9393  3.63282  3.05  5.03767  3.05  5.03767  1.83519  1.85344  
1.62647  2.51149  3.05  5.03767  3.05  5.03767  1.25153  3.2477  
0.764209  3.78626  3.05  5.03767  3.05  5.03767  1.13302  3.41278  
1.79519  2.00378  3.05  5.03767  3.05  5.03767  2.04408  0.357656  
0.682314  3.84483  3.05  5.03767  3.05  5.03767  1.49132  2.82316  
1.84729  1.80471  3.05  5.03767  3.05  5.03767  0.38876  3.9922  
1.96092  1.23046  3.05  5.03767  3.05  5.03767  1.59966  2.57869  
0.91552  3.65604  3.05  5.03767  3.05  5.03767  1.64529  2.4625  
0.866615  3.70138  3.05  5.03767  3.05  5.03767  1.23506  3.27219  
1.3999  3.00145  3.05  5.03767  3.05  5.03767  1.16767  3.36711  
1.11469  3.4361  3.05  5.03767  3.05  5.03767  1.56885  2.65237  
0.563983  3.91565  3.05  5.03767  3.05  5.03767  1.73478  2.20548  
1.00814  3.5611  3.05  5.03767  3.05  5.03767  1.82121  1.90775  
0.392896  3.99077  3.05  5.03767  3.05  5.03767  0.774018  3.7787  
0.79049  3.76574  3.05  5.03767  3.05  5.03767  1.74928  2.15946  
1.9293  1.41855  3.05  5.03767  3.05  5.03767  1.58422  2.61606  
2.02471  0.684046  3.05  5.03767  3.05  5.03767  0.617437  3.88563  
1.75439  2.14291  3.05  5.03767  3.05  5.03767  1.66034  2.42218  
1.9902  1.0208  3.05  5.03767  3.05  5.03767  0.588401  3.90234  
1.50807  2.7879  3.05  5.03767  3.05  5.03767  1.42813  2.94879  
0.532431  3.93189  3.05  5.03767  3.05  5.03767  1.39656  3.00756  
1.43141  2.94256  3.05  5.03767  3.05  5.03767  1.61493  2.54077  
1.82168  1.90595  3.05  5.03767  3.05  5.03767  1.45992  2.88699  
1.76825  2.09706  3.05  5.03767  3.05  5.03767  1.0247  3.54283  
1.35152  3.08713  3.05  5.03767  3.05  5.03767  0.461435  3.96445  
0.816358  3.7447  3.05  5.03767  3.05  5.03767  1.92805  1.42542  
1.8346  1.85576  3.05  5.03767  3.05  5.03767  1.34865  3.09205  
1.9807  1.09384  3.05  5.03767  3.05  5.03767  0.820659  3.74112  
2.05  0.050212  3.05  5.03767  3.05  5.03767  1.20159  3.32038  
1.52306  2.75562  3.05  5.03767  3.05  5.03767  1.36459  3.06453  
1.31809  3.14318  3.05  5.03767  3.05  5.03767  1.55348  2.68783  
0.594562  3.89887  3.05  5.03767  3.05  5.03767  1.69055  2.33786  
1.90703  1.53518  3.05  5.03767  3.05  5.03767  1.87618  1.68103  
1.59727  2.58451  3.05  5.03767  3.05  5.03767  1.94065  1.35451  
1.23046  3.27894  3.05  5.03767  3.05  5.03767  1.96503  1.20355  
1.89559  1.59116  3.05  5.03767  3.05  5.03767  0.306913  4.01686  
0.352739  4.00391  3.05  5.03767  3.05  5.03767  0.558414  3.9186  
1.78178  2.05093  3.05  5.03767  3.05  5.03767  0.843047  3.7221  
1.1348  3.41049  3.05  5.03767  3.05  5.03767  1.31657  3.14568  
1.55294  2.68907  3.05  5.03767  3.05  5.03767  1.84893  1.79798  
1.03029  3.53656  3.05  5.03767  3.05  5.03767  1.88936  1.62068  
1.87194  1.69987  3.05  5.03767  3.05  5.03767  0.967441  3.60432  
1.44702  2.91241  3.05  5.03767  3.05  5.03767  0.749747  3.79719  
1.53811  2.72248  3.05  5.03767  3.05  5.03767  1.0615  3.50072  
2.04515  0.32851  3.05  5.03767  3.05  5.03767  0.260274  4.02783  
1.2118  3.3059  3.05  5.03767  3.05  5.03767  1.00592  3.56353  
1.65555  2.43513  3.05  5.03767  3.05  5.03767  1.80705  1.96078  
2.01667  0.777255  3.05  5.03767  3.05  5.03767  1.44413  2.91803  
2.03221  0.582351  3.05  5.03767  3.05  5.03767  0.7248  3.81545  
1.71232  2.27412  3.05  5.03767  3.05  5.03767  1.98797  1.03846  
1.15456  3.38464  3.05  5.03767  3.05  5.03767  1.77833  2.06283  
1.66976  2.39638  3.05  5.03767  3.05  5.03767  1.90238  1.55821  
1.36785  3.05884  3.05  5.03767  3.05  5.03767  0.206918  4.03767  
1.49291  2.81985  3.05  5.03767  3.05  5.03767  1.41238  2.97843  
0.261732  4.02752  3.05  5.03767  3.05  5.03767  1.50697  2.79024  
0.841735  3.72323  3.05  5.03767  3.05  5.03767  0.88633  3.68348  
1.6842  2.35599  3.05  5.03767  3.05  5.03767  1.3326  3.11917  
1.1739  3.35868  3.05  5.03767  3.05  5.03767  1.7929  2.01195  
1.94007  1.35785  3.05  5.03767  3.05  5.03767  2.01912  0.750241  
1.69829  2.31552  3.05  5.03767  3.05  5.03767  1.91524  1.49343  
0.962705  3.6092  3.05  5.03767  3.05  5.03767  0.699064  3.8335  
1.41568  2.97228  3.05  5.03767  3.05  5.03767  0.495025  3.94972  
1.33486  3.11537  3.05  5.03767  3.05  5.03767  1.63013  2.50209  
2.03908  0.467441  3.05  5.03767  3.05  5.03767  2.00926  0.853268  
1.80854  1.95529  3.05  5.03767  3.05  5.03767  0.986857  3.58401  
1.0521  3.51168  3.05  5.03767  3.05  5.03767  1.04318  3.52194  
1.19292  3.33251  3.05  5.03767  3.05  5.03767  0.672719  3.85117  
1.74038  2.18788  3.05  5.03767  3.05  5.03767  0.349261  4.00497  
1.28387  3.19806  3.05  5.03767  3.05  5.03767  1.52248  2.75688  
1.72644  2.23132  3.05  5.03767  3.05  5.03767  2.03669  0.510782  
1.64101  2.47378  3.05  5.03767  3.05  5.03767  1.28414  3.19763  
1.97094  1.16356  3.05  5.03767  3.05  5.03767  1.11542  3.4352  
0.499925  3.94747  3.05  5.03767  3.05  5.03767  1.2679  3.22283  
0.737437  3.80629  3.05  5.03767  3.05  5.03767  0.864814  3.70299  
1.95065  1.29505  3.05  5.03767  3.05  5.03767  1.76387  2.11169  
1.56775  2.65494  3.05  5.03767  3.05  5.03767  1.53788  2.72298  
1.91829  1.47756  3.05  5.03767  3.05  5.03767  1.95297  1.2808  
1.26642  3.2251  3.05  5.03767  3.05  5.03767  1.21834  3.29653  
1.99939  0.944141  3.05  5.03767  3.05  5.03767  1.70533  2.29488  
1.46241  2.88203  3.05  5.03767  3.05  5.03767  1.30033  3.17197  
1.61188  2.54843  3.05  5.03767  3.05  5.03767  0.947602  3.62453  
0.430499  3.97694  3.05  5.03767  3.05  5.03767  1.67553  2.38036  
1.88389  1.64603  3.05  5.03767  3.05  5.03767  0.527299  3.93442  
1.09428  3.46144  3.05  5.03767  3.05  5.03767  1.97672  1.12286  
1.30106  3.1708  3.05  5.03767  3.05  5.03767  0.927155  3.64477  
0.653874  3.86331  3.05  5.03767  3.05  5.03767  1.4766  2.85344  
0.985609  3.58533  3.05  5.03767  3.05  5.03767  0.90675  3.6644  
0.206918  4.03767  3.05  5.03767  3.05  5.03767  1.3817  3.03434  
0.624565  3.88138  3.05  5.03767  3.05  5.03767  2.02841  0.636155  
1.58333  2.61819  3.05  5.03767  3.05  5.03767  2.05  0.050212  
1.24823  3.25265  3.05  5.03767  3.05  5.03767  1.15044  3.39008  
0.891461  3.67874  3.05  5.03767  3.05  5.03767  1.72111  2.24763  
1.47797  2.85064  3.05  5.03767  3.05  5.03767  1.18472  3.34387  
0.466006  3.96251  3.05  5.03767  3.05  5.03767  1.86321  1.73794  
2.00829  0.862684  3.05  5.03767  3.05  5.03767  1.07967  3.47916  
0.309472  4.01619  3.05  5.03767  3.05  5.03767  0.796483  3.76094  
1.07291  3.48724  3.05  5.03767  3.05  5.03767  1.09763  3.45733  
1.38396  3.03031  3.05  5.03767  3.05  5.03767  0.645264  3.86872  
1.85973  1.75281  3.05  5.03767  3.05  5.03767  1.99913  0.946456  
0.710266  3.82574  3.05  5.03767  3.05  5.03767  0.426067  3.97865  
0.9393  3.63282  3.05  5.03767  3.05  5.03767  1.83579  1.85108  
1.62741  2.50908  3.05  5.03767  3.05  5.03767  1.25177  3.24734  
0.764287  3.7862  3.05  5.03767  3.05  5.03767  1.13303  3.41277  
1.79533  2.00329  3.05  5.03767  3.05  5.03767  2.0441  0.357017  
0.682348  3.8448  3.05  5.03767  3.05  5.03767  1.49216  2.8214  
1.84729  1.80471  3.05  5.03767  3.05  5.03767  0.388869  3.99217  
1.96097  1.23013  3.05  5.03767  3.05  5.03767  1.60054  2.57651  
0.915566  3.65599  3.05  5.03767  3.05  5.03767  1.64637  2.45966  
0.866837  3.70118  3.05  5.03767  3.05  5.03767  1.23516  3.27205  
1.39994  3.00137  3.05  5.03767  3.05  5.03767  1.16767  3.36711  
1.11423  3.43669  3.05  5.03767  3.05  5.03767  1.56965  2.65051  
0.563983  3.91565  3.05  5.03767  3.05  5.03767  1.73585  2.20212  
1.00799  3.56127  3.05  5.03767  3.05  5.03767  1.82184  1.90537  
0.392766  3.99082  3.05  5.03767  3.05  5.03767  0.772814  3.77963  
0.790598  3.76565  3.05  5.03767  3.05  5.03767  1.75032  2.15609  
1.92936  1.41823  3.05  5.03767  3.05  5.03767  1.58518  2.61376  
2.02476  0.683531  3.05  5.03767  3.05  5.03767  0.617199  3.88577  
1.75458  2.14227  3.05  5.03767  3.05  5.03767  1.6614  2.41928  
1.99029  1.02013  3.05  5.03767  3.05  5.03767  0.588184  3.90246  
1.5084  2.78721  3.05  5.03767  3.05  5.03767  1.42949  2.9462  
0.53251  3.93185  3.05  5.03767  3.05  5.03767  1.39778  3.00532  
1.43149  2.94239  3.05  5.03767  3.05  5.03767  1.61587  2.53842  
1.8217  1.90589  3.05  5.03767  3.05  5.03767  1.46098  2.88487  
1.76842  2.09651  3.05  5.03767  3.05  5.03767  1.02466  3.54287  
1.35141  3.08732  3.05  5.03767  3.05  5.03767  0.461366  3.96447  
0.816358  3.7447  3.05  5.03767  3.05  5.03767  1.92874  1.42161  
1.8346  1.85576  3.05  5.03767  3.05  5.03767  1.34942  3.09072  
1.98076  1.09339  3.05  5.03767  3.05  5.03767  0.819744  3.74188  
2.05  0.050212  3.05  5.03767  3.05  5.03767  1.20166  3.32027  
1.52353  2.7546  3.05  5.03767  3.05  5.03767  1.36567  3.06264  
1.31806  3.14323  3.05  5.03767  3.05  5.03767  1.55407  2.6865  
0.594722  3.89878  3.05  5.03767  3.05  5.03767  1.69122  2.33596  
1.90709  1.53488  3.05  5.03767  3.05  5.03767  1.87687  1.67796  
1.59807  2.58258  3.05  5.03767  3.05  5.03767  1.94123  1.35118  
1.22999  3.27963  3.05  5.03767  3.05  5.03767  1.96546  1.20066  
1.89561  1.59109  3.05  5.03767  3.05  5.03767  0.306913  4.01686  
0.352739  4.00391  3.05  5.03767  3.05  5.03767  0.558197  3.91871  
1.78202  2.05011  3.05  5.03767  3.05  5.03767  0.842195  3.72283  
1.13437  3.41104  3.05  5.03767  3.05  5.03767  1.31712  3.14477  
1.55365  2.68746  3.05  5.03767  3.05  5.03767  1.84965  1.795  
1.0301  3.53678  3.05  5.03767  3.05  5.03767  1.89014  1.61703  
1.87192  1.69997  3.05  5.03767  3.05  5.03767  0.967237  3.60453  
1.44712  2.91221  3.05  5.03767  3.05  5.03767  0.748585  3.79806  
1.53864  2.7213  3.05  5.03767  3.05  5.03767  1.06154  3.50067  
2.04515  0.32851  3.05  5.03767  3.05  5.03767  0.260373  4.02781  
1.21138  3.3065  3.05  5.03767  3.05  5.03767  1.00588  3.56357  
1.6562  2.43337  3.05  5.03767  3.05  5.03767  1.80785  1.95785  
2.01677  0.776129  3.05  5.03767  3.05  5.03767  1.44517  2.91601  
2.03225  0.581746  3.05  5.03767  3.05  5.03767  0.723797  3.81616  
1.71312  2.27175  3.05  5.03767  3.05  5.03767  1.98835  1.03552  
1.15403  3.38533  3.05  5.03767  3.05  5.03767  1.77928  2.05956  
1.67056  2.39416  3.05  5.03767  3.05  5.03767  1.9032  1.55418  
1.3678  3.05891  3.05  5.03767  3.05  5.03767  0.206918  4.03767  
1.49322  2.8192  3.05  5.03767  3.05  5.03767  1.41357  2.97622  
0.261732  4.02752  3.05  5.03767  3.05  5.03767  1.50783  2.78843  
0.841802  3.72317  3.05  5.03767  3.05  5.03767  0.885616  3.68414  
1.68484  2.35417  3.05  5.03767  3.05  5.03767  1.33326  3.11805  
1.1734  3.35937  3.05  5.03767  3.05  5.03767  1.79353  2.0097  
1.94016  1.35737  3.05  5.03767  3.05  5.03767  2.01921  0.749131  
1.6989  2.31373  3.05  5.03767  3.05  5.03767  1.91606  1.48921  
0.962655  3.60925  3.05  5.03767  3.05  5.03767  0.698452  3.83392  
1.41576  2.97212  3.05  5.03767  3.05  5.03767  0.495011  3.94973  
1.33484  3.11542  3.05  5.03767  3.05  5.03767  1.63118  2.49939  
2.03908  0.467441  3.05  5.03767  3.05  5.03767  2.00944  0.851488  
1.80861  1.95503  3.05  5.03767  3.05  5.03767  0.986667  3.58421  
1.05167  3.51217  3.05  5.03767  3.05  5.03767  1.04319  3.52193  
1.19259  3.33298  3.05  5.03767  3.05  5.03767  0.672441  3.85135  
1.74099  2.18594  3.05  5.03767  3.05  5.03767  0.349369  4.00494  
1.2837  3.19833  3.05  5.03767  3.05  5.03767  1.52311  2.7555  
1.72719  2.22901  3.05  5.03767  3.05  5.03767  2.03672  0.510159  
1.64172  2.47192  3.05  5.03767  3.05  5.03767  1.2846  3.19691  
1.97097  1.16332  3.05  5.03767  3.05  5.03767  1.11542  3.4352  
0.499925  3.94747  3.05  5.03767  3.05  5.03767  1.26819  3.22239  
0.737545  3.80621  3.05  5.03767  3.05  5.03767  0.864082  3.70364  
1.95072  1.29459  3.05  5.03767  3.05  5.03767  1.76493  2.10817  
1.56844  2.65333  3.05  5.03767  3.05  5.03767  1.53849  2.72163  
1.91835  1.47725  3.05  5.03767  3.05  5.03767  1.95352  1.27738  
1.26611  3.22559  3.05  5.03767  3.05  5.03767  1.21849  3.29632  
1.99946  0.94351  3.05  5.03767  3.05  5.03767  1.70623  2.29223  
1.46263  2.88158  3.05  5.03767  3.05  5.03767  1.30084  3.17115  
1.61263  2.54655  3.05  5.03767  3.05  5.03767  0.947346  3.62478  
0.430355  3.977  3.05  5.03767  3.05  5.03767  1.67639  2.37795  
1.88388  1.64611  3.05  5.03767  3.05  5.03767  0.527195  3.93447  
1.09377  3.46206  3.05  5.03767  3.05  5.03767  1.97707  1.12033  
