159.731  12.7004  376.757  343.355  1.79769e+308  1.79769e+308  159.731  12.7004  
127.481  156.778  376.757  343.355  1.79769e+308  1.79769e+308  127.481  156.778  
145.924  236.366  376.757  343.355  1.79769e+308  1.79769e+308  145.924  236.366  
161.442  117.433  376.757  343.355  1.79769e+308  1.79769e+308  161.442  117.433  
149.337  175.813  376.757  343.355  1.79769e+308  1.79769e+308  149.337  175.813  
52.8574  239.205  376.757  343.355  1.79769e+308  1.79769e+308  52.8574  239.205  
261.62  30.1264  376.757  343.355  1.79769e+308  1.79769e+308  261.62  30.1264  
251.195  5.697  376.757  343.355  1.79769e+308  1.79769e+308  251.195  5.697  
226.184  93.5922  376.757  343.355  1.79769e+308  1.79769e+308  226.184  93.5922  
265.044  9.48981  376.757  343.355  1.79769e+308  1.79769e+308  265.044  9.48981  
124.934  99.9925  376.757  343.355  1.79769e+308  1.79769e+308  124.934  99.9925  
23.6133  262.777  376.757  343.355  1.79769e+308  1.79769e+308  23.6133  262.777  
349.201  47.5024  376.757  343.355  1.79769e+308  1.79769e+308  349.201  47.5024  
314.438  88.2251  376.757  343.355  1.79769e+308  1.79769e+308  314.438  88.2251  
69.0367  180.278  376.757  343.355  1.79769e+308  1.79769e+308  69.0367  180.278  
179.676  46.8493  376.757  343.355  1.79769e+308  1.79769e+308  179.676  46.8493  
98.3725  191.68  376.757  343.355  1.79769e+308  1.79769e+308  98.3725  191.68  
26.5516  246.329  376.757  343.355  1.79769e+308  1.79769e+308  26.5516  246.329  
138.919  216.955  376.757  343.355  1.79769e+308  1.79769e+308  138.919  216.955  
180.934  85.8072  376.757  343.355  1.79769e+308  1.79769e+308  180.934  85.8072  
125.871  221.522  376.757  343.355  1.79769e+308  1.79769e+308  125.871  221.522  
41.1926  235.816  376.757  343.355  1.79769e+308  1.79769e+308  41.1926  235.816  
29.6347  238.385  376.757  343.355  1.79769e+308  1.79769e+308  29.6347  238.385  
156.183  98.3173  376.757  343.355  1.79769e+308  1.79769e+308  156.183  98.3173  
169.382  57.6743  376.757  343.355  1.79769e+308  1.79769e+308  169.382  57.6743  
174.714  93.4431  376.757  343.355  1.79769e+308  1.79769e+308  174.714  93.4431  
348.485  3.47776  376.757  343.355  1.79769e+308  1.79769e+308  348.485  3.47776  
371.258  73.6479  376.757  343.355  1.79769e+308  1.79769e+308  371.258  73.6479  
242.172  167.577  376.757  343.355  1.79769e+308  1.79769e+308  242.172  167.577  
144.072  155.599  376.757  343.355  1.79769e+308  1.79769e+308  144.072  155.599  
60.0007  172.93  376.757  343.355  1.79769e+308  1.79769e+308  60.0007  172.93  
52.707  275.173  376.757  343.355  1.79769e+308  1.79769e+308  52.707  275.173  
81.4333  231.762  376.757  343.355  1.79769e+308  1.79769e+308  81.4333  231.762  
51.9025  208.669  376.757  343.355  1.79769e+308  1.79769e+308  51.9025  208.669  
25.6103  246.976  376.757  343.355  1.79769e+308  1.79769e+308  25.6103  246.976  
39.3086  115.336  376.757  343.355  1.79769e+308  1.79769e+308  39.3086  115.336  
120.674  187.585  376.757  343.355  1.79769e+308  1.79769e+308  120.674  187.585  
4.33453  218.734  376.757  343.355  1.79769e+308  1.79769e+308  4.33453  218.734  
26.3477  317.076  376.757  343.355  1.79769e+308  1.79769e+308  26.3477  317.076  
46.0044  218.528  376.757  343.355  1.79769e+308  1.79769e+308  46.0044  218.528  
257.908  5.33281  376.757  343.355  1.79769e+308  1.79769e+308  257.908  5.33281  
63.4517  77.2825  376.757  343.355  1.79769e+308  1.79769e+308  63.4517  77.2825  
317.508  30.0629  376.757  343.355  1.79769e+308  1.79769e+308  317.508  30.0629  
86.5364  281.781  376.757  343.355  1.79769e+308  1.79769e+308  86.5364  281.781  
109.028  156.138  376.757  343.355  1.79769e+308  1.79769e+308  109.028  156.138  
173.881  47.4198  376.757  343.355  1.79769e+308  1.79769e+308  173.881  47.4198  
144.715  74.9257  376.757  343.355  1.79769e+308  1.79769e+308  144.715  74.9257  
236.974  41.9975  376.757  343.355  1.79769e+308  1.79769e+308  236.974  41.9975  
108.689  214.476  376.757  343.355  1.79769e+308  1.79769e+308  108.689  214.476  
35.7429  123.126  376.757  343.355  1.79769e+308  1.79769e+308  35.7429  123.126  
18.9829  102.834  376.757  343.355  1.79769e+308  1.79769e+308  18.9829  102.834  
45.936  178.993  376.757  343.355  1.79769e+308  1.79769e+308  45.936  178.993  
116.025  192.507  376.757  343.355  1.79769e+308  1.79769e+308  116.025  192.507  
155.199  72.5596  376.757  343.355  1.79769e+308  1.79769e+308  155.199  72.5596  
68.1072  223.958  376.757  343.355  1.79769e+308  1.79769e+308  68.1072  223.958  
325.471  8.60147  376.757  343.355  1.79769e+308  1.79769e+308  325.471  8.60147  
178.479  49.6372  376.757  343.355  1.79769e+308  1.79769e+308  178.479  49.6372  
103.457  227.69  376.757  343.355  1.79769e+308  1.79769e+308  103.457  227.69  
188.589  52.7204  376.757  343.355  1.79769e+308  1.79769e+308  188.589  52.7204  
5.73297  322.768  376.757  343.355  1.79769e+308  1.79769e+308  5.73297  322.768  
108.89  139.778  376.757  343.355  1.79769e+308  1.79769e+308  108.89  139.778  
180.128  35.0507  376.757  343.355  1.79769e+308  1.79769e+308  180.128  35.0507  
209.99  23.1974  376.757  343.355  1.79769e+308  1.79769e+308  209.99  23.1974  
74.1772  170.947  376.757  343.355  1.79769e+308  1.79769e+308  74.1772  170.947  
260.372  11.0065  376.757  343.355  1.79769e+308  1.79769e+308  260.372  11.0065  
375.757  4.74763  376.757  343.355  1.79769e+308  1.79769e+308  375.757  4.74763  
8.49474  318.277  376.757  343.355  1.79769e+308  1.79769e+308  8.49474  318.277  
1.14729  342.355  376.757  343.355  1.79769e+308  1.79769e+308  1.14729  342.355  
199.108  130.671  376.757  343.355  1.79769e+308  1.79769e+308  199.108  130.671  
178.299  61.154  376.757  343.355  1.79769e+308  1.79769e+308  178.299  61.154  
86.9631  153.415  376.757  343.355  1.79769e+308  1.79769e+308  86.9631  153.415  
148.062  50.1721  376.757  343.355  1.79769e+308  1.79769e+308  148.062  50.1721  
148.445  0.927807  376.757  343.355  1.79769e+308  1.79769e+308  148.445  0.927807  
167.969  200.977  376.757  343.355  1.79769e+308  1.79769e+308  167.969  200.977  
214.403  100.769  376.757  343.355  1.79769e+308  1.79769e+308  214.403  100.769  
152.555  51.4674  376.757  343.355  1.79769e+308  1.79769e+308  152.555  51.4674  
13.582  114.991  376.757  343.355  1.79769e+308  1.79769e+308  13.582  114.991  
65.0992  144.032  376.757  343.355  1.79769e+308  1.79769e+308  65.0992  144.032  
77.9762  189.548  376.757  343.355  1.79769e+308  1.79769e+308  77.9762  189.548  
368.859  0.28172  376.757  343.355  1.79769e+308  1.79769e+308  368.859  0.28172  
6.47517  295.622  376.757  343.355  1.79769e+308  1.79769e+308  6.47517  295.622  
163.39  293.112  376.757  343.355  1.79769e+308  1.79769e+308  163.39  293.112  
97.0255  185.079  376.757  343.355  1.79769e+308  1.79769e+308  97.0255  185.079  
102.782  137.605  376.757  343.355  1.79769e+308  1.79769e+308  102.782  137.605  
259.363  22.7071  376.757  343.355  1.79769e+308  1.79769e+308  259.363  22.7071  
120.499  45.0002  376.757  343.355  1.79769e+308  1.79769e+308  120.499  45.0002  
175.187  184.18  376.757  343.355  1.79769e+308  1.79769e+308  175.187  184.18  
51.0121  224.627  376.757  343.355  1.79769e+308  1.79769e+308  51.0121  224.627  
94.265  65.5605  376.757  343.355  1.79769e+308  1.79769e+308  94.265  65.5605  
74.7287  294.513  376.757  343.355  1.79769e+308  1.79769e+308  74.7287  294.513  
4.58977  136.845  376.757  343.355  1.79769e+308  1.79769e+308  4.58977  136.845  
137.144  238.737  376.757  343.355  1.79769e+308  1.79769e+308  137.144  238.737  
23.8025  119.576  376.757  343.355  1.79769e+308  1.79769e+308  23.8025  119.576  
50.8499  71.5605  376.757  343.355  1.79769e+308  1.79769e+308  50.8499  71.5605  
214.878  58.1361  376.757  343.355  1.79769e+308  1.79769e+308  214.878  58.1361  
250.907  55.5328  376.757  343.355  1.79769e+308  1.79769e+308  250.907  55.5328  
161.55  96.8583  376.757  343.355  1.79769e+308  1.79769e+308  161.55  96.8583  
75.8704  103.658  376.757  343.355  1.79769e+308  1.79769e+308  75.8704  103.658  
140.418  0.865278  376.757  343.355  1.79769e+308  1.79769e+308  140.418  0.865278  
30.3266  124.385  376.757  343.355  1.79769e+308  1.79769e+308  30.3266  124.385  
1.52643  1.48185  241.271  228.91  246.564  86.0621  20.9057  5.31907  
0.157699  2.84278  241.271  228.91  246.564  86.0621  0  11.5374  
0.0783459  2.9214  241.271  228.91  246.564  86.0621  92.9462  5.94322e-07  
6.39637e-13  62.2848  241.271  228.91  246.564  86.0621  86.2432  125.168  
1.30118e-11  2.99974  241.271  228.91  246.564  86.0621  11.2453  31.8611  
0  85.0621  241.271  228.91  246.564  86.0621  4.73676  24.8334  
0.0154303  2.98432  241.271  228.91  246.564  86.0621  32.4604  0.0484163  
94.1631  8.36336e-14  241.271  228.91  246.564  86.0621  18.2233  0.597081  
0.271687  2.73738  241.271  228.91  246.564  86.0621  76.1018  2.67255  
0.00964172  2.99062  241.271  228.91  246.564  86.0621  0.137073  40.9043  
0.0887553  2.91099  241.271  228.91  246.564  86.0621  16.8905  102.203  
0.0565486  2.94319  241.271  228.91  246.564  86.0621  30.3189  1.51775e-07  
0.621619  2.39803  241.271  228.91  246.564  86.0621  48.1925  130.412  
0.907776  2.1015  241.271  228.91  246.564  86.0621  99.1785  0  
0.589432  2.43021  241.271  228.91  246.564  86.0621  91.3943  0  
245.564  0  241.271  228.91  246.564  86.0621  16.7384  7.94805  
0.0527991  2.94746  241.271  228.91  246.564  86.0621  18.8555  3.3555  
0.228948  2.7707  241.271  228.91  246.564  86.0621  20.5315  0.000173924  
0  11.579  241.271  228.91  246.564  86.0621  0  29.0774  
0.126597  2.87388  241.271  228.91  246.564  86.0621  15.1376  5.81492e-13  
0.643893  2.37575  241.271  228.91  246.564  86.0621  81.8266  31.7331  
0.0338832  2.96587  241.271  228.91  246.564  86.0621  10.0468  2.25524  
0.23638  2.76336  241.271  228.91  246.564  86.0621  15.5577  1.3818e-14  
0.0840832  2.91567  241.271  228.91  246.564  86.0621  13.9072  7.82977  
1.60985  1.39843  241.271  228.91  246.564  86.0621  37.6124  0  
0.396816  2.62283  241.271  228.91  246.564  86.0621  156.046  40.7219  
0.556331  2.45157  241.271  228.91  246.564  86.0621  172.168  10.8956  
0.104978  2.89477  241.271  228.91  246.564  86.0621  5.21039  10.8996  
0  39.0077  241.271  228.91  246.564  86.0621  1.97056  16.527  
0.212767  2.78698  241.271  228.91  246.564  86.0621  75.325  0.000638085  
3.00783  2.94331e-12  241.271  228.91  246.564  86.0621  16.7861  11.7223  
0.182976  2.81677  241.271  228.91  246.564  86.0621  31.3562  1.74062e-14  
0.036212  2.96353  241.271  228.91  246.564  86.0621  21.1633  10.6498  
0.0418781  2.95787  241.271  228.91  246.564  86.0621  16.8088  4.93755  
0.174347  2.8254  241.271  228.91  246.564  86.0621  240.271  131.618  
0.105916  2.89383  241.271  228.91  246.564  86.0621  19.6865  20.9427  
0.657906  2.35654  241.271  228.91  246.564  86.0621  57.8587  63.3309  
0.0371654  2.96258  241.271  228.91  246.564  86.0621  47.3088  3.02504e-07  
2.40939  0.106619  241.271  228.91  246.564  86.0621  125.59  4.8244e-12  
0.31518  2.70446  241.271  228.91  246.564  86.0621  5.0043  53.9436  
0.0178852  2.98186  241.271  228.91  246.564  86.0621  14.4339  10.6946  
0.169629  2.83085  241.271  228.91  246.564  86.0621  1.84901  20.463  
0.421948  2.59768  241.271  228.91  246.564  86.0621  2.26214  2.73704  
0.0514239  2.94832  241.271  228.91  246.564  86.0621  45.1134  0  
2.46269  0.0533146  241.271  228.91  246.564  86.0621  31.5138  5.62596e-11  
0.615026  2.40462  241.271  228.91  246.564  86.0621  23.6156  0.005182  
0.0728172  2.92744  241.271  228.91  246.564  86.0621  13.4527  13.9211  
0.256971  2.76266  241.271  228.91  246.564  86.0621  19.4862  0  
0.323053  2.69658  241.271  228.91  246.564  86.0621  8.60792  8.89287  
0.445893  2.55459  241.271  228.91  246.564  86.0621  14.5079  22.399  
0.00444566  2.9953  241.271  228.91  246.564  86.0621  6.79775  14.9874  
2.50158  0.0144268  241.271  228.91  246.564  86.0621  0.0678475  31.4819  
2.49497  0.0210357  241.271  228.91  246.564  86.0621  12.2414  20.8755  
0.0605634  2.93919  241.271  228.91  246.564  86.0621  228.117  4.07243e-10  
2.49132  0.0249822  241.271  228.91  246.564  86.0621  36.3302  38.965  
0.262944  2.75668  241.271  228.91  246.564  86.0621  34.4954  2.02643  
0.370236  2.64939  241.271  228.91  246.564  86.0621  5.89732e-12  25.993  
0.0336744  2.96607  241.271  228.91  246.564  86.0621  10.2241  31.8508  
0.0516005  2.94814  241.271  228.91  246.564  86.0621  75.7001  25.065  
0.0245633  2.97519  241.271  228.91  246.564  86.0621  4.63648e-09  20.617  
0.095828  2.90391  241.271  228.91  246.564  86.0621  9.38099e-08  108.169  
1.8308  0.685209  241.271  228.91  246.564  86.0621  61.3578  15.7265  
0.00888771  2.99085  241.271  228.91  246.564  86.0621  0  27.977  
0.0492565  2.95049  241.271  228.91  246.564  86.0621  15.7165  83.5426  
0.0603624  2.93938  241.271  228.91  246.564  86.0621  124.702  132.659  
0.266171  2.75346  241.271  228.91  246.564  86.0621  228.026  3.1012e-11  
0.0673996  2.93308  241.271  228.91  246.564  86.0621  40.3204  0.405633  
0.122071  2.87819  241.271  228.91  246.564  86.0621  1.30118e-11  2.99974  
0.356922  2.66272  241.271  228.91  246.564  86.0621  5.48978  9.03132  
2.384  0.132012  241.271  228.91  246.564  86.0621  111.75  119.625  
0.122156  2.87759  241.271  228.91  246.564  86.0621  2.60211  28.0493  
0.442436  2.57721  241.271  228.91  246.564  86.0621  7.54983  20.3972  
0.196487  2.80326  241.271  228.91  246.564  86.0621  2.51601  2.46204e-12  
0.380659  2.63899  241.271  228.91  246.564  86.0621  2.44495  42.772  
0.0291583  2.97058  241.271  228.91  246.564  86.0621  0  27.6371  
0.0267298  2.97301  241.271  228.91  246.564  86.0621  16.0991  0  
0.388295  2.63135  241.271  228.91  246.564  86.0621  0.0162088  60.3539  
0.232611  2.76713  241.271  228.91  246.564  86.0621  0.7951  21.2709  
0.141281  2.85846  241.271  228.91  246.564  86.0621  0.699306  73.4975  
2.49957  0.0164407  241.271  228.91  246.564  86.0621  47.982  2.5951e-05  
0.535063  2.48458  241.271  228.91  246.564  86.0621  6.46105  31.3367  
0.52225  2.49739  241.271  228.91  246.564  86.0621  19.5284  4.46625e-13  
1.19477  1.86913  241.271  228.91  246.564  86.0621  21.7187  0.897082  
1.11726  1.883  241.271  228.91  246.564  86.0621  39.6619  29.3869  
0.00307117  2.99667  241.271  228.91  246.564  86.0621  17.502  9.31723  
0.0347532  2.96499  241.271  228.91  246.564  86.0621  39.4269  0  
0.647917  2.37173  241.271  228.91  246.564  86.0621  121.921  227.91  
2.47569  0.0403234  241.271  228.91  246.564  86.0621  6.94565  44.8062  
0.527257  2.49239  241.271  228.91  246.564  86.0621  27.5522  2.44713e-14  
0.581249  2.4384  241.271  228.91  246.564  86.0621  13.5609  2.12284e-13  
2.51601  2.46204e-12  241.271  228.91  246.564  86.0621  15.6697  4.60294  
0.427078  2.59257  241.271  228.91  246.564  86.0621  0.324436  58.1281  
0.113828  2.88591  241.271  228.91  246.564  86.0621  7.31529  7.78243  
4.25023e-12  2.99974  241.271  228.91  246.564  86.0621  5.86075  10.6439  
0.0211074  2.97864  241.271  228.91  246.564  86.0621  41.606  78.7998  
0.130202  2.87006  241.271  228.91  246.564  86.0621  1.45271e-07  22.3515  
0.100863  2.89888  241.271  228.91  246.564  86.0621  8.74648e-12  24.4891  
0.599458  2.42019  241.271  228.91  246.564  86.0621  5.57307  26.7791  
0.67107  2.32919  241.271  228.91  246.564  86.0621  0  19.661  
0.00826596  2.99148  241.271  228.91  246.564  86.0621  2.26278  12.9856  
0  28.6242  198.205  36.9032  209.02  128.418  9.30039  14.2934  
6.508  8.6704e-15  198.205  36.9032  209.02  128.418  10.7711  3.60687  
24.0766  0  198.205  36.9032  209.02  128.418  0  23.7359  
0  20.0878  198.205  36.9032  209.02  128.418  21.5228  1.97442  
0  28.4705  198.205  36.9032  209.02  128.418  0.00021584  9.53784  
0  27.4033  198.205  36.9032  209.02  128.418  1.37344e-07  14.6023  
26.5077  1.7952e-13  198.205  36.9032  209.02  128.418  5.46623  1.65847  
6.508  8.6704e-15  198.205  36.9032  209.02  128.418  6.47858  0.0402338  
3.66199e-12  10.5062  198.205  36.9032  209.02  128.418  9.6436  12.3622  
1.515  0.000138908  198.205  36.9032  209.02  128.418  10.0002  9.99676e-11  
18.0544  0  198.205  36.9032  209.02  128.418  24.3007  0.000192204  
27.9607  0  198.205  36.9032  209.02  128.418  133.553  0.00227543  
0  20.3668  198.205  36.9032  209.02  128.418  24.0307  0  
12.275  7.68905e-11  198.205  36.9032  209.02  128.418  8.20505  5.6945  
0  16.5845  198.205  36.9032  209.02  128.418  0  35.9032  
0  21.0267  198.205  36.9032  209.02  128.418  3.04504  12.9635  
46.9593  0  198.205  36.9032  209.02  128.418  4.6969  5.58162  
8.51372  1.13426e-14  198.205  36.9032  209.02  128.418  3.2313  9.77372  
0  127.418  198.205  36.9032  209.02  128.418  4.50216e-05  15.5516  
0  16.5641  198.205  36.9032  209.02  128.418  18.1003  6.20802e-07  
0  20.4352  198.205  36.9032  209.02  128.418  11.322  0.168755  
21.0534  0  198.205  36.9032  209.02  128.418  0  15.0296  
9.71751  0  198.205  36.9032  209.02  128.418  6.508  8.6704e-15  
23.6968  0  198.205  36.9032  209.02  128.418  6.55879e-11  17.703  
0  30.2707  198.205  36.9032  209.02  128.418  0  16.544  
0  97.2752  198.205  36.9032  209.02  128.418  6.12139e-10  17.501  
28.8925  0  198.205  36.9032  209.02  128.418  34.7257  17.1386  
1.47778  0.0373634  198.205  36.9032  209.02  128.418  0  24.596  
12.2217  5.78033e-13  198.205  36.9032  209.02  128.418  0  21.0039  
0  117.443  198.205  36.9032  209.02  128.418  4.24022  5.27874  
0  12.0172  198.205  36.9032  209.02  128.418  2.66907  4.05414  
26.7151  2.21706e-11  198.205  36.9032  209.02  128.418  23.5653  0  
25.5326  0  198.205  36.9032  209.02  128.418  3.54132  11.8484  
6.07286e-13  8.02411  198.205  36.9032  209.02  128.418  16.51  2.52962e-10  
17.8419  0  198.205  36.9032  209.02  128.418  13.6835  7.14606  
9.55294e-12  11.0705  198.205  36.9032  209.02  128.418  19.7859  0.496314  
0.0304988  1.65626  198.205  36.9032  209.02  128.418  3.90575  12.6927  
208.02  2.77138e-13  198.205  36.9032  209.02  128.418  1.84155e-12  10.5215  
0  23.5024  198.205  36.9032  209.02  128.418  2.08158  7.82644  
0  20.4352  198.205  36.9032  209.02  128.418  6.03477  3.99612  
20.021  0  198.205  36.9032  209.02  128.418  11.9612  5.6286  
88.4347  0  198.205  36.9032  209.02  128.418  17.5499  0  
117.364  0  198.205  36.9032  209.02  128.418  10.9436  6.77112  
10.0328  1.00293e-10  198.205  36.9032  209.02  128.418  20.0131  0  
0  65.3497  198.205  36.9032  209.02  128.418  17.8295  2.22912  
111.897  1.49077e-13  198.205  36.9032  209.02  128.418  0.757045  0.744699  
30.9919  2.09888e-13  198.205  36.9032  209.02  128.418  8.65302  2.94275  
0  20.0898  198.205  36.9032  209.02  128.418  15.3962  2.10479  
0  108.045  198.205  36.9032  209.02  128.418  17.7149  2.37151  
9.71751  0  198.205  36.9032  209.02  128.418  3.25238  16.2504  
1.06143e-12  14.0247  198.205  36.9032  209.02  128.418  18.099  2.13498e-08  
0.0304988  1.65626  198.205  36.9032  209.02  128.418  0.15332  21.6248  
0.757045  0.744699  198.205  36.9032  209.02  128.418  15.1984  4.32156e-05  
0.721044  0.7807  198.205  36.9032  209.02  128.418  0.629997  17.4844  
0.741075  0.760669  198.205  36.9032  209.02  128.418  197.205  8.75768e-14  
0.7411  0.760644  198.205  36.9032  209.02  128.418  0.0392076  9.97911  
0.00940085  1.49593  198.205  36.9032  209.02  128.418  47.8655  0.297258  
0.753957  0.747787  198.205  36.9032  209.02  128.418  29.5061  0  
0.0112259  1.49411  198.205  36.9032  209.02  128.418  9.59561  1.24924  
0.0954681  1.42757  198.205  36.9032  209.02  128.418  12.643  7.6022  
0.766046  0.735698  198.205  36.9032  209.02  128.418  2.73979e-10  21.7611  
1.44088  0.0961118  198.205  36.9032  209.02  128.418  3.6433  2.21099  
0.0266538  1.47868  198.205  36.9032  209.02  128.418  1.59769  12.6183  
0.0201334  1.4852  198.205  36.9032  209.02  128.418  0.44542  7.20085  
0.0473059  1.45803  198.205  36.9032  209.02  128.418  0  29.504  
0.0325686  1.54866  198.205  36.9032  209.02  128.418  9.066e-12  10.5062  
1.13808e-11  2.49967  198.205  36.9032  209.02  128.418  11.9129  0.66923  
0.00267895  1.50265  198.205  36.9032  209.02  128.418  9.1681e-10  1.50533  
0.00275811  1.50258  198.205  36.9032  209.02  128.418  3.37059  4.53817  
1.50933  0.00580811  198.205  36.9032  209.02  128.418  10.0362  0  
0.696938  0.804806  198.205  36.9032  209.02  128.418  16.1149  0.000274559  
0.818784  0.691367  198.205  36.9032  209.02  128.418  0.45362  14.0577  
1.40943  0.134493  198.205  36.9032  209.02  128.418  1.51514  1.67853e-09  
0.771389  0.730355  198.205  36.9032  209.02  128.418  0.00040043  17.5754  
0.887754  0.622398  198.205  36.9032  209.02  128.418  11.2242  4.98455e-15  
0.00758279  1.49775  198.205  36.9032  209.02  128.418  7.47849  0.00754895  
0.073027  1.43254  198.205  36.9032  209.02  128.418  5.81963  18.3361  
0.198297  1.33138  198.205  36.9032  209.02  128.418  1.06506e-07  4.67724  
1.51382  0.000670915  198.205  36.9032  209.02  128.418  9.86735  4.77282  
1.50697  0.0081734  198.205  36.9032  209.02  128.418  11.9752  0  
2.49936  1.18209e-13  198.205  36.9032  209.02  128.418  12.6544  1.256e-06  
0.824693  0.685459  198.205  36.9032  209.02  128.418  0.0136221  24.7115  
0.0161705  1.48916  198.205  36.9032  209.02  128.418  9.11695  7.93464  
0.754265  0.747479  198.205  36.9032  209.02  128.418  11.7441  11.2927  
1.48658  0.0204399  198.205  36.9032  209.02  128.418  10.8881  0.523994  
0.0310964  1.55013  198.205  36.9032  209.02  128.418  16.2918  2.53425e-05  
0.899774  0.611291  198.205  36.9032  209.02  128.418  0  7.13078  
0.839283  0.670868  198.205  36.9032  209.02  128.418  1.46188e-09  19.5888  
0.802326  0.707825  198.205  36.9032  209.02  128.418  2.50632e-13  6.53041  
1.26346e-09  1.50533  198.205  36.9032  209.02  128.418  1.56718  16.7001  
0.746189  0.755555  198.205  36.9032  209.02  128.418  9.9887  0.0183545  
1.32667  0.181739  198.205  36.9032  209.02  128.418  0.517152  19.5209  
0.0102435  1.4957  198.205  36.9032  209.02  128.418  9.72582  3.41726  
1.47559  0.061406  198.205  36.9032  209.02  128.418  14.3295  2.82701  
0.792686  0.709058  198.205  36.9032  209.02  128.418  11.3186  0.177346  
0.757896  0.743848  198.205  36.9032  209.02  128.418  17.0908  0.689903  
1.51514  1.67853e-09  198.205  36.9032  209.02  128.418  4.09499e-11  11.0529  
0.875688  0.634463  198.205  36.9032  209.02  128.418  2.4293e-08  24.7663  
0.862016  0.648135  198.205  36.9032  209.02  128.418  5.40829  7.17381  
0.902932  0.60722  198.205  36.9032  209.02  128.418  2.70245e-12  15.532  
0.0820432  0.417968  1.50001  1.5  1.50001  1.5  0.212247  0.287758  
0.420332  0.0796719  1.50001  1.5  1.50001  1.5  0.286923  0.213083  
0.299607  0.200394  1.50001  1.5  1.50001  1.5  0.149247  0.350753  
0.130627  0.369374  1.50001  1.5  1.50001  1.5  0.108042  0.39196  
0.333622  0.166388  1.50001  1.5  1.50001  1.5  0.421208  0.0787995  
0.210812  0.289195  1.50001  1.5  1.50001  1.5  0.0126385  0.487364  
0.216202  0.283809  1.50001  1.5  1.50001  1.5  0.357472  0.142531  
0.250542  0.249462  1.50001  1.5  1.50001  1.5  0.296224  0.203776  
0.143536  0.356466  1.50001  1.5  1.50001  1.5  0.0964173  0.403584  
0.256319  0.243689  1.50001  1.5  1.50001  1.5  0.0179033  0.482097  
0.0476898  0.452317  1.50001  1.5  1.50001  1.5  0.455532  0.0444757  
0.033357  0.466646  1.50001  1.5  1.50001  1.5  0.0835504  0.41645  
0.294745  0.205268  1.50001  1.5  1.50001  1.5  0.238598  0.261408  
0.482513  0.0174903  1.50001  1.5  1.50001  1.5  0.38951  0.110492  
0.189869  0.310138  1.50001  1.5  1.50001  1.5  0.406804  0.0931978  
0.175071  0.324948  1.50001  1.5  1.50001  1.5  0.162152  0.337848  
0.328596  0.171411  1.50001  1.5  1.50001  1.5  0.187854  0.312151  
0.284838  0.215167  1.50001  1.5  1.50001  1.5  0.301782  0.198218  
0.368344  0.131658  1.50001  1.5  1.50001  1.5  0.430362  0.0696424  
0.0382058  0.461799  1.50001  1.5  1.50001  1.5  0.145495  0.35451  
0.0626743  0.437336  1.50001  1.5  1.50001  1.5  0.244381  0.255623  
0.135251  0.364756  1.50001  1.5  1.50001  1.5  0.157818  0.342182  
0.47714  0.0228611  1.50001  1.5  1.50001  1.5  0.12944  0.37056  
0.0430985  0.456902  1.50001  1.5  1.50001  1.5  0.203365  0.296639  
0.308676  0.191327  1.50001  1.5  1.50001  1.5  0.260516  0.23949  
0.147988  0.352024  1.50001  1.5  1.50001  1.5  0.232876  0.267126  
0.117309  0.382697  1.50001  1.5  1.50001  1.5  0.269961  0.23004  
0.363848  0.136164  1.50001  1.5  1.50001  1.5  0.0720727  0.427929  
0.405058  0.0949495  1.50001  1.5  1.50001  1.5  0.0473215  0.452686  
0.273859  0.226148  1.50001  1.5  1.50001  1.5  0.281966  0.218039  
0.0956366  0.404371  1.50001  1.5  1.50001  1.5  0.140969  0.359032  
0.373391  0.126616  1.50001  1.5  1.50001  1.5  0.486729  0.0132829  
0.100103  0.3999  1.50001  1.5  1.50001  1.5  0.4706  0.0294053  
0.323756  0.17625  1.50001  1.5  1.50001  1.5  0.353594  0.146412  
0.440441  0.059564  1.50001  1.5  1.50001  1.5  0.275498  0.224502  
0.415416  0.0845901  1.50001  1.5  1.50001  1.5  0.395063  0.104938  
0.17976  0.320252  1.50001  1.5  1.50001  1.5  0.44518  0.0548207  
0.388562  0.111447  1.50001  1.5  1.50001  1.5  0.373391  0.126616  
0.0576723  0.442345  1.50001  1.5  1.50001  1.5  0.177246  0.322755  
0.108428  0.391577  1.50001  1.5  1.50001  1.5  0.474934  0.025074  
0.194839  0.305178  1.50001  1.5  1.50001  1.5  0.193282  0.306719  
0.0117928  0.48821  1.50001  1.5  1.50001  1.5  0.439365  0.0606349  
0.343773  0.156239  1.50001  1.5  1.50001  1.5  0.340397  0.159607  
0.199907  0.300104  1.50001  1.5  1.50001  1.5  0.491159  0.00884451  
0.313775  0.186227  1.50001  1.5  1.50001  1.5  0.067465  0.432541  
0.17109  0.328916  1.50001  1.5  1.50001  1.5  0.384487  0.115514  
0.289591  0.210414  1.50001  1.5  1.50001  1.5  0.135494  0.364507  
0.399503  0.100506  1.50001  1.5  1.50001  1.5  0.00342846  0.496572  
0.262269  0.237736  1.50001  1.5  1.50001  1.5  0.33648  0.163525  
0.450678  0.049327  1.50001  1.5  1.50001  1.5  0.41638  0.0836232  
0.0174069  0.482599  1.50001  1.5  1.50001  1.5  0.0342799  0.465721  
0.466446  0.0335542  1.50001  1.5  1.50001  1.5  0.0774317  0.422569  
0.435336  0.0646654  1.50001  1.5  1.50001  1.5  0.315976  0.184028  
0.378598  0.121408  1.50001  1.5  1.50001  1.5  0.362095  0.137906  
0.493856  0.00614853  1.50001  1.5  1.50001  1.5  0.311536  0.188465  
0.383703  0.116307  1.50001  1.5  1.50001  1.5  0.345164  0.154893  
0.104282  0.395727  1.50001  1.5  1.50001  1.5  0.500009  7.20015e-12  
0.227883  0.27213  1.50001  1.5  1.50001  1.5  0.307291  0.192711  
0.0774317  0.422569  1.50001  1.5  1.50001  1.5  0.466446  0.0335542  
0.139559  0.360447  1.50001  1.5  1.50001  1.5  0.24907  0.250936  
0.157259  0.342747  1.50001  1.5  1.50001  1.5  0.349201  0.150805  
0.304138  0.195867  1.50001  1.5  1.50001  1.5  0.153163  0.346838  
0.126078  0.373923  1.50001  1.5  1.50001  1.5  0.123844  0.376156  
0.348171  0.151836  1.50001  1.5  1.50001  1.5  0.0527181  0.447287  
0.0279049  0.472103  1.50001  1.5  1.50001  1.5  0.102517  0.397488  
0.233131  0.266874  1.50001  1.5  1.50001  1.5  0.217402  0.282599  
0.20545  0.29456  1.50001  1.5  1.50001  1.5  0.030339  0.469667  
0.184617  0.315389  1.50001  1.5  1.50001  1.5  0.450386  0.0496219  
0.0677392  0.432262  1.50001  1.5  1.50001  1.5  0.331582  0.168475  
0.0229331  0.477073  1.50001  1.5  1.50001  1.5  0.227883  0.27213  
0.338515  0.161491  1.50001  1.5  1.50001  1.5  0.00765272  0.492348  
0.500009  7.20015e-12  1.50001  1.5  1.50001  1.5  0.166713  0.333291  
0.488279  0.0117338  1.50001  1.5  1.50001  1.5  0.0621311  0.437871  
0.166626  0.333374  1.50001  1.5  1.50001  1.5  0.264291  0.235715  
0.47171  0.0282903  1.50001  1.5  1.50001  1.5  0.32103  0.178973  
0.358638  0.141373  1.50001  1.5  1.50001  1.5  0.425793  0.0742089  
0.353594  0.146412  1.50001  1.5  1.50001  1.5  0.254537  0.245469  
0.161913  0.338094  1.50001  1.5  1.50001  1.5  1.3938e-11  0.500002  
0.0526053  0.447398  1.50001  1.5  1.50001  1.5  0.495835  0.00416595  
0.244718  0.255286  1.50001  1.5  1.50001  1.5  0.172171  0.327829  
0.121735  0.378269  1.50001  1.5  1.50001  1.5  0.113193  0.386815  
0.0869058  0.413103  1.50001  1.5  1.50001  1.5  0.0242393  0.475765  
0.0728938  0.427114  1.50001  1.5  1.50001  1.5  0.0430174  0.45699  
0.445514  0.0544951  1.50001  1.5  1.50001  1.5  0.0902668  0.409737  
0.0915183  0.408483  1.50001  1.5  1.50001  1.5  0.0585352  0.441465  
0.153031  0.34697  1.50001  1.5  1.50001  1.5  0.222635  0.277367  
0.00607926  0.493933  1.50001  1.5  1.50001  1.5  0.198447  0.30156  
0.221528  0.278478  1.50001  1.5  1.50001  1.5  0.291377  0.208624  
0.393943  0.106068  1.50001  1.5  1.50001  1.5  0.460892  0.039113  
0.425697  0.0743035  1.50001  1.5  1.50001  1.5  0.36701  0.132991  
1.3938e-11  0.500002  1.50001  1.5  1.50001  1.5  0.325774  0.174227  
0.112676  0.387331  1.50001  1.5  1.50001  1.5  0.118361  0.381645  
0.268233  0.231768  1.50001  1.5  1.50001  1.5  0.411892  0.0881145  
0.31863  0.181371  1.50001  1.5  1.50001  1.5  0.379032  0.120971  
0.279379  0.220626  1.50001  1.5  1.50001  1.5  0.400736  0.0992648  
0.430362  0.0696424  1.50001  1.5  1.50001  1.5  0.481286  0.018716  
0.410247  0.0897557  1.50001  1.5  1.50001  1.5  0.207795  0.292207  
0.238933  0.261073  1.50001  1.5  1.50001  1.5  0.435336  0.0646654  
0.455876  0.0441356  1.50001  1.5  1.50001  1.5  0.0382667  0.461739  
0.460892  0.039113  1.50001  1.5  1.50001  1.5  0.182733  0.317267  
0.0813689  0.418631  10.9694  3.85292  10.9694  3.85292  0.213052  0.286948  
0.420344  0.0796563  10.9694  3.85292  10.9694  3.85292  0.285966  0.214034  
0.299219  0.200781  10.9694  3.85292  10.9694  3.85292  0.14849  0.35151  
0.130721  0.369279  10.9694  3.85292  10.9694  3.85292  0.107149  0.392851  
0.333475  0.166525  10.9694  3.85292  10.9694  3.85292  0.420575  0.079425  
0.211357  0.288643  10.9694  3.85292  10.9694  3.85292  0.0140957  0.485904  
0.216768  0.283232  10.9694  3.85292  10.9694  3.85292  0.359576  0.140424  
0.250401  0.249599  10.9694  3.85292  10.9694  3.85292  0.296351  0.203649  
0.144153  0.355847  10.9694  3.85292  10.9694  3.85292  0.0960098  0.40399  
0.256098  0.243902  10.9694  3.85292  10.9694  3.85292  0.0188227  0.481177  
0.0474823  0.452518  10.9694  3.85292  10.9694  3.85292  0.455196  0.0448037  
0.0322586  0.467741  10.9694  3.85292  10.9694  3.85292  0.0847895  0.415211  
0.294148  0.205852  10.9694  3.85292  10.9694  3.85292  0.23868  0.26132  
0.483223  0.016777  10.9694  3.85292  10.9694  3.85292  0.39008  0.10992  
0.190819  0.309181  10.9694  3.85292  10.9694  3.85292  0.405538  0.094462  
0.176252  0.323748  10.9694  3.85292  10.9694  3.85292  0.163083  0.336917  
0.3286  0.1714  10.9694  3.85292  10.9694  3.85292  0.187768  0.312232  
0.283782  0.216218  10.9694  3.85292  10.9694  3.85292  0.301473  0.198527  
0.368415  0.131585  10.9694  3.85292  10.9694  3.85292  0.430487  0.0695129  
0.037453  0.462547  10.9694  3.85292  10.9694  3.85292  0.143566  0.356434  
0.0621459  0.437854  10.9694  3.85292  10.9694  3.85292  0.243976  0.256024  
0.135209  0.364791  10.9694  3.85292  10.9694  3.85292  0.158228  0.341772  
0.477635  0.0223646  10.9694  3.85292  10.9694  3.85292  0.128487  0.371513  
0.0424743  0.457526  10.9694  3.85292  10.9694  3.85292  0.202938  0.297062  
0.309089  0.190911  10.9694  3.85292  10.9694  3.85292  0.259885  0.240115  
0.148628  0.351372  10.9694  3.85292  10.9694  3.85292  0.233444  0.266556  
0.117465  0.382535  10.9694  3.85292  10.9694  3.85292  0.270314  0.229686  
0.363338  0.136662  10.9694  3.85292  10.9694  3.85292  0.0737837  0.426216  
0.404812  0.0951877  10.9694  3.85292  10.9694  3.85292  0.0479568  0.452043  
0.27285  0.22715  10.9694  3.85292  10.9694  3.85292  0.280753  0.219247  
0.0951571  0.404843  10.9694  3.85292  10.9694  3.85292  0.138669  0.361331  
0.373526  0.126474  10.9694  3.85292  10.9694  3.85292  0.485321  0.0146787  
0.0995611  0.400439  10.9694  3.85292  10.9694  3.85292  0.470415  0.0295854  
0.323753  0.176247  10.9694  3.85292  10.9694  3.85292  0.354732  0.145268  
0.440573  0.059427  10.9694  3.85292  10.9694  3.85292  0.275563  0.224437  
0.415218  0.084782  10.9694  3.85292  10.9694  3.85292  0.395273  0.104727  
0.181081  0.318919  10.9694  3.85292  10.9694  3.85292  0.445293  0.0547069  
0.389086  0.110914  10.9694  3.85292  10.9694  3.85292  0.374553  0.125447  
0.0573227  0.442677  10.9694  3.85292  10.9694  3.85292  0.177711  0.322289  
0.108614  0.391386  10.9694  3.85292  10.9694  3.85292  0.475475  0.0245246  
0.195727  0.304273  10.9694  3.85292  10.9694  3.85292  0.192856  0.307144  
0.0109912  0.489009  10.9694  3.85292  10.9694  3.85292  0.440371  0.0596287  
0.34334  0.15666  10.9694  3.85292  10.9694  3.85292  0.340547  0.159453  
0.20087  0.29913  10.9694  3.85292  10.9694  3.85292  0.490225  0.00977545  
0.313977  0.186023  10.9694  3.85292  10.9694  3.85292  0.0684794  0.431521  
0.171481  0.328519  10.9694  3.85292  10.9694  3.85292  0.384905  0.115095  
0.289008  0.210992  10.9694  3.85292  10.9694  3.85292  0.13372  0.36628  
0.399563  0.100437  10.9694  3.85292  10.9694  3.85292  0.00466307  0.495337  
0.26179  0.23821  10.9694  3.85292  10.9694  3.85292  0.335803  0.164197  
0.45086  0.0491399  10.9694  3.85292  10.9694  3.85292  0.415595  0.0844052  
0.0163596  0.48364  10.9694  3.85292  10.9694  3.85292  0.0332975  0.466703  
0.466662  0.033338  10.9694  3.85292  10.9694  3.85292  0.0792762  0.420724  
0.435489  0.0645106  10.9694  3.85292  10.9694  3.85292  0.316607  0.183393  
0.378665  0.121335  10.9694  3.85292  10.9694  3.85292  0.36449  0.13551  
0.494393  0.00560742  10.9694  3.85292  10.9694  3.85292  0.311633  0.188367  
0.383873  0.116127  10.9694  3.85292  10.9694  3.85292  0.345254  0.154746  
0.104168  0.395832  10.9694  3.85292  10.9694  3.85292  0.5  5.55112e-17  
0.227877  0.272123  10.9694  3.85292  10.9694  3.85292  0.306587  0.193413  
0.0765992  0.423401  10.9694  3.85292  10.9694  3.85292  0.465324  0.034676  
0.13968  0.36032  10.9694  3.85292  10.9694  3.85292  0.249272  0.250728  
0.157636  0.342364  10.9694  3.85292  10.9694  3.85292  0.349971  0.150029  
0.304152  0.195848  10.9694  3.85292  10.9694  3.85292  0.153404  0.346596  
0.126278  0.373722  10.9694  3.85292  10.9694  3.85292  0.123236  0.376764  
0.34828  0.15172  10.9694  3.85292  10.9694  3.85292  0.0531222  0.446878  
0.0270433  0.472957  10.9694  3.85292  10.9694  3.85292  0.101599  0.398401  
0.233444  0.266556  10.9694  3.85292  10.9694  3.85292  0.218122  0.281878  
0.206101  0.293899  10.9694  3.85292  10.9694  3.85292  0.028434  0.471566  
0.185932  0.314068  10.9694  3.85292  10.9694  3.85292  0.450198  0.0498018  
0.066965  0.433035  10.9694  3.85292  10.9694  3.85292  0.331062  0.168938  
0.0217026  0.478297  10.9694  3.85292  10.9694  3.85292  0.228279  0.271721  
0.338389  0.161611  10.9694  3.85292  10.9694  3.85292  0.00937471  0.490625  
0.5  7.20002e-12  10.9694  3.85292  10.9694  3.85292  0.167905  0.332095  
0.488816  0.0111844  10.9694  3.85292  10.9694  3.85292  0.0632461  0.436754  
0.166733  0.333267  10.9694  3.85292  10.9694  3.85292  0.2651  0.2349  
0.472096  0.0279039  10.9694  3.85292  10.9694  3.85292  0.321481  0.178519  
0.358257  0.141743  10.9694  3.85292  10.9694  3.85292  0.42557  0.07443  
0.353228  0.146772  10.9694  3.85292  10.9694  3.85292  0.25458  0.24542  
0.162211  0.337789  10.9694  3.85292  10.9694  3.85292  7.0528e-12  0.5  
0.0523996  0.4476  10.9694  3.85292  10.9694  3.85292  0.495147  0.00485345  
0.244652  0.255348  10.9694  3.85292  10.9694  3.85292  0.172767  0.327233  
0.121861  0.378139  10.9694  3.85292  10.9694  3.85292  0.112561  0.387439  
0.0860125  0.413988  10.9694  3.85292  10.9694  3.85292  0.0236811  0.476319  
0.0717927  0.428207  10.9694  3.85292  10.9694  3.85292  0.0430342  0.456966  
0.445706  0.0542943  10.9694  3.85292  10.9694  3.85292  0.0903386  0.409661  
0.0906743  0.409326  10.9694  3.85292  10.9694  3.85292  0.0581177  0.441882  
0.153112  0.346888  10.9694  3.85292  10.9694  3.85292  0.223173  0.276827  
0.00549493  0.494505  10.9694  3.85292  10.9694  3.85292  0.197916  0.302084  
0.222324  0.277676  10.9694  3.85292  10.9694  3.85292  0.291184  0.208816  
0.3943  0.1057  10.9694  3.85292  10.9694  3.85292  0.460244  0.0397562  
0.425409  0.0745907  10.9694  3.85292  10.9694  3.85292  0.369504  0.130496  
1.39379e-11  0.5  10.9694  3.85292  10.9694  3.85292  0.32629  0.17371  
0.11305  0.38695  10.9694  3.85292  10.9694  3.85292  0.117984  0.382016  
0.267444  0.232556  10.9694  3.85292  10.9694  3.85292  0.410577  0.0894231  
0.318847  0.181153  10.9694  3.85292  10.9694  3.85292  0.379715  0.120285  
0.278363  0.221637  10.9694  3.85292  10.9694  3.85292  0.400411  0.0995886  
0.430413  0.0695874  10.9694  3.85292  10.9694  3.85292  0.480421  0.0195792  
0.410045  0.0899547  10.9694  3.85292  10.9694  3.85292  0.207991  0.292009  
0.239024  0.260976  10.9694  3.85292  10.9694  3.85292  0.43546  0.0645399  
0.456025  0.043975  10.9694  3.85292  10.9694  3.85292  0.0381509  0.461849  
0.461275  0.0387251  10.9694  3.85292  10.9694  3.85292  0.18272  0.31728  
0.0812218  0.418778  1.5  62.667  1.5  62.667  0.213052  0.286948  
0.420303  0.0796969  1.5  62.667  1.5  62.667  0.285966  0.214034  
0.298914  0.201086  1.5  62.667  1.5  62.667  0.148415  0.351585  
0.130742  0.369258  1.5  62.667  1.5  62.667  0.10699  0.39301  
0.333498  0.166502  1.5  62.667  1.5  62.667  0.420564  0.0794364  
0.211757  0.288243  1.5  62.667  1.5  62.667  0.0140957  0.485904  
0.217142  0.282858  1.5  62.667  1.5  62.667  0.359805  0.140195  
0.250401  0.249599  1.5  62.667  1.5  62.667  0.296351  0.203649  
0.144153  0.355847  1.5  62.667  1.5  62.667  0.0960221  0.403978  
0.256053  0.243947  1.5  62.667  1.5  62.667  0.0188701  0.48113  
0.0472852  0.452715  1.5  62.667  1.5  62.667  0.455245  0.0447546  
0.0320723  0.467928  1.5  62.667  1.5  62.667  0.0850794  0.414921  
0.293823  0.206177  1.5  62.667  1.5  62.667  0.238805  0.261195  
0.483282  0.0167182  1.5  62.667  1.5  62.667  0.39008  0.10992  
0.191199  0.308801  1.5  62.667  1.5  62.667  0.405498  0.0945023  
0.176444  0.323556  1.5  62.667  1.5  62.667  0.163146  0.336854  
0.3286  0.1714  1.5  62.667  1.5  62.667  0.187826  0.312174  
0.283402  0.216598  1.5  62.667  1.5  62.667  0.301407  0.198593  
0.368415  0.131585  1.5  62.667  1.5  62.667  0.430502  0.0694982  
0.037182  0.462818  1.5  62.667  1.5  62.667  0.14347  0.35653  
0.0621288  0.437871  1.5  62.667  1.5  62.667  0.243994  0.256006  
0.135209  0.364791  1.5  62.667  1.5  62.667  0.158251  0.341749  
0.47772  0.0222799  1.5  62.667  1.5  62.667  0.128182  0.371818  
0.0422732  0.457727  1.5  62.667  1.5  62.667  0.202938  0.297062  
0.308972  0.191028  1.5  62.667  1.5  62.667  0.259759  0.240241  
0.148628  0.351372  1.5  62.667  1.5  62.667  0.23357  0.26643  
0.117465  0.382535  1.5  62.667  1.5  62.667  0.270276  0.229724  
0.363338  0.136662  1.5  62.667  1.5  62.667  0.0742453  0.425755  
0.404785  0.0952154  1.5  62.667  1.5  62.667  0.0481415  0.451858  
0.272663  0.227337  1.5  62.667  1.5  62.667  0.280753  0.219247  
0.0950909  0.404909  1.5  62.667  1.5  62.667  0.138374  0.361626  
0.373552  0.126448  1.5  62.667  1.5  62.667  0.485274  0.0147255  
0.0996508  0.400349  1.5  62.667  1.5  62.667  0.47029  0.0297102  
0.323713  0.176287  1.5  62.667  1.5  62.667  0.354916  0.145084  
0.440625  0.0593753  1.5  62.667  1.5  62.667  0.275523  0.224477  
0.415183  0.084817  1.5  62.667  1.5  62.667  0.395233  0.104767  
0.181243  0.318757  1.5  62.667  1.5  62.667  0.445293  0.0547069  
0.389086  0.110914  1.5  62.667  1.5  62.667  0.374745  0.125255  
0.0571938  0.442806  1.5  62.667  1.5  62.667  0.177886  0.322114  
0.108614  0.391386  1.5  62.667  1.5  62.667  0.475321  0.0246794  
0.196293  0.303707  1.5  62.667  1.5  62.667  0.192856  0.307144  
0.0108807  0.489119  1.5  62.667  1.5  62.667  0.440371  0.0596287  
0.343366  0.156634  1.5  62.667  1.5  62.667  0.340526  0.159474  
0.201285  0.298715  1.5  62.667  1.5  62.667  0.490218  0.00978244  
0.313873  0.186127  1.5  62.667  1.5  62.667  0.0689025  0.431098  
0.171727  0.328273  1.5  62.667  1.5  62.667  0.384905  0.115095  
0.288681  0.211319  1.5  62.667  1.5  62.667  0.133285  0.366715  
0.399563  0.100437  1.5  62.667  1.5  62.667  0.00468118  0.495319  
0.261659  0.238341  1.5  62.667  1.5  62.667  0.335773  0.164227  
0.450917  0.0490826  1.5  62.667  1.5  62.667  0.415595  0.0844052  
0.0162445  0.483755  1.5  62.667  1.5  62.667  0.0333584  0.466642  
0.466837  0.0331635  1.5  62.667  1.5  62.667  0.0796261  0.420374  
0.435529  0.0644708  1.5  62.667  1.5  62.667  0.316393  0.183607  
0.378673  0.121327  1.5  62.667  1.5  62.667  0.364756  0.135244  
0.494393  0.00560742  1.5  62.667  1.5  62.667  0.311448  0.188552  
0.383873  0.116127  1.5  62.667  1.5  62.667  0.345254  0.154746  
0.104147  0.395853  1.5  62.667  1.5  62.667  0.5  5.55112e-17  
0.228025  0.271975  1.5  62.667  1.5  62.667  0.306431  0.193569  
0.0764715  0.423529  1.5  62.667  1.5  62.667  0.4653  0.0347004  
0.13968  0.36032  1.5  62.667  1.5  62.667  0.249272  0.250728  
0.157802  0.342198  1.5  62.667  1.5  62.667  0.350074  0.149926  
0.303979  0.196021  1.5  62.667  1.5  62.667  0.153345  0.346655  
0.1263  0.3737  1.5  62.667  1.5  62.667  0.122897  0.377103  
0.348315  0.151685  1.5  62.667  1.5  62.667  0.0532517  0.446748  
0.0268835  0.473117  1.5  62.667  1.5  62.667  0.101476  0.398524  
0.23357  0.26643  1.5  62.667  1.5  62.667  0.218122  0.281878  
0.206504  0.293496  1.5  62.667  1.5  62.667  0.0284888  0.471511  
0.186162  0.313838  1.5  62.667  1.5  62.667  0.450245  0.0497555  
0.0669104  0.43309  1.5  62.667  1.5  62.667  0.331023  0.168977  
0.0216111  0.478389  1.5  62.667  1.5  62.667  0.2284  0.2716  
0.338414  0.161586  1.5  62.667  1.5  62.667  0.00939525  0.490605  
0.5  7.20002e-12  1.5  62.667  1.5  62.667  0.16804  0.33196  
0.488816  0.0111844  1.5  62.667  1.5  62.667  0.0635835  0.436416  
0.166996  0.333004  1.5  62.667  1.5  62.667  0.265021  0.234979  
0.472255  0.0277453  1.5  62.667  1.5  62.667  0.321324  0.178676  
0.358282  0.141718  1.5  62.667  1.5  62.667  0.425527  0.0744734  
0.353274  0.146726  1.5  62.667  1.5  62.667  0.254507  0.245493  
0.162391  0.337609  1.5  62.667  1.5  62.667  7.0528e-12  0.5  
0.0522337  0.447766  1.5  62.667  1.5  62.667  0.495107  0.00489293  
0.244746  0.255254  1.5  62.667  1.5  62.667  0.172976  0.327024  
0.121861  0.378139  1.5  62.667  1.5  62.667  0.112357  0.387643  
0.0858782  0.414122  1.5  62.667  1.5  62.667  0.0236515  0.476349  
0.0717249  0.428275  1.5  62.667  1.5  62.667  0.0432325  0.456767  
0.445798  0.0542021  1.5  62.667  1.5  62.667  0.0905598  0.40944  
0.090475  0.409525  1.5  62.667  1.5  62.667  0.0584253  0.441575  
0.153221  0.346779  1.5  62.667  1.5  62.667  0.223241  0.276759  
0.00545324  0.494547  1.5  62.667  1.5  62.667  0.197908  0.302092  
0.222557  0.277443  1.5  62.667  1.5  62.667  0.291184  0.208816  
0.394339  0.105661  1.5  62.667  1.5  62.667  0.460244  0.0397562  
0.425385  0.0746152  1.5  62.667  1.5  62.667  0.369726  0.130274  
1.39379e-11  0.5  1.5  62.667  1.5  62.667  0.326206  0.173794  
0.11305  0.38695  1.5  62.667  1.5  62.667  0.11767  0.38233  
0.267232  0.232768  1.5  62.667  1.5  62.667  0.410545  0.0894547  
0.318782  0.181218  1.5  62.667  1.5  62.667  0.379782  0.120218  
0.278061  0.221939  1.5  62.667  1.5  62.667  0.400388  0.0996116  
0.430475  0.0695251  1.5  62.667  1.5  62.667  0.480331  0.0196691  
0.409991  0.0900087  1.5  62.667  1.5  62.667  0.207991  0.292009  
0.239156  0.260844  1.5  62.667  1.5  62.667  0.435448  0.0645525  
0.456164  0.0438358  1.5  62.667  1.5  62.667  0.0382658  0.461734  
0.461453  0.0385471  1.5  62.667  1.5  62.667  0.182841  0.317159  
0.0811204  0.41888  40.5187  14.9162  40.5187  14.9162  0.213069  0.286931  
0.420267  0.0797326  40.5187  14.9162  40.5187  14.9162  0.285913  0.214087  
0.298765  0.201235  40.5187  14.9162  40.5187  14.9162  0.148344  0.351656  
0.130742  0.369258  40.5187  14.9162  40.5187  14.9162  0.106793  0.393207  
0.333498  0.166502  40.5187  14.9162  40.5187  14.9162  0.420564  0.0794364  
0.212148  0.287852  40.5187  14.9162  40.5187  14.9162  0.0141214  0.485879  
0.217402  0.282598  40.5187  14.9162  40.5187  14.9162  0.35988  0.14012  
0.250375  0.249625  40.5187  14.9162  40.5187  14.9162  0.296173  0.203827  
0.144209  0.355791  40.5187  14.9162  40.5187  14.9162  0.0960221  0.403978  
0.25595  0.24405  40.5187  14.9162  40.5187  14.9162  0.0188884  0.481112  
0.0471334  0.452867  40.5187  14.9162  40.5187  14.9162  0.455245  0.0447546  
0.0319061  0.468094  40.5187  14.9162  40.5187  14.9162  0.0851482  0.414852  
0.293642  0.206358  40.5187  14.9162  40.5187  14.9162  0.238805  0.261195  
0.483282  0.0167182  40.5187  14.9162  40.5187  14.9162  0.39008  0.10992  
0.191491  0.308509  40.5187  14.9162  40.5187  14.9162  0.405417  0.0945835  
0.176833  0.323167  40.5187  14.9162  40.5187  14.9162  0.163146  0.336854  
0.328576  0.171424  40.5187  14.9162  40.5187  14.9162  0.187854  0.312146  
0.283164  0.216836  40.5187  14.9162  40.5187  14.9162  0.301266  0.198734  
0.368441  0.131559  40.5187  14.9162  40.5187  14.9162  0.430502  0.0694982  
0.0370315  0.462969  40.5187  14.9162  40.5187  14.9162  0.143317  0.356683  
0.0619133  0.438087  40.5187  14.9162  40.5187  14.9162  0.244023  0.255977  
0.135209  0.364791  40.5187  14.9162  40.5187  14.9162  0.158251  0.341749  
0.477835  0.022165  40.5187  14.9162  40.5187  14.9162  0.127917  0.372083  
0.0421123  0.457888  40.5187  14.9162  40.5187  14.9162  0.20295  0.29705  
0.308839  0.191161  40.5187  14.9162  40.5187  14.9162  0.259759  0.240241  
0.148723  0.351277  40.5187  14.9162  40.5187  14.9162  0.233586  0.266414  
0.117465  0.382535  40.5187  14.9162  40.5187  14.9162  0.270276  0.229724  
0.363369  0.136631  40.5187  14.9162  40.5187  14.9162  0.0743466  0.425653  
0.404785  0.0952154  40.5187  14.9162  40.5187  14.9162  0.0483486  0.451651  
0.272487  0.227513  40.5187  14.9162  40.5187  14.9162  0.280697  0.219303  
0.095022  0.404978  40.5187  14.9162  40.5187  14.9162  0.138288  0.361712  
0.373582  0.126418  40.5187  14.9162  40.5187  14.9162  0.485274  0.0147255  
0.0995771  0.400423  40.5187  14.9162  40.5187  14.9162  0.47029  0.0297102  
0.323657  0.176343  40.5187  14.9162  40.5187  14.9162  0.354967  0.145033  
0.440756  0.0592441  40.5187  14.9162  40.5187  14.9162  0.275523  0.224477  
0.415115  0.0848847  40.5187  14.9162  40.5187  14.9162  0.395233  0.104767  
0.181628  0.318372  40.5187  14.9162  40.5187  14.9162  0.445316  0.0546843  
0.3891  0.1109  40.5187  14.9162  40.5187  14.9162  0.374779  0.125221  
0.0570448  0.442955  40.5187  14.9162  40.5187  14.9162  0.177896  0.322104  
0.108577  0.391423  40.5187  14.9162  40.5187  14.9162  0.475321  0.0246794  
0.196486  0.303514  40.5187  14.9162  40.5187  14.9162  0.192856  0.307144  
0.0107883  0.489212  40.5187  14.9162  40.5187  14.9162  0.440371  0.0596287  
0.343366  0.156634  40.5187  14.9162  40.5187  14.9162  0.340526  0.159474  
0.201644  0.298356  40.5187  14.9162  40.5187  14.9162  0.49021  0.00979029  
0.313802  0.186198  40.5187  14.9162  40.5187  14.9162  0.0689963  0.431004  
0.172005  0.327995  40.5187  14.9162  40.5187  14.9162  0.38496  0.11504  
0.288441  0.211559  40.5187  14.9162  40.5187  14.9162  0.133161  0.366839  
0.399563  0.100437  40.5187  14.9162  40.5187  14.9162  0.0046977  0.495302  
0.261512  0.238488  40.5187  14.9162  40.5187  14.9162  0.335773  0.164227  
0.451132  0.0488684  40.5187  14.9162  40.5187  14.9162  0.41555  0.0844499  
0.0161496  0.48385  40.5187  14.9162  40.5187  14.9162  0.0335086  0.466491  
0.467005  0.0329955  40.5187  14.9162  40.5187  14.9162  0.0797208  0.420279  
0.435613  0.0643866  40.5187  14.9162  40.5187  14.9162  0.316322  0.183678  
0.378724  0.121276  40.5187  14.9162  40.5187  14.9162  0.364824  0.135176  
0.494393  0.00560742  40.5187  14.9162  40.5187  14.9162  0.311301  0.188699  
0.383894  0.116106  40.5187  14.9162  40.5187  14.9162  0.345302  0.154698  
0.10409  0.39591  40.5187  14.9162  40.5187  14.9162  0.5  5.55112e-17  
0.228197  0.271803  40.5187  14.9162  40.5187  14.9162  0.306345  0.193655  
0.0763992  0.423601  40.5187  14.9162  40.5187  14.9162  0.465266  0.0347343  
0.13971  0.36029  40.5187  14.9162  40.5187  14.9162  0.249272  0.250728  
0.157894  0.342106  40.5187  14.9162  40.5187  14.9162  0.350125  0.149875  
0.303829  0.196171  40.5187  14.9162  40.5187  14.9162  0.153345  0.346655  
0.1263  0.3737  40.5187  14.9162  40.5187  14.9162  0.122669  0.377331  
0.34833  0.15167  40.5187  14.9162  40.5187  14.9162  0.053412  0.446588  
0.0267335  0.473267  40.5187  14.9162  40.5187  14.9162  0.10143  0.39857  
0.233682  0.266318  40.5187  14.9162  40.5187  14.9162  0.218155  0.281845  
0.206885  0.293115  40.5187  14.9162  40.5187  14.9162  0.0285514  0.471449  
0.186501  0.313499  40.5187  14.9162  40.5187  14.9162  0.450258  0.0497421  
0.0667586  0.433241  40.5187  14.9162  40.5187  14.9162  0.330996  0.169004  
0.0214511  0.478549  40.5187  14.9162  40.5187  14.9162  0.2284  0.2716  
0.338414  0.161586  40.5187  14.9162  40.5187  14.9162  0.00939525  0.490605  
0.5  7.20002e-12  40.5187  14.9162  40.5187  14.9162  0.16806  0.33194  
0.488824  0.0111761  40.5187  14.9162  40.5187  14.9162  0.0637939  0.436206  
0.167275  0.332725  40.5187  14.9162  40.5187  14.9162  0.265021  0.234979  
0.472396  0.0276041  40.5187  14.9162  40.5187  14.9162  0.321229  0.178771  
0.358319  0.141681  40.5187  14.9162  40.5187  14.9162  0.425527  0.0744734  
0.353311  0.146689  40.5187  14.9162  40.5187  14.9162  0.254507  0.245493  
0.162529  0.337471  40.5187  14.9162  40.5187  14.9162  7.0528e-12  0.5  
0.0521477  0.447852  40.5187  14.9162  40.5187  14.9162  0.495107  0.00489293  
0.244789  0.255211  40.5187  14.9162  40.5187  14.9162  0.172976  0.327024  
0.121877  0.378123  40.5187  14.9162  40.5187  14.9162  0.11218  0.38782  
0.0858028  0.414197  40.5187  14.9162  40.5187  14.9162  0.0236789  0.476321  
0.0716075  0.428393  40.5187  14.9162  40.5187  14.9162  0.0433204  0.45668  
0.44594  0.0540599  40.5187  14.9162  40.5187  14.9162  0.0905667  0.409433  
0.0904439  0.409556  40.5187  14.9162  40.5187  14.9162  0.0585273  0.441473  
0.153271  0.346729  40.5187  14.9162  40.5187  14.9162  0.223267  0.276733  
0.00539097  0.494609  40.5187  14.9162  40.5187  14.9162  0.197908  0.302092  
0.222783  0.277217  40.5187  14.9162  40.5187  14.9162  0.291113  0.208887  
0.394339  0.105661  40.5187  14.9162  40.5187  14.9162  0.460244  0.0397562  
0.425377  0.0746234  40.5187  14.9162  40.5187  14.9162  0.369784  0.130216  
1.39379e-11  0.5  40.5187  14.9162  40.5187  14.9162  0.32612  0.17388  
0.113007  0.386993  40.5187  14.9162  40.5187  14.9162  0.117505  0.382495  
0.267043  0.232957  40.5187  14.9162  40.5187  14.9162  0.4105  0.0894998  
0.318729  0.181271  40.5187  14.9162  40.5187  14.9162  0.379865  0.120135  
0.277752  0.222248  40.5187  14.9162  40.5187  14.9162  0.400339  0.0996615  
0.430502  0.0694982  40.5187  14.9162  40.5187  14.9162  0.480316  0.0196837  
0.40998  0.0900196  40.5187  14.9162  40.5187  14.9162  0.207991  0.292009  
0.2392  0.2608  40.5187  14.9162  40.5187  14.9162  0.435448  0.0645525  
0.456371  0.0436291  40.5187  14.9162  40.5187  14.9162  0.0383855  0.461615  
0.461673  0.0383266  40.5187  14.9162  40.5187  14.9162  0.182875  0.317125  
0.0809531  0.419047  13.9463  12.9735  13.9463  12.9735  0.213069  0.286931  
0.420267  0.0797326  13.9463  12.9735  13.9463  12.9735  0.285864  0.214136  
0.298507  0.201493  13.9463  12.9735  13.9463  12.9735  0.14831  0.35169  
0.130742  0.369258  13.9463  12.9735  13.9463  12.9735  0.106708  0.393292  
0.333498  0.166502  13.9463  12.9735  13.9463  12.9735  0.420516  0.0794838  
0.21245  0.28755  13.9463  12.9735  13.9463  12.9735  0.0141536  0.485846  
0.217658  0.282342  13.9463  12.9735  13.9463  12.9735  0.359976  0.140024  
0.250375  0.249625  13.9463  12.9735  13.9463  12.9735  0.296101  0.203899  
0.144303  0.355697  13.9463  12.9735  13.9463  12.9735  0.0959976  0.404002  
0.255857  0.244143  13.9463  12.9735  13.9463  12.9735  0.0189518  0.481048  
0.0468918  0.453108  13.9463  12.9735  13.9463  12.9735  0.455245  0.0447546  
0.0317088  0.468291  13.9463  12.9735  13.9463  12.9735  0.0851482  0.414852  
0.293332  0.206668  13.9463  12.9735  13.9463  12.9735  0.238805  0.261195  
0.483377  0.0166226  13.9463  12.9735  13.9463  12.9735  0.39008  0.10992  
0.19192  0.30808  13.9463  12.9735  13.9463  12.9735  0.405393  0.0946065  
0.177052  0.322948  13.9463  12.9735  13.9463  12.9735  0.163146  0.336854  
0.328576  0.171424  13.9463  12.9735  13.9463  12.9735  0.187854  0.312146  
0.282871  0.217129  13.9463  12.9735  13.9463  12.9735  0.301194  0.198806  
0.368465  0.131535  13.9463  12.9735  13.9463  12.9735  0.43049  0.0695096  
0.036829  0.463171  13.9463  12.9735  13.9463  12.9735  0.143256  0.356744  
0.0617758  0.438224  13.9463  12.9735  13.9463  12.9735  0.244042  0.255958  
0.135231  0.364769  13.9463  12.9735  13.9463  12.9735  0.158241  0.341759  
0.477897  0.0221025  13.9463  12.9735  13.9463  12.9735  0.127824  0.372176  
0.041861  0.458139  13.9463  12.9735  13.9463  12.9735  0.20295  0.29705  
0.308723  0.191277  13.9463  12.9735  13.9463  12.9735  0.259759  0.240241  
0.14891  0.35109  13.9463  12.9735  13.9463  12.9735  0.233614  0.266386  
0.117447  0.382553  13.9463  12.9735  13.9463  12.9735  0.270276  0.229724  
0.363388  0.136612  13.9463  12.9735  13.9463  12.9735  0.074546  0.425454  
0.404785  0.0952154  13.9463  12.9735  13.9463  12.9735  0.0484967  0.451503  
0.272223  0.227777  13.9463  12.9735  13.9463  12.9735  0.280706  0.219294  
0.0948995  0.4051  13.9463  12.9735  13.9463  12.9735  0.138195  0.361805  
0.373582  0.126418  13.9463  12.9735  13.9463  12.9735  0.485231  0.0147694  
0.0994948  0.400505  13.9463  12.9735  13.9463  12.9735  0.47029  0.0297102  
0.323657  0.176343  13.9463  12.9735  13.9463  12.9735  0.355088  0.144912  
0.440805  0.0591955  13.9463  12.9735  13.9463  12.9735  0.275501  0.224499  
0.415115  0.0848847  13.9463  12.9735  13.9463  12.9735  0.395191  0.104809  
0.181919  0.318081  13.9463  12.9735  13.9463  12.9735  0.445316  0.0546843  
0.389125  0.110875  13.9463  12.9735  13.9463  12.9735  0.374818  0.125182  
0.0569261  0.443074  13.9463  12.9735  13.9463  12.9735  0.177911  0.322089  
0.108551  0.391449  13.9463  12.9735  13.9463  12.9735  0.475301  0.0246989  
0.196933  0.303067  13.9463  12.9735  13.9463  12.9735  0.192856  0.307144  
0.0107447  0.489255  13.9463  12.9735  13.9463  12.9735  0.440371  0.0596287  
0.343366  0.156634  13.9463  12.9735  13.9463  12.9735  0.34057  0.15943  
0.202018  0.297982  13.9463  12.9735  13.9463  12.9735  0.490184  0.00981587  
0.313674  0.186326  13.9463  12.9735  13.9463  12.9735  0.0692376  0.430762  
0.17228  0.32772  13.9463  12.9735  13.9463  12.9735  0.384992  0.115008  
0.28813  0.21187  13.9463  12.9735  13.9463  12.9735  0.13303  0.36697  
0.399563  0.100437  13.9463  12.9735  13.9463  12.9735  0.0046977  0.495302  
0.261331  0.238669  13.9463  12.9735  13.9463  12.9735  0.33576  0.16424  
0.451184  0.048816  13.9463  12.9735  13.9463  12.9735  0.415472  0.084528  
0.0160893  0.483911  13.9463  12.9735  13.9463  12.9735  0.0335086  0.466491  
0.467083  0.0329171  13.9463  12.9735  13.9463  12.9735  0.0797945  0.420205  
0.435657  0.064343  13.9463  12.9735  13.9463  12.9735  0.316188  0.183812  
0.378724  0.121276  13.9463  12.9735  13.9463  12.9735  0.364889  0.135111  
0.494444  0.00555649  13.9463  12.9735  13.9463  12.9735  0.311241  0.188759  
0.383894  0.116106  13.9463  12.9735  13.9463  12.9735  0.345382  0.154618  
0.10409  0.39591  13.9463  12.9735  13.9463  12.9735  0.5  5.55112e-17  
0.228427  0.271573  13.9463  12.9735  13.9463  12.9735  0.306222  0.193778  
0.0762405  0.423759  13.9463  12.9735  13.9463  12.9735  0.465266  0.0347343  
0.139749  0.360251  13.9463  12.9735  13.9463  12.9735  0.249272  0.250728  
0.158159  0.341841  13.9463  12.9735  13.9463  12.9735  0.350206  0.149794  
0.303677  0.196323  13.9463  12.9735  13.9463  12.9735  0.153295  0.346705  
0.1263  0.3737  13.9463  12.9735  13.9463  12.9735  0.122663  0.377337  
0.348343  0.151657  13.9463  12.9735  13.9463  12.9735  0.0535946  0.446405  
0.0265376  0.473462  13.9463  12.9735  13.9463  12.9735  0.101362  0.398638  
0.233828  0.266172  13.9463  12.9735  13.9463  12.9735  0.218155  0.281845  
0.207246  0.292754  13.9463  12.9735  13.9463  12.9735  0.0286459  0.471354  
0.186938  0.313062  13.9463  12.9735  13.9463  12.9735  0.450258  0.0497421  
0.0666871  0.433313  13.9463  12.9735  13.9463  12.9735  0.330924  0.169076  
0.0213905  0.47861  13.9463  12.9735  13.9463  12.9735  0.228417  0.271583  
0.338414  0.161586  13.9463  12.9735  13.9463  12.9735  0.00939525  0.490605  
0.5  7.20002e-12  13.9463  12.9735  13.9463  12.9735  0.16806  0.33194  
0.488934  0.0110655  13.9463  12.9735  13.9463  12.9735  0.0639475  0.436052  
0.167542  0.332458  13.9463  12.9735  13.9463  12.9735  0.265021  0.234979  
0.472495  0.0275051  13.9463  12.9735  13.9463  12.9735  0.321097  0.178903  
0.358342  0.141658  13.9463  12.9735  13.9463  12.9735  0.425527  0.0744734  
0.353346  0.146654  13.9463  12.9735  13.9463  12.9735  0.254507  0.245493  
0.16285  0.33715  13.9463  12.9735  13.9463  12.9735  7.0528e-12  0.5  
0.0519275  0.448072  13.9463  12.9735  13.9463  12.9735  0.495107  0.00489293  
0.244844  0.255156  13.9463  12.9735  13.9463  12.9735  0.172976  0.327024  
0.121877  0.378123  13.9463  12.9735  13.9463  12.9735  0.112062  0.387938  
0.0856106  0.414389  13.9463  12.9735  13.9463  12.9735  0.0237701  0.47623  
0.0714985  0.428502  13.9463  12.9735  13.9463  12.9735  0.0434121  0.456588  
0.445977  0.0540228  13.9463  12.9735  13.9463  12.9735  0.0905667  0.409433  
0.0902733  0.409727  13.9463  12.9735  13.9463  12.9735  0.0586839  0.441316  
0.15351  0.34649  13.9463  12.9735  13.9463  12.9735  0.223298  0.276702  
0.00539097  0.494609  13.9463  12.9735  13.9463  12.9735  0.197908  0.302092  
0.223043  0.276957  13.9463  12.9735  13.9463  12.9735  0.29097  0.20903  
0.394339  0.105661  13.9463  12.9735  13.9463  12.9735  0.460244  0.0397562  
0.425377  0.0746234  13.9463  12.9735  13.9463  12.9735  0.369837  0.130163  
1.39379e-11  0.5  13.9463  12.9735  13.9463  12.9735  0.326037  0.173963  
0.113007  0.386993  13.9463  12.9735  13.9463  12.9735  0.117381  0.382619  
0.266813  0.233187  13.9463  12.9735  13.9463  12.9735  0.410446  0.089554  
0.318714  0.181286  13.9463  12.9735  13.9463  12.9735  0.379892  0.120108  
0.277607  0.222393  13.9463  12.9735  13.9463  12.9735  0.400295  0.0997053  
0.430502  0.0694982  13.9463  12.9735  13.9463  12.9735  0.480279  0.0197211  
0.409965  0.0900352  13.9463  12.9735  13.9463  12.9735  0.207991  0.292009  
0.239288  0.260712  13.9463  12.9735  13.9463  12.9735  0.435448  0.0645525  
0.456413  0.0435873  13.9463  12.9735  13.9463  12.9735  0.0384497  0.46155  
0.461732  0.0382683  13.9463  12.9735  13.9463  12.9735  0.182875  0.317125  
0.0809531  0.419047  16.2208  18.356  16.2208  18.356  0.213069  0.286931  
0.420267  0.0797326  16.2208  18.356  16.2208  18.356  0.285797  0.214203  
0.298335  0.201665  16.2208  18.356  16.2208  18.356  0.148211  0.351789  
0.130764  0.369236  16.2208  18.356  16.2208  18.356  0.106663  0.393337  
0.333498  0.166502  16.2208  18.356  16.2208  18.356  0.420473  0.0795267  
0.21263  0.28737  16.2208  18.356  16.2208  18.356  0.0141893  0.485811  
0.21789  0.28211  16.2208  18.356  16.2208  18.356  0.360002  0.139998  
0.250328  0.249672  16.2208  18.356  16.2208  18.356  0.296101  0.203899  
0.144332  0.355668  16.2208  18.356  16.2208  18.356  0.0959492  0.404051  
0.255819  0.244181  16.2208  18.356  16.2208  18.356  0.0189797  0.48102  
0.0468325  0.453168  16.2208  18.356  16.2208  18.356  0.455267  0.0447334  
0.0315832  0.468417  16.2208  18.356  16.2208  18.356  0.0851992  0.414801  
0.293174  0.206826  16.2208  18.356  16.2208  18.356  0.238826  0.261174  
0.48348  0.0165203  16.2208  18.356  16.2208  18.356  0.39008  0.10992  
0.192073  0.307927  16.2208  18.356  16.2208  18.356  0.405351  0.0946491  
0.177366  0.322634  16.2208  18.356  16.2208  18.356  0.163094  0.336906  
0.328576  0.171424  16.2208  18.356  16.2208  18.356  0.187854  0.312146  
0.282749  0.217251  16.2208  18.356  16.2208  18.356  0.301194  0.198806  
0.368476  0.131524  16.2208  18.356  16.2208  18.356  0.43049  0.0695096  
0.0366613  0.463339  16.2208  18.356  16.2208  18.356  0.143194  0.356806  
0.0617425  0.438257  16.2208  18.356  16.2208  18.356  0.244042  0.255958  
0.135281  0.364719  16.2208  18.356  16.2208  18.356  0.15814  0.34186  
0.47804  0.0219597  16.2208  18.356  16.2208  18.356  0.127742  0.372258  
0.0417363  0.458264  16.2208  18.356  16.2208  18.356  0.20295  0.29705  
0.308508  0.191492  16.2208  18.356  16.2208  18.356  0.259759  0.240241  
0.14891  0.35109  16.2208  18.356  16.2208  18.356  0.233614  0.266386  
0.117447  0.382553  16.2208  18.356  16.2208  18.356  0.270249  0.229751  
0.363406  0.136594  16.2208  18.356  16.2208  18.356  0.0745389  0.425461  
0.404785  0.0952154  16.2208  18.356  16.2208  18.356  0.0486837  0.451316  
0.272123  0.227877  16.2208  18.356  16.2208  18.356  0.280624  0.219376  
0.0948391  0.405161  16.2208  18.356  16.2208  18.356  0.138068  0.361932  
0.373582  0.126418  16.2208  18.356  16.2208  18.356  0.485231  0.0147694  
0.0994269  0.400573  16.2208  18.356  16.2208  18.356  0.47029  0.0297102  
0.323617  0.176383  16.2208  18.356  16.2208  18.356  0.35513  0.14487  
0.440844  0.0591555  16.2208  18.356  16.2208  18.356  0.275454  0.224546  
0.415115  0.0848847  16.2208  18.356  16.2208  18.356  0.395191  0.104809  
0.182197  0.317803  16.2208  18.356  16.2208  18.356  0.445316  0.0546843  
0.389125  0.110875  16.2208  18.356  16.2208  18.356  0.374859  0.125141  
0.0568175  0.443183  16.2208  18.356  16.2208  18.356  0.177911  0.322089  
0.108514  0.391486  16.2208  18.356  16.2208  18.356  0.475301  0.0246989  
0.197184  0.302816  16.2208  18.356  16.2208  18.356  0.192856  0.307144  
0.0106329  0.489367  16.2208  18.356  16.2208  18.356  0.440371  0.0596287  
0.343366  0.156634  16.2208  18.356  16.2208  18.356  0.34057  0.15943  
0.202284  0.297716  16.2208  18.356  16.2208  18.356  0.490169  0.00983079  
0.313588  0.186412  16.2208  18.356  16.2208  18.356  0.0692951  0.430705  
0.172503  0.327497  16.2208  18.356  16.2208  18.356  0.384992  0.115008  
0.287962  0.212038  16.2208  18.356  16.2208  18.356  0.132933  0.367067  
0.399563  0.100437  16.2208  18.356  16.2208  18.356  0.0046977  0.495302  
0.261331  0.238669  16.2208  18.356  16.2208  18.356  0.335757  0.164243  
0.451229  0.0487708  16.2208  18.356  16.2208  18.356  0.41541  0.0845897  
0.0158934  0.484107  16.2208  18.356  16.2208  18.356  0.0336055  0.466395  
0.4672  0.0328001  16.2208  18.356  16.2208  18.356  0.0798794  0.420121  
0.435657  0.064343  16.2208  18.356  16.2208  18.356  0.31616  0.18384  
0.378724  0.121276  16.2208  18.356  16.2208  18.356  0.364922  0.135078  
0.494464  0.00553554  16.2208  18.356  16.2208  18.356  0.311209  0.188791  
0.383935  0.116065  16.2208  18.356  16.2208  18.356  0.345382  0.154618  
0.103985  0.396015  16.2208  18.356  16.2208  18.356  0.5  5.55112e-17  
0.228517  0.271483  16.2208  18.356  16.2208  18.356  0.306222  0.193778  
0.0762405  0.423759  16.2208  18.356  16.2208  18.356  0.465266  0.0347343  
0.139787  0.360213  16.2208  18.356  16.2208  18.356  0.249272  0.250728  
0.158233  0.341767  16.2208  18.356  16.2208  18.356  0.350239  0.149761  
0.303452  0.196548  16.2208  18.356  16.2208  18.356  0.153217  0.346783  
0.126321  0.373679  16.2208  18.356  16.2208  18.356  0.122501  0.377499  
0.348343  0.151657  16.2208  18.356  16.2208  18.356  0.0538108  0.446189  
0.0264214  0.473579  16.2208  18.356  16.2208  18.356  0.101327  0.398673  
0.233871  0.266129  16.2208  18.356  16.2208  18.356  0.218155  0.281845  
0.20747  0.29253  16.2208  18.356  16.2208  18.356  0.0286879  0.471312  
0.187108  0.312892  16.2208  18.356  16.2208  18.356  0.450292  0.0497078  
0.0666358  0.433364  16.2208  18.356  16.2208  18.356  0.330916  0.169084  
0.0211755  0.478824  16.2208  18.356  16.2208  18.356  0.22845  0.27155  
0.338414  0.161586  16.2208  18.356  16.2208  18.356  0.00940699  0.490593  
0.5  7.20002e-12  16.2208  18.356  16.2208  18.356  0.168054  0.331946  
0.488975  0.0110251  16.2208  18.356  16.2208  18.356  0.06404  0.43596  
0.167704  0.332296  16.2208  18.356  16.2208  18.356  0.265021  0.234979  
0.472596  0.0274037  16.2208  18.356  16.2208  18.356  0.321097  0.178903  
0.358366  0.141634  16.2208  18.356  16.2208  18.356  0.4255  0.0744996  
0.353346  0.146654  16.2208  18.356  16.2208  18.356  0.254507  0.245493  
0.162937  0.337063  16.2208  18.356  16.2208  18.356  7.0528e-12  0.5  
0.0518904  0.44811  16.2208  18.356  16.2208  18.356  0.495107  0.00489293  
0.244822  0.255178  16.2208  18.356  16.2208  18.356  0.172976  0.327024  
0.121877  0.378123  16.2208  18.356  16.2208  18.356  0.111926  0.388074  
0.0856106  0.414389  16.2208  18.356  16.2208  18.356  0.0238238  0.476176  
0.0714985  0.428502  16.2208  18.356  16.2208  18.356  0.0436077  0.456392  
0.446031  0.053969  16.2208  18.356  16.2208  18.356  0.0905667  0.409433  
0.0902248  0.409775  16.2208  18.356  16.2208  18.356  0.0588931  0.441107  
0.153561  0.346439  16.2208  18.356  16.2208  18.356  0.223298  0.276702  
0.00529502  0.494705  16.2208  18.356  16.2208  18.356  0.197908  0.302092  
0.223184  0.276816  16.2208  18.356  16.2208  18.356  0.290966  0.209034  
0.394339  0.105661  16.2208  18.356  16.2208  18.356  0.460268  0.0397323  
0.425377  0.0746234  16.2208  18.356  16.2208  18.356  0.369873  0.130127  
1.39379e-11  0.5  16.2208  18.356  16.2208  18.356  0.326037  0.173963  
0.112969  0.387031  16.2208  18.356  16.2208  18.356  0.117215  0.382785  
0.266741  0.233259  16.2208  18.356  16.2208  18.356  0.410382  0.0896182  
0.318624  0.181376  16.2208  18.356  16.2208  18.356  0.379892  0.120108  
0.277473  0.222527  16.2208  18.356  16.2208  18.356  0.400295  0.0997053  
0.430502  0.0694982  16.2208  18.356  16.2208  18.356  0.480279  0.0197211  
0.409965  0.0900352  16.2208  18.356  16.2208  18.356  0.208004  0.291996  
0.23933  0.26067  16.2208  18.356  16.2208  18.356  0.435448  0.0645525  
0.456489  0.0435115  16.2208  18.356  16.2208  18.356  0.0385955  0.461404  
0.461827  0.038173  16.2208  18.356  16.2208  18.356  0.182875  0.317125  
0.0807347  0.419265  7.87271  8.20829  7.87271  8.20829  0.213069  0.286931  
0.420267  0.0797326  7.87271  8.20829  7.87271  8.20829  0.285761  0.214239  
0.298256  0.201744  7.87271  8.20829  7.87271  8.20829  0.148128  0.351872  
0.1308  0.3692  7.87271  8.20829  7.87271  8.20829  0.106606  0.393394  
0.333498  0.166502  7.87271  8.20829  7.87271  8.20829  0.420457  0.079543  
0.212914  0.287086  7.87271  8.20829  7.87271  8.20829  0.0142458  0.485754  
0.218155  0.281845  7.87271  8.20829  7.87271  8.20829  0.360033  0.139967  
0.250328  0.249672  7.87271  8.20829  7.87271  8.20829  0.295985  0.204015  
0.144393  0.355607  7.87271  8.20829  7.87271  8.20829  0.0959177  0.404082  
0.255796  0.244204  7.87271  8.20829  7.87271  8.20829  0.0190365  0.480963  
0.0466643  0.453336  7.87271  8.20829  7.87271  8.20829  0.455267  0.0447334  
0.0315329  0.468467  7.87271  8.20829  7.87271  8.20829  0.0852055  0.414794  
0.293116  0.206884  7.87271  8.20829  7.87271  8.20829  0.238826  0.261174  
0.483551  0.0164487  7.87271  8.20829  7.87271  8.20829  0.39008  0.10992  
0.192358  0.307642  7.87271  8.20829  7.87271  8.20829  0.405351  0.0946491  
0.177449  0.322551  7.87271  8.20829  7.87271  8.20829  0.163094  0.336906  
0.328551  0.171449  7.87271  8.20829  7.87271  8.20829  0.187854  0.312146  
0.282656  0.217344  7.87271  8.20829  7.87271  8.20829  0.301094  0.198906  
0.368533  0.131467  7.87271  8.20829  7.87271  8.20829  0.430472  0.069528  
0.0366205  0.463379  7.87271  8.20829  7.87271  8.20829  0.143045  0.356955  
0.0615436  0.438456  7.87271  8.20829  7.87271  8.20829  0.244042  0.255958  
0.135281  0.364719  7.87271  8.20829  7.87271  8.20829  0.158098  0.341902  
0.478091  0.021909  7.87271  8.20829  7.87271  8.20829  0.127663  0.372337  
0.0416382  0.458362  7.87271  8.20829  7.87271  8.20829  0.20295  0.29705  
0.308436  0.191564  7.87271  8.20829  7.87271  8.20829  0.259759  0.240241  
0.148959  0.351041  7.87271  8.20829  7.87271  8.20829  0.233627  0.266373  
0.117434  0.382566  7.87271  8.20829  7.87271  8.20829  0.270249  0.229751  
0.363464  0.136536  7.87271  8.20829  7.87271  8.20829  0.0746278  0.425372  
0.404775  0.0952248  7.87271  8.20829  7.87271  8.20829  0.0487155  0.451285  
0.272002  0.227998  7.87271  8.20829  7.87271  8.20829  0.280624  0.219376  
0.0947467  0.405253  7.87271  8.20829  7.87271  8.20829  0.137987  0.362013  
0.373667  0.126333  7.87271  8.20829  7.87271  8.20829  0.485231  0.0147694  
0.0993442  0.400656  7.87271  8.20829  7.87271  8.20829  0.47029  0.0297102  
0.323592  0.176408  7.87271  8.20829  7.87271  8.20829  0.35513  0.14487  
0.440854  0.0591465  7.87271  8.20829  7.87271  8.20829  0.275454  0.224546  
0.415115  0.0848847  7.87271  8.20829  7.87271  8.20829  0.395191  0.104809  
0.182365  0.317635  7.87271  8.20829  7.87271  8.20829  0.445316  0.0546843  
0.389182  0.110818  7.87271  8.20829  7.87271  8.20829  0.374902  0.125098  
0.0566324  0.443368  7.87271  8.20829  7.87271  8.20829  0.177911  0.322089  
0.108439  0.391561  7.87271  8.20829  7.87271  8.20829  0.47529  0.0247098  
0.197386  0.302614  7.87271  8.20829  7.87271  8.20829  0.192887  0.307113  
0.0105949  0.489405  7.87271  8.20829  7.87271  8.20829  0.440371  0.0596287  
0.343366  0.156634  7.87271  8.20829  7.87271  8.20829  0.34057  0.15943  
0.202471  0.297529  7.87271  8.20829  7.87271  8.20829  0.490169  0.00983079  
0.313515  0.186485  7.87271  8.20829  7.87271  8.20829  0.0693541  0.430646  
0.172598  0.327402  7.87271  8.20829  7.87271  8.20829  0.384992  0.115008  
0.287896  0.212104  7.87271  8.20829  7.87271  8.20829  0.132828  0.367172  
0.399563  0.100437  7.87271  8.20829  7.87271  8.20829  0.00472429  0.495276  
0.261215  0.238785  7.87271  8.20829  7.87271  8.20829  0.335722  0.164278  
0.451363  0.0486365  7.87271  8.20829  7.87271  8.20829  0.41541  0.0845897  
0.0158934  0.484107  7.87271  8.20829  7.87271  8.20829  0.0336668  0.466333  
0.46731  0.0326899  7.87271  8.20829  7.87271  8.20829  0.0798794  0.420121  
0.435657  0.064343  7.87271  8.20829  7.87271  8.20829  0.316104  0.183896  
0.378818  0.121182  7.87271  8.20829  7.87271  8.20829  0.364965  0.135035  
0.494492  0.00550835  7.87271  8.20829  7.87271  8.20829  0.311145  0.188855  
0.383978  0.116022  7.87271  8.20829  7.87271  8.20829  0.34542  0.15458  
0.103934  0.396066  7.87271  8.20829  7.87271  8.20829  0.5  5.55112e-17  
0.228674  0.271326  7.87271  8.20829  7.87271  8.20829  0.306148  0.193852  
0.0760202  0.42398  7.87271  8.20829  7.87271  8.20829  0.465266  0.0347343  
0.139799  0.360201  7.87271  8.20829  7.87271  8.20829  0.249272  0.250728  
0.158257  0.341743  7.87271  8.20829  7.87271  8.20829  0.350276  0.149724  
0.303408  0.196592  7.87271  8.20829  7.87271  8.20829  0.153138  0.346862  
0.126321  0.373679  7.87271  8.20829  7.87271  8.20829  0.122438  0.377562  
0.348343  0.151657  7.87271  8.20829  7.87271  8.20829  0.0537847  0.446215  
0.0263306  0.473669  7.87271  8.20829  7.87271  8.20829  0.101288  0.398712  
0.23406  0.26594  7.87271  8.20829  7.87271  8.20829  0.218155  0.281845  
0.207654  0.292346  7.87271  8.20829  7.87271  8.20829  0.0287371  0.471263  
0.187327  0.312673  7.87271  8.20829  7.87271  8.20829  0.450292  0.0497078  
0.066429  0.433571  7.87271  8.20829  7.87271  8.20829  0.330885  0.169115  
0.0211222  0.478878  7.87271  8.20829  7.87271  8.20829  0.22845  0.27155  
0.338421  0.161579  7.87271  8.20829  7.87271  8.20829  0.00945009  0.49055  
0.5  7.20002e-12  7.87271  8.20829  7.87271  8.20829  0.168042  0.331958  
0.489052  0.0109481  7.87271  8.20829  7.87271  8.20829  0.0641073  0.435893  
0.167766  0.332234  7.87271  8.20829  7.87271  8.20829  0.265001  0.234999  
0.472687  0.0273129  7.87271  8.20829  7.87271  8.20829  0.32105  0.17895  
0.358389  0.141611  7.87271  8.20829  7.87271  8.20829  0.425484  0.0745156  
0.353346  0.146654  7.87271  8.20829  7.87271  8.20829  0.254507  0.245493  
0.162974  0.337026  7.87271  8.20829  7.87271  8.20829  7.0528e-12  0.5  
0.0516663  0.448334  7.87271  8.20829  7.87271  8.20829  0.4951  0.00489993  
0.244876  0.255124  7.87271  8.20829  7.87271  8.20829  0.172976  0.327024  
0.121877  0.378123  7.87271  8.20829  7.87271  8.20829  0.111909  0.388091  
0.0854284  0.414572  7.87271  8.20829  7.87271  8.20829  0.023839  0.476161  
0.0712259  0.428774  7.87271  8.20829  7.87271  8.20829  0.0436691  0.456331  
0.44614  0.0538605  7.87271  8.20829  7.87271  8.20829  0.0905667  0.409433  
0.0901161  0.409884  7.87271  8.20829  7.87271  8.20829  0.0589212  0.441079  
0.153578  0.346422  7.87271  8.20829  7.87271  8.20829  0.223298  0.276702  
0.00529502  0.494705  7.87271  8.20829  7.87271  8.20829  0.197908  0.302092  
0.223355  0.276645  7.87271  8.20829  7.87271  8.20829  0.290884  0.209116  
0.394339  0.105661  7.87271  8.20829  7.87271  8.20829  0.460268  0.0397323  
0.425377  0.0746234  7.87271  8.20829  7.87271  8.20829  0.36994  0.13006  
1.39379e-11  0.5  7.87271  8.20829  7.87271  8.20829  0.326004  0.173996  
0.112969  0.387031  7.87271  8.20829  7.87271  8.20829  0.117171  0.382829  
0.266652  0.233348  7.87271  8.20829  7.87271  8.20829  0.410382  0.0896182  
0.318589  0.181411  7.87271  8.20829  7.87271  8.20829  0.379928  0.120072  
0.27742  0.22258  7.87271  8.20829  7.87271  8.20829  0.400268  0.0997324  
0.430521  0.0694792  7.87271  8.20829  7.87271  8.20829  0.480279  0.0197211  
0.409954  0.0900463  7.87271  8.20829  7.87271  8.20829  0.208004  0.291996  
0.23945  0.26055  7.87271  8.20829  7.87271  8.20829  0.435429  0.0645714  
0.456619  0.0433815  7.87271  8.20829  7.87271  8.20829  0.0386768  0.461323  
0.461929  0.038071  7.87271  8.20829  7.87271  8.20829  0.182875  0.317125  
0.0806756  0.419324  24.5788  78.038  24.5788  78.038  0.213081  0.286919  
0.420247  0.0797535  24.5788  78.038  24.5788  78.038  0.285761  0.214239  
0.298205  0.201795  24.5788  78.038  24.5788  78.038  0.148029  0.351971  
0.1308  0.3692  24.5788  78.038  24.5788  78.038  0.106574  0.393426  
0.333498  0.166502  24.5788  78.038  24.5788  78.038  0.420457  0.079543  
0.212997  0.287003  24.5788  78.038  24.5788  78.038  0.0142458  0.485754  
0.218257  0.281743  24.5788  78.038  24.5788  78.038  0.360033  0.139967  
0.250328  0.249672  24.5788  78.038  24.5788  78.038  0.295977  0.204023  
0.144425  0.355575  24.5788  78.038  24.5788  78.038  0.0959177  0.404082  
0.255787  0.244213  24.5788  78.038  24.5788  78.038  0.0190593  0.480941  
0.0466643  0.453336  24.5788  78.038  24.5788  78.038  0.455267  0.0447334  
0.0314232  0.468577  24.5788  78.038  24.5788  78.038  0.0852367  0.414763  
0.293008  0.206992  24.5788  78.038  24.5788  78.038  0.238826  0.261174  
0.483581  0.0164189  24.5788  78.038  24.5788  78.038  0.39008  0.10992  
0.192454  0.307546  24.5788  78.038  24.5788  78.038  0.405351  0.0946491  
0.17757  0.32243  24.5788  78.038  24.5788  78.038  0.163094  0.336906  
0.328551  0.171449  24.5788  78.038  24.5788  78.038  0.187888  0.312112  
0.282537  0.217463  24.5788  78.038  24.5788  78.038  0.301003  0.198997  
0.368577  0.131423  24.5788  78.038  24.5788  78.038  0.430465  0.069535  
0.0365375  0.463462  24.5788  78.038  24.5788  78.038  0.14299  0.35701  
0.061519  0.438481  24.5788  78.038  24.5788  78.038  0.244042  0.255958  
0.13531  0.36469  24.5788  78.038  24.5788  78.038  0.158113  0.341887  
0.478125  0.0218749  24.5788  78.038  24.5788  78.038  0.127608  0.372392  
0.0416382  0.458362  24.5788  78.038  24.5788  78.038  0.20295  0.29705  
0.308436  0.191564  24.5788  78.038  24.5788  78.038  0.259759  0.240241  
0.149027  0.350973  24.5788  78.038  24.5788  78.038  0.233627  0.266373  
0.117434  0.382566  24.5788  78.038  24.5788  78.038  0.270249  0.229751  
0.363474  0.136526  24.5788  78.038  24.5788  78.038  0.0746589  0.425341  
0.404775  0.0952248  24.5788  78.038  24.5788  78.038  0.0488402  0.45116  
0.271926  0.228074  24.5788  78.038  24.5788  78.038  0.280624  0.219376  
0.0947203  0.40528  24.5788  78.038  24.5788  78.038  0.13789  0.36211  
0.373716  0.126284  24.5788  78.038  24.5788  78.038  0.485231  0.0147694  
0.0992866  0.400713  24.5788  78.038  24.5788  78.038  0.47029  0.0297102  
0.323537  0.176463  24.5788  78.038  24.5788  78.038  0.35513  0.14487  
0.440919  0.0590812  24.5788  78.038  24.5788  78.038  0.275454  0.224546  
0.415115  0.0848847  24.5788  78.038  24.5788  78.038  0.395191  0.104809  
0.182494  0.317506  24.5788  78.038  24.5788  78.038  0.445336  0.0546638  
0.389182  0.110818  24.5788  78.038  24.5788  78.038  0.374925  0.125075  
0.0565615  0.443439  24.5788  78.038  24.5788  78.038  0.177932  0.322068  
0.108409  0.391591  24.5788  78.038  24.5788  78.038  0.47529  0.0247098  
0.197559  0.302441  24.5788  78.038  24.5788  78.038  0.192887  0.307113  
0.0105949  0.489405  24.5788  78.038  24.5788  78.038  0.440371  0.0596287  
0.34341  0.15659  24.5788  78.038  24.5788  78.038  0.34057  0.15943  
0.202604  0.297396  24.5788  78.038  24.5788  78.038  0.490169  0.00983079  
0.313515  0.186485  24.5788  78.038  24.5788  78.038  0.0694204  0.43058  
0.172718  0.327282  24.5788  78.038  24.5788  78.038  0.384992  0.115008  
0.2878  0.2122  24.5788  78.038  24.5788  78.038  0.132731  0.367269  
0.399563  0.100437  24.5788  78.038  24.5788  78.038  0.00472429  0.495276  
0.261215  0.238785  24.5788  78.038  24.5788  78.038  0.335722  0.164278  
0.451425  0.0485752  24.5788  78.038  24.5788  78.038  0.41541  0.0845897  
0.0158613  0.484139  24.5788  78.038  24.5788  78.038  0.0337142  0.466286  
0.467345  0.0326553  24.5788  78.038  24.5788  78.038  0.0799413  0.420059  
0.435718  0.0642815  24.5788  78.038  24.5788  78.038  0.316069  0.183931  
0.378868  0.121132  24.5788  78.038  24.5788  78.038  0.364973  0.135027  
0.494527  0.00547316  24.5788  78.038  24.5788  78.038  0.311087  0.188913  
0.383978  0.116022  24.5788  78.038  24.5788  78.038  0.34542  0.15458  
0.10385  0.39615  24.5788  78.038  24.5788  78.038  0.5  5.55112e-17  
0.228773  0.271227  24.5788  78.038  24.5788  78.038  0.306039  0.193961  
0.0759573  0.424043  24.5788  78.038  24.5788  78.038  0.465282  0.0347184  
0.139844  0.360156  24.5788  78.038  24.5788  78.038  0.249272  0.250728  
0.158382  0.341618  24.5788  78.038  24.5788  78.038  0.350276  0.149724  
0.303363  0.196637  24.5788  78.038  24.5788  78.038  0.15308  0.34692  
0.126321  0.373679  24.5788  78.038  24.5788  78.038  0.122438  0.377562  
0.348404  0.151596  24.5788  78.038  24.5788  78.038  0.0539426  0.446057  
0.0262966  0.473703  24.5788  78.038  24.5788  78.038  0.101266  0.398734  
0.234133  0.265867  24.5788  78.038  24.5788  78.038  0.218178  0.281822  
0.207766  0.292234  24.5788  78.038  24.5788  78.038  0.0288068  0.471193  
0.187482  0.312518  24.5788  78.038  24.5788  78.038  0.450292  0.0497078  
0.0663858  0.433614  24.5788  78.038  24.5788  78.038  0.330851  0.169149  
0.0210802  0.47892  24.5788  78.038  24.5788  78.038  0.22845  0.27155  
0.338421  0.161579  24.5788  78.038  24.5788  78.038  0.00947299  0.490527  
0.5  7.20002e-12  24.5788  78.038  24.5788  78.038  0.168042  0.331958  
0.489052  0.0109481  24.5788  78.038  24.5788  78.038  0.0641972  0.435803  
0.167939  0.332061  24.5788  78.038  24.5788  78.038  0.265001  0.234999  
0.472744  0.0272559  24.5788  78.038  24.5788  78.038  0.320983  0.179017  
0.358389  0.141611  24.5788  78.038  24.5788  78.038  0.425484  0.0745156  
0.35337  0.14663  24.5788  78.038  24.5788  78.038  0.254507  0.245493  
0.163104  0.336896  24.5788  78.038  24.5788  78.038  7.0528e-12  0.5  
0.0516622  0.448338  24.5788  78.038  24.5788  78.038  0.495085  0.00491471  
0.244899  0.255101  24.5788  78.038  24.5788  78.038  0.172976  0.327024  
0.121877  0.378123  24.5788  78.038  24.5788  78.038  0.111885  0.388115  
0.0854066  0.414593  24.5788  78.038  24.5788  78.038  0.0239088  0.476091  
0.0711854  0.428815  24.5788  78.038  24.5788  78.038  0.0437703  0.45623  
0.446162  0.0538381  24.5788  78.038  24.5788  78.038  0.0905667  0.409433  
0.0900871  0.409913  24.5788  78.038  24.5788  78.038  0.0590935  0.440906  
0.153668  0.346332  24.5788  78.038  24.5788  78.038  0.223309  0.276691  
0.00529502  0.494705  24.5788  78.038  24.5788  78.038  0.197908  0.302092  
0.223533  0.276467  24.5788  78.038  24.5788  78.038  0.290882  0.209118  
0.394376  0.105624  24.5788  78.038  24.5788  78.038  0.460268  0.0397323  
0.4254  0.0746005  24.5788  78.038  24.5788  78.038  0.36994  0.13006  
1.39379e-11  0.5  24.5788  78.038  24.5788  78.038  0.325929  0.174071  
0.112939  0.387061  24.5788  78.038  24.5788  78.038  0.117171  0.382829  
0.266592  0.233408  24.5788  78.038  24.5788  78.038  0.410382  0.0896182  
0.318523  0.181477  24.5788  78.038  24.5788  78.038  0.379928  0.120072  
0.27728  0.22272  24.5788  78.038  24.5788  78.038  0.400268  0.0997324  
0.430565  0.0694354  24.5788  78.038  24.5788  78.038  0.480279  0.0197211  
0.409954  0.0900463  24.5788  78.038  24.5788  78.038  0.208004  0.291996  
0.239494  0.260506  24.5788  78.038  24.5788  78.038  0.435429  0.0645714  
0.456675  0.0433248  24.5788  78.038  24.5788  78.038  0.0386924  0.461308  
0.462001  0.0379989  24.5788  78.038  24.5788  78.038  0.182892  0.317108  
