0.5059  0.4941  3.5483  3.57833  1.79769e+308  1.79769e+308  0.5059  0.4941  
0.352983  1.79651  3.5483  3.57833  1.79769e+308  1.79769e+308  0.352983  1.79651  
2.40033  0.104686  3.5483  3.57833  1.79769e+308  1.79769e+308  2.40033  0.104686  
1.94268  0.411889  3.5483  3.57833  1.79769e+308  1.79769e+308  1.94268  0.411889  
0.947255  1.80187  3.5483  3.57833  1.79769e+308  1.79769e+308  0.947255  1.80187  
1.68679  0.679592  3.5483  3.57833  1.79769e+308  1.79769e+308  1.68679  0.679592  
0.691086  1.78446  3.5483  3.57833  1.79769e+308  1.79769e+308  0.691086  1.78446  
0.84682  1.78483  3.5483  3.57833  1.79769e+308  1.79769e+308  0.84682  1.78483  
0.474022  0.525978  3.5483  3.57833  1.79769e+308  1.79769e+308  0.474022  0.525978  
0.861832  1.82969  3.5483  3.57833  1.79769e+308  1.79769e+308  0.861832  1.82969  
0.960233  1.7462  3.5483  3.57833  1.79769e+308  1.79769e+308  0.960233  1.7462  
2.5483  0.0430019  3.5483  3.57833  1.79769e+308  1.79769e+308  2.5483  0.0430019  
0.709449  1.32963  3.5483  3.57833  1.79769e+308  1.79769e+308  0.709449  1.32963  
0.901547  1.50106  3.5483  3.57833  1.79769e+308  1.79769e+308  0.901547  1.50106  
0.696594  1.92299  3.5483  3.57833  1.79769e+308  1.79769e+308  0.696594  1.92299  
0.461313  2.08615  3.5483  3.57833  1.79769e+308  1.79769e+308  0.461313  2.08615  
2.27216  0.13751  3.5483  3.57833  1.79769e+308  1.79769e+308  2.27216  0.13751  
0.42545  0.57455  3.5483  3.57833  1.79769e+308  1.79769e+308  0.42545  0.57455  
1.75599  0.552508  3.5483  3.57833  1.79769e+308  1.79769e+308  1.75599  0.552508  
1.50124  0.951311  3.5483  3.57833  1.79769e+308  1.79769e+308  1.50124  0.951311  
0.329545  2.0038  3.5483  3.57833  1.79769e+308  1.79769e+308  0.329545  2.0038  
0.568833  0.431167  3.5483  3.57833  1.79769e+308  1.79769e+308  0.568833  0.431167  
1.65252  0.73693  3.5483  3.57833  1.79769e+308  1.79769e+308  1.65252  0.73693  
0.18742  2.18307  3.5483  3.57833  1.79769e+308  1.79769e+308  0.18742  2.18307  
0.469371  1.79239  3.5483  3.57833  1.79769e+308  1.79769e+308  0.469371  1.79239  
0.9547  1.61384  3.5483  3.57833  1.79769e+308  1.79769e+308  0.9547  1.61384  
0.00960948  2.57833  3.5483  3.57833  1.79769e+308  1.79769e+308  0.00960948  2.57833  
0.188178  2.2936  3.5483  3.57833  1.79769e+308  1.79769e+308  0.188178  2.2936  
0.233845  2.11116  3.5483  3.57833  1.79769e+308  1.79769e+308  0.233845  2.11116  
0.397644  2.18543  3.5483  3.57833  1.79769e+308  1.79769e+308  0.397644  2.18543  
1.65074  0.751289  3.5483  3.57833  1.79769e+308  1.79769e+308  1.65074  0.751289  
2.1634  0.166953  3.5483  3.57833  1.79769e+308  1.79769e+308  2.1634  0.166953  
0.415496  0.584504  3.5483  3.57833  1.79769e+308  1.79769e+308  0.415496  0.584504  
2.17698  0.353642  3.5483  3.57833  1.79769e+308  1.79769e+308  2.17698  0.353642  
0.272731  1.98127  3.5483  3.57833  1.79769e+308  1.79769e+308  0.272731  1.98127  
0.46973  0.53027  3.5483  3.57833  1.79769e+308  1.79769e+308  0.46973  0.53027  
0.235255  2.31592  3.5483  3.57833  1.79769e+308  1.79769e+308  0.235255  2.31592  
2.19602  0.0562498  3.5483  3.57833  1.79769e+308  1.79769e+308  2.19602  0.0562498  
0.552331  0.447669  3.5483  3.57833  1.79769e+308  1.79769e+308  0.552331  0.447669  
0.180836  2.45171  3.5483  3.57833  1.79769e+308  1.79769e+308  0.180836  2.45171  
1.74488  0.959138  3.5483  3.57833  1.79769e+308  1.79769e+308  1.74488  0.959138  
1.92656  0.534674  3.5483  3.57833  1.79769e+308  1.79769e+308  1.92656  0.534674  
1.82371  0.561166  3.5483  3.57833  1.79769e+308  1.79769e+308  1.82371  0.561166  
0.510644  0.489356  3.5483  3.57833  1.79769e+308  1.79769e+308  0.510644  0.489356  
0.504192  0.495808  3.5483  3.57833  1.79769e+308  1.79769e+308  0.504192  0.495808  
1.52925  0.976326  3.5483  3.57833  1.79769e+308  1.79769e+308  1.52925  0.976326  
2.4102  0.145002  3.5483  3.57833  1.79769e+308  1.79769e+308  2.4102  0.145002  
1.61944  0.912927  3.5483  3.57833  1.79769e+308  1.79769e+308  1.61944  0.912927  
0.0824635  2.24534  3.5483  3.57833  1.79769e+308  1.79769e+308  0.0824635  2.24534  
2.40079  0.0988312  3.5483  3.57833  1.79769e+308  1.79769e+308  2.40079  0.0988312  
0.806461  1.82029  3.5483  3.57833  1.79769e+308  1.79769e+308  0.806461  1.82029  
0.501655  0.498345  3.5483  3.57833  1.79769e+308  1.79769e+308  0.501655  0.498345  
2.20333  0.389675  3.5483  3.57833  1.79769e+308  1.79769e+308  2.20333  0.389675  
0.127345  2.50085  3.5483  3.57833  1.79769e+308  1.79769e+308  0.127345  2.50085  
0.465076  2.17455  3.5483  3.57833  1.79769e+308  1.79769e+308  0.465076  2.17455  
0.761626  1.72728  3.5483  3.57833  1.79769e+308  1.79769e+308  0.761626  1.72728  
0.499437  0.500563  3.5483  3.57833  1.79769e+308  1.79769e+308  0.499437  0.500563  
2.22204  0.391522  3.5483  3.57833  1.79769e+308  1.79769e+308  2.22204  0.391522  
0.75146  1.88913  3.5483  3.57833  1.79769e+308  1.79769e+308  0.75146  1.88913  
2.07704  0.00965455  3.5483  3.57833  1.79769e+308  1.79769e+308  2.07704  0.00965455  
1.87334  0.513974  3.5483  3.57833  1.79769e+308  1.79769e+308  1.87334  0.513974  
0.807308  1.65465  3.5483  3.57833  1.79769e+308  1.79769e+308  0.807308  1.65465  
2.15258  0.49898  3.5483  3.57833  1.79769e+308  1.79769e+308  2.15258  0.49898  
2.1246  0.103835  3.5483  3.57833  1.79769e+308  1.79769e+308  2.1246  0.103835  
0.0257361  2.30945  3.5483  3.57833  1.79769e+308  1.79769e+308  0.0257361  2.30945  
2.27019  0.311595  3.5483  3.57833  1.79769e+308  1.79769e+308  2.27019  0.311595  
0.446769  0.553231  3.5483  3.57833  1.79769e+308  1.79769e+308  0.446769  0.553231  
1.8325  0.378375  3.5483  3.57833  1.79769e+308  1.79769e+308  1.8325  0.378375  
0.609561  1.56741  3.5483  3.57833  1.79769e+308  1.79769e+308  0.609561  1.56741  
0.453848  0.546152  3.5483  3.57833  1.79769e+308  1.79769e+308  0.453848  0.546152  
2.31087  0.273872  3.5483  3.57833  1.79769e+308  1.79769e+308  2.31087  0.273872  
2.15856  0.0344224  3.5483  3.57833  1.79769e+308  1.79769e+308  2.15856  0.0344224  
0.437877  0.562123  3.5483  3.57833  1.79769e+308  1.79769e+308  0.437877  0.562123  
1.51397  0.849209  3.5483  3.57833  1.79769e+308  1.79769e+308  1.51397  0.849209  
0.318017  2.1423  3.5483  3.57833  1.79769e+308  1.79769e+308  0.318017  2.1423  
1.7476  0.744157  3.5483  3.57833  1.79769e+308  1.79769e+308  1.7476  0.744157  
0.0436921  2.45984  3.5483  3.57833  1.79769e+308  1.79769e+308  0.0436921  2.45984  
0.576318  0.423682  3.5483  3.57833  1.79769e+308  1.79769e+308  0.576318  0.423682  
2.15612  0.363435  3.5483  3.57833  1.79769e+308  1.79769e+308  2.15612  0.363435  
0.596663  0.403337  3.5483  3.57833  1.79769e+308  1.79769e+308  0.596663  0.403337  
1.62137  1.00565  3.5483  3.57833  1.79769e+308  1.79769e+308  1.62137  1.00565  
0.773174  1.87393  3.5483  3.57833  1.79769e+308  1.79769e+308  0.773174  1.87393  
1.68606  0.834733  3.5483  3.57833  1.79769e+308  1.79769e+308  1.68606  0.834733  
0.436979  0.563021  3.5483  3.57833  1.79769e+308  1.79769e+308  0.436979  0.563021  
1.46756  0.846794  3.5483  3.57833  1.79769e+308  1.79769e+308  1.46756  0.846794  
0.41518  2.14633  3.5483  3.57833  1.79769e+308  1.79769e+308  0.41518  2.14633  
1.35523  0.797865  3.5483  3.57833  1.79769e+308  1.79769e+308  1.35523  0.797865  
0.930707  1.61185  3.5483  3.57833  1.79769e+308  1.79769e+308  0.930707  1.61185  
0.142284  2.02437  3.5483  3.57833  1.79769e+308  1.79769e+308  0.142284  2.02437  
1.80349  0.587649  3.5483  3.57833  1.79769e+308  1.79769e+308  1.80349  0.587649  
0.304812  2.41307  3.5483  3.57833  1.79769e+308  1.79769e+308  0.304812  2.41307  
0.385857  2.23792  3.5483  3.57833  1.79769e+308  1.79769e+308  0.385857  2.23792  
0.48688  0.51312  3.5483  3.57833  1.79769e+308  1.79769e+308  0.48688  0.51312  
0.898605  1.72306  3.5483  3.57833  1.79769e+308  1.79769e+308  0.898605  1.72306  
1.44818  0.91063  3.5483  3.57833  1.79769e+308  1.79769e+308  1.44818  0.91063  
0.772811  1.66315  3.5483  3.57833  1.79769e+308  1.79769e+308  0.772811  1.66315  
0.516206  0.483794  3.5483  3.57833  1.79769e+308  1.79769e+308  0.516206  0.483794  
0.688529  1.81122  3.5483  3.57833  1.79769e+308  1.79769e+308  0.688529  1.81122  
0.414104  0.585896  3.5483  3.57833  1.79769e+308  1.79769e+308  0.414104  0.585896  
0.599551  0.400449  3.5483  3.57833  1.79769e+308  1.79769e+308  0.599551  0.400449  
0.506069  0.493931  2.2  2.20008  2.2  2.20008  0.566323  0.433677  
0.43133  0.56867  2.2  2.20008  2.2  2.20008  0.571286  0.428714  
0.485814  0.514186  2.2  2.20008  2.2  2.20008  0.46116  0.53884  
0.456144  0.543856  2.2  2.20008  2.2  2.20008  0.491602  0.508398  
0.465769  0.534231  2.2  2.20008  2.2  2.20008  0.163629  0.869821  
0.458516  0.541484  2.2  2.20008  2.2  2.20008  0.465284  0.534716  
0.40516  0.59484  2.2  2.20008  2.2  2.20008  0.443075  0.556925  
0.564253  0.435747  2.2  2.20008  2.2  2.20008  0.513561  0.486439  
0.441635  0.558365  2.2  2.20008  2.2  2.20008  0.432828  0.567172  
0.415505  0.584495  2.2  2.20008  2.2  2.20008  0.531335  0.468665  
0.584196  0.415804  2.2  2.20008  2.2  2.20008  0.472995  0.527005  
0.439098  0.560902  2.2  2.20008  2.2  2.20008  0.440789  0.559211  
0.521522  0.478478  2.2  2.20008  2.2  2.20008  0.561459  0.438541  
1.16967  0.0176909  2.2  2.20008  2.2  2.20008  0.457311  0.542689  
0.412937  0.587063  2.2  2.20008  2.2  2.20008  0.436816  0.563184  
0.463326  0.536674  2.2  2.20008  2.2  2.20008  0.50006  0.49994  
0.549317  0.450683  2.2  2.20008  2.2  2.20008  0.515586  0.484414  
1.18457  0.00784868  2.2  2.20008  2.2  2.20008  0.58367  0.41633  
0.594817  0.405183  2.2  2.20008  2.2  2.20008  0.578344  0.421656  
0.561818  0.438182  2.2  2.20008  2.2  2.20008  0.487411  0.512589  
0.460912  0.539088  2.2  2.20008  2.2  2.20008  0.549773  0.450227  
1.12471e-07  1.20008  2.2  2.20008  2.2  2.20008  0.506859  0.493141  
0.448987  0.551013  2.2  2.20008  2.2  2.20008  0.523225  0.476775  
0.400007  0.599993  2.2  2.20008  2.2  2.20008  0.438824  0.561176  
1.15546  0.0203169  2.2  2.20008  2.2  2.20008  0.466632  0.533368  
0.538966  0.461034  2.2  2.20008  2.2  2.20008  0.595158  0.404842  
0.511268  0.488732  2.2  2.20008  2.2  2.20008  0.54143  0.45857  
0.480711  0.519289  2.2  2.20008  2.2  2.20008  0.573802  0.426198  
0.56667  0.43333  2.2  2.20008  2.2  2.20008  0.592777  0.407223  
0.599998  0.400002  2.2  2.20008  2.2  2.20008  0.535459  0.464541  
0.513843  0.486157  2.2  2.20008  2.2  2.20008  0.50912  0.49088  
0.490895  0.509105  2.2  2.20008  2.2  2.20008  0.493691  0.506309  
0.468221  0.531779  2.2  2.20008  2.2  2.20008  0.459245  0.540755  
1.17774  0.0127081  2.2  2.20008  2.2  2.20008  0.471006  0.528994  
1.11127  0.038739  2.2  2.20008  2.2  2.20008  0.453253  0.546747  
0.493417  0.506583  2.2  2.20008  2.2  2.20008  0.44502  0.55498  
0.597425  0.402575  2.2  2.20008  2.2  2.20008  0.545738  0.454262  
0.475629  0.524371  2.2  2.20008  2.2  2.20008  0.585618  0.414382  
0.470672  0.529328  2.2  2.20008  2.2  2.20008  0.580905  0.419095  
0.551873  0.448127  2.2  2.20008  2.2  2.20008  0.554312  0.445688  
0.546746  0.453254  2.2  2.20008  2.2  2.20008  0.55213  0.44787  
1.18784  0.000791552  2.2  2.20008  2.2  2.20008  0.57604  0.42396  
0.586872  0.413128  2.2  2.20008  2.2  2.20008  0.455295  0.544705  
0.524003  0.475997  2.2  2.20008  2.2  2.20008  0.425049  0.574951  
1.0651  0.0501009  2.2  2.20008  2.2  2.20008  0.51133  0.48867  
0.531415  0.468585  2.2  2.20008  2.2  2.20008  0.447003  0.552997  
0.500945  0.499055  2.2  2.20008  2.2  2.20008  0.4512  0.5488  
1.09933  0.0429395  2.2  2.20008  2.2  2.20008  0.527315  0.472685  
1.09203  0.0442709  2.2  2.20008  2.2  2.20008  0.409586  0.590414  
0.483285  0.516715  2.2  2.20008  2.2  2.20008  0.556665  0.443335  
0.473153  0.526847  2.2  2.20008  2.2  2.20008  0.539459  0.460541  
0.420516  0.579484  2.2  2.20008  2.2  2.20008  0.568857  0.431143  
0.41801  0.58199  2.2  2.20008  2.2  2.20008  0.537473  0.462527  
0.519003  0.480997  2.2  2.20008  2.2  2.20008  0.525253  0.474747  
1.15229  0.0259923  2.2  2.20008  2.2  2.20008  0.517565  0.482435  
1.2  4.49361e-12  2.2  2.20008  2.2  2.20008  0.590409  0.409591  
0.498422  0.501578  2.2  2.20008  2.2  2.20008  0.529356  0.470644  
0.163629  0.869821  2.2  2.20008  2.2  2.20008  0.533412  0.466588  
1.11602  0.0382411  2.2  2.20008  2.2  2.20008  0.559017  0.440983  
1.12574  0.0300035  2.2  2.20008  2.2  2.20008  0.418098  0.581902  
0.503506  0.496494  2.2  2.20008  2.2  2.20008  0.481211  0.518789  
0.478181  0.521819  2.2  2.20008  2.2  2.20008  0.597461  0.402539  
0.592158  0.407842  2.2  2.20008  2.2  2.20008  0.504612  0.495388  
1.08698  0.0454929  2.2  2.20008  2.2  2.20008  0.543432  0.456568  
1.07287  0.047416  2.2  2.20008  2.2  2.20008  0.485349  0.514651  
1.13845  0.0292643  2.2  2.20008  2.2  2.20008  0.477066  0.522934  
0.425925  0.574075  2.2  2.20008  2.2  2.20008  0.599998  0.400002  
0.579038  0.420962  2.2  2.20008  2.2  2.20008  0.468801  0.531199  
0.516445  0.483555  2.2  2.20008  2.2  2.20008  1.2  4.49361e-12  
0.45379  0.54621  2.2  2.20008  2.2  2.20008  1.18083  0.0260298  
0.533905  0.466095  2.2  2.20008  2.2  2.20008  0.519517  0.480483  
0.402562  0.597438  2.2  2.20008  2.2  2.20008  0.429108  0.570892  
0.423237  0.576763  2.2  2.20008  2.2  2.20008  0.403611  0.596389  
0.571513  0.428487  2.2  2.20008  2.2  2.20008  0.415978  0.584022  
0.4286  0.5714  2.2  2.20008  2.2  2.20008  1.12471e-07  1.20008  
1.10811  0.0401272  2.2  2.20008  2.2  2.20008  0.547617  0.452383  
0.576507  0.423493  2.2  2.20008  2.2  2.20008  0.521373  0.478627  
0.436548  0.563452  2.2  2.20008  2.2  2.20008  0.502317  0.497683  
0.410335  0.589665  2.2  2.20008  2.2  2.20008  0.400016  0.599984  
0.581605  0.418395  2.2  2.20008  2.2  2.20008  0.411657  0.588343  
0.554406  0.445594  2.2  2.20008  2.2  2.20008  0.588091  0.411909  
0.407758  0.592242  2.2  2.20008  2.2  2.20008  0.422805  0.577195  
0.55691  0.44309  2.2  2.20008  2.2  2.20008  0.495758  0.504242  
0.488351  0.511649  2.2  2.20008  2.2  2.20008  0.483282  0.516718  
0.528949  0.471051  2.2  2.20008  2.2  2.20008  0.420516  0.579484  
0.541562  0.458438  2.2  2.20008  2.2  2.20008  0.430976  0.569024  
0.569096  0.430904  2.2  2.20008  2.2  2.20008  0.427151  0.572849  
0.434077  0.565923  2.2  2.20008  2.2  2.20008  0.407689  0.592311  
0.573983  0.426017  2.2  2.20008  2.2  2.20008  0.563903  0.436097  
0.45141  0.54859  2.2  2.20008  2.2  2.20008  0.401844  0.598156  
0.559377  0.440623  2.2  2.20008  2.2  2.20008  0.463194  0.536806  
0.495922  0.504078  2.2  2.20008  2.2  2.20008  0.489545  0.510455  
0.58953  0.41047  2.2  2.20008  2.2  2.20008  1.0651  0.0501009  
0.444162  0.555838  2.2  2.20008  2.2  2.20008  0.49791  0.50209  
0.526501  0.473499  2.2  2.20008  2.2  2.20008  0.405648  0.594352  
1.17437  0.0144582  2.2  2.20008  2.2  2.20008  0.475023  0.524977  
0.446599  0.553401  2.2  2.20008  2.2  2.20008  0.413765  0.586235  
0.544155  0.455845  2.2  2.20008  2.2  2.20008  0.479125  0.520875  
0.508662  0.491338  2.2  2.20008  2.2  2.20008  0.434825  0.565175  
0.536422  0.463578  2.2  2.20008  2.2  2.20008  0.449124  0.550876  
0.506777  0.493223  2.2  2.20008  2.2  2.20008  0.566416  0.433584  
0.431771  0.568229  2.2  2.20008  2.2  2.20008  0.571286  0.428714  
0.485814  0.514186  2.2  2.20008  2.2  2.20008  1.13718  0.0128453  
0.456156  0.543844  2.2  2.20008  2.2  2.20008  0.491648  0.508352  
0.46579  0.53421  2.2  2.20008  2.2  2.20008  0.161439  0.858179  
0.458537  0.541463  2.2  2.20008  2.2  2.20008  0.465164  0.534836  
0.404827  0.595173  2.2  2.20008  2.2  2.20008  0.442931  0.557069  
0.564176  0.435824  2.2  2.20008  2.2  2.20008  0.513171  0.486829  
0.44145  0.55855  2.2  2.20008  2.2  2.20008  0.432878  0.567122  
0.417088  0.582912  2.2  2.20008  2.2  2.20008  0.531371  0.468629  
0.58328  0.41672  2.2  2.20008  2.2  2.20008  0.473012  0.526988  
0.438989  0.561011  2.2  2.20008  2.2  2.20008  0.440876  0.559124  
0.521444  0.478556  2.2  2.20008  2.2  2.20008  0.561609  0.438391  
1.16815  0.00806942  2.2  2.20008  2.2  2.20008  0.457255  0.542745  
0.412015  0.587985  2.2  2.20008  2.2  2.20008  0.43685  0.56315  
0.463353  0.536647  2.2  2.20008  2.2  2.20008  0.500173  0.499827  
0.550105  0.449895  2.2  2.20008  2.2  2.20008  0.515254  0.484746  
0.414522  0.585478  2.2  2.20008  2.2  2.20008  0.58328  0.41672  
0.595173  0.404827  2.2  2.20008  2.2  2.20008  0.578523  0.421477  
0.561719  0.438281  2.2  2.20008  2.2  2.20008  0.487442  0.512558  
0.460934  0.539066  2.2  2.20008  2.2  2.20008  0.550105  0.449895  
1.12471e-07  1.20008  2.2  2.20008  2.2  2.20008  0.506777  0.493223  
0.448913  0.551087  2.2  2.20008  2.2  2.20008  0.523356  0.476644  
0.400006  0.599994  2.2  2.20008  2.2  2.20008  0.438843  0.561157  
0.50237  0.49763  2.2  2.20008  2.2  2.20008  1.09904  0.0477711  
0.539003  0.460997  2.2  2.20008  2.2  2.20008  0.595173  0.404827  
0.511079  0.488921  2.2  2.20008  2.2  2.20008  0.541535  0.458465  
0.480741  0.519259  2.2  2.20008  2.2  2.20008  0.573696  0.426304  
0.566559  0.433441  2.2  2.20008  2.2  2.20008  0.592777  0.407223  
0.599998  0.400002  2.2  2.20008  2.2  2.20008  0.535459  0.464541  
0.513171  0.486829  2.2  2.20008  2.2  2.20008  0.50893  0.49107  
0.490895  0.509105  2.2  2.20008  2.2  2.20008  0.49375  0.50625  
0.468221  0.531779  2.2  2.20008  2.2  2.20008  0.459245  0.540755  
0.58802  0.41198  2.2  2.20008  2.2  2.20008  0.470288  0.529712  
1.10992  0.0294327  2.2  2.20008  2.2  2.20008  0.453211  0.546789  
0.493417  0.506583  2.2  2.20008  2.2  2.20008  0.444999  0.555001  
0.597574  0.402426  2.2  2.20008  2.2  2.20008  0.545717  0.454283  
0.475662  0.524338  2.2  2.20008  2.2  2.20008  0.585662  0.414338  
0.470672  0.529328  2.2  2.20008  2.2  2.20008  0.580918  0.419082  
0.552319  0.447681  2.2  2.20008  2.2  2.20008  0.554622  0.445378  
0.545717  0.454283  2.2  2.20008  2.2  2.20008  0.552319  0.447681  
1.18784  0.000791552  2.2  2.20008  2.2  2.20008  0.576107  0.423893  
0.424679  0.575321  2.2  2.20008  2.2  2.20008  0.455247  0.544753  
0.523962  0.476038  2.2  2.20008  2.2  2.20008  0.424631  0.575369  
1.06061  0.049595  2.2  2.20008  2.2  2.20008  0.511079  0.488921  
0.531458  0.468542  2.2  2.20008  2.2  2.20008  0.447069  0.552931  
0.500173  0.499827  2.2  2.20008  2.2  2.20008  0.451172  0.548828  
1.09933  0.0429395  2.2  2.20008  2.2  2.20008  0.52734  0.47266  
1.09203  0.0442709  2.2  2.20008  2.2  2.20008  0.409904  0.590096  
0.483285  0.516715  2.2  2.20008  2.2  2.20008  0.556956  0.443044  
0.473173  0.526827  2.2  2.20008  2.2  2.20008  0.539503  0.460497  
0.419657  0.580343  2.2  2.20008  2.2  2.20008  0.568857  0.431143  
1.17081  0.00493541  2.2  2.20008  2.2  2.20008  0.537473  0.462527  
0.519393  0.480607  2.2  2.20008  2.2  2.20008  0.525351  0.474649  
0.515254  0.484746  2.2  2.20008  2.2  2.20008  0.517318  0.482682  
1.2  4.49361e-12  2.2  2.20008  2.2  2.20008  0.590409  0.409591  
0.498021  0.501979  2.2  2.20008  2.2  2.20008  0.529356  0.470644  
0.161439  0.858179  2.2  2.20008  2.2  2.20008  0.533412  0.466588  
1.13718  0.0128453  2.2  2.20008  2.2  2.20008  0.559254  0.440746  
0.547888  0.452112  2.2  2.20008  2.2  2.20008  0.418264  0.581736  
0.504579  0.495421  2.2  2.20008  2.2  2.20008  0.481211  0.518789  
0.478202  0.521798  2.2  2.20008  2.2  2.20008  0.597574  0.402426  
0.592777  0.407223  2.2  2.20008  2.2  2.20008  0.504579  0.495421  
1.08698  0.0454929  2.2  2.20008  2.2  2.20008  0.543622  0.456378  
1.07287  0.047416  2.2  2.20008  2.2  2.20008  0.485349  0.514651  
1.13347  0.0167365  2.2  2.20008  2.2  2.20008  0.477066  0.522934  
0.42707  0.57293  2.2  2.20008  2.2  2.20008  0.599998  0.400002  
0.578523  0.421477  2.2  2.20008  2.2  2.20008  0.4678  0.5322  
0.517318  0.482682  2.2  2.20008  2.2  2.20008  1.2  4.49361e-12  
0.453775  0.546225  2.2  2.20008  2.2  2.20008  1.13347  0.0167365  
0.533956  0.466044  2.2  2.20008  2.2  2.20008  0.519393  0.480607  
0.402394  0.597606  2.2  2.20008  2.2  2.20008  0.428824  0.571176  
0.422231  0.577769  2.2  2.20008  2.2  2.20008  0.402561  0.597439  
0.571313  0.428687  2.2  2.20008  2.2  2.20008  0.41614  0.58386  
0.42941  0.57059  2.2  2.20008  2.2  2.20008  1.12471e-07  1.20008  
1.10811  0.0401272  2.2  2.20008  2.2  2.20008  0.547888  0.452112  
0.576107  0.423893  2.2  2.20008  2.2  2.20008  0.521373  0.478627  
0.436543  0.563457  2.2  2.20008  2.2  2.20008  0.50237  0.49763  
0.409645  0.590355  2.2  2.20008  2.2  2.20008  0.40001  0.59999  
0.580918  0.419082  2.2  2.20008  2.2  2.20008  0.411974  0.588026  
0.554622  0.445378  2.2  2.20008  2.2  2.20008  0.58802  0.41198  
0.407235  0.592765  2.2  2.20008  2.2  2.20008  0.422539  0.577461  
0.556956  0.443044  2.2  2.20008  2.2  2.20008  0.495858  0.504142  
0.488351  0.511649  2.2  2.20008  2.2  2.20008  0.483282  0.516718  
0.528975  0.471025  2.2  2.20008  2.2  2.20008  0.420404  0.579596  
0.541535  0.458465  2.2  2.20008  2.2  2.20008  0.430876  0.569124  
0.568944  0.431056  2.2  2.20008  2.2  2.20008  0.426753  0.573247  
0.434153  0.565847  2.2  2.20008  2.2  2.20008  0.407368  0.592632  
0.573696  0.426304  2.2  2.20008  2.2  2.20008  0.564  0.436  
0.451347  0.548653  2.2  2.20008  2.2  2.20008  1.10992  0.0294327  
0.559254  0.440746  2.2  2.20008  2.2  2.20008  0.463194  0.536806  
0.495858  0.504142  2.2  2.20008  2.2  2.20008  0.489532  0.510468  
0.590409  0.409591  2.2  2.20008  2.2  2.20008  1.06061  0.049595  
0.443954  0.556046  2.2  2.20008  2.2  2.20008  0.498021  0.501979  
0.526482  0.473518  2.2  2.20008  2.2  2.20008  0.405126  0.594874  
0.585662  0.414338  2.2  2.20008  2.2  2.20008  0.475023  0.524977  
0.446433  0.553567  2.2  2.20008  2.2  2.20008  0.41405  0.58595  
0.543622  0.456378  2.2  2.20008  2.2  2.20008  0.479133  0.520867  
0.50893  0.49107  2.2  2.20008  2.2  2.20008  0.434862  0.565138  
0.536457  0.463543  2.2  2.20008  2.2  2.20008  0.449124  0.550876  
0.506807  0.493193  2.1  2.20008  2.1  2.20008  0.567703  0.432297  
0.431771  0.568229  2.1  2.20008  2.1  2.20008  0.572059  0.427941  
0.486431  0.513569  2.1  2.20008  2.1  2.20008  0.400003  0.599997  
0.456055  0.543945  2.1  2.20008  2.1  2.20008  0.491267  0.508733  
0.46757  0.53243  2.1  2.20008  2.1  2.20008  0.160789  0.854726  
0.458334  0.541666  2.1  2.20008  2.1  2.20008  0.465211  0.534789  
0.404615  0.595385  2.1  2.20008  2.1  2.20008  0.442852  0.557148  
0.563359  0.436641  2.1  2.20008  2.1  2.20008  0.513034  0.486966  
0.440697  0.559303  2.1  2.20008  2.1  2.20008  0.565523  0.434477  
0.416134  0.583866  2.1  2.20008  2.1  2.20008  0.530452  0.469548  
0.583341  0.416659  2.1  2.20008  2.1  2.20008  0.472281  0.527719  
0.438506  0.561494  2.1  2.20008  2.1  2.20008  0.440717  0.559283  
0.518786  0.481214  2.1  2.20008  2.1  2.20008  0.561195  0.438805  
0.44508  0.55492  2.1  2.20008  2.1  2.20008  0.458222  0.541778  
0.409232  0.590768  2.1  2.20008  2.1  2.20008  0.436364  0.563636  
0.462935  0.537065  2.1  2.20008  2.1  2.20008  0.500118  0.499882  
0.55018  0.44982  2.1  2.20008  2.1  2.20008  0.402322  0.597678  
0.413857  0.586143  2.1  2.20008  2.1  2.20008  0.583341  0.416659  
0.595173  0.404827  2.1  2.20008  2.1  2.20008  0.57874  0.42126  
0.561195  0.438805  2.1  2.20008  2.1  2.20008  0.486628  0.513372  
0.460628  0.539372  2.1  2.20008  2.1  2.20008  0.55018  0.44982  
1.12471e-07  1.20008  2.1  2.20008  2.1  2.20008  0.506562  0.493438  
0.449432  0.550568  2.1  2.20008  2.1  2.20008  0.523757  0.476243  
0.400003  0.599997  2.1  2.20008  2.1  2.20008  0.438551  0.561449  
0.502357  0.497643  2.1  2.20008  2.1  2.20008  0.515176  0.484824  
0.539315  0.460685  2.1  2.20008  2.1  2.20008  0.59515  0.40485  
0.511475  0.488525  2.1  2.20008  2.1  2.20008  0.54149  0.45851  
0.481693  0.518307  2.1  2.20008  2.1  2.20008  0.574255  0.425745  
0.565523  0.434477  2.1  2.20008  2.1  2.20008  0.592751  0.407249  
0.599998  0.400002  2.1  2.20008  2.1  2.20008  0.534934  0.465066  
0.418365  0.581635  2.1  2.20008  2.1  2.20008  1.09053  0.015821  
0.491117  0.508883  2.1  2.20008  2.1  2.20008  0.493499  0.506501  
1.0673  0.0394149  2.1  2.20008  2.1  2.20008  0.460526  0.539474  
0.58802  0.41198  2.1  2.20008  2.1  2.20008  0.469912  0.530088  
0.513916  0.486084  2.1  2.20008  2.1  2.20008  0.453645  0.546355  
0.493424  0.506576  2.1  2.20008  2.1  2.20008  0.444999  0.555001  
0.597574  0.402426  2.1  2.20008  2.1  2.20008  0.545785  0.454215  
0.474579  0.525421  2.1  2.20008  2.1  2.20008  0.585662  0.414338  
0.469898  0.530102  2.1  2.20008  2.1  2.20008  0.581034  0.418966  
0.552403  0.447597  2.1  2.20008  2.1  2.20008  0.55461  0.44539  
0.545785  0.454215  2.1  2.20008  2.1  2.20008  0.552403  0.447597  
1.0816  0.0289954  2.1  2.20008  2.1  2.20008  0.576488  0.423512  
0.425035  0.574965  2.1  2.20008  2.1  2.20008  0.455945  0.544055  
0.523571  0.476429  2.1  2.20008  2.1  2.20008  0.425208  0.574792  
1.05928  0.0495328  2.1  2.20008  2.1  2.20008  0.51088  0.48912  
0.530513  0.469487  2.1  2.20008  2.1  2.20008  0.447126  0.552874  
0.500135  0.499865  2.1  2.20008  2.1  2.20008  0.451429  0.548571  
0.532756  0.467244  2.1  2.20008  2.1  2.20008  0.525975  0.474025  
1.09053  0.015821  2.1  2.20008  2.1  2.20008  1.06171  0.0434806  
0.484066  0.515934  2.1  2.20008  2.1  2.20008  0.55681  0.44319  
0.472239  0.527761  2.1  2.20008  2.1  2.20008  0.539296  0.460704  
0.420602  0.579398  2.1  2.20008  2.1  2.20008  0.569889  0.430111  
1.06872  0.0390703  2.1  2.20008  2.1  2.20008  0.537132  0.462868  
0.576488  0.423512  2.1  2.20008  2.1  2.20008  0.427438  0.572562  
0.516372  0.483628  2.1  2.20008  2.1  2.20008  0.497937  0.502063  
0.590409  0.409591  2.1  2.20008  2.1  2.20008  0.590351  0.409649  
0.497935  0.502065  2.1  2.20008  2.1  2.20008  0.528207  0.471793  
0.160789  0.854726  2.1  2.20008  2.1  2.20008  0.532707  0.467293  
1.1  3.89211e-12  2.1  2.20008  2.1  2.20008  0.559014  0.440986  
0.54797  0.45203  2.1  2.20008  2.1  2.20008  0.41847  0.58153  
0.504569  0.495431  2.1  2.20008  2.1  2.20008  0.481899  0.518101  
0.479338  0.520662  2.1  2.20008  2.1  2.20008  0.597553  0.402447  
0.592777  0.407223  2.1  2.20008  2.1  2.20008  0.504406  0.495594  
1.06171  0.0434806  2.1  2.20008  2.1  2.20008  0.543644  0.456356  
0.411545  0.588455  2.1  2.20008  2.1  2.20008  0.495711  0.504289  
1.0844  0.018547  2.1  2.20008  2.1  2.20008  0.477086  0.522914  
0.427262  0.572738  2.1  2.20008  2.1  2.20008  0.599998  0.400002  
0.57874  0.42126  2.1  2.20008  2.1  2.20008  0.46757  0.53243  
0.521211  0.478789  2.1  2.20008  2.1  2.20008  1.0673  0.0394149  
0.453834  0.546166  2.1  2.20008  2.1  2.20008  1.09649  0.00645218  
0.534965  0.465035  2.1  2.20008  2.1  2.20008  0.521594  0.478406  
0.402322  0.597678  2.1  2.20008  2.1  2.20008  0.409276  0.590724  
0.422809  0.577191  2.1  2.20008  2.1  2.20008  0.519441  0.480559  
0.572059  0.427941  2.1  2.20008  2.1  2.20008  0.416201  0.583799  
0.429506  0.570494  2.1  2.20008  2.1  2.20008  1.12471e-07  1.20008  
1.09649  0.00645218  2.1  2.20008  2.1  2.20008  0.54797  0.45203  
0.476947  0.523053  2.1  2.20008  2.1  2.20008  1.0844  0.018547  
0.436261  0.563739  2.1  2.20008  2.1  2.20008  0.502262  0.497738  
0.465258  0.534742  2.1  2.20008  2.1  2.20008  0.434152  0.565848  
0.581034  0.418966  2.1  2.20008  2.1  2.20008  0.411596  0.588404  
0.55461  0.44539  2.1  2.20008  2.1  2.20008  0.588008  0.411992  
0.406935  0.593065  2.1  2.20008  2.1  2.20008  0.422954  0.577046  
0.55681  0.44319  2.1  2.20008  2.1  2.20008  0.508717  0.491283  
0.488785  0.511215  2.1  2.20008  2.1  2.20008  0.484266  0.515734  
0.528207  0.471793  2.1  2.20008  2.1  2.20008  0.420716  0.579284  
0.541469  0.458531  2.1  2.20008  2.1  2.20008  0.429696  0.570304  
0.567703  0.432297  2.1  2.20008  2.1  2.20008  1.1  2.82694e-12  
0.434033  0.565967  2.1  2.20008  2.1  2.20008  0.517308  0.482692  
0.574255  0.425745  2.1  2.20008  2.1  2.20008  0.563359  0.436641  
0.451627  0.548373  2.1  2.20008  2.1  2.20008  1.0816  0.0289954  
0.559014  0.440986  2.1  2.20008  2.1  2.20008  0.462856  0.537144  
0.495663  0.504337  2.1  2.20008  2.1  2.20008  0.488966  0.511034  
0.569889  0.430111  2.1  2.20008  2.1  2.20008  1.05928  0.0495328  
0.442898  0.557102  2.1  2.20008  2.1  2.20008  0.406935  0.593065  
0.525895  0.474105  2.1  2.20008  2.1  2.20008  0.404615  0.595385  
0.58568  0.41432  2.1  2.20008  2.1  2.20008  0.474665  0.525335  
0.447253  0.552747  2.1  2.20008  2.1  2.20008  0.413906  0.586094  
0.543622  0.456378  2.1  2.20008  2.1  2.20008  0.479499  0.520501  
0.509097  0.490903  2.1  2.20008  2.1  2.20008  0.431941  0.568059  
0.537151  0.462849  2.1  2.20008  2.1  2.20008  0.449264  0.550736  
0.506938  0.493062  2.1  2.20008  2.1  2.20008  0.567703  0.432297  
0.431201  0.568799  2.1  2.20008  2.1  2.20008  0.572079  0.427921  
0.486411  0.513589  2.1  2.20008  2.1  2.20008  0.400001  0.599999  
0.45611  0.54389  2.1  2.20008  2.1  2.20008  0.491213  0.508787  
0.46757  0.53243  2.1  2.20008  2.1  2.20008  0.160399  0.852654  
0.458382  0.541618  2.1  2.20008  2.1  2.20008  0.464521  0.535479  
0.404625  0.595375  2.1  2.20008  2.1  2.20008  0.442852  0.557148  
0.563359  0.436641  2.1  2.20008  2.1  2.20008  0.514325  0.485675  
0.440697  0.559303  2.1  2.20008  2.1  2.20008  0.565523  0.434477  
0.416101  0.583899  2.1  2.20008  2.1  2.20008  0.530452  0.469548  
0.583375  0.416625  2.1  2.20008  2.1  2.20008  0.472934  0.527066  
0.438709  0.561291  2.1  2.20008  2.1  2.20008  0.440688  0.559312  
0.518758  0.481242  2.1  2.20008  2.1  2.20008  0.561195  0.438805  
0.44508  0.55492  2.1  2.20008  2.1  2.20008  0.458236  0.541764  
0.409232  0.590768  2.1  2.20008  2.1  2.20008  0.436311  0.563689  
0.462954  0.537046  2.1  2.20008  2.1  2.20008  0.500254  0.499746  
0.55018  0.44982  2.1  2.20008  2.1  2.20008  0.402322  0.597678  
0.413821  0.586179  2.1  2.20008  2.1  2.20008  0.583371  0.416629  
0.595173  0.404827  2.1  2.20008  2.1  2.20008  0.578778  0.421222  
0.561195  0.438805  2.1  2.20008  2.1  2.20008  0.486601  0.513399  
0.460656  0.539344  2.1  2.20008  2.1  2.20008  0.550193  0.449807  
1.12471e-07  1.20008  2.1  2.20008  2.1  2.20008  0.507198  0.492802  
0.449446  0.550554  2.1  2.20008  2.1  2.20008  0.523679  0.476321  
0.400001  0.599999  2.1  2.20008  2.1  2.20008  0.438504  0.561496  
0.502381  0.497619  2.1  2.20008  2.1  2.20008  0.516704  0.483296  
0.539289  0.460711  2.1  2.20008  2.1  2.20008  0.59515  0.40485  
0.511599  0.488401  2.1  2.20008  2.1  2.20008  0.54149  0.45851  
0.481693  0.518307  2.1  2.20008  2.1  2.20008  0.574274  0.425726  
0.565523  0.434477  2.1  2.20008  2.1  2.20008  0.592751  0.407249  
0.599998  0.400002  2.1  2.20008  2.1  2.20008  0.534934  0.465066  
0.418356  0.581644  2.1  2.20008  2.1  2.20008  0.468695  0.531305  
0.491057  0.508943  2.1  2.20008  2.1  2.20008  0.49347  0.50653  
1.06557  0.039351  2.1  2.20008  2.1  2.20008  0.460412  0.539588  
0.588039  0.411961  2.1  2.20008  2.1  2.20008  0.470824  0.529176  
0.513978  0.486022  2.1  2.20008  2.1  2.20008  0.453766  0.546234  
0.493336  0.506664  2.1  2.20008  2.1  2.20008  0.444999  0.555001  
0.597574  0.402426  2.1  2.20008  2.1  2.20008  0.545821  0.454179  
0.474587  0.525413  2.1  2.20008  2.1  2.20008  0.585684  0.414316  
0.469898  0.530102  2.1  2.20008  2.1  2.20008  0.581056  0.418944  
0.552403  0.447597  2.1  2.20008  2.1  2.20008  0.55461  0.44539  
0.545785  0.454215  2.1  2.20008  2.1  2.20008  0.552403  0.447597  
1.07504  0.0287548  2.1  2.20008  2.1  2.20008  0.576522  0.423478  
0.425035  0.574965  2.1  2.20008  2.1  2.20008  0.456  0.544  
0.523463  0.476537  2.1  2.20008  2.1  2.20008  0.425208  0.574792  
1.05886  0.0495131  2.1  2.20008  2.1  2.20008  0.51194  0.48806  
0.530397  0.469603  2.1  2.20008  2.1  2.20008  0.447147  0.552853  
0.500135  0.499865  2.1  2.20008  2.1  2.20008  0.451563  0.548437  
0.532675  0.467325  2.1  2.20008  2.1  2.20008  0.525948  0.474052  
0.433136  0.566864  2.1  2.20008  2.1  2.20008  1.0616  0.0434762  
0.484059  0.515941  2.1  2.20008  2.1  2.20008  0.55681  0.44319  
0.472239  0.527761  2.1  2.20008  2.1  2.20008  0.539314  0.460686  
0.420589  0.579411  2.1  2.20008  2.1  2.20008  0.569889  0.430111  
1.0884  0.014317  2.1  2.20008  2.1  2.20008  0.537132  0.462868  
0.576522  0.423478  2.1  2.20008  2.1  2.20008  0.427438  0.572562  
0.516378  0.483622  2.1  2.20008  2.1  2.20008  0.497986  0.502014  
0.590409  0.409591  2.1  2.20008  2.1  2.20008  0.590374  0.409626  
0.497888  0.502112  2.1  2.20008  2.1  2.20008  0.528207  0.471793  
0.160399  0.852654  2.1  2.20008  2.1  2.20008  0.5327  0.4673  
1.1  3.89211e-12  2.1  2.20008  2.1  2.20008  0.559004  0.440996  
0.54797  0.45203  2.1  2.20008  2.1  2.20008  0.418461  0.581539  
0.504644  0.495356  2.1  2.20008  2.1  2.20008  0.481884  0.518116  
0.479319  0.520681  2.1  2.20008  2.1  2.20008  0.597583  0.402417  
0.592777  0.407223  2.1  2.20008  2.1  2.20008  0.50487  0.49513  
1.0616  0.0434762  2.1  2.20008  2.1  2.20008  0.543644  0.456356  
0.411545  0.588455  2.1  2.20008  2.1  2.20008  0.495722  0.504278  
1.08418  0.0185433  2.1  2.20008  2.1  2.20008  0.477261  0.522739  
0.427185  0.572815  2.1  2.20008  2.1  2.20008  0.599998  0.400002  
0.578801  0.421199  2.1  2.20008  2.1  2.20008  0.466703  0.533297  
0.521113  0.478887  2.1  2.20008  2.1  2.20008  1.06557  0.039351  
0.453863  0.546137  2.1  2.20008  2.1  2.20008  1.09433  0.00641658  
0.53491  0.46509  2.1  2.20008  2.1  2.20008  0.521361  0.478639  
0.402322  0.597678  2.1  2.20008  2.1  2.20008  0.409276  0.590724  
0.422809  0.577191  2.1  2.20008  2.1  2.20008  0.519032  0.480968  
0.572079  0.427921  2.1  2.20008  2.1  2.20008  0.416201  0.583799  
0.429245  0.570755  2.1  2.20008  2.1  2.20008  1.12471e-07  1.20008  
1.09433  0.00641658  2.1  2.20008  2.1  2.20008  0.548009  0.451991  
0.476947  0.523053  2.1  2.20008  2.1  2.20008  1.08418  0.0185433  
0.436872  0.563128  2.1  2.20008  2.1  2.20008  0.502562  0.497438  
0.465258  0.534742  2.1  2.20008  2.1  2.20008  0.434126  0.565874  
0.581091  0.418909  2.1  2.20008  2.1  2.20008  0.411593  0.588407  
0.55461  0.44539  2.1  2.20008  2.1  2.20008  0.588008  0.411992  
0.406935  0.593065  2.1  2.20008  2.1  2.20008  0.422954  0.577046  
0.55681  0.44319  2.1  2.20008  2.1  2.20008  0.509583  0.490417  
0.488743  0.511257  2.1  2.20008  2.1  2.20008  0.484251  0.515749  
0.528117  0.471883  2.1  2.20008  2.1  2.20008  0.420716  0.579284  
0.541469  0.458531  2.1  2.20008  2.1  2.20008  0.429676  0.570324  
0.567703  0.432297  2.1  2.20008  2.1  2.20008  1.1  2.82694e-12  
0.435019  0.564981  2.1  2.20008  2.1  2.20008  1.0884  0.014317  
0.574274  0.425726  2.1  2.20008  2.1  2.20008  0.563359  0.436641  
0.451654  0.548346  2.1  2.20008  2.1  2.20008  1.07504  0.0287548  
0.559004  0.440996  2.1  2.20008  2.1  2.20008  0.462472  0.537528  
0.495623  0.504377  2.1  2.20008  2.1  2.20008  0.488898  0.511102  
0.569889  0.430111  2.1  2.20008  2.1  2.20008  1.05886  0.0495131  
0.442898  0.557102  2.1  2.20008  2.1  2.20008  0.406935  0.593065  
0.525795  0.474205  2.1  2.20008  2.1  2.20008  0.404625  0.595375  
0.585702  0.414298  2.1  2.20008  2.1  2.20008  0.475086  0.524914  
0.447264  0.552736  2.1  2.20008  2.1  2.20008  0.413906  0.586094  
0.543622  0.456378  2.1  2.20008  2.1  2.20008  0.479499  0.520501  
0.509268  0.490732  2.1  2.20008  2.1  2.20008  0.4319  0.5681  
0.537115  0.462885  2.1  2.20008  2.1  2.20008  0.449373  0.550627  
0.506964  0.493036  2.1  2.20008  2.1  2.20008  0.567703  0.432297  
0.431002  0.568998  2.1  2.20008  2.1  2.20008  0.572079  0.427921  
0.486382  0.513618  2.1  2.20008  2.1  2.20008  0.400001  0.599999  
0.456138  0.543862  2.1  2.20008  2.1  2.20008  0.491157  0.508843  
0.46757  0.53243  2.1  2.20008  2.1  2.20008  0.160023  0.850652  
0.4584  0.5416  2.1  2.20008  2.1  2.20008  0.4645  0.5355  
0.404625  0.595375  2.1  2.20008  2.1  2.20008  0.442852  0.557148  
0.563359  0.436641  2.1  2.20008  2.1  2.20008  0.514298  0.485702  
0.441083  0.558917  2.1  2.20008  2.1  2.20008  0.565523  0.434477  
0.416052  0.583948  2.1  2.20008  2.1  2.20008  0.530452  0.469548  
0.583425  0.416575  2.1  2.20008  2.1  2.20008  0.473082  0.526918  
0.439038  0.560962  2.1  2.20008  2.1  2.20008  0.44068  0.55932  
0.518758  0.481242  2.1  2.20008  2.1  2.20008  0.561182  0.438818  
0.445219  0.554781  2.1  2.20008  2.1  2.20008  0.458087  0.541913  
0.409232  0.590768  2.1  2.20008  2.1  2.20008  0.436311  0.563689  
0.462954  0.537046  2.1  2.20008  2.1  2.20008  0.500287  0.499713  
0.55018  0.44982  2.1  2.20008  2.1  2.20008  0.402322  0.597678  
0.413793  0.586207  2.1  2.20008  2.1  2.20008  0.583371  0.416629  
0.595173  0.404827  2.1  2.20008  2.1  2.20008  0.578778  0.421222  
0.561182  0.438818  2.1  2.20008  2.1  2.20008  0.486573  0.513427  
0.460656  0.539344  2.1  2.20008  2.1  2.20008  0.550199  0.449801  
1.12471e-07  1.20008  2.1  2.20008  2.1  2.20008  0.507236  0.492764  
0.449538  0.550462  2.1  2.20008  2.1  2.20008  0.523614  0.476386  
0.400001  0.599999  2.1  2.20008  2.1  2.20008  0.438504  0.561496  
0.502414  0.497586  2.1  2.20008  2.1  2.20008  0.516651  0.483349  
0.53927  0.46073  2.1  2.20008  2.1  2.20008  0.595178  0.404822  
0.511646  0.488354  2.1  2.20008  2.1  2.20008  0.54149  0.45851  
0.481693  0.518307  2.1  2.20008  2.1  2.20008  0.574313  0.425687  
0.565532  0.434468  2.1  2.20008  2.1  2.20008  0.592768  0.407232  
0.599998  0.400002  2.1  2.20008  2.1  2.20008  0.534914  0.465086  
0.418286  0.581714  2.1  2.20008  2.1  2.20008  0.468744  0.531256  
0.491031  0.508969  2.1  2.20008  2.1  2.20008  0.493437  0.506563  
1.06556  0.0393506  2.1  2.20008  2.1  2.20008  0.460236  0.539764  
0.588067  0.411933  2.1  2.20008  2.1  2.20008  0.470896  0.529104  
0.514002  0.485998  2.1  2.20008  2.1  2.20008  0.45374  0.54626  
0.493336  0.506664  2.1  2.20008  2.1  2.20008  0.445032  0.554968  
0.597594  0.402406  2.1  2.20008  2.1  2.20008  0.545829  0.454171  
0.474587  0.525413  2.1  2.20008  2.1  2.20008  0.585691  0.414309  
0.469898  0.530102  2.1  2.20008  2.1  2.20008  0.581064  0.418936  
0.552403  0.447597  2.1  2.20008  2.1  2.20008  0.55461  0.44539  
0.545785  0.454215  2.1  2.20008  2.1  2.20008  0.552403  0.447597  
1.0743  0.028735  2.1  2.20008  2.1  2.20008  0.576545  0.423455  
0.42474  0.57526  2.1  2.20008  2.1  2.20008  0.455918  0.544082  
0.523439  0.476561  2.1  2.20008  2.1  2.20008  0.425196  0.574804  
1.05771  0.0494594  2.1  2.20008  2.1  2.20008  0.51194  0.48806  
0.530331  0.469669  2.1  2.20008  2.1  2.20008  0.447212  0.552788  
0.500135  0.499865  2.1  2.20008  2.1  2.20008  0.451563  0.548437  
0.532606  0.467394  2.1  2.20008  2.1  2.20008  0.525924  0.474076  
0.433058  0.566942  2.1  2.20008  2.1  2.20008  1.06129  0.043477  
0.484023  0.515977  2.1  2.20008  2.1  2.20008  0.55681  0.44319  
0.472239  0.527761  2.1  2.20008  2.1  2.20008  0.539314  0.460686  
0.420468  0.579532  2.1  2.20008  2.1  2.20008  0.569889  0.430111  
1.08761  0.0142805  2.1  2.20008  2.1  2.20008  0.537127  0.462873  
0.57662  0.42338  2.1  2.20008  2.1  2.20008  0.427438  0.572562  
0.516378  0.483622  2.1  2.20008  2.1  2.20008  0.49801  0.50199  
0.590409  0.409591  2.1  2.20008  2.1  2.20008  0.590374  0.409626  
0.497875  0.502125  2.1  2.20008  2.1  2.20008  0.528207  0.471793  
0.160023  0.850652  2.1  2.20008  2.1  2.20008  0.532687  0.467313  
1.1  3.89211e-12  2.1  2.20008  2.1  2.20008  0.559004  0.440996  
0.54797  0.45203  2.1  2.20008  2.1  2.20008  0.418445  0.581555  
0.504681  0.495319  2.1  2.20008  2.1  2.20008  0.48198  0.51802  
0.479319  0.520681  2.1  2.20008  2.1  2.20008  0.597583  0.402417  
0.592777  0.407223  2.1  2.20008  2.1  2.20008  0.50492  0.49508  
1.06129  0.043477  2.1  2.20008  2.1  2.20008  0.543658  0.456342  
0.411541  0.588459  2.1  2.20008  2.1  2.20008  0.495722  0.504278  
1.08418  0.0185433  2.1  2.20008  2.1  2.20008  0.477476  0.522524  
0.426865  0.573135  2.1  2.20008  2.1  2.20008  0.599998  0.400002  
0.57889  0.42111  2.1  2.20008  2.1  2.20008  0.466611  0.533389  
0.521113  0.478887  2.1  2.20008  2.1  2.20008  1.06556  0.0393506  
0.453944  0.546056  2.1  2.20008  2.1  2.20008  1.09433  0.00641658  
0.534862  0.465138  2.1  2.20008  2.1  2.20008  0.521309  0.478691  
0.402322  0.597678  2.1  2.20008  2.1  2.20008  0.409263  0.590737  
0.422626  0.577374  2.1  2.20008  2.1  2.20008  0.518994  0.481006  
0.572141  0.427859  2.1  2.20008  2.1  2.20008  0.416182  0.583818  
0.428943  0.571057  2.1  2.20008  2.1  2.20008  1.12471e-07  1.20008  
1.09433  0.00641658  2.1  2.20008  2.1  2.20008  0.548009  0.451991  
0.476947  0.523053  2.1  2.20008  2.1  2.20008  1.08418  0.0185433  
0.437043  0.562957  2.1  2.20008  2.1  2.20008  0.502582  0.497418  
0.465258  0.534742  2.1  2.20008  2.1  2.20008  0.434114  0.565886  
0.58115  0.41885  2.1  2.20008  2.1  2.20008  0.411593  0.588407  
0.55461  0.44539  2.1  2.20008  2.1  2.20008  0.588012  0.411988  
0.406935  0.593065  2.1  2.20008  2.1  2.20008  0.422963  0.577037  
0.55681  0.44319  2.1  2.20008  2.1  2.20008  0.509583  0.490417  
0.488719  0.511281  2.1  2.20008  2.1  2.20008  0.484278  0.515722  
0.528033  0.471967  2.1  2.20008  2.1  2.20008  0.420716  0.579284  
0.541445  0.458555  2.1  2.20008  2.1  2.20008  0.429676  0.570324  
0.567726  0.432274  2.1  2.20008  2.1  2.20008  1.1  2.82694e-12  
0.43506  0.56494  2.1  2.20008  2.1  2.20008  1.08761  0.0142805  
0.574378  0.425622  2.1  2.20008  2.1  2.20008  0.563359  0.436641  
0.451744  0.548256  2.1  2.20008  2.1  2.20008  1.0743  0.028735  
0.559004  0.440996  2.1  2.20008  2.1  2.20008  0.462384  0.537616  
0.495623  0.504377  2.1  2.20008  2.1  2.20008  0.488871  0.511129  
0.569925  0.430075  2.1  2.20008  2.1  2.20008  1.05771  0.0494594  
0.443131  0.556869  2.1  2.20008  2.1  2.20008  0.406945  0.593055  
0.525769  0.474231  2.1  2.20008  2.1  2.20008  0.404625  0.595375  
0.585716  0.414284  2.1  2.20008  2.1  2.20008  0.475259  0.524741  
0.447347  0.552653  2.1  2.20008  2.1  2.20008  0.413886  0.586114  
0.543622  0.456378  2.1  2.20008  2.1  2.20008  0.479712  0.520288  
0.509292  0.490708  2.1  2.20008  2.1  2.20008  0.4319  0.5681  
0.537091  0.462909  2.1  2.20008  2.1  2.20008  0.449373  0.550627  
0.506894  0.493106  2.05  2.20008  2.05  2.20008  0.567703  0.432297  
0.431056  0.568944  2.05  2.20008  2.05  2.20008  0.572095  0.427905  
0.48639  0.51361  2.05  2.20008  2.05  2.20008  0.400001  0.599999  
0.455965  0.544035  2.05  2.20008  2.05  2.20008  0.490634  0.509366  
0.468744  0.531256  2.05  2.20008  2.05  2.20008  0.159638  0.848609  
0.45811  0.54189  2.05  2.20008  2.05  2.20008  0.4645  0.5355  
0.404127  0.595873  2.05  2.20008  2.05  2.20008  0.442852  0.557148  
0.563359  0.436641  2.05  2.20008  2.05  2.20008  0.514853  0.485147  
0.441237  0.558763  2.05  2.20008  2.05  2.20008  0.565523  0.434477  
0.416271  0.583729  2.05  2.20008  2.05  2.20008  0.529977  0.470023  
0.583273  0.416727  2.05  2.20008  2.05  2.20008  0.473097  0.526903  
0.439195  0.560805  2.05  2.20008  2.05  2.20008  0.44068  0.55932  
0.519286  0.480714  2.05  2.20008  2.05  2.20008  0.561182  0.438818  
0.445391  0.554609  2.05  2.20008  2.05  2.20008  0.458087  0.541913  
0.410184  0.589816  2.05  2.20008  2.05  2.20008  0.436311  0.563689  
0.462384  0.537616  2.05  2.20008  2.05  2.20008  0.500933  0.499067  
0.550199  0.449801  2.05  2.20008  2.05  2.20008  0.402052  0.597948  
0.41419  0.58581  2.05  2.20008  2.05  2.20008  0.583273  0.416727  
0.595945  0.404055  2.05  2.20008  2.05  2.20008  0.578813  0.421187  
0.561182  0.438818  2.05  2.20008  2.05  2.20008  0.48639  0.51361  
0.460256  0.539744  2.05  2.20008  2.05  2.20008  0.550199  0.449801  
1.12471e-07  1.20008  2.05  2.20008  2.05  2.20008  0.506894  0.493106  
0.449585  0.550415  2.05  2.20008  2.05  2.20008  0.524325  0.475675  
0.400001  0.599999  2.05  2.20008  2.05  2.20008  0.438504  0.561496  
0.502916  0.497084  2.05  2.20008  2.05  2.20008  0.518662  0.481338  
0.539607  0.460393  2.05  2.20008  2.05  2.20008  0.595945  0.404055  
0.510941  0.489059  2.05  2.20008  2.05  2.20008  0.541671  0.458329  
0.481997  0.518003  2.05  2.20008  2.05  2.20008  0.574322  0.425678  
0.565532  0.434468  2.05  2.20008  2.05  2.20008  0.591822  0.408178  
0.599999  0.400001  2.05  2.20008  2.05  2.20008  0.535679  0.464321  
0.41833  0.58167  2.05  2.20008  2.05  2.20008  0.468744  0.531256  
0.490634  0.509366  2.05  2.20008  2.05  2.20008  0.492751  0.507249  
0.4645  0.5355  2.05  2.20008  2.05  2.20008  0.460236  0.539764  
0.587599  0.412401  2.05  2.20008  2.05  2.20008  0.470916  0.529084  
0.512988  0.487012  2.05  2.20008  2.05  2.20008  0.45374  0.54626  
0.492751  0.507249  2.05  2.20008  2.05  2.20008  0.445032  0.554968  
0.59797  0.40203  2.05  2.20008  2.05  2.20008  0.545898  0.454102  
0.475284  0.524716  2.05  2.20008  2.05  2.20008  0.585432  0.414568  
0.470916  0.529084  2.05  2.20008  2.05  2.20008  0.581036  0.418964  
0.552403  0.447597  2.05  2.20008  2.05  2.20008  0.55461  0.44539  
0.545898  0.454102  2.05  2.20008  2.05  2.20008  0.552403  0.447597  
0.408186  0.591814  2.05  2.20008  2.05  2.20008  0.576552  0.423448  
0.424708  0.575292  2.05  2.20008  2.05  2.20008  0.455918  0.544082  
0.523493  0.476507  2.05  2.20008  2.05  2.20008  0.425196  0.574804  
1.047  0.00468185  2.05  2.20008  2.05  2.20008  0.429676  0.570324  
0.529642  0.470358  2.05  2.20008  2.05  2.20008  0.447212  0.552788  
0.500933  0.499067  2.05  2.20008  2.05  2.20008  0.451563  0.548437  
0.531662  0.468338  2.05  2.20008  2.05  2.20008  0.526212  0.473788  
0.43311  0.56689  2.05  2.20008  2.05  2.20008  0.559004  0.440996  
0.484215  0.515785  2.05  2.20008  2.05  2.20008  0.55681  0.44319  
0.473097  0.526903  2.05  2.20008  2.05  2.20008  0.53969  0.46031  
0.420453  0.579547  2.05  2.20008  2.05  2.20008  0.569889  0.430111  
0.466611  0.533389  2.05  2.20008  2.05  2.20008  0.537665  0.462335  
0.576602  0.423398  2.05  2.20008  2.05  2.20008  0.427438  0.572562  
0.517177  0.482823  2.05  2.20008  2.05  2.20008  0.498922  0.501078  
0.589729  0.410271  2.05  2.20008  2.05  2.20008  0.589729  0.410271  
1.05  1.25596e-12  2.05  2.20008  2.05  2.20008  0.528095  0.471905  
0.159638  0.848609  2.05  2.20008  2.05  2.20008  0.531823  0.468177  
0.533623  0.466377  2.05  2.20008  2.05  2.20008  0.59797  0.40203  
0.548033  0.451967  2.05  2.20008  2.05  2.20008  0.418603  0.581397  
0.5049  0.4951  2.05  2.20008  2.05  2.20008  0.481997  0.518003  
0.479748  0.520252  2.05  2.20008  2.05  2.20008  0.508902  0.491098  
0.591822  0.408178  2.05  2.20008  2.05  2.20008  0.5049  0.4951  
0.515071  0.484929  2.05  2.20008  2.05  2.20008  0.543775  0.456225  
0.412193  0.587807  2.05  2.20008  2.05  2.20008  0.494841  0.505159  
0.585432  0.414568  2.05  2.20008  2.05  2.20008  0.477506  0.522494  
0.426838  0.573162  2.05  2.20008  2.05  2.20008  0.599999  0.400001  
0.578841  0.421159  2.05  2.20008  2.05  2.20008  0.466611  0.533389  
0.521398  0.478602  2.05  2.20008  2.05  2.20008  0.51289  0.48711  
0.453831  0.546169  2.05  2.20008  2.05  2.20008  0.404127  0.595873  
0.535614  0.464386  2.05  2.20008  2.05  2.20008  0.52055  0.47945  
0.402052  0.597948  2.05  2.20008  2.05  2.20008  0.410203  0.589797  
0.422569  0.577431  2.05  2.20008  2.05  2.20008  1.05  6.65751e-13  
0.572141  0.427859  2.05  2.20008  2.05  2.20008  0.416443  0.583557  
0.42897  0.57103  2.05  2.20008  2.05  2.20008  1.12471e-07  1.20008  
0.59392  0.40608  2.05  2.20008  2.05  2.20008  0.548033  0.451967  
0.559004  0.440996  2.05  2.20008  2.05  2.20008  0.59392  0.40608  
0.43715  0.56285  2.05  2.20008  2.05  2.20008  0.502916  0.497084  
0.477506  0.522494  2.05  2.20008  2.05  2.20008  0.434114  0.565886  
0.581036  0.418964  2.05  2.20008  2.05  2.20008  0.412241  0.587759  
0.55461  0.44539  2.05  2.20008  2.05  2.20008  0.587599  0.412401  
0.406178  0.593822  2.05  2.20008  2.05  2.20008  0.422975  0.577025  
0.55681  0.44319  2.05  2.20008  2.05  2.20008  0.510904  0.489096  
0.488527  0.511473  2.05  2.20008  2.05  2.20008  0.484215  0.515785  
0.527613  0.472387  2.05  2.20008  2.05  2.20008  0.420764  0.579236  
0.541671  0.458329  2.05  2.20008  2.05  2.20008  0.516759  0.483241  
0.567726  0.432274  2.05  2.20008  2.05  2.20008  0.533734  0.466266  
0.435153  0.564847  2.05  2.20008  2.05  2.20008  0.522428  0.477572  
0.574378  0.425622  2.05  2.20008  2.05  2.20008  0.563359  0.436641  
0.451715  0.548285  2.05  2.20008  2.05  2.20008  0.49688  0.50312  
0.498922  0.501078  2.05  2.20008  2.05  2.20008  0.462372  0.537628  
0.494841  0.505159  2.05  2.20008  2.05  2.20008  0.488527  0.511473  
0.569925  0.430075  2.05  2.20008  2.05  2.20008  1.047  0.00468185  
0.443315  0.556685  2.05  2.20008  2.05  2.20008  0.406178  0.593822  
0.525562  0.474438  2.05  2.20008  2.05  2.20008  0.408186  0.591814  
0.49688  0.50312  2.05  2.20008  2.05  2.20008  0.475284  0.524716  
0.447462  0.552538  2.05  2.20008  2.05  2.20008  0.414331  0.585669  
0.543775  0.456225  2.05  2.20008  2.05  2.20008  0.479748  0.520252  
0.508902  0.491098  2.05  2.20008  2.05  2.20008  0.4319  0.5681  
0.537599  0.462401  2.05  2.20008  2.05  2.20008  0.449396  0.550604  
0.506934  0.493066  2.05  2.20008  2.05  2.20008  0.567703  0.432297  
0.431  0.569  2.05  2.20008  2.05  2.20008  0.572095  0.427905  
0.486349  0.513651  2.05  2.20008  2.05  2.20008  0.400001  0.599999  
0.455965  0.544035  2.05  2.20008  2.05  2.20008  0.49062  0.50938  
0.468791  0.531209  2.05  2.20008  2.05  2.20008  0.159638  0.848609  
0.45811  0.54189  2.05  2.20008  2.05  2.20008  0.4645  0.5355  
0.404079  0.595921  2.05  2.20008  2.05  2.20008  0.442852  0.557148  
0.563359  0.436641  2.05  2.20008  2.05  2.20008  0.514804  0.485196  
0.441237  0.558763  2.05  2.20008  2.05  2.20008  0.565523  0.434477  
0.41632  0.58368  2.05  2.20008  2.05  2.20008  0.530008  0.469992  
0.583198  0.416802  2.05  2.20008  2.05  2.20008  0.473108  0.526892  
0.439195  0.560805  2.05  2.20008  2.05  2.20008  0.44068  0.55932  
0.519286  0.480714  2.05  2.20008  2.05  2.20008  0.561182  0.438818  
0.445398  0.554602  2.05  2.20008  2.05  2.20008  0.458087  0.541913  
0.410184  0.589816  2.05  2.20008  2.05  2.20008  0.436307  0.563693  
0.462377  0.537623  2.05  2.20008  2.05  2.20008  0.500908  0.499092  
0.550278  0.449722  2.05  2.20008  2.05  2.20008  0.402052  0.597948  
0.414274  0.585726  2.05  2.20008  2.05  2.20008  0.583198  0.416802  
0.595923  0.404077  2.05  2.20008  2.05  2.20008  0.578813  0.421187  
0.561182  0.438818  2.05  2.20008  2.05  2.20008  0.486349  0.513651  
0.460246  0.539754  2.05  2.20008  2.05  2.20008  0.550278  0.449722  
1.12471e-07  1.20008  2.05  2.20008  2.05  2.20008  0.506894  0.493106  
0.449598  0.550402  2.05  2.20008  2.05  2.20008  0.524325  0.475675  
0.400001  0.599999  2.05  2.20008  2.05  2.20008  0.438497  0.561503  
0.502916  0.497084  2.05  2.20008  2.05  2.20008  0.518662  0.481338  
0.539719  0.460281  2.05  2.20008  2.05  2.20008  0.595923  0.404077  
0.510981  0.489019  2.05  2.20008  2.05  2.20008  0.541875  0.458125  
0.481969  0.518031  2.05  2.20008  2.05  2.20008  0.574322  0.425678  
0.565532  0.434468  2.05  2.20008  2.05  2.20008  0.59177  0.40823  
0.599999  0.400001  2.05  2.20008  2.05  2.20008  0.535843  0.464157  
0.418392  0.581608  2.05  2.20008  2.05  2.20008  0.468791  0.531209  
0.49062  0.50938  2.05  2.20008  2.05  2.20008  0.492721  0.507279  
0.4645  0.5355  2.05  2.20008  2.05  2.20008  0.460236  0.539764  
0.587534  0.412466  2.05  2.20008  2.05  2.20008  0.470941  0.529059  
0.513035  0.486965  2.05  2.20008  2.05  2.20008  0.45374  0.54626  
0.492721  0.507279  2.05  2.20008  2.05  2.20008  0.445032  0.554968  
0.59797  0.40203  2.05  2.20008  2.05  2.20008  0.546037  0.453963  
0.47531  0.52469  2.05  2.20008  2.05  2.20008  0.585374  0.414626  
0.470941  0.529059  2.05  2.20008  2.05  2.20008  0.581023  0.418977  
0.55246  0.44754  2.05  2.20008  2.05  2.20008  0.554635  0.445365  
0.546024  0.453976  2.05  2.20008  2.05  2.20008  0.55246  0.44754  
0.408163  0.591837  2.05  2.20008  2.05  2.20008  0.576552  0.423448  
0.424708  0.575292  2.05  2.20008  2.05  2.20008  0.455918  0.544082  
0.523477  0.476523  2.05  2.20008  2.05  2.20008  0.425225  0.574775  
1.04678  0.0046809  2.05  2.20008  2.05  2.20008  0.429676  0.570324  
0.529642  0.470358  2.05  2.20008  2.05  2.20008  0.447212  0.552788  
0.500908  0.499092  2.05  2.20008  2.05  2.20008  0.451563  0.548437  
0.531643  0.468357  2.05  2.20008  2.05  2.20008  0.526212  0.473788  
0.433074  0.566926  2.05  2.20008  2.05  2.20008  0.559004  0.440996  
0.484168  0.515832  2.05  2.20008  2.05  2.20008  0.55681  0.44319  
0.473108  0.526892  2.05  2.20008  2.05  2.20008  0.539852  0.460148  
0.42049  0.57951  2.05  2.20008  2.05  2.20008  0.569889  0.430111  
0.466651  0.533349  2.05  2.20008  2.05  2.20008  0.537804  0.462196  
0.576602  0.423398  2.05  2.20008  2.05  2.20008  0.427447  0.572553  
0.517177  0.482823  2.05  2.20008  2.05  2.20008  0.498888  0.501112  
0.589673  0.410327  2.05  2.20008  2.05  2.20008  0.589673  0.410327  
1.05  1.25596e-12  2.05  2.20008  2.05  2.20008  0.528095  0.471905  
0.159638  0.848609  2.05  2.20008  2.05  2.20008  0.531949  0.468051  
0.533634  0.466366  2.05  2.20008  2.05  2.20008  0.59797  0.40203  
0.548139  0.451861  2.05  2.20008  2.05  2.20008  0.418639  0.581361  
0.504931  0.495069  2.05  2.20008  2.05  2.20008  0.481969  0.518031  
0.479748  0.520252  2.05  2.20008  2.05  2.20008  0.508875  0.491125  
0.59177  0.40823  2.05  2.20008  2.05  2.20008  0.5049  0.4951  
0.515101  0.484899  2.05  2.20008  2.05  2.20008  0.543949  0.456051  
0.412234  0.587766  2.05  2.20008  2.05  2.20008  0.49479  0.50521  
0.585374  0.414626  2.05  2.20008  2.05  2.20008  0.477522  0.522478  
0.42681  0.57319  2.05  2.20008  2.05  2.20008  0.599999  0.400001  
0.578825  0.421175  2.05  2.20008  2.05  2.20008  0.466651  0.533349  
0.521398  0.478602  2.05  2.20008  2.05  2.20008  0.512847  0.487153  
0.453831  0.546169  2.05  2.20008  2.05  2.20008  0.4041  0.5959  
0.535652  0.464348  2.05  2.20008  2.05  2.20008  0.52055  0.47945  
0.402052  0.597948  2.05  2.20008  2.05  2.20008  0.410241  0.589759  
0.422592  0.577408  2.05  2.20008  2.05  2.20008  1.05  6.65751e-13  
0.572141  0.427859  2.05  2.20008  2.05  2.20008  0.416495  0.583505  
0.428919  0.571081  2.05  2.20008  2.05  2.20008  1.12471e-07  1.20008  
0.593849  0.406151  2.05  2.20008  2.05  2.20008  0.548139  0.451861  
0.559004  0.440996  2.05  2.20008  2.05  2.20008  0.593849  0.406151  
0.437172  0.562828  2.05  2.20008  2.05  2.20008  0.502916  0.497084  
0.477522  0.522478  2.05  2.20008  2.05  2.20008  0.434114  0.565886  
0.581023  0.418977  2.05  2.20008  2.05  2.20008  0.412331  0.587669  
0.554635  0.445365  2.05  2.20008  2.05  2.20008  0.587534  0.412466  
0.406122  0.593878  2.05  2.20008  2.05  2.20008  0.423022  0.576978  
0.55681  0.44319  2.05  2.20008  2.05  2.20008  0.510852  0.489148  
0.488481  0.511519  2.05  2.20008  2.05  2.20008  0.484168  0.515832  
0.527595  0.472405  2.05  2.20008  2.05  2.20008  0.420848  0.579152  
0.541798  0.458202  2.05  2.20008  2.05  2.20008  0.51673  0.48327  
0.567726  0.432274  2.05  2.20008  2.05  2.20008  0.533892  0.466108  
0.435125  0.564875  2.05  2.20008  2.05  2.20008  0.522428  0.477572  
0.574378  0.425622  2.05  2.20008  2.05  2.20008  0.563359  0.436641  
0.451715  0.548285  2.05  2.20008  2.05  2.20008  0.496847  0.503153  
0.498888  0.501112  2.05  2.20008  2.05  2.20008  0.462372  0.537628  
0.49479  0.50521  2.05  2.20008  2.05  2.20008  0.488481  0.511519  
0.569925  0.430075  2.05  2.20008  2.05  2.20008  1.04678  0.0046809  
0.443315  0.556685  2.05  2.20008  2.05  2.20008  0.406151  0.593849  
0.525526  0.474474  2.05  2.20008  2.05  2.20008  0.408196  0.591804  
0.496847  0.503153  2.05  2.20008  2.05  2.20008  0.47531  0.52469  
0.447487  0.552513  2.05  2.20008  2.05  2.20008  0.414411  0.585589  
0.543893  0.456107  2.05  2.20008  2.05  2.20008  0.479748  0.520252  
0.508941  0.491059  2.05  2.20008  2.05  2.20008  0.4319  0.5681  
0.537668  0.462332  2.05  2.20008  2.05  2.20008  0.44939  0.55061  
0.506952  0.493048  2.05  2.20008  2.05  2.20008  0.567703  0.432297  
0.431  0.569  2.05  2.20008  2.05  2.20008  0.572095  0.427905  
0.486311  0.513689  2.05  2.20008  2.05  2.20008  0.400001  0.599999  
0.455965  0.544035  2.05  2.20008  2.05  2.20008  0.490586  0.509414  
0.468791  0.531209  2.05  2.20008  2.05  2.20008  0.159603  0.848421  
0.45811  0.54189  2.05  2.20008  2.05  2.20008  0.464513  0.535487  
0.404079  0.595921  2.05  2.20008  2.05  2.20008  0.442852  0.557148  
0.563359  0.436641  2.05  2.20008  2.05  2.20008  0.514765  0.485235  
0.441242  0.558758  2.05  2.20008  2.05  2.20008  0.565523  0.434477  
0.41632  0.58368  2.05  2.20008  2.05  2.20008  0.530038  0.469962  
0.583198  0.416802  2.05  2.20008  2.05  2.20008  0.473122  0.526878  
0.439195  0.560805  2.05  2.20008  2.05  2.20008  0.44068  0.55932  
0.519297  0.480703  2.05  2.20008  2.05  2.20008  0.561182  0.438818  
0.445402  0.554598  2.05  2.20008  2.05  2.20008  0.458087  0.541913  
0.410189  0.589811  2.05  2.20008  2.05  2.20008  0.436307  0.563693  
0.462377  0.537623  2.05  2.20008  2.05  2.20008  0.500908  0.499092  
0.550336  0.449664  2.05  2.20008  2.05  2.20008  0.402052  0.597948  
0.414274  0.585726  2.05  2.20008  2.05  2.20008  0.583198  0.416802  
0.595897  0.404103  2.05  2.20008  2.05  2.20008  0.578786  0.421214  
0.561182  0.438818  2.05  2.20008  2.05  2.20008  0.486311  0.513689  
0.460246  0.539754  2.05  2.20008  2.05  2.20008  0.550335  0.449665  
1.12471e-07  1.20008  2.05  2.20008  2.05  2.20008  0.506894  0.493106  
0.449598  0.550402  2.05  2.20008  2.05  2.20008  0.524325  0.475675  
0.400001  0.599999  2.05  2.20008  2.05  2.20008  0.438497  0.561503  
0.502916  0.497084  2.05  2.20008  2.05  2.20008  0.518641  0.481359  
0.539773  0.460227  2.05  2.20008  2.05  2.20008  0.595897  0.404103  
0.510999  0.489001  2.05  2.20008  2.05  2.20008  0.541967  0.458033  
0.481965  0.518035  2.05  2.20008  2.05  2.20008  0.574322  0.425678  
0.565532  0.434468  2.05  2.20008  2.05  2.20008  0.591758  0.408242  
0.599999  0.400001  2.05  2.20008  2.05  2.20008  0.535872  0.464128  
0.418392  0.581608  2.05  2.20008  2.05  2.20008  0.468791  0.531209  
0.490586  0.509414  2.05  2.20008  2.05  2.20008  0.492699  0.507301  
0.464513  0.535487  2.05  2.20008  2.05  2.20008  0.460236  0.539764  
0.58752  0.41248  2.05  2.20008  2.05  2.20008  0.470941  0.529059  
0.513048  0.486952  2.05  2.20008  2.05  2.20008  0.45374  0.54626  
0.492699  0.507301  2.05  2.20008  2.05  2.20008  0.445032  0.554968  
0.59797  0.40203  2.05  2.20008  2.05  2.20008  0.546114  0.453886  
0.47531  0.52469  2.05  2.20008  2.05  2.20008  0.585374  0.414626  
0.470941  0.529059  2.05  2.20008  2.05  2.20008  0.580998  0.419002  
0.552478  0.447522  2.05  2.20008  2.05  2.20008  0.554635  0.445365  
0.546045  0.453955  2.05  2.20008  2.05  2.20008  0.552478  0.447522  
0.408163  0.591837  2.05  2.20008  2.05  2.20008  0.576552  0.423448  
0.424708  0.575292  2.05  2.20008  2.05  2.20008  0.455918  0.544082  
0.523472  0.476528  2.05  2.20008  2.05  2.20008  0.42523  0.57477  
1.04674  0.0046807  2.05  2.20008  2.05  2.20008  0.429676  0.570324  
0.529619  0.470381  2.05  2.20008  2.05  2.20008  0.447212  0.552788  
0.500908  0.499092  2.05  2.20008  2.05  2.20008  0.451563  0.548437  
0.531643  0.468357  2.05  2.20008  2.05  2.20008  0.526212  0.473788  
0.433063  0.566937  2.05  2.20008  2.05  2.20008  0.559004  0.440996  
0.484149  0.515851  2.05  2.20008  2.05  2.20008  0.556821  0.443179  
0.473122  0.526878  2.05  2.20008  2.05  2.20008  0.539874  0.460126  
0.42049  0.57951  2.05  2.20008  2.05  2.20008  0.569902  0.430098  
0.466651  0.533349  2.05  2.20008  2.05  2.20008  0.53785  0.46215  
0.576602  0.423398  2.05  2.20008  2.05  2.20008  0.427447  0.572553  
0.5172  0.4828  2.05  2.20008  2.05  2.20008  0.498876  0.501124  
0.589655  0.410345  2.05  2.20008  2.05  2.20008  0.589655  0.410345  
1.05  1.25596e-12  2.05  2.20008  2.05  2.20008  0.528136  0.471864  
0.159603  0.848421  2.05  2.20008  2.05  2.20008  0.531971  0.468029  
0.533641  0.466359  2.05  2.20008  2.05  2.20008  0.59797  0.40203  
0.548167  0.451833  2.05  2.20008  2.05  2.20008  0.418703  0.581297  
0.504931  0.495069  2.05  2.20008  2.05  2.20008  0.481965  0.518035  
0.479748  0.520252  2.05  2.20008  2.05  2.20008  0.508875  0.491125  
0.591758  0.408242  2.05  2.20008  2.05  2.20008  0.5049  0.4951  
0.515117  0.484883  2.05  2.20008  2.05  2.20008  0.54404  0.45596  
0.412234  0.587766  2.05  2.20008  2.05  2.20008  0.494767  0.505233  
0.585374  0.414626  2.05  2.20008  2.05  2.20008  0.477522  0.522478  
0.42681  0.57319  2.05  2.20008  2.05  2.20008  0.599999  0.400001  
0.578825  0.421175  2.05  2.20008  2.05  2.20008  0.466651  0.533349  
0.521398  0.478602  2.05  2.20008  2.05  2.20008  0.512806  0.487194  
0.453831  0.546169  2.05  2.20008  2.05  2.20008  0.4041  0.5959  
0.535664  0.464336  2.05  2.20008  2.05  2.20008  0.52055  0.47945  
0.402049  0.597951  2.05  2.20008  2.05  2.20008  0.410268  0.589732  
0.422592  0.577408  2.05  2.20008  2.05  2.20008  1.05  6.65751e-13  
0.572148  0.427852  2.05  2.20008  2.05  2.20008  0.416565  0.583435  
0.428919  0.571081  2.05  2.20008  2.05  2.20008  1.12471e-07  1.20008  
0.593849  0.406151  2.05  2.20008  2.05  2.20008  0.548216  0.451784  
0.559004  0.440996  2.05  2.20008  2.05  2.20008  0.593849  0.406151  
0.437166  0.562834  2.05  2.20008  2.05  2.20008  0.502916  0.497084  
0.477522  0.522478  2.05  2.20008  2.05  2.20008  0.434114  0.565886  
0.58102  0.41898  2.05  2.20008  2.05  2.20008  0.412331  0.587669  
0.554635  0.445365  2.05  2.20008  2.05  2.20008  0.58752  0.41248  
0.406122  0.593878  2.05  2.20008  2.05  2.20008  0.423046  0.576954  
0.556821  0.443179  2.05  2.20008  2.05  2.20008  0.510852  0.489148  
0.488481  0.511519  2.05  2.20008  2.05  2.20008  0.484149  0.515851  
0.527585  0.472415  2.05  2.20008  2.05  2.20008  0.420848  0.579152  
0.541842  0.458158  2.05  2.20008  2.05  2.20008  0.516706  0.483294  
0.567726  0.432274  2.05  2.20008  2.05  2.20008  0.533923  0.466077  
0.435115  0.564885  2.05  2.20008  2.05  2.20008  0.522446  0.477554  
0.574378  0.425622  2.05  2.20008  2.05  2.20008  0.563359  0.436641  
0.451715  0.548285  2.05  2.20008  2.05  2.20008  0.496825  0.503175  
0.498876  0.501124  2.05  2.20008  2.05  2.20008  0.462372  0.537628  
0.494767  0.505233  2.05  2.20008  2.05  2.20008  0.488481  0.511519  
0.569943  0.430057  2.05  2.20008  2.05  2.20008  1.04674  0.0046807  
0.443315  0.556685  2.05  2.20008  2.05  2.20008  0.406151  0.593849  
0.525539  0.474461  2.05  2.20008  2.05  2.20008  0.408196  0.591804  
0.496825  0.503175  2.05  2.20008  2.05  2.20008  0.47531  0.52469  
0.447502  0.552498  2.05  2.20008  2.05  2.20008  0.414427  0.585573  
0.543943  0.456057  2.05  2.20008  2.05  2.20008  0.479748  0.520252  
0.508976  0.491024  2.05  2.20008  2.05  2.20008  0.4319  0.5681  
0.537703  0.462297  2.05  2.20008  2.05  2.20008  0.44939  0.55061  
0.506952  0.493048  2.05  2.20008  2.05  2.20008  0.567703  0.432297  
0.431  0.569  2.05  2.20008  2.05  2.20008  0.572118  0.427882  
0.486278  0.513722  2.05  2.20008  2.05  2.20008  0.400001  0.599999  
0.455965  0.544035  2.05  2.20008  2.05  2.20008  0.49057  0.50943  
0.468791  0.531209  2.05  2.20008  2.05  2.20008  0.159577  0.848282  
0.45811  0.54189  2.05  2.20008  2.05  2.20008  0.464513  0.535487  
0.404079  0.595921  2.05  2.20008  2.05  2.20008  0.442852  0.557148  
0.563359  0.436641  2.05  2.20008  2.05  2.20008  0.51475  0.48525  
0.441263  0.558737  2.05  2.20008  2.05  2.20008  0.565538  0.434462  
0.41632  0.58368  2.05  2.20008  2.05  2.20008  0.530076  0.469924  
0.583166  0.416834  2.05  2.20008  2.05  2.20008  0.473122  0.526878  
0.439207  0.560793  2.05  2.20008  2.05  2.20008  0.44068  0.55932  
0.519297  0.480703  2.05  2.20008  2.05  2.20008  0.561182  0.438818  
0.445413  0.554587  2.05  2.20008  2.05  2.20008  0.458087  0.541913  
0.410189  0.589811  2.05  2.20008  2.05  2.20008  0.436307  0.563693  
0.462377  0.537623  2.05  2.20008  2.05  2.20008  0.500908  0.499092  
0.550336  0.449664  2.05  2.20008  2.05  2.20008  0.402052  0.597948  
0.414274  0.585726  2.05  2.20008  2.05  2.20008  0.583166  0.416834  
0.595879  0.404121  2.05  2.20008  2.05  2.20008  0.578786  0.421214  
0.561182  0.438818  2.05  2.20008  2.05  2.20008  0.486278  0.513722  
0.460246  0.539754  2.05  2.20008  2.05  2.20008  0.550362  0.449638  
1.12471e-07  1.20008  2.05  2.20008  2.05  2.20008  0.506894  0.493106  
0.449617  0.550383  2.05  2.20008  2.05  2.20008  0.524328  0.475672  
0.400001  0.599999  2.05  2.20008  2.05  2.20008  0.438497  0.561503  
0.502916  0.497084  2.05  2.20008  2.05  2.20008  0.518634  0.481366  
0.539781  0.460219  2.05  2.20008  2.05  2.20008  0.595879  0.404121  
0.511004  0.488996  2.05  2.20008  2.05  2.20008  0.541986  0.458014  
0.481939  0.518061  2.05  2.20008  2.05  2.20008  0.574334  0.425666  
0.565532  0.434468  2.05  2.20008  2.05  2.20008  0.591725  0.408275  
0.599999  0.400001  2.05  2.20008  2.05  2.20008  0.535926  0.464074  
0.418392  0.581608  2.05  2.20008  2.05  2.20008  0.468791  0.531209  
0.49057  0.50943  2.05  2.20008  2.05  2.20008  0.492663  0.507337  
0.464513  0.535487  2.05  2.20008  2.05  2.20008  0.460236  0.539764  
0.587501  0.412499  2.05  2.20008  2.05  2.20008  0.470941  0.529059  
0.513048  0.486952  2.05  2.20008  2.05  2.20008  0.45374  0.54626  
0.492663  0.507337  2.05  2.20008  2.05  2.20008  0.445032  0.554968  
0.597942  0.402058  2.05  2.20008  2.05  2.20008  0.546135  0.453865  
0.475325  0.524675  2.05  2.20008  2.05  2.20008  0.585333  0.414667  
0.470941  0.529059  2.05  2.20008  2.05  2.20008  0.580994  0.419006  
0.552497  0.447503  2.05  2.20008  2.05  2.20008  0.554651  0.445349  
0.546055  0.453945  2.05  2.20008  2.05  2.20008  0.552497  0.447503  
0.408163  0.591837  2.05  2.20008  2.05  2.20008  0.576552  0.423448  
0.424708  0.575292  2.05  2.20008  2.05  2.20008  0.455918  0.544082  
0.523457  0.476543  2.05  2.20008  2.05  2.20008  0.425249  0.574751  
1.04674  0.0046807  2.05  2.20008  2.05  2.20008  0.429676  0.570324  
0.529619  0.470381  2.05  2.20008  2.05  2.20008  0.447212  0.552788  
0.500908  0.499092  2.05  2.20008  2.05  2.20008  0.451563  0.548437  
0.531643  0.468357  2.05  2.20008  2.05  2.20008  0.526241  0.473759  
0.433063  0.566937  2.05  2.20008  2.05  2.20008  0.559004  0.440996  
0.484106  0.515894  2.05  2.20008  2.05  2.20008  0.556821  0.443179  
0.473122  0.526878  2.05  2.20008  2.05  2.20008  0.539969  0.460031  
0.42049  0.57951  2.05  2.20008  2.05  2.20008  0.569902  0.430098  
0.466651  0.533349  2.05  2.20008  2.05  2.20008  0.537918  0.462082  
0.576593  0.423407  2.05  2.20008  2.05  2.20008  0.427447  0.572553  
0.5172  0.4828  2.05  2.20008  2.05  2.20008  0.498876  0.501124  
0.589623  0.410377  2.05  2.20008  2.05  2.20008  0.589623  0.410377  
1.05  1.25596e-12  2.05  2.20008  2.05  2.20008  0.528158  0.471842  
0.159577  0.848282  2.05  2.20008  2.05  2.20008  0.532004  0.467996  
0.533659  0.466341  2.05  2.20008  2.05  2.20008  0.597942  0.402058  
0.54818  0.45182  2.05  2.20008  2.05  2.20008  0.418731  0.581269  
0.504931  0.495069  2.05  2.20008  2.05  2.20008  0.481939  0.518061  
0.47974  0.52026  2.05  2.20008  2.05  2.20008  0.508875  0.491125  
0.591725  0.408275  2.05  2.20008  2.05  2.20008  0.5049  0.4951  
0.515117  0.484883  2.05  2.20008  2.05  2.20008  0.54405  0.45595  
0.412234  0.587766  2.05  2.20008  2.05  2.20008  0.494744  0.505256  
0.585333  0.414667  2.05  2.20008  2.05  2.20008  0.477522  0.522478  
0.42681  0.57319  2.05  2.20008  2.05  2.20008  0.599999  0.400001  
0.578796  0.421204  2.05  2.20008  2.05  2.20008  0.466651  0.533349  
0.521393  0.478607  2.05  2.20008  2.05  2.20008  0.512806  0.487194  
0.453831  0.546169  2.05  2.20008  2.05  2.20008  0.4041  0.5959  
0.535691  0.464309  2.05  2.20008  2.05  2.20008  0.52055  0.47945  
0.402049  0.597951  2.05  2.20008  2.05  2.20008  0.410268  0.589732  
0.422592  0.577408  2.05  2.20008  2.05  2.20008  1.05  6.65751e-13  
0.572162  0.427838  2.05  2.20008  2.05  2.20008  0.416594  0.583406  
0.428917  0.571083  2.05  2.20008  2.05  2.20008  1.12471e-07  1.20008  
0.593813  0.406187  2.05  2.20008  2.05  2.20008  0.548243  0.451757  
0.559004  0.440996  2.05  2.20008  2.05  2.20008  0.593813  0.406187  
0.437166  0.562834  2.05  2.20008  2.05  2.20008  0.502904  0.497096  
0.477522  0.522478  2.05  2.20008  2.05  2.20008  0.434101  0.565899  
0.580994  0.419006  2.05  2.20008  2.05  2.20008  0.412349  0.587651  
0.554651  0.445349  2.05  2.20008  2.05  2.20008  0.587501  0.412499  
0.406122  0.593878  2.05  2.20008  2.05  2.20008  0.423061  0.576939  
0.556821  0.443179  2.05  2.20008  2.05  2.20008  0.510844  0.489156  
0.488435  0.511565  2.05  2.20008  2.05  2.20008  0.484106  0.515894  
0.527585  0.472415  2.05  2.20008  2.05  2.20008  0.420884  0.579116  
0.541862  0.458138  2.05  2.20008  2.05  2.20008  0.516697  0.483303  
0.567726  0.432274  2.05  2.20008  2.05  2.20008  0.533945  0.466055  
0.435115  0.564885  2.05  2.20008  2.05  2.20008  0.522446  0.477554  
0.574378  0.425622  2.05  2.20008  2.05  2.20008  0.563359  0.436641  
0.451715  0.548285  2.05  2.20008  2.05  2.20008  0.496813  0.503187  
0.498876  0.501124  2.05  2.20008  2.05  2.20008  0.462372  0.537628  
0.494744  0.505256  2.05  2.20008  2.05  2.20008  0.488435  0.511565  
0.569943  0.430057  2.05  2.20008  2.05  2.20008  1.04674  0.0046807  
0.443326  0.556674  2.05  2.20008  2.05  2.20008  0.406151  0.593849  
0.525529  0.474471  2.05  2.20008  2.05  2.20008  0.408196  0.591804  
0.496813  0.503187  2.05  2.20008  2.05  2.20008  0.475325  0.524675  
0.447502  0.552498  2.05  2.20008  2.05  2.20008  0.414465  0.585535  
0.543943  0.456057  2.05  2.20008  2.05  2.20008  0.47974  0.52026  
0.508976  0.491024  2.05  2.20008  2.05  2.20008  0.431885  0.568115  
0.537726  0.462274  2.05  2.20008  2.05  2.20008  0.44939  0.55061  
0.506952  0.493048  2.05  2.20008  2.05  2.20008  0.567724  0.432276  
0.430982  0.569018  2.05  2.20008  2.05  2.20008  0.572118  0.427882  
0.486278  0.513722  2.05  2.20008  2.05  2.20008  0.400001  0.599999  
0.455965  0.544035  2.05  2.20008  2.05  2.20008  0.490539  0.509461  
0.468822  0.531178  2.05  2.20008  2.05  2.20008  0.159539  0.848081  
0.45811  0.54189  2.05  2.20008  2.05  2.20008  0.464513  0.535487  
0.404079  0.595921  2.05  2.20008  2.05  2.20008  0.442852  0.557148  
0.563359  0.436641  2.05  2.20008  2.05  2.20008  0.51475  0.48525  
0.441263  0.558737  2.05  2.20008  2.05  2.20008  0.565538  0.434462  
0.41632  0.58368  2.05  2.20008  2.05  2.20008  0.530101  0.469899  
0.583166  0.416834  2.05  2.20008  2.05  2.20008  0.473138  0.526862  
0.439207  0.560793  2.05  2.20008  2.05  2.20008  0.44068  0.55932  
0.519297  0.480703  2.05  2.20008  2.05  2.20008  0.561182  0.438818  
0.445413  0.554587  2.05  2.20008  2.05  2.20008  0.458087  0.541913  
0.410197  0.589803  2.05  2.20008  2.05  2.20008  0.436307  0.563693  
0.462377  0.537623  2.05  2.20008  2.05  2.20008  0.500891  0.499109  
0.550336  0.449664  2.05  2.20008  2.05  2.20008  0.402052  0.597948  
0.414274  0.585726  2.05  2.20008  2.05  2.20008  0.583166  0.416834  
0.595879  0.404121  2.05  2.20008  2.05  2.20008  0.578751  0.421249  
0.561182  0.438818  2.05  2.20008  2.05  2.20008  0.486278  0.513722  
0.460246  0.539754  2.05  2.20008  2.05  2.20008  0.550367  0.449633  
1.12471e-07  1.20008  2.05  2.20008  2.05  2.20008  0.506894  0.493106  
0.449617  0.550383  2.05  2.20008  2.05  2.20008  0.524346  0.475654  
0.400001  0.599999  2.05  2.20008  2.05  2.20008  0.438497  0.561503  
0.502916  0.497084  2.05  2.20008  2.05  2.20008  0.518628  0.481372  
0.539805  0.460195  2.05  2.20008  2.05  2.20008  0.595879  0.404121  
0.511004  0.488996  2.05  2.20008  2.05  2.20008  0.54203  0.45797  
0.481939  0.518061  2.05  2.20008  2.05  2.20008  0.574334  0.425666  
0.565543  0.434457  2.05  2.20008  2.05  2.20008  0.591696  0.408304  
0.599999  0.400001  2.05  2.20008  2.05  2.20008  0.535989  0.464011  
0.418392  0.581608  2.05  2.20008  2.05  2.20008  0.468822  0.531178  
0.490539  0.509461  2.05  2.20008  2.05  2.20008  0.492663  0.507337  
0.464513  0.535487  2.05  2.20008  2.05  2.20008  0.460236  0.539764  
0.58747  0.41253  2.05  2.20008  2.05  2.20008  0.470968  0.529032  
0.513051  0.486949  2.05  2.20008  2.05  2.20008  0.45374  0.54626  
0.492663  0.507337  2.05  2.20008  2.05  2.20008  0.445032  0.554968  
0.597942  0.402058  2.05  2.20008  2.05  2.20008  0.546176  0.453824  
0.475325  0.524675  2.05  2.20008  2.05  2.20008  0.585333  0.414667  
0.470968  0.529032  2.05  2.20008  2.05  2.20008  0.580961  0.419039  
0.552497  0.447503  2.05  2.20008  2.05  2.20008  0.554658  0.445342  
0.546084  0.453916  2.05  2.20008  2.05  2.20008  0.552497  0.447503  
0.408163  0.591837  2.05  2.20008  2.05  2.20008  0.576552  0.423448  
0.424708  0.575292  2.05  2.20008  2.05  2.20008  0.455913  0.544087  
0.523457  0.476543  2.05  2.20008  2.05  2.20008  0.425253  0.574747  
1.04674  0.0046807  2.05  2.20008  2.05  2.20008  0.429676  0.570324  
0.529619  0.470381  2.05  2.20008  2.05  2.20008  0.447212  0.552788  
0.500891  0.499109  2.05  2.20008  2.05  2.20008  0.451563  0.548437  
0.531643  0.468357  2.05  2.20008  2.05  2.20008  0.526241  0.473759  
0.433043  0.566957  2.05  2.20008  2.05  2.20008  0.559004  0.440996  
0.484106  0.515894  2.05  2.20008  2.05  2.20008  0.556821  0.443179  
0.473138  0.526862  2.05  2.20008  2.05  2.20008  0.540013  0.459987  
0.42049  0.57951  2.05  2.20008  2.05  2.20008  0.569928  0.430072  
0.466672  0.533328  2.05  2.20008  2.05  2.20008  0.537999  0.462001  
0.576593  0.423407  2.05  2.20008  2.05  2.20008  0.427466  0.572534  
0.5172  0.4828  2.05  2.20008  2.05  2.20008  0.498861  0.501139  
0.589595  0.410405  2.05  2.20008  2.05  2.20008  0.589595  0.410405  
1.05  1.25596e-12  2.05  2.20008  2.05  2.20008  0.528158  0.471842  
0.159539  0.848081  2.05  2.20008  2.05  2.20008  0.53205  0.46795  
0.533659  0.466341  2.05  2.20008  2.05  2.20008  0.597942  0.402058  
0.548212  0.451788  2.05  2.20008  2.05  2.20008  0.418731  0.581269  
0.504931  0.495069  2.05  2.20008  2.05  2.20008  0.481939  0.518061  
0.47974  0.52026  2.05  2.20008  2.05  2.20008  0.508875  0.491125  
0.591696  0.408304  2.05  2.20008  2.05  2.20008  0.5049  0.4951  
0.515117  0.484883  2.05  2.20008  2.05  2.20008  0.544087  0.455913  
0.412234  0.587766  2.05  2.20008  2.05  2.20008  0.494744  0.505256  
0.585333  0.414667  2.05  2.20008  2.05  2.20008  0.477522  0.522478  
0.426811  0.573189  2.05  2.20008  2.05  2.20008  0.599999  0.400001  
0.578796  0.421204  2.05  2.20008  2.05  2.20008  0.466672  0.533328  
0.521374  0.478626  2.05  2.20008  2.05  2.20008  0.512806  0.487194  
0.453839  0.546161  2.05  2.20008  2.05  2.20008  0.4041  0.5959  
0.535691  0.464309  2.05  2.20008  2.05  2.20008  0.52055  0.47945  
0.402049  0.597951  2.05  2.20008  2.05  2.20008  0.410268  0.589732  
0.422592  0.577408  2.05  2.20008  2.05  2.20008  1.05  6.65751e-13  
0.572162  0.427838  2.05  2.20008  2.05  2.20008  0.416594  0.583406  
0.428905  0.571095  2.05  2.20008  2.05  2.20008  1.12471e-07  1.20008  
0.593797  0.406203  2.05  2.20008  2.05  2.20008  0.548265  0.451735  
0.559004  0.440996  2.05  2.20008  2.05  2.20008  0.593797  0.406203  
0.437166  0.562834  2.05  2.20008  2.05  2.20008  0.502904  0.497096  
0.477522  0.522478  2.05  2.20008  2.05  2.20008  0.434101  0.565899  
0.580994  0.419006  2.05  2.20008  2.05  2.20008  0.412355  0.587645  
0.554658  0.445342  2.05  2.20008  2.05  2.20008  0.58747  0.41253  
0.406122  0.593878  2.05  2.20008  2.05  2.20008  0.423061  0.576939  
0.556821  0.443179  2.05  2.20008  2.05  2.20008  0.510844  0.489156  
0.488418  0.511582  2.05  2.20008  2.05  2.20008  0.484106  0.515894  
0.527585  0.472415  2.05  2.20008  2.05  2.20008  0.420884  0.579116  
0.54189  0.45811  2.05  2.20008  2.05  2.20008  0.516685  0.483315  
0.567735  0.432265  2.05  2.20008  2.05  2.20008  0.534033  0.465967  
0.435115  0.564885  2.05  2.20008  2.05  2.20008  0.522446  0.477554  
0.574378  0.425622  2.05  2.20008  2.05  2.20008  0.563359  0.436641  
0.451733  0.548267  2.05  2.20008  2.05  2.20008  0.496813  0.503187  
0.498861  0.501139  2.05  2.20008  2.05  2.20008  0.462372  0.537628  
0.494744  0.505256  2.05  2.20008  2.05  2.20008  0.488418  0.511582  
0.569943  0.430057  2.05  2.20008  2.05  2.20008  1.04674  0.0046807  
0.443326  0.556674  2.05  2.20008  2.05  2.20008  0.406151  0.593849  
0.525529  0.474471  2.05  2.20008  2.05  2.20008  0.408202  0.591798  
0.496813  0.503187  2.05  2.20008  2.05  2.20008  0.475325  0.524675  
0.447502  0.552498  2.05  2.20008  2.05  2.20008  0.414465  0.585535  
0.543961  0.456039  2.05  2.20008  2.05  2.20008  0.47974  0.52026  
0.508976  0.491024  2.05  2.20008  2.05  2.20008  0.431885  0.568115  
0.537744  0.462256  2.05  2.20008  2.05  2.20008  0.44939  0.55061  
