6.64066  6.95871  12.7632  12.5943  1.79769e+308  1.79769e+308  6.64066  6.95871  
9.22848  5.0753  12.7632  12.5943  1.79769e+308  1.79769e+308  9.22848  5.0753  
10.071  8.25763  12.7632  12.5943  1.79769e+308  1.79769e+308  10.071  8.25763  
7.82706  11.5437  12.7632  12.5943  1.79769e+308  1.79769e+308  7.82706  11.5437  
10.3276  7.72472  12.7632  12.5943  1.79769e+308  1.79769e+308  10.3276  7.72472  
6.49286  5.98333  12.7632  12.5943  1.79769e+308  1.79769e+308  6.49286  5.98333  
5.63826  5.39015  12.7632  12.5943  1.79769e+308  1.79769e+308  5.63826  5.39015  
6.14263  7.01013  12.7632  12.5943  1.79769e+308  1.79769e+308  6.14263  7.01013  
10.9717  6.95104  12.7632  12.5943  1.79769e+308  1.79769e+308  10.9717  6.95104  
11.365  6.14474  12.7632  12.5943  1.79769e+308  1.79769e+308  11.365  6.14474  
7.10595  8.38265  12.7632  12.5943  1.79769e+308  1.79769e+308  7.10595  8.38265  
5.30594  8.28346  12.7632  12.5943  1.79769e+308  1.79769e+308  5.30594  8.28346  
11.7632  6.39109  12.7632  12.5943  1.79769e+308  1.79769e+308  11.7632  6.39109  
9.51872  9.59974  12.7632  12.5943  1.79769e+308  1.79769e+308  9.51872  9.59974  
4.94845  10.6397  12.7632  12.5943  1.79769e+308  1.79769e+308  4.94845  10.6397  
6.8055  7.73559  12.7632  12.5943  1.79769e+308  1.79769e+308  6.8055  7.73559  
7.30602  5.88827  12.7632  12.5943  1.79769e+308  1.79769e+308  7.30602  5.88827  
7.76793  8.55007  12.7632  12.5943  1.79769e+308  1.79769e+308  7.76793  8.55007  
8.4311  7.12405  12.7632  12.5943  1.79769e+308  1.79769e+308  8.4311  7.12405  
6.99833  7.47447  12.7632  12.5943  1.79769e+308  1.79769e+308  6.99833  7.47447  
8.19756  4.48561  12.7632  12.5943  1.79769e+308  1.79769e+308  8.19756  4.48561  
5.54529  9.50642  12.7632  12.5943  1.79769e+308  1.79769e+308  5.54529  9.50642  
9.96641  8.91484  12.7632  12.5943  1.79769e+308  1.79769e+308  9.96641  8.91484  
6.0848  9.11396  12.7632  12.5943  1.79769e+308  1.79769e+308  6.0848  9.11396  
9.52222  5.78707  12.7632  12.5943  1.79769e+308  1.79769e+308  9.52222  5.78707  
6.66272  9.27792  12.7632  12.5943  1.79769e+308  1.79769e+308  6.66272  9.27792  
9.8728  8.65961  12.7632  12.5943  1.79769e+308  1.79769e+308  9.8728  8.65961  
8.18821  9.66227  12.7632  12.5943  1.79769e+308  1.79769e+308  8.18821  9.66227  
4.82043  9.76438  12.7632  12.5943  1.79769e+308  1.79769e+308  4.82043  9.76438  
6.32427  5.81599  12.7632  12.5943  1.79769e+308  1.79769e+308  6.32427  5.81599  
7.3252  6.12204  12.7632  12.5943  1.79769e+308  1.79769e+308  7.3252  6.12204  
4.64914  9.32281  12.7632  12.5943  1.79769e+308  1.79769e+308  4.64914  9.32281  
9.0012  6.74638  12.7632  12.5943  1.79769e+308  1.79769e+308  9.0012  6.74638  
6.6751  8.81391  12.7632  12.5943  1.79769e+308  1.79769e+308  6.6751  8.81391  
5.63886  11.5943  12.7632  12.5943  1.79769e+308  1.79769e+308  5.63886  11.5943  
6.52667  8.34733  12.7632  12.5943  1.79769e+308  1.79769e+308  6.52667  8.34733  
6.97294  6.79011  12.7632  12.5943  1.79769e+308  1.79769e+308  6.97294  6.79011  
8.3309  6.03399  12.7632  12.5943  1.79769e+308  1.79769e+308  8.3309  6.03399  
7.579  7.39972  12.7632  12.5943  1.79769e+308  1.79769e+308  7.579  7.39972  
5.74178  6.55809  12.7632  12.5943  1.79769e+308  1.79769e+308  5.74178  6.55809  
7.36966  8.18236  12.7632  12.5943  1.79769e+308  1.79769e+308  7.36966  8.18236  
10.6106  8.01047  12.7632  12.5943  1.79769e+308  1.79769e+308  10.6106  8.01047  
6.55204  6.10245  12.7632  12.5943  1.79769e+308  1.79769e+308  6.55204  6.10245  
11.0919  4.41287  12.7632  12.5943  1.79769e+308  1.79769e+308  11.0919  4.41287  
8.42804  7.92559  12.7632  12.5943  1.79769e+308  1.79769e+308  8.42804  7.92559  
8.13738  9.99292  12.7632  12.5943  1.79769e+308  1.79769e+308  8.13738  9.99292  
6.30061  6.48452  12.7632  12.5943  1.79769e+308  1.79769e+308  6.30061  6.48452  
10.4852  7.48657  12.7632  12.5943  1.79769e+308  1.79769e+308  10.4852  7.48657  
7.28092  6.52149  12.7632  12.5943  1.79769e+308  1.79769e+308  7.28092  6.52149  
7.48179  4.8772  12.7632  12.5943  1.79769e+308  1.79769e+308  7.48179  4.8772  
6.84935  10.284  12.7632  12.5943  1.79769e+308  1.79769e+308  6.84935  10.284  
6.88442  6.71725  12.7632  12.5943  1.79769e+308  1.79769e+308  6.88442  6.71725  
7.95978  9.25805  12.7632  12.5943  1.79769e+308  1.79769e+308  7.95978  9.25805  
6.97  7.02555  12.7632  12.5943  1.79769e+308  1.79769e+308  6.97  7.02555  
7.69617  7.45851  12.7632  12.5943  1.79769e+308  1.79769e+308  7.69617  7.45851  
9.84529  5.07869  12.7632  12.5943  1.79769e+308  1.79769e+308  9.84529  5.07869  
5.30228  6.63281  12.7632  12.5943  1.79769e+308  1.79769e+308  5.30228  6.63281  
11.6785  6.04154  12.7632  12.5943  1.79769e+308  1.79769e+308  11.6785  6.04154  
4.43289  6.77429  12.7632  12.5943  1.79769e+308  1.79769e+308  4.43289  6.77429  
8.72094  6.4976  12.7632  12.5943  1.79769e+308  1.79769e+308  8.72094  6.4976  
9.38  8.77826  12.7632  12.5943  1.79769e+308  1.79769e+308  9.38  8.77826  
10.6429  7.15944  12.7632  12.5943  1.79769e+308  1.79769e+308  10.6429  7.15944  
10.3332  10.6975  12.7632  12.5943  1.79769e+308  1.79769e+308  10.3332  10.6975  
6.25034  7.31661  12.7632  12.5943  1.79769e+308  1.79769e+308  6.25034  7.31661  
6.26053  9.01338  12.7632  12.5943  1.79769e+308  1.79769e+308  6.26053  9.01338  
7.85817  7.92909  12.7632  12.5943  1.79769e+308  1.79769e+308  7.85817  7.92909  
6.86667  9.10263  12.7632  12.5943  1.79769e+308  1.79769e+308  6.86667  9.10263  
7.51893  7.4362  12.7632  12.5943  1.79769e+308  1.79769e+308  7.51893  7.4362  
9.39785  6.45142  12.7632  12.5943  1.79769e+308  1.79769e+308  9.39785  6.45142  
7.8677  7.65076  12.7632  12.5943  1.79769e+308  1.79769e+308  7.8677  7.65076  
5.83421  5.6712  12.7632  12.5943  1.79769e+308  1.79769e+308  5.83421  5.6712  
6.77557  8.87568  12.7632  12.5943  1.79769e+308  1.79769e+308  6.77557  8.87568  
8.19872  7.22297  12.7632  12.5943  1.79769e+308  1.79769e+308  8.19872  7.22297  
9.98911  5.51846  12.7632  12.5943  1.79769e+308  1.79769e+308  9.98911  5.51846  
3.69811  9.70458  12.7632  12.5943  1.79769e+308  1.79769e+308  3.69811  9.70458  
6.76141  6.0343  12.7632  12.5943  1.79769e+308  1.79769e+308  6.76141  6.0343  
5.56988  10.1891  12.7632  12.5943  1.79769e+308  1.79769e+308  5.56988  10.1891  
9.58579  6.18854  12.7632  12.5943  1.79769e+308  1.79769e+308  9.58579  6.18854  
8.41781  8.94147  12.7632  12.5943  1.79769e+308  1.79769e+308  8.41781  8.94147  
11.4311  9.7251  12.7632  12.5943  1.79769e+308  1.79769e+308  11.4311  9.7251  
8.47165  8.35194  12.7632  12.5943  1.79769e+308  1.79769e+308  8.47165  8.35194  
6.17921  5.9678  12.7632  12.5943  1.79769e+308  1.79769e+308  6.17921  5.9678  
7.96114  7.46566  12.7632  12.5943  1.79769e+308  1.79769e+308  7.96114  7.46566  
5.61119  9.87412  12.7632  12.5943  1.79769e+308  1.79769e+308  5.61119  9.87412  
8.07325  8.90317  12.7632  12.5943  1.79769e+308  1.79769e+308  8.07325  8.90317  
8.53137  8.23608  12.7632  12.5943  1.79769e+308  1.79769e+308  8.53137  8.23608  
10.1537  6.30669  12.7632  12.5943  1.79769e+308  1.79769e+308  10.1537  6.30669  
8.71971  9.73429  12.7632  12.5943  1.79769e+308  1.79769e+308  8.71971  9.73429  
10.0293  6.79384  12.7632  12.5943  1.79769e+308  1.79769e+308  10.0293  6.79384  
8.07891  8.75785  12.7632  12.5943  1.79769e+308  1.79769e+308  8.07891  8.75785  
8.10599  3.2814  12.7632  12.5943  1.79769e+308  1.79769e+308  8.10599  3.2814  
7.14523  7.28222  12.7632  12.5943  1.79769e+308  1.79769e+308  7.14523  7.28222  
7.40015  9.68343  12.7632  12.5943  1.79769e+308  1.79769e+308  7.40015  9.68343  
9.42293  6.28992  12.7632  12.5943  1.79769e+308  1.79769e+308  9.42293  6.28992  
9.79626  7.89908  12.7632  12.5943  1.79769e+308  1.79769e+308  9.79626  7.89908  
9.01603  8.50229  12.7632  12.5943  1.79769e+308  1.79769e+308  9.01603  8.50229  
10.2347  6.35208  12.7632  12.5943  1.79769e+308  1.79769e+308  10.2347  6.35208  
4.75053  6.60237  12.7632  12.5943  1.79769e+308  1.79769e+308  4.75053  6.60237  
9.86781  8.88391  12.7632  12.5943  1.79769e+308  1.79769e+308  9.86781  8.88391  
5.24934  10.7326  12.7632  12.5943  1.79769e+308  1.79769e+308  5.24934  10.7326  
4.14031  2.10963  15.2495  14.2354  11.429  8.73559  4.16044  6.72112  
0.849987  1.41547  15.2495  14.2354  11.429  8.73559  9.70382  6.0875  
0.849987  1.41359  15.2495  14.2354  11.429  8.73559  8.58671  3.74919  
1.14021  0.294771  15.2495  14.2354  11.429  8.73559  10.5668  9.0558  
8.4311  7.12405  15.2495  14.2354  11.429  8.73559  5.58898  1.60953  
4.14031  2.10963  15.2495  14.2354  11.429  8.73559  8.08235  6.78194  
4.14064  2.10963  15.2495  14.2354  11.429  8.73559  7.04666  4.7122  
8.43111  3.48025  15.2495  14.2354  11.429  8.73559  11.0806  5.04374  
4.10088  0.977189  15.2495  14.2354  11.429  8.73559  7.13901  2.50273  
6.97  7.02555  15.2495  14.2354  11.429  8.73559  7.63453  6.76012  
0.613055  1.10492  15.2495  14.2354  11.429  8.73559  4.16758  4.72106  
4.10088  0.977189  15.2495  14.2354  11.429  8.73559  6.23276  5.80209  
9.52222  5.78707  15.2495  14.2354  11.429  8.73559  5.87202  4.8368  
4.10088  0.977189  15.2495  14.2354  11.429  8.73559  6.83727  6.35878  
6.8055  7.73559  15.2495  14.2354  11.429  8.73559  10.6884  9.59365  
6.8055  7.73559  15.2495  14.2354  11.429  8.73559  4.41229  5.12508  
0.0577851  1.894  15.2495  14.2354  11.429  8.73559  4.51117  3.86169  
0.0577872  2.26738  15.2495  14.2354  11.429  8.73559  4.54885  2.31618  
8.4311  7.12405  15.2495  14.2354  11.429  8.73559  10.1912  4.3282  
0.971183  0.119054  15.2495  14.2354  11.429  8.73559  10.7432  10.9833  
1.14021  0.294771  15.2495  14.2354  11.429  8.73559  1.59456  6.39405  
0.849987  1.41547  15.2495  14.2354  11.429  8.73559  1.43231  8.21081  
6.97  7.02555  15.2495  14.2354  11.429  8.73559  2.66469  7.34471  
0.0577851  1.894  15.2495  14.2354  11.429  8.73559  6.67002  1.07202  
9.52222  5.78707  15.2495  14.2354  11.429  8.73559  3.49851  3.73766  
0.971183  0.119056  15.2495  14.2354  11.429  8.73559  5.28662  2.20029  
0.920955  0.2833  15.2495  14.2354  11.429  8.73559  11.8895  6.98576  
1.12643  0.118973  15.2495  14.2354  11.429  8.73559  8.34032  5.64206  
0.0577872  2.24052  15.2495  14.2354  11.429  8.73559  3.32059  6.85001  
1.19732  0.118973  15.2495  14.2354  11.429  8.73559  7.64673  7.53528  
0.971188  0.118973  15.2495  14.2354  11.429  8.73559  6.04014  10.3019  
0.0577893  1.88618  15.2495  14.2354  11.429  8.73559  2.38414  5.09618  
0.920151  0.2833  15.2495  14.2354  11.429  8.73559  3.71663  8.42329  
9.52264  2.73537  15.2495  14.2354  11.429  8.73559  0.920095  0.2833  
6.80563  4.10866  15.2495  14.2354  11.429  8.73559  4.92917  7.03177  
0.969346  0.118973  15.2495  14.2354  11.429  8.73559  2.83503  5.35472  
6.97007  3.69308  15.2495  14.2354  11.429  8.73559  8.03002  6.09516  
4.1032  0.969481  15.2495  14.2354  11.429  8.73559  3.16204  5.0754  
0.920095  0.2833  15.2495  14.2354  11.429  8.73559  8.23447  5.99705  
8.43271  1.62168  15.2495  14.2354  11.429  8.73559  9.01397  13.2354  
0.907548  1.39806  15.2495  14.2354  11.429  8.73559  6.51528  8.65174  
4.39833  0.341872  15.2495  14.2354  11.429  8.73559  3.00022  4.34342  
6.80627  1.22295  15.2495  14.2354  11.429  8.73559  6.19494  1.23894  
4.10282  0.974595  15.2495  14.2354  11.429  8.73559  6.74462  3.56203  
4.14272  0.375976  15.2495  14.2354  11.429  8.73559  9.15276  8.90915  
6.80565  2.98659  15.2495  14.2354  11.429  8.73559  3.73662  8.23696  
9.97283  0.831751  15.2495  14.2354  11.429  8.73559  3.24901  2.46081  
6.97246  0.92255  15.2495  14.2354  11.429  8.73559  6.15277  3.89733  
4.11286  0.403335  15.2495  14.2354  11.429  8.73559  11.6933  11.759  
1.14389  0.119078  15.2495  14.2354  11.429  8.73559  6.43638  8.43039  
9.52259  4.26615  15.2495  14.2354  11.429  8.73559  1.55777  7.82449  
10.429  0.705614  15.2495  14.2354  11.429  8.73559  5.33457  5.03078  
0.0567767  1.71635  15.2495  14.2354  11.429  8.73559  0.649462  2.83054  
6.80578  1.73552  15.2495  14.2354  11.429  8.73559  10.4225  10.6463  
6.84751  0.497347  15.2495  14.2354  11.429  8.73559  10.663  3.91075  
4.98123  0.279838  15.2495  14.2354  11.429  8.73559  6.29262  7.99501  
0.598025  1.71285  15.2495  14.2354  11.429  8.73559  2.90893  7.22308  
0.172095  1.71627  15.2495  14.2354  11.429  8.73559  6.66448  1.6714  
4.48769  0.340618  15.2495  14.2354  11.429  8.73559  4.27821  5.9831  
6.97086  1.53448  15.2495  14.2354  11.429  8.73559  1.92781  5.76129  
10.3822  0.800581  15.2495  14.2354  11.429  8.73559  1.56591  4.42551  
6.84311  0.533094  15.2495  14.2354  11.429  8.73559  7.77702  11.6952  
1.1409  0.121785  15.2495  14.2354  11.429  8.73559  7.7703  7.94283  
9.53886  0.950561  15.2495  14.2354  11.429  8.73559  6.36053  10.0801  
1.14028  0.184501  15.2495  14.2354  11.429  8.73559  5.0829  7.2256  
8.43135  1.79784  15.2495  14.2354  11.429  8.73559  8.3318  11.7797  
4.53951  0.328944  15.2495  14.2354  11.429  8.73559  6.6424  5.0791  
6.97086  1.53448  15.2495  14.2354  11.429  8.73559  5.29925  10.52  
4.10437  0.911381  15.2495  14.2354  11.429  8.73559  0.9987  0.180034  
7.45409  0.472145  15.2495  14.2354  11.429  8.73559  6.30278  3.32206  
4.54312  0.326867  15.2495  14.2354  11.429  8.73559  6.93774  7.88602  
4.14223  0.924603  15.2495  14.2354  11.429  8.73559  3.43408  8.66194  
0.0580871  1.71649  15.2495  14.2354  11.429  8.73559  11.1009  3.71753  
9.52476  1.90017  15.2495  14.2354  11.429  8.73559  4.18644  1.94954  
0.056727  2.23657  15.2495  14.2354  11.429  8.73559  4.84037  6.26212  
1.14668  0.119054  15.2495  14.2354  11.429  8.73559  14.2495  9.22095  
6.9705  2.86752  15.2495  14.2354  11.429  8.73559  4.32915  3.55357  
8.53262  0.542253  15.2495  14.2354  11.429  8.73559  8.69226  5.22013  
0.0582008  1.71635  15.2495  14.2354  11.429  8.73559  2.36977  6.46139  
0.0579785  1.7168  15.2495  14.2354  11.429  8.73559  3.71829  3.31974  
4.14144  1.07458  15.2495  14.2354  11.429  8.73559  6.54981  6.04486  
6.97163  1.32058  15.2495  14.2354  11.429  8.73559  0.0567767  1.71635  
1.14277  0.120172  15.2495  14.2354  11.429  8.73559  6.28481  7.96672  
2.58424  0.0527957  15.2495  14.2354  11.429  8.73559  5.45975  6.89064  
9.52738  1.71628  15.2495  14.2354  11.429  8.73559  5.8128  4.69309  
8.43484  0.593087  15.2495  14.2354  11.429  8.73559  1.35996  5.64102  
0.970727  0.118973  15.2495  14.2354  11.429  8.73559  3.56552  6.99014  
4.10736  0.81875  15.2495  14.2354  11.429  8.73559  5.65738  8.75444  
6.97061  2.79295  15.2495  14.2354  11.429  8.73559  9.6892  6.57819  
6.9818  0.514103  15.2495  14.2354  11.429  8.73559  5.66395  3.70158  
6.89754  0.494982  15.2495  14.2354  11.429  8.73559  0.969346  0.118973  
1.15403  0.118973  15.2495  14.2354  11.429  8.73559  5.761  7.60056  
6.80569  2.03371  15.2495  14.2354  11.429  8.73559  4.18993  5.78565  
6.97689  0.765069  15.2495  14.2354  11.429  8.73559  1.29222  7.88034  
1.14056  0.124778  15.2495  14.2354  11.429  8.73559  1.52167  0.277568  
4.1049  0.87401  15.2495  14.2354  11.429  8.73559  3.50421  8.68398  
8.75891  0.440101  15.2495  14.2354  11.429  8.73559  1.14223  9.70065  
0.619666  1.09936  15.2495  14.2354  11.429  8.73559  5.19561  8.2954  
6.81029  0.61891  15.2495  14.2354  11.429  8.73559  4.34296  3.53997  
0.0578259  1.78682  15.2495  14.2354  11.429  8.73559  6.56016  4.7615  
4.14031  2.10963  8.20619  9.10824  11.2283  8.73559  2.92925  2.57115  
0.849987  1.41547  8.20619  9.10824  11.2283  8.73559  2.02767  4.49182  
0.849987  1.41359  8.20619  9.10824  11.2283  8.73559  2.22016  2.63905  
1.14021  0.294771  8.20619  9.10824  11.2283  8.73559  2.1438  3.74969  
8.4311  7.12405  8.20619  9.10824  11.2283  8.73559  4.74256  0.839973  
4.14031  2.10963  8.20619  9.10824  11.2283  8.73559  4.45621  1.56431  
4.14032  0.603202  8.20619  9.10824  11.2283  8.73559  0.608532  3.9727  
8.43111  3.48025  8.20619  9.10824  11.2283  8.73559  3.89262  1.76772  
4.10088  0.977189  8.20619  9.10824  11.2283  8.73559  0.396576  6.47355  
0.387872  1.35311  8.20619  9.10824  11.2283  8.73559  0.88992  3.43952  
0.967767  0.11867  8.20619  9.10824  11.2283  8.73559  1.88407  2.54669  
4.10088  0.977189  8.20619  9.10824  11.2283  8.73559  2.02307  2.74651  
0.0566653  1.71624  8.20619  9.10824  11.2283  8.73559  3.56655  0.91735  
4.10088  0.977189  8.20619  9.10824  11.2283  8.73559  4.23896  2.83145  
6.8055  7.73559  8.20619  9.10824  11.2283  8.73559  0.910721  5.26686  
6.8055  7.73559  8.20619  9.10824  11.2283  8.73559  2.25212  2.00504  
0.0566642  1.71607  8.20619  9.10824  11.2283  8.73559  2.35165  1.09843  
0.0577872  2.26738  8.20619  9.10824  11.2283  8.73559  4.50088  0.796662  
8.4311  7.12405  8.20619  9.10824  11.2283  8.73559  1.63085  5.99772  
0.0566757  1.71624  8.20619  9.10824  11.2283  8.73559  2.97029  2.49165  
1.14021  0.294771  8.20619  9.10824  11.2283  8.73559  0.636373  4.57009  
0.849987  1.41547  8.20619  9.10824  11.2283  8.73559  0.538337  1.2389  
0.0566644  1.71607  8.20619  9.10824  11.2283  8.73559  4.03557  1.47573  
0.0664581  1.71599  8.20619  9.10824  11.2283  8.73559  2.81861  1.43914  
0.387872  1.35311  8.20619  9.10824  11.2283  8.73559  1.34356  7.50967  
0.967766  0.11867  8.20619  9.10824  11.2283  8.73559  0.880438  4.73564  
0.919589  0.283037  8.20619  9.10824  11.2283  8.73559  3.0216  2.18602  
0.0566644  1.71609  8.20619  9.10824  11.2283  8.73559  1.90706  2.90382  
0.0577872  2.24052  8.20619  9.10824  11.2283  8.73559  2.78257  3.03473  
0.0566644  1.71608  8.20619  9.10824  11.2283  8.73559  3.56107  0.627557  
0.387872  1.35302  8.20619  9.10824  11.2283  8.73559  4.6744  1.28301  
0.0577893  1.88618  8.20619  9.10824  11.2283  8.73559  1.17091  2.68873  
0.500727  0.636165  8.20619  9.10824  11.2283  8.73559  5.50121  0.754331  
0.915943  0.672339  8.20619  9.10824  11.2283  8.73559  0.9195  0.283037  
6.80563  4.10866  8.20619  9.10824  11.2283  8.73559  2.45694  1.89505  
4.15531  0.347221  8.20619  9.10824  11.2283  8.73559  2.10651  3.88473  
0.917836  0.636371  8.20619  9.10824  11.2283  8.73559  3.09605  2.34735  
4.10107  0.848903  8.20619  9.10824  11.2283  8.73559  1.37611  7.62753  
0.994366  0.118668  8.20619  9.10824  11.2283  8.73559  5.50141  1.35432  
8.43253  0.721567  8.20619  9.10824  11.2283  8.73559  7.20619  0.739039  
0.850372  1.35655  8.20619  9.10824  11.2283  8.73559  4.28256  1.71128  
4.18472  0.302494  8.20619  9.10824  11.2283  8.73559  0.500456  0.636371  
6.80627  1.22295  8.20619  9.10824  11.2283  8.73559  2.69832  3.01419  
8.43187  1.46052  8.20619  9.10824  11.2283  8.73559  1.49594  3.34375  
4.14272  0.375976  8.20619  9.10824  11.2283  8.73559  5.86438  1.05052  
6.80565  2.98659  8.20619  9.10824  11.2283  8.73559  0.399173  5.06127  
0.390447  1.35302  8.20619  9.10824  11.2283  8.73559  1.67751  5.03234  
0.056664  1.71606  8.20619  9.10824  11.2283  8.73559  2.82551  0.98339  
4.10636  0.324544  8.20619  9.10824  11.2283  8.73559  4.05586  1.96303  
8.43449  0.720331  8.20619  9.10824  11.2283  8.73559  0.815109  7.164  
0.855014  0.908606  8.20619  9.10824  11.2283  8.73559  1.06648  5.18949  
0.500456  0.636371  8.20619  9.10824  11.2283  8.73559  1.39324  4.7695  
0.387934  1.35302  8.20619  9.10824  11.2283  8.73559  0.387765  1.35302  
6.80578  1.73552  8.20619  9.10824  11.2283  8.73559  1.70863  3.54461  
8.43119  3.46284  8.20619  9.10824  11.2283  8.73559  3.66984  0.636872  
0.786466  0.632065  8.20619  9.10824  11.2283  8.73559  2.43584  2.74741  
0.200528  1.51967  8.20619  9.10824  11.2283  8.73559  0.756035  8.10824  
0.9195  0.283037  8.20619  9.10824  11.2283  8.73559  0.665182  4.16599  
0.506276  0.632355  8.20619  9.10824  11.2283  8.73559  6.48382  0.257903  
0.873788  0.764099  8.20619  9.10824  11.2283  8.73559  2.54405  3.28691  
0.919442  0.293286  8.20619  9.10824  11.2283  8.73559  2.25155  3.61258  
0.0577927  1.71632  8.20619  9.10824  11.2283  8.73559  3.25507  1.90558  
1.1409  0.121785  8.20619  9.10824  11.2283  8.73559  4.52277  1.59838  
4.76918  0.199174  8.20619  9.10824  11.2283  8.73559  1.8469  2.76986  
1.14028  0.184501  8.20619  9.10824  11.2283  8.73559  0.821723  2.37828  
8.43135  1.79784  8.20619  9.10824  11.2283  8.73559  3.84631  1.21062  
0.863936  0.875955  8.20619  9.10824  11.2283  8.73559  1.52097  4.14378  
4.93643  0.145026  8.20619  9.10824  11.2283  8.73559  4.00516  1.75184  
0.967714  0.11873  8.20619  9.10824  11.2283  8.73559  0.995732  0.17908  
0.387765  1.35302  8.20619  9.10824  11.2283  8.73559  1.75922  0.194867  
4.44092  0.199308  8.20619  9.10824  11.2283  8.73559  1.56444  4.86702  
0.505643  0.633383  8.20619  9.10824  11.2283  8.73559  1.41277  1.93187  
0.0566658  1.71609  8.20619  9.10824  11.2283  8.73559  1.07882  3.91299  
6.80552  4.17204  8.20619  9.10824  11.2283  8.73559  2.68341  2.02447  
1.14088  0.122382  8.20619  9.10824  11.2283  8.73559  2.06763  3.35867  
0.387873  1.35306  8.20619  9.10824  11.2283  8.73559  1.21081  3.40357  
0.161555  1.69904  8.20619  9.10824  11.2283  8.73559  2.68385  2.5813  
8.48338  0.435999  8.20619  9.10824  11.2283  8.73559  2.67505  3.0822  
4.10151  0.772258  8.20619  9.10824  11.2283  8.73559  1.83711  1.02424  
1.14168  0.11867  8.20619  9.10824  11.2283  8.73559  6.93984  0.68531  
6.80747  0.98374  8.20619  9.10824  11.2283  8.73559  3.80232  0.677849  
0.0566767  1.71607  8.20619  9.10824  11.2283  8.73559  0.056664  1.71606  
1.14107  0.118677  8.20619  9.10824  11.2283  8.73559  1.0559  6.39352  
2.58424  0.0527957  8.20619  9.10824  11.2283  8.73559  3.19948  2.15458  
4.10316  0.473977  8.20619  9.10824  11.2283  8.73559  3.16842  2.02463  
8.43484  0.593087  8.20619  9.10824  11.2283  8.73559  2.63247  2.66314  
4.25046  0.19943  8.20619  9.10824  11.2283  8.73559  2.36512  3.2808  
4.10167  0.491786  8.20619  9.10824  11.2283  8.73559  1.70228  5.36753  
0.850771  1.13741  8.20619  9.10824  11.2283  8.73559  2.05967  1.32056  
4.14066  0.570208  8.20619  9.10824  11.2283  8.73559  2.11084  4.33571  
6.81512  0.153528  8.20619  9.10824  11.2283  8.73559  0.967766  0.11867  
0.0578293  1.71607  8.20619  9.10824  11.2283  8.73559  2.34573  2.91218  
6.80569  2.03371  8.20619  9.10824  11.2283  8.73559  1.26437  6.33837  
0.0567032  1.71606  8.20619  9.10824  11.2283  8.73559  1.49199  2.7385  
1.14056  0.124778  8.20619  9.10824  11.2283  8.73559  1.27107  5.19185  
10.2283  0.432658  8.20619  9.10824  11.2283  8.73559  3.63677  0.820368  
0.0578567  1.71606  8.20619  9.10824  11.2283  8.73559  1.71964  2.55753  
0.387884  1.35302  8.20619  9.10824  11.2283  8.73559  4.10582  1.81629  
6.8081  0.45394  8.20619  9.10824  11.2283  8.73559  1.68083  4.60564  
0.0577964  1.71625  8.20619  9.10824  11.2283  8.73559  2.24615  3.56005  
4.14031  2.10963  5.36174  5.3757  9.53302  8.73559  0.0621769  1.12637  
0.0565956  1.71586  5.36174  5.3757  9.53302  8.73559  0.289136  2.35498  
0.919194  0.283034  5.36174  5.3757  9.53302  8.73559  1.23877  0.371823  
0.967696  0.118629  5.36174  5.3757  9.53302  8.73559  2.1713  0.454721  
8.4311  7.12405  5.36174  5.3757  9.53302  8.73559  0.465372  1.82466  
4.14031  2.10963  5.36174  5.3757  9.53302  8.73559  0.174785  2.06665  
4.14032  0.603202  5.36174  5.3757  9.53302  8.73559  0.150015  2.49678  
8.43111  3.48025  5.36174  5.3757  9.53302  8.73559  0.827584  1.22564  
4.10088  0.977189  5.36174  5.3757  9.53302  8.73559  1.43964  1.0129  
0.0565956  1.71586  5.36174  5.3757  9.53302  8.73559  3.98494  0.0812706  
0.967696  0.118629  5.36174  5.3757  9.53302  8.73559  0.321248  0.984069  
4.10088  0.977189  5.36174  5.3757  9.53302  8.73559  0.470519  0.849112  
0.0566653  1.71624  5.36174  5.3757  9.53302  8.73559  0.0294485  1.81377  
4.10088  0.977189  5.36174  5.3757  9.53302  8.73559  0.444398  2.00006  
6.8055  7.73559  5.36174  5.3757  9.53302  8.73559  0.490178  0.761016  
6.8055  7.73559  5.36174  5.3757  9.53302  8.73559  1.08326  1.20783  
0.0566642  1.71607  5.36174  5.3757  9.53302  8.73559  0.971179  1.16916  
0.0577872  2.26738  5.36174  5.3757  9.53302  8.73559  3.13523  0.904651  
8.4311  7.12405  5.36174  5.3757  9.53302  8.73559  4.03662  0.0293711  
0.0566757  1.71624  5.36174  5.3757  9.53302  8.73559  0.960446  0.541725  
0.0567485  1.71595  5.36174  5.3757  9.53302  8.73559  2.41023  0.0649296  
0.96769  0.118629  5.36174  5.3757  9.53302  8.73559  0.537932  1.17453  
0.9192  0.282995  5.36174  5.3757  9.53302  8.73559  0.693196  0.950418  
0.919137  0.283003  5.36174  5.3757  9.53302  8.73559  1.156  0.117911  
0.460186  0.707286  5.36174  5.3757  9.53302  8.73559  0.946324  1.20511  
1.07656  0.103706  5.36174  5.3757  9.53302  8.73559  0.356776  2.05679  
0.919  0.283003  5.36174  5.3757  9.53302  8.73559  2.30609  0.0530069  
5.2179  0.0135478  5.36174  5.3757  9.53302  8.73559  2.88543  0.279525  
0.0577872  2.24052  5.36174  5.3757  9.53302  8.73559  0.0353052  3.29275  
6.80595  1.63131  5.36174  5.3757  9.53302  8.73559  2.18982  0.25243  
0.974183  0.118627  5.36174  5.3757  9.53302  8.73559  0.186846  2.67301  
0.0577893  1.88618  5.36174  5.3757  9.53302  8.73559  0.130738  1.9381  
0.0303043  1.55968  5.36174  5.3757  9.53302  8.73559  2.69493  0.0135294  
0.00697726  3.31505  5.36174  5.3757  9.53302  8.73559  0.918994  0.283011  
6.80563  4.10866  5.36174  5.3757  9.53302  8.73559  2.04134  0.417458  
6.80683  1.19343  5.36174  5.3757  9.53302  8.73559  0.0517152  4.25902  
0.496858  0.598253  5.36174  5.3757  9.53302  8.73559  0.268117  3.30146  
4.10099  0.474959  5.36174  5.3757  9.53302  8.73559  3.9892  0.0135636  
0.497089  0.597259  5.36174  5.3757  9.53302  8.73559  0.614231  1.29703  
0.0577903  1.75171  5.36174  5.3757  9.53302  8.73559  0.922883  1.46071  
1.07656  0.103706  5.36174  5.3757  9.53302  8.73559  0.675318  1.17468  
8.50516  0.425576  5.36174  5.3757  9.53302  8.73559  0.497089  0.597259  
6.80627  1.22295  5.36174  5.3757  9.53302  8.73559  0.136984  1.97969  
8.43145  0.441184  5.36174  5.3757  9.53302  8.73559  0.0414614  2.17823  
4.14169  0.0141828  5.36174  5.3757  9.53302  8.73559  3.40008  0.239679  
6.80565  2.98659  5.36174  5.3757  9.53302  8.73559  0.0724281  2.84371  
6.90144  0.0868905  5.36174  5.3757  9.53302  8.73559  0.141349  3.99111  
1.32361  0.0135523  5.36174  5.3757  9.53302  8.73559  0.390944  1.88952  
1.07664  0.103673  5.36174  5.3757  9.53302  8.73559  0.0709725  3.35633  
4.34273  0.013553  5.36174  5.3757  9.53302  8.73559  1.13335  0.314176  
0.464601  0.707286  5.36174  5.3757  9.53302  8.73559  1.19514  0.883922  
0.0209587  3.28767  5.36174  5.3757  9.53302  8.73559  0.868045  1.16447  
0.0618973  1.1483  5.36174  5.3757  9.53302  8.73559  0.387635  1.02085  
6.80578  1.73552  5.36174  5.3757  9.53302  8.73559  0.903785  0.713064  
8.43119  3.46284  5.36174  5.3757  9.53302  8.73559  0.623414  2.13903  
0.00986613  3.29931  5.36174  5.3757  9.53302  8.73559  0.486691  2.09441  
0.460186  0.707286  5.36174  5.3757  9.53302  8.73559  0.690528  1.33773  
0.96769  0.118629  5.36174  5.3757  9.53302  8.73559  0.838073  1.12138  
6.91953  0.0866873  5.36174  5.3757  9.53302  8.73559  0.688427  1.19856  
4.1042  0.0857668  5.36174  5.3757  9.53302  8.73559  0.484259  1.60673  
4.10405  0.0899154  5.36174  5.3757  9.53302  8.73559  0.833362  0.897915  
0.0577927  1.71632  5.36174  5.3757  9.53302  8.73559  1.48992  0.604164  
0.0621769  1.12637  5.36174  5.3757  9.53302  8.73559  0.286924  2.54679  
1.10316  0.103559  5.36174  5.3757  9.53302  8.73559  0.566791  2.23342  
0.460184  0.709749  5.36174  5.3757  9.53302  8.73559  2.04051  0.196179  
8.43135  1.79784  5.36174  5.3757  9.53302  8.73559  0.0328521  2.57844  
4.10445  0.0141828  5.36174  5.3757  9.53302  8.73559  1.07067  0.103559  
1.08252  0.103559  5.36174  5.3757  9.53302  8.73559  1.04092  0.1834  
4.10402  0.293124  5.36174  5.3757  9.53302  8.73559  0.995608  0.179031  
1.07087  0.103559  5.36174  5.3757  9.53302  8.73559  2.58429  0.453056  
1.09497  0.103559  5.36174  5.3757  9.53302  8.73559  1.26239  0.0135523  
8.47854  0.425576  5.36174  5.3757  9.53302  8.73559  2.56291  0.0151729  
0.0566658  1.71609  5.36174  5.3757  9.53302  8.73559  0.200866  4.3757  
6.80552  4.17204  5.36174  5.3757  9.53302  8.73559  1.82644  0.580193  
1.07067  0.103559  5.36174  5.3757  9.53302  8.73559  0.0822724  3.72136  
0.0567512  1.71586  5.36174  5.3757  9.53302  8.73559  1.17156  0.956314  
2.69493  0.0135294  5.36174  5.3757  9.53302  8.73559  0.575421  0.660142  
1.26239  0.0135523  5.36174  5.3757  9.53302  8.73559  0.745722  1.49209  
4.26196  0.013553  5.36174  5.3757  9.53302  8.73559  0.121954  3.18906  
0.129256  1.12539  5.36174  5.3757  9.53302  8.73559  0.553104  1.70177  
6.80718  0.60541  5.36174  5.3757  9.53302  8.73559  1.28395  0.932627  
0.321248  0.984069  5.36174  5.3757  9.53302  8.73559  0.0565872  1.71586  
5.03935  0.0135478  5.36174  5.3757  9.53302  8.73559  0.126014  3.66341  
0.967689  0.147294  5.36174  5.3757  9.53302  8.73559  1.94445  0.191738  
4.10159  0.394331  5.36174  5.3757  9.53302  8.73559  0.579064  2.31319  
0.496891  0.597772  5.36174  5.3757  9.53302  8.73559  2.90971  0.0396295  
8.45697  0.425581  5.36174  5.3757  9.53302  8.73559  1.45919  0.684165  
4.15754  0.0135636  5.36174  5.3757  9.53302  8.73559  1.93431  0.697281  
0.0578112  1.71586  5.36174  5.3757  9.53302  8.73559  2.99428  0.189532  
4.14036  0.397523  5.36174  5.3757  9.53302  8.73559  1.35968  0.885198  
6.81512  0.153528  5.36174  5.3757  9.53302  8.73559  0.96769  0.118629  
0.0578096  1.71586  5.36174  5.3757  9.53302  8.73559  0.416602  1.63875  
6.80569  2.03371  5.36174  5.3757  9.53302  8.73559  2.12902  0.34952  
0.0566782  1.71586  5.36174  5.3757  9.53302  8.73559  0.460186  0.707286  
0.0294485  1.81377  5.36174  5.3757  9.53302  8.73559  4.36174  0.204853  
8.53302  0.299981  5.36174  5.3757  9.53302  8.73559  0.0650726  2.54315  
0.918994  0.283016  5.36174  5.3757  9.53302  8.73559  1.55079  0.311168  
1.53907  0.0135461  5.36174  5.3757  9.53302  8.73559  1.07469  0.169832  
6.8081  0.45394  5.36174  5.3757  9.53302  8.73559  0.200728  3.17242  
0.0577964  1.71625  5.36174  5.3757  9.53302  8.73559  0.918217  1.40301  
4.14031  2.10963  2.30086  2.24178  5.16171  3.10963  0.000455665  1.02137  
0.0565956  1.71586  2.30086  2.24178  5.16171  3.10963  0.356333  0.734948  
0.919194  0.283034  2.30086  2.24178  5.16171  3.10963  0.967668  0.182027  
0.967696  0.118629  2.30086  2.24178  5.16171  3.10963  0.014192  1.01055  
0.918987  0.283011  2.30086  2.24178  5.16171  3.10963  0.646615  0.597065  
4.14031  2.10963  2.30086  2.24178  5.16171  3.10963  1.19431e-06  1.22871  
4.14032  0.603202  2.30086  2.24178  5.16171  3.10963  1.29991  0.0116414  
0.496938  0.597133  2.30086  2.24178  5.16171  3.10963  0.014192  1.01041  
4.10088  0.977189  2.30086  2.24178  5.16171  3.10963  0.987977  0.0145803  
0.0565956  1.71586  2.30086  2.24178  5.16171  3.10963  2.54335e-06  1.09986  
0.967696  0.118629  2.30086  2.24178  5.16171  3.10963  0.000163971  1.02747  
4.10088  0.977189  2.30086  2.24178  5.16171  3.10963  3.18291e-06  1.04571  
2.54335e-06  1.10062  2.30086  2.24178  5.16171  3.10963  1.00403  0.0122865  
4.10088  0.977189  2.30086  2.24178  5.16171  3.10963  1.00463  0.0122724  
1.19092e-06  1.3025  2.30086  2.24178  5.16171  3.10963  0.359746  0.735168  
1.19431e-06  1.22886  2.30086  2.24178  5.16171  3.10963  0.00013701  1.03375  
0.0566078  1.10208  2.30086  2.24178  5.16171  3.10963  1.76811e-06  1.07786  
3.34889e-05  1.04397  2.30086  2.24178  5.16171  3.10963  0.357391  0.736928  
1.39821  0.0116414  2.30086  2.24178  5.16171  3.10963  1.19431e-06  1.23378  
0.014192  1.01041  2.30086  2.24178  5.16171  3.10963  1.01157  0.0122724  
1.05073  0.0121645  2.30086  2.24178  5.16171  3.10963  0.265228  0.954435  
1.05073  0.0121643  2.30086  2.24178  5.16171  3.10963  0.967672  0.121407  
0.919197  0.28299  2.30086  2.24178  5.16171  3.10963  1.18939e-06  1.24178  
1.28799e-06  1.16105  2.30086  2.24178  5.16171  3.10963  0.289044  0.792618  
0.967672  0.118616  2.30086  2.24178  5.16171  3.10963  0.918983  0.28382  
1.19431e-06  1.22871  2.30086  2.24178  5.16171  3.10963  1.47725e-06  1.12236  
0.265496  0.890157  2.30086  2.24178  5.16171  3.10963  1.22034  0.0116419  
0.443177  0.618777  2.30086  2.24178  5.16171  3.10963  1.18938e-06  1.2375  
3.34889e-05  1.04397  2.30086  2.24178  5.16171  3.10963  0.0354679  1.00932  
0.289044  0.792618  2.30086  2.24178  5.16171  3.10963  0.918971  0.468049  
0.0738702  1.00932  2.30086  2.24178  5.16171  3.10963  0.443201  0.619961  
0.0572067  1.01197  2.30086  2.24178  5.16171  3.10963  0.923561  0.28299  
3.18291e-06  1.0441  2.30086  2.24178  5.16171  3.10963  1.28799e-06  1.16131  
0.918983  0.28299  2.30086  2.24178  5.16171  3.10963  0.918983  0.28299  
0.265228  0.942974  2.30086  2.24178  5.16171  3.10963  1.32939e-06  1.12069  
0.0010948  1.01179  2.30086  2.24178  5.16171  3.10963  0.010273  1.01113  
0.496678  0.597066  2.30086  2.24178  5.16171  3.10963  2.54335e-06  1.10126  
4.10099  0.474959  2.30086  2.24178  5.16171  3.10963  0.265252  0.951379  
1.01363  0.0117127  2.30086  2.24178  5.16171  3.10963  0.987986  0.0145803  
1.05073  0.0121645  2.30086  2.24178  5.16171  3.10963  1.00089  0.0136731  
0.000988416  1.01208  2.30086  2.24178  5.16171  3.10963  1.19431e-06  1.22353  
0.918967  0.312464  2.30086  2.24178  5.16171  3.10963  0.496678  0.597066  
0.987977  0.0145803  2.30086  2.24178  5.16171  3.10963  0.635664  0.597065  
0.496939  0.597098  2.30086  2.24178  5.16171  3.10963  1.83136e-06  1.12207  
4.14169  0.0141828  2.30086  2.24178  5.16171  3.10963  0.364123  0.734948  
0.0568807  1.04273  2.30086  2.24178  5.16171  3.10963  3.34889e-05  1.04397  
0.0566948  1.04972  2.30086  2.24178  5.16171  3.10963  0.0010948  1.01246  
0.0738702  1.00932  2.30086  2.24178  5.16171  3.10963  0.265248  0.952588  
0.0571207  1.01277  2.30086  2.24178  5.16171  3.10963  0.265525  0.802233  
0.0354679  1.00932  2.30086  2.24178  5.16171  3.10963  0.44317  0.648182  
4.10095  0.912636  2.30086  2.24178  5.16171  3.10963  0.443175  0.653348  
0.00013701  1.02542  2.30086  2.24178  5.16171  3.10963  1.21783  0.0116419  
0.873604  0.491782  2.30086  2.24178  5.16171  3.10963  3.18291e-06  1.0441  
0.995619  0.0134735  2.30086  2.24178  5.16171  3.10963  0.496678  0.599303  
0.646626  0.597065  2.30086  2.24178  5.16171  3.10963  0.265228  0.942974  
1.21783  0.0116419  2.30086  2.24178  5.16171  3.10963  0.987977  0.0169679  
0.607347  0.597066  2.30086  2.24178  5.16171  3.10963  0.265525  0.801553  
0.967668  0.178758  2.30086  2.24178  5.16171  3.10963  0.99514  0.0145798  
0.356259  0.740907  2.30086  2.24178  5.16171  3.10963  1.00962  0.012285  
0.496996  0.597089  2.30086  2.24178  5.16171  3.10963  0.0163344  1.01041  
1.19431e-06  1.22886  2.30086  2.24178  5.16171  3.10963  0.443177  0.618777  
0.000791521  1.01278  2.30086  2.24178  5.16171  3.10963  1.01363  0.0117127  
0.646626  0.597065  2.30086  2.24178  5.16171  3.10963  0.371102  0.734909  
0.0566401  1.07393  2.30086  2.24178  5.16171  3.10963  1.28799e-06  1.16105  
0.635664  0.597065  2.30086  2.24178  5.16171  3.10963  0.0010948  1.01194  
0.0686713  1.01041  2.30086  2.24178  5.16171  3.10963  0.0367684  1.00932  
4.10445  0.0141828  2.30086  2.24178  5.16171  3.10963  0.988755  0.0145803  
0.056891  1.03311  2.30086  2.24178  5.16171  3.10963  0.588035  0.597066  
4.1025  0.0401811  2.30086  2.24178  5.16171  3.10963  0.000455665  1.02117  
2.54336e-06  1.09759  2.30086  2.24178  5.16171  3.10963  3.17934e-06  1.04722  
0.443084  0.619056  2.30086  2.24178  5.16171  3.10963  0.456486  0.61876  
0.454891  0.61876  2.30086  2.24178  5.16171  3.10963  0.265537  0.801553  
0.265525  0.801553  2.30086  2.24178  5.16171  3.10963  1.32939e-06  1.15909  
1.00089  0.0122865  2.30086  2.24178  5.16171  3.10963  0.969579  0.118616  
1.76811e-06  1.07786  2.30086  2.24178  5.16171  3.10963  0.0354679  1.00964  
0.000455665  1.02117  2.30086  2.24178  5.16171  3.10963  1.01605  0.0117127  
0.49721  0.597066  2.30086  2.24178  5.16171  3.10963  0.681386  0.597061  
1.29991  0.0116414  2.30086  2.24178  5.16171  3.10963  0.00013701  1.02542  
0.010273  1.01113  2.30086  2.24178  5.16171  3.10963  0.584656  0.597066  
1.07868  0.0117127  2.30086  2.24178  5.16171  3.10963  0.967668  0.178758  
1.00464  0.0122724  2.30086  2.24178  5.16171  3.10963  0.0010948  1.01179  
4.1519  0.0135902  2.30086  2.24178  5.16171  3.10963  0.290214  0.792618  
0.967672  0.126294  2.30086  2.24178  5.16171  3.10963  2.54335e-06  1.10701  
0.967715  0.118616  2.30086  2.24178  5.16171  3.10963  3.17934e-06  1.0466  
4.10159  0.394331  2.30086  2.24178  5.16171  3.10963  0.646938  0.597061  
1.18939e-06  1.2375  2.30086  2.24178  5.16171  3.10963  1.30086  0.0116414  
4.10487  0.0135902  2.30086  2.24178  5.16171  3.10963  0.96835  0.118616  
4.15754  0.0135636  2.30086  2.24178  5.16171  3.10963  0.452285  0.618777  
0.0568704  1.04424  2.30086  2.24178  5.16171  3.10963  0.356333  0.742727  
4.14036  0.397523  2.30086  2.24178  5.16171  3.10963  0.44317  0.66937  
0.0574011  1.0114  2.30086  2.24178  5.16171  3.10963  0.967672  0.118616  
0.922882  0.282989  2.30086  2.24178  5.16171  3.10963  0.454891  0.61876  
0.356333  0.734948  2.30086  2.24178  5.16171  3.10963  1.06842e-05  1.04517  
1.32939e-06  1.12069  2.30086  2.24178  5.16171  3.10963  0.443177  0.631772  
0.918996  0.28299  2.30086  2.24178  5.16171  3.10963  1.00089  0.0122865  
4.16171  0.0134847  2.30086  2.24178  5.16171  3.10963  0.499155  0.597066  
0.357391  0.734909  2.30086  2.24178  5.16171  3.10963  0.918971  0.46354  
0.0582636  1.0114  2.30086  2.24178  5.16171  3.10963  3.34889e-05  1.03719  
0.588441  0.597066  2.30086  2.24178  5.16171  3.10963  2.54336e-06  1.09759  
0.646938  0.597061  2.30086  2.24178  5.16171  3.10963  0.357391  0.734909  
4.14031  2.10963  2.04552  2.0294  5.16171  3.10963  0.918945  0.282973  
0.0565956  1.71586  2.04552  2.0294  5.16171  3.10963  0.918945  0.282973  
0.967647  0.118599  2.04552  2.0294  5.16171  3.10963  0.333342  0.674669  
0.967696  0.118629  2.04552  2.0294  5.16171  3.10963  0.333327  0.674716  
0.919283  0.282974  2.04552  2.0294  5.16171  3.10963  0.333327  0.674681  
4.14031  2.10963  2.04552  2.0294  5.16171  3.10963  0.918945  0.282973  
4.14032  0.603202  2.04552  2.0294  5.16171  3.10963  0.986673  0.013354  
0.918962  0.283019  2.04552  2.0294  5.16171  3.10963  0.918945  0.282973  
4.10088  0.977189  2.04552  2.0294  5.16171  3.10963  0.333325  0.686879  
0.0565956  1.71586  2.04552  2.0294  5.16171  3.10963  0.986681  0.013354  
0.967696  0.118629  2.04552  2.0294  5.16171  3.10963  0.918945  0.282973  
4.10088  0.977189  2.04552  2.0294  5.16171  3.10963  0.918945  0.282973  
8.19397e-07  1.01446  2.04552  2.0294  5.16171  3.10963  0.918945  0.282973  
4.10088  0.977189  2.04552  2.0294  5.16171  3.10963  2.3245e-05  1.00798  
2.40266e-05  1.00807  2.04552  2.0294  5.16171  3.10963  0.986673  0.013354  
0.918967  0.312165  2.04552  2.0294  5.16171  3.10963  0.918945  0.282973  
0.0566078  1.10208  2.04552  2.0294  5.16171  3.10963  0.918945  0.282973  
1.12043e-06  1.00863  2.04552  2.0294  5.16171  3.10963  0.918945  0.282973  
0.967655  0.118601  2.04552  2.0294  5.16171  3.10963  1.00002  0.0106157  
1.76808e-06  1.0524  2.04552  2.0294  5.16171  3.10963  0.918945  0.282973  
1.05073  0.0121645  2.04552  2.0294  5.16171  3.10963  2.3245e-05  1.00798  
1.05073  0.0121643  2.04552  2.0294  5.16171  3.10963  0.918945  0.282973  
1.00001  0.0106216  2.04552  2.0294  5.16171  3.10963  0.918945  0.282973  
1.24001e-05  1.00801  2.04552  2.0294  5.16171  3.10963  0.918945  0.282973  
0.441991  0.618489  2.04552  2.0294  5.16171  3.10963  0.918945  0.282973  
1.05114  0.0106161  2.04552  2.0294  5.16171  3.10963  0.441972  0.618349  
1  0.0106397  2.04552  2.0294  5.16171  3.10963  6.52367e-07  1.008  
1.00001  0.0106893  2.04552  2.0294  5.16171  3.10963  0.918945  0.282973  
0.967647  0.118599  2.04552  2.0294  5.16171  3.10963  0.918945  0.282973  
0.918967  0.282991  2.04552  2.0294  5.16171  3.10963  0.333326  0.677367  
0.989344  0.0133516  2.04552  2.0294  5.16171  3.10963  0.333327  0.674681  
0.44281  0.618349  2.04552  2.0294  5.16171  3.10963  0.918945  0.282973  
0.986673  0.0153409  2.04552  2.0294  5.16171  3.10963  2.3245e-05  1.00798  
0.264931  0.770491  2.04552  2.0294  5.16171  3.10963  0.918945  0.282973  
0.967646  0.120744  2.04552  2.0294  5.16171  3.10963  0.918945  0.282973  
0.0567137  1.00807  2.04552  2.0294  5.16171  3.10963  0.918945  0.282973  
0.264917  0.770497  2.04552  2.0294  5.16171  3.10963  0.986896  0.0133534  
4.10099  0.474959  2.04552  2.0294  5.16171  3.10963  0.918945  0.282973  
0.333344  0.674679  2.04552  2.0294  5.16171  3.10963  1.00352  0.0106145  
1.00352  0.0106145  2.04552  2.0294  5.16171  3.10963  0.989183  0.0133516  
1.05075  0.0106178  2.04552  2.0294  5.16171  3.10963  0.918945  0.282973  
0.0567174  1.00799  2.04552  2.0294  5.16171  3.10963  0.918945  0.282973  
3.73751e-05  1.00798  2.04552  2.0294  5.16171  3.10963  2.3245e-05  1.00798  
0.264906  0.770505  2.04552  2.0294  5.16171  3.10963  0.918945  0.282973  
4.14169  0.0141828  2.04552  2.0294  5.16171  3.10963  0.918945  0.282973  
0.333327  0.674716  2.04552  2.0294  5.16171  3.10963  0.918945  0.282973  
0.0566589  1.00808  2.04552  2.0294  5.16171  3.10963  0.918945  0.282973  
0.445776  0.618346  2.04552  2.0294  5.16171  3.10963  0.442919  0.618346  
2.86405e-05  1.00799  2.04552  2.0294  5.16171  3.10963  0.333327  0.674681  
2.67246e-06  1.00799  2.04552  2.0294  5.16171  3.10963  6.52367e-07  1.008  
4.10095  0.912636  2.04552  2.0294  5.16171  3.10963  0.967647  0.118593  
5.43206e-07  1.00807  2.04552  2.0294  5.16171  3.10963  0.967647  0.118593  
0.873604  0.491782  2.04552  2.0294  5.16171  3.10963  0.986681  0.013354  
0.0569926  1.00798  2.04552  2.0294  5.16171  3.10963  2.3245e-05  1.00798  
0.333326  0.677367  2.04552  2.0294  5.16171  3.10963  1.10009e-05  1.00798  
0.0566514  1.00953  2.04552  2.0294  5.16171  3.10963  0.918945  0.282973  
0.333329  0.674702  2.04552  2.0294  5.16171  3.10963  0.918945  0.282973  
0.33337  0.674667  2.04552  2.0294  5.16171  3.10963  0.333326  0.677367  
0.333361  0.674673  2.04552  2.0294  5.16171  3.10963  0.333342  0.674669  
0.919411  0.282973  2.04552  2.0294  5.16171  3.10963  0.918945  0.282973  
0.986673  0.013354  2.04552  2.0294  5.16171  3.10963  6.52367e-07  1.008  
0.918945  0.282976  2.04552  2.0294  5.16171  3.10963  0.967647  0.118593  
0.333325  0.686879  2.04552  2.0294  5.16171  3.10963  0.918945  0.282973  
0.0566287  1.03413  2.04552  2.0294  5.16171  3.10963  1  0.0106176  
0.986672  0.0155363  2.04552  2.0294  5.16171  3.10963  0.918945  0.282973  
1.05165  0.0106145  2.04552  2.0294  5.16171  3.10963  0.918945  0.282973  
4.10445  0.0141828  2.04552  2.0294  5.16171  3.10963  5.22536e-07  1.00803  
1.00002  0.0106157  2.04552  2.0294  5.16171  3.10963  6.52367e-07  1.008  
4.1025  0.0401811  2.04552  2.0294  5.16171  3.10963  1.84109e-06  1.00799  
0.0780614  1.00798  2.04552  2.0294  5.16171  3.10963  0.441972  0.618349  
1  0.0106622  2.04552  2.0294  5.16171  3.10963  2.3245e-05  1.00798  
0.9869  0.0133534  2.04552  2.0294  5.16171  3.10963  1.10009e-05  1.00798  
4.10144  0.409599  2.04552  2.0294  5.16171  3.10963  2.3245e-05  1.00798  
4.20312e-07  1.02942  2.04552  2.0294  5.16171  3.10963  2.3245e-05  1.00798  
0.442114  0.618349  2.04552  2.0294  5.16171  3.10963  0.333327  0.674681  
0.0618021  1.00798  2.04552  2.0294  5.16171  3.10963  0.333326  0.677367  
0.967709  0.118599  2.04552  2.0294  5.16171  3.10963  0.918945  0.282973  
0.442  0.618357  2.04552  2.0294  5.16171  3.10963  0.967646  0.120744  
8.3295e-07  1.00808  2.04552  2.0294  5.16171  3.10963  0.918945  0.282973  
0.335554  0.674663  2.04552  2.0294  5.16171  3.10963  0.441967  0.618352  
1.76822e-06  1.00805  2.04552  2.0294  5.16171  3.10963  0.918945  0.282973  
4.1519  0.0135902  2.04552  2.0294  5.16171  3.10963  1.00002  0.0106157  
0.496572  0.596959  2.04552  2.0294  5.16171  3.10963  0.986681  0.013354  
0.441967  0.618357  2.04552  2.0294  5.16171  3.10963  1  0.0106273  
4.10159  0.394331  2.04552  2.0294  5.16171  3.10963  1.00002  0.0106157  
0.0575712  1.00798  2.04552  2.0294  5.16171  3.10963  0.986896  0.0133534  
4.10487  0.0135902  2.04552  2.0294  5.16171  3.10963  0.333327  0.674716  
4.15754  0.0135636  2.04552  2.0294  5.16171  3.10963  5.75258e-07  1.00801  
0.924593  0.282973  2.04552  2.0294  5.16171  3.10963  1  0.0106296  
4.14036  0.397523  2.04552  2.0294  5.16171  3.10963  0.496572  0.596959  
6.48305e-05  1.00798  2.04552  2.0294  5.16171  3.10963  4.20312e-07  1.0294  
0.442919  0.618346  2.04552  2.0294  5.16171  3.10963  2.3245e-05  1.00798  
0.499966  0.596956  2.04552  2.0294  5.16171  3.10963  2.92587e-05  1.00798  
0.920817  0.282973  2.04552  2.0294  5.16171  3.10963  0.499966  0.596956  
0.918983  0.282974  2.04552  2.0294  5.16171  3.10963  0.33337  0.674667  
4.16171  0.0134847  2.04552  2.0294  5.16171  3.10963  0.264906  0.770491  
0.967647  0.118597  2.04552  2.0294  5.16171  3.10963  0.986673  0.0153409  
0.967764  0.118593  2.04552  2.0294  5.16171  3.10963  0.335554  0.674663  
1.05075  0.0106735  2.04552  2.0294  5.16171  3.10963  1.00352  0.0106145  
0.441994  0.618368  2.04552  2.0294  5.16171  3.10963  0.986672  0.0155363  
4.14031  2.10963  2.23777  2.05225  5.16171  3.10963  0.333321  0.674655  
0.0565956  1.71586  2.23777  2.05225  5.16171  3.10963  0.333321  0.674655  
0.967647  0.118599  2.23777  2.05225  5.16171  3.10963  0.986658  0.0133509  
0.967696  0.118629  2.23777  2.05225  5.16171  3.10963  2.84143e-08  1.00797  
0.918986  0.28297  2.23777  2.05225  5.16171  3.10963  0.441952  0.618326  
4.14031  2.10963  2.23777  2.05225  5.16171  3.10963  2.84143e-08  1.00797  
4.14032  0.603202  2.23777  2.05225  5.16171  3.10963  2.00156e-07  1.00797  
0.918962  0.283019  2.23777  2.05225  5.16171  3.10963  0.333321  0.674655  
4.10088  0.977189  2.23777  2.05225  5.16171  3.10963  2.15658e-08  1.05225  
0.0565956  1.71586  2.23777  2.05225  5.16171  3.10963  2.84143e-08  1.00797  
0.967696  0.118629  2.23777  2.05225  5.16171  3.10963  2.84143e-08  1.00797  
4.10088  0.977189  2.23777  2.05225  5.16171  3.10963  2.84143e-08  1.00797  
8.19397e-07  1.01446  2.23777  2.05225  5.16171  3.10963  2.84143e-08  1.00797  
4.10088  0.977189  2.23777  2.05225  5.16171  3.10963  2.84143e-08  1.00797  
2.40266e-05  1.00807  2.23777  2.05225  5.16171  3.10963  2.38158e-08  1.008  
0.918967  0.312165  2.23777  2.05225  5.16171  3.10963  0.918944  0.28297  
0.0566022  1.00797  2.23777  2.05225  5.16171  3.10963  0.441954  0.618325  
1.12043e-06  1.00863  2.23777  2.05225  5.16171  3.10963  0.441952  0.618326  
0.967655  0.118601  2.23777  2.05225  5.16171  3.10963  0.441952  0.618326  
1.76808e-06  1.0524  2.23777  2.05225  5.16171  3.10963  0.918944  0.28297  
1  0.010617  2.23777  2.05225  5.16171  3.10963  2.00156e-07  1.00797  
0.333344  0.674658  2.23777  2.05225  5.16171  3.10963  0.496567  0.596952  
1  0.0459283  2.23777  2.05225  5.16171  3.10963  1  0.0079736  
1.24001e-05  1.00801  2.23777  2.05225  5.16171  3.10963  0.333321  0.674656  
5.75258e-07  1.00801  2.23777  2.05225  5.16171  3.10963  2.84143e-08  1.00797  
0.333324  0.674661  2.23777  2.05225  5.16171  3.10963  0.333321  0.674655  
1  0.00919741  2.23777  2.05225  5.16171  3.10963  0.967644  0.118788  
0.967645  0.118592  2.23777  2.05225  5.16171  3.10963  2.84143e-08  1.00797  
0.967647  0.118599  2.23777  2.05225  5.16171  3.10963  0.918944  0.28297  
0.918967  0.282991  2.23777  2.05225  5.16171  3.10963  0.918944  0.28297  
0.986736  0.013351  2.23777  2.05225  5.16171  3.10963  2.15658e-08  1.05225  
5.22536e-07  1.00803  2.23777  2.05225  5.16171  3.10963  2.00156e-07  1.00797  
0.986673  0.013354  2.23777  2.05225  5.16171  3.10963  1  0.0079736  
0.264931  0.770491  2.23777  2.05225  5.16171  3.10963  0.441952  0.618326  
0.967646  0.120744  2.23777  2.05225  5.16171  3.10963  1  0.00797325  
0.0567137  1.00807  2.23777  2.05225  5.16171  3.10963  2.84143e-08  1.00797  
0.264917  0.770497  2.23777  2.05225  5.16171  3.10963  2.26447e-08  1.01948  
4.10099  0.474959  2.23777  2.05225  5.16171  3.10963  0.333321  0.674656  
0.333343  0.674666  2.23777  2.05225  5.16171  3.10963  2.84143e-08  1.00797  
0.918945  0.4031  2.23777  2.05225  5.16171  3.10963  0.496567  0.596952  
1  0.010617  2.23777  2.05225  5.16171  3.10963  0.441952  0.618326  
0.0567174  1.00799  2.23777  2.05225  5.16171  3.10963  1.01794  0.00797322  
3.73751e-05  1.00798  2.23777  2.05225  5.16171  3.10963  0.918944  0.28297  
0.264906  0.770505  2.23777  2.05225  5.16171  3.10963  0.333348  0.674655  
4.14169  0.0141828  2.23777  2.05225  5.16171  3.10963  0.918944  0.28297  
0.496573  0.596953  2.23777  2.05225  5.16171  3.10963  0.333321  0.674655  
0.918945  0.282973  2.23777  2.05225  5.16171  3.10963  0.0678929  1.00797  
0.264898  0.781512  2.23777  2.05225  5.16171  3.10963  1  0.00797325  
2.86405e-05  1.00799  2.23777  2.05225  5.16171  3.10963  2.84143e-08  1.00797  
2.67246e-06  1.00799  2.23777  2.05225  5.16171  3.10963  1  0.00797325  
4.10095  0.912636  2.23777  2.05225  5.16171  3.10963  0.441952  0.618326  
0.918944  0.28297  2.23777  2.05225  5.16171  3.10963  0.441952  0.618326  
0.873604  0.491782  2.23777  2.05225  5.16171  3.10963  0.441952  0.618326  
0.441953  0.618326  2.23777  2.05225  5.16171  3.10963  0.496567  0.596952  
0.969303  0.118592  2.23777  2.05225  5.16171  3.10963  2.84143e-08  1.00797  
0.441952  0.620585  2.23777  2.05225  5.16171  3.10963  0.441952  0.618326  
0.967644  0.119585  2.23777  2.05225  5.16171  3.10963  0.918944  0.28297  
0.441952  0.620585  2.23777  2.05225  5.16171  3.10963  0.333355  0.674655  
0.923637  0.28297  2.23777  2.05225  5.16171  3.10963  1  0.00797325  
0.918944  0.324061  2.23777  2.05225  5.16171  3.10963  0.441952  0.618326  
0.51919  0.596952  2.23777  2.05225  5.16171  3.10963  0.496567  0.596952  
0.288829  0.770473  2.23777  2.05225  5.16171  3.10963  1.12292  0.00797321  
1.01794  0.00797322  2.23777  2.05225  5.16171  3.10963  0.441952  0.618326  
0.264945  0.770473  2.23777  2.05225  5.16171  3.10963  2.84143e-08  1.00797  
0.9196  0.28297  2.23777  2.05225  5.16171  3.10963  0.333321  0.674655  
1.15322  0.00797321  2.23777  2.05225  5.16171  3.10963  2.84143e-08  1.00797  
4.10445  0.0141828  2.23777  2.05225  5.16171  3.10963  2.15658e-08  1.05225  
0.986948  0.0133509  2.23777  2.05225  5.16171  3.10963  0.441952  0.618326  
4.1025  0.0401811  2.23777  2.05225  5.16171  3.10963  2.38158e-08  1.008  
0.496742  0.596952  2.23777  2.05225  5.16171  3.10963  2.84143e-08  1.00797  
2.15658e-08  1.05227  2.23777  2.05225  5.16171  3.10963  2.84143e-08  1.00797  
0.264898  0.770476  2.23777  2.05225  5.16171  3.10963  2.84143e-08  1.00797  
4.10144  0.409599  2.23777  2.05225  5.16171  3.10963  0.441952  0.618326  
0.333321  0.674656  2.23777  2.05225  5.16171  3.10963  0.986658  0.0133509  
0.0567958  1.00797  2.23777  2.05225  5.16171  3.10963  0.496567  0.596952  
4.65932e-05  1.00797  2.23777  2.05225  5.16171  3.10963  0.333321  0.674656  
0.967696  0.118592  2.23777  2.05225  5.16171  3.10963  1  0.0079736  
0.967644  0.118602  2.23777  2.05225  5.16171  3.10963  0.986658  0.0133574  
8.3295e-07  1.00808  2.23777  2.05225  5.16171  3.10963  2.84143e-08  1.00797  
0.0678929  1.00797  2.23777  2.05225  5.16171  3.10963  0.441952  0.618326  
1.76822e-06  1.00805  2.23777  2.05225  5.16171  3.10963  0.333321  0.674655  
4.1519  0.0135902  2.23777  2.05225  5.16171  3.10963  0.918944  0.28297  
0.333355  0.674655  2.23777  2.05225  5.16171  3.10963  2.38158e-08  1.008  
1  0.00797787  2.23777  2.05225  5.16171  3.10963  2.00156e-07  1.00797  
4.10159  0.394331  2.23777  2.05225  5.16171  3.10963  0.333348  0.674655  
2.45675e-08  1.00828  2.23777  2.05225  5.16171  3.10963  0.918944  0.28297  
4.10487  0.0135902  2.23777  2.05225  5.16171  3.10963  1  0.0079733  
4.15754  0.0135636  2.23777  2.05225  5.16171  3.10963  0.496567  0.596952  
0.441952  0.618362  2.23777  2.05225  5.16171  3.10963  1  0.00797325  
4.14036  0.397523  2.23777  2.05225  5.16171  3.10963  0.264901  0.770473  
0.496567  0.596953  2.23777  2.05225  5.16171  3.10963  0.264898  0.770476  
0.986658  0.0133574  2.23777  2.05225  5.16171  3.10963  0.441952  0.618326  
1  0.00801318  2.23777  2.05225  5.16171  3.10963  0.333347  0.674655  
0.441952  0.618348  2.23777  2.05225  5.16171  3.10963  0.918944  0.284321  
0.0568353  1.00797  2.23777  2.05225  5.16171  3.10963  0.333355  0.674655  
4.16171  0.0134847  2.23777  2.05225  5.16171  3.10963  0.333321  0.674656  
0.967647  0.118597  2.23777  2.05225  5.16171  3.10963  0.441952  0.618348  
1  0.00797326  2.23777  2.05225  5.16171  3.10963  0.967644  0.118592  
0.441954  0.618325  2.23777  2.05225  5.16171  3.10963  1.01794  0.00797322  
0.501275  0.596952  2.23777  2.05225  5.16171  3.10963  0.264898  0.781512  
4.14031  2.10963  16.8962  16.4671  16.8962  16.4671  2.86403e-09  1.00797  
0.0565956  1.71586  16.8962  16.4671  16.8962  16.4671  0.496554  0.597006  
0.967647  0.118599  16.8962  16.4671  16.8962  16.4671  0.33332  0.674653  
0.967696  0.118629  16.8962  16.4671  16.8962  16.4671  0.967643  0.118592  
0.918986  0.28297  16.8962  16.4671  16.8962  16.4671  0.33332  0.674653  
4.14031  2.10963  16.8962  16.4671  16.8962  16.4671  0.839535  0.282968  
4.14032  0.603202  16.8962  16.4671  16.8962  16.4671  1  0.00797312  
0.918962  0.283019  16.8962  16.4671  16.8962  16.4671  0.967643  0.118592  
4.10088  0.977189  16.8962  16.4671  16.8962  16.4671  0.967643  0.118592  
0.0565956  1.71586  16.8962  16.4671  16.8962  16.4671  1  0.00797312  
0.967696  0.118629  16.8962  16.4671  16.8962  16.4671  0.967643  0.118592  
4.10088  0.977189  16.8962  16.4671  16.8962  16.4671  0.967643  0.118592  
8.19397e-07  1.01446  16.8962  16.4671  16.8962  16.4671  0.967643  0.118592  
4.10088  0.977189  16.8962  16.4671  16.8962  16.4671  1  0.00797312  
2.40266e-05  1.00807  16.8962  16.4671  16.8962  16.4671  0.44195  0.618323  
0.918967  0.312165  16.8962  16.4671  16.8962  16.4671  0.967643  0.118592  
0.0566022  1.00797  16.8962  16.4671  16.8962  16.4671  1  0.00797312  
1.12043e-06  1.00863  16.8962  16.4671  16.8962  16.4671  0.44195  0.618323  
0.967655  0.118601  16.8962  16.4671  16.8962  16.4671  0.839509  0.283014  
1.76808e-06  1.0524  16.8962  16.4671  16.8962  16.4671  0.967643  0.118592  
1  0.010617  16.8962  16.4671  16.8962  16.4671  0.967643  0.118592  
0.333344  0.674658  16.8962  16.4671  16.8962  16.4671  0.33332  0.674653  
1  0.0459283  16.8962  16.4671  16.8962  16.4671  0.967643  0.118592  
1.24001e-05  1.00801  16.8962  16.4671  16.8962  16.4671  0.33332  0.674653  
5.75258e-07  1.00801  16.8962  16.4671  16.8962  16.4671  0.33332  0.674653  
0.333324  0.674661  16.8962  16.4671  16.8962  16.4671  1  0.00797312  
1  0.00919741  16.8962  16.4671  16.8962  16.4671  0.967643  0.118592  
0.967645  0.118592  16.8962  16.4671  16.8962  16.4671  0.33332  0.674653  
0.967647  0.118599  16.8962  16.4671  16.8962  16.4671  0.967643  0.118592  
0.918967  0.282991  16.8962  16.4671  16.8962  16.4671  0.496554  0.597006  
0.986736  0.013351  16.8962  16.4671  16.8962  16.4671  1  0.00797312  
5.22536e-07  1.00803  16.8962  16.4671  16.8962  16.4671  0.44195  0.618323  
0.986673  0.013354  16.8962  16.4671  16.8962  16.4671  0.839509  0.285572  
0.264919  0.77047  16.8962  16.4671  16.8962  16.4671  1  0.00797312  
0.967646  0.120744  16.8962  16.4671  16.8962  16.4671  0.44195  0.618323  
0.0567137  1.00807  16.8962  16.4671  16.8962  16.4671  0.967643  0.118592  
0.264917  0.770497  16.8962  16.4671  16.8962  16.4671  0.33332  0.674653  
4.10099  0.474959  16.8962  16.4671  16.8962  16.4671  0.33332  0.674653  
0.333343  0.674666  16.8962  16.4671  16.8962  16.4671  0.33332  0.674653  
0.918945  0.4031  16.8962  16.4671  16.8962  16.4671  0.33332  0.674653  
1  0.010617  16.8962  16.4671  16.8962  16.4671  0.967643  0.118592  
0.0567174  1.00799  16.8962  16.4671  16.8962  16.4671  0.839509  0.283014  
3.73751e-05  1.00798  16.8962  16.4671  16.8962  16.4671  0.44195  0.618323  
0.264906  0.770505  16.8962  16.4671  16.8962  16.4671  0.33332  0.674653  
4.14169  0.0141828  16.8962  16.4671  16.8962  16.4671  0.839509  0.283014  
5.51841e-05  1.00797  16.8962  16.4671  16.8962  16.4671  1  0.00797312  
0.918945  0.282973  16.8962  16.4671  16.8962  16.4671  1  0.00797312  
0.264897  0.770851  16.8962  16.4671  16.8962  16.4671  0.839509  0.283014  
2.86405e-05  1.00799  16.8962  16.4671  16.8962  16.4671  0.967643  0.118592  
2.67246e-06  1.00799  16.8962  16.4671  16.8962  16.4671  0.33332  0.674653  
4.10095  0.912636  16.8962  16.4671  16.8962  16.4671  0.33332  0.674653  
0.00141754  1.00797  16.8962  16.4671  16.8962  16.4671  0.33332  0.674653  
0.967643  0.118592  16.8962  16.4671  16.8962  16.4671  1  0.00797312  
0.496554  0.596951  16.8962  16.4671  16.8962  16.4671  0.967643  0.118592  
0.839509  0.283014  16.8962  16.4671  16.8962  16.4671  0.33332  0.674653  
0.967643  0.118592  16.8962  16.4671  16.8962  16.4671  0.33332  0.674653  
0.496554  0.597317  16.8962  16.4671  16.8962  16.4671  1  0.00797312  
0.44195  0.638958  16.8962  16.4671  16.8962  16.4671  1  0.00797312  
0.264897  0.770474  16.8962  16.4671  16.8962  16.4671  0.33332  0.674653  
0.336579  0.674653  16.8962  16.4671  16.8962  16.4671  0.44195  0.618323  
0.264983  0.770468  16.8962  16.4671  16.8962  16.4671  0.967643  0.118592  
0.443069  0.618322  16.8962  16.4671  16.8962  16.4671  0.33332  0.674653  
0.334189  0.674653  16.8962  16.4671  16.8962  16.4671  0.967643  0.118592  
0.839509  0.295008  16.8962  16.4671  16.8962  16.4671  1  0.00797312  
0.919023  0.282969  16.8962  16.4671  16.8962  16.4671  0.967643  0.118592  
1.074  0.00797312  16.8962  16.4671  16.8962  16.4671  1  0.00797312  
4.10445  0.0141828  16.8962  16.4671  16.8962  16.4671  1  0.00797312  
0.839717  0.282968  16.8962  16.4671  16.8962  16.4671  0.33332  0.674653  
4.1025  0.0401811  16.8962  16.4671  16.8962  16.4671  0.967643  0.118592  
0.967643  0.118592  16.8962  16.4671  16.8962  16.4671  1  0.00797312  
0.839537  0.282968  16.8962  16.4671  16.8962  16.4671  0.33332  0.674653  
1  0.00797314  16.8962  16.4671  16.8962  16.4671  0.967643  0.118592  
4.10144  0.409599  16.8962  16.4671  16.8962  16.4671  0.33332  0.674653  
0.33332  0.674653  16.8962  16.4671  16.8962  16.4671  0.839509  0.285572  
0.333345  0.674654  16.8962  16.4671  16.8962  16.4671  0.33332  0.674653  
0.0828131  1.00797  16.8962  16.4671  16.8962  16.4671  0.967643  0.118592  
0.967696  0.118592  16.8962  16.4671  16.8962  16.4671  1  0.00797312  
0.0567443  1.00797  16.8962  16.4671  16.8962  16.4671  0.44195  0.618323  
8.3295e-07  1.00808  16.8962  16.4671  16.8962  16.4671  0.33332  0.674653  
0.264895  0.770469  16.8962  16.4671  16.8962  16.4671  0.839509  0.283014  
1.76822e-06  1.00805  16.8962  16.4671  16.8962  16.4671  0.967643  0.118592  
4.1519  0.0135902  16.8962  16.4671  16.8962  16.4671  1  0.00797312  
2.6185e-09  1.00797  16.8962  16.4671  16.8962  16.4671  0.967643  0.118592  
1  0.00797787  16.8962  16.4671  16.8962  16.4671  0.839535  0.282968  
4.10159  0.394331  16.8962  16.4671  16.8962  16.4671  1  0.00797312  
0.33332  0.68343  16.8962  16.4671  16.8962  16.4671  2.86403e-09  1.00797  
4.10487  0.0135902  16.8962  16.4671  16.8962  16.4671  0.967643  0.118592  
4.15754  0.0135636  16.8962  16.4671  16.8962  16.4671  0.839534  0.282968  
1.0001  0.00797312  16.8962  16.4671  16.8962  16.4671  0.986654  0.01335  
4.14036  0.397523  16.8962  16.4671  16.8962  16.4671  1  0.00797312  
0.919481  0.282968  16.8962  16.4671  16.8962  16.4671  0.967643  0.118592  
0.968825  0.118592  16.8962  16.4671  16.8962  16.4671  0.496554  0.596951  
0.986654  0.01335  16.8962  16.4671  16.8962  16.4671  2.70742e-09  1.00797  
0.839509  0.283014  16.8962  16.4671  16.8962  16.4671  0.33332  0.674653  
0.44195  0.618323  16.8962  16.4671  16.8962  16.4671  0.44195  0.618323  
4.16171  0.0134847  16.8962  16.4671  16.8962  16.4671  0.44195  0.638958  
0.967647  0.118597  16.8962  16.4671  16.8962  16.4671  0.333448  0.674653  
0.0107984  1.00797  16.8962  16.4671  16.8962  16.4671  0.264895  0.770468  
0.986967  0.01335  16.8962  16.4671  16.8962  16.4671  0.33332  0.677084  
0.0569814  1.00797  16.8962  16.4671  16.8962  16.4671  0.44195  0.618322  
4.14031  2.10963  2.00003  2.00797  5.16171  3.10963  0.986651  0.0133511  
0.0565956  1.71586  2.00003  2.00797  5.16171  3.10963  0.986656  0.0133488  
0.967647  0.118599  2.00003  2.00797  5.16171  3.10963  0.33332  0.674653  
0.967696  0.118629  2.00003  2.00797  5.16171  3.10963  0.999998  0.00797854  
0.918986  0.28297  2.00003  2.00797  5.16171  3.10963  0.33332  0.674653  
4.14031  2.10963  2.00003  2.00797  5.16171  3.10963  0.916758  0.118587  
4.14032  0.603202  2.00003  2.00797  5.16171  3.10963  0.496553  0.59695  
0.918962  0.283019  2.00003  2.00797  5.16171  3.10963  0.33332  0.674653  
4.10088  0.977189  2.00003  2.00797  5.16171  3.10963  0.98665  0.0133529  
0.0565956  1.71586  2.00003  2.00797  5.16171  3.10963  0.33332  0.674653  
0.967696  0.118629  2.00003  2.00797  5.16171  3.10963  0.98665  0.0133529  
4.10088  0.977189  2.00003  2.00797  5.16171  3.10963  0.496553  0.59695  
8.19397e-07  1.01446  2.00003  2.00797  5.16171  3.10963  0.999998  0.00797854  
4.10088  0.977189  2.00003  2.00797  5.16171  3.10963  0.999998  0.00797854  
2.40266e-05  1.00807  2.00003  2.00797  5.16171  3.10963  0.999998  0.00797854  
0.918967  0.312165  2.00003  2.00797  5.16171  3.10963  0.33332  0.674653  
0.0566022  1.00797  2.00003  2.00797  5.16171  3.10963  0.91669  0.118593  
1.12043e-06  1.00863  2.00003  2.00797  5.16171  3.10963  0.999998  0.00797854  
0.967655  0.118601  2.00003  2.00797  5.16171  3.10963  0.98665  0.0133529  
1.76808e-06  1.0524  2.00003  2.00797  5.16171  3.10963  1.00003  0.0079731  
1  0.010617  2.00003  2.00797  5.16171  3.10963  0.496553  0.59695  
0.333344  0.674658  2.00003  2.00797  5.16171  3.10963  0.986651  0.0133511  
1  0.0459283  2.00003  2.00797  5.16171  3.10963  0.986651  0.0133511  
1.24001e-05  1.00801  2.00003  2.00797  5.16171  3.10963  0.999998  0.00797854  
5.75258e-07  1.00801  2.00003  2.00797  5.16171  3.10963  0.264895  0.770461  
0.333324  0.674661  2.00003  2.00797  5.16171  3.10963  0.986653  0.0133494  
1  0.00919741  2.00003  2.00797  5.16171  3.10963  0.999998  0.00797854  
0.967645  0.118592  2.00003  2.00797  5.16171  3.10963  0.986653  0.0133494  
0.967647  0.118599  2.00003  2.00797  5.16171  3.10963  0.98665  0.0133529  
0.918967  0.282991  2.00003  2.00797  5.16171  3.10963  0.986651  0.0133511  
0.986714  0.013349  2.00003  2.00797  5.16171  3.10963  0.999998  0.00797854  
5.22536e-07  1.00803  2.00003  2.00797  5.16171  3.10963  0.496553  0.59695  
0.986673  0.013354  2.00003  2.00797  5.16171  3.10963  0.999998  0.00797854  
0.264919  0.77047  2.00003  2.00797  5.16171  3.10963  0.986653  0.0133494  
0.967646  0.120744  2.00003  2.00797  5.16171  3.10963  0.98665  0.0133529  
0.0567137  1.00807  2.00003  2.00797  5.16171  3.10963  0.264895  0.770461  
0.264917  0.770497  2.00003  2.00797  5.16171  3.10963  0.999998  0.00797854  
4.10099  0.474959  2.00003  2.00797  5.16171  3.10963  0.33332  0.674653  
0.333343  0.674666  2.00003  2.00797  5.16171  3.10963  0.999998  0.00797854  
0.918945  0.4031  2.00003  2.00797  5.16171  3.10963  0.999998  0.00797854  
1  0.010617  2.00003  2.00797  5.16171  3.10963  0.91669  0.118593  
0.0567174  1.00799  2.00003  2.00797  5.16171  3.10963  0.986656  0.0133488  
3.73751e-05  1.00798  2.00003  2.00797  5.16171  3.10963  0.999998  0.00797854  
0.264906  0.770505  2.00003  2.00797  5.16171  3.10963  0.999998  0.00797854  
4.14169  0.0141828  2.00003  2.00797  5.16171  3.10963  0.98665  0.0133529  
5.51841e-05  1.00797  2.00003  2.00797  5.16171  3.10963  0.98665  0.0133529  
0.918945  0.282973  2.00003  2.00797  5.16171  3.10963  1  0.0079731  
0.839508  0.282968  2.00003  2.00797  5.16171  3.10963  0.986651  0.0133511  
2.86405e-05  1.00799  2.00003  2.00797  5.16171  3.10963  0.33332  0.674653  
2.67246e-06  1.00799  2.00003  2.00797  5.16171  3.10963  0.264895  0.770461  
4.10095  0.912636  2.00003  2.00797  5.16171  3.10963  0.264895  0.770461  
0.000814497  1.00797  2.00003  2.00797  5.16171  3.10963  0.999999  0.00797409  
0.544642  0.59695  2.00003  2.00797  5.16171  3.10963  0.33332  0.674653  
0.91669  0.118593  2.00003  2.00797  5.16171  3.10963  0.986653  0.0133498  
0.496553  0.59695  2.00003  2.00797  5.16171  3.10963  0.33332  0.674653  
0.986723  0.013349  2.00003  2.00797  5.16171  3.10963  0.999998  0.00797854  
0.264922  0.770461  2.00003  2.00797  5.16171  3.10963  0.999998  0.00797854  
0.839508  0.282968  2.00003  2.00797  5.16171  3.10963  0.986651  0.0133511  
0.441949  0.618321  2.00003  2.00797  5.16171  3.10963  0.496553  0.59695  
0.333546  0.674653  2.00003  2.00797  5.16171  3.10963  0.98665  0.0133529  
0.264894  0.777754  2.00003  2.00797  5.16171  3.10963  0.91669  0.118593  
0.444839  0.618321  2.00003  2.00797  5.16171  3.10963  0.999998  0.00797854  
0.948128  0.118587  2.00003  2.00797  5.16171  3.10963  0.33332  0.674653  
0.496553  0.597598  2.00003  2.00797  5.16171  3.10963  0.33332  0.674653  
0.264894  0.77049  2.00003  2.00797  5.16171  3.10963  0.496553  0.59695  
0.967657  0.118588  2.00003  2.00797  5.16171  3.10963  0.33332  0.674653  
4.10445  0.0141828  2.00003  2.00797  5.16171  3.10963  0.91669  0.118593  
0.839508  0.282968  2.00003  2.00797  5.16171  3.10963  0.264894  0.777339  
4.1025  0.0401811  2.00003  2.00797  5.16171  3.10963  0.33332  0.674653  
0.841727  0.282968  2.00003  2.00797  5.16171  3.10963  0.264894  0.770464  
1.00004  0.0079731  2.00003  2.00797  5.16171  3.10963  0.91669  0.118593  
0.999998  0.00798102  2.00003  2.00797  5.16171  3.10963  0.916697  0.118588  
4.10144  0.409599  2.00003  2.00797  5.16171  3.10963  0.916758  0.118587  
0.919725  0.118587  2.00003  2.00797  5.16171  3.10963  0.33332  0.674653  
0.333345  0.674654  2.00003  2.00797  5.16171  3.10963  0.91669  0.118593  
2.41774e-09  1.00797  2.00003  2.00797  5.16171  3.10963  0.33332  0.674653  
0.942782  0.118587  2.00003  2.00797  5.16171  3.10963  0.264895  0.770461  
0.0567443  1.00797  2.00003  2.00797  5.16171  3.10963  1.00003  0.0079731  
8.3295e-07  1.00808  2.00003  2.00797  5.16171  3.10963  0.264895  0.770461  
0.916758  0.118587  2.00003  2.00797  5.16171  3.10963  0.986651  0.0133511  
1.76822e-06  1.00805  2.00003  2.00797  5.16171  3.10963  0.999998  0.00797854  
4.1519  0.0135902  2.00003  2.00797  5.16171  3.10963  0.986656  0.0133488  
0.280207  0.770461  2.00003  2.00797  5.16171  3.10963  0.91669  0.118593  
1  0.00797787  2.00003  2.00797  5.16171  3.10963  0.496553  0.59695  
4.10159  0.394331  2.00003  2.00797  5.16171  3.10963  0.986656  0.0133488  
0.33332  0.674653  2.00003  2.00797  5.16171  3.10963  0.999998  0.00797854  
4.10487  0.0135902  2.00003  2.00797  5.16171  3.10963  0.942782  0.118587  
4.15754  0.0135636  2.00003  2.00797  5.16171  3.10963  0.986653  0.0133494  
0.96819  0.118587  2.00003  2.00797  5.16171  3.10963  0.986652  0.0133498  
4.14036  0.397523  2.00003  2.00797  5.16171  3.10963  0.33332  0.674653  
0.919106  0.118593  2.00003  2.00797  5.16171  3.10963  0.916758  0.118587  
0.967704  0.118588  2.00003  2.00797  5.16171  3.10963  0.999998  0.00797854  
0.98665  0.0133529  2.00003  2.00797  5.16171  3.10963  0.496553  0.59695  
0.341202  0.674653  2.00003  2.00797  5.16171  3.10963  0.839508  0.282968  
0.986801  0.0133488  2.00003  2.00797  5.16171  3.10963  0.264895  0.770461  
4.16171  0.0134847  2.00003  2.00797  5.16171  3.10963  2.37585e-09  1.00797  
0.967647  0.118597  2.00003  2.00797  5.16171  3.10963  0.496553  0.597598  
0.0632979  1.00797  2.00003  2.00797  5.16171  3.10963  0.441949  0.618321  
0.919433  0.118588  2.00003  2.00797  5.16171  3.10963  0.33332  0.674653  
0.0569814  1.00797  2.00003  2.00797  5.16171  3.10963  0.264894  0.777754  
4.14031  2.10963  2  2.00797  5.16171  3.10963  0.441945  0.619298  
0.0565956  1.71586  2  2.00797  5.16171  3.10963  0.986652  0.0133489  
0.967647  0.118599  2  2.00797  5.16171  3.10963  0.999998  0.0079783  
0.967696  0.118629  2  2.00797  5.16171  3.10963  0.999998  0.0079783  
0.98665  0.0133541  2  2.00797  5.16171  3.10963  0.496552  0.59695  
4.14031  2.10963  2  2.00797  5.16171  3.10963  0.999998  0.0079783  
4.14032  0.603202  2  2.00797  5.16171  3.10963  0.441944  0.620596  
0.918949  0.118593  2  2.00797  5.16171  3.10963  0.264891  0.770466  
4.10088  0.977189  2  2.00797  5.16171  3.10963  0.264891  0.770466  
0.0565956  1.71586  2  2.00797  5.16171  3.10963  0.441949  0.618321  
0.967696  0.118629  2  2.00797  5.16171  3.10963  0.839508  0.282968  
4.10088  0.977189  2  2.00797  5.16171  3.10963  0.333323  0.674652  
8.19397e-07  1.01446  2  2.00797  5.16171  3.10963  0.333323  0.674652  
4.10088  0.977189  2  2.00797  5.16171  3.10963  0.999998  0.0079783  
2.40266e-05  1.00807  2  2.00797  5.16171  3.10963  0.264891  0.770466  
0.999998  0.00797854  2  2.00797  5.16171  3.10963  0.999998  0.0079783  
0.0566022  1.00797  2  2.00797  5.16171  3.10963  0.2649  0.770459  
1.12043e-06  1.00863  2  2.00797  5.16171  3.10963  0.999998  0.0079783  
0.967655  0.118601  2  2.00797  5.16171  3.10963  0.441949  0.618321  
1.76808e-06  1.0524  2  2.00797  5.16171  3.10963  0.999998  0.0079783  
1  0.010617  2  2.00797  5.16171  3.10963  0.333323  0.674652  
0.333343  0.674652  2  2.00797  5.16171  3.10963  0.986651  0.0133502  
1  0.0459283  2  2.00797  5.16171  3.10963  0.916677  0.118594  
1.24001e-05  1.00801  2  2.00797  5.16171  3.10963  0.333323  0.674652  
5.75258e-07  1.00801  2  2.00797  5.16171  3.10963  0.333323  0.674652  
0.333324  0.674661  2  2.00797  5.16171  3.10963  0.333323  0.674652  
1  0.00919741  2  2.00797  5.16171  3.10963  0.264891  0.770468  
0.967645  0.118592  2  2.00797  5.16171  3.10963  0.990779  0.0133482  
0.967647  0.118599  2  2.00797  5.16171  3.10963  0.496552  0.59695  
0.441951  0.61832  2  2.00797  5.16171  3.10963  0.999999  0.00797408  
0.986692  0.0133485  2  2.00797  5.16171  3.10963  0.999998  0.0079783  
5.22536e-07  1.00803  2  2.00797  5.16171  3.10963  0.986654  0.0133485  
0.986673  0.013354  2  2.00797  5.16171  3.10963  0.264891  0.770465  
0.264919  0.77047  2  2.00797  5.16171  3.10963  2.32274e-09  1.00797  
0.967646  0.120744  2  2.00797  5.16171  3.10963  0.916677  0.118594  
0.0567137  1.00807  2  2.00797  5.16171  3.10963  1  0.0079731  
0.264917  0.770497  2  2.00797  5.16171  3.10963  1  0.00797314  
4.10099  0.474959  2  2.00797  5.16171  3.10963  0.986652  0.0133489  
0.333343  0.674666  2  2.00797  5.16171  3.10963  0.990779  0.0133482  
0.918945  0.4031  2  2.00797  5.16171  3.10963  1  0.00797314  
1  0.010617  2  2.00797  5.16171  3.10963  0.839508  0.282968  
0.0567174  1.00799  2  2.00797  5.16171  3.10963  1  0.00797314  
3.73751e-05  1.00798  2  2.00797  5.16171  3.10963  0.264894  0.770461  
0.264902  0.770459  2  2.00797  5.16171  3.10963  0.916678  0.118593  
4.14169  0.0141828  2  2.00797  5.16171  3.10963  2.32274e-09  1.00797  
5.51841e-05  1.00797  2  2.00797  5.16171  3.10963  0.496552  0.59695  
0.918945  0.282973  2  2.00797  5.16171  3.10963  0.496552  0.59695  
0.267676  0.770459  2  2.00797  5.16171  3.10963  0.98665  0.0133552  
2.86405e-05  1.00799  2  2.00797  5.16171  3.10963  0.999998  0.0079783  
2.67246e-06  1.00799  2  2.00797  5.16171  3.10963  0.441949  0.618321  
4.10095  0.912636  2  2.00797  5.16171  3.10963  0.916747  0.118584  
0.000814497  1.00797  2  2.00797  5.16171  3.10963  0.333323  0.674652  
0.265244  0.770459  2  2.00797  5.16171  3.10963  1  0.00797314  
0.918945  0.118586  2  2.00797  5.16171  3.10963  2.32274e-09  1.00797  
0.918956  0.118585  2  2.00797  5.16171  3.10963  1  0.00797314  
0.264891  0.770469  2  2.00797  5.16171  3.10963  0.264899  0.770459  
0.33332  0.674793  2  2.00797  5.16171  3.10963  0.264893  0.770462  
0.839508  0.282968  2  2.00797  5.16171  3.10963  0.333323  0.674652  
0.916675  0.118698  2  2.00797  5.16171  3.10963  0.916675  0.118598  
4.14032  0.645359  2  2.00797  5.16171  3.10963  0.264891  0.770468  
0.33332  0.674876  2  2.00797  5.16171  3.10963  0.999999  0.00797382  
0.264891  0.770468  2  2.00797  5.16171  3.10963  0.496552  0.59695  
0.919152  0.118584  2  2.00797  5.16171  3.10963  0.2649  0.770459  
0.91991  0.118584  2  2.00797  5.16171  3.10963  0.916687  0.118586  
0.26969  0.770458  2  2.00797  5.16171  3.10963  0.264895  0.77046  
0.967657  0.118588  2  2.00797  5.16171  3.10963  0.441953  0.618319  
4.10445  0.0141828  2  2.00797  5.16171  3.10963  0.98665  0.0133552  
0.26489  0.844434  2  2.00797  5.16171  3.10963  0.264894  0.770461  
4.1025  0.0401811  2  2.00797  5.16171  3.10963  0.441945  0.618333  
0.83986  0.282968  2  2.00797  5.16171  3.10963  0.986651  0.0133495  
1.00004  0.0079731  2  2.00797  5.16171  3.10963  0.916687  0.118587  
0.916989  0.118584  2  2.00797  5.16171  3.10963  1  0.00797314  
4.10144  0.409599  2  2.00797  5.16171  3.10963  0.441952  0.61832  
0.441953  0.618319  2  2.00797  5.16171  3.10963  0.264891  0.770466  
0.916674  0.118615  2  2.00797  5.16171  3.10963  0.496552  0.59695  
2.41774e-09  1.00797  2  2.00797  5.16171  3.10963  0.441949  0.618321  
0.441945  0.618334  2  2.00797  5.16171  3.10963  0.999999  0.00797405  
0.0567443  1.00797  2  2.00797  5.16171  3.10963  0.986651  0.0133508  
8.3295e-07  1.00808  2  2.00797  5.16171  3.10963  0.916677  0.118594  
0.916689  0.118585  2  2.00797  5.16171  3.10963  1  0.0079731  
1.76822e-06  1.00805  2  2.00797  5.16171  3.10963  0.999999  0.00797409  
4.1519  0.0135902  2  2.00797  5.16171  3.10963  1  0.0079731  
0.264924  0.770459  2  2.00797  5.16171  3.10963  2.32274e-09  1.00797  
1  0.00797787  2  2.00797  5.16171  3.10963  0.999998  0.00797688  
4.10159  0.394331  2  2.00797  5.16171  3.10963  0.986654  0.0133485  
0.33332  0.674653  2  2.00797  5.16171  3.10963  0.916678  0.118593  
4.10487  0.0135902  2  2.00797  5.16171  3.10963  0.999999  0.00797384  
4.15754  0.0135636  2  2.00797  5.16171  3.10963  0.986652  0.0133489  
0.986649  0.0133562  2  2.00797  5.16171  3.10963  0.986651  0.0133502  
4.14036  0.397523  2  2.00797  5.16171  3.10963  0.33332  0.674653  
0.916675  0.118606  2  2.00797  5.16171  3.10963  0.33332  0.674654  
0.967704  0.118588  2  2.00797  5.16171  3.10963  0.839508  0.282968  
0.496552  0.59695  2  2.00797  5.16171  3.10963  0.333323  0.674652  
0.441944  0.620596  2  2.00797  5.16171  3.10963  0.986649  0.0133561  
0.990779  0.0133482  2  2.00797  5.16171  3.10963  0.990779  0.0133482  
4.16171  0.0134847  2  2.00797  5.16171  3.10963  0.26969  0.770458  
0.967647  0.118597  2  2.00797  5.16171  3.10963  0.26489  0.844434  
0.0632979  1.00797  2  2.00797  5.16171  3.10963  0.33332  0.674876  
0.967733  0.118584  2  2.00797  5.16171  3.10963  0.441944  0.620596  
0.0569814  1.00797  2  2.00797  5.16171  3.10963  0.916674  0.118615  
4.14031  2.10963  5.10341  6.61286  5.16171  6.61286  0.986653  0.0133479  
0.0565956  1.71586  5.10341  6.61286  5.16171  6.61286  1  0.00797309  
0.967647  0.118599  5.10341  6.61286  5.16171  6.61286  0.441958  0.618317  
0.967696  0.118629  5.10341  6.61286  5.16171  6.61286  0.916674  0.118614  
0.98665  0.0133541  5.10341  6.61286  5.16171  6.61286  0.916693  0.118584  
4.14031  2.10963  5.10341  6.61286  5.16171  6.61286  0.26489  0.770467  
4.14032  0.603202  5.10341  6.61286  5.16171  6.61286  1  0.00797309  
0.918949  0.118593  5.10341  6.61286  5.16171  6.61286  0.441958  0.618317  
4.10088  0.977189  5.10341  6.61286  5.16171  6.61286  0.26489  0.770467  
0.0565956  1.71586  5.10341  6.61286  5.16171  6.61286  0.986651  0.0133507  
0.967696  0.118629  5.10341  6.61286  5.16171  6.61286  0.916687  0.118586  
4.10088  0.977189  5.10341  6.61286  5.16171  6.61286  0.916675  0.118597  
8.19397e-07  1.01446  5.10341  6.61286  5.16171  6.61286  0.264895  0.77046  
4.10088  0.977189  5.10341  6.61286  5.16171  6.61286  0.916693  0.118584  
2.40266e-05  1.00807  5.10341  6.61286  5.16171  6.61286  0.441958  0.618317  
0.999998  0.00797854  5.10341  6.61286  5.16171  6.61286  0.916693  0.118584  
0.0566022  1.00797  5.10341  6.61286  5.16171  6.61286  0.441955  0.618318  
1.12043e-06  1.00863  5.10341  6.61286  5.16171  6.61286  0.441943  0.618466  
0.967655  0.118601  5.10341  6.61286  5.16171  6.61286  0.999999  0.00797402  
1.76808e-06  1.0524  5.10341  6.61286  5.16171  6.61286  0.2649  0.770457  
1  0.010617  5.10341  6.61286  5.16171  6.61286  0.916687  0.118586  
0.333343  0.674652  5.10341  6.61286  5.16171  6.61286  0.999991  0.00843383  
1  0.0459283  5.10341  6.61286  5.16171  6.61286  0.441955  0.618318  
1.24001e-05  1.00801  5.10341  6.61286  5.16171  6.61286  0.441958  0.618317  
5.75258e-07  1.00801  5.10341  6.61286  5.16171  6.61286  0.916675  0.118597  
0.333324  0.674661  5.10341  6.61286  5.16171  6.61286  0.916674  0.118614  
1  0.00919741  5.10341  6.61286  5.16171  6.61286  0.26489  0.770467  
0.967645  0.118592  5.10341  6.61286  5.16171  6.61286  0.916693  0.118584  
0.967647  0.118599  5.10341  6.61286  5.16171  6.61286  0.916674  0.118614  
0.441951  0.61832  5.10341  6.61286  5.16171  6.61286  0.333323  0.674652  
0.986692  0.0133485  5.10341  6.61286  5.16171  6.61286  0.496552  0.59695  
5.22536e-07  1.00803  5.10341  6.61286  5.16171  6.61286  0.441958  0.618317  
0.986673  0.013354  5.10341  6.61286  5.16171  6.61286  0.916675  0.118597  
0.264919  0.77047  5.10341  6.61286  5.16171  6.61286  0.441949  0.618321  
0.967646  0.120744  5.10341  6.61286  5.16171  6.61286  0.2649  0.770457  
0.0567137  1.00807  5.10341  6.61286  5.16171  6.61286  0.916675  0.118597  
0.264917  0.770497  5.10341  6.61286  5.16171  6.61286  0.441949  0.618321  
4.10099  0.474959  5.10341  6.61286  5.16171  6.61286  0.26489  0.770468  
0.333343  0.674666  5.10341  6.61286  5.16171  6.61286  0.986653  0.0133479  
0.279161  0.770457  5.10341  6.61286  5.16171  6.61286  0.916674  0.118614  
0.503272  0.59695  5.10341  6.61286  5.16171  6.61286  0.264893  0.770462  
0.0567174  1.00799  5.10341  6.61286  5.16171  6.61286  0.916674  0.118614  
0.999991  0.00853265  5.10341  6.61286  5.16171  6.61286  0.441952  0.618319  
0.986649  0.0159647  5.10341  6.61286  5.16171  6.61286  0.441943  0.618466  
4.14169  0.0141828  5.10341  6.61286  5.16171  6.61286  0.441944  0.618333  
5.51841e-05  1.00797  5.10341  6.61286  5.16171  6.61286  0.916693  0.118584  
0.333319  0.674668  5.10341  6.61286  5.16171  6.61286  0.441955  0.618318  
0.916674  0.11896  5.10341  6.61286  5.16171  6.61286  0.986649  0.0133547  
2.86405e-05  1.00799  5.10341  6.61286  5.16171  6.61286  1  0.00797309  
2.67246e-06  1.00799  5.10341  6.61286  5.16171  6.61286  1  0.00797309  
4.10095  0.912636  5.10341  6.61286  5.16171  6.61286  0.916678  0.118592  
0.000814497  1.00797  5.10341  6.61286  5.16171  6.61286  0.441949  0.618321  
0.441943  0.628416  5.10341  6.61286  5.16171  6.61286  0.999998  0.00797681  
0.989569  0.0133479  5.10341  6.61286  5.16171  6.61286  0.33332  0.674654  
0.918956  0.118585  5.10341  6.61286  5.16171  6.61286  1  0.00797313  
0.34354  0.674651  5.10341  6.61286  5.16171  6.61286  0.264899  0.770458  
0.839508  0.282968  5.10341  6.61286  5.16171  6.61286  0.264893  0.770462  
0.264976  0.770457  5.10341  6.61286  5.16171  6.61286  0.986649  0.0133559  
0.999992  0.00799118  5.10341  6.61286  5.16171  6.61286  0.333319  0.674655  
4.14032  0.645359  5.10341  6.61286  5.16171  6.61286  0.986649  0.013357  
0.93129  0.118584  5.10341  6.61286  5.16171  6.61286  0.999999  0.00797381  
0.26492  0.770458  5.10341  6.61286  5.16171  6.61286  0.916674  0.118614  
0.919152  0.118584  5.10341  6.61286  5.16171  6.61286  0.264899  0.770457  
0.91991  0.118584  5.10341  6.61286  5.16171  6.61286  0.916687  0.118586  
0.441943  0.618468  5.10341  6.61286  5.16171  6.61286  0.264895  0.77046  
0.967657  0.118588  5.10341  6.61286  5.16171  6.61286  0.441952  0.618319  
4.10445  0.0141828  5.10341  6.61286  5.16171  6.61286  0.986649  0.0133547  
0.969418  0.118584  5.10341  6.61286  5.16171  6.61286  0.264894  0.770461  
4.1025  0.0401811  5.10341  6.61286  5.16171  6.61286  0.26489  0.770467  
0.334643  0.674651  5.10341  6.61286  5.16171  6.61286  0.986651  0.0133494  
1.00004  0.0079731  5.10341  6.61286  5.16171  6.61286  0.916686  0.118586  
0.916699  0.118584  5.10341  6.61286  5.16171  6.61286  1  0.00797314  
4.10144  0.409599  5.10341  6.61286  5.16171  6.61286  0.441952  0.618319  
0.441943  0.627658  5.10341  6.61286  5.16171  6.61286  0.264891  0.770466  
0.916674  0.118615  5.10341  6.61286  5.16171  6.61286  0.26489  0.770467  
4.03269e-10  1.00797  5.10341  6.61286  5.16171  6.61286  0.916674  0.11896  
0.441945  0.618333  5.10341  6.61286  5.16171  6.61286  0.264899  0.770457  
0.0567443  1.00797  5.10341  6.61286  5.16171  6.61286  0.986651  0.0133507  
8.3295e-07  1.00808  5.10341  6.61286  5.16171  6.61286  0.916675  0.118597  
0.916689  0.118585  5.10341  6.61286  5.16171  6.61286  0.333323  0.674652  
1.76822e-06  1.00805  5.10341  6.61286  5.16171  6.61286  0.999999  0.00797402  
4.1519  0.0135902  5.10341  6.61286  5.16171  6.61286  1  0.00797309  
0.986649  0.0133561  5.10341  6.61286  5.16171  6.61286  4.03269e-10  1.00797  
1  0.00797787  5.10341  6.61286  5.16171  6.61286  0.999998  0.00797653  
4.10159  0.394331  5.10341  6.61286  5.16171  6.61286  0.496552  0.59695  
0.921774  0.118584  5.10341  6.61286  5.16171  6.61286  0.916677  0.118593  
4.10487  0.0135902  5.10341  6.61286  5.16171  6.61286  0.999999  0.00797383  
4.15754  0.0135636  5.10341  6.61286  5.16171  6.61286  0.986652  0.0133488  
0.441958  0.618317  5.10341  6.61286  5.16171  6.61286  0.986651  0.0133501  
4.14036  0.397523  5.10341  6.61286  5.16171  6.61286  0.333319  0.674668  
1.0232  0.00797309  5.10341  6.61286  5.16171  6.61286  0.333319  0.674657  
0.967704  0.118588  5.10341  6.61286  5.16171  6.61286  0.999991  0.00843383  
0.496552  0.59695  5.10341  6.61286  5.16171  6.61286  0.839508  0.282968  
0.26489  0.770473  5.10341  6.61286  5.16171  6.61286  0.441943  0.618466  
0.987367  0.013348  5.10341  6.61286  5.16171  6.61286  0.916699  0.118584  
4.16171  0.0134847  5.10341  6.61286  5.16171  6.61286  0.999992  0.0079901  
0.967647  0.118597  5.10341  6.61286  5.16171  6.61286  0.441943  0.627658  
0.0632979  1.00797  5.10341  6.61286  5.16171  6.61286  0.333324  0.674651  
0.967733  0.118584  5.10341  6.61286  5.16171  6.61286  0.264976  0.770457  
0.0569814  1.00797  5.10341  6.61286  5.16171  6.61286  0.26489  0.770473  
