1.42347  3.63358  3.34403  5.36384  1.79769e+308  1.79769e+308  1.42347  3.63358  
1.45535  3.72111  3.34403  5.36384  1.79769e+308  1.79769e+308  1.45535  3.72111  
0.540016  4.35895  3.34403  5.36384  1.79769e+308  1.79769e+308  0.540016  4.35895  
1.58124  3.74398  3.34403  5.36384  1.79769e+308  1.79769e+308  1.58124  3.74398  
0.916172  4.34773  3.34403  5.36384  1.79769e+308  1.79769e+308  0.916172  4.34773  
1.19133  3.9311  3.34403  5.36384  1.79769e+308  1.79769e+308  1.19133  3.9311  
1.93772  2.78081  3.34403  5.36384  1.79769e+308  1.79769e+308  1.93772  2.78081  
1.50236  3.67024  3.34403  5.36384  1.79769e+308  1.79769e+308  1.50236  3.67024  
1.18025  4.05302  3.34403  5.36384  1.79769e+308  1.79769e+308  1.18025  4.05302  
0.819182  4.1598  3.34403  5.36384  1.79769e+308  1.79769e+308  0.819182  4.1598  
1.16823  4.03445  3.34403  5.36384  1.79769e+308  1.79769e+308  1.16823  4.03445  
1.49932  3.60677  3.34403  5.36384  1.79769e+308  1.79769e+308  1.49932  3.60677  
1.39414  3.82105  3.34403  5.36384  1.79769e+308  1.79769e+308  1.39414  3.82105  
1.48688  3.64297  3.34403  5.36384  1.79769e+308  1.79769e+308  1.48688  3.64297  
1.18835  4.12897  3.34403  5.36384  1.79769e+308  1.79769e+308  1.18835  4.12897  
1.22611  4.0461  3.34403  5.36384  1.79769e+308  1.79769e+308  1.22611  4.0461  
1.33121  3.7564  3.34403  5.36384  1.79769e+308  1.79769e+308  1.33121  3.7564  
0.650385  4.16588  3.34403  5.36384  1.79769e+308  1.79769e+308  0.650385  4.16588  
1.13901  4.12046  3.34403  5.36384  1.79769e+308  1.79769e+308  1.13901  4.12046  
1.61995  3.64298  3.34403  5.36384  1.79769e+308  1.79769e+308  1.61995  3.64298  
1.22987  3.9947  3.34403  5.36384  1.79769e+308  1.79769e+308  1.22987  3.9947  
1.01777  4.09946  3.34403  5.36384  1.79769e+308  1.79769e+308  1.01777  4.09946  
1.98691  2.52757  3.34403  5.36384  1.79769e+308  1.79769e+308  1.98691  2.52757  
0.997855  4.18177  3.34403  5.36384  1.79769e+308  1.79769e+308  0.997855  4.18177  
1.1571  4.08981  3.34403  5.36384  1.79769e+308  1.79769e+308  1.1571  4.08981  
0.802304  4.20613  3.34403  5.36384  1.79769e+308  1.79769e+308  0.802304  4.20613  
1.13687  4.06922  3.34403  5.36384  1.79769e+308  1.79769e+308  1.13687  4.06922  
1.16865  3.84827  3.34403  5.36384  1.79769e+308  1.79769e+308  1.16865  3.84827  
1.8287  3.1385  3.34403  5.36384  1.79769e+308  1.79769e+308  1.8287  3.1385  
1.18505  4.12358  3.34403  5.36384  1.79769e+308  1.79769e+308  1.18505  4.12358  
1.36429  3.72347  3.34403  5.36384  1.79769e+308  1.79769e+308  1.36429  3.72347  
1.39948  3.75486  3.34403  5.36384  1.79769e+308  1.79769e+308  1.39948  3.75486  
1.5758  3.57647  3.34403  5.36384  1.79769e+308  1.79769e+308  1.5758  3.57647  
1.65981  3.40591  3.34403  5.36384  1.79769e+308  1.79769e+308  1.65981  3.40591  
1.41621  3.53992  3.34403  5.36384  1.79769e+308  1.79769e+308  1.41621  3.53992  
1.39412  3.92422  3.34403  5.36384  1.79769e+308  1.79769e+308  1.39412  3.92422  
1.1511  4.19441  3.34403  5.36384  1.79769e+308  1.79769e+308  1.1511  4.19441  
0.805738  4.20457  3.34403  5.36384  1.79769e+308  1.79769e+308  0.805738  4.20457  
1.88803  2.96074  3.34403  5.36384  1.79769e+308  1.79769e+308  1.88803  2.96074  
1.50687  3.90167  3.34403  5.36384  1.79769e+308  1.79769e+308  1.50687  3.90167  
1.56037  3.79968  3.34403  5.36384  1.79769e+308  1.79769e+308  1.56037  3.79968  
1.25977  3.96524  3.34403  5.36384  1.79769e+308  1.79769e+308  1.25977  3.96524  
1.55309  3.41933  3.34403  5.36384  1.79769e+308  1.79769e+308  1.55309  3.41933  
0.953193  4.23585  3.34403  5.36384  1.79769e+308  1.79769e+308  0.953193  4.23585  
1.54283  3.65935  3.34403  5.36384  1.79769e+308  1.79769e+308  1.54283  3.65935  
1.08784  3.99034  3.34403  5.36384  1.79769e+308  1.79769e+308  1.08784  3.99034  
0.933688  4.20291  3.34403  5.36384  1.79769e+308  1.79769e+308  0.933688  4.20291  
1.18688  3.92699  3.34403  5.36384  1.79769e+308  1.79769e+308  1.18688  3.92699  
0.670049  4.33286  3.34403  5.36384  1.79769e+308  1.79769e+308  0.670049  4.33286  
1.11668  3.93784  3.34403  5.36384  1.79769e+308  1.79769e+308  1.11668  3.93784  
1.71389  3.29262  3.34403  5.36384  1.79769e+308  1.79769e+308  1.71389  3.29262  
1.37765  3.82504  3.34403  5.36384  1.79769e+308  1.79769e+308  1.37765  3.82504  
1.56284  3.60918  3.34403  5.36384  1.79769e+308  1.79769e+308  1.56284  3.60918  
1.72775  3.55739  3.34403  5.36384  1.79769e+308  1.79769e+308  1.72775  3.55739  
0.964223  4.16118  3.34403  5.36384  1.79769e+308  1.79769e+308  0.964223  4.16118  
1.0565  4.24713  3.34403  5.36384  1.79769e+308  1.79769e+308  1.0565  4.24713  
1.41933  3.79912  3.34403  5.36384  1.79769e+308  1.79769e+308  1.41933  3.79912  
1.61222  3.34728  3.34403  5.36384  1.79769e+308  1.79769e+308  1.61222  3.34728  
1.87939  3.09005  3.34403  5.36384  1.79769e+308  1.79769e+308  1.87939  3.09005  
1.52232  3.77936  3.34403  5.36384  1.79769e+308  1.79769e+308  1.52232  3.77936  
1.73448  3.41598  3.34403  5.36384  1.79769e+308  1.79769e+308  1.73448  3.41598  
1.79412  3.26602  3.34403  5.36384  1.79769e+308  1.79769e+308  1.79412  3.26602  
1.49913  3.50136  3.34403  5.36384  1.79769e+308  1.79769e+308  1.49913  3.50136  
1.29624  3.97375  3.34403  5.36384  1.79769e+308  1.79769e+308  1.29624  3.97375  
1.05773  4.12923  3.34403  5.36384  1.79769e+308  1.79769e+308  1.05773  4.12923  
1.67443  3.30877  3.34403  5.36384  1.79769e+308  1.79769e+308  1.67443  3.30877  
1.27067  3.91512  3.34403  5.36384  1.79769e+308  1.79769e+308  1.27067  3.91512  
1.19757  3.91278  3.34403  5.36384  1.79769e+308  1.79769e+308  1.19757  3.91278  
1.54831  3.37864  3.34403  5.36384  1.79769e+308  1.79769e+308  1.54831  3.37864  
2.34403  1.42519  3.34403  5.36384  1.79769e+308  1.79769e+308  2.34403  1.42519  
0.711301  4.21915  3.34403  5.36384  1.79769e+308  1.79769e+308  0.711301  4.21915  
1.76588  2.89718  3.34403  5.36384  1.79769e+308  1.79769e+308  1.76588  2.89718  
1.64281  3.70496  3.34403  5.36384  1.79769e+308  1.79769e+308  1.64281  3.70496  
1.69719  3.32614  3.34403  5.36384  1.79769e+308  1.79769e+308  1.69719  3.32614  
0.910658  4.26477  3.34403  5.36384  1.79769e+308  1.79769e+308  0.910658  4.26477  
1.29522  4.05369  3.34403  5.36384  1.79769e+308  1.79769e+308  1.29522  4.05369  
1.42381  3.87289  3.34403  5.36384  1.79769e+308  1.79769e+308  1.42381  3.87289  
2.12821  2.16213  3.34403  5.36384  1.79769e+308  1.79769e+308  2.12821  2.16213  
1.7069  3.17402  3.34403  5.36384  1.79769e+308  1.79769e+308  1.7069  3.17402  
1.03401  4.12492  3.34403  5.36384  1.79769e+308  1.79769e+308  1.03401  4.12492  
1.45614  3.69394  3.34403  5.36384  1.79769e+308  1.79769e+308  1.45614  3.69394  
1.21157  4.04123  3.34403  5.36384  1.79769e+308  1.79769e+308  1.21157  4.04123  
1.03595  4.1062  3.34403  5.36384  1.79769e+308  1.79769e+308  1.03595  4.1062  
1.90214  2.81836  3.34403  5.36384  1.79769e+308  1.79769e+308  1.90214  2.81836  
1.83125  2.96567  3.34403  5.36384  1.79769e+308  1.79769e+308  1.83125  2.96567  
0.862675  4.16521  3.34403  5.36384  1.79769e+308  1.79769e+308  0.862675  4.16521  
1.68069  3.4049  3.34403  5.36384  1.79769e+308  1.79769e+308  1.68069  3.4049  
1.71666  3.13414  3.34403  5.36384  1.79769e+308  1.79769e+308  1.71666  3.13414  
1.50621  3.53491  3.34403  5.36384  1.79769e+308  1.79769e+308  1.50621  3.53491  
1.43987  3.75973  3.34403  5.36384  1.79769e+308  1.79769e+308  1.43987  3.75973  
1.50513  3.99669  3.34403  5.36384  1.79769e+308  1.79769e+308  1.50513  3.99669  
0.95057  4.36384  3.34403  5.36384  1.79769e+308  1.79769e+308  0.95057  4.36384  
1.55531  3.73207  3.34403  5.36384  1.79769e+308  1.79769e+308  1.55531  3.73207  
1.62127  3.29732  3.34403  5.36384  1.79769e+308  1.79769e+308  1.62127  3.29732  
1.87909  3.05097  3.34403  5.36384  1.79769e+308  1.79769e+308  1.87909  3.05097  
1.09662  3.97148  3.34403  5.36384  1.79769e+308  1.79769e+308  1.09662  3.97148  
1.26273  3.89769  3.34403  5.36384  1.79769e+308  1.79769e+308  1.26273  3.89769  
1.97052  2.67836  3.34403  5.36384  1.79769e+308  1.79769e+308  1.97052  2.67836  
1.46968  3.67707  3.34403  5.36384  1.79769e+308  1.79769e+308  1.46968  3.67707  
1.4092  3.7024  3.34403  5.36384  1.79769e+308  1.79769e+308  1.4092  3.7024  
0.652419  3.82145  3.17803  5.15844  3.01252  5.01298  1.73902  2.84147  
1.79232  1.86454  3.17803  5.15844  3.01252  5.01298  1.85499  2.73932  
0.408355  3.96468  3.17803  5.15844  3.01252  5.01298  1.65523  2.50284  
0.87598  3.68904  3.17803  5.15844  3.01252  5.01298  1.47582  3.50841  
1.75488  2.01033  3.17803  5.15844  3.01252  5.01298  2.10209  1.42519  
1.94316  1.13716  3.17803  5.15844  3.01252  5.01298  1.17697  3.55855  
2.00857  0.263794  3.17803  5.15844  3.01252  5.01298  1.8781  2.06186  
1.05091  3.47041  3.17803  5.15844  3.01252  5.01298  1.56809  2.9576  
1.87733  1.4965  3.17803  5.15844  3.01252  5.01298  1.27805  3.64941  
1.67224  2.30556  3.17803  5.15844  3.01252  5.01298  1.7976  2.64754  
0.724832  3.80214  3.17803  5.15844  3.01252  5.01298  1.86741  2.43404  
1.21937  3.24523  3.17803  5.15844  3.01252  5.01298  2.0823  1.84121  
0.0137478  4.01298  3.17803  5.15844  3.01252  5.01298  1.55914  3.11725  
1.56321  2.60529  3.17803  5.15844  3.01252  5.01298  1.2686  3.53419  
1.97584  0.775077  3.17803  5.15844  3.01252  5.01298  1.53084  3.09607  
0.621264  3.86278  3.17803  5.15844  3.01252  5.01298  1.34215  3.39963  
1.59522  2.50388  3.17803  5.15844  3.01252  5.01298  1.51156  2.73764  
1.39335  2.94958  3.17803  5.15844  3.01252  5.01298  1.09435  3.66259  
0.887739  3.64241  3.17803  5.15844  3.01252  5.01298  1.53876  3.29499  
1.83002  1.71194  3.17803  5.15844  3.01252  5.01298  1.43443  3.07502  
1.34808  3.03167  3.17803  5.15844  3.01252  5.01298  1.18657  3.69909  
1.4915  2.75479  3.17803  5.15844  3.01252  5.01298  1.28487  3.55531  
0.249746  3.98559  3.17803  5.15844  3.01252  5.01298  0.0137478  4.01298  
0.75983  3.75618  3.17803  5.15844  3.01252  5.01298  0.717686  3.97898  
1.84326  1.65051  3.17803  5.15844  3.01252  5.01298  1.53824  3.23046  
1.80216  1.83183  3.17803  5.15844  3.01252  5.01298  1.46915  3.49044  
1.43026  2.90164  3.17803  5.15844  3.01252  5.01298  2.17803  0.650647  
1.54717  2.65983  3.17803  5.15844  3.01252  5.01298  0.933028  3.71822  
1.16719  3.33811  3.17803  5.15844  3.01252  5.01298  1.71901  3.05324  
1.58441  2.54426  3.17803  5.15844  3.01252  5.01298  2.03066  1.58228  
0.580205  3.87985  3.17803  5.15844  3.01252  5.01298  1.78732  2.9033  
1.66416  2.34062  3.17803  5.15844  3.01252  5.01298  1.05842  3.6089  
1.31509  3.0861  3.17803  5.15844  3.01252  5.01298  1.79352  1.88612  
1.29242  3.12885  3.17803  5.15844  3.01252  5.01298  1.92233  2.81222  
1.87091  1.53996  3.17803  5.15844  3.01252  5.01298  1.3912  3.23449  
1.18079  3.30092  3.17803  5.15844  3.01252  5.01298  1.6472  3.01242  
1.99918  0.477331  3.17803  5.15844  3.01252  5.01298  1.97733  2.02901  
1.63717  2.40939  3.17803  5.15844  3.01252  5.01298  1.29983  3.55968  
1.07293  3.44735  3.17803  5.15844  3.01252  5.01298  1.25738  3.49477  
1.97296  0.909213  3.17803  5.15844  3.01252  5.01298  1.2399  3.65555  
1.8539  1.60929  3.17803  5.15844  3.01252  5.01298  1.63559  2.94327  
0.206545  3.99491  3.17803  5.15844  3.01252  5.01298  1.50937  3.33674  
1.71886  2.1411  3.17803  5.15844  3.01252  5.01298  1.22172  3.59243  
0.167473  4.00102  3.17803  5.15844  3.01252  5.01298  0.776026  3.86223  
1.76358  1.978  3.17803  5.15844  3.01252  5.01298  1.21782  3.72208  
1.44468  2.86385  3.17803  5.15844  3.01252  5.01298  1.00469  3.78549  
1.24417  3.20627  3.17803  5.15844  3.01252  5.01298  1.86272  2.5217  
1.69756  2.23896  3.17803  5.15844  3.01252  5.01298  1.70395  2.87702  
1.48307  2.78477  3.17803  5.15844  3.01252  5.01298  1.79802  2.60215  
2.00315  0.399202  3.17803  5.15844  3.01252  5.01298  1.03953  3.93499  
1.95097  1.08436  3.17803  5.15844  3.01252  5.01298  1.6973  2.905  
1.51766  2.70946  3.17803  5.15844  3.01252  5.01298  1.67223  2.98453  
1.02541  3.49212  3.17803  5.15844  3.01252  5.01298  1.5136  3.39421  
1.26323  3.17237  3.17803  5.15844  3.01252  5.01298  1.45678  3.46975  
1.96049  1.00953  3.17803  5.15844  3.01252  5.01298  1.77005  2.65496  
1.30074  3.11194  3.17803  5.15844  3.01252  5.01298  1.97392  2.38433  
1.81343  1.79635  3.17803  5.15844  3.01252  5.01298  1.40027  3.38748  
1.85878  1.58735  3.17803  5.15844  3.01252  5.01298  1.7097  2.85249  
1.91309  1.30461  3.17803  5.15844  3.01252  5.01298  1.30079  3.53018  
0.849783  3.71442  3.17803  5.15844  3.01252  5.01298  1.0791  3.88161  
1.41167  2.92108  3.17803  5.15844  3.01252  5.01298  1.77597  2.47729  
0.980673  3.5532  3.17803  5.15844  3.01252  5.01298  1.59851  3.19243  
1.74303  2.06462  3.17803  5.15844  3.01252  5.01298  1.72884  2.5866  
1.13951  3.36301  3.17803  5.15844  3.01252  5.01298  1.28514  3.29202  
0.52432  3.93832  3.17803  5.15844  3.01252  5.01298  0.837642  3.98695  
0.541148  3.91368  3.17803  5.15844  3.01252  5.01298  1.75507  2.46351  
0.491043  3.95681  3.17803  5.15844  3.01252  5.01298  1.1781  3.87512  
1.70716  2.20761  3.17803  5.15844  3.01252  5.01298  1.50172  3.24573  
1.27346  3.15432  3.17803  5.15844  3.01252  5.01298  1.45089  3.43143  
1.09136  3.4211  3.17803  5.15844  3.01252  5.01298  1.98086  2.14336  
1.93631  1.18769  3.17803  5.15844  3.01252  5.01298  2.12604  1.63983  
1.22904  3.23302  3.17803  5.15844  3.01252  5.01298  1.56811  3.21387  
1.60666  2.46012  3.17803  5.15844  3.01252  5.01298  1.31664  3.40413  
1.7701  1.9504  3.17803  5.15844  3.01252  5.01298  1.79302  2.55082  
1.83538  1.68689  3.17803  5.15844  3.01252  5.01298  1.6462  2.67658  
1.89519  1.4056  3.17803  5.15844  3.01252  5.01298  1.88158  2.41131  
1.00965  3.5258  3.17803  5.15844  3.01252  5.01298  1.73418  2.34294  
1.37649  2.983  3.17803  5.15844  3.01252  5.01298  1.26135  3.49172  
1.81984  1.75784  3.17803  5.15844  3.01252  5.01298  2.01252  0.0125183  
1.88738  1.44457  3.17803  5.15844  3.01252  5.01298  1.71588  2.66452  
1.20497  3.26634  3.17803  5.15844  3.01252  5.01298  1.52688  3.28655  
0.556128  3.90519  3.17803  5.15844  3.01252  5.01298  2.05053  1.76195  
1.11041  3.39704  3.17803  5.15844  3.01252  5.01298  1.51599  3.21413  
1.72255  2.13241  3.17803  5.15844  3.01252  5.01298  0.280322  4.15844  
1.78641  1.9006  3.17803  5.15844  3.01252  5.01298  2.04472  1.5427  
1.66  2.3678  3.17803  5.15844  3.01252  5.01298  1.07946  3.90927  
0.943625  3.59214  3.17803  5.15844  3.01252  5.01298  1.85403  2.413  
0.783455  3.7292  3.17803  5.15844  3.01252  5.01298  1.66733  2.85333  
1.5323  2.69164  3.17803  5.15844  3.01252  5.01298  2.00646  1.61294  
1.90421  1.35578  3.17803  5.15844  3.01252  5.01298  1.39576  3.23521  
1.46528  2.81062  3.17803  5.15844  3.01252  5.01298  1.84075  2.92181  
1.51047  2.72584  3.17803  5.15844  3.01252  5.01298  1.54057  3.2108  
1.99355  0.562112  3.17803  5.15844  3.01252  5.01298  2.09834  1.54366  
1.36163  3.00722  3.17803  5.15844  3.01252  5.01298  1.32031  3.56728  
1.92853  1.23382  3.17803  5.15844  3.01252  5.01298  1.39124  3.38786  
1.67915  2.26417  3.17803  5.15844  3.01252  5.01298  1.39742  3.45146  
2.01252  0.0125183  3.17803  5.15844  3.01252  5.01298  2.13942  1.21221  
1.33556  3.05502  3.17803  5.15844  3.01252  5.01298  1.21535  3.55418  
1.55518  2.63376  3.17803  5.15844  3.01252  5.01298  0.935708  3.93299  
0.110742  4.00819  3.17803  5.15844  3.01252  5.01298  1.91939  1.39426  
0.645932  3.82371  3.10625  5.08241  3.00352  5.00227  1.41995  3.05112  
1.64948  2.28199  3.10625  5.08241  3.00352  5.00227  1.43229  3.00749  
0.322518  3.9571  3.10625  5.08241  3.00352  5.00227  0.408073  4.03355  
0.848327  3.66611  3.10625  5.08241  3.00352  5.00227  1.46875  2.72839  
0.804583  3.70324  3.10625  5.08241  3.00352  5.00227  0.980077  3.609  
1.9312  1.11808  3.10625  5.08241  3.00352  5.00227  1.68616  2.48627  
0.573956  3.85625  3.10625  5.08241  3.00352  5.00227  1.63139  2.56673  
0.982248  3.50082  3.10625  5.08241  3.00352  5.00227  2.06771  0.0951563  
0.403464  3.93904  3.10625  5.08241  3.00352  5.00227  0.828568  3.74573  
1.66985  2.23054  3.10625  5.08241  3.00352  5.00227  1.0786  3.44572  
0.667488  3.80108  3.10625  5.08241  3.00352  5.00227  1.89553  1.86734  
1.24187  3.15822  3.10625  5.08241  3.00352  5.00227  1.82998  1.96119  
0.00278715  4.00227  3.10625  5.08241  3.00352  5.00227  1.37979  3.05273  
1.18171  3.24613  3.10625  5.08241  3.00352  5.00227  0.623938  3.90384  
1.97584  0.775077  3.10625  5.08241  3.00352  5.00227  2.08414  0.084577  
0.61704  3.84464  3.10625  5.08241  3.00352  5.00227  1.97388  1.01181  
1.58879  2.46535  3.10625  5.08241  3.00352  5.00227  1.85993  1.86023  
1.35802  2.94989  3.10625  5.08241  3.00352  5.00227  1.26812  3.32059  
0.88393  3.62402  3.10625  5.08241  3.00352  5.00227  1.33826  3.12648  
1.8246  1.68028  3.10625  5.08241  3.00352  5.00227  1.92304  1.45949  
1.43515  2.79816  3.10625  5.08241  3.00352  5.00227  1.51609  2.84642  
1.56101  2.51709  3.10625  5.08241  3.00352  5.00227  1.90364  1.28905  
1.75541  1.94053  3.10625  5.08241  3.00352  5.00227  0.00278715  4.00227  
0.697475  3.76057  3.10625  5.08241  3.00352  5.00227  1.07011  3.54471  
1.77969  1.84997  3.10625  5.08241  3.00352  5.00227  1.74232  2.28659  
1.68378  2.20479  3.10625  5.08241  3.00352  5.00227  0.767733  3.84461  
1.40385  2.86257  3.10625  5.08241  3.00352  5.00227  1.39688  3.20342  
1.51861  2.61643  3.10625  5.08241  3.00352  5.00227  1.56233  2.7297  
1.0885  3.37386  3.10625  5.08241  3.00352  5.00227  2.00617  0.950586  
2.00129  0.204605  3.10625  5.08241  3.00352  5.00227  0.733648  3.91309  
0.545583  3.87957  3.10625  5.08241  3.00352  5.00227  0.701087  3.96228  
1.66045  2.24891  3.10625  5.08241  3.00352  5.00227  1.60994  2.66952  
1.01351  3.46516  3.10625  5.08241  3.00352  5.00227  1.46303  3.14158  
1.26966  3.11888  3.10625  5.08241  3.00352  5.00227  1.16884  3.46844  
1.86323  1.51485  3.10625  5.08241  3.00352  5.00227  1.11545  3.5812  
1.001  3.47998  3.10625  5.08241  3.00352  5.00227  1.36477  3.20027  
1.38298  2.90133  3.10625  5.08241  3.00352  5.00227  1.59317  2.45886  
1.62859  2.35072  3.10625  5.08241  3.00352  5.00227  1.87291  1.65061  
1.1437  3.29991  3.10625  5.08241  3.00352  5.00227  1.22273  3.35253  
1.96442  0.810151  3.10625  5.08241  3.00352  5.00227  1.76296  1.91357  
1.90981  1.25571  3.10625  5.08241  3.00352  5.00227  1.00156  3.63353  
0.196177  3.98343  3.10625  5.08241  3.00352  5.00227  1.12402  3.52312  
0.679645  3.78267  3.10625  5.08241  3.00352  5.00227  1.55162  2.64642  
1.46676  2.73333  3.10625  5.08241  3.00352  5.00227  0.14529  4.08241  
1.87062  1.4779  3.10625  5.08241  3.00352  5.00227  0.784378  3.77294  
0.96651  3.51816  3.10625  5.08241  3.00352  5.00227  1.2487  3.26719  
1.50343  2.65383  3.10625  5.08241  3.00352  5.00227  1.94165  1.51942  
1.69356  2.15396  3.10625  5.08241  3.00352  5.00227  1.00987  3.53234  
1.80429  1.76089  3.10625  5.08241  3.00352  5.00227  1.10123  3.60982  
1.73674  2.00682  3.10625  5.08241  3.00352  5.00227  0.888199  3.68871  
1.94213  1.00292  3.10625  5.08241  3.00352  5.00227  2.02155  0.917277  
1.47796  2.71037  3.10625  5.08241  3.00352  5.00227  1.1999  3.41924  
1.15597  3.28284  3.10625  5.08241  3.00352  5.00227  1.27673  3.16038  
1.22417  3.18284  3.10625  5.08241  3.00352  5.00227  1.83518  1.63587  
1.95574  0.878865  3.10625  5.08241  3.00352  5.00227  1.01899  3.59273  
1.343  2.97764  3.10625  5.08241  3.00352  5.00227  1.40169  3.0508  
1.0337  3.44135  3.10625  5.08241  3.00352  5.00227  1.79855  2.15801  
1.49147  2.67928  3.10625  5.08241  3.00352  5.00227  0.965187  3.7065  
1.39199  2.88407  3.10625  5.08241  3.00352  5.00227  1.96443  1.22648  
1.61319  2.40144  3.10625  5.08241  3.00352  5.00227  0.63154  3.98637  
1.42005  2.82891  3.10625  5.08241  3.00352  5.00227  1.6612  2.35141  
1.88728  1.39214  3.10625  5.08241  3.00352  5.00227  1.26137  3.25116  
1.72384  2.05067  3.10625  5.08241  3.00352  5.00227  1.9386  1.63226  
1.11193  3.34287  3.10625  5.08241  3.00352  5.00227  0.825501  3.80617  
1.92559  1.17424  3.10625  5.08241  3.00352  5.00227  2.10625  0.210663  
0.493322  3.89952  3.10625  5.08241  3.00352  5.00227  1.98256  1.29373  
0.425321  3.93125  3.10625  5.08241  3.00352  5.00227  1.1437  3.29991  
1.70749  2.10954  3.10625  5.08241  3.00352  5.00227  1.26691  3.28413  
0.907838  3.59765  3.10625  5.08241  3.00352  5.00227  1.97366  1.20836  
1.53305  2.58393  3.10625  5.08241  3.00352  5.00227  1.33918  3.08138  
1.7501  1.9596  3.10625  5.08241  3.00352  5.00227  1.6245  2.54972  
1.57998  2.48727  3.10625  5.08241  3.00352  5.00227  0.97989  3.62552  
1.60252  2.42593  3.10625  5.08241  3.00352  5.00227  0.858518  3.76158  
1.13083  3.3168  3.10625  5.08241  3.00352  5.00227  1.84788  2.03681  
1.83784  1.62386  3.10625  5.08241  3.00352  5.00227  1.40259  2.90805  
1.89681  1.3333  3.10625  5.08241  3.00352  5.00227  0.940017  3.71568  
1.36574  2.93484  3.10625  5.08241  3.00352  5.00227  1.55703  2.71468  
1.85201  1.5581  3.10625  5.08241  3.00352  5.00227  1.67769  2.39071  
1.80905  1.73986  3.10625  5.08241  3.00352  5.00227  2.00352  0.00352012  
1.91736  1.21431  3.10625  5.08241  3.00352  5.00227  1.37551  3.12806  
1.98186  0.599852  3.10625  5.08241  3.00352  5.00227  1.69087  2.19504  
1.04831  3.42303  3.10625  5.08241  3.00352  5.00227  1.85738  1.79102  
1.07179  3.39467  3.10625  5.08241  3.00352  5.00227  1.97291  1.44014  
1.79502  1.80746  3.10625  5.08241  3.00352  5.00227  0.493213  4.0086  
0.269067  3.97644  3.10625  5.08241  3.00352  5.00227  1.47088  2.98417  
1.29714  3.07296  3.10625  5.08241  3.00352  5.00227  0.742757  3.86916  
0.939432  3.54724  3.10625  5.08241  3.00352  5.00227  0.558965  3.93118  
0.75691  3.72838  3.10625  5.08241  3.00352  5.00227  1.79096  2.27711  
2.00352  0.00352012  3.10625  5.08241  3.00352  5.00227  1.61216  2.68356  
1.90364  1.28905  3.10625  5.08241  3.00352  5.00227  0.826298  3.73843  
1.99662  0.343564  3.10625  5.08241  3.00352  5.00227  0.524915  3.96047  
1.20141  3.21721  3.10625  5.08241  3.00352  5.00227  1.52877  2.89369  
1.99026  0.469308  3.10625  5.08241  3.00352  5.00227  1.2994  3.23893  
0.733181  3.74992  3.10625  5.08241  3.00352  5.00227  0.619994  3.90289  
1.64234  2.31071  3.10625  5.08241  3.00352  5.00227  0.931264  3.65742  
0.133328  3.99367  3.10625  5.08241  3.00352  5.00227  1.41464  3.0967  
1.87643  1.44083  3.10625  5.08241  3.00352  5.00227  0.701363  3.81635  
1.31738  3.0222  3.10625  5.08241  3.00352  5.00227  1.07039  3.53145  
1.76668  1.90274  3.10625  5.08241  3.00352  5.00227  0.997578  3.7074  
1.45444  2.7594  3.10625  5.08241  3.00352  5.00227  0.82994  3.83018  
0.595996  3.82031  3.00285  5.00104  3.00285  5.00104  0.587168  3.82577  
1.65291  2.25782  3.00285  5.00104  3.00285  5.00104  1.63665  2.30457  
1.97809  0.610808  3.00285  5.00104  3.00285  5.00104  1.8265  1.63679  
0.837409  3.63474  3.00285  5.00104  3.00285  5.00104  1.38678  2.88585  
0.765255  3.69773  3.00285  5.00104  3.00285  5.00104  1.20399  3.19728  
1.93893  0.993562  3.00285  5.00104  3.00285  5.00104  1.92103  1.12221  
0.531691  3.85802  3.00285  5.00104  3.00285  5.00104  1.79959  1.7524  
0.981381  3.48778  3.00285  5.00104  3.00285  5.00104  1.78422  1.8155  
0.885431  3.58893  3.00285  5.00104  3.00285  5.00104  0.923969  3.54981  
1.67788  2.18247  3.00285  5.00104  3.00285  5.00104  0.416485  3.91461  
0.630045  3.79922  3.00285  5.00104  3.00285  5.00104  1.03653  3.42332  
1.24147  3.13927  3.00285  5.00104  3.00285  5.00104  0.851751  3.62137  
0.00131232  4.00104  3.00285  5.00104  3.00285  5.00104  0.141779  3.99125  
1.16011  3.26064  3.00285  5.00104  3.00285  5.00104  0.318515  3.95038  
0.786715  3.67962  3.00285  5.00104  3.00285  5.00104  1.96667  0.753337  
1.25942  3.11071  3.00285  5.00104  3.00285  5.00104  1.95912  0.819819  
1.59341  2.42273  3.00285  5.00104  3.00285  5.00104  1.18896  3.21945  
1.22246  3.16895  3.00285  5.00104  3.00285  5.00104  1.66563  2.22041  
0.338081  3.94389  3.00285  5.00104  3.00285  5.00104  0.556185  3.84483  
1.81434  1.6906  3.00285  5.00104  3.00285  5.00104  1.57373  2.47363  
1.43511  2.78985  3.00285  5.00104  3.00285  5.00104  0.981381  3.48778  
1.56163  2.50411  3.00285  5.00104  3.00285  5.00104  1.95144  0.888241  
1.75514  1.92323  3.00285  5.00104  3.00285  5.00104  0.00131232  4.00104  
0.689098  3.75723  3.00285  5.00104  3.00285  5.00104  1.72966  2.01486  
1.77933  1.83218  3.00285  5.00104  3.00285  5.00104  1.42591  2.8091  
1.98441  0.522288  3.00285  5.00104  3.00285  5.00104  1.74326  1.9674  
0.253373  3.96913  3.00285  5.00104  3.00285  5.00104  1.55702  2.51592  
1.51939  2.60658  3.00285  5.00104  3.00285  5.00104  1.70233  2.10539  
1.14027  3.28899  3.00285  5.00104  3.00285  5.00104  1.9723  0.679484  
1.99751  0.255742  3.00285  5.00104  3.00285  5.00104  1.89743  1.2736  
0.496416  3.87712  3.00285  5.00104  3.00285  5.00104  0.531691  3.85802  
1.66558  2.2203  3.00285  5.00104  3.00285  5.00104  0.899891  3.57463  
1.00334  3.46277  3.00285  5.00104  3.00285  5.00104  0.37059  3.93277  
0.561746  3.84152  3.00285  5.00104  3.00285  5.00104  1.68918  2.15028  
1.85708  1.49351  3.00285  5.00104  3.00285  5.00104  1.17347  3.24437  
1.6195  2.35315  3.00285  5.00104  3.00285  5.00104  0.496416  3.87712  
1.38026  2.89989  3.00285  5.00104  3.00285  5.00104  1.60274  2.39798  
1.83808  1.58445  3.00285  5.00104  3.00285  5.00104  1.84032  1.57368  
1.90955  1.19996  3.00285  5.00104  3.00285  5.00104  1.88605  1.34042  
1.96329  0.778915  3.00285  5.00104  3.00285  5.00104  1.87558  1.39725  
0.419761  3.91308  3.00285  5.00104  3.00285  5.00104  0.270818  3.96454  
0.20125  3.98108  3.00285  5.00104  3.00285  5.00104  0.873133  3.6004  
1.57758  2.46379  3.00285  5.00104  3.00285  5.00104  1.52178  2.601  
1.472  2.71329  3.00285  5.00104  3.00285  5.00104  1.77195  1.86137  
0.909519  3.5648  3.00285  5.00104  3.00285  5.00104  1.99397  0.349664  
0.957273  3.5145  3.00285  5.00104  3.00285  5.00104  1.01706  3.4472  
1.50376  2.64194  3.00285  5.00104  3.00285  5.00104  0.944008  3.52868  
0.3809  3.92884  3.00285  5.00104  3.00285  5.00104  1.98879  0.454471  
1.802  1.74145  3.00285  5.00104  3.00285  5.00104  0.710688  3.74098  
1.7319  2.00573  3.00285  5.00104  3.00285  5.00104  1.23725  3.14587  
1.94705  0.928653  3.00285  5.00104  3.00285  5.00104  1.9421  0.968321  
1.32561  2.99859  3.00285  5.00104  3.00285  5.00104  1.67788  2.18247  
1.54601  2.54256  3.00285  5.00104  3.00285  5.00104  1.58934  2.43651  
1.20188  3.20046  3.00285  5.00104  3.00285  5.00104  1.07484  3.37624  
1.9554  0.854747  3.00285  5.00104  3.00285  5.00104  1.09651  3.34795  
1.34305  2.96735  3.00285  5.00104  3.00285  5.00104  1.30733  3.03071  
1.02324  3.43941  3.00285  5.00104  3.00285  5.00104  1.05668  3.39829  
1.48891  2.67614  3.00285  5.00104  3.00285  5.00104  1.86702  1.44235  
1.7045  2.09816  3.00285  5.00104  3.00285  5.00104  0.744439  3.71638  
1.2716  3.08994  3.00285  5.00104  3.00285  5.00104  1.84969  1.52909  
1.41585  2.83006  3.00285  5.00104  3.00285  5.00104  0.458755  3.89558  
1.87558  1.39725  3.00285  5.00104  3.00285  5.00104  1.2716  3.08994  
1.71866  2.05081  3.00285  5.00104  3.00285  5.00104  0.648726  3.78586  
1.09651  3.34795  3.00285  5.00104  3.00285  5.00104  1.44396  2.772  
0.659045  3.77873  3.00285  5.00104  3.00285  5.00104  1.50966  2.62908  
1.92869  1.07031  3.00285  5.00104  3.00285  5.00104  1.15471  3.26913  
1.39597  2.86874  3.00285  5.00104  3.00285  5.00104  1.13604  3.29555  
1.69146  2.14065  3.00285  5.00104  3.00285  5.00104  1.218  3.17564  
1.78856  1.7966  3.00285  5.00104  3.00285  5.00104  1.85828  1.48827  
1.5331  2.57457  3.00285  5.00104  3.00285  5.00104  1.00022  3.46625  
1.74326  1.9674  3.00285  5.00104  3.00285  5.00104  0.786715  3.67962  
1.88605  1.34042  3.00285  5.00104  3.00285  5.00104  1.61931  2.35527  
1.60274  2.39798  3.00285  5.00104  3.00285  5.00104  1.93231  1.04401  
1.1192  3.31777  3.00285  5.00104  3.00285  5.00104  1.71555  2.06221  
1.07028  3.3817  3.00285  5.00104  3.00285  5.00104  1.29356  3.05484  
0.458755  3.89558  3.00285  5.00104  3.00285  5.00104  0.765255  3.69773  
1.36284  2.93092  3.00285  5.00104  3.00285  5.00104  1.65291  2.25782  
0.710688  3.74098  3.00285  5.00104  3.00285  5.00104  1.81434  1.6906  
0.862748  3.6109  3.00285  5.00104  3.00285  5.00104  2.00285  0.0028524  
1.92103  1.12221  3.00285  5.00104  3.00285  5.00104  1.32277  3.00342  
1.9723  0.679484  3.00285  5.00104  3.00285  5.00104  1.98435  0.525134  
1.04562  3.41272  3.00285  5.00104  3.00285  5.00104  1.75775  1.91292  
1.82639  1.63729  3.00285  5.00104  3.00285  5.00104  1.90955  1.19996  
1.84804  1.53772  3.00285  5.00104  3.00285  5.00104  0.962016  3.50927  
0.290356  3.95902  3.00285  5.00104  3.00285  5.00104  1.33928  2.9742  
0.81227  3.65737  3.00285  5.00104  3.00285  5.00104  0.22016  3.97701  
0.933031  3.54041  3.00285  5.00104  3.00285  5.00104  1.11305  3.32594  
0.736047  3.72134  3.00285  5.00104  3.00285  5.00104  0.612885  3.80963  
2.00285  0.0028524  3.00285  5.00104  3.00285  5.00104  1.45807  2.74303  
1.89743  1.2736  3.00285  5.00104  3.00285  5.00104  1.37001  2.91753  
1.99397  0.349664  3.00285  5.00104  3.00285  5.00104  0.828629  3.64273  
1.17908  3.23417  3.00285  5.00104  3.00285  5.00104  1.47151  2.71426  
1.98938  0.43987  3.00285  5.00104  3.00285  5.00104  0.809575  3.65995  
1.29014  3.06009  3.00285  5.00104  3.00285  5.00104  1.35563  2.9445  
1.63665  2.30457  3.00285  5.00104  3.00285  5.00104  0.689098  3.75723  
0.131983  3.99246  3.00285  5.00104  3.00285  5.00104  1.53761  2.56296  
1.86702  1.44235  3.00285  5.00104  3.00285  5.00104  1.49228  2.66871  
1.30733  3.03071  3.00285  5.00104  3.00285  5.00104  1.97919  0.599418  
1.76861  1.87502  3.00285  5.00104  3.00285  5.00104  1.25106  3.1242  
1.45647  2.74572  3.00285  5.00104  3.00285  5.00104  1.40642  2.8476  
0.586668  3.82426  3.00082  5.00074  3.00082  5.00074  0.586668  3.82426  
1.64879  2.26434  3.00082  5.00074  3.00082  5.00074  1.6349  2.30428  
1.97998  0.567522  3.00082  5.00074  3.00082  5.00074  1.82355  1.64297  
0.837319  3.63284  3.00082  5.00074  3.00082  5.00074  1.39231  2.87192  
0.759733  3.70042  3.00082  5.00074  3.00082  5.00074  1.2145  3.17822  
1.9385  0.984802  3.00082  5.00074  3.00082  5.00074  1.91996  1.12066  
0.5245  3.86023  3.00082  5.00074  3.00082  5.00074  1.79764  1.75388  
0.983992  3.48267  3.00082  5.00074  3.00082  5.00074  1.78587  1.80093  
0.887095  3.5853  3.00082  5.00074  3.00082  5.00074  0.916929  3.55511  
1.67807  2.17661  3.00082  5.00074  3.00082  5.00074  0.407843  3.91628  
0.619053  3.80381  3.00082  5.00074  3.00082  5.00074  1.03681  3.42079  
1.23441  3.1474  3.00082  5.00074  3.00082  5.00074  0.850912  3.6202  
0.000981017  4.00074  3.00082  5.00074  3.00082  5.00074  0.13488  3.99135  
1.15691  3.26321  3.00082  5.00074  3.00082  5.00074  0.315021  3.95039  
0.78574  3.67865  3.00082  5.00074  3.00082  5.00074  1.9654  0.742525  
1.25189  3.11977  3.00082  5.00074  3.00082  5.00074  1.95683  0.827325  
1.59331  2.41801  3.00082  5.00074  3.00082  5.00074  1.19541  3.20719  
1.2145  3.17822  3.00082  5.00074  3.00082  5.00074  1.66452  2.21767  
0.332045  3.94483  3.00082  5.00074  3.00082  5.00074  0.556028  3.84254  
1.81353  1.68723  3.00082  5.00074  3.00082  5.00074  1.57671  2.46114  
1.42585  2.80523  3.00082  5.00074  3.00082  5.00074  0.979529  3.48773  
1.56354  2.49454  3.00082  5.00074  3.00082  5.00074  1.94789  0.908009  
1.75404  1.92232  3.00082  5.00074  3.00082  5.00074  0.000981017  4.00074  
0.676613  3.76439  3.00082  5.00074  3.00082  5.00074  1.73338  1.99572  
1.7792  1.82733  3.00082  5.00074  3.00082  5.00074  1.42585  2.80523  
1.98615  0.47347  3.00082  5.00074  3.00082  5.00074  1.74658  1.94902  
0.240286  3.97134  3.00082  5.00074  3.00082  5.00074  1.56186  2.49875  
1.51839  2.60374  3.00082  5.00074  3.00082  5.00074  1.70637  2.08676  
1.13642  3.29187  3.00082  5.00074  3.00082  5.00074  1.97249  0.662057  
1.47252  2.70703  3.00082  5.00074  3.00082  5.00074  1.90147  1.24025  
0.487895  3.87949  3.00082  5.00074  3.00082  5.00074  0.5245  3.86023  
1.66319  2.22166  3.00082  5.00074  3.00082  5.00074  0.894856  3.57757  
1.00753  3.45567  3.00082  5.00074  3.00082  5.00074  0.363558  3.93367  
0.556028  3.84254  3.00082  5.00074  3.00082  5.00074  1.69279  2.13053  
1.85835  1.47887  3.00082  5.00074  3.00082  5.00074  1.17533  3.23675  
1.62046  2.34473  3.00082  5.00074  3.00082  5.00074  0.487895  3.87949  
1.37714  2.90104  3.00082  5.00074  3.00082  5.00074  1.60569  2.38504  
1.83643  1.58493  3.00082  5.00074  3.00082  5.00074  1.83512  1.591  
1.91099  1.18039  3.00082  5.00074  3.00082  5.00074  1.89108  1.30266  
1.9654  0.742525  3.00082  5.00074  3.00082  5.00074  1.87941  1.36828  
0.410894  3.91499  3.00082  5.00074  3.00082  5.00074  0.261862  3.96588  
0.191034  3.98204  3.00082  5.00074  3.00082  5.00074  0.873084  3.59899  
1.57909  2.45508  3.00082  5.00074  3.00082  5.00074  1.53333  2.56847  
1.4568  2.74085  3.00082  5.00074  3.00082  5.00074  1.77284  1.85189  
0.912181  3.56002  3.00082  5.00074  3.00082  5.00074  1.99682  0.246347  
0.961213  3.50798  3.00082  5.00074  3.00082  5.00074  1.01813  3.44319  
1.50318  2.6388  3.00082  5.00074  3.00082  5.00074  0.938248  3.53285  
0.373066  3.93013  3.00082  5.00074  3.00082  5.00074  1.99187  0.364783  
1.80141  1.73794  3.00082  5.00074  3.00082  5.00074  0.706045  3.7427  
1.72979  2.00832  3.00082  5.00074  3.00082  5.00074  1.23441  3.1474  
1.94789  0.908009  3.00082  5.00074  3.00082  5.00074  1.9385  0.984802  
1.32567  2.99532  3.00082  5.00074  3.00082  5.00074  1.67876  2.1745  
1.54892  2.53078  3.00082  5.00074  3.00082  5.00074  1.59154  2.42282  
1.19541  3.20719  3.00082  5.00074  3.00082  5.00074  1.07544  3.37274  
1.95683  0.827325  3.00082  5.00074  3.00082  5.00074  1.09534  3.34707  
1.34297  2.96432  3.00082  5.00074  3.00082  5.00074  1.30471  3.032  
1.02959  3.42949  3.00082  5.00074  3.00082  5.00074  1.05575  3.39761  
1.48823  2.67247  3.00082  5.00074  3.00082  5.00074  1.86914  1.42341  
1.70469  2.09237  3.00082  5.00074  3.00082  5.00074  0.732357  3.72244  
1.27148  3.08795  3.00082  5.00074  3.00082  5.00074  1.84642  1.53774  
1.40924  2.83862  3.00082  5.00074  3.00082  5.00074  0.447902  3.89875  
1.87941  1.36828  3.00082  5.00074  3.00082  5.00074  1.26943  3.09134  
1.71845  2.04652  3.00082  5.00074  3.00082  5.00074  0.6479  3.78455  
1.09435  3.34838  3.00082  5.00074  3.00082  5.00074  1.44237  2.77122  
0.6479  3.78455  3.00082  5.00074  3.00082  5.00074  1.50318  2.6388  
1.92975  1.05141  3.00082  5.00074  3.00082  5.00074  1.15496  3.26592  
1.39384  2.86882  3.00082  5.00074  3.00082  5.00074  1.13571  3.29284  
1.69175  2.13383  3.00082  5.00074  3.00082  5.00074  1.51839  2.60374  
1.79064  1.7821  3.00082  5.00074  3.00082  5.00074  1.85835  1.47887  
1.53333  2.56847  3.00082  5.00074  3.00082  5.00074  0.999627  3.46485  
1.74176  1.96619  3.00082  5.00074  3.00082  5.00074  0.781357  3.68238  
1.89108  1.30266  3.00082  5.00074  3.00082  5.00074  1.62046  2.34473  
1.6067  2.38232  3.00082  5.00074  3.00082  5.00074  1.92975  1.05141  
1.11552  3.32031  3.00082  5.00074  3.00082  5.00074  1.71926  2.04402  
1.07203  3.37707  3.00082  5.00074  3.00082  5.00074  1.28683  3.06245  
0.449241  3.89814  3.00082  5.00074  3.00082  5.00074  0.75652  3.70305  
1.36014  2.93282  3.00082  5.00074  3.00082  5.00074  1.64879  2.26434  
0.706045  3.7427  3.00082  5.00074  3.00082  5.00074  1.81138  1.69598  
0.86149  3.61014  3.00082  5.00074  3.00082  5.00074  2.00082  0.000822778  
1.91996  1.12066  3.00082  5.00074  3.00082  5.00074  1.32236  3.00127  
1.97249  0.662057  3.00082  5.00074  3.00082  5.00074  1.98615  0.47347  
1.05132  3.40311  3.00082  5.00074  3.00082  5.00074  1.76004  1.90009  
1.82411  1.64056  3.00082  5.00074  3.00082  5.00074  1.91099  1.18039  
1.84747  1.53265  3.00082  5.00074  3.00082  5.00074  0.959452  3.50994  
0.289264  3.95825  3.00082  5.00074  3.00082  5.00074  1.34088  2.96813  
0.81259  3.65523  3.00082  5.00074  3.00082  5.00074  0.204052  3.97966  
0.936333  3.53485  3.00082  5.00074  3.00082  5.00074  1.11552  3.32031  
0.732357  3.72244  3.00082  5.00074  3.00082  5.00074  0.619053  3.80381  
2.00082  0.000822778  3.00082  5.00074  3.00082  5.00074  1.4568  2.74085  
1.90147  1.24025  3.00082  5.00074  3.00082  5.00074  1.37451  2.90607  
1.99682  0.246347  3.00082  5.00074  3.00082  5.00074  0.829018  3.64045  
1.17651  3.23504  3.00082  5.00074  3.00082  5.00074  1.47252  2.70703  
1.99187  0.364783  3.00082  5.00074  3.00082  5.00074  0.805153  3.66181  
1.28987  3.05728  3.00082  5.00074  3.00082  5.00074  1.35817  2.9365  
1.6349  2.30428  3.00082  5.00074  3.00082  5.00074  0.676613  3.76439  
0.125265  3.9926  3.00082  5.00074  3.00082  5.00074  1.54824  2.53246  
1.86914  1.42341  3.00082  5.00074  3.00082  5.00074  1.48823  2.67247  
1.30815  3.02604  3.00082  5.00074  3.00082  5.00074  1.97998  0.567522  
1.76646  1.8762  3.00082  5.00074  3.00082  5.00074  1.25189  3.11977  
1.44237  2.77122  3.00082  5.00074  3.00082  5.00074  1.40924  2.83862  
0.586152  3.82436  3.00046  5.00032  3.00046  5.00032  0.582933  3.82633  
1.65047  2.25917  3.00046  5.00032  3.00046  5.00032  1.63607  2.30069  
1.97875  0.581554  3.00046  5.00032  3.00046  5.00032  1.82331  1.64382  
0.83668  3.63317  3.00046  5.00032  3.00046  5.00032  1.39078  2.87453  
0.758184  3.70144  3.00046  5.00032  3.00046  5.00032  1.21353  3.17953  
1.93926  0.978311  3.00046  5.00032  3.00046  5.00032  1.92104  1.11287  
0.521101  3.86185  3.00046  5.00032  3.00046  5.00032  1.79849  1.74981  
0.983101  3.4834  3.00046  5.00032  3.00046  5.00032  1.7858  1.80105  
0.886686  3.58541  3.00046  5.00032  3.00046  5.00032  0.915273  3.55656  
1.67814  2.17609  3.00046  5.00032  3.00046  5.00032  0.402741  3.91806  
0.616989  3.80491  3.00046  5.00032  3.00046  5.00032  1.0391  3.41777  
1.23263  3.15  3.00046  5.00032  3.00046  5.00032  0.848903  3.62181  
0.00051927  4.00032  3.00046  5.00032  3.00046  5.00032  0.135088  3.99087  
1.15569  3.26459  3.00046  5.00032  3.00046  5.00032  0.312491  3.95088  
0.784683  3.67928  3.00046  5.00032  3.00046  5.00032  1.96437  0.7517  
1.25155  3.12003  3.00046  5.00032  3.00046  5.00032  1.95639  0.830785  
1.59269  2.41938  3.00046  5.00032  3.00046  5.00032  1.19465  3.20801  
1.21353  3.17953  3.00046  5.00032  3.00046  5.00032  1.66459  2.21733  
0.335404  3.94335  3.00046  5.00032  3.00046  5.00032  0.549899  3.84584  
1.81468  1.68159  3.00046  5.00032  3.00046  5.00032  1.57795  2.45772  
1.42553  2.80561  3.00046  5.00032  3.00046  5.00032  0.978368  3.48873  
1.56335  2.49474  3.00046  5.00032  3.00046  5.00032  1.94807  0.905571  
1.75492  1.91859  3.00046  5.00032  3.00046  5.00032  0.00051927  4.00032  
0.675904  3.76466  3.00046  5.00032  3.00046  5.00032  1.73311  1.99633  
1.7792  1.82698  3.00046  5.00032  3.00046  5.00032  1.42466  2.80738  
1.98527  0.484703  3.00046  5.00032  3.00046  5.00032  1.74647  1.94922  
0.245419  3.96978  3.00046  5.00032  3.00046  5.00032  1.56335  2.49474  
1.51912  2.60175  3.00046  5.00032  3.00046  5.00032  1.7061  2.08732  
1.13516  3.29328  3.00046  5.00032  3.00046  5.00032  1.97177  0.669681  
1.47337  2.70495  3.00046  5.00032  3.00046  5.00032  1.9014  1.24045  
0.487406  3.8794  3.00046  5.00032  3.00046  5.00032  0.515794  3.86469  
1.6645  2.21763  3.00046  5.00032  3.00046  5.00032  0.893408  3.57873  
1.00588  3.45729  3.00046  5.00032  3.00046  5.00032  0.35939  3.93489  
0.55434  3.84329  3.00046  5.00032  3.00046  5.00032  1.69241  2.13144  
1.85935  1.47355  3.00046  5.00032  3.00046  5.00032  1.17572  3.23586  
1.62166  2.34115  3.00046  5.00032  3.00046  5.00032  0.481155  3.88252  
1.37568  2.90345  3.00046  5.00032  3.00046  5.00032  1.60722  2.38063  
1.8373  1.5803  3.00046  5.00032  3.00046  5.00032  1.83533  1.58946  
1.91135  1.17771  3.00046  5.00032  3.00046  5.00032  1.8911  1.30194  
1.96437  0.7517  3.00046  5.00032  3.00046  5.00032  1.88049  1.362  
0.415294  3.91282  3.00046  5.00032  3.00046  5.00032  0.261366  3.9657  
0.192592  3.98142  3.00046  5.00032  3.00046  5.00032  0.871622  3.60016  
1.57795  2.45772  3.00046  5.00032  3.00046  5.00032  1.53384  2.56699  
1.4576  2.73892  3.00046  5.00032  3.00046  5.00032  1.77279  1.85172  
0.911342  3.5606  3.00046  5.00032  3.00046  5.00032  1.99628  0.243933  
0.959727  3.50938  3.00046  5.00032  3.00046  5.00032  1.0191  3.44177  
1.50407  2.63651  3.00046  5.00032  3.00046  5.00032  0.936555  3.53433  
0.376562  3.92847  3.00046  5.00032  3.00046  5.00032  1.99119  0.374958  
1.80311  1.73066  3.00046  5.00032  3.00046  5.00032  0.700021  3.74699  
1.73005  2.00692  3.00046  5.00032  3.00046  5.00032  1.23202  3.15097  
1.94807  0.905571  3.00046  5.00032  3.00046  5.00032  1.93926  0.978311  
1.32382  2.99835  3.00046  5.00032  3.00046  5.00032  1.67848  2.17504  
1.54873  2.53097  3.00046  5.00032  3.00046  5.00032  1.59269  2.41938  
1.19465  3.20801  3.00046  5.00032  3.00046  5.00032  1.0784  3.36871  
1.95639  0.830785  3.00046  5.00032  3.00046  5.00032  1.09795  3.34336  
1.34129  2.96713  3.00046  5.00032  3.00046  5.00032  1.30414  3.03264  
1.02814  3.431  3.00046  5.00032  3.00046  5.00032  1.05885  3.39343  
1.48887  2.67078  3.00046  5.00032  3.00046  5.00032  1.86959  1.42077  
1.7046  2.09222  3.00046  5.00032  3.00046  5.00032  0.726593  3.7267  
1.27009  3.08991  3.00046  5.00032  3.00046  5.00032  1.84697  1.53455  
1.40908  2.83867  3.00046  5.00032  3.00046  5.00032  0.444232  3.90008  
1.88086  1.35994  3.00046  5.00032  3.00046  5.00032  1.2684  3.09269  
1.71746  2.04971  3.00046  5.00032  3.00046  5.00032  0.64439  3.7867  
1.09395  3.3486  3.00046  5.00032  3.00046  5.00032  1.44135  2.7731  
0.646963  3.78494  3.00046  5.00032  3.00046  5.00032  1.50407  2.63651  
1.93031  1.04673  3.00046  5.00032  3.00046  5.00032  1.15652  3.26341  
1.39249  2.87122  3.00046  5.00032  3.00046  5.00032  1.13716  3.29052  
1.69142  2.13457  3.00046  5.00032  3.00046  5.00032  1.51912  2.60175  
1.7912  1.77944  3.00046  5.00032  3.00046  5.00032  1.85839  1.47838  
1.53384  2.56699  3.00046  5.00032  3.00046  5.00032  0.998958  3.46531  
1.74257  1.96312  3.00046  5.00032  3.00046  5.00032  0.777508  3.68537  
1.89115  1.30162  3.00046  5.00032  3.00046  5.00032  1.62166  2.34115  
1.60722  2.38063  3.00046  5.00032  3.00046  5.00032  1.93031  1.04673  
1.11518  3.32048  3.00046  5.00032  3.00046  5.00032  1.71955  2.04271  
1.07252  3.37622  3.00046  5.00032  3.00046  5.00032  1.28628  3.06301  
0.452233  3.89641  3.00046  5.00032  3.00046  5.00032  0.752606  3.70599  
1.3586  2.93545  3.00046  5.00032  3.00046  5.00032  1.65047  2.25917  
0.704115  3.74392  3.00046  5.00032  3.00046  5.00032  1.81106  1.69715  
0.862062  3.60935  3.00046  5.00032  3.00046  5.00032  2.00046  0.000461533  
1.92104  1.11287  3.00046  5.00032  3.00046  5.00032  1.3217  3.00207  
1.97177  0.669681  3.00046  5.00032  3.00046  5.00032  1.98527  0.484703  
1.05056  3.40372  3.00046  5.00032  3.00046  5.00032  1.75971  1.90099  
1.82604  1.63166  3.00046  5.00032  3.00046  5.00032  1.91135  1.17771  
1.84824  1.52841  3.00046  5.00032  3.00046  5.00032  0.957723  3.51157  
0.292821  3.9569  3.00046  5.00032  3.00046  5.00032  1.33917  2.97095  
0.810863  3.65651  3.00046  5.00032  3.00046  5.00032  0.203892  3.97916  
0.935791  3.53514  3.00046  5.00032  3.00046  5.00032  1.11745  3.31742  
0.731357  3.72297  3.00046  5.00032  3.00046  5.00032  0.61419  3.80672  
2.00046  0.000461533  3.00046  5.00032  3.00046  5.00032  1.4576  2.73892  
1.9014  1.24045  3.00046  5.00032  3.00046  5.00032  1.3736  2.90739  
1.99628  0.243933  3.00046  5.00032  3.00046  5.00032  0.825475  3.64341  
1.17519  3.23662  3.00046  5.00032  3.00046  5.00032  1.47337  2.70495  
1.99119  0.374958  3.00046  5.00032  3.00046  5.00032  0.801801  3.66449  
1.28809  3.05995  3.00046  5.00032  3.00046  5.00032  1.3564  2.93951  
1.63607  2.30069  3.00046  5.00032  3.00046  5.00032  0.672993  3.76675  
0.128221  3.99178  3.00046  5.00032  3.00046  5.00032  1.54873  2.53097  
1.87035  1.41673  3.00046  5.00032  3.00046  5.00032  1.48887  2.67078  
1.30631  3.0289  3.00046  5.00032  3.00046  5.00032  1.97875  0.581554  
1.76714  1.87319  3.00046  5.00032  3.00046  5.00032  1.25045  3.12178  
1.44167  2.77243  3.00046  5.00032  3.00046  5.00032  1.40796  2.84089  
0.586026  3.82443  3.0001  5.00022  3.0001  5.00022  0.580075  3.82806  
1.65029  2.25968  3.0001  5.00022  3.0001  5.00022  1.63627  2.3001  
1.9789  0.579496  3.0001  5.00022  3.0001  5.00022  1.82314  1.64457  
0.837035  3.63284  3.0001  5.00022  3.0001  5.00022  1.39078  2.87453  
0.758591  3.7011  3.0001  5.00022  3.0001  5.00022  1.21364  3.17936  
1.9394  0.977198  3.0001  5.00022  3.0001  5.00022  1.92094  1.11351  
0.521407  3.86168  3.0001  5.00022  3.0001  5.00022  1.7985  1.74974  
0.983206  3.48328  3.0001  5.00022  3.0001  5.00022  1.78588  1.80072  
0.887169  3.58493  3.0001  5.00022  3.0001  5.00022  0.915003  3.55684  
1.67787  2.17693  3.0001  5.00022  3.0001  5.00022  0.400915  3.91881  
0.616717  3.80508  3.0001  5.00022  3.0001  5.00022  1.03925  3.41758  
1.23247  3.15025  3.0001  5.00022  3.0001  5.00022  0.847874  3.62277  
0.000417785  4.00022  3.0001  5.00022  3.0001  5.00022  0.134689  3.99092  
1.15498  3.2656  3.0001  5.00022  3.0001  5.00022  0.311429  3.95121  
0.785168  3.67887  3.0001  5.00022  3.0001  5.00022  1.96435  0.751913  
1.25117  3.12063  3.0001  5.00022  3.0001  5.00022  1.95639  0.830744  
1.5929  2.41881  3.0001  5.00022  3.0001  5.00022  1.19486  3.20768  
1.21356  3.17949  3.0001  5.00022  3.0001  5.00022  1.66468  2.21707  
0.335742  3.94324  3.0001  5.00022  3.0001  5.00022  0.547181  3.84739  
1.81491  1.6806  3.0001  5.00022  3.0001  5.00022  1.57814  2.45721  
1.4254  2.80587  3.0001  5.00022  3.0001  5.00022  0.978442  3.48864  
1.56356  2.49421  3.0001  5.00022  3.0001  5.00022  1.94806  0.905649  
1.75529  1.91725  3.0001  5.00022  3.0001  5.00022  0.000417785  4.00022  
0.675643  3.76484  3.0001  5.00022  3.0001  5.00022  1.73332  1.99561  
1.77955  1.82559  3.0001  5.00022  3.0001  5.00022  1.42433  2.80805  
1.98539  0.482538  3.0001  5.00022  3.0001  5.00022  1.74668  1.94843  
0.245072  3.96986  3.0001  5.00022  3.0001  5.00022  1.56356  2.49421  
1.51911  2.60178  3.0001  5.00022  3.0001  5.00022  1.70626  2.08678  
1.1347  3.2939  3.0001  5.00022  3.0001  5.00022  1.97186  0.668647  
1.4731  2.70554  3.0001  5.00022  3.0001  5.00022  1.90126  1.24128  
0.487537  3.87933  3.0001  5.00022  3.0001  5.00022  0.513748  3.86578  
1.66416  2.21862  3.0001  5.00022  3.0001  5.00022  0.893072  3.57906  
1.00593  3.45723  3.0001  5.00022  3.0001  5.00022  0.357902  3.93543  
0.554419  3.84324  3.0001  5.00022  3.0001  5.00022  1.69249  2.13118  
1.85984  1.47106  3.0001  5.00022  3.0001  5.00022  1.17582  3.23571  
1.62195  2.34032  3.0001  5.00022  3.0001  5.00022  0.477883  3.88414  
1.3756  2.90361  3.0001  5.00022  3.0001  5.00022  1.60746  2.37997  
1.83785  1.57775  3.0001  5.00022  3.0001  5.00022  1.83516  1.59021  
1.91131  1.17795  3.0001  5.00022  3.0001  5.00022  1.89098  1.30259  
1.96435  0.751913  3.0001  5.00022  3.0001  5.00022  1.88039  1.36254  
0.415439  3.91275  3.0001  5.00022  3.0001  5.00022  0.261396  3.96569  
0.191222  3.98168  3.0001  5.00022  3.0001  5.00022  0.870642  3.6011  
1.57814  2.45721  3.0001  5.00022  3.0001  5.00022  1.53411  2.56632  
1.45746  2.7392  3.0001  5.00022  3.0001  5.00022  1.77305  1.85073  
0.911827  3.5601  3.0001  5.00022  3.0001  5.00022  1.99615  0.248216  
0.959771  3.50933  3.0001  5.00022  3.0001  5.00022  1.01923  3.44161  
1.50393  2.6368  3.0001  5.00022  3.0001  5.00022  0.936511  3.53437  
0.376511  3.92848  3.0001  5.00022  3.0001  5.00022  1.99115  0.375837  
1.80325  1.73009  3.0001  5.00022  3.0001  5.00022  0.698043  3.74846  
1.73017  2.00649  3.0001  5.00022  3.0001  5.00022  1.23216  3.15073  
1.94806  0.905649  3.0001  5.00022  3.0001  5.00022  1.9394  0.977198  
1.32381  2.99834  3.0001  5.00022  3.0001  5.00022  1.67864  2.17454  
1.54893  2.53048  3.0001  5.00022  3.0001  5.00022  1.5929  2.41881  
1.19427  3.20857  3.0001  5.00022  3.0001  5.00022  1.07916  3.36774  
1.95639  0.830744  3.0001  5.00022  3.0001  5.00022  1.09872  3.34235  
1.34142  2.96689  3.0001  5.00022  3.0001  5.00022  1.30412  3.03267  
1.02837  3.43072  3.0001  5.00022  3.0001  5.00022  1.0593  3.39286  
1.48861  2.67136  3.0001  5.00022  3.0001  5.00022  1.86946  1.42142  
1.70447  2.09263  3.0001  5.00022  3.0001  5.00022  0.725261  3.72773  
1.26968  3.09057  3.0001  5.00022  3.0001  5.00022  1.84679  1.53538  
1.40901  2.83879  3.0001  5.00022  3.0001  5.00022  0.440532  3.90176  
1.88107  1.35877  3.0001  5.00022  3.0001  5.00022  1.26858  3.09238  
1.71746  2.04972  3.0001  5.00022  3.0001  5.00022  0.641664  3.78854  
1.09335  3.34939  3.0001  5.00022  3.0001  5.00022  1.44072  2.77441  
0.646629  3.78517  3.0001  5.00022  3.0001  5.00022  1.50385  2.637  
1.93033  1.0466  3.0001  5.00022  3.0001  5.00022  1.15673  3.26311  
1.39242  2.87136  3.0001  5.00022  3.0001  5.00022  1.13755  3.28997  
1.69132  2.1349  3.0001  5.00022  3.0001  5.00022  1.51911  2.60178  
1.79146  1.77842  3.0001  5.00022  3.0001  5.00022  1.85823  1.47916  
1.53411  2.56632  3.0001  5.00022  3.0001  5.00022  0.998957  3.46531  
1.74277  1.9624  3.0001  5.00022  3.0001  5.00022  0.776046  3.6866  
1.89134  1.30051  3.0001  5.00022  3.0001  5.00022  1.62195  2.34032  
1.60746  2.37997  3.0001  5.00022  3.0001  5.00022  1.93033  1.0466  
1.11413  3.32188  3.0001  5.00022  3.0001  5.00022  1.71986  2.04165  
1.07212  3.37672  3.0001  5.00022  3.0001  5.00022  1.28648  3.06266  
0.45228  3.89638  3.0001  5.00022  3.0001  5.00022  0.750868  3.7074  
1.35867  2.93531  3.0001  5.00022  3.0001  5.00022  1.65054  2.25897  
0.703985  3.74401  3.0001  5.00022  3.0001  5.00022  1.81099  1.69742  
0.862292  3.60913  3.0001  5.00022  3.0001  5.00022  2.0001  0.000104612  
1.92094  1.11351  3.0001  5.00022  3.0001  5.00022  1.32178  3.00193  
1.97186  0.668647  3.0001  5.00022  3.0001  5.00022  1.98539  0.482538  
1.05048  3.40382  3.0001  5.00022  3.0001  5.00022  1.75999  1.89993  
1.82642  1.62995  3.0001  5.00022  3.0001  5.00022  1.91123  1.1785  
1.84895  1.52499  3.0001  5.00022  3.0001  5.00022  0.957555  3.51175  
0.292377  3.95703  3.0001  5.00022  3.0001  5.00022  1.33911  2.97106  
0.811316  3.6561  3.0001  5.00022  3.0001  5.00022  0.204035  3.97913  
0.936045  3.53487  3.0001  5.00022  3.0001  5.00022  1.11819  3.31641  
0.731602  3.72277  3.0001  5.00022  3.0001  5.00022  0.611483  3.80846  
2.0001  0.000104612  3.0001  5.00022  3.0001  5.00022  1.45687  2.74047  
1.90147  1.24003  3.0001  5.00022  3.0001  5.00022  1.37364  2.90731  
1.99615  0.248216  3.0001  5.00022  3.0001  5.00022  0.824618  3.64418  
1.17479  3.2372  3.0001  5.00022  3.0001  5.00022  1.47274  2.70631  
1.99115  0.375837  3.0001  5.00022  3.0001  5.00022  0.80084  3.66533  
1.28799  3.06012  3.0001  5.00022  3.0001  5.00022  1.3564  2.93951  
1.63627  2.3001  3.0001  5.00022  3.0001  5.00022  0.670166  3.76876  
0.125878  3.99207  3.0001  5.00022  3.0001  5.00022  1.54893  2.53048  
1.87056  1.41565  3.0001  5.00022  3.0001  5.00022  1.48845  2.67173  
1.30604  3.02936  3.0001  5.00022  3.0001  5.00022  1.9789  0.579496  
1.76751  1.8718  3.0001  5.00022  3.0001  5.00022  1.25048  3.12173  
1.44154  2.77269  3.0001  5.00022  3.0001  5.00022  1.40762  2.84156  
0.586  3.82445  3.0001  5  3.0001  5  0.579076  3.82867  
1.65029  2.25967  3.0001  5  3.0001  5  1.63663  2.29909  
1.97881  0.580696  3.0001  5  3.0001  5  1.82312  1.64465  
0.837249  3.63264  3.0001  5  3.0001  5  1.39081  2.87447  
0.758865  3.70088  3.0001  5  3.0001  5  1.21375  3.17919  
1.93934  0.977695  3.0001  5  3.0001  5  1.92094  1.11355  
0.521447  3.86165  3.0001  5  3.0001  5  1.7985  1.74974  
0.982816  3.48372  3.0001  5  3.0001  5  1.78588  1.80072  
0.887387  3.58471  3.0001  5  3.0001  5  0.914726  3.55712  
1.67774  2.17733  3.0001  5  3.0001  5  0.399317  3.91946  
0.616816  3.80502  3.0001  5  3.0001  5  1.0395  3.41727  
1.2324  3.15035  3.0001  5  3.0001  5  0.847234  3.62337  
0.000198555  4  3.0001  5  3.0001  5  0.136289  3.9907  
1.15476  3.26591  3.0001  5  3.0001  5  0.310927  3.95137  
0.785476  3.6786  3.0001  5  3.0001  5  1.96434  0.751946  
1.25115  3.12065  3.0001  5  3.0001  5  1.95639  0.830753  
1.59338  2.41756  3.0001  5  3.0001  5  1.19506  3.20739  
1.21343  3.17968  3.0001  5  3.0001  5  1.66491  2.21637  
0.33626  3.94306  3.0001  5  3.0001  5  0.546476  3.84779  
1.81504  1.68003  3.0001  5  3.0001  5  1.57873  2.45569  
1.42528  2.80611  3.0001  5  3.0001  5  0.978441  3.48864  
1.56405  2.49298  3.0001  5  3.0001  5  1.94805  0.905797  
1.75524  1.91743  3.0001  5  3.0001  5  0.000198555  4  
0.675704  3.7648  3.0001  5  3.0001  5  1.73362  1.99457  
1.77967  1.82513  3.0001  5  3.0001  5  1.42424  2.80823  
1.98519  0.485951  3.0001  5  3.0001  5  1.74682  1.94794  
0.244738  3.96994  3.0001  5  3.0001  5  1.56405  2.49298  
1.51915  2.60167  3.0001  5  3.0001  5  1.70653  2.0859  
1.13453  3.29414  3.0001  5  3.0001  5  1.97184  0.668876  
1.47306  2.70561  3.0001  5  3.0001  5  1.90124  1.24143  
0.487524  3.87934  3.0001  5  3.0001  5  0.512954  3.8662  
1.66411  2.21876  3.0001  5  3.0001  5  0.892779  3.57936  
1.00576  3.45742  3.0001  5  3.0001  5  0.356785  3.93584  
0.554338  3.84328  3.0001  5  3.0001  5  1.69281  2.13017  
1.85992  1.47066  3.0001  5  3.0001  5  1.17614  3.23524  
1.6222  2.33962  3.0001  5  3.0001  5  0.476703  3.88472  
1.37558  2.90364  3.0001  5  3.0001  5  1.60787  2.37886  
1.83788  1.57757  3.0001  5  3.0001  5  1.83509  1.59053  
1.91137  1.17758  3.0001  5  3.0001  5  1.89098  1.30259  
1.96434  0.751946  3.0001  5  3.0001  5  1.88039  1.36255  
0.415518  3.91272  3.0001  5  3.0001  5  0.260706  3.96587  
0.191222  3.98168  3.0001  5  3.0001  5  0.870212  3.60152  
1.57873  2.45569  3.0001  5  3.0001  5  1.53418  2.56616  
1.45732  2.73951  3.0001  5  3.0001  5  1.77305  1.85073  
0.911809  3.56011  3.0001  5  3.0001  5  1.99611  0.24922  
0.959511  3.50961  3.0001  5  3.0001  5  1.01934  3.44148  
1.504  2.63666  3.0001  5  3.0001  5  0.936245  3.53465  
0.376805  3.92837  3.0001  5  3.0001  5  1.99104  0.378213  
1.8034  1.72944  3.0001  5  3.0001  5  0.697169  3.74911  
1.73026  2.00619  3.0001  5  3.0001  5  1.23228  3.15055  
1.94805  0.905797  3.0001  5  3.0001  5  1.93934  0.977695  
1.32374  2.99847  3.0001  5  3.0001  5  1.67883  2.17395  
1.54918  2.52985  3.0001  5  3.0001  5  1.59338  2.41756  
1.19407  3.20886  3.0001  5  3.0001  5  1.07933  3.36751  
1.95639  0.830753  3.0001  5  3.0001  5  1.09917  3.34175  
1.34131  2.96708  3.0001  5  3.0001  5  1.30427  3.0324  
1.02826  3.43084  3.0001  5  3.0001  5  1.0594  3.39274  
1.48865  2.67126  3.0001  5  3.0001  5  1.86944  1.42152  
1.70437  2.09297  3.0001  5  3.0001  5  0.723899  3.72879  
1.26971  3.09053  3.0001  5  3.0001  5  1.84679  1.53538  
1.40886  2.8391  3.0001  5  3.0001  5  0.439242  3.90234  
1.88105  1.35891  3.0001  5  3.0001  5  1.26855  3.09243  
1.71738  2.04997  3.0001  5  3.0001  5  0.639941  3.78971  
1.09287  3.35001  3.0001  5  3.0001  5  1.44065  2.77455  
0.646578  3.7852  3.0001  5  3.0001  5  1.50387  2.63694  
1.93028  1.04694  3.0001  5  3.0001  5  1.15705  3.26266  
1.39234  2.8715  3.0001  5  3.0001  5  1.13785  3.28956  
1.69116  2.13539  3.0001  5  3.0001  5  1.51915  2.60167  
1.7916  1.77783  3.0001  5  3.0001  5  1.85822  1.47921  
1.53418  2.56616  3.0001  5  3.0001  5  0.998981  3.46528  
1.74285  1.96213  3.0001  5  3.0001  5  0.775275  3.68725  
1.89135  1.30047  3.0001  5  3.0001  5  1.62232  2.3393  
1.60787  2.37886  3.0001  5  3.0001  5  1.93028  1.04694  
1.11395  3.32212  3.0001  5  3.0001  5  1.72019  2.04054  
1.07167  3.37729  3.0001  5  3.0001  5  1.28648  3.06266  
0.452289  3.89638  3.0001  5  3.0001  5  0.750134  3.70799  
1.35862  2.9354  3.0001  5  3.0001  5  1.65075  2.25833  
0.704084  3.74394  3.0001  5  3.0001  5  1.81093  1.69769  
0.862486  3.60894  3.0001  5  3.0001  5  2.0001  0.000102026  
1.92096  1.11341  3.0001  5  3.0001  5  1.32186  3.00178  
1.97184  0.668876  3.0001  5  3.0001  5  1.98519  0.485951  
1.05008  3.40431  3.0001  5  3.0001  5  1.76002  1.89982  
1.8266  1.62916  3.0001  5  3.0001  5  1.91123  1.1785  
1.849  1.52474  3.0001  5  3.0001  5  0.95752  3.51178  
0.292304  3.95705  3.0001  5  3.0001  5  1.33929  2.97073  
0.811635  3.65582  3.0001  5  3.0001  5  0.203988  3.97914  
0.935856  3.53507  3.0001  5  3.0001  5  1.11859  3.31588  
0.731757  3.72265  3.0001  5  3.0001  5  0.610116  3.80934  
2.0001  0.000102026  3.0001  5  3.0001  5  1.45679  2.74064  
1.90147  1.24003  3.0001  5  3.0001  5  1.3738  2.90702  
1.99611  0.24922  3.0001  5  3.0001  5  0.823863  3.64486  
1.17459  3.23749  3.0001  5  3.0001  5  1.47266  2.7065  
1.99104  0.378213  3.0001  5  3.0001  5  0.800098  3.66598  
1.28798  3.06014  3.0001  5  3.0001  5  1.35665  2.93906  
1.63627  2.30011  3.0001  5  3.0001  5  0.669188  3.76945  
0.127559  3.99186  3.0001  5  3.0001  5  1.54918  2.52985  
1.87057  1.41561  3.0001  5  3.0001  5  1.48837  2.6719  
1.30597  3.02949  3.0001  5  3.0001  5  1.97881  0.580696  
1.76749  1.87186  3.0001  5  3.0001  5  1.25051  3.12169  
1.44138  2.77303  3.0001  5  3.0001  5  1.40765  2.8415  
0.586013  3.82444  3  5  3  5  0.577054  3.82989  
1.65035  2.25952  3  5  3  5  1.63695  2.29816  
1.97872  0.581941  3  5  3  5  1.82312  1.64465  
0.837339  3.63256  3  5  3  5  1.39083  2.87443  
0.758865  3.70088  3  5  3  5  1.21376  3.17917  
1.93932  0.977823  3  5  3  5  1.92092  1.11368  
0.52148  3.86164  3  5  3  5  1.7985  1.74974  
0.982752  3.48379  3  5  3  5  1.7859  1.80062  
0.887383  3.58472  3  5  3  5  0.914683  3.55717  
1.67775  2.17729  3  5  3  5  0.397849  3.92006  
0.616768  3.80505  3  5  3  5  1.0396  3.41715  
1.23225  3.15059  3  5  3  5  0.846659  3.6239  
0.00019733  4  3  5  3  5  0.136289  3.9907  
1.15457  3.26616  3  5  3  5  0.310422  3.95153  
0.785523  3.67856  3  5  3  5  1.96427  0.752752  
1.25101  3.12088  3  5  3  5  1.95637  0.830989  
1.59357  2.41705  3  5  3  5  1.19512  3.20729  
1.2133  3.17987  3  5  3  5  1.66531  2.21518  
0.336052  3.94313  3  5  3  5  0.544451  3.84893  
1.81517  1.67949  3  5  3  5  1.579  2.45501  
1.42518  2.80632  3  5  3  5  0.978443  3.48864  
1.56425  2.49249  3  5  3  5  1.94804  0.905809  
1.75526  1.91735  3  5  3  5  0.00019733  4  
0.675718  3.76479  3  5  3  5  1.7338  1.99392  
1.77969  1.82506  3  5  3  5  1.42422  2.80826  
1.98511  0.48719  3  5  3  5  1.7471  1.94694  
0.244853  3.96991  3  5  3  5  1.56425  2.49249  
1.51926  2.60142  3  5  3  5  1.70681  2.08499  
1.13434  3.29441  3  5  3  5  1.97176  0.669845  
1.47304  2.70567  3  5  3  5  1.90124  1.24143  
0.487477  3.87936  3  5  3  5  0.510661  3.86742  
1.66411  2.21876  3  5  3  5  0.89254  3.57959  
1.00555  3.45767  3  5  3  5  0.355739  3.93622  
0.554286  3.84331  3  5  3  5  1.69315  2.12909  
1.85991  1.47072  3  5  3  5  1.17633  3.23497  
1.62221  2.33961  3  5  3  5  0.474274  3.8859  
1.3755  2.90378  3  5  3  5  1.60832  2.37765  
1.83791  1.57745  3  5  3  5  1.83509  1.59053  
1.91136  1.1776  3  5  3  5  1.89093  1.3029  
1.96427  0.752752  3  5  3  5  1.88032  1.36295  
0.415463  3.91274  3  5  3  5  0.260314  3.96597  
0.191659  3.98159  3  5  3  5  0.870007  3.60171  
1.579  2.45501  3  5  3  5  1.5344  2.56562  
1.45734  2.73947  3  5  3  5  1.77314  1.85039  
0.911809  3.56011  3  5  3  5  1.99604  0.251642  
0.959501  3.50962  3  5  3  5  1.01945  3.44135  
1.50401  2.63663  3  5  3  5  0.936245  3.53465  
0.376784  3.92838  3  5  3  5  1.99094  0.380247  
1.80348  1.72912  3  5  3  5  0.695735  3.75018  
1.7302  2.00639  3  5  3  5  1.23225  3.15059  
1.94804  0.905809  3  5  3  5  1.93932  0.977823  
1.32365  2.99864  3  5  3  5  1.67922  2.17276  
1.54939  2.52933  3  5  3  5  1.59369  2.41673  
1.19405  3.20888  3  5  3  5  1.07947  3.36735  
1.95637  0.830989  3  5  3  5  1.09917  3.34175  
1.34119  2.96729  3  5  3  5  1.30427  3.03241  
1.02801  3.43115  3  5  3  5  1.05959  3.39251  
1.48859  2.67141  3  5  3  5  1.86943  1.4216  
1.70437  2.09295  3  5  3  5  0.722799  3.72964  
1.2695  3.09087  3  5  3  5  1.84679  1.53538  
1.40884  2.83914  3  5  3  5  0.437711  3.90303  
1.88108  1.35873  3  5  3  5  1.26864  3.09228  
1.71738  2.04997  3  5  3  5  0.638397  3.79075  
1.09277  3.35013  3  5  3  5  1.44061  2.77462  
0.646575  3.7852  3  5  3  5  1.50386  2.63696  
1.93028  1.04694  3  5  3  5  1.15732  3.26228  
1.39228  2.87162  3  5  3  5  1.13818  3.2891  
1.69116  2.13541  3  5  3  5  1.51921  2.60154  
1.79174  1.77726  3  5  3  5  1.85825  1.47907  
1.5344  2.56562  3  5  3  5  0.99912  3.46512  
1.74285  1.96213  3  5  3  5  0.774389  3.68799  
1.89143  1.29997  3  5  3  5  1.62269  2.33828  
1.60802  2.37848  3  5  3  5  1.93027  1.04703  
1.11368  3.32247  3  5  3  5  1.72039  2.03986  
1.07156  3.37743  3  5  3  5  1.28651  3.0626  
0.452269  3.89638  3  5  3  5  0.74905  3.70887  
1.35851  2.9356  3  5  3  5  1.6511  2.25732  
0.704084  3.74394  3  5  3  5  1.81093  1.69769  
0.862587  3.60885  3  5  3  5  2  2.32678e-06  
1.92096  1.11341  3  5  3  5  1.32191  3.00171  
1.97176  0.669845  3  5  3  5  1.98511  0.48719  
1.04997  3.40444  3  5  3  5  1.76018  1.89924  
1.8266  1.62913  3  5  3  5  1.91124  1.17842  
1.84903  1.52461  3  5  3  5  0.95752  3.51178  
0.292511  3.95699  3  5  3  5  1.33937  2.97057  
0.811642  3.65581  3  5  3  5  0.203954  3.97915  
0.935851  3.53507  3  5  3  5  1.11881  3.31557  
0.731757  3.72265  3  5  3  5  0.60833  3.81048  
2  2.32678e-06  3  5  3  5  1.45672  2.74078  
1.90155  1.23956  3  5  3  5  1.3739  2.90682  
1.99604  0.251642  3  5  3  5  0.823269  3.6454  
1.17447  3.23766  3  5  3  5  1.47266  2.7065  
1.99094  0.380247  3  5  3  5  0.799097  3.66685  
1.28778  3.06047  3  5  3  5  1.35677  2.93882  
1.63638  2.29981  3  5  3  5  0.667116  3.77092  
0.127663  3.99184  3  5  3  5  1.54939  2.52933  
1.87062  1.41533  3  5  3  5  1.48837  2.6719  
1.30583  3.02972  3  5  3  5  1.97872  0.581941  
1.76752  1.87177  3  5  3  5  1.25052  3.12166  
1.44135  2.7731  3  5  3  5  1.40765  2.8415  
0.586013  3.82444  3  5  3  5  0.576136  3.83044  
1.65039  2.2594  3  5  3  5  1.63715  2.2976  
1.97862  0.583285  3  5  3  5  1.82312  1.64465  
0.837339  3.63256  3  5  3  5  1.39086  2.87437  
0.75895  3.70081  3  5  3  5  1.21378  3.17914  
1.93932  0.977823  3  5  3  5  1.92089  1.11388  
0.52148  3.86164  3  5  3  5  1.79852  1.74964  
0.982659  3.48389  3  5  3  5  1.78596  1.80037  
0.88743  3.58467  3  5  3  5  0.91443  3.55742  
1.67775  2.17731  3  5  3  5  0.396459  3.92062  
0.616768  3.80505  3  5  3  5  1.03984  3.41686  
1.23225  3.15059  3  5  3  5  0.846532  3.62402  
8.08719e-05  4  3  5  3  5  0.136174  3.99072  
1.15436  3.26647  3  5  3  5  0.308903  3.952  
0.785562  3.67853  3  5  3  5  1.96426  0.752841  
1.25098  3.12093  3  5  3  5  1.95635  0.831137  
1.59359  2.417  3  5  3  5  1.19516  3.20724  
1.21321  3.18001  3  5  3  5  1.66548  2.21466  
0.336171  3.94309  3  5  3  5  0.54337  3.84954  
1.81519  1.6794  3  5  3  5  1.57915  2.45463  
1.42518  2.80632  3  5  3  5  0.978458  3.48862  
1.56432  2.49231  3  5  3  5  1.94801  0.906147  
1.75528  1.91727  3  5  3  5  8.08719e-05  4  
0.675661  3.76483  3  5  3  5  1.73384  1.9938  
1.77976  1.82477  3  5  3  5  1.42422  2.80826  
1.98508  0.487757  3  5  3  5  1.74711  1.94689  
0.244974  3.96988  3  5  3  5  1.56437  2.49219  
1.51941  2.60107  3  5  3  5  1.70688  2.08475  
1.13418  3.29462  3  5  3  5  1.97165  0.671136  
1.47307  2.70561  3  5  3  5  1.90119  1.24171  
0.487582  3.87931  3  5  3  5  0.50953  3.86801  
1.66416  2.21861  3  5  3  5  0.892332  3.5798  
1.00541  3.45784  3  5  3  5  0.354356  3.93672  
0.554279  3.84332  3  5  3  5  1.69321  2.1289  
1.85996  1.47043  3  5  3  5  1.17633  3.23497  
1.62232  2.33929  3  5  3  5  0.473671  3.8862  
1.37546  2.90386  3  5  3  5  1.60838  2.37749  
1.83793  1.57735  3  5  3  5  1.83509  1.59053  
1.91138  1.17749  3  5  3  5  1.89092  1.30293  
1.96426  0.752841  3  5  3  5  1.88032  1.36296  
0.415525  3.91272  3  5  3  5  0.259207  3.96626  
0.191568  3.98161  3  5  3  5  0.869527  3.60218  
1.579  2.45501  3  5  3  5  1.5344  2.56564  
1.45731  2.73953  3  5  3  5  1.77321  1.85009  
0.911844  3.56008  3  5  3  5  1.99596  0.254063  
0.959442  3.50968  3  5  3  5  1.01951  3.44128  
1.50411  2.63641  3  5  3  5  0.936189  3.53471  
0.376925  3.92832  3  5  3  5  1.9909  0.38119  
1.80354  1.72888  3  5  3  5  0.694678  3.75096  
1.73024  2.00624  3  5  3  5  1.23225  3.15059  
1.94801  0.906147  3  5  3  5  1.93931  0.977919  
1.32365  2.99864  3  5  3  5  1.67941  2.17216  
1.54941  2.5293  3  5  3  5  1.59389  2.4162  
1.19391  3.2091  3  5  3  5  1.07972  3.36702  
1.95635  0.831137  3  5  3  5  1.09939  3.34146  
1.34116  2.96735  3  5  3  5  1.30439  3.03221  
1.02775  3.43146  3  5  3  5  1.05988  3.39215  
1.48868  2.67121  3  5  3  5  1.86941  1.4217  
1.70437  2.09295  3  5  3  5  0.722055  3.73022  
1.2695  3.09087  3  5  3  5  1.84679  1.53538  
1.40884  2.83914  3  5  3  5  0.436007  3.90379  
1.88118  1.35817  3  5  3  5  1.26871  3.09217  
1.71739  2.04995  3  5  3  5  0.637678  3.79124  
1.09277  3.35013  3  5  3  5  1.44058  2.77469  
0.646602  3.78518  3  5  3  5  1.5039  2.63688  
1.93031  1.04668  3  5  3  5  1.15738  3.26219  
1.39227  2.87164  3  5  3  5  1.13821  3.28906  
1.69116  2.13541  3  5  3  5  1.51926  2.60143  
1.79177  1.77714  3  5  3  5  1.85825  1.47907  
1.53448  2.56544  3  5  3  5  0.99912  3.46512  
1.74284  1.96216  3  5  3  5  0.773969  3.68834  
1.89147  1.29977  3  5  3  5  1.62289  2.33771  
1.60802  2.37846  3  5  3  5  1.93025  1.04712  
1.11367  3.3225  3  5  3  5  1.72045  2.03967  
1.07146  3.37756  3  5  3  5  1.28663  3.0624  
0.452269  3.89638  3  5  3  5  0.748443  3.70936  
1.35844  2.93573  3  5  3  5  1.65143  2.25636  
0.704055  3.74396  3  5  3  5  1.81093  1.69769  
0.862587  3.60885  3  5  3  5  2  4.40021e-08  
1.92099  1.11322  3  5  3  5  1.32203  3.0015  
1.97165  0.671136  3  5  3  5  1.98508  0.487757  
1.04981  3.40464  3  5  3  5  1.76022  1.89907  
1.82665  1.62893  3  5  3  5  1.91118  1.17881  
1.84903  1.52458  3  5  3  5  0.95752  3.51178  
0.292511  3.95699  3  5  3  5  1.33947  2.9704  
0.811642  3.65581  3  5  3  5  0.203203  3.9793  
0.935863  3.53506  3  5  3  5  1.11894  3.31541  
0.731769  3.72264  3  5  3  5  0.60769  3.81089  
2  4.40021e-08  3  5  3  5  1.45672  2.74078  
1.90153  1.23968  3  5  3  5  1.3739  2.90682  
1.99596  0.254226  3  5  3  5  0.823109  3.64554  
1.17433  3.23788  3  5  3  5  1.47266  2.7065  
1.9909  0.38119  3  5  3  5  0.798811  3.6671  
1.28776  3.06051  3  5  3  5  1.35676  2.93884  
1.63648  2.29951  3  5  3  5  0.666625  3.77127  
0.127719  3.99184  3  5  3  5  1.54941  2.5293  
1.87066  1.41512  3  5  3  5  1.48837  2.6719  
1.30583  3.02972  3  5  3  5  1.97862  0.583285  
1.7676  1.87148  3  5  3  5  1.25056  3.1216  
1.44135  2.7731  3  5  3  5  1.40763  2.84154  
0.586013  3.82444  3  5  3  5  0.575035  3.8311  
1.65039  2.2594  3  5  3  5  1.6373  2.29717  
1.97856  0.584138  3  5  3  5  1.82312  1.64465  
0.837373  3.63252  3  5  3  5  1.39086  2.87437  
0.75895  3.70081  3  5  3  5  1.21381  3.17909  
1.93933  0.977738  3  5  3  5  1.92084  1.11419  
0.521599  3.86157  3  5  3  5  1.79854  1.74958  
0.982541  3.48403  3  5  3  5  1.78598  1.80032  
0.88743  3.58467  3  5  3  5  0.913941  3.55793  
1.67774  2.17734  3  5  3  5  0.395985  3.92081  
0.616768  3.80505  3  5  3  5  1.03998  3.41669  
1.23218  3.1507  3  5  3  5  0.845594  3.6249  
7.39493e-05  4  3  5  3  5  0.135284  3.99084  
1.15436  3.26647  3  5  3  5  0.308416  3.95215  
0.785624  3.67847  3  5  3  5  1.96415  0.753944  
1.25098  3.12093  3  5  3  5  1.95628  0.831753  
1.59361  2.41694  3  5  3  5  1.19519  3.20719  
1.2132  3.18002  3  5  3  5  1.66553  2.2145  
0.336171  3.94309  3  5  3  5  0.542702  3.84992  
1.81523  1.67923  3  5  3  5  1.57937  2.45406  
1.42519  2.8063  3  5  3  5  0.978238  3.48887  
1.56437  2.49219  3  5  3  5  1.94796  0.906498  
1.75531  1.91716  3  5  3  5  7.39493e-05  4  
0.675661  3.76483  3  5  3  5  1.73407  1.99298  
1.7798  1.82462  3  5  3  5  1.42418  2.80834  
1.98503  0.488557  3  5  3  5  1.74734  1.94608  
0.244986  3.96988  3  5  3  5  1.56452  2.4918  
1.51941  2.60107  3  5  3  5  1.70703  2.08429  
1.13409  3.29475  3  5  3  5  1.9716  0.671642  
1.47308  2.70557  3  5  3  5  1.90114  1.24203  
0.487702  3.87925  3  5  3  5  0.50845  3.86858  
1.66415  2.21866  3  5  3  5  0.891638  3.58049  
1.00532  3.45793  3  5  3  5  0.353848  3.9369  
0.55435  3.84328  3  5  3  5  1.69338  2.12836  
1.85996  1.47043  3  5  3  5  1.17637  3.23491  
1.62236  2.33918  3  5  3  5  0.472957  3.88655  
1.37546  2.90386  3  5  3  5  1.60849  2.3772  
1.83793  1.57735  3  5  3  5  1.83508  1.59056  
1.91145  1.17707  3  5  3  5  1.89081  1.30362  
1.96415  0.753944  3  5  3  5  1.88022  1.36348  
0.415541  3.91271  3  5  3  5  0.259031  3.96631  
0.191759  3.98157  3  5  3  5  0.86912  3.60257  
1.57909  2.45477  3  5  3  5  1.53455  2.56528  
1.45731  2.73953  3  5  3  5  1.77324  1.84999  
0.911844  3.56008  3  5  3  5  1.99596  0.254063  
0.959428  3.5097  3  5  3  5  1.01964  3.44112  
1.50412  2.63637  3  5  3  5  0.93571  3.53522  
0.376925  3.92832  3  5  3  5  1.99088  0.381647  
1.80358  1.7287  3  5  3  5  0.693728  3.75166  
1.73024  2.00624  3  5  3  5  1.23229  3.15053  
1.94799  0.906278  3  5  3  5  1.93925  0.978348  
1.32358  2.99876  3  5  3  5  1.67956  2.17171  
1.54958  2.52888  3  5  3  5  1.59396  2.41602  
1.19391  3.2091  3  5  3  5  1.07989  3.3668  
1.95628  0.831753  3  5  3  5  1.09955  3.34125  
1.34115  2.96737  3  5  3  5  1.30449  3.03203  
1.02775  3.43146  3  5  3  5  1.06001  3.39198  
1.48869  2.67118  3  5  3  5  1.86938  1.42188  
1.70437  2.09295  3  5  3  5  0.720672  3.73129  
1.26949  3.09089  3  5  3  5  1.84679  1.53538  
1.40884  2.83914  3  5  3  5  0.435585  3.90398  
1.88125  1.35781  3  5  3  5  1.26871  3.09217  
1.7174  2.04993  3  5  3  5  0.636299  3.79216  
1.09265  3.3503  3  5  3  5  1.44055  2.77475  
0.646602  3.78518  3  5  3  5  1.5039  2.63688  
1.93034  1.04648  3  5  3  5  1.15743  3.26212  
1.39227  2.87164  3  5  3  5  1.13831  3.28893  
1.69116  2.13539  3  5  3  5  1.51928  2.60137  
1.79177  1.77714  3  5  3  5  1.85823  1.47918  
1.53459  2.56517  3  5  3  5  0.99912  3.46512  
1.74287  1.96204  3  5  3  5  0.772613  3.68948  
1.89152  1.29948  3  5  3  5  1.62298  2.33746  
1.60809  2.37829  3  5  3  5  1.93022  1.04739  
1.11357  3.32262  3  5  3  5  1.72072  2.03875  
1.0714  3.37763  3  5  3  5  1.28669  3.0623  
0.452382  3.89633  3  5  3  5  0.746996  3.71052  
1.35844  2.93573  3  5  3  5  1.65145  2.25629  
0.704047  3.74396  3  5  3  5  1.81093  1.69769  
0.862594  3.60884  3  5  3  5  2  1.37868e-08  
1.92104  1.11282  3  5  3  5  1.32205  3.00145  
1.9716  0.671642  3  5  3  5  1.98503  0.488557  
1.04973  3.40474  3  5  3  5  1.76033  1.89868  
1.82665  1.62893  3  5  3  5  1.91115  1.17897  
1.84903  1.52458  3  5  3  5  0.95716  3.51218  
0.292548  3.95698  3  5  3  5  1.33951  2.97033  
0.811761  3.6557  3  5  3  5  0.202868  3.97937  
0.935833  3.53509  3  5  3  5  1.11905  3.31525  
0.731769  3.72264  3  5  3  5  0.606174  3.81185  
2  1.37868e-08  3  5  3  5  1.45672  2.74078  
1.90158  1.23934  3  5  3  5  1.3739  2.90682  
1.99596  0.254063  3  5  3  5  0.821939  3.6466  
1.17433  3.23788  3  5  3  5  1.47266  2.7065  
1.99088  0.381647  3  5  3  5  0.797674  3.66809  
1.28776  3.06051  3  5  3  5  1.35676  2.93884  
1.63645  2.2996  3  5  3  5  0.665337  3.77218  
0.127867  3.99182  3  5  3  5  1.54962  2.52877  
1.87072  1.41478  3  5  3  5  1.48837  2.6719  
1.30575  3.02985  3  5  3  5  1.97856  0.584138  
1.76761  1.87142  3  5  3  5  1.25059  3.12156  
1.44134  2.77311  3  5  3  5  1.40763  2.84154  
