1.66792  3.84468e-64  3.34294  1.02277  1.79769e+308  1.79769e+308  1.66792  3.84468e-64  
1.6288  3.57943e-09  3.34294  1.02277  1.79769e+308  1.79769e+308  1.6288  3.57943e-09  
1.90163  2.48948e-203  3.34294  1.02277  1.79769e+308  1.79769e+308  1.90163  2.48948e-203  
1.864  1.62644e-38  3.34294  1.02277  1.79769e+308  1.79769e+308  1.864  1.62644e-38  
2.16573  4.28167e-63  3.34294  1.02277  1.79769e+308  1.79769e+308  2.16573  4.28167e-63  
1.75192  3.34981e-97  3.34294  1.02277  1.79769e+308  1.79769e+308  1.75192  3.34981e-97  
1.57356  2.04513e-30  3.34294  1.02277  1.79769e+308  1.79769e+308  1.57356  2.04513e-30  
2.17269  9.84313e-95  3.34294  1.02277  1.79769e+308  1.79769e+308  2.17269  9.84313e-95  
1.97118  3.06523e-99  3.34294  1.02277  1.79769e+308  1.79769e+308  1.97118  3.06523e-99  
1.92926  6.06964e-20  3.34294  1.02277  1.79769e+308  1.79769e+308  1.92926  6.06964e-20  
1.72434  2.41759e-127  3.34294  1.02277  1.79769e+308  1.79769e+308  1.72434  2.41759e-127  
2.0132  2.75341e-38  3.34294  1.02277  1.79769e+308  1.79769e+308  2.0132  2.75341e-38  
2.33122  1.04885e-17  3.34294  1.02277  1.79769e+308  1.79769e+308  2.33122  1.04885e-17  
1.50923  1.4608e-71  3.34294  1.02277  1.79769e+308  1.79769e+308  1.50923  1.4608e-71  
1.47043  5.68011e-31  3.34294  1.02277  1.79769e+308  1.79769e+308  1.47043  5.68011e-31  
1.8548  2.45652e-56  3.34294  1.02277  1.79769e+308  1.79769e+308  1.8548  2.45652e-56  
1.7075  0.00572682  3.34294  1.02277  1.79769e+308  1.79769e+308  1.7075  0.00572682  
1.55988  3.51301e-83  3.34294  1.02277  1.79769e+308  1.79769e+308  1.55988  3.51301e-83  
1.62505  1.16223e-09  3.34294  1.02277  1.79769e+308  1.79769e+308  1.62505  1.16223e-09  
1.78294  1.8212e-06  3.34294  1.02277  1.79769e+308  1.79769e+308  1.78294  1.8212e-06  
2.1083  3.28396e-16  3.34294  1.02277  1.79769e+308  1.79769e+308  2.1083  3.28396e-16  
1.61464  0.0153914  3.34294  1.02277  1.79769e+308  1.79769e+308  1.61464  0.0153914  
1.47998  1.31621e-53  3.34294  1.02277  1.79769e+308  1.79769e+308  1.47998  1.31621e-53  
1.84708  2.95367e-22  3.34294  1.02277  1.79769e+308  1.79769e+308  1.84708  2.95367e-22  
1.66599  1.65261e-09  3.34294  1.02277  1.79769e+308  1.79769e+308  1.66599  1.65261e-09  
1.85848  0.000935258  3.34294  1.02277  1.79769e+308  1.79769e+308  1.85848  0.000935258  
2.0036  2.74397e-177  3.34294  1.02277  1.79769e+308  1.79769e+308  2.0036  2.74397e-177  
1.58426  7.46359e-21  3.34294  1.02277  1.79769e+308  1.79769e+308  1.58426  7.46359e-21  
1.45332  6.79284e-32  3.34294  1.02277  1.79769e+308  1.79769e+308  1.45332  6.79284e-32  
2.13395  0.00330347  3.34294  1.02277  1.79769e+308  1.79769e+308  2.13395  0.00330347  
2.09155  1.10179e-26  3.34294  1.02277  1.79769e+308  1.79769e+308  2.09155  1.10179e-26  
1.93305  3.15147e-30  3.34294  1.02277  1.79769e+308  1.79769e+308  1.93305  3.15147e-30  
2.01056  1.29059e-65  3.34294  1.02277  1.79769e+308  1.79769e+308  2.01056  1.29059e-65  
1.53514  1.65779e-46  3.34294  1.02277  1.79769e+308  1.79769e+308  1.53514  1.65779e-46  
1.52666  1.60753e-84  3.34294  1.02277  1.79769e+308  1.79769e+308  1.52666  1.60753e-84  
1.84434  1.5539e-77  3.34294  1.02277  1.79769e+308  1.79769e+308  1.84434  1.5539e-77  
1.83607  0.0147572  3.34294  1.02277  1.79769e+308  1.79769e+308  1.83607  0.0147572  
1.79588  4.08924e-12  3.34294  1.02277  1.79769e+308  1.79769e+308  1.79588  4.08924e-12  
2.11317  3.86158e-38  3.34294  1.02277  1.79769e+308  1.79769e+308  2.11317  3.86158e-38  
1.72893  1.96856e-271  3.34294  1.02277  1.79769e+308  1.79769e+308  1.72893  1.96856e-271  
1.9134  2.91627e-119  3.34294  1.02277  1.79769e+308  1.79769e+308  1.9134  2.91627e-119  
1.5445  1.51022e-44  3.34294  1.02277  1.79769e+308  1.79769e+308  1.5445  1.51022e-44  
1.86168  6.02051e-54  3.34294  1.02277  1.79769e+308  1.79769e+308  1.86168  6.02051e-54  
1.55874  3.04725e-56  3.34294  1.02277  1.79769e+308  1.79769e+308  1.55874  3.04725e-56  
1.77519  4.61381e-89  3.34294  1.02277  1.79769e+308  1.79769e+308  1.77519  4.61381e-89  
1.49834  1.2915e-36  3.34294  1.02277  1.79769e+308  1.79769e+308  1.49834  1.2915e-36  
1.75201  3.67998e-69  3.34294  1.02277  1.79769e+308  1.79769e+308  1.75201  3.67998e-69  
1.96558  2.54158e-76  3.34294  1.02277  1.79769e+308  1.79769e+308  1.96558  2.54158e-76  
1.62127  0.00173865  3.34294  1.02277  1.79769e+308  1.79769e+308  1.62127  0.00173865  
1.8021  3.47266e-72  3.34294  1.02277  1.79769e+308  1.79769e+308  1.8021  3.47266e-72  
1.80137  6.8933e-39  3.34294  1.02277  1.79769e+308  1.79769e+308  1.80137  6.8933e-39  
1.65963  4.79902e-60  3.34294  1.02277  1.79769e+308  1.79769e+308  1.65963  4.79902e-60  
2.08879  7.21991e-53  3.34294  1.02277  1.79769e+308  1.79769e+308  2.08879  7.21991e-53  
1.89685  4.24759e-32  3.34294  1.02277  1.79769e+308  1.79769e+308  1.89685  4.24759e-32  
1.60495  4.94489e-43  3.34294  1.02277  1.79769e+308  1.79769e+308  1.60495  4.94489e-43  
1.77951  1.82118e-53  3.34294  1.02277  1.79769e+308  1.79769e+308  1.77951  1.82118e-53  
2.04934  5.00921e-85  3.34294  1.02277  1.79769e+308  1.79769e+308  2.04934  5.00921e-85  
1.9408  8.12472e-147  3.34294  1.02277  1.79769e+308  1.79769e+308  1.9408  8.12472e-147  
1.90556  9.7996e-21  3.34294  1.02277  1.79769e+308  1.79769e+308  1.90556  9.7996e-21  
1.68208  2.50374e-19  3.34294  1.02277  1.79769e+308  1.79769e+308  1.68208  2.50374e-19  
1.82256  1.70231e-90  3.34294  1.02277  1.79769e+308  1.79769e+308  1.82256  1.70231e-90  
1.92107  7.39637e-26  3.34294  1.02277  1.79769e+308  1.79769e+308  1.92107  7.39637e-26  
1.41048  1.19852e-25  3.34294  1.02277  1.79769e+308  1.79769e+308  1.41048  1.19852e-25  
1.72956  9.50687e-42  3.34294  1.02277  1.79769e+308  1.79769e+308  1.72956  9.50687e-42  
1.96987  6.46595e-12  3.34294  1.02277  1.79769e+308  1.79769e+308  1.96987  6.46595e-12  
1.94842  1.83611e-18  3.34294  1.02277  1.79769e+308  1.79769e+308  1.94842  1.83611e-18  
1.5413  3.36334e-14  3.34294  1.02277  1.79769e+308  1.79769e+308  1.5413  3.36334e-14  
1.88647  5.51616e-28  3.34294  1.02277  1.79769e+308  1.79769e+308  1.88647  5.51616e-28  
1.7827  3.854e-07  3.34294  1.02277  1.79769e+308  1.79769e+308  1.7827  3.854e-07  
1.56366  4.3276e-116  3.34294  1.02277  1.79769e+308  1.79769e+308  1.56366  4.3276e-116  
1.71619  0.000300547  3.34294  1.02277  1.79769e+308  1.79769e+308  1.71619  0.000300547  
1.72462  0.000974435  3.34294  1.02277  1.79769e+308  1.79769e+308  1.72462  0.000974435  
1.86108  1.522e-25  3.34294  1.02277  1.79769e+308  1.79769e+308  1.86108  1.522e-25  
1.91611  1.8053e-35  3.34294  1.02277  1.79769e+308  1.79769e+308  1.91611  1.8053e-35  
1.58021  2.11804e-39  3.34294  1.02277  1.79769e+308  1.79769e+308  1.58021  2.11804e-39  
1.74927  1.65081e-12  3.34294  1.02277  1.79769e+308  1.79769e+308  1.74927  1.65081e-12  
1.49489  5.06061e-19  3.34294  1.02277  1.79769e+308  1.79769e+308  1.49489  5.06061e-19  
2.08099  0.0175719  3.34294  1.02277  1.79769e+308  1.79769e+308  2.08099  0.0175719  
1.67848  3.61597e-50  3.34294  1.02277  1.79769e+308  1.79769e+308  1.67848  3.61597e-50  
2.09654  3.62807e-24  3.34294  1.02277  1.79769e+308  1.79769e+308  2.09654  3.62807e-24  
1.9939  2.76591e-18  3.34294  1.02277  1.79769e+308  1.79769e+308  1.9939  2.76591e-18  
1.95594  1.12118e-33  3.34294  1.02277  1.79769e+308  1.79769e+308  1.95594  1.12118e-33  
2.10352  4.02358e-16  3.34294  1.02277  1.79769e+308  1.79769e+308  2.10352  4.02358e-16  
2.34294  3.30598e-06  3.34294  1.02277  1.79769e+308  1.79769e+308  2.34294  3.30598e-06  
1.42479  1.47275e-21  3.34294  1.02277  1.79769e+308  1.79769e+308  1.42479  1.47275e-21  
1.20235  5.03456e-28  3.34294  1.02277  1.79769e+308  1.79769e+308  1.20235  5.03456e-28  
2.05163  7.57612e-13  3.34294  1.02277  1.79769e+308  1.79769e+308  2.05163  7.57612e-13  
1.71115  6.46639e-75  3.34294  1.02277  1.79769e+308  1.79769e+308  1.71115  6.46639e-75  
1.81878  2.74844e-36  3.34294  1.02277  1.79769e+308  1.79769e+308  1.81878  2.74844e-36  
2.33157  2.2969e-91  3.34294  1.02277  1.79769e+308  1.79769e+308  2.33157  2.2969e-91  
1.46751  4.764e-35  3.34294  1.02277  1.79769e+308  1.79769e+308  1.46751  4.764e-35  
2.14085  1.79965e-24  3.34294  1.02277  1.79769e+308  1.79769e+308  2.14085  1.79965e-24  
2.05304  0.0227694  3.34294  1.02277  1.79769e+308  1.79769e+308  2.05304  0.0227694  
1.87389  3.76444e-24  3.34294  1.02277  1.79769e+308  1.79769e+308  1.87389  3.76444e-24  
2.12738  5.59914e-70  3.34294  1.02277  1.79769e+308  1.79769e+308  2.12738  5.59914e-70  
2.11976  9.59675e-43  3.34294  1.02277  1.79769e+308  1.79769e+308  2.11976  9.59675e-43  
1.63942  7.34509e-75  3.34294  1.02277  1.79769e+308  1.79769e+308  1.63942  7.34509e-75  
1.56641  0.010983  3.34294  1.02277  1.79769e+308  1.79769e+308  1.56641  0.010983  
1.907  7.32121e-135  3.34294  1.02277  1.79769e+308  1.79769e+308  1.907  7.32121e-135  
1.54992  8.56755e-11  3.34294  1.02277  1.79769e+308  1.79769e+308  1.54992  8.56755e-11  
0.547253  0.836968  3.17416  3.05125  2.11013  2.3957  1.47411  2.28375e-07  
0.782297  0.623573  3.17416  3.05125  2.11013  2.3957  1.53593  1.15583e-200  
0.881114  0.472904  3.17416  3.05125  2.11013  2.3957  1.50901  1.12048e-12  
0.968725  0.248278  3.17416  3.05125  2.11013  2.3957  1.58702  0  
0.625259  0.780508  3.17416  3.05125  2.11013  2.3957  1.67136  0  
0.809474  0.587156  3.17416  3.05125  2.11013  2.3957  1.83141  3.22843e-201  
0.956428  0.291968  3.17416  3.05125  2.11013  2.3957  1.98725  7.70053e-17  
0.73367  0.679507  3.17416  3.05125  2.11013  2.3957  0.00989019  1.37758  
0.77571  0.63109  3.17416  3.05125  2.11013  2.3957  1.57554  1.86511e-10  
0.878152  0.478384  3.17416  3.05125  2.11013  2.3957  1.9101  0.101097  
0.510625  0.860725  3.17416  3.05125  2.11013  2.3957  1.5027  0.0205845  
0.588996  0.808227  3.17416  3.05125  2.11013  2.3957  1.62545  1.18628e-120  
0.683368  0.730315  3.17416  3.05125  2.11013  2.3957  1.59993  0  
0.693082  0.722702  3.17416  3.05125  2.11013  2.3957  1.63457  9.56925e-307  
0.617036  0.787039  3.17416  3.05125  2.11013  2.3957  1.53606  0.000365502  
0.64093  0.767601  3.17416  3.05125  2.11013  2.3957  1.76752  1.25564e-10  
0.993427  0.114485  3.17416  3.05125  2.11013  2.3957  1.97511  2.10816e-15  
0.991664  0.130922  3.17416  3.05125  2.11013  2.3957  1.97083  1.15457e-109  
0.527009  0.84986  3.17416  3.05125  2.11013  2.3957  1.78426  2.8626e-125  
0.63393  0.773525  3.17416  3.05125  2.11013  2.3957  1.5206  1.09001e-15  
1  0  3.17416  3.05125  2.11013  2.3957  1.46376  2.21538e-194  
0.886357  0.46305  3.17416  3.05125  2.11013  2.3957  1.92873  3.09189e-05  
0.186706  0.982417  3.17416  3.05125  2.11013  2.3957  2.0613  1.58292e-07  
0.427288  0.904289  3.17416  3.05125  2.11013  2.3957  1.95238  0.115096  
0.910213  0.414321  3.17416  3.05125  2.11013  2.3957  1  0  
0.579205  0.815292  3.17416  3.05125  2.11013  2.3957  6.12323e-17  1  
0.940246  0.341149  3.17416  3.05125  2.11013  2.3957  0.844014  1.13535  
0.340866  0.940188  3.17416  3.05125  2.11013  2.3957  1.18262  1.43484  
0.906433  0.422349  3.17416  3.05125  2.11013  2.3957  0.135626  1.63876  
0.926235  0.377138  3.17416  3.05125  2.11013  2.3957  1.77818  4.36449e-06  
0.892395  0.451379  3.17416  3.05125  2.11013  2.3957  1.48956  2.32397e-56  
0.458556  0.889818  3.17416  3.05125  2.11013  2.3957  1.11013  1.3957  
0.372816  0.927969  3.17416  3.05125  2.11013  2.3957  1.86598  1.35496e-145  
0.356918  0.934894  3.17416  3.05125  2.11013  2.3957  1.95926  1.5328e-152  
0.841068  0.542154  3.17416  3.05125  2.11013  2.3957  1.52721  3.72193e-47  
0.791445  0.61124  3.17416  3.05125  2.11013  2.3957  1.55073  0.00701472  
0.285291  0.958441  3.17416  3.05125  2.11013  2.3957  1.54654  0  
0.698505  0.71597  3.17416  3.05125  2.11013  2.3957  1.77557  2.87997e-103  
0.760837  0.648945  3.17416  3.05125  2.11013  2.3957  1.52458  1.30419e-73  
0.715328  0.699048  3.17416  3.05125  2.11013  2.3957  1.48504  1.31211e-127  
0.227711  0.973729  3.17416  3.05125  2.11013  2.3957  1.65898  5.90951e-252  
0.607026  0.794682  3.17416  3.05125  2.11013  2.3957  1.69731  2.62753e-24  
0.485136  0.874592  3.17416  3.05125  2.11013  2.3957  2.11424  1.0775e-48  
0.944999  0.327084  3.17416  3.05125  2.11013  2.3957  1.45549  6.186e-189  
0.981678  0.190563  3.17416  3.05125  2.11013  2.3957  0.880911  1.06878  
0.923514  0.38517  3.17416  3.05125  2.11013  2.3957  1.62323  2.43728e-103  
0.94932  0.314677  3.17416  3.05125  2.11013  2.3957  1.57515  3.22061e-60  
0.262601  0.964912  3.17416  3.05125  2.11013  2.3957  1.17617  1.41961e-29  
0.659376  0.751824  3.17416  3.05125  2.11013  2.3957  1.94393  5.33781e-157  
0.796736  0.60434  3.17416  3.05125  2.11013  2.3957  1.07137  1.64607  
0.973453  0.22889  3.17416  3.05125  2.11013  2.3957  1.50763  0.0768843  
0.500609  0.865674  3.17416  3.05125  2.11013  2.3957  2.45692e-05  2.05125  
0.823648  0.567197  3.17416  3.05125  2.11013  2.3957  1.70403  6.19833e-20  
0.900699  0.434443  3.17416  3.05125  2.11013  2.3957  0.920748  1.41465  
0.995182  0.0980425  3.17416  3.05125  2.11013  2.3957  1.48317  1.35152e-19  
0.398624  0.917315  3.17416  3.05125  2.11013  2.3957  1.45946  1.12472e-07  
0.830739  0.556676  3.17416  3.05125  2.11013  2.3957  1.57806  3.06902e-12  
0.305288  0.952396  3.17416  3.05125  2.11013  2.3957  1.84622  5.13311e-157  
0.837406  0.546596  3.17416  3.05125  2.11013  2.3957  4.67297e-05  1.85324  
0.743014  0.674055  3.17416  3.05125  2.11013  2.3957  1.92215  1.28363e-26  
0.241458  0.970419  3.17416  3.05125  2.11013  2.3957  2.09673e-05  1.52174  
0.363192  0.932288  3.17416  3.05125  2.11013  2.3957  1.46235  6.21514e-189  
0.384207  0.923943  3.17416  3.05125  2.11013  2.3957  1.44289  3.74114e-180  
0.855897  0.517162  3.17416  3.05125  2.11013  2.3957  1.67071  2.69052e-125  
0.933191  0.360633  3.17416  3.05125  2.11013  2.3957  1.51052  4.35142e-06  
0.997929  0.064337  3.17416  3.05125  2.11013  2.3957  1.44164  1.11099e-07  
0.814929  0.579561  3.17416  3.05125  2.11013  2.3957  1.40396  8.91012e-100  
0.845259  0.534375  3.17416  3.05125  2.11013  2.3957  1.58212  6.8164e-26  
0.478066  0.881637  3.17416  3.05125  2.11013  2.3957  1.85629  1.9531e-91  
0.481308  0.876573  3.17416  3.05125  2.11013  2.3957  1.41417  1.47912e-05  
0.538741  0.842486  3.17416  3.05125  2.11013  2.3957  2.14702  3.32371e-24  
0.751428  0.660172  3.17416  3.05125  2.11013  2.3957  1.7642  0.093375  
0.996771  0.0808378  3.17416  3.05125  2.11013  2.3957  1.24516  8.67186e-43  
0.0546917  0.998522  3.17416  3.05125  2.11013  2.3957  1.81746  0.00382358  
0.971051  0.238951  3.17416  3.05125  2.11013  2.3957  0.936314  1.14711  
0.937468  0.348135  3.17416  3.05125  2.11013  2.3957  1.55411  1.83973e-10  
0.983887  0.178937  3.17416  3.05125  2.11013  2.3957  1.69199  1.91128e-109  
0.451336  0.893137  3.17416  3.05125  2.11013  2.3957  0.947728  1.23273  
0.958225  0.286879  3.17416  3.05125  2.11013  2.3957  1.40957  1.17313e-170  
0.686047  0.7278  3.17416  3.05125  2.11013  2.3957  0.74479  1.52486  
0.87403  0.485994  3.17416  3.05125  2.11013  2.3957  1.66272  1.84348e-21  
0.711  0.703193  3.17416  3.05125  2.11013  2.3957  1.58277  1.31146e-138  
0.0862118  0.996277  3.17416  3.05125  2.11013  2.3957  1.88268  0.00178405  
0.98961  0.143782  3.17416  3.05125  2.11013  2.3957  1.75522  0  
0.966507  0.256641  3.17416  3.05125  2.11013  2.3957  1.80767  1.31262e-145  
0.818876  0.573971  3.17416  3.05125  2.11013  2.3957  1.74412  2.6188e-103  
0.416071  0.909333  3.17416  3.05125  2.11013  2.3957  2.17416  1.24184e-239  
0.986934  0.161818  3.17416  3.05125  2.11013  2.3957  1.78572  2.87573e-125  
0.597106  0.803859  3.17416  3.05125  2.11013  2.3957  2.07559  4.20835e-102  
0.869745  0.493502  3.17416  3.05125  2.11013  2.3957  1.42786  4.0888e-308  
0.564811  0.825221  3.17416  3.05125  2.11013  2.3957  2.02936  0.116747  
0.199003  0.980775  3.17416  3.05125  2.11013  2.3957  1.77345  5.07343e-13  
0.978786  0.204886  3.17416  3.05125  2.11013  2.3957  1.65036  4.58853e-157  
0.649578  0.760295  3.17416  3.05125  2.11013  2.3957  2.05335  0.000575448  
0.554226  0.834023  3.17416  3.05125  2.11013  2.3957  1.75412e-05  1.4645  
0.151632  0.989084  3.17416  3.05125  2.11013  2.3957  1.65979  1.28588e-131  
6.12323e-17  1  3.17416  3.05125  2.11013  2.3957  1.81429  4.47368e-13  
0.162361  0.987518  3.17416  3.05125  2.11013  2.3957  0.60202  1.25543  
0.522442  0.852712  3.17416  3.05125  2.11013  2.3957  1.82054  1.75568e-06  
0.953925  0.30332  3.17416  3.05125  2.11013  2.3957  1.75884  0.770019  
0.547253  0.836968  3.29879  2.89834  2.82553  2  1.7041  6.84995e-79  
0.782297  0.623573  3.29879  2.89834  2.82553  2  1.8175  1.6896e-267  
0.881114  0.472904  3.29879  2.89834  2.82553  2  1.69568  5.57582e-25  
0.859508  0.511142  3.29879  2.89834  2.82553  2  1.53421  4.8207e-14  
0.625259  0.780508  3.29879  2.89834  2.82553  2  1.54207  0  
0.809474  0.587156  3.29879  2.89834  2.82553  2  1.934  0.00116645  
0.764581  0.644577  3.29879  2.89834  2.82553  2  2.29879  2.46258e-143  
0.772105  0.635495  3.29879  2.89834  2.82553  2  1.91646  0.00060797  
0.134617  0.990898  3.29879  2.89834  2.82553  2  1.95926  0  
0.91734  0.398226  3.29879  2.89834  2.82553  2  1.61885  4.38782e-219  
0.512347  0.859081  3.29879  2.89834  2.82553  2  1.79674  4.87373e-79  
0.582793  0.812621  3.29879  2.89834  2.82553  2  1.40965  8.2325e-42  
0.681331  0.731976  3.29879  2.89834  2.82553  2  1.976  4.44044e-17  
0.687743  0.725954  3.29879  2.89834  2.82553  2  1.58679  1.57481e-13  
0.617036  0.787039  3.29879  2.89834  2.82553  2  1.84381  8.00171e-164  
0.64093  0.767601  3.29879  2.89834  2.82553  2  1.68089  5.34412e-64  
0.992958  0.118464  3.29879  2.89834  2.82553  2  1.5578  8.47296e-80  
0.96422  0.265103  3.29879  2.89834  2.82553  2  2.08642  1.74021e-29  
0.529355  0.8484  3.29879  2.89834  2.82553  2  2.15918  2.20601e-08  
0.63393  0.773525  3.29879  2.89834  2.82553  2  1.38101  2.50644e-238  
1  0  3.29879  2.89834  2.82553  2  1.33765  8.85958e-185  
0.886357  0.46305  3.29879  2.89834  2.82553  2  1.38136  4.81538e-07  
0.186706  0.982417  3.29879  2.89834  2.82553  2  2.03825  0.00069954  
0.427288  0.904289  3.29879  2.89834  2.82553  2  1.61626  2.78536e-52  
0.912297  0.409529  3.29879  2.89834  2.82553  2  1  0  
0.574979  0.818168  3.29879  2.89834  2.82553  2  6.12323e-17  1  
0.940246  0.341149  3.29879  2.89834  2.82553  2  1.8455  0.0187545  
0.342531  0.939559  3.29879  2.89834  2.82553  2  0.322132  1.80006  
0.906433  0.422349  3.29879  2.89834  2.82553  2  1.94142  9.84627e-09  
0.332747  0.943016  3.29879  2.89834  2.82553  2  1.8884  8.76226e-207  
0.892395  0.451379  3.29879  2.89834  2.82553  2  1.46009  5.13393e-291  
0.461315  0.887251  3.29879  2.89834  2.82553  2  1.47662  2.52737e-255  
0.372816  0.927969  3.29879  2.89834  2.82553  2  0.578596  1.74332  
0.356372  0.934344  3.29879  2.89834  2.82553  2  1.52078  2.46971e-22  
0.748623  0.662996  3.29879  2.89834  2.82553  2  1.6423  8.61363e-205  
0.790081  0.613003  3.29879  2.89834  2.82553  2  1.52546  3.69576e-19  
0.28792  0.957679  3.29879  2.89834  2.82553  2  1.38363  4.21638e-188  
0.696901  0.717167  3.29879  2.89834  2.82553  2  1.62894  1.13474e-123  
0.760837  0.648945  3.29879  2.89834  2.82553  2  1.55187  5.26931e-08  
0.717727  0.696325  3.29879  2.89834  2.82553  2  1.82743  1.73516e-10  
0.227711  0.973729  3.29879  2.89834  2.82553  2  1.57708  9.21035e-42  
0.607026  0.794682  3.29879  2.89834  2.82553  2  1.52064  6.16847e-123  
0.485136  0.874592  3.29879  2.89834  2.82553  2  0.150132  1.52807  
0.944999  0.327084  3.29879  2.89834  2.82553  2  1.67511  0.0457438  
0.981197  0.19301  3.29879  2.89834  2.82553  2  1.58949  2.77704e-84  
0.921969  0.387264  3.29879  2.89834  2.82553  2  1.44802  1.78869e-136  
0.94932  0.314677  3.29879  2.89834  2.82553  2  1.31966  3.04796e-18  
0.260047  0.965596  3.29879  2.89834  2.82553  2  2.06167  0  
0.659376  0.751824  3.29879  2.89834  2.82553  2  1.65283  0.000401901  
0.796736  0.60434  3.29879  2.89834  2.82553  2  1.06715  1.12172  
0.975261  0.221268  3.29879  2.89834  2.82553  2  1.43611  4.37631e-188  
0.498206  0.867059  3.29879  2.89834  2.82553  2  1.50849  0.00482072  
0.824999  0.565134  3.29879  2.89834  2.82553  2  0.00433781  1.55783  
0.900699  0.434443  3.29879  2.89834  2.82553  2  0.602616  1.25165  
0.730512  0.683107  3.29879  2.89834  2.82553  2  1.39786  6.69274e-22  
0.399435  0.916762  3.29879  2.89834  2.82553  2  1.89083  1.05615e-73  
0.830739  0.556676  3.29879  2.89834  2.82553  2  1.68718  1.6306e-11  
0.305288  0.952396  3.29879  2.89834  2.82553  2  0.00086477  1.33687  
0.837406  0.546596  3.29879  2.89834  2.82553  2  1.2739  6.09923e-22  
0.739544  0.673109  3.29879  2.89834  2.82553  2  1.75315  4.64692e-20  
0.241458  0.970419  3.29879  2.89834  2.82553  2  1.63779  2.08498e-131  
0.273521  0.961866  3.29879  2.89834  2.82553  2  1.59772  2.85528e-05  
0.384411  0.923162  3.29879  2.89834  2.82553  2  1.6188  2.81732e-22  
0.854617  0.520004  3.29879  2.89834  2.82553  2  2.11801  1.09023e-145  
0.933064  0.360358  3.29879  2.89834  2.82553  2  1.85429  0  
0.998506  0.0546466  3.29879  2.89834  2.82553  2  0.0349211  1.37836  
0.705662  0.708548  3.29879  2.89834  2.82553  2  0.00586356  1.76973  
0.846013  0.533162  3.29879  2.89834  2.82553  2  1.5279  7.22034e-05  
0.470662  0.882314  3.29879  2.89834  2.82553  2  1.97266  2.98582e-06  
0.120594  0.992702  3.29879  2.89834  2.82553  2  1.89517  3.46202e-226  
0.538741  0.842486  3.29879  2.89834  2.82553  2  1.44633  0.00462208  
0.66887  0.7438  3.29879  2.89834  2.82553  2  1.82386  0.165116  
0.995748  0.0921156  3.29879  2.89834  2.82553  2  1.93579  4.32826e-42  
0.0546917  0.998522  3.29879  2.89834  2.82553  2  1.66433  1.65324e-134  
0.971051  0.238951  3.29879  2.89834  2.82553  2  1.79533  4.40266e-06  
0.937468  0.348135  3.29879  2.89834  2.82553  2  1.92312  0  
0.983887  0.178937  3.29879  2.89834  2.82553  2  1.74569  1.88967e-248  
0.451336  0.893137  3.29879  2.89834  2.82553  2  1.40963  6.40983e-130  
0.960183  0.279373  3.29879  2.89834  2.82553  2  1.59633  1.76091e-47  
0.322576  0.946544  3.29879  2.89834  2.82553  2  1.63572  0.00670973  
0.87403  0.485994  3.29879  2.89834  2.82553  2  1.42331  3.27787e-264  
0.711  0.703193  3.29879  2.89834  2.82553  2  1.49594  7.16234e-22  
0.0862118  0.996277  3.29879  2.89834  2.82553  2  1.37562  1.07713e-109  
0.98961  0.143782  3.29879  2.89834  2.82553  2  1.57713  4.02207e-194  
0.967062  0.25454  3.29879  2.89834  2.82553  2  1.87318  4.6304e-07  
0.818876  0.573971  3.29879  2.89834  2.82553  2  1.70038  1.94263e-22  
0.416071  0.909333  3.29879  2.89834  2.82553  2  1.77848  4.46088e-07  
0.986785  0.16204  3.29879  2.89834  2.82553  2  0.00210409  1.76323  
0.593677  0.804704  3.29879  2.89834  2.82553  2  1.51781  6.69829e-136  
0.869745  0.493502  3.29879  2.89834  2.82553  2  1.4527  2.47138e-08  
0.562419  0.826853  3.29879  2.89834  2.82553  2  0.496522  1.49603  
0.206171  0.978516  3.29879  2.89834  2.82553  2  1.62479  5.71304e-291  
0.978524  0.206134  3.29879  2.89834  2.82553  2  1.40467  3.19933e-08  
0.649578  0.760295  3.29879  2.89834  2.82553  2  1.55018  5.81229e-17  
0.92933  0.369251  3.29879  2.89834  2.82553  2  1.00457  1.05595  
0.154982  0.988071  3.29879  2.89834  2.82553  2  0.00140787  1.89834  
6.12323e-17  1  3.29879  2.89834  2.82553  2  1.7834  2.39409e-14  
0.168065  0.985856  3.29879  2.89834  2.82553  2  1.48472  0  
0.522442  0.852712  3.29879  2.89834  2.82553  2  1.44187  2.35616e-23  
0.955106  0.296292  3.29879  2.89834  2.82553  2  1.85511  0.027924  
0.547253  0.836968  2.93427  2.83746  2.42464  2  1.67542  4.10475e-310  
0.780891  0.624668  2.93427  2.83746  2.42464  2  1.20888  1.19301  
0.879937  0.47509  2.93427  2.83746  2.42464  2  1.34619  4.46825e-92  
0.859508  0.511142  2.93427  2.83746  2.42464  2  1.69486  0  
0.625259  0.780508  2.93427  2.83746  2.42464  2  0.0173167  1.47937  
0.809474  0.587156  2.93427  2.83746  2.42464  2  1.41351  1.28755e-83  
0.554526  0.83227  2.93427  2.83746  2.42464  2  1.60083  9.40072e-155  
0.771455  0.636284  2.93427  2.83746  2.42464  2  8.25399e-17  1.34798  
0.134617  0.990898  2.93427  2.83746  2.42464  2  1.83833  2.83519e-123  
0.91734  0.398226  2.93427  2.83746  2.42464  2  1.61604  1.36345e-118  
0.512347  0.859081  2.93427  2.83746  2.42464  2  0.890902  1.35935  
0.582793  0.812621  2.93427  2.83746  2.42464  2  1.30432  0  
0.681331  0.731976  2.93427  2.83746  2.42464  2  0.728884  1.24186  
0.688315  0.725412  2.93427  2.83746  2.42464  2  1.14679  1.38916  
0.617036  0.787039  2.93427  2.83746  2.42464  2  1.46433  6.56126e-59  
0.64093  0.767601  2.93427  2.83746  2.42464  2  1.5627  4.09851e-81  
0.992799  0.11979  2.93427  2.83746  2.42464  2  1.87085  3.14842e-15  
0.96422  0.265103  2.93427  2.83746  2.42464  2  1.59958  4.28364e-126  
0.529355  0.8484  2.93427  2.83746  2.42464  2  1.42455  9.29794e-157  
0.63393  0.773525  2.93427  2.83746  2.42464  2  0.917556  1.4291  
1  2.2059e-83  2.93427  2.83746  2.42464  2  0.248343  1.28002  
0.886357  0.46305  2.93427  2.83746  2.42464  2  0.0611119  1.76726  
0.186706  0.982417  2.93427  2.83746  2.42464  2  1.31539  0.102699  
0.427288  0.904289  2.93427  2.83746  2.42464  2  1.50337  4.62995e-314  
0.912297  0.409529  2.93427  2.83746  2.42464  2  1  0  
0.574979  0.818168  2.93427  2.83746  2.42464  2  6.12323e-17  1  
0.940246  0.341149  2.93427  2.83746  2.42464  2  1.41985  3.1405e-221  
0.340723  0.940315  2.93427  2.83746  2.42464  2  0.00914878  1.83746  
0.906433  0.422349  2.93427  2.83746  2.42464  2  1.58603  8.6179e-16  
0.752976  0.658048  2.93427  2.83746  2.42464  2  1.53473  6.84194e-254  
0.892588  0.450873  2.93427  2.83746  2.42464  2  1.50932  1.65594e-69  
0.46051  0.887654  2.93427  2.83746  2.42464  2  1.76971  3.25224e-296  
0.372816  0.927969  2.93427  2.83746  2.42464  2  1.18114  8.68595e-50  
0.356372  0.934344  2.93427  2.83746  2.42464  2  0.891243  0.990656  
0.744247  0.667904  2.93427  2.83746  2.42464  2  1.36266  6.53062e-46  
0.790081  0.613003  2.93427  2.83746  2.42464  2  1.41284  6.84046e-205  
0.28792  0.957679  2.93427  2.83746  2.42464  2  1.47043  2.87301e-05  
0.696901  0.717167  2.93427  2.83746  2.42464  2  0.0414937  1.40668  
0.760837  0.648945  2.93427  2.83746  2.42464  2  1.27149  8.04093e-22  
0.717727  0.696325  2.93427  2.83746  2.42464  2  1.19829  2.22349e-13  
0.227711  0.973729  2.93427  2.83746  2.42464  2  1.54964  5.78201e-06  
0.607026  0.794682  2.93427  2.83746  2.42464  2  1.77995  1.32713e-51  
0.485136  0.874592  2.93427  2.83746  2.42464  2  0.942667  1.14189  
0.944999  0.327084  2.93427  2.83746  2.42464  2  0.76408  1.19468  
0.80168  0.59856  2.93427  2.83746  2.42464  2  1.10017  1.24808  
0.922401  0.386233  2.93427  2.83746  2.42464  2  1.30825  3.63287e-25  
0.94932  0.314677  2.93427  2.83746  2.42464  2  0.625608  1.23046  
0.260047  0.965596  2.93427  2.83746  2.42464  2  0.698077  1.36111  
0.659376  0.751824  2.93427  2.83746  2.42464  2  1.50486  0  
0.797257  0.603665  2.93427  2.83746  2.42464  2  1.47683  8.76443e-186  
0.975261  0.221268  2.93427  2.83746  2.42464  2  1.929  7.97662e-190  
0.498206  0.867059  2.93427  2.83746  2.42464  2  1.42397  0.280415  
0.824999  0.565134  2.93427  2.83746  2.42464  2  0.929959  0.986027  
0.900699  0.434443  2.93427  2.83746  2.42464  2  1.50973  1.67023e-288  
0.730512  0.683107  2.93427  2.83746  2.42464  2  1.51596  2.83816e-217  
0.399435  0.916762  2.93427  2.83746  2.42464  2  1.30142  1.71002e-67  
0.830739  0.556676  2.93427  2.83746  2.42464  2  9.15372e-17  1.49492  
0.305288  0.952396  2.93427  2.83746  2.42464  2  0.902928  0.938476  
0.837406  0.546596  2.93427  2.83746  2.42464  2  0.0556126  1.40492  
0.739544  0.673109  2.93427  2.83746  2.42464  2  1.54303  3.68068e-84  
0.246577  0.969123  2.93427  2.83746  2.42464  2  1.20248  1.10137e-78  
0.273521  0.961866  2.93427  2.83746  2.42464  2  1.50417  0.00226178  
0.384411  0.923162  2.93427  2.83746  2.42464  2  1.93427  0  
0.854617  0.520004  2.93427  2.83746  2.42464  2  0.14397  1.33049  
0.933064  0.360358  2.93427  2.83746  2.42464  2  1.02722e-16  1.67758  
0.998298  0.0583172  2.93427  2.83746  2.42464  2  1.45049  0  
0.705662  0.708548  2.93427  2.83746  2.42464  2  1.4703  4.08285e-25  
0.846013  0.533162  2.93427  2.83746  2.42464  2  1.31618  2.97194e-08  
0.470662  0.882314  2.93427  2.83746  2.42464  2  1.30081  2.12055e-15  
0.120594  0.992702  2.93427  2.83746  2.42464  2  0.897672  1.08739  
0.538741  0.842486  2.93427  2.83746  2.42464  2  1.23279  4.93096e-09  
0.66975  0.742804  2.93427  2.83746  2.42464  2  1.27127  0  
0.995748  0.0921156  2.93427  2.83746  2.42464  2  1.58025  6.75551e-05  
0.0546917  0.998522  2.93427  2.83746  2.42464  2  1.7029  1.30186e-173  
0.971051  0.238951  2.93427  2.83746  2.42464  2  1.43461  0.674126  
0.936378  0.351215  2.93427  2.83746  2.42464  2  1.37457  3.68106e-126  
0.983887  0.178937  2.93427  2.83746  2.42464  2  1.4366  6.47018e-60  
0.446942  0.894566  2.93427  2.83746  2.42464  2  1.26629  2.2228e-52  
0.960183  0.279373  2.93427  2.83746  2.42464  2  1.36901  2.91129e-136  
0.322576  0.946544  2.93427  2.83746  2.42464  2  0.298057  1.72517  
0.87403  0.485994  2.93427  2.83746  2.42464  2  1.38885  8.78313e-22  
0.711  0.703193  2.93427  2.83746  2.42464  2  1.28111  3.74992e-56  
0.0862118  0.996277  2.93427  2.83746  2.42464  2  1.30891  1.52526e-114  
0.98961  0.143782  2.93427  2.83746  2.42464  2  1.50744  7.15897e-17  
0.967062  0.25454  2.93427  2.83746  2.42464  2  1.32747  6.42135e-163  
0.818876  0.573971  2.93427  2.83746  2.42464  2  1.28259  1.08386  
0.416071  0.909333  2.93427  2.83746  2.42464  2  1.58897  3.79028e-84  
0.986785  0.16204  2.93427  2.83746  2.42464  2  0.248968  1.2398  
0.593677  0.804704  2.93427  2.83746  2.42464  2  1.38351  2.27746e-157  
0.867735  0.497027  2.93427  2.83746  2.42464  2  1.32048  1.2744e-318  
0.562419  0.826853  2.93427  2.83746  2.42464  2  1.33147  3.59932e-261  
0.206171  0.978516  2.93427  2.83746  2.42464  2  0.060679  1.60618  
0.979875  0.199614  2.93427  2.83746  2.42464  2  0.97782  0.971076  
0.649578  0.760295  2.93427  2.83746  2.42464  2  1.39917  7.05423e-13  
0.928111  0.372304  2.93427  2.83746  2.42464  2  1.55009  5.88963e-131  
0.154982  0.988071  2.93427  2.83746  2.42464  2  1.17806  0.972607  
6.12323e-17  1  2.93427  2.83746  2.42464  2  1.14773  0.931314  
0.168065  0.985856  2.93427  2.83746  2.42464  2  1.5637  4.98478e-22  
0.518758  0.854921  2.93427  2.83746  2.42464  2  0.149195  1.6991  
0.955106  0.296292  2.93427  2.83746  2.42464  2  1.32631  0.488586  
0.547253  0.836968  2.20134  2.52374  2  2  1.13357  2.30108e-66  
0.780891  0.624668  2.20134  2.52374  2  2  1.08512  0.46164  
0.879937  0.47509  2.20134  2.52374  2  2  0.474309  1.12695  
0.861643  0.507515  2.20134  2.52374  2  2  1.00309  0.640398  
0.625259  0.780508  2.20134  2.52374  2  2  0.661847  1.03146  
0.809474  0.587156  2.20134  2.52374  2  2  0.856749  0.725962  
0.554526  0.83227  2.20134  2.52374  2  2  1.12413  9.82309e-143  
0.770473  0.637473  2.20134  2.52374  2  2  1.01807e-05  1.52374  
0.134617  0.990898  2.20134  2.52374  2  2  1.13261  2.45518e-75  
0.91734  0.398226  2.20134  2.52374  2  2  1.03985  0.650307  
0.512347  0.859081  2.20134  2.52374  2  2  0.891419  0.689009  
0.582793  0.812621  2.20134  2.52374  2  2  8.40007e-06  1.25723  
0.681331  0.731976  2.20134  2.52374  2  2  0.936193  0.564097  
0.688315  0.725412  2.20134  2.52374  2  2  0.170348  1.09382  
0.617036  0.787039  2.20134  2.52374  2  2  0.00131636  1.14189  
0.64093  0.767601  2.20134  2.52374  2  2  0.617026  0.920854  
0.992799  0.11979  2.20134  2.52374  2  2  1.07832  7.22354e-44  
0.964101  0.265616  2.20134  2.52374  2  2  0.933805  0.763305  
0.529355  0.8484  2.20134  2.52374  2  2  0.811433  1.07716  
0.63393  0.773525  2.20134  2.52374  2  2  1.20708e-05  1.16833  
1  2.2059e-83  2.20134  2.52374  2  2  1  0  
0.886357  0.46305  2.20134  2.52374  2  2  0.496316  0.95912  
0.186706  0.982417  2.20134  2.52374  2  2  3.00792e-05  1.20125  
0.43177  0.901986  2.20134  2.52374  2  2  0.00140919  1.22243  
0.912297  0.409529  2.20134  2.52374  2  2  0.870168  0.632748  
0.574979  0.818168  2.20134  2.52374  2  2  6.12323e-17  1  
0.940246  0.341149  2.20134  2.52374  2  2  0.0448883  1.19125  
0.342272  0.939601  2.20134  2.52374  2  2  0.976163  0.781981  
0.906603  0.421985  2.20134  2.52374  2  2  1.06741  7.13664e-95  
0.752976  0.658048  2.20134  2.52374  2  2  0.739404  0.849185  
0.892588  0.450873  2.20134  2.52374  2  2  0.892158  0.949841  
0.46051  0.887654  2.20134  2.52374  2  2  1.04311  0.676724  
0.372816  0.927969  2.20134  2.52374  2  2  0.260776  1.1687  
0.356372  0.934344  2.20134  2.52374  2  2  0.958311  0.762724  
0.744247  0.667904  2.20134  2.52374  2  2  0.654622  0.858871  
0.788802  0.614647  2.20134  2.52374  2  2  0.00156035  1.17157  
0.289764  0.957113  2.20134  2.52374  2  2  1.09258  1.95891e-11  
0.696901  0.717167  2.20134  2.52374  2  2  0.563418  1.08874  
0.760837  0.648945  2.20134  2.52374  2  2  0.835125  0.683182  
0.717727  0.696325  2.20134  2.52374  2  2  0.806636  0.72167  
0.227711  0.973729  2.20134  2.52374  2  2  9.26498e-06  1.38668  
0.605285  0.796009  2.20134  2.52374  2  2  0.8623  0.89521  
0.485136  0.874592  2.20134  2.52374  2  2  0.583025  0.916091  
0.944999  0.327084  2.20134  2.52374  2  2  0.943611  0.561809  
0.80168  0.59856  2.20134  2.52374  2  2  0.689516  0.880322  
0.922401  0.386233  2.20134  2.52374  2  2  0.765428  0.785549  
0.94932  0.314677  2.20134  2.52374  2  2  0.546626  1.10183  
0.260047  0.965596  2.20134  2.52374  2  2  1.71111e-05  1.09884  
0.659376  0.751824  2.20134  2.52374  2  2  0.86597  0.754282  
0.7951  0.606478  2.20134  2.52374  2  2  0.467588  1.07472  
0.975279  0.220975  2.20134  2.52374  2  2  0.661974  0.959174  
0.498206  0.867059  2.20134  2.52374  2  2  1.3437e-05  1.30056  
0.824999  0.565134  2.20134  2.52374  2  2  0.515724  0.97464  
0.900699  0.434443  2.20134  2.52374  2  2  0.0660325  1.18105  
0.725522  0.688199  2.20134  2.52374  2  2  0.666817  0.966191  
0.399435  0.916762  2.20134  2.52374  2  2  0.80392  0.961664  
0.830739  0.556676  2.20134  2.52374  2  2  1.19395  1.65919e-78  
0.307258  0.951653  2.20134  2.52374  2  2  0.521707  0.949001  
0.837406  0.546596  2.20134  2.52374  2  2  1.20134  0  
0.736181  0.677189  2.20134  2.52374  2  2  0.510208  1.17268  
0.245409  0.96942  2.20134  2.52374  2  2  0.673955  0.986887  
0.276667  0.960966  2.20134  2.52374  2  2  1.08434  1.32888e-30  
0.384411  0.923162  2.20134  2.52374  2  2  0.0012812  1.11139  
0.854617  0.520004  2.20134  2.52374  2  2  1.98758e-05  1.27639  
0.933064  0.360358  2.20134  2.52374  2  2  1.09261  6.65551e-24  
0.998298  0.0583172  2.20134  2.52374  2  2  0.846553  0.901287  
0.703653  0.710543  2.20134  2.52374  2  2  1.10035  1.07608e-38  
0.846013  0.533162  2.20134  2.52374  2  2  1.10385  9.29603e-93  
0.470662  0.882314  2.20134  2.52374  2  2  1.091  1.95608e-11  
0.120594  0.992702  2.20134  2.52374  2  2  0.849433  0.68046  
0.538741  0.842486  2.20134  2.52374  2  2  0.836726  0.735206  
0.66975  0.742804  2.20134  2.52374  2  2  7.05904e-17  1.15283  
0.995748  0.0921156  2.20134  2.52374  2  2  0.823823  0.693387  
0.0572475  0.998363  2.20134  2.52374  2  2  1.76312e-05  1.13225  
0.971051  0.238951  2.20134  2.52374  2  2  1.07266  0.450005  
0.936378  0.351215  2.20134  2.52374  2  2  0.0396878  1.23985  
0.983887  0.178937  2.20134  2.52374  2  2  1.04442  5.55799e-68  
0.44413  0.895962  2.20134  2.52374  2  2  0.963688  0.580038  
0.960183  0.279373  2.20134  2.52374  2  2  0.815204  0.715196  
0.322576  0.946544  2.20134  2.52374  2  2  0.679053  0.906775  
0.874072  0.485797  2.20134  2.52374  2  2  1.45621e-05  1.40946  
0.711  0.703193  2.20134  2.52374  2  2  0.478585  1.1  
0.0930722  0.995659  2.20134  2.52374  2  2  0.920381  0.859726  
0.990182  0.139788  2.20134  2.52374  2  2  0.551702  0.969231  
0.967421  0.253172  2.20134  2.52374  2  2  1.11801  0  
0.818876  0.573971  2.20134  2.52374  2  2  0.648971  1.02126  
0.416071  0.909333  2.20134  2.52374  2  2  0.741269  0.972552  
0.987027  0.160552  2.20134  2.52374  2  2  0.775083  1.02891  
0.593677  0.804704  2.20134  2.52374  2  2  0.822648  0.844921  
0.867735  0.497027  2.20134  2.52374  2  2  1  1.12187e-38  
0.564177  0.825867  2.20134  2.52374  2  2  1.09768  0  
0.206171  0.978516  2.20134  2.52374  2  2  0.669577  0.83053  
0.979715  0.200396  2.20134  2.52374  2  2  1.13145  0  
0.649578  0.760295  2.20134  2.52374  2  2  0.486193  1.08926  
0.928111  0.372304  2.20134  2.52374  2  2  0.494084  1.07629  
0.154982  0.988071  2.20134  2.52374  2  2  0.937313  0.681574  
6.12323e-17  1  2.20134  2.52374  2  2  0.942214  0.874225  
0.168065  0.985856  2.20134  2.52374  2  2  3.12015e-05  1.24606  
0.519272  0.854609  2.20134  2.52374  2  2  1.11547  1.1286e-06  
0.955106  0.296292  2.20134  2.52374  2  2  1.0398  6.08213e-76  
0.547253  0.836968  2  2  2  2  0.772903  0.634566  
0.782604  0.622529  2  2  2  2  0.898219  0.439558  
0.879937  0.47509  2  2  2  2  0.0707567  0.997545  
0.859575  0.511025  2  2  2  2  0.832141  0.554854  
0.626667  0.779362  2  2  2  2  0.964479  0.264207  
0.811411  0.584795  2  2  2  2  0.319508  0.947617  
0.555518  0.831682  2  2  2  2  0.589706  0.807709  
0.769195  0.639304  2  2  2  2  0.955384  0.295459  
0.134617  0.990898  2  2  2  2  0.394765  0.918864  
0.91734  0.398226  2  2  2  2  0.383829  0.923543  
0.509194  0.860909  2  2  2  2  0.968701  0.248453  
0.582793  0.812621  2  2  2  2  0.4193  0.907916  
0.681331  0.731976  2  2  2  2  0.129439  0.991601  
0.688315  0.725412  2  2  2  2  0.712638  0.701765  
0.616239  0.787684  2  2  2  2  0.308163  0.951379  
0.644278  0.764825  2  2  2  2  0.480636  0.876961  
0.993217  0.116273  2  2  2  2  0.276823  0.960933  
0.964101  0.265616  2  2  2  2  0.980164  0.19844  
0.529355  0.8484  2  2  2  2  0.346529  0.938053  
0.635513  0.772139  2  2  2  2  0.653223  0.757188  
1  2.04326e-19  2  2  2  2  0.455639  0.890214  
0.886357  0.46305  2  2  2  2  0.983408  0.181474  
0.186706  0.982417  2  2  2  2  1  0  
0.43177  0.901986  2  2  2  2  0.292827  0.956186  
0.912297  0.409529  2  2  2  2  0.840137  0.542385  
0.573957  0.818894  2  2  2  2  6.12323e-17  1  
0.940126  0.341147  2  2  2  2  0.944972  0.327355  
0.34013  0.940397  2  2  2  2  0.93849  0.345448  
0.90571  0.424006  2  2  2  2  0.871658  0.490144  
0.752976  0.658048  2  2  2  2  0.741799  0.670678  
0.892588  0.450873  2  2  2  2  0.808476  0.588546  
0.458072  0.888963  2  2  2  2  0.536118  0.844224  
0.371857  0.928345  2  2  2  2  0.756998  0.653523  
0.356372  0.934344  2  2  2  2  0.610705  0.79195  
0.744247  0.667904  2  2  2  2  0.405847  0.914023  
0.788802  0.614647  2  2  2  2  0.91071  0.41309  
0.292827  0.956186  2  2  2  2  0.904447  0.426625  
0.69565  0.718443  2  2  2  2  0.599514  0.800426  
0.760837  0.648945  2  2  2  2  0.677111  0.735937  
0.717727  0.696325  2  2  2  2  0.644278  0.764825  
0.227711  0.973729  2  2  2  2  0.23329  0.972434  
0.605285  0.796009  2  2  2  2  0.250416  0.968238  
0.484487  0.874888  2  2  2  2  0.733005  0.680631  
0.944999  0.327084  2  2  2  2  0.989676  0.143841  
0.803415  0.595434  2  2  2  2  0.800606  0.599218  
0.922401  0.386233  2  2  2  2  0.986624  0.163102  
0.950425  0.311048  2  2  2  2  0.628033  0.778231  
0.260047  0.965596  2  2  2  2  0.924691  0.380858  
0.662203  0.749375  2  2  2  2  0.765394  0.643653  
0.7951  0.606478  2  2  2  2  0.997803  0.0666283  
0.975374  0.220558  2  2  2  2  0.55896  0.829467  
0.497741  0.867356  2  2  2  2  0.992624  0.12139  
0.825787  0.564  2  2  2  2  0.85283  0.522264  
0.899314  0.437446  2  2  2  2  0.69565  0.718443  
0.726454  0.687246  2  2  2  2  0.976335  0.21629  
0.400836  0.916157  2  2  2  2  0.794212  0.607675  
0.832141  0.554854  2  2  2  2  0.360188  0.932934  
0.307258  0.951653  2  2  2  2  0.579009  0.815393  
0.838826  0.544542  2  2  2  2  0.824828  0.565453  
0.735308  0.677893  2  2  2  2  0.102136  0.994816  
0.245409  0.96942  2  2  2  2  0.43375  0.901067  
0.276667  0.960966  2  2  2  2  0.816809  0.576917  
0.387756  0.921807  2  2  2  2  0.950425  0.311048  
0.85283  0.522264  2  2  2  2  0.846721  0.532236  
0.933961  0.357507  2  2  2  2  0.932207  0.362023  
0.998155  0.0608951  2  2  2  2  0.370487  0.928844  
0.703653  0.710543  2  2  2  2  0.332082  0.943275  
0.846013  0.533162  2  2  2  2  0.917448  0.397985  
0.470662  0.882314  2  2  2  2  0.263137  0.964777  
0.116654  0.993199  2  2  2  2  0.887726  0.460435  
0.538741  0.842486  2  2  2  2  0.960083  0.279804  
0.672516  0.740082  2  2  2  2  0.72344  0.690442  
0.995919  0.0902485  2  2  2  2  0.502582  0.864535  
0.0649687  0.997887  2  2  2  2  0.150127  0.988685  
0.971692  0.236422  2  2  2  2  0.780687  0.62496  
0.776413  0.630318  2  2  2  2  0.99534  0.0966987  
0.983408  0.181474  2  2  2  2  0.89251  0.451074  
0.44413  0.895962  2  2  2  2  0.877747  0.479341  
0.960183  0.279373  2  2  2  2  0.669118  0.743312  
0.322859  0.946447  2  2  2  2  0.569031  0.822358  
0.874072  0.485797  2  2  2  2  0.216896  0.976255  
0.711  0.703193  2  2  2  2  0.444871  0.895644  
0.0930722  0.995659  2  2  2  2  0.859575  0.511025  
0.990126  0.14018  2  2  2  2  0.514651  0.857422  
0.967942  0.251437  2  2  2  2  0.787659  0.616119  
0.818876  0.573971  2  2  2  2  0.685411  0.728236  
0.416071  0.909333  2  2  2  2  0.883544  0.468415  
0.987027  0.160552  2  2  2  2  0.972683  0.232319  
0.593677  0.804704  2  2  2  2  0.703977  0.710304  
0.866693  0.498888  2  2  2  2  0.172058  0.985104  
0.563883  0.825855  2  2  2  2  0.749598  0.661962  
0.206171  0.978516  2  2  2  2  0.635513  0.772139  
0.979715  0.200396  2  2  2  2  0.620587  0.784271  
0.653223  0.757188  2  2  2  2  0.198051  0.980246  
0.928111  0.372304  2  2  2  2  0.660306  0.75104  
0.154631  0.988001  2  2  2  2  0.86628  0.499671  
6.12323e-17  1  2  2  2  2  0.469281  0.883097  
0.172058  0.985104  2  2  2  2  0.492611  0.870304  
0.519272  0.854609  2  2  2  2  0.525193  0.851079  
0.955106  0.296292  2  2  2  2  0.547391  0.836886  
0.547237  0.836978  2  2  2  2  0.772545  0.63496  
0.782296  0.622907  2  2  2  2  0.901601  0.432569  
0.879578  0.475755  2  2  2  2  0.065537  0.99785  
0.859618  0.510938  2  2  2  2  0.831465  0.555578  
0.625192  0.780471  2  2  2  2  0.963083  0.269204  
0.810998  0.585048  2  2  2  2  0.319554  0.947568  
0.556999  0.830513  2  2  2  2  0.589508  0.807763  
0.767561  0.640977  2  2  2  2  0.953568  0.301178  
0.137273  0.990533  2  2  2  2  0.397082  0.917783  
0.916992  0.398905  2  2  2  2  0.384581  0.923091  
0.505365  0.862906  2  2  2  2  0.967608  0.252459  
0.586212  0.810158  2  2  2  2  0.421598  0.906783  
0.678983  0.734154  2  2  2  2  0.125042  0.992151  
0.687254  0.726417  2  2  2  2  0.714447  0.69969  
0.615561  0.788089  2  2  2  2  0.305533  0.952181  
0.643988  0.765036  2  2  2  2  0.481011  0.876714  
0.993187  0.11653  2  2  2  2  0.27617  0.961109  
0.963891  0.266299  2  2  2  2  0.979779  0.200083  
0.527268  0.849699  2  2  2  2  0.346271  0.938135  
0.634583  0.772854  2  2  2  2  0.653161  0.757219  
1  2.04326e-19  2  2  2  2  0.457693  0.88911  
0.886046  0.463597  2  2  2  2  0.983373  0.181599  
0.194925  0.980818  2  2  2  2  1  0  
0.429975  0.902841  2  2  2  2  0.291059  0.956705  
0.910973  0.412466  2  2  2  2  0.838526  0.544861  
0.576438  0.817141  2  2  2  2  6.12323e-17  1  
0.939579  0.342331  2  2  2  2  0.942959  0.332908  
0.341408  0.939915  2  2  2  2  0.937417  0.348209  
0.904859  0.425711  2  2  2  2  0.871401  0.490571  
0.752083  0.659068  2  2  2  2  0.740489  0.672068  
0.892377  0.45129  2  2  2  2  0.809903  0.586564  
0.456507  0.88972  2  2  2  2  0.536696  0.843776  
0.371865  0.928287  2  2  2  2  0.756911  0.653518  
0.356769  0.934192  2  2  2  2  0.608584  0.79349  
0.744085  0.668085  2  2  2  2  0.409436  0.912339  
0.789572  0.613658  2  2  2  2  0.913897  0.405945  
0.294586  0.955625  2  2  2  2  0.907792  0.419422  
0.695579  0.718449  2  2  2  2  0.598964  0.800776  
0.759892  0.65005  2  2  2  2  0.679299  0.733861  
0.719849  0.694131  2  2  2  2  0.644321  0.764755  
0.229273  0.973362  2  2  2  2  0.227867  0.973692  
0.605872  0.795562  2  2  2  2  0.244607  0.969622  
0.481969  0.876188  2  2  2  2  0.731774  0.681547  
0.944826  0.327572  2  2  2  2  0.989991  0.141131  
0.803869  0.594807  2  2  2  2  0.802464  0.596701  
0.922831  0.385204  2  2  2  2  0.986814  0.161861  
0.949886  0.312597  2  2  2  2  0.626794  0.779185  
0.263159  0.964753  2  2  2  2  0.925887  0.377801  
0.661776  0.749701  2  2  2  2  0.764779  0.644292  
0.796751  0.604307  2  2  2  2  0.998073  0.0620438  
0.976302  0.216412  2  2  2  2  0.558295  0.829643  
0.493929  0.869502  2  2  2  2  0.992953  0.118508  
0.825155  0.564906  2  2  2  2  0.852383  0.522917  
0.898611  0.438746  2  2  2  2  0.696834  0.717233  
0.727895  0.685689  2  2  2  2  0.975942  0.218029  
0.401805  0.915725  2  2  2  2  0.79504  0.606557  
0.832099  0.554628  2  2  2  2  0.359149  0.93328  
0.310445  0.950591  2  2  2  2  0.579323  0.815098  
0.838985  0.544155  2  2  2  2  0.824504  0.565857  
0.73604  0.676938  2  2  2  2  0.0983099  0.995156  
0.246328  0.969187  2  2  2  2  0.433737  0.90104  
0.278789  0.960352  2  2  2  2  0.817246  0.57629  
0.38701  0.922076  2  2  2  2  0.948441  0.316953  
0.852799  0.52224  2  2  2  2  0.8455  0.533975  
0.934049  0.357145  2  2  2  2  0.931644  0.363372  
0.998158  0.0606609  2  2  2  2  0.371865  0.928287  
0.703756  0.710442  2  2  2  2  0.333174  0.942865  
0.845921  0.533309  2  2  2  2  0.919972  0.391984  
0.469397  0.882987  2  2  2  2  0.260756  0.965405  
0.115206  0.993342  2  2  2  2  0.889414  0.457103  
0.537398  0.843329  2  2  2  2  0.958478  0.285168  
0.670395  0.742005  2  2  2  2  0.723217  0.690621  
0.995845  0.0910648  2  2  2  2  0.503518  0.863985  
0.060029  0.998197  2  2  2  2  0.148917  0.98885  
0.972386  0.23338  2  2  2  2  0.780187  0.625546  
0.77494  0.632035  2  2  2  2  0.995677  0.0928812  
0.983658  0.180047  2  2  2  2  0.89554  0.44498  
0.443436  0.896306  2  2  2  2  0.877489  0.479597  
0.959426  0.281962  2  2  2  2  0.670614  0.741807  
0.32593  0.945394  2  2  2  2  0.568847  0.822443  
0.873002  0.487716  2  2  2  2  0.210031  0.977695  
0.711827  0.702355  2  2  2  2  0.445827  0.895119  
0.0899982  0.995942  2  2  2  2  0.85875  0.512395  
0.990249  0.139308  2  2  2  2  0.514651  0.857399  
0.968227  0.250072  2  2  2  2  0.787653  0.616119  
0.81812  0.575048  2  2  2  2  0.687995  0.725715  
0.416286  0.909234  2  2  2  2  0.883432  0.46856  
0.987055  0.160379  2  2  2  2  0.971847  0.235612  
0.596062  0.802938  2  2  2  2  0.705672  0.708538  
0.866332  0.499468  2  2  2  2  0.17096  0.985278  
0.566686  0.823934  2  2  2  2  0.748695  0.662915  
0.212412  0.97718  2  2  2  2  0.635598  0.77202  
0.980075  0.198628  2  2  2  2  0.617834  0.786309  
0.653011  0.757348  2  2  2  2  0.191077  0.981575  
0.928516  0.371292  2  2  2  2  0.66194  0.749557  
0.157742  0.98748  2  2  2  2  0.865182  0.501458  
6.12323e-17  1  2  2  2  2  0.469435  0.882967  
0.176674  0.984269  2  2  2  2  0.49236  0.870392  
0.516553  0.856255  2  2  2  2  0.525672  0.850687  
0.954777  0.297322  2  2  2  2  0.547493  0.83681  
0.547203  0.837  2  2  2  2  0.772545  0.63496  
0.782296  0.622907  2  2  2  2  0.902049  0.431634  
0.879578  0.475755  2  2  2  2  0.0650787  0.99788  
0.859618  0.510938  2  2  2  2  0.831554  0.555443  
0.625192  0.780471  2  2  2  2  0.962825  0.270125  
0.811071  0.584948  2  2  2  2  0.319492  0.947589  
0.557044  0.830483  2  2  2  2  0.589  0.808133  
0.76747  0.641085  2  2  2  2  0.953201  0.302338  
0.137612  0.990486  2  2  2  2  0.397266  0.917703  
0.916965  0.398969  2  2  2  2  0.384773  0.923011  
0.504759  0.86326  2  2  2  2  0.967417  0.253189  
0.586478  0.809965  2  2  2  2  0.421738  0.906718  
0.678766  0.734355  2  2  2  2  0.124512  0.992218  
0.687254  0.726417  2  2  2  2  0.714503  0.699632  
0.615579  0.788076  2  2  2  2  0.305533  0.952181  
0.643817  0.765179  2  2  2  2  0.480989  0.876727  
0.993174  0.116638  2  2  2  2  0.275981  0.961163  
0.963764  0.266758  2  2  2  2  0.979612  0.2009  
0.526743  0.850025  2  2  2  2  0.346271  0.938135  
0.634647  0.772802  2  2  2  2  0.653245  0.757146  
1  2.04326e-19  2  2  2  2  0.457755  0.889079  
0.886046  0.463597  2  2  2  2  0.983285  0.182072  
0.195964  0.980611  2  2  2  2  1  0  
0.429732  0.902956  2  2  2  2  0.291012  0.956719  
0.911015  0.412373  2  2  2  2  0.838507  0.544891  
0.57666  0.816984  2  2  2  2  6.12323e-17  1  
0.939382  0.342871  2  2  2  2  0.942824  0.33329  
0.342902  0.939371  2  2  2  2  0.937362  0.348358  
0.904922  0.425578  2  2  2  2  0.871418  0.490541  
0.752083  0.659068  2  2  2  2  0.740265  0.672315  
0.892413  0.451219  2  2  2  2  0.809976  0.586463  
0.456409  0.88977  2  2  2  2  0.536696  0.843776  
0.372642  0.927975  2  2  2  2  0.756678  0.653788  
0.357863  0.933774  2  2  2  2  0.608269  0.793731  
0.744104  0.668064  2  2  2  2  0.409561  0.912283  
0.789572  0.613658  2  2  2  2  0.914095  0.405501  
0.296278  0.955102  2  2  2  2  0.908038  0.418887  
0.695579  0.718449  2  2  2  2  0.598715  0.800962  
0.759833  0.650119  2  2  2  2  0.679485  0.733689  
0.720043  0.693929  2  2  2  2  0.644481  0.76462  
0.230239  0.973134  2  2  2  2  0.227492  0.97378  
0.605991  0.795472  2  2  2  2  0.244285  0.969704  
0.481515  0.876438  2  2  2  2  0.731774  0.681547  
0.944625  0.328152  2  2  2  2  0.989945  0.141453  
0.803948  0.5947  2  2  2  2  0.802613  0.5965  
0.922784  0.385317  2  2  2  2  0.986723  0.162412  
0.949668  0.313259  2  2  2  2  0.626754  0.779217  
0.264172  0.964475  2  2  2  2  0.925947  0.377652  
0.661621  0.749838  2  2  2  2  0.764666  0.644426  
0.79676  0.604296  2  2  2  2  0.998083  0.0618916  
0.976279  0.216517  2  2  2  2  0.558295  0.829643  
0.493474  0.86976  2  2  2  2  0.992951  0.11853  
0.82525  0.564768  2  2  2  2  0.852159  0.523284  
0.898708  0.438548  2  2  2  2  0.696973  0.717097  
0.728077  0.685495  2  2  2  2  0.975777  0.218768  
0.401654  0.915791  2  2  2  2  0.795169  0.606388  
0.832214  0.554455  2  2  2  2  0.359289  0.933226  
0.311652  0.950196  2  2  2  2  0.579032  0.815305  
0.83912  0.543946  2  2  2  2  0.82448  0.565891  
0.73604  0.676938  2  2  2  2  0.0975845  0.995227  
0.247446  0.968902  2  2  2  2  0.433886  0.900968  
0.280448  0.959869  2  2  2  2  0.817246  0.57629  
0.387137  0.922022  2  2  2  2  0.948078  0.318039  
0.852799  0.52224  2  2  2  2  0.8454  0.534134  
0.934049  0.357145  2  2  2  2  0.931728  0.363158  
0.99815  0.0607977  2  2  2  2  0.372101  0.928192  
0.703794  0.710405  2  2  2  2  0.333003  0.942926  
0.845999  0.533184  2  2  2  2  0.920102  0.391678  
0.469291  0.883044  2  2  2  2  0.260396  0.965502  
0.115111  0.993353  2  2  2  2  0.889882  0.456191  
0.537212  0.843447  2  2  2  2  0.958189  0.286137  
0.670248  0.742137  2  2  2  2  0.723217  0.690621  
0.995838  0.0911379  2  2  2  2  0.503576  0.863951  
0.060029  0.998197  2  2  2  2  0.14861  0.988896  
0.97229  0.233779  2  2  2  2  0.780122  0.625628  
0.77494  0.632035  2  2  2  2  0.995679  0.0928644  
0.983658  0.180047  2  2  2  2  0.895958  0.444139  
0.443237  0.896404  2  2  2  2  0.87758  0.47943  
0.959231  0.282624  2  2  2  2  0.670807  0.741632  
0.327468  0.944862  2  2  2  2  0.568733  0.822522  
0.873002  0.487716  2  2  2  2  0.209784  0.977748  
0.712018  0.702161  2  2  2  2  0.445827  0.895119  
0.0901236  0.995931  2  2  2  2  0.858706  0.512468  
0.990241  0.139368  2  2  2  2  0.514689  0.857377  
0.968152  0.250362  2  2  2  2  0.787653  0.616119  
0.818188  0.574951  2  2  2  2  0.68825  0.725474  
0.415871  0.909423  2  2  2  2  0.883745  0.467968  
0.987055  0.160379  2  2  2  2  0.971684  0.236282  
0.596253  0.802797  2  2  2  2  0.705785  0.708426  
0.866386  0.499375  2  2  2  2  0.170528  0.985353  
0.566911  0.823779  2  2  2  2  0.748572  0.663054  
0.213342  0.976978  2  2  2  2  0.635694  0.771941  
0.980075  0.198628  2  2  2  2  0.617634  0.786466  
0.652717  0.757602  2  2  2  2  0.190894  0.981611  
0.928516  0.371292  2  2  2  2  0.662011  0.749494  
0.157996  0.98744  2  2  2  2  0.865153  0.501507  
6.12323e-17  1  2  2  2  2  0.469435  0.882967  
0.177368  0.984145  2  2  2  2  0.49236  0.870392  
0.516081  0.85654  2  2  2  2  0.525737  0.850647  
0.954559  0.298022  2  2  2  2  0.547556  0.836769  
0.54697  0.837152  2  2  2  2  0.772437  0.635091  
0.782296  0.622907  2  2  2  2  0.902271  0.431169  
0.879578  0.475755  2  2  2  2  0.0650787  0.99788  
0.859682  0.51083  2  2  2  2  0.831554  0.555443  
0.625159  0.780498  2  2  2  2  0.962745  0.270412  
0.811117  0.584884  2  2  2  2  0.319492  0.947589  
0.557044  0.830483  2  2  2  2  0.588784  0.808291  
0.767421  0.641144  2  2  2  2  0.953123  0.302583  
0.137603  0.990487  2  2  2  2  0.397373  0.917657  
0.916965  0.398969  2  2  2  2  0.384773  0.923011  
0.504433  0.863451  2  2  2  2  0.967258  0.253796  
0.586679  0.80982  2  2  2  2  0.421944  0.906622  
0.678766  0.734355  2  2  2  2  0.124275  0.992248  
0.687218  0.726451  2  2  2  2  0.714541  0.699594  
0.61563  0.788036  2  2  2  2  0.305357  0.952238  
0.643638  0.76533  2  2  2  2  0.480989  0.876727  
0.993167  0.116705  2  2  2  2  0.275901  0.961186  
0.963696  0.267001  2  2  2  2  0.979555  0.201177  
0.526198  0.850362  2  2  2  2  0.346271  0.938135  
0.63447  0.772948  2  2  2  2  0.653392  0.75702  
1  2.04326e-19  2  2  2  2  0.457755  0.889079  
0.886046  0.463597  2  2  2  2  0.983208  0.182488  
0.197109  0.980382  2  2  2  2  1  0  
0.429732  0.902956  2  2  2  2  0.290927  0.956745  
0.911015  0.412373  2  2  2  2  0.838507  0.544891  
0.576811  0.816878  2  2  2  2  6.12323e-17  1  
0.939355  0.342947  2  2  2  2  0.942757  0.33348  
0.343339  0.939212  2  2  2  2  0.937322  0.348464  
0.904922  0.425578  2  2  2  2  0.871418  0.490541  
0.752083  0.659068  2  2  2  2  0.740182  0.672407  
0.89245  0.451147  2  2  2  2  0.809976  0.586463  
0.456094  0.889932  2  2  2  2  0.536696  0.843776  
0.372846  0.927893  2  2  2  2  0.756596  0.653883  
0.358123  0.933674  2  2  2  2  0.608141  0.793829  
0.744104  0.668064  2  2  2  2  0.409678  0.91223  
0.789572  0.613658  2  2  2  2  0.914191  0.405284  
0.297569  0.9547  2  2  2  2  0.908288  0.418346  
0.695579  0.718449  2  2  2  2  0.598479  0.801139  
0.759833  0.650119  2  2  2  2  0.679685  0.733504  
0.720116  0.693853  2  2  2  2  0.64455  0.764562  
0.232127  0.972686  2  2  2  2  0.227134  0.973864  
0.606087  0.795398  2  2  2  2  0.244097  0.969751  
0.480638  0.876919  2  2  2  2  0.731774  0.681547  
0.944536  0.328408  2  2  2  2  0.989928  0.141572  
0.803995  0.594636  2  2  2  2  0.802613  0.5965  
0.922784  0.385317  2  2  2  2  0.986675  0.162706  
0.949553  0.313607  2  2  2  2  0.626613  0.779331  
0.265211  0.96419  2  2  2  2  0.926004  0.377514  
0.661487  0.749957  2  2  2  2  0.764648  0.644448  
0.796794  0.604251  2  2  2  2  0.998083  0.0618916  
0.976239  0.216699  2  2  2  2  0.558168  0.829728  
0.492685  0.870208  2  2  2  2  0.992951  0.11853  
0.82525  0.564768  2  2  2  2  0.852039  0.523479  
0.89873  0.438503  2  2  2  2  0.697246  0.716832  
0.72817  0.685396  2  2  2  2  0.975707  0.219081  
0.401774  0.915739  2  2  2  2  0.795169  0.606388  
0.832279  0.554356  2  2  2  2  0.359289  0.933226  
0.313239  0.949674  2  2  2  2  0.578868  0.815421  
0.839224  0.543786  2  2  2  2  0.82448  0.565891  
0.736133  0.676837  2  2  2  2  0.0974627  0.995239  
0.248635  0.968597  2  2  2  2  0.434059  0.900885  
0.281481  0.959567  2  2  2  2  0.817246  0.57629  
0.387498  0.921871  2  2  2  2  0.948036  0.318164  
0.852928  0.522029  2  2  2  2  0.845322  0.534257  
0.933959  0.357379  2  2  2  2  0.931728  0.363158  
0.99815  0.0607977  2  2  2  2  0.372122  0.928184  
0.703794  0.710405  2  2  2  2  0.333042  0.942912  
0.846072  0.533068  2  2  2  2  0.920175  0.391507  
0.468571  0.883426  2  2  2  2  0.260251  0.965541  
0.115168  0.993346  2  2  2  2  0.889949  0.456059  
0.536696  0.843776  2  2  2  2  0.958046  0.286613  
0.670204  0.742177  2  2  2  2  0.723217  0.690621  
0.995832  0.0912073  2  2  2  2  0.503626  0.863922  
0.060029  0.998197  2  2  2  2  0.148224  0.988954  
0.972224  0.234052  2  2  2  2  0.780096  0.625659  
0.77494  0.632035  2  2  2  2  0.995679  0.0928644  
0.983658  0.180047  2  2  2  2  0.896222  0.443606  
0.442926  0.896558  2  2  2  2  0.877639  0.479322  
0.959138  0.28294  2  2  2  2  0.670925  0.741525  
0.328416  0.944533  2  2  2  2  0.568684  0.822556  
0.873002  0.487716  2  2  2  2  0.208998  0.977916  
0.712018  0.702161  2  2  2  2  0.445927  0.895069  
0.0901236  0.995931  2  2  2  2  0.858618  0.512616  
0.990241  0.139368  2  2  2  2  0.514723  0.857357  
0.968058  0.250727  2  2  2  2  0.78769  0.616072  
0.818188  0.574951  2  2  2  2  0.688485  0.72525  
0.415871  0.909423  2  2  2  2  0.883788  0.467888  
0.987055  0.160379  2  2  2  2  0.971578  0.236718  
0.596376  0.802705  2  2  2  2  0.705951  0.708261  
0.866361  0.499418  2  2  2  2  0.169851  0.98547  
0.56699  0.823725  2  2  2  2  0.748472  0.663166  
0.214935  0.976628  2  2  2  2  0.635646  0.771981  
0.980044  0.198783  2  2  2  2  0.617401  0.786649  
0.652663  0.757648  2  2  2  2  0.190155  0.981754  
0.928476  0.371392  2  2  2  2  0.662068  0.749444  
0.158488  0.987361  2  2  2  2  0.865094  0.50161  
6.12323e-17  1  2  2  2  2  0.469446  0.882961  
0.177741  0.984077  2  2  2  2  0.49236  0.870392  
0.515441  0.856925  2  2  2  2  0.525737  0.850647  
0.954414  0.298487  2  2  2  2  0.547556  0.836769  
0.546943  0.83717  2  2  2  2  0.772437  0.635091  
0.782296  0.622907  2  2  2  2  0.902332  0.431043  
0.879578  0.475755  2  2  2  2  0.064828  0.997896  
0.859682  0.51083  2  2  2  2  0.831554  0.555443  
0.625159  0.780498  2  2  2  2  0.962565  0.271051  
0.811117  0.584884  2  2  2  2  0.319321  0.947647  
0.557044  0.830483  2  2  2  2  0.58865  0.808388  
0.767388  0.641183  2  2  2  2  0.953015  0.302924  
0.138427  0.990373  2  2  2  2  0.397459  0.91762  
0.916965  0.398969  2  2  2  2  0.385053  0.922894  
0.503579  0.863949  2  2  2  2  0.967038  0.254632  
0.586706  0.8098  2  2  2  2  0.421946  0.906621  
0.678766  0.734355  2  2  2  2  0.124091  0.992271  
0.687218  0.726451  2  2  2  2  0.714638  0.699494  
0.615717  0.787967  2  2  2  2  0.305357  0.952238  
0.643638  0.76533  2  2  2  2  0.480989  0.876727  
0.993164  0.116728  2  2  2  2  0.27549  0.961304  
0.963605  0.26733  2  2  2  2  0.979449  0.201692  
0.525786  0.850617  2  2  2  2  0.34634  0.938109  
0.63447  0.772948  2  2  2  2  0.653496  0.75693  
1  2.04326e-19  2  2  2  2  0.457799  0.889056  
0.886077  0.463537  2  2  2  2  0.983205  0.182507  
0.197618  0.980279  2  2  2  2  1  0  
0.429541  0.903047  2  2  2  2  0.290808  0.956781  
0.911015  0.412373  2  2  2  2  0.838507  0.544891  
0.576835  0.81686  2  2  2  2  6.12323e-17  1  
0.93927  0.343179  2  2  2  2  0.942714  0.333602  
0.343702  0.939079  2  2  2  2  0.937285  0.348563  
0.904922  0.425578  2  2  2  2  0.871472  0.490445  
0.752066  0.659087  2  2  2  2  0.740182  0.672407  
0.89245  0.451147  2  2  2  2  0.809976  0.586463  
0.455869  0.890047  2  2  2  2  0.536696  0.843776  
0.373197  0.927752  2  2  2  2  0.756596  0.653883  
0.358622  0.933483  2  2  2  2  0.608068  0.793885  
0.7442  0.667957  2  2  2  2  0.409774  0.912187  
0.789635  0.613577  2  2  2  2  0.91429  0.405061  
0.298037  0.954554  2  2  2  2  0.908288  0.418346  
0.695579  0.718449  2  2  2  2  0.598513  0.801113  
0.759783  0.650177  2  2  2  2  0.679724  0.733468  
0.720202  0.693764  2  2  2  2  0.644615  0.764507  
0.232612  0.97257  2  2  2  2  0.226767  0.973949  
0.606117  0.795375  2  2  2  2  0.243732  0.969843  
0.480279  0.877116  2  2  2  2  0.731774  0.681547  
0.944502  0.328507  2  2  2  2  0.989928  0.141572  
0.803995  0.594636  2  2  2  2  0.802613  0.5965  
0.922772  0.385347  2  2  2  2  0.986675  0.162706  
0.949521  0.313705  2  2  2  2  0.626613  0.779331  
0.266006  0.963971  2  2  2  2  0.926042  0.377419  
0.661487  0.749957  2  2  2  2  0.764563  0.64455  
0.796833  0.604199  2  2  2  2  0.998083  0.0618916  
0.976219  0.216785  2  2  2  2  0.558169  0.829727  
0.492092  0.870543  2  2  2  2  0.992937  0.118647  
0.825262  0.564751  2  2  2  2  0.852039  0.523479  
0.89873  0.438503  2  2  2  2  0.697246  0.716832  
0.728287  0.685272  2  2  2  2  0.975509  0.219958  
0.401821  0.915718  2  2  2  2  0.795169  0.606388  
0.832279  0.554356  2  2  2  2  0.359551  0.933125  
0.313619  0.949549  2  2  2  2  0.578693  0.815546  
0.839243  0.543757  2  2  2  2  0.824462  0.565917  
0.736253  0.676706  2  2  2  2  0.0971976  0.995265  
0.249476  0.968381  2  2  2  2  0.434059  0.900885  
0.282216  0.959351  2  2  2  2  0.817246  0.57629  
0.387646  0.921809  2  2  2  2  0.947984  0.318318  
0.852928  0.522029  2  2  2  2  0.845322  0.534257  
0.933897  0.357543  2  2  2  2  0.931728  0.363158  
0.99815  0.0607977  2  2  2  2  0.372372  0.928084  
0.703889  0.71031  2  2  2  2  0.333042  0.942912  
0.84613  0.532977  2  2  2  2  0.920229  0.391381  
0.468242  0.8836  2  2  2  2  0.259898  0.965636  
0.115797  0.993273  2  2  2  2  0.89017  0.455628  
0.536348  0.843997  2  2  2  2  0.957877  0.287179  
0.670204  0.742177  2  2  2  2  0.723264  0.690572  
0.995824  0.0912951  2  2  2  2  0.503626  0.863922  
0.0602874  0.998181  2  2  2  2  0.147864  0.989008  
0.972198  0.234161  2  2  2  2  0.780104  0.62565  
0.774874  0.632116  2  2  2  2  0.995679  0.0928644  
0.98362  0.180256  2  2  2  2  0.896273  0.443503  
0.442812  0.896614  2  2  2  2  0.877745  0.479128  
0.959073  0.28316  2  2  2  2  0.671065  0.741399  
0.328702  0.944434  2  2  2  2  0.568481  0.822696  
0.873002  0.487716  2  2  2  2  0.208752  0.977969  
0.712095  0.702083  2  2  2  2  0.445927  0.895069  
0.0904164  0.995904  2  2  2  2  0.858618  0.512616  
0.99021  0.139587  2  2  2  2  0.51484  0.857287  
0.967952  0.251135  2  2  2  2  0.78769  0.616072  
0.818188  0.574951  2  2  2  2  0.688542  0.725196  
0.415871  0.909423  2  2  2  2  0.884021  0.467447  
0.987016  0.160622  2  2  2  2  0.971403  0.237437  
0.596498  0.802614  2  2  2  2  0.705951  0.708261  
0.866361  0.499418  2  2  2  2  0.169518  0.985527  
0.56699  0.823725  2  2  2  2  0.748457  0.663183  
0.215683  0.976463  2  2  2  2  0.635646  0.771981  
0.979999  0.199003  2  2  2  2  0.617443  0.786615  
0.652663  0.757648  2  2  2  2  0.189827  0.981818  
0.9284  0.371583  2  2  2  2  0.662291  0.749246  
0.159344  0.987223  2  2  2  2  0.865096  0.501607  
6.12323e-17  1  2  2  2  2  0.469447  0.882961  
0.179029  0.983844  2  2  2  2  0.492418  0.870359  
0.514836  0.857289  2  2  2  2  0.525803  0.850606  
0.954388  0.29857  2  2  2  2  0.547556  0.836769  
0.546684  0.837339  2  2  2  2  0.772365  0.635178  
0.782296  0.622907  2  2  2  2  0.902455  0.430783  
0.879578  0.475755  2  2  2  2  0.0646662  0.997907  
0.85972  0.510766  2  2  2  2  0.831554  0.555443  
0.625159  0.780498  2  2  2  2  0.96248  0.271352  
0.811135  0.584859  2  2  2  2  0.319375  0.947628  
0.556962  0.830538  2  2  2  2  0.588637  0.808398  
0.767388  0.641183  2  2  2  2  0.952942  0.303153  
0.138785  0.990323  2  2  2  2  0.39765  0.917537  
0.916933  0.39904  2  2  2  2  0.385177  0.922843  
0.50346  0.864019  2  2  2  2  0.966984  0.254836  
0.586706  0.8098  2  2  2  2  0.422138  0.906532  
0.678766  0.734355  2  2  2  2  0.123743  0.992314  
0.687218  0.726451  2  2  2  2  0.714666  0.699466  
0.615695  0.787985  2  2  2  2  0.305323  0.952249  
0.64355  0.765404  2  2  2  2  0.480989  0.876727  
0.993127  0.11704  2  2  2  2  0.275527  0.961293  
0.963571  0.267451  2  2  2  2  0.979373  0.202059  
0.52564  0.850707  2  2  2  2  0.346421  0.938079  
0.634451  0.772963  2  2  2  2  0.653496  0.75693  
1  2.04326e-19  2  2  2  2  0.457885  0.889011  
0.886077  0.463537  2  2  2  2  0.983081  0.183174  
0.197811  0.98024  2  2  2  2  1  0  
0.429269  0.903177  2  2  2  2  0.290626  0.956837  
0.910982  0.412446  2  2  2  2  0.838507  0.544891  
0.576875  0.816832  2  2  2  2  6.12323e-17  1  
0.939236  0.343273  2  2  2  2  0.942676  0.33371  
0.3442  0.938896  2  2  2  2  0.937274  0.348594  
0.904922  0.425578  2  2  2  2  0.871513  0.490372  
0.752034  0.659124  2  2  2  2  0.740182  0.672407  
0.89245  0.451147  2  2  2  2  0.809976  0.586463  
0.455414  0.89028  2  2  2  2  0.536696  0.843776  
0.373458  0.927647  2  2  2  2  0.756548  0.653938  
0.358856  0.933393  2  2  2  2  0.607976  0.793956  
0.744215  0.66794  2  2  2  2  0.409962  0.912103  
0.789635  0.613577  2  2  2  2  0.914426  0.404752  
0.298213  0.954499  2  2  2  2  0.908458  0.417976  
0.695605  0.718425  2  2  2  2  0.598381  0.801212  
0.759783  0.650177  2  2  2  2  0.679939  0.733268  
0.720235  0.693731  2  2  2  2  0.644615  0.764507  
0.233433  0.972373  2  2  2  2  0.226335  0.97405  
0.606156  0.795345  2  2  2  2  0.243332  0.969943  
0.480028  0.877253  2  2  2  2  0.731774  0.681547  
0.944457  0.328635  2  2  2  2  0.989897  0.14179  
0.804003  0.594626  2  2  2  2  0.802643  0.59646  
0.922723  0.385464  2  2  2  2  0.986606  0.163121  
0.949473  0.313849  2  2  2  2  0.626613  0.779331  
0.266322  0.963884  2  2  2  2  0.926097  0.377285  
0.661487  0.749957  2  2  2  2  0.764515  0.644605  
0.796833  0.604199  2  2  2  2  0.998083  0.0618916  
0.976116  0.21725  2  2  2  2  0.558039  0.829815  
0.49188  0.870663  2  2  2  2  0.992931  0.118692  
0.825262  0.564751  2  2  2  2  0.852005  0.523533  
0.898738  0.438486  2  2  2  2  0.697481  0.716604  
0.728287  0.685272  2  2  2  2  0.97543  0.22031  
0.401872  0.915696  2  2  2  2  0.795205  0.60634  
0.832279  0.554356  2  2  2  2  0.359551  0.933125  
0.313822  0.949482  2  2  2  2  0.578569  0.815634  
0.839255  0.543738  2  2  2  2  0.824462  0.565917  
0.736277  0.67668  2  2  2  2  0.0969221  0.995292  
0.250051  0.968233  2  2  2  2  0.434133  0.900849  
0.282437  0.959286  2  2  2  2  0.817281  0.576239  
0.387833  0.92173  2  2  2  2  0.947871  0.318654  
0.852982  0.52194  2  2  2  2  0.845322  0.534257  
0.933897  0.357543  2  2  2  2  0.931728  0.363158  
0.998121  0.0612658  2  2  2  2  0.372447  0.928054  
0.703889  0.71031  2  2  2  2  0.333042  0.942912  
0.84613  0.532977  2  2  2  2  0.920297  0.391222  
0.4679  0.883781  2  2  2  2  0.259715  0.965685  
0.116106  0.993237  2  2  2  2  0.890264  0.455446  
0.536299  0.844028  2  2  2  2  0.957829  0.287338  
0.670204  0.742177  2  2  2  2  0.723264  0.690572  
0.995801  0.0915498  2  2  2  2  0.503626  0.863922  
0.0603468  0.998177  2  2  2  2  0.147705  0.989032  
0.972118  0.234492  2  2  2  2  0.780104  0.62565  
0.774874  0.632116  2  2  2  2  0.995679  0.0928644  
0.983575  0.180498  2  2  2  2  0.896432  0.443181  
0.442433  0.896802  2  2  2  2  0.877823  0.478986  
0.959005  0.28339  2  2  2  2  0.671193  0.741282  
0.328915  0.94436  2  2  2  2  0.568373  0.822771  
0.873057  0.487618  2  2  2  2  0.20829  0.978067  
0.712095  0.702083  2  2  2  2  0.446056  0.895005  
0.0907692  0.995872  2  2  2  2  0.858618  0.512616  
0.990172  0.139854  2  2  2  2  0.514786  0.857318  
0.967959  0.251108  2  2  2  2  0.78769  0.616072  
0.818207  0.574924  2  2  2  2  0.688746  0.725002  
0.415696  0.909504  2  2  2  2  0.884036  0.467419  
0.986968  0.160917  2  2  2  2  0.971323  0.237764  
0.596498  0.802614  2  2  2  2  0.706111  0.708102  
0.866447  0.49927  2  2  2  2  0.169402  0.985547  
0.56699  0.823725  2  2  2  2  0.748414  0.663232  
0.216046  0.976383  2  2  2  2  0.635646  0.771981  
0.979981  0.199093  2  2  2  2  0.617369  0.786674  
0.652549  0.757747  2  2  2  2  0.189548  0.981871  
0.928386  0.371618  2  2  2  2  0.662371  0.749176  
0.159497  0.987198  2  2  2  2  0.865118  0.501568  
6.12323e-17  1  2  2  2  2  0.469503  0.882931  
0.179082  0.983834  2  2  2  2  0.492418  0.870359  
0.514682  0.857381  2  2  2  2  0.525803  0.850606  
0.954317  0.298796  2  2  2  2  0.547494  0.836809  
