1.93583  1.24234  5.01571  4.38466  1.79769e+308  1.79769e+308  1.93583  1.24234  
3.04889  1.57758  5.01571  4.38466  1.79769e+308  1.79769e+308  3.04889  1.57758  
2.37586  1.93405  5.01571  4.38466  1.79769e+308  1.79769e+308  2.37586  1.93405  
2.90748  2.72005  5.01571  4.38466  1.79769e+308  1.79769e+308  2.90748  2.72005  
1.94001  2.61246  5.01571  4.38466  1.79769e+308  1.79769e+308  1.94001  2.61246  
2.69077  2.04791  5.01571  4.38466  1.79769e+308  1.79769e+308  2.69077  2.04791  
1.82571  2.23092  5.01571  4.38466  1.79769e+308  1.79769e+308  1.82571  2.23092  
2.56556  1.70016  5.01571  4.38466  1.79769e+308  1.79769e+308  2.56556  1.70016  
2.53457  1.60037  5.01571  4.38466  1.79769e+308  1.79769e+308  2.53457  1.60037  
2.99922  1.98805  5.01571  4.38466  1.79769e+308  1.79769e+308  2.99922  1.98805  
1.70143  2.57825  5.01571  4.38466  1.79769e+308  1.79769e+308  1.70143  2.57825  
2.02991  1.78876  5.01571  4.38466  1.79769e+308  1.79769e+308  2.02991  1.78876  
2.27375  2.26917  5.01571  4.38466  1.79769e+308  1.79769e+308  2.27375  2.26917  
2.02869  1.34124  5.01571  4.38466  1.79769e+308  1.79769e+308  2.02869  1.34124  
2.3383  1.80217  5.01571  4.38466  1.79769e+308  1.79769e+308  2.3383  1.80217  
2.64237  2.63008  5.01571  4.38466  1.79769e+308  1.79769e+308  2.64237  2.63008  
3.10214  1.01761  5.01571  4.38466  1.79769e+308  1.79769e+308  3.10214  1.01761  
2.35594  1.44645  5.01571  4.38466  1.79769e+308  1.79769e+308  2.35594  1.44645  
2.23501  1.96239  5.01571  4.38466  1.79769e+308  1.79769e+308  2.23501  1.96239  
2.76739  1.99924  5.01571  4.38466  1.79769e+308  1.79769e+308  2.76739  1.99924  
3.26541  1.7618  5.01571  4.38466  1.79769e+308  1.79769e+308  3.26541  1.7618  
1.49406  2.45314  5.01571  4.38466  1.79769e+308  1.79769e+308  1.49406  2.45314  
2.63732  2.40685  5.01571  4.38466  1.79769e+308  1.79769e+308  2.63732  2.40685  
3.18995  1.08653  5.01571  4.38466  1.79769e+308  1.79769e+308  3.18995  1.08653  
1.48874  1.83848  5.01571  4.38466  1.79769e+308  1.79769e+308  1.48874  1.83848  
2.57082  1.91153  5.01571  4.38466  1.79769e+308  1.79769e+308  2.57082  1.91153  
1.74289  2.18301  5.01571  4.38466  1.79769e+308  1.79769e+308  1.74289  2.18301  
3.06024  1.74225  5.01571  4.38466  1.79769e+308  1.79769e+308  3.06024  1.74225  
1.5148  2.07453  5.01571  4.38466  1.79769e+308  1.79769e+308  1.5148  2.07453  
1.4157  2.02635  5.01571  4.38466  1.79769e+308  1.79769e+308  1.4157  2.02635  
2.21577  1.82141  5.01571  4.38466  1.79769e+308  1.79769e+308  2.21577  1.82141  
1.48745  2.75943  5.01571  4.38466  1.79769e+308  1.79769e+308  1.48745  2.75943  
2.56722  1.73915  5.01571  4.38466  1.79769e+308  1.79769e+308  2.56722  1.73915  
1.70708  3.04168  5.01571  4.38466  1.79769e+308  1.79769e+308  1.70708  3.04168  
2.8721  2.4359  5.01571  4.38466  1.79769e+308  1.79769e+308  2.8721  2.4359  
0.741629  2.98869  5.01571  4.38466  1.79769e+308  1.79769e+308  0.741629  2.98869  
2.98679  2.20463  5.01571  4.38466  1.79769e+308  1.79769e+308  2.98679  2.20463  
2.53634  1.89136  5.01571  4.38466  1.79769e+308  1.79769e+308  2.53634  1.89136  
1.71555  2.08595  5.01571  4.38466  1.79769e+308  1.79769e+308  1.71555  2.08595  
0.881317  2.74232  5.01571  4.38466  1.79769e+308  1.79769e+308  0.881317  2.74232  
1.38766  1.41661  5.01571  4.38466  1.79769e+308  1.79769e+308  1.38766  1.41661  
3.09976  2.61974  5.01571  4.38466  1.79769e+308  1.79769e+308  3.09976  2.61974  
2.21535  2.10697  5.01571  4.38466  1.79769e+308  1.79769e+308  2.21535  2.10697  
1.93629  2.08173  5.01571  4.38466  1.79769e+308  1.79769e+308  1.93629  2.08173  
1.77882  1.40114  5.01571  4.38466  1.79769e+308  1.79769e+308  1.77882  1.40114  
2.87981  1.96784  5.01571  4.38466  1.79769e+308  1.79769e+308  2.87981  1.96784  
2.74748  1.60589  5.01571  4.38466  1.79769e+308  1.79769e+308  2.74748  1.60589  
0.727393  2.06566  5.01571  4.38466  1.79769e+308  1.79769e+308  0.727393  2.06566  
2.83185  2.53944  5.01571  4.38466  1.79769e+308  1.79769e+308  2.83185  2.53944  
1.52602  2.26204  5.01571  4.38466  1.79769e+308  1.79769e+308  1.52602  2.26204  
1.75563  3.38466  5.01571  4.38466  1.79769e+308  1.79769e+308  1.75563  3.38466  
1.51668  2.22968  5.01571  4.38466  1.79769e+308  1.79769e+308  1.51668  2.22968  
2.36022  2.31032  5.01571  4.38466  1.79769e+308  1.79769e+308  2.36022  2.31032  
1.94395  2.45457  5.01571  4.38466  1.79769e+308  1.79769e+308  1.94395  2.45457  
1.11387  2.73735  5.01571  4.38466  1.79769e+308  1.79769e+308  1.11387  2.73735  
2.59088  1.4914  5.01571  4.38466  1.79769e+308  1.79769e+308  2.59088  1.4914  
2.29157  1.81516  5.01571  4.38466  1.79769e+308  1.79769e+308  2.29157  1.81516  
2.95048  1.79257  5.01571  4.38466  1.79769e+308  1.79769e+308  2.95048  1.79257  
1.67617  2.05581  5.01571  4.38466  1.79769e+308  1.79769e+308  1.67617  2.05581  
1.70514  2.11764  5.01571  4.38466  1.79769e+308  1.79769e+308  1.70514  2.11764  
1.59927  2.33145  5.01571  4.38466  1.79769e+308  1.79769e+308  1.59927  2.33145  
2.62951  1.99563  5.01571  4.38466  1.79769e+308  1.79769e+308  2.62951  1.99563  
1.86242  2.12014  5.01571  4.38466  1.79769e+308  1.79769e+308  1.86242  2.12014  
1.74447  2.41514  5.01571  4.38466  1.79769e+308  1.79769e+308  1.74447  2.41514  
4.01571  1.66065  5.01571  4.38466  1.79769e+308  1.79769e+308  4.01571  1.66065  
1.71112  2.69882  5.01571  4.38466  1.79769e+308  1.79769e+308  1.71112  2.69882  
2.03003  1.50591  5.01571  4.38466  1.79769e+308  1.79769e+308  2.03003  1.50591  
2.86063  1.53311  5.01571  4.38466  1.79769e+308  1.79769e+308  2.86063  1.53311  
2.55973  1.65238  5.01571  4.38466  1.79769e+308  1.79769e+308  2.55973  1.65238  
0.9266  2.58107  5.01571  4.38466  1.79769e+308  1.79769e+308  0.9266  2.58107  
2.66969  1.82765  5.01571  4.38466  1.79769e+308  1.79769e+308  2.66969  1.82765  
1.96471  1.3798  5.01571  4.38466  1.79769e+308  1.79769e+308  1.96471  1.3798  
1.88899  2.23323  5.01571  4.38466  1.79769e+308  1.79769e+308  1.88899  2.23323  
1.48593  1.90068  5.01571  4.38466  1.79769e+308  1.79769e+308  1.48593  1.90068  
1.83124  3.09033  5.01571  4.38466  1.79769e+308  1.79769e+308  1.83124  3.09033  
1.87715  1.86282  5.01571  4.38466  1.79769e+308  1.79769e+308  1.87715  1.86282  
1.75542  1.64227  5.01571  4.38466  1.79769e+308  1.79769e+308  1.75542  1.64227  
1.54995  1.90724  5.01571  4.38466  1.79769e+308  1.79769e+308  1.54995  1.90724  
1.43647  2.97001  5.01571  4.38466  1.79769e+308  1.79769e+308  1.43647  2.97001  
3.19449  1.70928  5.01571  4.38466  1.79769e+308  1.79769e+308  3.19449  1.70928  
3.30318  1.47564  5.01571  4.38466  1.79769e+308  1.79769e+308  3.30318  1.47564  
2.57172  1.47658  5.01571  4.38466  1.79769e+308  1.79769e+308  2.57172  1.47658  
2.65998  1.47047  5.01571  4.38466  1.79769e+308  1.79769e+308  2.65998  1.47047  
2.64733  2.0688  5.01571  4.38466  1.79769e+308  1.79769e+308  2.64733  2.0688  
2.57901  2.20864  5.01571  4.38466  1.79769e+308  1.79769e+308  2.57901  2.20864  
2.36504  2.27122  5.01571  4.38466  1.79769e+308  1.79769e+308  2.36504  2.27122  
1.39498  1.33679  5.01571  4.38466  1.79769e+308  1.79769e+308  1.39498  1.33679  
1.33196  2.97883  5.01571  4.38466  1.79769e+308  1.79769e+308  1.33196  2.97883  
2.16993  1.76731  5.01571  4.38466  1.79769e+308  1.79769e+308  2.16993  1.76731  
2.3465  2.72934  5.01571  4.38466  1.79769e+308  1.79769e+308  2.3465  2.72934  
1.67782  2.16951  5.01571  4.38466  1.79769e+308  1.79769e+308  1.67782  2.16951  
2.30566  1.70405  5.01571  4.38466  1.79769e+308  1.79769e+308  2.30566  1.70405  
2.57668  1.09314  5.01571  4.38466  1.79769e+308  1.79769e+308  2.57668  1.09314  
2.19712  1.55935  5.01571  4.38466  1.79769e+308  1.79769e+308  2.19712  1.55935  
3.44068  2.55745  5.01571  4.38466  1.79769e+308  1.79769e+308  3.44068  2.55745  
1.8179  1.97945  5.01571  4.38466  1.79769e+308  1.79769e+308  1.8179  1.97945  
2.59242  1.0131  5.01571  4.38466  1.79769e+308  1.79769e+308  2.59242  1.0131  
2.83688  1.67908  5.01571  4.38466  1.79769e+308  1.79769e+308  2.83688  1.67908  
3.51467  1.71992  5.01571  4.38466  1.79769e+308  1.79769e+308  3.51467  1.71992  
2.3622  2.45558  5.01571  4.38466  1.79769e+308  1.79769e+308  2.3622  2.45558  
0.781063  0.116274  4.89453  4.8039  3.56886  2.92308  1.83994  0.682509  
2.56556  1.70016  4.89453  4.8039  3.56886  2.92308  1.91697  0.279659  
1.91786  0.760799  4.89453  4.8039  3.56886  2.92308  1.85892  0.0762783  
1.11718  0.0835585  4.89453  4.8039  3.56886  2.92308  2.10639  2.05667  
1.91786  0.760799  4.89453  4.8039  3.56886  2.92308  0.60568  1.63581  
0.550215  1.92308  4.89453  4.8039  3.56886  2.92308  1.69137  1.06327  
0.0566169  1.03677  4.89453  4.8039  3.56886  2.92308  0.364397  1.19702  
2.56556  1.70016  4.89453  4.8039  3.56886  2.92308  2.96595  2.09967  
1.11718  0.0835585  4.89453  4.8039  3.56886  2.92308  1.46649  2.53419  
0.856575  0.0745081  4.89453  4.8039  3.56886  2.92308  2.52881  2.23378  
0.856575  0.0745561  4.89453  4.8039  3.56886  2.92308  2.23467  0.840217  
7.75065e-05  1.09325  4.89453  4.8039  3.56886  2.92308  2.42954  1.55972  
0.955837  0.0224221  4.89453  4.8039  3.56886  2.92308  1.78112  1.34994  
0.857578  0.0742503  4.89453  4.8039  3.56886  2.92308  2.02057  1.40456  
0.550215  1.92308  4.89453  4.8039  3.56886  2.92308  1.72274  1.44742  
0.0566169  1.03677  4.89453  4.8039  3.56886  2.92308  2.50909  1.10438  
0.18959  0.565555  4.89453  4.8039  3.56886  2.92308  0.957064  0.0222125  
0.0976061  0.688429  4.89453  4.8039  3.56886  2.92308  2.0655  1.42043  
0.189801  0.565247  4.89453  4.8039  3.56886  2.92308  3.46316  2.64387  
0.0513042  0.773535  4.89453  4.8039  3.56886  2.92308  1.28472  1.35955  
1.91803  0.431191  4.89453  4.8039  3.56886  2.92308  0.779249  1.70688  
0.856576  0.0745032  4.89453  4.8039  3.56886  2.92308  0.239725  1.96025  
0.0575484  0.770746  4.89453  4.8039  3.56886  2.92308  2.00234  0.565597  
0.781005  0.11627  4.89453  4.8039  3.56886  2.92308  0.73005  2.07029  
0.0513042  0.773535  4.89453  4.8039  3.56886  2.92308  2.30762  1.26483  
2.56886  0.0772067  4.89453  4.8039  3.56886  2.92308  2.15912  1.78743  
0.0566205  0.773535  4.89453  4.8039  3.56886  2.92308  0.949914  1.56433  
0.250188  0.501691  4.89453  4.8039  3.56886  2.92308  2.56828  3.3035  
0.249199  0.501706  4.89453  4.8039  3.56886  2.92308  1.97376  1.22635  
0.710966  0.419561  4.89453  4.8039  3.56886  2.92308  1.11894  2.71368  
2.12149  0.0231106  4.89453  4.8039  3.56886  2.92308  1.2372  1.60557  
2.56562  1.17076  4.89453  4.8039  3.56886  2.92308  1.32303  1.43028  
0.249103  0.50309  4.89453  4.8039  3.56886  2.92308  1.45794  1.05263  
0.956812  0.022261  4.89453  4.8039  3.56886  2.92308  1.43064  2.33827  
0.957064  0.0222125  4.89453  4.8039  3.56886  2.92308  1.88921  2.66514  
0.0513048  0.773534  4.89453  4.8039  3.56886  2.92308  2.82687  0.271948  
0.191144  0.564226  4.89453  4.8039  3.56886  2.92308  1.90124  1.60856  
0.781066  0.11627  4.89453  4.8039  3.56886  2.92308  2.26263  1.42666  
3.52402e-05  1.21594  4.89453  4.8039  3.56886  2.92308  1.00394  1.56222  
2.56616  0.554335  4.89453  4.8039  3.56886  2.92308  1.56528  1.43854  
1.9203  0.0289874  4.89453  4.8039  3.56886  2.92308  2.47942  2.85294  
0.551808  0.624182  4.89453  4.8039  3.56886  2.92308  3.36383  2.49686  
0.0976088  0.687943  4.89453  4.8039  3.56886  2.92308  2.61303  1.29229  
4.657e-05  1.20356  4.89453  4.8039  3.56886  2.92308  3.71668  1.27613  
1.11799  0.0226973  4.89453  4.8039  3.56886  2.92308  2.92053  2.21553  
0.000210611  1.09319  4.89453  4.8039  3.56886  2.92308  1.08307  2.33257  
0.563448  0.491611  4.89453  4.8039  3.56886  2.92308  1.68079  1.81876  
0.0976241  0.687731  4.89453  4.8039  3.56886  2.92308  7.75065e-05  1.09325  
0.680087  0.420722  4.89453  4.8039  3.56886  2.92308  1.48318  1.25474  
0.0504592  1.05143  4.89453  4.8039  3.56886  2.92308  1.71498  0.710281  
0.012973  1.07683  4.89453  4.8039  3.56886  2.92308  2.97025  2.52226  
2.5657  0.757111  4.89453  4.8039  3.56886  2.92308  1.13883  1.53637  
0.189313  0.565649  4.89453  4.8039  3.56886  2.92308  2.37197  1.28109  
0.0524606  0.773529  4.89453  4.8039  3.56886  2.92308  0.977065  1.53362  
0.856571  0.0746092  4.89453  4.8039  3.56886  2.92308  3.75123  1.81556  
0.781001  0.116449  4.89453  4.8039  3.56886  2.92308  3.01054  1.29333  
2.56596  0.577192  4.89453  4.8039  3.56886  2.92308  2.21373  1.61201  
0.955801  0.0224371  4.89453  4.8039  3.56886  2.92308  1.30286  1.36104  
0.0586307  0.770452  4.89453  4.8039  3.56886  2.92308  2.43161  0.385411  
0.0552333  0.770721  4.89453  4.8039  3.56886  2.92308  3.04627  2.42583  
2.56691  0.282222  4.89453  4.8039  3.56886  2.92308  2.41229  1.93858  
0.248834  0.52788  4.89453  4.8039  3.56886  2.92308  2.12389  1.0378  
0.0506639  0.777477  4.89453  4.8039  3.56886  2.92308  1.97841  1.12759  
7.60638e-05  1.09364  4.89453  4.8039  3.56886  2.92308  2.08766  1.95231  
0.189317  0.565574  4.89453  4.8039  3.56886  2.92308  2.56073  0.986881  
0.550273  1.48931  4.89453  4.8039  3.56886  2.92308  2.76312  1.10961  
2.56876  0.255747  4.89453  4.8039  3.56886  2.92308  1.18463  0.312278  
0.249104  0.502807  4.89453  4.8039  3.56886  2.92308  0.653597  3.35911  
0.188623  0.583366  4.89453  4.8039  3.56886  2.92308  1.81579  1.99854  
0.582092  0.482267  4.89453  4.8039  3.56886  2.92308  2.1594  1.35366  
0.109754  0.6853  4.89453  4.8039  3.56886  2.92308  0.0513042  0.773535  
0.553908  0.511253  4.89453  4.8039  3.56886  2.92308  0.964846  1.01981  
0.955777  0.0224818  4.89453  4.8039  3.56886  2.92308  2.0095  1.71748  
0.640486  0.444377  4.89453  4.8039  3.56886  2.92308  3.89453  1.993  
1.91831  0.1624  4.89453  4.8039  3.56886  2.92308  2.96779  1.18655  
0.249049  0.508897  4.89453  4.8039  3.56886  2.92308  2.22887  1.91981  
0.248836  0.518514  4.89453  4.8039  3.56886  2.92308  0.738534  1.85671  
0.85728  0.0742766  4.89453  4.8039  3.56886  2.92308  1.50429  2.55088  
0.189277  0.566462  4.89453  4.8039  3.56886  2.92308  3.23349  2.07836  
0.249084  0.507445  4.89453  4.8039  3.56886  2.92308  1.73906  1.41091  
0.341967  0.415322  4.89453  4.8039  3.56886  2.92308  1.91956  2.78061  
0.550533  0.940695  4.89453  4.8039  3.56886  2.92308  2.47063  1.86779  
1.11754  0.0227099  4.89453  4.8039  3.56886  2.92308  0.837859  2.21074  
0.856642  0.0745015  4.89453  4.8039  3.56886  2.92308  3.66555  2.88184  
0.248837  0.517822  4.89453  4.8039  3.56886  2.92308  1.16361  1.07002  
0.55621  0.510734  4.89453  4.8039  3.56886  2.92308  1.95602  0.487676  
2.56637  0.3291  4.89453  4.8039  3.56886  2.92308  0.371258  1.621  
0.34188  0.415322  4.89453  4.8039  3.56886  2.92308  1.24036  2.2912  
0.551378  0.673836  4.89453  4.8039  3.56886  2.92308  2.03997  3.8039  
1.11723  0.0301672  4.89453  4.8039  3.56886  2.92308  0.781005  0.11627  
0.550799  0.746064  4.89453  4.8039  3.56886  2.92308  1.46318  1.61956  
0.188847  0.571447  4.89453  4.8039  3.56886  2.92308  1.80949  1.64587  
0.0976048  0.68865  4.89453  4.8039  3.56886  2.92308  3.24986  1.77501  
0.000629787  1.09309  4.89453  4.8039  3.56886  2.92308  1.43221  0.865804  
0.189652  0.565255  4.89453  4.8039  3.56886  2.92308  3.62359  2.16802  
0.0510946  0.774643  4.89453  4.8039  3.56886  2.92308  1.84119  0.905441  
1.11742  0.0230209  4.89453  4.8039  3.56886  2.92308  0.189652  0.565255  
0.605878  0.473536  4.89453  4.8039  3.56886  2.92308  0.198865  2.08979  
0.955285  0.0226435  4.89453  4.8039  3.56886  2.92308  1.50848  3.3214  
0.857521  0.0742667  4.89453  4.8039  3.56886  2.92308  1.95179  3.65145  
0.00423962  0.952899  3.37695  3.9268  2.48366  1.99796  1.97012  0.26588  
0.00574204  0.948614  3.37695  3.9268  2.48366  1.99796  1.27073  0.295149  
0.190849  0.563207  3.37695  3.9268  2.48366  1.99796  1.06329  0.347449  
0.958334  0.0210719  3.37695  3.9268  2.48366  1.99796  1.65433  0.417897  
0.0523414  0.771864  3.37695  3.9268  2.48366  1.99796  0.0734572  2.28358  
0.00212145  0.96256  3.37695  3.9268  2.48366  1.99796  0.743209  0.643417  
0.0527681  0.771567  3.37695  3.9268  2.48366  1.99796  1.77869  0.141358  
0.0514238  0.773236  3.37695  3.9268  2.48366  1.99796  2.01955  0.11944  
0.780988  0.11627  3.37695  3.9268  2.48366  1.99796  1.48686  0.436904  
0.856575  0.0745081  3.37695  3.9268  2.48366  1.99796  1.0608  0.706589  
0.772019  0.384507  3.37695  3.9268  2.48366  1.99796  0.537141  0.889489  
0.0513042  0.773535  3.37695  3.9268  2.48366  1.99796  0.196183  2.9268  
0.955837  0.0224221  3.37695  3.9268  2.48366  1.99796  1.47723  0.296435  
0.857578  0.0742503  3.37695  3.9268  2.48366  1.99796  0.227646  2.27229  
0.0154518  0.936883  3.37695  3.9268  2.48366  1.99796  1.11434  0.512946  
4.88322e-05  0.993074  3.37695  3.9268  2.48366  1.99796  0.576965  1.06518  
0.779544  0.117225  3.37695  3.9268  2.48366  1.99796  0.681141  0.781744  
0.199852  0.559988  3.37695  3.9268  2.48366  1.99796  1.0541  0.880238  
8.06932e-05  0.99238  3.37695  3.9268  2.48366  1.99796  0.294356  1.37192  
0.19367  0.560642  3.37695  3.9268  2.48366  1.99796  0.366739  1.34997  
0.0584017  0.769917  3.37695  3.9268  2.48366  1.99796  0.763504  0.819755  
0.0218955  0.933276  3.37695  3.9268  2.48366  1.99796  0.305163  1.76279  
0.00910436  0.943255  3.37695  3.9268  2.48366  1.99796  1.56464  0.248484  
0.00707217  0.94572  3.37695  3.9268  2.48366  1.99796  0.309902  0.485476  
0.00599598  0.946884  3.37695  3.9268  2.48366  1.99796  0.803161  0.894737  
0.778875  0.117508  3.37695  3.9268  2.48366  1.99796  1.48872  0.269997  
0.000217961  0.987382  3.37695  3.9268  2.48366  1.99796  1.5261  0.203695  
0.250188  0.501691  3.37695  3.9268  2.48366  1.99796  2.35415  0.101478  
0.249199  0.501706  3.37695  3.9268  2.48366  1.99796  0.128155  2.15115  
0.957174  0.021738  3.37695  3.9268  2.48366  1.99796  0.81938  0.129788  
0.89996  0.0513492  3.37695  3.9268  2.48366  1.99796  1.13772  0.394981  
0.0533355  0.770983  3.37695  3.9268  2.48366  1.99796  0.291116  1.90569  
0.309874  0.485554  3.37695  3.9268  2.48366  1.99796  0.00460774  1.32497  
0.309902  0.485476  3.37695  3.9268  2.48366  1.99796  0.110407  2.00918  
0.190354  0.56386  3.37695  3.9268  2.48366  1.99796  1.31079  0.554304  
0.781259  0.116158  3.37695  3.9268  2.48366  1.99796  0.81104  0.911879  
0.899292  0.052584  3.37695  3.9268  2.48366  1.99796  0.585225  0.891007  
0.00361908  0.955102  3.37695  3.9268  2.48366  1.99796  1.28346  0.600547  
0.777542  0.118685  3.37695  3.9268  2.48366  1.99796  1.29435  0.792696  
0.957937  0.0213018  3.37695  3.9268  2.48366  1.99796  0.398541  0.903474  
0.775743  0.119312  3.37695  3.9268  2.48366  1.99796  0.321762  1.32708  
0.000240669  0.987208  3.37695  3.9268  2.48366  1.99796  0.286379  1.28037  
0.0111052  0.94097  3.37695  3.9268  2.48366  1.99796  0.518399  0.652342  
0.0216485  0.933562  3.37695  3.9268  2.48366  1.99796  0.124491  1.77065  
0.150406  0.646653  3.37695  3.9268  2.48366  1.99796  1.28082  0.363664  
0.195348  0.560231  3.37695  3.9268  2.48366  1.99796  0.493379  1.13744  
0.0508153  0.775282  3.37695  3.9268  2.48366  1.99796  1.49522  0.321108  
0.0976241  0.687731  3.37695  3.9268  2.48366  1.99796  0.197506  1.80554  
0.00732339  0.945246  3.37695  3.9268  2.48366  1.99796  0.89996  0.0513492  
0.899682  0.0516823  3.37695  3.9268  2.48366  1.99796  0.354525  1.69337  
0.00160257  0.966358  3.37695  3.9268  2.48366  1.99796  1.34895  0.175117  
0.192498  0.561433  3.37695  3.9268  2.48366  1.99796  1.90769  0.0680253  
0.773222  0.121136  3.37695  3.9268  2.48366  1.99796  1.03218  0.568736  
0.777282  0.118751  3.37695  3.9268  2.48366  1.99796  0.604198  0.927075  
0.856571  0.0746092  3.37695  3.9268  2.48366  1.99796  0.226984  1.86081  
0.775238  0.119701  3.37695  3.9268  2.48366  1.99796  2.00508  0.143183  
0.0146996  0.937018  3.37695  3.9268  2.48366  1.99796  0.215077  1.32456  
6.08173e-06  0.99796  3.37695  3.9268  2.48366  1.99796  1.2967  0.047832  
1.07542  0.0100011  3.37695  3.9268  2.48366  1.99796  0.578562  1.81414  
0.0543843  0.77056  3.37695  3.9268  2.48366  1.99796  0.844178  0.611017  
0.0539816  0.770726  3.37695  3.9268  2.48366  1.99796  0.636456  1.67771  
0.248834  0.52788  3.37695  3.9268  2.48366  1.99796  0.959254  0.953752  
0.0506639  0.777477  3.37695  3.9268  2.48366  1.99796  0.543265  0.920045  
0.189486  0.564874  3.37695  3.9268  2.48366  1.99796  1.75693  0.399993  
1.04279  0.011139  3.37695  3.9268  2.48366  1.99796  0.196289  1.68977  
0.051764  0.772724  3.37695  3.9268  2.48366  1.99796  0.157781  0.775757  
2.2701e-05  0.995385  3.37695  3.9268  2.48366  1.99796  1.08616  0.000413433  
0.249104  0.502807  3.37695  3.9268  2.48366  1.99796  0.68709  0.782181  
0.188623  0.583366  3.37695  3.9268  2.48366  1.99796  0.600721  0.683392  
0.000638023  0.976682  3.37695  3.9268  2.48366  1.99796  0.314301  1.27195  
0.109754  0.6853  3.37695  3.9268  2.48366  1.99796  0.0514238  0.773235  
0.00159174  0.969129  3.37695  3.9268  2.48366  1.99796  0.102175  1.60322  
0.767884  0.385601  3.37695  3.9268  2.48366  1.99796  0.515729  0.997382  
0.0550533  0.77019  3.37695  3.9268  2.48366  1.99796  1.85676  0.196739  
0.191891  0.562028  3.37695  3.9268  2.48366  1.99796  1.25877  0.814752  
0.249049  0.508897  3.37695  3.9268  2.48366  1.99796  2.21484  0.174809  
0.773226  0.120841  3.37695  3.9268  2.48366  1.99796  2.37695  0.161775  
0.85728  0.0742766  3.37695  3.9268  2.48366  1.99796  1.80339  0.101871  
0.18927  0.565965  3.37695  3.9268  2.48366  1.99796  0.643472  0.928228  
0.195819  0.560204  3.37695  3.9268  2.48366  1.99796  0.637067  1.17092  
1.08616  0.000413433  3.37695  3.9268  2.48366  1.99796  0.182383  2.04174  
0.189898  0.564325  3.37695  3.9268  2.48366  1.99796  0.165712  1.71093  
0.0245857  0.932808  3.37695  3.9268  2.48366  1.99796  0.356365  0.883802  
0.192668  0.561234  3.37695  3.9268  2.48366  1.99796  1.15678  0.667955  
0.248837  0.517822  3.37695  3.9268  2.48366  1.99796  0.452539  1.36173  
0.782858  0.116125  3.37695  3.9268  2.48366  1.99796  0.35426  1.35783  
0.78057  0.116812  3.37695  3.9268  2.48366  1.99796  0.203452  1.2021  
0.34188  0.415322  3.37695  3.9268  2.48366  1.99796  1.11077  0.5334  
0.0128158  0.938642  3.37695  3.9268  2.48366  1.99796  1.47381  0.19012  
0.774361  0.120084  3.37695  3.9268  2.48366  1.99796  0.773226  0.120841  
1.07686  0.00721518  3.37695  3.9268  2.48366  1.99796  1.1923  0.57202  
0.188847  0.571447  3.37695  3.9268  2.48366  1.99796  0.431956  1.09938  
0.0976048  0.68865  3.37695  3.9268  2.48366  1.99796  0.145247  1.8763  
0.772741  0.124684  3.37695  3.9268  2.48366  1.99796  0.891107  0.702789  
0.150502  0.646357  3.37695  3.9268  2.48366  1.99796  1.513  0.370125  
0.0510946  0.774643  3.37695  3.9268  2.48366  1.99796  1.4702  0.467626  
0.0560905  0.769998  3.37695  3.9268  2.48366  1.99796  0.193052  0.560642  
0.193053  0.560642  3.37695  3.9268  2.48366  1.99796  0.113428  1.45459  
0.955285  0.0226435  3.37695  3.9268  2.48366  1.99796  0.564755  0.872538  
0.958734  0.0208855  3.37695  3.9268  2.48366  1.99796  2.1787  0.166017  
0.00423962  0.952899  2.53914  2.52804  2.25619  2.26741  0.790953  0.238428  
0.723183  0.150529  2.53914  2.52804  2.25619  2.26741  0.292622  0.459079  
0.930158  0.037178  2.53914  2.52804  2.25619  2.26741  0.171142  0.955673  
0.19305  0.560627  2.53914  2.52804  2.25619  2.26741  0.115527  0.660144  
0.0523414  0.771864  2.53914  2.52804  2.25619  2.26741  0.158549  0.969678  
0.00212145  0.96256  2.53914  2.52804  2.25619  2.26741  0.360804  0.679909  
0.0469124  0.783529  2.53914  2.52804  2.25619  2.26741  0.502009  0.481217  
0.115085  0.661706  2.53914  2.52804  2.25619  2.26741  1.32129  0.00469694  
0.082861  0.712147  2.53914  2.52804  2.25619  2.26741  0.666806  0.243009  
0.856575  0.0745081  2.53914  2.52804  2.25619  2.26741  1.12706  0.0971782  
0.0869532  0.709992  2.53914  2.52804  2.25619  2.26741  1.37964  0.0168707  
0.0513042  0.773535  2.53914  2.52804  2.25619  2.26741  1.35854  0.000406228  
0.82627  0.0915902  2.53914  2.52804  2.25619  2.26741  0.863795  0.209145  
0.857578  0.0742503  2.53914  2.52804  2.25619  2.26741  0.916671  0.164089  
0.046592  0.78868  2.53914  2.52804  2.25619  2.26741  0.690574  0.169172  
4.88322e-05  0.993074  2.53914  2.52804  2.25619  2.26741  0.180629  0.738278  
0.142792  0.624557  2.53914  2.52804  2.25619  2.26741  0.926068  0.210726  
0.899953  0.051345  2.53914  2.52804  2.25619  2.26741  0.581177  0.466533  
0.967904  0.0168785  2.53914  2.52804  2.25619  2.26741  0.763631  0.408082  
0.120889  0.658516  2.53914  2.52804  2.25619  2.26741  1.11395  0.0383547  
0.0584017  0.769917  2.53914  2.52804  2.25619  2.26741  0.9972  0.123181  
0.723843  0.149241  2.53914  2.52804  2.25619  2.26741  0.0461964  1.03037  
0.00907011  0.940703  2.53914  2.52804  2.25619  2.26741  1.53914  0.0279095  
0.115527  0.660144  2.53914  2.52804  2.25619  2.26741  0.269113  0.481315  
0.00599598  0.946884  2.53914  2.52804  2.25619  2.26741  0.419947  0.517295  
0.778875  0.117508  2.53914  2.52804  2.25619  2.26741  0.747748  0.135474  
0.000270753  0.984071  2.53914  2.52804  2.25619  2.26741  1.01492  0.142811  
0.0816974  0.750966  2.53914  2.52804  2.25619  2.26741  0.669779  0.48904  
0.249199  0.501706  2.53914  2.52804  2.25619  2.26741  0.981242  0.134692  
0.298115  0.459022  2.53914  2.52804  2.25619  2.26741  0.143537  0.621144  
0.690574  0.169172  2.53914  2.52804  2.25619  2.26741  0.680123  0.222831  
0.848201  0.0794957  2.53914  2.52804  2.25619  2.26741  0.972097  0.155582  
0.0843898  0.711036  2.53914  2.52804  2.25619  2.26741  0.000417077  0.979694  
0.9653  0.0175106  2.53914  2.52804  2.25619  2.26741  1.25952  0.0168251  
0.875073  0.0645623  2.53914  2.52804  2.25619  2.26741  0.00125216  1.38683  
0.781259  0.116158  2.53914  2.52804  2.25619  2.26741  1.99791e-05  1.21196  
0.899199  0.0526149  2.53914  2.52804  2.25619  2.26741  0.0487326  1.10002  
0.0418471  0.825683  2.53914  2.52804  2.25619  2.26741  0.00506841  1.16481  
0.770618  0.122156  2.53914  2.52804  2.25619  2.26741  0.378943  0.510425  
0.00473474  0.949525  2.53914  2.52804  2.25619  2.26741  0.875073  0.0645623  
0.775743  0.119312  2.53914  2.52804  2.25619  2.26741  1.18244  0.0236006  
0.694202  0.166939  2.53914  2.52804  2.25619  2.26741  0.900904  0.178974  
0.292622  0.459079  2.53914  2.52804  2.25619  2.26741  0.000132098  1.52804  
0.0485021  0.779989  2.53914  2.52804  2.25619  2.26741  1.11862  0.0692257  
0.144412  0.620469  2.53914  2.52804  2.25619  2.26741  0.186697  0.673377  
0.0822121  0.714681  2.53914  2.52804  2.25619  2.26741  0.429892  0.544572  
1.00005  5.88755e-07  2.53914  2.52804  2.25619  2.26741  0.0483344  0.949699  
0.0976241  0.687731  2.53914  2.52804  2.25619  2.26741  0.299389  0.642986  
0.00732339  0.945246  2.53914  2.52804  2.25619  2.26741  0.900501  0.0510633  
0.165108  0.60077  2.53914  2.52804  2.25619  2.26741  1.15522  0.0180542  
0.00160257  0.966358  2.53914  2.52804  2.25619  2.26741  0.675801  0.226596  
0.0161254  0.892521  2.53914  2.52804  2.25619  2.26741  0.0183262  1.2263  
0.77321  0.120841  2.53914  2.52804  2.25619  2.26741  0.142579  0.73122  
0.221909  0.530398  2.53914  2.52804  2.25619  2.26741  0.848201  0.0794957  
0.0496815  0.777221  2.53914  2.52804  2.25619  2.26741  0.414821  0.576571  
0.00312672  0.957715  2.53914  2.52804  2.25619  2.26741  0.118249  1.09406  
0.0146996  0.937018  2.53914  2.52804  2.25619  2.26741  0.713556  0.248134  
0.0211007  0.891424  2.53914  2.52804  2.25619  2.26741  1.16225  0.0377573  
0.222455  0.528379  2.53914  2.52804  2.25619  2.26741  1.08476  0.120707  
0.271687  0.479946  2.53914  2.52804  2.25619  2.26741  0.117258  0.803762  
0.137554  0.65341  2.53914  2.52804  2.25619  2.26741  1.19593  0.0177845  
0.999172  0.00285551  2.53914  2.52804  2.25619  2.26741  0.0888966  0.896148  
0.143199  0.621828  2.53914  2.52804  2.25619  2.26741  0.000150773  1.21541  
0.653908  0.229161  2.53914  2.52804  2.25619  2.26741  0.715368  0.301758  
0.747748  0.135474  2.53914  2.52804  2.25619  2.26741  0.222455  0.528379  
0.14726  0.619951  2.53914  2.52804  2.25619  2.26741  0.0828609  0.712147  
0.267741  0.483199  2.53914  2.52804  2.25619  2.26741  1  7.73856e-07  
0.0265753  0.881257  2.53914  2.52804  2.25619  2.26741  0.40523  0.572735  
0.188623  0.583366  2.53914  2.52804  2.25619  2.26741  0.876175  0.154701  
0.000638023  0.976682  2.53914  2.52804  2.25619  2.26741  0.972953  0.0171031  
0.109754  0.6853  2.53914  2.52804  2.25619  2.26741  0.0469124  0.783529  
0.797524  0.108445  2.53914  2.52804  2.25619  2.26741  0.068881  1.0303  
0.799753  0.10629  2.53914  2.52804  2.25619  2.26741  0.240195  0.692887  
0.0550533  0.77019  2.53914  2.52804  2.25619  2.26741  0.929171  0.129738  
0.191891  0.562028  2.53914  2.52804  2.25619  2.26741  0.459316  0.485381  
0.828375  0.0905065  2.53914  2.52804  2.25619  2.26741  0.778543  0.205568  
0.224204  0.527579  2.53914  2.52804  2.25619  2.26741  1.06273  0.0892869  
0.166129  0.592783  2.53914  2.52804  2.25619  2.26741  1.10695  0.127786  
0.18927  0.565965  2.53914  2.52804  2.25619  2.26741  0.158855  0.833195  
0.195491  0.559745  2.53914  2.52804  2.25619  2.26741  0.805142  0.260653  
0.26978  0.480603  2.53914  2.52804  2.25619  2.26741  0.259686  0.717427  
0.189898  0.564325  2.53914  2.52804  2.25619  2.26741  0.485854  0.523943  
0.826969  0.0906287  2.53914  2.52804  2.25619  2.26741  0.838873  0.188285  
0.902394  0.0508833  2.53914  2.52804  2.25619  2.26741  0.926814  0.0373607  
0.248837  0.517822  2.53914  2.52804  2.25619  2.26741  0.348616  0.609251  
0.653972  0.217383  2.53914  2.52804  2.25619  2.26741  0.723843  0.149241  
1.32667e-06  1.00151  2.53914  2.52804  2.25619  2.26741  0.826969  0.0906287  
0.34188  0.415322  2.53914  2.52804  2.25619  2.26741  0.166129  0.592783  
0.0128158  0.938642  2.53914  2.52804  2.25619  2.26741  0.798306  0.106541  
0.847906  0.0817173  2.53914  2.52804  2.25619  2.26741  0.770405  0.122282  
0.815415  0.0972522  2.53914  2.52804  2.25619  2.26741  0.224138  0.748673  
0.188847  0.571447  2.53914  2.52804  2.25619  2.26741  0.311295  0.60094  
0.798306  0.106541  2.53914  2.52804  2.25619  2.26741  0.167338  0.760842  
0.814264  0.0988526  2.53914  2.52804  2.25619  2.26741  8.62246e-06  1.1883  
0.926771  0.0373849  2.53914  2.52804  2.25619  2.26741  0.464007  0.462972  
0.769921  0.123725  2.53914  2.52804  2.25619  2.26741  0.143802  0.992236  
0.874511  0.0659004  2.53914  2.52804  2.25619  2.26741  0.19305  0.560627  
0.876548  0.0642963  2.53914  2.52804  2.25619  2.26741  1.16794  0.0471687  
0.955285  0.0226435  2.53914  2.52804  2.25619  2.26741  0.183631  0.823262  
0.958734  0.0208855  2.53914  2.52804  2.25619  2.26741  0.289763  0.629389  
0.630253  0.206354  2  2.0001  2  2.0001  0.166196  0.593238  
0.0568588  0.761719  2  2.0001  2  2.0001  0.595762  0.229079  
0.927015  0.0372041  2  2.0001  2  2.0001  0.282067  0.470272  
0.909996  0.0461264  2  2.0001  2  2.0001  0.114857  0.661179  
0.0523414  0.771864  2  2.0001  2  2.0001  0.547565  0.26092  
0.291678  0.459948  2  2.0001  2  2.0001  0.974267  0.0129693  
0.847486  0.0794113  2  2.0001  2  2.0001  0.0568588  0.761719  
0.114609  0.663471  2  2.0001  2  2.0001  0.17082  0.589609  
0.0840271  0.710909  2  2.0001  2  2.0001  0.548117  0.259834  
0.856575  0.0745081  2  2.0001  2  2.0001  0.279702  0.471199  
0.547565  0.26092  2  2.0001  2  2.0001  0.0175848  0.868431  
0.734997  0.142689  2  2.0001  2  2.0001  0.0130048  0.886548  
0.0331473  0.818253  2  2.0001  2  2.0001  0.813089  0.0984815  
0.259191  0.490915  2  2.0001  2  2.0001  0.000393882  0.982412  
0.0451544  0.789163  2  2.0001  2  2.0001  0.690529  0.169021  
0.690216  0.169282  2  2.0001  2  2.0001  0.301557  0.450949  
0.0598125  0.755572  2  2.0001  2  2.0001  0.323568  0.431819  
0.0113523  0.898584  2  2.0001  2  2.0001  0.245095  0.505328  
0.66072  0.187218  2  2.0001  2  2.0001  0.66072  0.187218  
0.119054  0.656333  2  2.0001  2  2.0001  0.0579274  0.759927  
0.0181194  0.866132  2  2.0001  2  2.0001  0.67881  0.176108  
0.723827  0.149221  2  2.0001  2  2.0001  0.324642  0.430402  
0.00516305  0.931746  2  2.0001  2  2.0001  0.734997  0.142689  
0.889826  0.0567219  2  2.0001  2  2.0001  0.268611  0.481727  
0.15441  0.607123  2  2.0001  2  2.0001  0.0093237  0.92751  
0.245095  0.505328  2  2.0001  2  2.0001  0.747555  0.135392  
0.000270753  0.984071  2  2.0001  2  2.0001  0.332717  0.42997  
0.636635  0.202131  2  2.0001  2  2.0001  0.169694  0.590641  
0.248418  0.501648  2  2.0001  2  2.0001  0.582378  0.236878  
0.0131867  0.885415  2  2.0001  2  2.0001  0.143534  0.621142  
0.67881  0.176108  2  2.0001  2  2.0001  0.697562  0.164832  
0.582378  0.236878  2  2.0001  2  2.0001  0.000161723  0.988276  
0.32317  0.433183  2  2.0001  2  2.0001  0.00172836  0.962615  
0.9653  0.0175106  2  2.0001  2  2.0001  0.136414  0.630768  
0.939869  0.0305359  2  2.0001  2  2.0001  0.0331473  0.818253  
0.279882  0.471012  2  2.0001  2  2.0001  0.562121  0.250282  
0.899199  0.0526149  2  2.0001  2  2.0001  0.939869  0.0305359  
0.301116  0.451272  2  2.0001  2  2.0001  0.0166387  0.87107  
0.324531  0.430412  2  2.0001  2  2.0001  0.00516305  0.931746  
0.00372575  0.94425  2  2.0001  2  2.0001  0.874695  0.0647658  
0.775743  0.119312  2  2.0001  2  2.0001  0.593983  0.22936  
0.697562  0.164832  2  2.0001  2  2.0001  0.0213899  0.853838  
0.11528  0.66049  2  2.0001  2  2.0001  0.568201  0.24622  
0.562121  0.250282  2  2.0001  2  2.0001  0.0119184  0.892663  
0.703948  0.160987  2  2.0001  2  2.0001  0.606945  0.221013  
0.082197  0.714461  2  2.0001  2  2.0001  0.0598125  0.755572  
1  5.57087e-07  2  2.0001  2  2.0001  0.0298566  0.831164  
0.0976241  0.687731  2  2.0001  2  2.0001  0.0148223  0.879369  
0.669877  0.181548  2  2.0001  2  2.0001  0.156659  0.605164  
0.969007  0.0157046  2  2.0001  2  2.0001  0.037995  0.812507  
0.552223  0.256978  2  2.0001  2  2.0001  0.65533  0.190479  
0.974267  0.0129693  2  2.0001  2  2.0001  0.291678  0.459948  
0.606945  0.221013  2  2.0001  2  2.0001  0.129704  0.639866  
0.221764  0.530788  2  2.0001  2  2.0001  0.847486  0.0794113  
0.0496815  0.777221  2  2.0001  2  2.0001  0.0283534  0.831864  
0.00198417  0.955541  2  2.0001  2  2.0001  0.18003  0.575718  
0.136414  0.630768  2  2.0001  2  2.0001  6.31256e-07  1.0001  
0.240759  0.509939  2  2.0001  2  2.0001  0.259191  0.490915  
0.129704  0.639866  2  2.0001  2  2.0001  0.303803  0.450658  
0.271687  0.479946  2  2.0001  2  2.0001  0.0181194  0.866132  
0.0690507  0.744237  2  2.0001  2  2.0001  0.669877  0.181548  
0.732456  0.144235  2  2.0001  2  2.0001  0.180767  0.575214  
0.143024  0.622148  2  2.0001  2  2.0001  0.00334005  0.949244  
0.0381418  0.811137  2  2.0001  2  2.0001  0.797636  0.10779  
0.747555  0.135392  2  2.0001  2  2.0001  0.222442  0.528365  
0.146505  0.619861  2  2.0001  2  2.0001  0.0830255  0.711873  
0.267741  0.483199  2  2.0001  2  2.0001  1  5.57087e-07  
0.022653  0.851113  2  2.0001  2  2.0001  0.909747  0.0462121  
0.016328  0.872992  2  2.0001  2  2.0001  0.0113523  0.898584  
0.00102271  0.970698  2  2.0001  2  2.0001  0.013881  0.883496  
0.109754  0.6853  2  2.0001  2  2.0001  0.045875  0.78582  
0.308461  0.449157  2  2.0001  2  2.0001  0.159083  0.60122  
0.798455  0.106447  2  2.0001  2  2.0001  0.0381418  0.811137  
0.812208  0.100331  2  2.0001  2  2.0001  0.783577  0.114808  
0.18003  0.575718  2  2.0001  2  2.0001  0.636635  0.202131  
0.827097  0.0905572  2  2.0001  2  2.0001  0.703948  0.160987  
0.224204  0.527579  2  2.0001  2  2.0001  0.192205  0.562147  
0.165909  0.592683  2  2.0001  2  2.0001  0.630253  0.206354  
0.045875  0.78582  2  2.0001  2  2.0001  0.0640737  0.74688  
0.195047  0.559754  2  2.0001  2  2.0001  0.247475  0.502556  
0.568201  0.24622  2  2.0001  2  2.0001  0.732456  0.144235  
0.189898  0.564325  2  2.0001  2  2.0001  0.889826  0.0567219  
0.17082  0.589609  2  2.0001  2  2.0001  0.958048  0.0212113  
0.902394  0.0508833  2  2.0001  2  2.0001  0.927015  0.0372041  
0.783878  0.114669  2  2.0001  2  2.0001  0.000797038  0.975706  
0.159083  0.60122  2  2.0001  2  2.0001  0.723827  0.149221  
6.31256e-07  1.0001  2  2.0001  2  2.0001  0.827097  0.0905572  
0.34188  0.415322  2  2.0001  2  2.0001  0.167285  0.591423  
0.00699109  0.929039  2  2.0001  2  2.0001  0.798455  0.106447  
0.65533  0.190479  2  2.0001  2  2.0001  0.770218  0.12239  
0.815415  0.0972522  2  2.0001  2  2.0001  0.00699109  0.929039  
0.0640737  0.74688  2  2.0001  2  2.0001  0.191166  0.564112  
0.593998  0.22935  2  2.0001  2  2.0001  0.0058236  0.929808  
0.0283534  0.831864  2  2.0001  2  2.0001  0.969007  0.0157046  
0.0213899  0.853838  2  2.0001  2  2.0001  0.2711  0.480238  
0.769817  0.1232  2  2.0001  2  2.0001  0.825986  0.0918076  
0.874007  0.0658981  2  2.0001  2  2.0001  0.19305  0.560626  
0.876548  0.0642963  2  2.0001  2  2.0001  0.15441  0.607123  
0.955285  0.0226435  2  2.0001  2  2.0001  0.00265832  0.953199  
0.958734  0.0208855  2  2.0001  2  2.0001  0.0447142  0.808044  
0.629065  0.206881  2  2  2  2  0.166126  0.592422  
0.0552867  0.764974  2  2  2  2  0.35395  0.406326  
0.926999  0.037198  2  2  2  2  0.0671298  0.740921  
0.909996  0.0461264  2  2  2  2  0.11786  0.656764  
0.156271  0.604695  2  2  2  2  0.540907  0.267572  
0.291676  0.459947  2  2  2  2  0.358584  0.402948  
0.847033  0.0798242  2  2  2  2  0.332993  0.422955  
0.11311  0.663721  2  2  2  2  0.170126  0.587546  
0.21679  0.534409  2  2  2  2  0.548438  0.259444  
0.856575  0.0745081  2  2  2  2  0.279661  0.471176  
0.548438  0.259444  2  2  2  2  0.257493  0.492579  
0.734988  0.142687  2  2  2  2  0.012984  0.886065  
0.0327685  0.819239  2  2  2  2  0.81282  0.0984405  
0.358584  0.402948  2  2  2  2  0.289613  0.461858  
0.0398754  0.80032  2  2  2  2  0.690376  0.169119  
0.690376  0.169119  2  2  2  2  0.301368  0.451043  
0.0597833  0.755507  2  2  2  2  0.321579  0.433004  
0.0107269  0.89645  2  2  2  2  0.24347  0.506717  
0.660693  0.187172  2  2  2  2  0.660693  0.187172  
0.11786  0.656764  2  2  2  2  0.24914  0.500874  
0.01803  0.865743  2  2  2  2  0.678805  0.176106  
0.0722436  0.731301  2  2  2  2  0.0552867  0.764974  
0.722152  0.150218  2  2  2  2  0.734988  0.142687  
0.889801  0.0567086  2  2  2  2  0.0945203  0.693728  
0.152115  0.610052  2  2  2  2  0.995082  0.00262423  
0.244535  0.505519  2  2  2  2  0.747554  0.135389  
0.281119  0.469873  2  2  2  2  0.325902  0.429134  
0.637617  0.201513  2  2  2  2  0.182496  0.572817  
0.24914  0.500874  2  2  2  2  0.582369  0.236872  
0.354677  0.404505  2  2  2  2  0.143719  0.620903  
0.678805  0.176106  2  2  2  2  0.697538  0.164815  
0.582369  0.236872  2  2  2  2  0.226518  0.524117  
0.321579  0.433004  2  2  2  2  0.00180755  0.957571  
0.9653  0.0175106  2  2  2  2  0.136353  0.630745  
0.939866  0.0305342  2  2  2  2  0.0330738  0.818151  
0.130663  0.638564  2  2  2  2  0.561353  0.250833  
0.0872928  0.704799  2  2  2  2  0.939866  0.0305342  
0.301116  0.451272  2  2  2  2  0.11311  0.663721  
0.325902  0.429134  2  2  2  2  0.00497793  0.929479  
0.00329732  0.942603  2  2  2  2  0.875467  0.0644071  
0.775743  0.119312  2  2  2  2  0.593923  0.229339  
0.697538  0.164815  2  2  2  2  0.0866909  0.705572  
0.995082  0.00262423  2  2  2  2  0.568197  0.246216  
0.561353  0.250833  2  2  2  2  0.16047  0.599429  
0.703946  0.160986  2  2  2  2  0.606875  0.220983  
0.0823002  0.713159  2  2  2  2  0.0597833  0.755507  
1  3.1612e-07  2  2  2  2  0.0295712  0.82815  
0.0976241  0.687731  2  2  2  2  0.014814  0.878306  
0.669872  0.181544  2  2  2  2  0.156271  0.604695  
0.182496  0.572817  2  2  2  2  0.0366926  0.808468  
0.552223  0.256978  2  2  2  2  0.653554  0.191615  
0.975756  0.0122052  2  2  2  2  0.293149  0.458618  
0.606875  0.220983  2  2  2  2  0.130663  0.638564  
0.0671298  0.740921  2  2  2  2  0.847486  0.0794109  
0.0492717  0.778062  2  2  2  2  0.0269149  0.835975  
0.00180755  0.957571  2  2  2  2  0.177845  0.578362  
0.136353  0.630745  2  2  2  2  2.97706e-07  1  
0.240759  0.509939  2  2  2  2  0.261031  0.489171  
0.0933023  0.69491  2  2  2  2  0.306265  0.446639  
0.270463  0.479949  2  2  2  2  0.01803  0.865743  
0.126141  0.64495  2  2  2  2  0.669872  0.181544  
0.0076793  0.912493  2  2  2  2  0.152115  0.610052  
0.143719  0.620903  2  2  2  2  0.0236295  0.846358  
0.0366927  0.808468  2  2  2  2  0.0722436  0.731301  
0.747554  0.135389  2  2  2  2  0.336699  0.419773  
0.332993  0.422955  2  2  2  2  0.0823002  0.713159  
0.261031  0.489171  2  2  2  2  1  3.1612e-07  
0.0236295  0.846358  2  2  2  2  0.909721  0.046208  
0.014814  0.878306  2  2  2  2  0.0107269  0.89645  
0.000571956  0.976166  2  2  2  2  0.126141  0.64495  
0.257493  0.492579  2  2  2  2  0.0447338  0.788526  
0.306265  0.446639  2  2  2  2  0.21679  0.534409  
0.798449  0.106443  2  2  2  2  0.629065  0.206881  
0.81282  0.0984405  2  2  2  2  0.783574  0.114804  
0.177845  0.578362  2  2  2  2  0.637617  0.201513  
0.82741  0.0903987  2  2  2  2  0.703946  0.160986  
0.540907  0.267572  2  2  2  2  0.00329732  0.942603  
0.165909  0.592683  2  2  2  2  0.975756  0.0122052  
0.0447338  0.788526  2  2  2  2  0.0637578  0.747571  
0.194751  0.558889  2  2  2  2  0.722152  0.150218  
0.568197  0.246216  2  2  2  2  0.731207  0.145007  
0.189653  0.56452  2  2  2  2  0.889801  0.0567086  
0.170126  0.587546  2  2  2  2  0.958045  0.0212036  
0.902394  0.0508833  2  2  2  2  0.926999  0.037198  
0.783878  0.114669  2  2  2  2  0.000571956  0.976166  
0.16047  0.599429  2  2  2  2  0.0896337  0.700652  
2.97706e-07  1  2  2  2  2  0.82741  0.0903987  
0.34188  0.415322  2  2  2  2  0.224306  0.526404  
0.00497793  0.929479  2  2  2  2  0.798449  0.106443  
0.653554  0.191615  2  2  2  2  0.770063  0.122482  
0.823896  0.0923389  2  2  2  2  0.86981  0.0673981  
0.0637578  0.747571  2  2  2  2  0.189653  0.56452  
0.593923  0.229339  2  2  2  2  0.0207552  0.855952  
0.0278732  0.833155  2  2  2  2  0.968961  0.0156494  
0.0207552  0.855952  2  2  2  2  0.270463  0.479949  
0.769714  0.122929  2  2  2  2  0.823896  0.0923389  
0.86981  0.0673981  2  2  2  2  0.194751  0.558889  
0.875467  0.0644071  2  2  2  2  0.0076793  0.912493  
0.955285  0.0226435  2  2  2  2  0.0492717  0.778062  
0.226515  0.524118  2  2  2  2  0.0398754  0.80032  
0.628338  0.207347  2  2  2  2  0.166122  0.592422  
0.0552605  0.764934  2  2  2  2  0.351983  0.406743  
0.926997  0.0371942  2  2  2  2  0.0671257  0.740916  
0.910096  0.0460745  2  2  2  2  0.118147  0.656298  
0.156269  0.604692  2  2  2  2  0.539887  0.265243  
0.291676  0.459947  2  2  2  2  0.361256  0.399058  
0.847081  0.0797623  2  2  2  2  0.332741  0.423189  
0.112393  0.664768  2  2  2  2  0.170123  0.587544  
0.213891  0.537587  2  2  2  2  0.548772  0.259231  
0.856575  0.0745081  2  2  2  2  0.279658  0.471175  
0.548772  0.259231  2  2  2  2  0.257291  0.492773  
0.73524  0.142545  2  2  2  2  0.533929  0.270169  
0.0327685  0.819239  2  2  2  2  0.81282  0.0984371  
0.361256  0.399058  2  2  2  2  0.289611  0.46185  
0.0403171  0.799236  2  2  2  2  0.690371  0.169117  
0.690371  0.169117  2  2  2  2  0.301366  0.451035  
0.0597795  0.755505  2  2  2  2  0.321188  0.433501  
0.0107633  0.896261  2  2  2  2  0.242929  0.50719  
0.660692  0.187171  2  2  2  2  0.660692  0.187171  
0.118147  0.656298  2  2  2  2  0.249346  0.500667  
0.0180283  0.86574  2  2  2  2  0.678805  0.176105  
0.0733824  0.729179  2  2  2  2  0.0552605  0.764934  
0.722106  0.150235  2  2  2  2  0.73524  0.142545  
0.8898  0.0567085  2  2  2  2  0.0952601  0.691378  
0.151959  0.610185  2  2  2  2  0.994597  0.00272323  
0.533929  0.270169  2  2  2  2  0.747554  0.135388  
0.281119  0.469873  2  2  2  2  0.325901  0.429131  
0.638052  0.201305  2  2  2  2  0.182492  0.572812  
0.249314  0.500698  2  2  2  2  0.582368  0.23687  
0.351983  0.406743  2  2  2  2  0.143718  0.620901  
0.678805  0.176105  2  2  2  2  0.697537  0.164814  
0.582368  0.23687  2  2  2  2  0.226594  0.523986  
0.321188  0.433501  2  2  2  2  0.00177376  0.9579  
0.9653  0.0175106  2  2  2  2  0.136351  0.630745  
0.939866  0.030534  2  2  2  2  0.033072  0.818149  
0.130676  0.638512  2  2  2  2  0.560894  0.251085  
0.0869802  0.70515  2  2  2  2  0.939866  0.030534  
0.301116  0.451272  2  2  2  2  0.112393  0.664768  
0.325901  0.429131  2  2  2  2  0.00523706  0.92767  
0.00329613  0.942602  2  2  2  2  0.875967  0.064085  
0.775743  0.119312  2  2  2  2  0.593922  0.229337  
0.697537  0.164814  2  2  2  2  0.0862707  0.706295  
0.994597  0.00272323  2  2  2  2  0.568194  0.246214  
0.560894  0.251085  2  2  2  2  0.160465  0.599422  
0.704802  0.160487  2  2  2  2  0.606871  0.220983  
0.0817879  0.714087  2  2  2  2  0.0597795  0.755505  
1  1.74159e-07  2  2  2  2  0.0295555  0.828086  
0.0976241  0.687731  2  2  2  2  0.0148117  0.878304  
0.669872  0.181544  2  2  2  2  0.156269  0.604692  
0.182492  0.572812  2  2  2  2  0.03669  0.808458  
0.222702  0.528117  2  2  2  2  0.652757  0.192094  
0.975753  0.0122018  2  2  2  2  0.294151  0.457886  
0.606871  0.220983  2  2  2  2  0.130676  0.638512  
0.0671257  0.740916  2  2  2  2  0.847486  0.0794108  
0.0494058  0.777729  2  2  2  2  0.0269107  0.835966  
0.00177376  0.9579  2  2  2  2  0.17783  0.578307  
0.136351  0.630745  2  2  2  2  4.53643e-08  1  
0.240759  0.509939  2  2  2  2  0.261496  0.488662  
0.0933023  0.69491  2  2  2  2  0.306769  0.44614  
0.270458  0.479946  2  2  2  2  0.0180283  0.86574  
0.125785  0.645342  2  2  2  2  0.669872  0.181544  
0.0076604  0.912483  2  2  2  2  0.151959  0.610185  
0.143718  0.620901  2  2  2  2  0.0236139  0.846334  
0.03669  0.808459  2  2  2  2  0.0733824  0.729179  
0.747554  0.135389  2  2  2  2  0.338018  0.418637  
0.333016  0.422928  2  2  2  2  0.0817879  0.714087  
0.261496  0.488662  2  2  2  2  1  1.74159e-07  
0.0238647  0.845606  2  2  2  2  0.909721  0.0462075  
0.0148117  0.878304  2  2  2  2  0.0107633  0.896261  
0.000569243  0.976163  2  2  2  2  0.125785  0.645342  
0.257291  0.492773  2  2  2  2  0.0447248  0.788521  
0.306769  0.44614  2  2  2  2  0.213891  0.537587  
0.798447  0.106442  2  2  2  2  0.628338  0.207347  
0.81282  0.0984371  2  2  2  2  0.783573  0.114804  
0.17783  0.578307  2  2  2  2  0.638052  0.201305  
0.828413  0.0898625  2  2  2  2  0.704802  0.160487  
0.539887  0.265243  2  2  2  2  0.00329613  0.942602  
0.165909  0.592683  2  2  2  2  0.975753  0.0122018  
0.0447248  0.788521  2  2  2  2  0.0637361  0.747547  
0.197037  0.556182  2  2  2  2  0.722106  0.150235  
0.568194  0.246214  2  2  2  2  0.731163  0.144925  
0.189647  0.564517  2  2  2  2  0.8898  0.0567085  
0.170123  0.587544  2  2  2  2  0.958045  0.0212029  
0.902394  0.0508833  2  2  2  2  0.926997  0.0371942  
0.783878  0.114669  2  2  2  2  0.000569243  0.976163  
0.160465  0.599422  2  2  2  2  0.0896165  0.700645  
4.53643e-08  1  2  2  2  2  0.828413  0.0898625  
0.34188  0.415322  2  2  2  2  0.222702  0.528117  
0.00523706  0.92767  2  2  2  2  0.798447  0.106442  
0.652757  0.192094  2  2  2  2  0.770057  0.122475  
0.822772  0.0930089  2  2  2  2  0.868458  0.0682232  
0.0637361  0.747547  2  2  2  2  0.189647  0.564517  
0.593922  0.229337  2  2  2  2  0.0207511  0.855951  
0.0278732  0.833155  2  2  2  2  0.968957  0.0156451  
0.0207511  0.855951  2  2  2  2  0.270458  0.479946  
0.769492  0.123246  2  2  2  2  0.822772  0.0930089  
0.868458  0.0682232  2  2  2  2  0.197037  0.556182  
0.875967  0.064085  2  2  2  2  0.0076604  0.912483  
0.955285  0.0226435  2  2  2  2  0.0494057  0.777729  
0.226594  0.523986  2  2  2  2  0.0403171  0.799236  
0.628182  0.207428  2  2  2  2  0.165718  0.592972  
0.0549652  0.765564  2  2  2  2  0.351615  0.407076  
0.926997  0.0371938  2  2  2  2  0.0682825  0.738756  
0.910096  0.0460745  2  2  2  2  0.118215  0.656181  
0.368677  0.394109  2  2  2  2  0.539873  0.265241  
0.291676  0.459947  2  2  2  2  0.360461  0.399705  
0.847081  0.0797623  2  2  2  2  0.332732  0.423176  
0.111156  0.66665  2  2  2  2  0.170122  0.587542  
0.213858  0.537555  2  2  2  2  0.548759  0.259224  
0.856575  0.0745081  2  2  2  2  0.279657  0.471175  
0.548759  0.259224  2  2  2  2  0.256694  0.493384  
0.735895  0.142165  2  2  2  2  0.531951  0.270682  
0.0328146  0.818967  2  2  2  2  0.812819  0.0984364  
0.360461  0.399705  2  2  2  2  0.289006  0.462711  
0.0403859  0.79906  2  2  2  2  0.690142  0.16926  
0.690142  0.16926  2  2  2  2  0.301365  0.451034  
0.0596459  0.755794  2  2  2  2  0.320529  0.433866  
0.0107631  0.896257  2  2  2  2  0.242075  0.508011  
0.660753  0.187135  2  2  2  2  0.660753  0.187135  
0.118215  0.656181  2  2  2  2  0.249341  0.500662  
0.0180169  0.865774  2  2  2  2  0.678804  0.176104  
0.0741707  0.72779  2  2  2  2  0.0549652  0.765564  
0.721617  0.150526  2  2  2  2  0.735895  0.142165  
0.889715  0.0567565  2  2  2  2  0.0970941  0.688514  
0.151958  0.610184  2  2  2  2  0.993427  0.00334387  
0.531951  0.270682  2  2  2  2  0.747712  0.135301  
0.281119  0.469873  2  2  2  2  0.325898  0.429127  
0.638012  0.20125  2  2  2  2  0.182921  0.57233  
0.249126  0.500909  2  2  2  2  0.582225  0.236969  
0.351615  0.407076  2  2  2  2  0.143718  0.620901  
0.678804  0.176104  2  2  2  2  0.697537  0.164814  
0.582225  0.236969  2  2  2  2  0.22823  0.522632  
0.320529  0.433866  2  2  2  2  0.0017731  0.9579  
0.9653  0.0175106  2  2  2  2  0.13635  0.630744  
0.939889  0.0305237  2  2  2  2  0.0330716  0.818146  
0.130676  0.638512  2  2  2  2  0.560886  0.251078  
0.0869802  0.70515  2  2  2  2  0.939889  0.0305237  
0.301116  0.451272  2  2  2  2  0.111156  0.66665  
0.325898  0.429127  2  2  2  2  0.005235  0.927667  
0.00311656  0.944387  2  2  2  2  0.875959  0.0640754  
0.775743  0.119312  2  2  2  2  0.593922  0.229337  
0.697537  0.164814  2  2  2  2  0.206402  0.545705  
0.993427  0.00334387  2  2  2  2  0.568572  0.245976  
0.560886  0.251078  2  2  2  2  0.160464  0.599422  
0.704798  0.16048  2  2  2  2  0.60687  0.220983  
0.0815889  0.714398  2  2  2  2  0.0596459  0.755794  
1  7.36147e-08  2  2  2  2  0.0295554  0.828084  
0.0976241  0.687731  2  2  2  2  0.0148106  0.878303  
0.669872  0.181543  2  2  2  2  0.368677  0.394109  
0.182921  0.57233  2  2  2  2  0.0366887  0.808458  
0.222685  0.528106  2  2  2  2  0.652746  0.192078  
0.976151  0.0120109  2  2  2  2  0.294015  0.457773  
0.60687  0.220983  2  2  2  2  0.130676  0.638512  
0.0682825  0.738756  2  2  2  2  0.847486  0.0794104  
0.0494056  0.777728  2  2  2  2  0.0266444  0.83682  
0.206402  0.545705  2  2  2  2  0.177829  0.578305  
0.13635  0.630744  2  2  2  2  4.18059e-08  0.999999  
0.240759  0.509939  2  2  2  2  0.261681  0.488461  
0.0933023  0.69491  2  2  2  2  0.307637  0.445354  
0.270485  0.479922  2  2  2  2  0.0180169  0.865774  
0.125784  0.645342  2  2  2  2  0.669872  0.181543  
0.00765999  0.912482  2  2  2  2  0.151958  0.610184  
0.143718  0.620901  2  2  2  2  0.0236138  0.846333  
0.0366887  0.808458  2  2  2  2  0.0741707  0.72779  
0.747712  0.135301  2  2  2  2  0.338607  0.418111  
0.333016  0.422928  2  2  2  2  0.0817613  0.71407  
0.261681  0.488461  2  2  2  2  1  7.36147e-08  
0.0238993  0.845509  2  2  2  2  0.909721  0.0462074  
0.0148107  0.878304  2  2  2  2  0.0107631  0.896257  
0.000840529  0.971664  2  2  2  2  0.125784  0.645342  
0.256694  0.493384  2  2  2  2  0.0447243  0.78852  
0.307637  0.445354  2  2  2  2  0.213858  0.537555  
0.798447  0.106442  2  2  2  2  0.628182  0.207428  
0.812819  0.0984364  2  2  2  2  0.783573  0.114804  
0.177829  0.578305  2  2  2  2  0.638012  0.20125  
0.828389  0.089843  2  2  2  2  0.704798  0.16048  
0.539873  0.265241  2  2  2  2  0.00329554  0.942602  
0.165718  0.592972  2  2  2  2  0.976151  0.0120109  
0.0447243  0.78852  2  2  2  2  0.0637347  0.747546  
0.196999  0.556161  2  2  2  2  0.721617  0.150526  
0.568572  0.245976  2  2  2  2  0.731159  0.144922  
0.189647  0.564517  2  2  2  2  0.889948  0.0566331  
0.170122  0.587542  2  2  2  2  0.958019  0.0212163  
0.902394  0.0508833  2  2  2  2  0.926997  0.0371938  
0.783878  0.114669  2  2  2  2  0.000568692  0.976161  
0.160464  0.599422  2  2  2  2  0.0896156  0.700644  
4.18059e-08  0.999999  2  2  2  2  0.828389  0.089843  
0.34188  0.415322  2  2  2  2  0.222685  0.528106  
0.005235  0.927667  2  2  2  2  0.798447  0.106442  
0.652746  0.192078  2  2  2  2  0.769865  0.122608  
0.822708  0.0929709  2  2  2  2  0.86746  0.0686719  
0.0637347  0.747546  2  2  2  2  0.189647  0.564517  
0.593922  0.229337  2  2  2  2  0.0207508  0.85595  
0.0278732  0.833155  2  2  2  2  0.968956  0.015645  
0.0207508  0.85595  2  2  2  2  0.270458  0.479945  
0.769492  0.123246  2  2  2  2  0.822708  0.0929709  
0.86746  0.0686719  2  2  2  2  0.196999  0.556161  
0.875959  0.0640754  2  2  2  2  0.00765999  0.912482  
0.955285  0.0226435  2  2  2  2  0.0494056  0.777728  
0.22823  0.522632  2  2  2  2  0.0403859  0.79906  
0.627449  0.2079  2  2  2  2  0.165542  0.593152  
0.0549638  0.765559  2  2  2  2  0.3516  0.407045  
0.926997  0.0371937  2  2  2  2  0.068262  0.738734  
0.910096  0.0460745  2  2  2  2  0.118214  0.656179  
0.36927  0.393212  2  2  2  2  0.539872  0.265241  
0.291676  0.459947  2  2  2  2  0.0238431  0.84562  
0.847081  0.0797623  2  2  2  2  0.332731  0.423172  
0.110281  0.667967  2  2  2  2  0.170122  0.587542  
0.213857  0.537555  2  2  2  2  0.548758  0.25922  
0.856575  0.0745081  2  2  2  2  0.279656  0.471175  
0.548759  0.25922  2  2  2  2  0.256572  0.49348  
0.735893  0.14216  2  2  2  2  0.531202  0.271203  
0.0328146  0.818967  2  2  2  2  0.812819  0.0984359  
0.360442  0.399635  2  2  2  2  0.288838  0.462568  
0.0405048  0.798754  2  2  2  2  0.690139  0.169257  
0.690139  0.169257  2  2  2  2  0.301365  0.451034  
0.0596433  0.755784  2  2  2  2  0.320526  0.433853  
0.0107629  0.896257  2  2  2  2  0.242062  0.508005  
0.660752  0.187135  2  2  2  2  0.660752  0.187135  
0.118214  0.656179  2  2  2  2  0.249341  0.500662  
0.018354  0.864766  2  2  2  2  0.678962  0.176015  
0.0743402  0.727395  2  2  2  2  0.0549638  0.765559  
0.721615  0.150522  2  2  2  2  0.735893  0.14216  
0.889715  0.0567565  2  2  2  2  0.0970802  0.688428  
0.151958  0.610184  2  2  2  2  0.992769  0.00363486  
0.531202  0.271203  2  2  2  2  0.748144  0.135124  
0.281119  0.469873  2  2  2  2  0.325898  0.429126  
0.638009  0.201247  2  2  2  2  0.182907  0.572326  
0.249126  0.500909  2  2  2  2  0.582223  0.236966  
0.3516  0.407045  2  2  2  2  0.143717  0.6209  
0.678962  0.176015  2  2  2  2  0.697537  0.164813  
0.582223  0.236966  2  2  2  2  0.360442  0.399635  
0.320526  0.433853  2  2  2  2  0.00177292  0.9579  
0.9653  0.0175106  2  2  2  2  0.13635  0.630744  
0.939888  0.030522  2  2  2  2  0.0330715  0.818146  
0.130675  0.63851  2  2  2  2  0.560885  0.251078  
0.0869802  0.70515  2  2  2  2  0.939888  0.030522  
0.301116  0.451272  2  2  2  2  0.110281  0.667967  
0.325898  0.429126  2  2  2  2  0.00523313  0.927666  
0.00291864  0.946622  2  2  2  2  0.876216  0.0639446  
0.775743  0.119312  2  2  2  2  0.593922  0.229337  
0.697537  0.164813  2  2  2  2  0.206396  0.545694  
0.992769  0.00363486  2  2  2  2  0.568564  0.24597  
0.560885  0.251078  2  2  2  2  0.159986  0.600079  
0.704796  0.160479  2  2  2  2  0.606869  0.220982  
0.0815614  0.714447  2  2  2  2  0.0596433  0.755784  
1  7.36147e-08  2  2  2  2  0.0295554  0.828084  
0.0976241  0.687731  2  2  2  2  0.0144182  0.880028  
0.669872  0.181543  2  2  2  2  0.36927  0.393212  
0.182907  0.572326  2  2  2  2  0.0366886  0.808458  
0.222685  0.528106  2  2  2  2  0.652742  0.192077  
0.976735  0.0117245  2  2  2  2  0.294131  0.457668  
0.606869  0.220982  2  2  2  2  0.130675  0.63851  
0.068262  0.738734  2  2  2  2  0.847486  0.0794104  
0.0494056  0.777727  2  2  2  2  0.926997  0.0371937  
0.206396  0.545694  2  2  2  2  0.177602  0.578582  
0.13635  0.630744  2  2  2  2  4.12857e-08  0.999999  
0.240759  0.509939  2  2  2  2  0.261679  0.488457  
0.0933023  0.69491  2  2  2  2  0.308457  0.444765  
0.270485  0.479922  2  2  2  2  0.0178623  0.866405  
0.12572  0.645432  2  2  2  2  0.669872  0.181543  
0.00765989  0.912481  2  2  2  2  0.151958  0.610184  
0.143717  0.6209  2  2  2  2  0.411294  0.359113  
0.0366886  0.808458  2  2  2  2  0.0743402  0.727395  
0.748144  0.135124  2  2  2  2  0.338797  0.417949  
0.333016  0.422928  2  2  2  2  0.0817602  0.714065  
0.261679  0.488457  2  2  2  2  1  7.36147e-08  
0.0236137  0.846333  2  2  2  2  0.909672  0.0462335  
0.0144182  0.880028  2  2  2  2  0.0107629  0.896257  
0.000840529  0.971664  2  2  2  2  0.12572  0.645432  
0.256572  0.49348  2  2  2  2  0.0447243  0.78852  
0.308457  0.444765  2  2  2  2  0.213857  0.537555  
0.798447  0.106442  2  2  2  2  0.627449  0.2079  
0.812819  0.0984359  2  2  2  2  0.783573  0.114804  
0.177602  0.578582  2  2  2  2  0.638009  0.201247  
0.829308  0.0894895  2  2  2  2  0.704796  0.160479  
0.539872  0.265241  2  2  2  2  0.00329529  0.942602  
0.419162  0.354563  2  2  2  2  0.976735  0.0117245  
0.0447243  0.78852  2  2  2  2  0.0637335  0.747546  
0.196998  0.556157  2  2  2  2  0.721615  0.150522  
0.568564  0.24597  2  2  2  2  0.229277  0.521288  
0.189647  0.564516  2  2  2  2  0.889946  0.0566322  
0.170122  0.587542  2  2  2  2  0.957869  0.0213142  
0.902394  0.0508833  2  2  2  2  0.419162  0.354563  
0.783878  0.114669  2  2  2  2  0.000568506  0.976161  
0.160464  0.599421  2  2  2  2  0.0896154  0.700643  
4.12857e-08  0.999999  2  2  2  2  0.829308  0.0894895  
0.34188  0.415322  2  2  2  2  0.222685  0.528106  
0.00523313  0.927666  2  2  2  2  0.798447  0.106442  
0.652742  0.192077  2  2  2  2  0.769849  0.122592  
0.822496  0.0931203  2  2  2  2  0.866835  0.0689925  
0.0637335  0.747546  2  2  2  2  0.189647  0.564516  
0.593922  0.229337  2  2  2  2  0.0207508  0.855949  
0.0278732  0.833155  2  2  2  2  0.968849  0.0157026  
0.411294  0.359113  2  2  2  2  0.270458  0.479945  
0.769492  0.123246  2  2  2  2  0.822496  0.0931203  
0.866835  0.0689925  2  2  2  2  0.196998  0.556157  
0.876216  0.0639446  2  2  2  2  0.00765989  0.912481  
0.955285  0.0226435  2  2  2  2  0.0494055  0.777727  
0.229277  0.521288  2  2  2  2  0.0405048  0.798754  
0.627287  0.207994  2  2  2  2  0.165536  0.593142  
0.0549635  0.765558  2  2  2  2  0.351461  0.407163  
0.926997  0.0371937  2  2  2  2  0.0682618  0.738733  
0.910096  0.0460745  2  2  2  2  0.118214  0.656179  
0.368592  0.392892  2  2  2  2  0.539872  0.265241  
0.291676  0.459947  2  2  2  2  0.0245799  0.843295  
0.847066  0.0797738  2  2  2  2  0.332731  0.423172  
0.10978  0.668727  2  2  2  2  0.170122  0.587542  
0.213856  0.537555  2  2  2  2  0.548758  0.259219  
0.856575  0.0745081  2  2  2  2  0.279656  0.471175  
0.548758  0.259219  2  2  2  2  0.256566  0.493478  
0.735892  0.14216  2  2  2  2  0.529175  0.272568  
0.0328146  0.818967  2  2  2  2  0.812494  0.0986219  
0.36044  0.399634  2  2  2  2  0.288269  0.46312  
0.0405025  0.798753  2  2  2  2  0.68998  0.169353  
0.68998  0.169353  2  2  2  2  0.301365  0.451033  
0.0596427  0.755783  2  2  2  2  0.31935  0.434924  
0.0107628  0.896257  2  2  2  2  0.241435  0.508688  
0.660751  0.187134  2  2  2  2  0.660751  0.187134  
0.118214  0.656179  2  2  2  2  0.249341  0.500661  
0.018354  0.864766  2  2  2  2  0.678959  0.176012  
0.0743265  0.727376  2  2  2  2  0.0549635  0.765558  
0.721614  0.150522  2  2  2  2  0.735892  0.14216  
0.889715  0.0567565  2  2  2  2  0.0978251  0.687358  
0.151957  0.610184  2  2  2  2  0.99276  0.00362969  
0.529175  0.272568  2  2  2  2  0.748416  0.134934  
0.281119  0.469873  2  2  2  2  0.325898  0.429126  
0.638008  0.201247  2  2  2  2  0.182907  0.572325  
0.249341  0.500661  2  2  2  2  0.582095  0.237053  
0.351461  0.407163  2  2  2  2  0.143717  0.6209  
0.678959  0.176012  2  2  2  2  0.697537  0.164813  
0.582095  0.237053  2  2  2  2  0.36044  0.399634  
0.31935  0.434924  2  2  2  2  0.514761  0.282551  
0.9653  0.0175106  2  2  2  2  0.13635  0.630744  
0.940004  0.030468  2  2  2  2  0.0330713  0.818146  
0.130675  0.63851  2  2  2  2  0.560679  0.251223  
0.0869802  0.70515  2  2  2  2  0.940004  0.030468  
0.301116  0.451272  2  2  2  2  0.10978  0.668727  
0.325898  0.429126  2  2  2  2  0.0052327  0.927666  
0.00288453  0.946399  2  2  2  2  0.876459  0.0638134  
0.514761  0.282551  2  2  2  2  0.593922  0.229337  
0.697537  0.164813  2  2  2  2  0.206395  0.545694  
0.99276  0.00362969  2  2  2  2  0.568564  0.245969  
0.560679  0.251223  2  2  2  2  0.159709  0.600383  
0.705059  0.160329  2  2  2  2  0.606869  0.220982  
0.0815614  0.714447  2  2  2  2  0.0596427  0.755783  
1  7.30936e-08  2  2  2  2  0.0295553  0.828084  
0.0978251  0.687358  2  2  2  2  0.0143995  0.880017  
0.669872  0.181543  2  2  2  2  0.368592  0.392892  
0.182907  0.572325  2  2  2  2  0.0366886  0.808458  
0.222685  0.528106  2  2  2  2  0.652742  0.192076  
0.976824  0.0116616  2  2  2  2  0.294129  0.457667  
0.606869  0.220982  2  2  2  2  0.130675  0.63851  
0.0682618  0.738733  2  2  2  2  0.847486  0.0794104  
0.0495362  0.77744  2  2  2  2  0.926997  0.0371937  
0.206395  0.545694  2  2  2  2  0.177597  0.578578  
0.13635  0.630744  2  2  2  2  4.12343e-08  0.999999  
0.241435  0.508688  2  2  2  2  0.261678  0.488457  
0.0933023  0.69491  2  2  2  2  0.308392  0.444677  
0.270485  0.479922  2  2  2  2  0.0178552  0.866387  
0.125719  0.645432  2  2  2  2  0.669872  0.181543  
0.00765989  0.912481  2  2  2  2  0.151957  0.610184  
0.143717  0.6209  2  2  2  2  0.409484  0.360131  
0.0366886  0.808458  2  2  2  2  0.0743265  0.727376  
0.748416  0.134934  2  2  2  2  0.338792  0.417943  
0.333016  0.422928  2  2  2  2  0.0817596  0.714064  
0.261678  0.488457  2  2  2  2  1  7.32294e-08  
0.0236137  0.846333  2  2  2  2  0.909644  0.0462493  
0.0143995  0.880017  2  2  2  2  0.0107628  0.896257  
0.000915468  0.969845  2  2  2  2  0.125719  0.645432  
0.256566  0.493478  2  2  2  2  0.0447243  0.78852  
0.308392  0.444677  2  2  2  2  0.213856  0.537555  
0.798447  0.106442  2  2  2  2  0.627287  0.207994  
0.812494  0.0986219  2  2  2  2  0.783573  0.114803  
0.177597  0.578578  2  2  2  2  0.638008  0.201247  
0.829247  0.0893749  2  2  2  2  0.705059  0.160329  
0.539872  0.265241  2  2  2  2  0.00288453  0.946399  
0.420378  0.351971  2  2  2  2  0.976824  0.0116616  
0.0447243  0.78852  2  2  2  2  0.0637335  0.747546  
0.196998  0.556157  2  2  2  2  0.721614  0.150522  
0.568564  0.245969  2  2  2  2  0.229399  0.521086  
0.189647  0.564516  2  2  2  2  0.890202  0.0565006  
0.170122  0.587542  2  2  2  2  0.957863  0.0213  
0.902394  0.0508833  2  2  2  2  0.420378  0.351971  
0.783573  0.114803  2  2  2  2  0.000915468  0.969845  
0.160464  0.599421  2  2  2  2  0.0896149  0.700643  
4.12857e-08  0.999999  2  2  2  2  0.829247  0.0893749  
0.34188  0.415322  2  2  2  2  0.222685  0.528106  
0.0052199  0.927756  2  2  2  2  0.798447  0.106442  
0.652742  0.192076  2  2  2  2  0.769849  0.122592  
0.822279  0.0932315  2  2  2  2  0.866402  0.0692093  
0.0637335  0.747546  2  2  2  2  0.189647  0.564516  
0.593922  0.229337  2  2  2  2  0.0209833  0.855214  
0.0278732  0.833155  2  2  2  2  0.968847  0.015701  
0.409484  0.360131  2  2  2  2  0.270457  0.479945  
0.769849  0.122592  2  2  2  2  0.822279  0.0932315  
0.866402  0.069209  2  2  2  2  0.196998  0.556157  
0.876459  0.0638134  2  2  2  2  0.00765987  0.912481  
0.955285  0.0226435  2  2  2  2  0.0495362  0.77744  
0.229399  0.521086  2  2  2  2  0.0405025  0.798753  
0.627283  0.207991  2  2  2  2  0.165535  0.593142  
0.0549632  0.765558  2  2  2  2  0.35146  0.407162  
0.926997  0.0371936  2  2  2  2  0.0682616  0.738732  
0.910096  0.0460745  2  2  2  2  0.118214  0.656179  
0.36984  0.391866  2  2  2  2  0.539871  0.265241  
0.291676  0.459947  2  2  2  2  0.0245648  0.843275  
0.847066  0.0797738  2  2  2  2  0.332731  0.423172  
0.10976  0.668705  2  2  2  2  0.170122  0.587542  
0.213856  0.537555  2  2  2  2  0.548758  0.259218  
0.856575  0.0745081  2  2  2  2  0.279656  0.471175  
0.548758  0.259218  2  2  2  2  0.256218  0.493893  
0.735892  0.142159  2  2  2  2  0.529169  0.272562  
0.0327663  0.819129  2  2  2  2  0.81249  0.0986192  
0.36044  0.399634  2  2  2  2  0.288045  0.463306  
0.0405017  0.798752  2  2  2  2  0.689979  0.169351  
0.689979  0.169351  2  2  2  2  0.301365  0.451033  
0.0596423  0.755783  2  2  2  2  0.319342  0.434899  
0.0108399  0.895897  2  2  2  2  0.241336  0.50875  
0.660751  0.187134  2  2  2  2  0.660751  0.187134  
0.118214  0.656179  2  2  2  2  0.24934  0.500661  
0.018354  0.864766  2  2  2  2  0.678958  0.176012  
0.0744612  0.72714  2  2  2  2  0.0549632  0.765558  
0.721603  0.150528  2  2  2  2  0.735892  0.142159  
0.889715  0.0567565  2  2  2  2  0.0977783  0.68731  
0.151957  0.610184  2  2  2  2  0.992759  0.00362816  
0.529169  0.272562  2  2  2  2  0.748381  0.134914  
0.281119  0.469873  2  2  2  2  0.325898  0.429126  
0.638008  0.201247  2  2  2  2  0.182907  0.572325  
0.24934  0.500661  2  2  2  2  0.582095  0.23705  
0.35146  0.407162  2  2  2  2  0.143717  0.6209  
0.678958  0.176012  2  2  2  2  0.697537  0.164813  
0.582095  0.23705  2  2  2  2  0.36044  0.399634  
0.319342  0.434899  2  2  2  2  0.511713  0.284817  
0.9653  0.0175106  2  2  2  2  0.13635  0.630744  
0.940167  0.0303836  2  2  2  2  0.0330712  0.818146  
0.130675  0.63851  2  2  2  2  0.560673  0.251221  
0.0869802  0.70515  2  2  2  2  0.940167  0.0303836  
0.301116  0.451272  2  2  2  2  0.10976  0.668705  
0.325898  0.429126  2  2  2  2  0.00523268  0.927666  
0.00287726  0.946379  2  2  2  2  0.876456  0.0638104  
0.511713  0.284817  2  2  2  2  0.593922  0.229337  
0.697537  0.164813  2  2  2  2  0.206395  0.545694  
0.992759  0.00362816  2  2  2  2  0.568604  0.245943  
0.560673  0.251221  2  2  2  2  0.159541  0.60058  
0.705054  0.160327  2  2  2  2  0.606869  0.220982  
0.0815614  0.714447  2  2  2  2  0.0596423  0.755783  
1  2.03538e-08  2  2  2  2  0.0295553  0.828084  
0.0996282  0.685863  2  2  2  2  0.0143981  0.880016  
0.669872  0.181543  2  2  2  2  0.36984  0.391866  
0.182907  0.572325  2  2  2  2  0.0366886  0.808458  
0.222685  0.528106  2  2  2  2  0.652695  0.192106  
0.977335  0.0114212  2  2  2  2  0.294128  0.457666  
0.606869  0.220982  2  2  2  2  0.130675  0.63851  
0.0682616  0.738732  2  2  2  2  0.847486  0.0794103  
0.0495347  0.777438  2  2  2  2  0.926997  0.0371936  
0.206395  0.545694  2  2  2  2  0.177597  0.578578  
0.13635  0.630744  2  2  2  2  2.56367e-08  0.999998  
0.241336  0.50875  2  2  2  2  0.262161  0.488106  
0.0933023  0.69491  2  2  2  2  0.308603  0.444488  
0.270485  0.479922  2  2  2  2  0.0176926  0.866992  
0.125719  0.645432  2  2  2  2  0.669872  0.181543  
0.00765983  0.912481  2  2  2  2  0.151957  0.610184  
0.143717  0.6209  2  2  2  2  0.409465  0.360108  
0.0366886  0.808458  2  2  2  2  0.0744612  0.72714  
0.748381  0.134914  2  2  2  2  0.339447  0.417394  
0.333016  0.422928  2  2  2  2  0.0817595  0.714064  
0.262161  0.488106  2  2  2  2  1  2.03538e-08  
0.0236137  0.846333  2  2  2  2  0.909643  0.0462485  
0.0143981  0.880016  2  2  2  2  0.0108399  0.895897  
0.000911863  0.969836  2  2  2  2  0.125719  0.645432  
0.256218  0.493893  2  2  2  2  0.0447243  0.788519  
0.308603  0.444488  2  2  2  2  0.213856  0.537555  
0.798447  0.106442  2  2  2  2  0.627283  0.207991  
0.81249  0.0986192  2  2  2  2  0.783573  0.114803  
0.177597  0.578578  2  2  2  2  0.638008  0.201247  
0.829243  0.0893736  2  2  2  2  0.705054  0.160327  
0.539871  0.265241  2  2  2  2  0.00287726  0.946379  
0.424227  0.348753  2  2  2  2  0.977335  0.0114212  
0.0447243  0.788519  2  2  2  2  0.0637334  0.747546  
0.196998  0.556156  2  2  2  2  0.721603  0.150528  
0.568604  0.245943  2  2  2  2  0.230081  0.520391  
0.189646  0.564516  2  2  2  2  0.890262  0.0564656  
0.169801  0.588029  2  2  2  2  0.957744  0.0213583  
0.902394  0.0508833  2  2  2  2  0.424227  0.348753  
0.783573  0.114803  2  2  2  2  0.000911863  0.969836  
0.160464  0.599421  2  2  2  2  0.0896147  0.700643  
2.56367e-08  0.999998  2  2  2  2  0.829243  0.0893736  
0.34188  0.415322  2  2  2  2  0.222685  0.528106  
0.0052199  0.927756  2  2  2  2  0.798447  0.106442  
0.652695  0.192106  2  2  2  2  0.769497  0.122813  
0.822052  0.0933402  2  2  2  2  0.866397  0.0691966  
0.0637334  0.747546  2  2  2  2  0.189646  0.564516  
0.593922  0.229337  2  2  2  2  0.0209683  0.855202  
0.0278732  0.833155  2  2  2  2  0.968846  0.0157008  
0.409465  0.360108  2  2  2  2  0.270457  0.479945  
0.769497  0.122813  2  2  2  2  0.822052  0.0933402  
0.866397  0.0691966  2  2  2  2  0.196998  0.556156  
0.876456  0.0638104  2  2  2  2  0.00765983  0.912481  
0.955285  0.0226435  2  2  2  2  0.0495347  0.777438  
0.230081  0.520391  2  2  2  2  0.0405017  0.798752  
