1.80319  8.54849e-16  1.1014e-68  3.30022  1.18858  2.25947  1.79769e+308  1.79769e+308  1.79769e+308  1.80319  8.54849e-16  1.1014e-68  
2.01152  0.00193772  3.02659e-113  3.30022  1.18858  2.25947  1.79769e+308  1.79769e+308  1.79769e+308  2.01152  0.00193772  3.02659e-113  
1.60252  8.84975e-63  1.25947  3.30022  1.18858  2.25947  1.79769e+308  1.79769e+308  1.79769e+308  1.60252  8.84975e-63  1.25947  
1.59832  6.86004e-153  3.66586e-22  3.30022  1.18858  2.25947  1.79769e+308  1.79769e+308  1.79769e+308  1.59832  6.86004e-153  3.66586e-22  
1.77806  1.31552e-21  1.22311e-33  3.30022  1.18858  2.25947  1.79769e+308  1.79769e+308  1.79769e+308  1.77806  1.31552e-21  1.22311e-33  
2.06683  2.02089e-05  1.78731e-43  3.30022  1.18858  2.25947  1.79769e+308  1.79769e+308  1.79769e+308  2.06683  2.02089e-05  1.78731e-43  
1.58865  1.55562e-68  8.26778e-129  3.30022  1.18858  2.25947  1.79769e+308  1.79769e+308  1.79769e+308  1.58865  1.55562e-68  8.26778e-129  
1.66412  2.88867e-71  8.24965e-104  3.30022  1.18858  2.25947  1.79769e+308  1.79769e+308  1.79769e+308  1.66412  2.88867e-71  8.24965e-104  
1.78091  2.6818e-94  2.49429e-72  3.30022  1.18858  2.25947  1.79769e+308  1.79769e+308  1.79769e+308  1.78091  2.6818e-94  2.49429e-72  
1.85943  7.17021e-72  1.00746e-07  3.30022  1.18858  2.25947  1.79769e+308  1.79769e+308  1.79769e+308  1.85943  7.17021e-72  1.00746e-07  
2.25549  9.96544e-43  6.54743e-29  3.30022  1.18858  2.25947  1.79769e+308  1.79769e+308  1.79769e+308  2.25549  9.96544e-43  6.54743e-29  
2.16048  4.33423e-09  3.05511e-13  3.30022  1.18858  2.25947  1.79769e+308  1.79769e+308  1.79769e+308  2.16048  4.33423e-09  3.05511e-13  
1.98236  5.79514e-63  0.102076  3.30022  1.18858  2.25947  1.79769e+308  1.79769e+308  1.79769e+308  1.98236  5.79514e-63  0.102076  
1.68148  8.81841e-77  6.41945e-37  3.30022  1.18858  2.25947  1.79769e+308  1.79769e+308  1.79769e+308  1.68148  8.81841e-77  6.41945e-37  
1.6396  6.03442e-53  1.94099e-12  3.30022  1.18858  2.25947  1.79769e+308  1.79769e+308  1.79769e+308  1.6396  6.03442e-53  1.94099e-12  
1.68841  9.96274e-15  9.60738e-33  3.30022  1.18858  2.25947  1.79769e+308  1.79769e+308  1.79769e+308  1.68841  9.96274e-15  9.60738e-33  
2.08318  2.4068e-25  1.55952e-37  3.30022  1.18858  2.25947  1.79769e+308  1.79769e+308  1.79769e+308  2.08318  2.4068e-25  1.55952e-37  
1.97257  1.16884e-54  7.52781e-31  3.30022  1.18858  2.25947  1.79769e+308  1.79769e+308  1.79769e+308  1.97257  1.16884e-54  7.52781e-31  
1.72549  4.45034e-06  4.68036e-87  3.30022  1.18858  2.25947  1.79769e+308  1.79769e+308  1.79769e+308  1.72549  4.45034e-06  4.68036e-87  
1.74979  2.57683e-09  9.64646e-86  3.30022  1.18858  2.25947  1.79769e+308  1.79769e+308  1.79769e+308  1.74979  2.57683e-09  9.64646e-86  
1.80292  5.31625e-60  4.56942e-21  3.30022  1.18858  2.25947  1.79769e+308  1.79769e+308  1.79769e+308  1.80292  5.31625e-60  4.56942e-21  
2.22429  2.80967e-68  4.31166e-06  3.30022  1.18858  2.25947  1.79769e+308  1.79769e+308  1.79769e+308  2.22429  2.80967e-68  4.31166e-06  
1.94193  7.55951e-33  5.90742e-69  3.30022  1.18858  2.25947  1.79769e+308  1.79769e+308  1.79769e+308  1.94193  7.55951e-33  5.90742e-69  
1.5294  2.62542e-18  0.10109  3.30022  1.18858  2.25947  1.79769e+308  1.79769e+308  1.79769e+308  1.5294  2.62542e-18  0.10109  
1.93987  2.61774e-11  3.88844e-94  3.30022  1.18858  2.25947  1.79769e+308  1.79769e+308  1.79769e+308  1.93987  2.61774e-11  3.88844e-94  
1.93318  2.26456e-26  1.26941e-10  3.30022  1.18858  2.25947  1.79769e+308  1.79769e+308  1.79769e+308  1.93318  2.26456e-26  1.26941e-10  
2.0834  3.48534e-14  0.000292713  3.30022  1.18858  2.25947  1.79769e+308  1.79769e+308  1.79769e+308  2.0834  3.48534e-14  0.000292713  
2.13073  2.7285e-09  3.63418e-15  3.30022  1.18858  2.25947  1.79769e+308  1.79769e+308  1.79769e+308  2.13073  2.7285e-09  3.63418e-15  
1.9502  0.029922  1.65507e-151  3.30022  1.18858  2.25947  1.79769e+308  1.79769e+308  1.79769e+308  1.9502  0.029922  1.65507e-151  
1.65765  1.76449e-98  2.26012e-12  3.30022  1.18858  2.25947  1.79769e+308  1.79769e+308  1.79769e+308  1.65765  1.76449e-98  2.26012e-12  
1.37217  8.11512e-20  6.49172e-20  3.30022  1.18858  2.25947  1.79769e+308  1.79769e+308  1.79769e+308  1.37217  8.11512e-20  6.49172e-20  
1.92682  6.49189e-14  8.05021e-26  3.30022  1.18858  2.25947  1.79769e+308  1.79769e+308  1.79769e+308  1.92682  6.49189e-14  8.05021e-26  
2.00847  1.03038e-74  1.76277e-72  3.30022  1.18858  2.25947  1.79769e+308  1.79769e+308  1.79769e+308  2.00847  1.03038e-74  1.76277e-72  
2.04939  5.27703e-67  2.50581e-33  3.30022  1.18858  2.25947  1.79769e+308  1.79769e+308  1.79769e+308  2.04939  5.27703e-67  2.50581e-33  
2.00729  0.000807113  1.31659e-85  3.30022  1.18858  2.25947  1.79769e+308  1.79769e+308  1.79769e+308  2.00729  0.000807113  1.31659e-85  
2.16627  1.88966e-11  7.48677e-20  3.30022  1.18858  2.25947  1.79769e+308  1.79769e+308  1.79769e+308  2.16627  1.88966e-11  7.48677e-20  
1.64687  2.97803e-74  9.96077e-34  3.30022  1.18858  2.25947  1.79769e+308  1.79769e+308  1.79769e+308  1.64687  2.97803e-74  9.96077e-34  
1.62298  5.06622e-20  7.9354e-49  3.30022  1.18858  2.25947  1.79769e+308  1.79769e+308  1.79769e+308  1.62298  5.06622e-20  7.9354e-49  
2.26433  1.0563e-97  1.02437e-25  3.30022  1.18858  2.25947  1.79769e+308  1.79769e+308  1.79769e+308  2.26433  1.0563e-97  1.02437e-25  
1.8055  4.93796e-36  6.01777e-15  3.30022  1.18858  2.25947  1.79769e+308  1.79769e+308  1.79769e+308  1.8055  4.93796e-36  6.01777e-15  
1.68021  5.56244e-27  4.0046e-80  3.30022  1.18858  2.25947  1.79769e+308  1.79769e+308  1.79769e+308  1.68021  5.56244e-27  4.0046e-80  
1.88392  7.65817e-56  4.90039e-44  3.30022  1.18858  2.25947  1.79769e+308  1.79769e+308  1.79769e+308  1.88392  7.65817e-56  4.90039e-44  
1.90134  2.21661e-23  9.67314e-08  3.30022  1.18858  2.25947  1.79769e+308  1.79769e+308  1.79769e+308  1.90134  2.21661e-23  9.67314e-08  
2.21804  6.52821e-56  1.20302e-26  3.30022  1.18858  2.25947  1.79769e+308  1.79769e+308  1.79769e+308  2.21804  6.52821e-56  1.20302e-26  
1.58149  5.37132e-18  2.62144e-45  3.30022  1.18858  2.25947  1.79769e+308  1.79769e+308  1.79769e+308  1.58149  5.37132e-18  2.62144e-45  
1.35457  0.00502932  2.02964e-16  3.30022  1.18858  2.25947  1.79769e+308  1.79769e+308  1.79769e+308  1.35457  0.00502932  2.02964e-16  
1.83646  3.79406e-19  7.52781e-32  3.30022  1.18858  2.25947  1.79769e+308  1.79769e+308  1.79769e+308  1.83646  3.79406e-19  7.52781e-32  
2.30022  5.56388e-09  1.6224e-13  3.30022  1.18858  2.25947  1.79769e+308  1.79769e+308  1.79769e+308  2.30022  5.56388e-09  1.6224e-13  
1.86252  6.61417e-10  4.13327e-38  3.30022  1.18858  2.25947  1.79769e+308  1.79769e+308  1.79769e+308  1.86252  6.61417e-10  4.13327e-38  
1.78122  4.43883e-44  1.87538e-08  3.30022  1.18858  2.25947  1.79769e+308  1.79769e+308  1.79769e+308  1.78122  4.43883e-44  1.87538e-08  
2.00757  2.90124e-35  1.9942e-22  3.30022  1.18858  2.25947  1.79769e+308  1.79769e+308  1.79769e+308  2.00757  2.90124e-35  1.9942e-22  
1.78334  1.68648e-27  1.32751e-48  3.30022  1.18858  2.25947  1.79769e+308  1.79769e+308  1.79769e+308  1.78334  1.68648e-27  1.32751e-48  
1.92131  7.57226e-34  9.3773e-19  3.30022  1.18858  2.25947  1.79769e+308  1.79769e+308  1.79769e+308  1.92131  7.57226e-34  9.3773e-19  
1.87518  3.6369e-29  3.92452e-55  3.30022  1.18858  2.25947  1.79769e+308  1.79769e+308  1.79769e+308  1.87518  3.6369e-29  3.92452e-55  
2.0672  4.25178e-79  9.51318e-35  3.30022  1.18858  2.25947  1.79769e+308  1.79769e+308  1.79769e+308  2.0672  4.25178e-79  9.51318e-35  
2.00145  1.29104e-68  4.35849e-67  3.30022  1.18858  2.25947  1.79769e+308  1.79769e+308  1.79769e+308  2.00145  1.29104e-68  4.35849e-67  
1.42727  9.05189e-16  3.11869e-06  3.30022  1.18858  2.25947  1.79769e+308  1.79769e+308  1.79769e+308  1.42727  9.05189e-16  3.11869e-06  
1.66752  1.49459e-66  1.04266e-75  3.30022  1.18858  2.25947  1.79769e+308  1.79769e+308  1.79769e+308  1.66752  1.49459e-66  1.04266e-75  
1.99037  3.34122e-43  0.120326  3.30022  1.18858  2.25947  1.79769e+308  1.79769e+308  1.79769e+308  1.99037  3.34122e-43  0.120326  
2.14962  3.09926e-15  1.1011e-21  3.30022  1.18858  2.25947  1.79769e+308  1.79769e+308  1.79769e+308  2.14962  3.09926e-15  1.1011e-21  
1.7411  6.5849e-15  1.14952e-47  3.30022  1.18858  2.25947  1.79769e+308  1.79769e+308  1.79769e+308  1.7411  6.5849e-15  1.14952e-47  
1.9885  2.97116e-11  7.94298e-28  3.30022  1.18858  2.25947  1.79769e+308  1.79769e+308  1.79769e+308  1.9885  2.97116e-11  7.94298e-28  
2.02768  1.74475e-13  1.21214e-66  3.30022  1.18858  2.25947  1.79769e+308  1.79769e+308  1.79769e+308  2.02768  1.74475e-13  1.21214e-66  
1.80394  1.39493e-56  1.01287e-18  3.30022  1.18858  2.25947  1.79769e+308  1.79769e+308  1.79769e+308  1.80394  1.39493e-56  1.01287e-18  
1.57716  2.91772e-19  1.33437e-40  3.30022  1.18858  2.25947  1.79769e+308  1.79769e+308  1.79769e+308  1.57716  2.91772e-19  1.33437e-40  
1.83832  1.48905e-06  2.20288e-21  3.30022  1.18858  2.25947  1.79769e+308  1.79769e+308  1.79769e+308  1.83832  1.48905e-06  2.20288e-21  
1.79614  1.38429e-25  6.85649e-07  3.30022  1.18858  2.25947  1.79769e+308  1.79769e+308  1.79769e+308  1.79614  1.38429e-25  6.85649e-07  
1.62883  2.10379e-06  0.702599  3.30022  1.18858  2.25947  1.79769e+308  1.79769e+308  1.79769e+308  1.62883  2.10379e-06  0.702599  
1.97913  8.99035e-33  5.68973e-53  3.30022  1.18858  2.25947  1.79769e+308  1.79769e+308  1.79769e+308  1.97913  8.99035e-33  5.68973e-53  
1.86545  1.56128e-198  4.29835e-33  3.30022  1.18858  2.25947  1.79769e+308  1.79769e+308  1.79769e+308  1.86545  1.56128e-198  4.29835e-33  
1.56247  1.2769e-18  1.33995e-17  3.30022  1.18858  2.25947  1.79769e+308  1.79769e+308  1.79769e+308  1.56247  1.2769e-18  1.33995e-17  
2.10858  1.41415e-13  3.30919e-19  3.30022  1.18858  2.25947  1.79769e+308  1.79769e+308  1.79769e+308  2.10858  1.41415e-13  3.30919e-19  
1.93274  2.99563e-12  4.83008e-30  3.30022  1.18858  2.25947  1.79769e+308  1.79769e+308  1.79769e+308  1.93274  2.99563e-12  4.83008e-30  
1.62425  0.188585  1.25378e-46  3.30022  1.18858  2.25947  1.79769e+308  1.79769e+308  1.79769e+308  1.62425  0.188585  1.25378e-46  
1.57648  1.22137e-38  1.34441e-27  3.30022  1.18858  2.25947  1.79769e+308  1.79769e+308  1.79769e+308  1.57648  1.22137e-38  1.34441e-27  
1.7539  1.20183e-23  2.48124e-11  3.30022  1.18858  2.25947  1.79769e+308  1.79769e+308  1.79769e+308  1.7539  1.20183e-23  2.48124e-11  
1.70013  1.41231e-14  1.80301e-51  3.30022  1.18858  2.25947  1.79769e+308  1.79769e+308  1.79769e+308  1.70013  1.41231e-14  1.80301e-51  
1.74099  1.5353e-08  9.95422e-16  3.30022  1.18858  2.25947  1.79769e+308  1.79769e+308  1.79769e+308  1.74099  1.5353e-08  9.95422e-16  
1.6846  9.39782e-73  0.0626194  3.30022  1.18858  2.25947  1.79769e+308  1.79769e+308  1.79769e+308  1.6846  9.39782e-73  0.0626194  
2.20101  1.55173e-171  0.00442182  3.30022  1.18858  2.25947  1.79769e+308  1.79769e+308  1.79769e+308  2.20101  1.55173e-171  0.00442182  
1.82173  1.92331e-13  1.01605e-14  3.30022  1.18858  2.25947  1.79769e+308  1.79769e+308  1.79769e+308  1.82173  1.92331e-13  1.01605e-14  
1.61504  8.27612e-21  6.51527e-38  3.30022  1.18858  2.25947  1.79769e+308  1.79769e+308  1.79769e+308  1.61504  8.27612e-21  6.51527e-38  
2.16895  0.000126778  1.07798e-92  3.30022  1.18858  2.25947  1.79769e+308  1.79769e+308  1.79769e+308  2.16895  0.000126778  1.07798e-92  
1.78604  0.000285872  3.57793e-12  3.30022  1.18858  2.25947  1.79769e+308  1.79769e+308  1.79769e+308  1.78604  0.000285872  3.57793e-12  
1.70529  2.93228e-42  2.48937e-147  3.30022  1.18858  2.25947  1.79769e+308  1.79769e+308  1.79769e+308  1.70529  2.93228e-42  2.48937e-147  
2.02941  0.000257963  5.06179e-31  3.30022  1.18858  2.25947  1.79769e+308  1.79769e+308  1.79769e+308  2.02941  0.000257963  5.06179e-31  
1.92081  1.24058e-06  4.53733e-52  3.30022  1.18858  2.25947  1.79769e+308  1.79769e+308  1.79769e+308  1.92081  1.24058e-06  4.53733e-52  
1.83907  4.43228e-29  1.50827e-05  3.30022  1.18858  2.25947  1.79769e+308  1.79769e+308  1.79769e+308  1.83907  4.43228e-29  1.50827e-05  
1.70815  2.14488e-06  3.41461e-89  3.30022  1.18858  2.25947  1.79769e+308  1.79769e+308  1.79769e+308  1.70815  2.14488e-06  3.41461e-89  
1.84494  5.14103e-106  2.14364e-44  3.30022  1.18858  2.25947  1.79769e+308  1.79769e+308  1.79769e+308  1.84494  5.14103e-106  2.14364e-44  
1.6134  5.51237e-56  4.65235e-76  3.30022  1.18858  2.25947  1.79769e+308  1.79769e+308  1.79769e+308  1.6134  5.51237e-56  4.65235e-76  
2.00946  5.35729e-42  4.00791e-52  3.30022  1.18858  2.25947  1.79769e+308  1.79769e+308  1.79769e+308  2.00946  5.35729e-42  4.00791e-52  
1.80608  0.00607533  2.9886e-58  3.30022  1.18858  2.25947  1.79769e+308  1.79769e+308  1.79769e+308  1.80608  0.00607533  2.9886e-58  
2.00793  2.4514e-112  1.28097e-26  3.30022  1.18858  2.25947  1.79769e+308  1.79769e+308  1.79769e+308  2.00793  2.4514e-112  1.28097e-26  
1.92989  1.08598e-25  1.35153e-72  3.30022  1.18858  2.25947  1.79769e+308  1.79769e+308  1.79769e+308  1.92989  1.08598e-25  1.35153e-72  
1.6168  3.45276e-11  3.96623e-144  3.30022  1.18858  2.25947  1.79769e+308  1.79769e+308  1.79769e+308  1.6168  3.45276e-11  3.96623e-144  
2.06608  5.40937e-68  5.61362e-107  3.30022  1.18858  2.25947  1.79769e+308  1.79769e+308  1.79769e+308  2.06608  5.40937e-68  5.61362e-107  
2.23657  1.27145e-07  7.40458e-48  3.30022  1.18858  2.25947  1.79769e+308  1.79769e+308  1.79769e+308  2.23657  1.27145e-07  7.40458e-48  
1.76238  1.42364e-06  2.87863e-07  3.30022  1.18858  2.25947  1.79769e+308  1.79769e+308  1.79769e+308  1.76238  1.42364e-06  2.87863e-07  
1.62983  3.79872e-40  6.19453e-39  3.30022  1.18858  2.25947  1.79769e+308  1.79769e+308  1.79769e+308  1.62983  3.79872e-40  6.19453e-39  
0.540675  3.03932e-81  0.841303  3.17275  2  2.87481  2.56911  2  2  1.39103  0.00187687  4.68386e-17  
0.296662  0.600421  0.743346  3.17275  2  2.87481  2.56911  2  2  1.75446  3.1944e-242  5.82659e-143  
0.837928  0.545788  0  3.17275  2  2.87481  2.56911  2  2  1.58076  3.15906e-68  1.95858e-159  
5.82282e-17  0.950939  0.315108  3.17275  2  2.87481  2.56911  2  2  1.75774  9.27175e-13  4.89793e-86  
0.911675  0.338944  0.232317  3.17275  2  2.87481  2.56911  2  2  1.51151  0  5.6436e-59  
0.351817  0  0.936069  3.17275  2  2.87481  2.56911  2  2  1.49022  2.62605e-13  3.13555e-77  
0.97579  0.218712  2.01895e-87  3.17275  2  2.87481  2.56911  2  2  1.62611  1.59919e-63  5.6813e-200  
0.402404  0.814433  0.418292  3.17275  2  2.87481  2.56911  2  2  1.43325  1.09607e-38  1.68244e-97  
0.189671  0  0.981848  3.17275  2  2.87481  2.56911  2  2  1.82862  3.98196e-132  2.99655e-12  
0.528105  0.196339  0.829896  3.17275  2  2.87481  2.56911  2  2  0.19091  4.35908e-26  1.3809  
0.935407  0.353595  0  3.17275  2  2.87481  2.56911  2  2  1.92854  8.11591e-81  0  
0.382579  0.92431  0  3.17275  2  2.87481  2.56911  2  2  1.74682  2.70358e-208  3.10071e-106  
0.562614  0.826721  0  3.17275  2  2.87481  2.56911  2  2  0.00262825  1.12287e-143  1.87481  
0.202784  0.410418  0.900396  3.17275  2  2.87481  2.56911  2  2  1.8289  5.34567e-25  6.32621e-08  
0.246308  0.498509  0.832248  3.17275  2  2.87481  2.56911  2  2  1.69109  6.78828e-09  1.43478e-11  
0.918037  0.39752  0  3.17275  2  2.87481  2.56911  2  2  1.60276  2.57436e-34  1.49349e-187  
0.0594094  0.831874  0.770835  3.17275  2  2.87481  2.56911  2  2  0.699435  0  0.714696  
0.854065  0.520182  0  3.17275  2  2.87481  2.56911  2  2  1.89256  0.258089  2.25762e-14  
0.337225  0.682517  0.651681  3.17275  2  2.87481  2.56911  2  2  1.56897  0.00707894  4.94433e-105  
0.769388  0.638799  0  3.17275  2  2.87481  2.56911  2  2  1.87253  1.57716e-18  3.14786e-220  
0.132866  0.26891  0.953958  3.17275  2  2.87481  2.56911  2  2  0.472399  2.19788e-20  1.68211  
0.866457  0.133426  0.481785  3.17275  2  2.87481  2.56911  2  2  1.92933  4.96159e-60  1.34293e-96  
0.261429  0  0.96524  3.17275  2  2.87481  2.56911  2  2  1.77722  0  2.30573e-12  
0.87493  0.325283  0.358738  3.17275  2  2.87481  2.56911  2  2  1.96142  0.00884964  4.5625e-112  
0.750303  0  0.661099  3.17275  2  2.87481  2.56911  2  2  0.586168  3.39673e-287  1.56538  
0.584675  0  0.811271  3.17275  2  2.87481  2.56911  2  2  1.82105  2.71567e-35  5.39479e-07  
0.828964  8.75629e-279  0.55947  3.17275  2  2.87481  2.56911  2  2  1.99855  5.13828e-322  3.28874e-98  
0.726557  0  0.687538  3.17275  2  2.87481  2.56911  2  2  1.83853  6.22169e-260  1.59398e-136  
0.890818  0.331189  0.311583  3.17275  2  2.87481  2.56911  2  2  1.86609  1.49912e-07  3.8807e-104  
0.452483  0.892045  0.0113252  3.17275  2  2.87481  2.56911  2  2  1.53995  3.20228e-134  7.71838e-230  
0.959915  3.90387e-121  0.280374  3.17275  2  2.87481  2.56911  2  2  1.89771  0  7.57058e-221  
0.871814  0.489852  0  3.17275  2  2.87481  2.56911  2  2  1.51111  5.49672e-248  2.04103e-14  
0.502044  3.0684e-91  0.86489  3.17275  2  2.87481  2.56911  2  2  1.68472  3.6813e-06  5.1041e-09  
0.650985  0.242024  0.719875  3.17275  2  2.87481  2.56911  2  2  1.5881  0  0  
0.891506  0  0.45301  3.17275  2  2.87481  2.56911  2  2  1.42784  6.57542e-08  1.42365e-48  
0.335171  0.942162  2.33037e-82  3.17275  2  2.87481  2.56911  2  2  1.92991  2.73799e-26  0.0831796  
0.808443  0.300564  0.506062  3.17275  2  2.87481  2.56911  2  2  1.69163  4.77958e-222  0.000150284  
0.622017  0.231254  0.748078  3.17275  2  2.87481  2.56911  2  2  1.76259  4.08182e-09  4.44659e-323  
0.238981  0.48368  0.841988  3.17275  2  2.87481  2.56911  2  2  1.36143  1.90043e-38  4.70437e-14  
0.477114  0  0.878845  3.17275  2  2.87481  2.56911  2  2  1.70832  4.5693e-189  2.79409e-82  
0.781116  0.290405  0.552745  3.17275  2  2.87481  2.56911  2  2  1.56181  2.47951e-08  2.39445e-62  
0.581781  0.216296  0.784064  3.17275  2  2.87481  2.56911  2  2  1.5561  4.17433e-19  0  
0.510864  0.477749  0.714708  3.17275  2  2.87481  2.56911  2  2  1.6486  2.80459e-20  1.61432e-48  
0.247311  0.968939  0  3.17275  2  2.87481  2.56911  2  2  1.76359  4.71712e-189  2.04779e-80  
0.28669  0.580238  0.764269  3.17275  2  2.87481  2.56911  2  2  1.79676  1.42718e-74  1.26892e-117  
0.773615  1.25887e-125  0.633704  3.17275  2  2.87481  2.56911  2  2  1.84286  3.95207e-116  1.69948e-10  
0.0531942  0.152334  0.986898  3.17275  2  2.87481  2.56911  2  2  1.69459  1.29225e-161  3.42354e-61  
0.907058  1.47602e-125  0.42108  3.17275  2  2.87481  2.56911  2  2  1.26056  1.0713e-158  0.973393  
0.548791  0.20403  0.810682  3.17275  2  2.87481  2.56911  2  2  1  0  0  
0.624319  0.78161  0  3.17275  2  2.87481  2.56911  2  2  1.4774  9.91103e-18  2.32835e-225  
0.483405  0.87541  0  3.17275  2  2.87481  2.56911  2  2  2.02209  0.0179662  3.59669e-27  
0.8931  0.452717  6.70454e-12  3.17275  2  2.87481  2.56911  2  2  1.73617  4.44659e-322  3.13077e-31  
0.371106  0.75109  0.552428  3.17275  2  2.87481  2.56911  2  2  1.44772  8.56144e-79  0.726383  
0.80343  0.597318  0  3.17275  2  2.87481  2.56911  2  2  1.92836  6.52568e-260  1.67186e-136  
0.314961  0.902797  0.292846  3.17275  2  2.87481  2.56911  2  2  0.793333  1.18576e-20  1.52681  
0.68336  0.254061  0.684457  3.17275  2  2.87481  2.56911  2  2  1.78321  1.70578e-205  1.33858e-46  
0.623924  2.53825e-172  0.781486  3.17275  2  2.87481  2.56911  2  2  2.07205  0  8.03323e-89  
0.844316  0.313901  0.434288  3.17275  2  2.87481  2.56911  2  2  1.71166  5.3854e-64  9.28595e-11  
0.945449  0  0.325769  3.17275  2  2.87481  2.56911  2  2  1.84656  8.13135e-196  2.49413e-14  
0.714254  0.699887  1.05906e-221  3.17275  2  2.87481  2.56911  2  2  1.6548  1.6938e-54  3.95253e-323  
0.596355  0.802736  0  3.17275  2  2.87481  2.56911  2  2  6.1153e-17  3.11705e-18  1  
0.384776  0  0.92301  3.17275  2  2.87481  2.56911  2  2  1.66663  4.72251e-175  1.25107e-46  
0.269095  0.544627  0.794337  3.17275  2  2.87481  2.56911  2  2  2.00874  3.5907e-133  1.50573e-66  
0.103628  0.209735  0.972252  3.17275  2  2.87481  2.56911  2  2  1.71952  5.01358e-165  9.21206e-13  
0.419437  0.907834  0  3.17275  2  2.87481  2.56911  2  2  1.73488  1.61718e-204  1.46506e-59  
0.740336  0.275243  0.613445  3.17275  2  2.87481  2.56911  2  2  2.02965  0  3.00087e-90  
0.961136  0.276089  0  3.17275  2  2.87481  2.56911  2  2  1.67583  1.01599e-176  0.544055  
0.987028  0.16055  1.05906e-221  3.17275  2  2.87481  2.56911  2  2  1.83952  1.59943e-296  5.26345e-05  
0.98231  1.86989e-09  0.18727  3.17275  2  2.87481  2.56911  2  2  1.87128  0  2.52752e-14  
0.292277  0.956342  6.13378e-306  3.17275  2  2.87481  2.56911  2  2  1.8702  0  7.54537e-12  
0.662031  0.74953  0  3.17275  2  2.87481  2.56911  2  2  1.64329  1.61517e-203  4.01721e-87  
0.066049  0.988601  0.144202  3.17275  2  2.87481  2.56911  2  2  0.293026  2.33344e-16  1.32018  
0.175755  0.9845  0  3.17275  2  2.87481  2.56911  2  2  6.12323e-17  1  0  
0.38929  0.787893  0.477158  3.17275  2  2.87481  2.56911  2  2  1.52544  6.63964e-62  1.14535e-16  
0.687791  0.726266  5.59246e-13  3.17275  2  2.87481  2.56911  2  2  1.63045  0  1.41358e-136  
0.393243  0.1462  0.907739  3.17275  2  2.87481  2.56911  2  2  1.91574  0  4.13088e-178  
0.848951  0  0.528498  3.17275  2  2.87481  2.56911  2  2  1.54856  3.57572e-48  3.53567e-10  
0.822925  0.305948  0.479767  3.17275  2  2.87481  2.56911  2  2  1.31919  6.1506e-30  1.1235e-101  
0.415986  0.841923  0.343689  3.17275  2  2.87481  2.56911  2  2  2.17275  1.47643e-266  5.50664e-200  
0.711405  0.264487  0.651122  3.17275  2  2.87481  2.56911  2  2  1.66761  0.706943  7.97205e-304  
0.922813  0  0.385255  3.17275  2  2.87481  2.56911  2  2  1.68363  2.36306e-230  4.1242e-11  
0.331333  0.670592  0.663721  3.17275  2  2.87481  2.56911  2  2  1.76391  4.08489e-09  9.05935e-11  
0.141962  0.28732  0.947366  3.17275  2  2.87481  2.56911  2  2  1.89064  2.69388e-265  3.67839e-188  
0.638787  0.520491  0.673288  3.17275  2  2.87481  2.56911  2  2  2.06125  4.59739e-15  1.21908e-12  
0.402157  0.869729  0.286095  3.17275  2  2.87481  2.56911  2  2  1.87198  7.9126e-94  8.43796e-171  
0.820302  0.571932  0  3.17275  2  2.87481  2.56911  2  2  1.54459  0  0.00010034  
0.661221  1.90676e-99  0.750229  3.17275  2  2.87481  2.56911  2  2  1.60623  0  1.15551e-15  
0.313165  0.116429  0.944162  3.17275  2  2.87481  2.56911  2  2  1.53815  2.77388e-139  2.0106e-13  
0.764761  0.61186  0.20196  3.17275  2  2.87481  2.56911  2  2  1.71074  9.11431e-16  8.74252e-98  
0.319099  0.645831  0.693599  3.17275  2  2.87481  2.56911  2  2  1.33079  3.88977e-25  1.08432  
0.381124  0.771365  0.510122  3.17275  2  2.87481  2.56911  2  2  1.68987  9.89557e-25  1.08325e-24  
0.638794  0.76939  0  3.17275  2  2.87481  2.56911  2  2  1.3391  9.50465e-258  0.988553  
0.733626  0.680048  0  3.17275  2  2.87481  2.56911  2  2  1.47617  3.41852e-09  7.25568e-10  
6.12323e-17  1  8.39687e-260  3.17275  2  2.87481  2.56911  2  2  1.58447  2.54329e-09  1.07043e-08  
0.519924  0.854213  3.80019e-130  3.17275  2  2.87481  2.56911  2  2  1.68412  2.07079e-13  4.11703e-87  
0.793433  1.29112e-125  0.608708  3.17275  2  2.87481  2.56911  2  2  1.40755  0  6.98178e-24  
0.69905  0  0.715073  3.17275  2  2.87481  2.56911  2  2  1.64589  0.697738  0.000890588  
0.443059  0  0.896512  3.17275  2  2.87481  2.56911  2  2  2.0577  0  0  
6.1153e-17  3.11705e-18  1  3.17275  2  2.87481  2.56911  2  2  0.989607  2.70755e-152  1.0112  
1  0  0  3.17275  2  2.87481  2.56911  2  2  1.42347  2.821e-117  1.44509  
0.174922  0.822717  0.743596  2.46989  2.35319  2.61673  2  2  2.16239  0.523224  6.36053e-10  1.09504  
0.296662  0.600421  0.743346  2.46989  2.35319  2.61673  2  2  2.16239  1.27399  0  0.000287705  
0.462692  0.198143  0.864093  2.46989  2.35319  2.61673  2  2  2.16239  0.687402  0  0.726625  
5.82282e-17  0.950939  0.315108  2.46989  2.35319  2.61673  2  2  2.16239  0.792561  1.6203e-34  0.989666  
0.911675  0.338944  0.232317  2.46989  2.35319  2.61673  2  2  2.16239  1.14123  1.5967e-16  4.53272e-80  
0.34774  0  0.937591  2.46989  2.35319  2.61673  2  2  2.16239  1.46989  2.52818e-08  8.34083e-315  
0.973174  0.230135  0  2.46989  2.35319  2.61673  2  2  2.16239  0.845315  0.940487  4.4661e-78  
0.402404  0.814433  0.418292  2.46989  2.35319  2.61673  2  2  2.16239  0.52272  0.909598  0.611407  
0.189671  0  0.981848  2.46989  2.35319  2.61673  2  2  2.16239  0.571125  0.652302  0.992481  
0.53135  0.670154  0.550826  2.46989  2.35319  2.61673  2  2  2.16239  0.61104  0.899467  0.853107  
0.937387  0.348294  0  2.46989  2.35319  2.61673  2  2  2.16239  1.1774  1.64731e-16  4.6764e-80  
0.387113  0.922327  0  2.46989  2.35319  2.61673  2  2  2.16239  8.09666e-17  2.34547e-284  1.32228  
0.562614  0.826721  0  2.46989  2.35319  2.61673  2  2  2.16239  1.47102e-05  0  1.27689  
0.202784  0.410418  0.900396  2.46989  2.35319  2.61673  2  2  2.16239  8.99638e-17  2.39058e-47  1.46922  
0.246308  0.498509  0.832248  2.46989  2.35319  2.61673  2  2  2.16239  1.27701  0  6.4739e-39  
0.917574  0.397576  0  2.46989  2.35319  2.61673  2  2  2.16239  1.07401  7.26375e-16  0.579186  
0.00755843  0.779708  0.768068  2.46989  2.35319  2.61673  2  2  2.16239  0.00116464  6.76627e-177  1.28144  
0.843326  0.537657  0  2.46989  2.35319  2.61673  2  2  2.16239  1.19569  1.4856e-87  3.75058e-110  
0.337225  0.682517  0.651681  2.46989  2.35319  2.61673  2  2  2.16239  5.85105e-07  5.29073e-216  1.50881  
0.758118  0.652117  4.54985e-136  2.46989  2.35319  2.61673  2  2  2.16239  7.03858e-17  5.87022e-72  1.14949  
0.977338  1.42212e-295  0.211976  2.46989  2.35319  2.61673  2  2  2.16239  0.481205  0.827136  0.847862  
0.872428  7.04795e-163  0.488939  2.46989  2.35319  2.61673  2  2  2.16239  1.19727  1.40318e-18  8.234e-23  
0.261429  0  0.96524  2.46989  2.35319  2.61673  2  2  2.16239  5.04784e-06  1.35319  4.07759e-18  
0.87493  0.325283  0.358738  2.46989  2.35319  2.61673  2  2  2.16239  2.62549e-05  0  1.40308  
0.750303  0  0.661099  2.46989  2.35319  2.61673  2  2  2.16239  1.25018  4.57343e-65  3.80569e-41  
0.57898  9.52114e-320  0.815674  2.46989  2.35319  2.61673  2  2  2.16239  0.748348  9.04032e-47  1.01765  
0.823387  0  0.567482  2.46989  2.35319  2.61673  2  2  2.16239  0.0235795  0.799754  0.993777  
0.725539  5.79974e-183  0.688206  2.46989  2.35319  2.61673  2  2  2.16239  1.23962  3.03753e-69  4.37806e-78  
2.79415e-17  0.456319  0.951493  2.46989  2.35319  2.61673  2  2  2.16239  0.000531144  6.84362e-275  1.27599  
0.55206  0.804683  0.257014  2.46989  2.35319  2.61673  2  2  2.16239  1.27356  0  1.13934e-109  
0.958658  0  0.285516  2.46989  2.35319  2.61673  2  2  2.16239  1.27301  8.22498e-124  1.0776e-271  
0.872377  0.488919  0  2.46989  2.35319  2.61673  2  2  2.16239  0.875543  2.99064e-126  1.19061  
0.527767  0.026901  0.848997  2.46989  2.35319  2.61673  2  2  2.16239  0.918445  0.782777  1.29174e-76  
0.650985  0.242024  0.719875  2.46989  2.35319  2.61673  2  2  2.16239  1.28687  2.95299e-59  0.0703915  
0.890398  0  0.455182  2.46989  2.35319  2.61673  2  2  2.16239  0.000672978  9.67643e-203  1.61673  
0.335171  0.942162  2.33037e-82  2.46989  2.35319  2.61673  2  2  2.16239  1  0  0  
0.808443  0.300564  0.506062  2.46989  2.35319  2.61673  2  2  2.16239  1.10582  2.93542e-273  1.74654e-43  
0.622017  0.231254  0.748078  2.46989  2.35319  2.61673  2  2  2.16239  0.990093  1.86703e-13  1.01529  
0.238981  0.48368  0.841988  2.46989  2.35319  2.61673  2  2  2.16239  0.704595  2.32315e-30  1.06168  
0.479754  0  0.877403  2.46989  2.35319  2.61673  2  2  2.16239  0.830017  0.0371234  1.11543  
0.781116  0.290405  0.552745  2.46989  2.35319  2.61673  2  2  2.16239  9.22642e-08  5.13215e-33  1.18042  
0.581781  0.216296  0.784064  2.46989  2.35319  2.61673  2  2  2.16239  0.9386  0.805051  1.26516e-09  
0.510864  0.477749  0.714708  2.46989  2.35319  2.61673  2  2  2.16239  0.173307  0.357031  1.16905  
0.234811  0.953813  0.189471  2.46989  2.35319  2.61673  2  2  2.16239  1.35454  2.80759e-109  2.10791e-148  
0.144499  0.919792  0.452029  2.46989  2.35319  2.61673  2  2  2.16239  1.29509  2.97185e-59  1.38629e-76  
0.775118  0  0.631819  2.46989  2.35319  2.61673  2  2  2.16239  0.13003  4.09243e-15  1.29836  
0.0531942  0.152334  0.986898  2.46989  2.35319  2.61673  2  2  2.16239  1.21572  0  0  
0.913382  0  0.407273  2.46989  2.35319  2.61673  2  2  2.16239  0.939439  4.90007e-70  0.943047  
0.548791  0.20403  0.810682  2.46989  2.35319  2.61673  2  2  2.16239  1.35266  1.40838e-27  4.30383e-261  
0.249523  0.679532  0.704441  2.46989  2.35319  2.61673  2  2  2.16239  0.256974  0.915781  0.810412  
0.483405  0.87541  0  2.46989  2.35319  2.61673  2  2  2.16239  0.395286  0.990951  2.87289e-30  
0.896003  0.444162  6.16181e-297  2.46989  2.35319  2.61673  2  2  2.16239  0.536888  1.29847e-66  1.12363  
0.371106  0.75109  0.552428  2.46989  2.35319  2.61673  2  2  2.16239  0.661526  2.13576e-23  1.29209  
0.798503  0.601996  0  2.46989  2.35319  2.61673  2  2  2.16239  4.95643e-07  1.16195  3.50134e-18  
0.314961  0.902797  0.292846  2.46989  2.35319  2.61673  2  2  2.16239  0.842135  3.57947e-07  1.10786  
0.68336  0.254061  0.684457  2.46989  2.35319  2.61673  2  2  2.16239  1.0149  0.901339  1.25385e-39  
0.625243  0  0.780435  2.46989  2.35319  2.61673  2  2  2.16239  0.859381  0.63357  0.622238  
0.844316  0.313901  0.434288  2.46989  2.35319  2.61673  2  2  2.16239  0.770997  4.60779e-27  1.16173  
0.936021  3.54821e-242  0.352017  2.46989  2.35319  2.61673  2  2  2.16239  0.945348  3.75251e-35  0.709384  
0.714254  0.699887  1.05906e-221  2.46989  2.35319  2.61673  2  2  2.16239  1  4.27111e-44  1.38323e-48  
0.610393  0.792447  1.89243e-30  2.46989  2.35319  2.61673  2  2  2.16239  6.1153e-17  3.11705e-18  1  
0.383627  0  0.923488  2.46989  2.35319  2.61673  2  2  2.16239  1.23548  0.000610104  3.65598e-40  
0.269095  0.544627  0.794337  2.46989  2.35319  2.61673  2  2  2.16239  0.877743  1.5755e-66  0.969544  
0.103628  0.209735  0.972252  2.46989  2.35319  2.61673  2  2  2.16239  1.21557  2.9763e-127  0.00317789  
0.441404  0.897784  1.21193e-123  2.46989  2.35319  2.61673  2  2  2.16239  0.921025  0.784976  8.01705e-05  
0.740336  0.275243  0.613445  2.46989  2.35319  2.61673  2  2  2.16239  0.646295  3.86252e-27  0.973834  
0.956445  0.291914  0  2.46989  2.35319  2.61673  2  2  2.16239  0.883334  0.896235  2.09071e-56  
0.988642  0.150287  7.52604e-09  2.46989  2.35319  2.61673  2  2  2.16239  1.28552  6.16417e-124  6.97092e-158  
1.64355e-08  0.6859  0.783457  2.46989  2.35319  2.61673  2  2  2.16239  0.054507  1.48942e-11  1.19951  
0.292277  0.956342  6.13378e-306  2.46989  2.35319  2.61673  2  2  2.16239  1.45455  0  0  
0.664209  0.747623  1.89202e-30  2.46989  2.35319  2.61673  2  2  2.16239  0.0085312  2.90401e-71  1.35006  
0.066049  0.988601  0.144202  2.46989  2.35319  2.61673  2  2  2.16239  0.807614  1.06766e-17  1.20435  
0.195159  0.980772  0  2.46989  2.35319  2.61673  2  2  2.16239  6.12323e-17  1  0  
0.38929  0.787893  0.477158  2.46989  2.35319  2.61673  2  2  2.16239  0.586553  1.19818e-296  1.11486  
0.688287  0.725438  0  2.46989  2.35319  2.61673  2  2  2.16239  1.41941  5.10734e-181  8.05439e-315  
0.393243  0.1462  0.907739  2.46989  2.35319  2.61673  2  2  2.16239  1.18382  8.00638e-16  0.638401  
0.848902  0  0.52855  2.46989  2.35319  2.61673  2  2  2.16239  1.24928  7.01922e-104  0.470067  
0.824052  0.485261  0.352052  2.46989  2.35319  2.61673  2  2  2.16239  0.635789  1.12686  1.49812e-87  
0.415986  0.841923  0.343689  2.46989  2.35319  2.61673  2  2  2.16239  0.319634  0.9215  0.824248  
0.711405  0.264487  0.651122  2.46989  2.35319  2.61673  2  2  2.16239  0.331929  1.9522e-66  1.21417  
0.927012  0.2539  0.277633  2.46989  2.35319  2.61673  2  2  2.16239  1.25124  1.79477e-178  3.70261e-40  
0.303503  0.691391  0.656706  2.46989  2.35319  2.61673  2  2  2.16239  1.23164  1.88889e-43  1.43777e-121  
0.141962  0.28732  0.947366  2.46989  2.35319  2.61673  2  2  2.16239  1.08  1.29016e-16  0.629417  
0.638787  0.520491  0.673288  2.46989  2.35319  2.61673  2  2  2.16239  1.03954  0.119278  0.92636  
0.402157  0.869729  0.286095  2.46989  2.35319  2.61673  2  2  2.16239  1.22751  4.81978e-10  6.1299e-100  
0.820302  0.571932  0  2.46989  2.35319  2.61673  2  2  2.16239  1.39563  3.18739e-171  2.70362e-122  
0.663134  3.69464e-228  0.748533  2.46989  2.35319  2.61673  2  2  2.16239  0.000162733  6.60254e-94  1.20617  
0.711002  0.528779  0.563858  2.46989  2.35319  2.61673  2  2  2.16239  1.2303  1.1225e-114  5.02169e-26  
0.764761  0.61186  0.20196  2.46989  2.35319  2.61673  2  2  2.16239  0.36303  1.23108  4.59165e-56  
0.319099  0.645831  0.693599  2.46989  2.35319  2.61673  2  2  2.16239  0.635309  1.22241  2.32056e-41  
0.381124  0.771365  0.510122  2.46989  2.35319  2.61673  2  2  2.16239  0.816832  0.995929  6.75464e-86  
0.638794  0.76939  0  2.46989  2.35319  2.61673  2  2  2.16239  0.765016  0.963086  2.54325e-173  
0.736591  0.676763  0  2.46989  2.35319  2.61673  2  2  2.16239  5.74412e-06  1.81509e-58  1.44521  
6.12323e-17  1  0  2.46989  2.35319  2.61673  2  2  2.16239  0.506099  0.880675  0.793227  
0.524864  0.851186  1.0355e-209  2.46989  2.35319  2.61673  2  2  2.16239  1.06214  3.42269e-107  1.0755  
0.798158  0  0.60245  2.46989  2.35319  2.61673  2  2  2.16239  0.00126571  4.27435e-173  1.61275  
0.697271  0  0.716808  2.46989  2.35319  2.61673  2  2  2.16239  0.209189  0.712834  0.981853  
0.44575  0  0.895164  2.46989  2.35319  2.61673  2  2  2.16239  7.26724e-17  1.61238e-40  1.18683  
6.1153e-17  3.11705e-18  1  2.46989  2.35319  2.61673  2  2  2.16239  0.613308  0.902806  0.856274  
1  3.31859e-47  2.37653e-84  2.46989  2.35319  2.61673  2  2  2.16239  0.00313438  1.12782e-183  1.58496  
0.000153289  0.856031  0.517622  2  2  2  2  2  2  0.556068  0.750666  0.356962  
0.386651  0.577773  0.719313  2  2  2  2  2  2  0.295417  0.714314  0.634613  
0.498678  0.253411  0.829592  2  2  2  2  2  2  0.000479189  0.609521  0.792927  
5.59706e-17  0.91407  0.406084  2  2  2  2  2  2  1.42435e-05  0.830679  0.55691  
0.678296  0.436006  0.591508  2  2  2  2  2  2  1  0  0  
0.325751  4.04004e-42  0.945471  2  2  2  2  2  2  0.184666  2.66357e-07  0.982827  
0.978557  0.206264  1.17784e-58  2  2  2  2  2  2  1.49009e-08  0.696637  0.718158  
0.479421  0.816293  0.32277  2  2  2  2  2  2  6.12323e-17  0  1  
0.400896  0.319376  0.85919  2  2  2  2  2  2  0.975276  0.221176  7.02125e-18  
0.53274  0.624699  0.571076  2  2  2  2  2  2  0.284558  0.276487  0.918298  
0.933178  0.359413  0  2  2  2  2  2  2  0.00120185  0.895252  0.445662  
0.38781  0.921947  1.46217e-07  2  2  2  2  2  2  0.339723  0.745312  0.573838  
0.567511  0.823419  7.08053e-92  2  2  2  2  2  2  0.401439  0.880709  0.251788  
5.29948e-06  0.383992  0.923441  2  2  2  2  2  2  0.196071  0.980634  2.11532e-17  
1.51411e-05  0.971357  0.238253  2  2  2  2  2  2  0.743163  0.59907  0.299018  
0.903949  0.427849  3.11788e-10  2  2  2  2  2  2  0.718985  0.530611  0.449081  
0.73714  4.43461e-142  0.675744  2  2  2  2  2  2  0.625016  0.591993  0.509252  
0.84214  0.539258  0  2  2  2  2  2  2  0.752102  3.79354e-92  0.659069  
1.02433e-05  0.572631  0.820145  2  2  2  2  2  2  0.896619  0.442901  5.81027e-06  
0.769776  0.638459  1.15614e-13  2  2  2  2  2  2  0.335115  1.41299e-20  0.942232  
0.983486  2.70914e-29  0.181301  2  2  2  2  2  2  0.894234  3.77047e-20  0.447741  
0.8806  1.15525e-24  0.47392  2  2  2  2  2  2  0.262122  3.06007e-27  0.965145  
0.239268  1.08283e-118  0.971226  2  2  2  2  2  2  0.646557  0.762971  3.43431e-16  
0.87493  0.325283  0.358738  2  2  2  2  2  2  0.379007  0.652132  0.656772  
3.82751e-17  0.62508  0.780703  2  2  2  2  2  2  0.612222  0.33699  0.715478  
0.575982  6.72414e-27  0.817567  2  2  2  2  2  2  0.35884  0.933443  1.65492e-55  
0.811109  1.93702e-22  0.585122  2  2  2  2  2  2  0.544218  0.473464  0.692982  
3.82268e-12  0.820964  0.571043  2  2  2  2  2  2  0.924446  0.381659  2.84043e-12  
0.769395  0.422516  0.479334  2  2  2  2  2  2  0.769776  0.638459  1.15614e-13  
0.539468  0.762752  0.356983  2  2  2  2  2  2  7.61865e-08  0.964289  0.265174  
0.959683  9.41276e-12  0.281169  2  2  2  2  2  2  3.13424e-08  0.396699  0.918158  
0.877424  0.479762  5.76386e-207  2  2  2  2  2  2  0.601057  0.799243  5.76391e-207  
0.525107  1.57206e-312  0.851037  2  2  2  2  2  2  0.983486  2.70914e-29  0.181301  
0.612222  0.33699  0.715478  2  2  2  2  2  2  0.640346  0.441924  0.62911  
0.279854  0.37229  0.885419  2  2  2  2  2  2  0.242744  0.845916  0.475154  
0.331499  0.943477  5.32326e-64  2  2  2  2  2  2  0.430675  0.358833  0.828302  
0.331145  0.842946  0.42428  2  2  2  2  2  2  0.322997  0.612627  0.721486  
5.31598e-06  0.463095  0.8864  2  2  2  2  2  2  0.63613  0.711784  0.298969  
0.317323  0.462175  0.828377  2  2  2  2  2  2  0.402028  3.88039e-73  0.915722  
1.921e-05  0.520185  0.85425  2  2  2  2  2  2  0.960991  4.05194e-20  0.276809  
0.803406  0.295269  0.517391  2  2  2  2  2  2  0.820787  0.383026  0.424199  
0.293691  0.75828  0.582053  2  2  2  2  2  2  3.39924e-05  0.728796  0.685027  
0.444154  0.410153  0.79706  2  2  2  2  2  2  2.76246e-05  0.330979  0.943734  
0.636833  0.57236  0.516674  2  2  2  2  2  2  0.43031  0.902911  1.73912e-07  
5.41814e-17  0.88485  0.465949  2  2  2  2  2  2  0.855913  0.517555  6.8089e-11  
0.775118  0  0.631819  2  2  2  2  2  2  0.478801  0.758046  0.443144  
0.000177488  0.198219  0.980354  2  2  2  2  2  2  2.23441e-05  0.479058  0.877995  
0.906983  4.12188e-278  0.421285  2  2  2  2  2  2  0.488476  0.651567  0.581524  
0.841088  0.44805  0.303391  2  2  2  2  2  2  0.575407  0.548132  0.60717  
0.4675  0.493985  0.733554  2  2  2  2  2  2  0.803406  0.295269  0.517391  
0.483405  0.87541  0  2  2  2  2  2  2  0.337264  0.477157  0.811669  
0.260915  0.256969  0.930625  2  2  2  2  2  2  0.677248  3.15742e-70  0.73583  
0.444484  0.632433  0.634606  2  2  2  2  2  2  0.689613  0.29396  0.662083  
0.806735  0.591176  1.9347e-30  2  2  2  2  2  2  4.29216e-08  0.543257  0.83967  
0.314961  0.902797  0.292846  2  2  2  2  2  2  0.279854  0.37229  0.885419  
0.689613  0.29396  0.662083  2  2  2  2  2  2  0.637563  7.90722e-42  0.770417  
0.619499  3.43354e-84  0.785085  2  2  2  2  2  2  0.860084  8.35569e-99  0.510186  
0.824438  0.373005  0.426465  2  2  2  2  2  2  0.950721  0.310313  1.56618e-10  
0.936021  3.54821e-242  0.352017  2  2  2  2  2  2  0.925503  9.69601e-215  0.378783  
0.726833  0.686893  4.02736e-56  2  2  2  2  2  2  3.99193e-05  0.222926  0.974997  
0.605682  0.796026  4.69536e-05  2  2  2  2  2  2  0.479421  0.816293  0.32277  
0.534599  0.37926  0.75573  2  2  2  2  2  2  0.732532  0.341841  0.588813  
0.291386  0.545205  0.786597  2  2  2  2  2  2  0.795478  0.517125  0.317709  
4.56523e-17  0.745559  0.666459  2  2  2  2  2  2  0.555962  0.280292  0.782587  
0.43937  0.89851  0  2  2  2  2  2  2  1.45394e-05  0.863851  0.503854  
0.744907  0.314252  0.588895  2  2  2  2  2  2  2.83551e-05  0.767822  0.640802  
0.959148  0.283044  1.13806e-20  2  2  2  2  2  2  0.821469  4.14342e-92  0.570279  
4.31376e-17  0.704491  0.709872  2  2  2  2  2  2  0.713707  2.05216e-131  0.700672  
4.81374e-17  0.786144  0.618152  2  2  2  2  2  2  0.288049  0.957623  3.18463e-07  
0.270975  0.962586  0  2  2  2  2  2  2  0.843611  0.463272  0.272017  
0.627558  0.701159  0.338826  2  2  2  2  2  2  0.784366  1.31612e-07  0.620449  
0.694232  0.659526  0.289339  2  2  2  2  2  2  0.263822  0.578794  0.771838  
0.182203  0.98331  2.11533e-17  2  2  2  2  2  2  6.12323e-17  1  0  
0.38929  0.787893  0.477158  2  2  2  2  2  2  0.575857  0.679541  0.454801  
0.682993  0.730425  0  2  2  2  2  2  2  0.872119  0.284599  0.398214  
0.402028  1.21258e-58  0.915722  2  2  2  2  2  2  4.46015e-08  0.65429  0.756316  
0.848902  0  0.52855  2  2  2  2  2  2  0.485964  0.570743  0.662042  
0.795478  0.517125  0.317709  2  2  2  2  2  2  4.53944e-05  0.98461  0.177601  
0.413917  0.862065  0.293651  2  2  2  2  2  2  3.66389e-05  0.794701  0.607174  
4.07104e-17  0.664851  0.746983  2  2  2  2  2  2  0.726833  0.686893  4.02736e-56  
0.914824  0.303783  0.26655  2  2  2  2  2  2  0.815176  0.579434  1.34086e-12  
0.3502  0.699048  0.623574  2  2  2  2  2  2  0.932827  0.195635  0.303564  
3.39279e-06  0.295559  0.9557  2  2  2  2  2  2  0.672854  0.635379  0.379187  
0.511905  0.541569  0.667576  2  2  2  2  2  2  0.529156  3.51911e-07  0.848573  
0.575857  0.679541  0.454801  2  2  2  2  2  2  0.683605  0.729913  4.89019e-86  
0.664483  0.614822  0.426651  2  2  2  2  2  2  0.554532  0.83237  2.49457e-67  
0.659784  2.82104e-43  0.751466  2  2  2  2  2  2  0.769395  0.422516  0.479334  
0.71506  0.493487  0.497133  2  2  2  2  2  2  0.409047  0.281904  0.8685  
0.732173  0.572632  0.369723  2  2  2  2  2  2  0.408826  0.522368  0.748831  
0.300585  0.655579  0.692844  2  2  2  2  2  2  0.278102  0.918119  0.284666  
0.473977  0.721998  0.505281  2  2  2  2  2  2  0.46572  0.000314863  0.885372  
0.646557  0.762971  3.43431e-16  2  2  2  2  2  2  0.499993  0.866197  9.99519e-11  
0.61103  0.473468  0.634602  2  2  2  2  2  2  0.692432  0.477871  0.540762  
6.12323e-17  1  0  2  2  2  2  2  2  0.339347  0.863825  0.372754  
0.524864  0.851186  1.0355e-209  2  2  2  2  2  2  0.586766  6.85004e-27  0.809863  
5.78263e-17  0.944376  0.328891  2  2  2  2  2  2  0.897461  0.343881  0.276857  
0.697271  0  0.716808  2  2  2  2  2  2  0.459517  0.705101  0.540953  
0.464459  7.7397e-08  0.885655  2  2  2  2  2  2  0.491384  0.427499  0.758846  
6.1153e-17  3.11705e-18  1  2  2  2  2  2  2  0.376037  0.79964  0.468655  
1  0  0  2  2  2  2  2  2  2.48737e-06  0.9295  0.36972  
1.06428e-06  0.855906  0.517134  2  2  2  2  2  2  0.56365  0.756134  0.332507  
0.377135  0.578457  0.723296  2  2  2  2  2  2  0.299449  0.705133  0.642743  
0.492417  0.271564  0.826909  2  2  2  2  2  2  3.64825e-17  0.595804  0.80313  
5.63822e-17  0.920791  0.390057  2  2  2  2  2  2  5.08235e-17  0.83001  0.557748  
0.671494  0.441431  0.595179  2  2  2  2  2  2  1  0  0  
0.316932  2.66367e-20  0.948448  2  2  2  2  2  2  0.18745  1.2282e-35  0.982274  
0.976123  0.217217  1.30456e-45  2  2  2  2  2  2  4.2016e-17  0.686174  0.727438  
0.482036  0.813663  0.324951  2  2  2  2  2  2  6.12323e-17  0  1  
0.399307  0.306815  0.863955  2  2  2  2  2  2  0.974041  0.226372  0  
0.545795  0.609318  0.575285  2  2  2  2  2  2  0.262329  0.278081  0.924042  
0.929918  0.367768  0  2  2  2  2  2  2  1.57822e-14  0.896574  0.442895  
0.380103  0.924944  0  2  2  2  2  2  2  0.317499  0.762817  0.563298  
0.568569  0.822636  0  2  2  2  2  2  2  0.394623  0.881066  0.26076  
1.8583e-08  0.39682  0.917897  2  2  2  2  2  2  0.193062  0.981187  0  
5.96767e-17  0.974594  0.223977  2  2  2  2  2  2  0.749176  0.597977  0.284884  
0.903135  0.429358  4.21558e-91  2  2  2  2  2  2  0.714745  0.548673  0.433701  
0.742294  1.27665e-09  0.670074  2  2  2  2  2  2  0.630743  0.595398  0.497658  
0.838132  0.545468  0  2  2  2  2  2  2  0.754531  5.40251e-316  0.656265  
3.51425e-17  0.573921  0.81891  2  2  2  2  2  2  0.88516  0.465287  0  
0.770695  0.637204  0  2  2  2  2  2  2  0.355871  0  0.934535  
0.982388  0  0.186851  2  2  2  2  2  2  0.893292  0  0.449476  
0.87904  4.79943e-13  0.476748  2  2  2  2  2  2  0.282106  7.55219e-129  0.959383  
0.226134  2.25222e-30  0.974096  2  2  2  2  2  2  0.646885  0.762588  0  
0.87493  0.325283  0.358738  2  2  2  2  2  2  0.417674  0.67041  0.613269  
1.05222e-10  0.620421  0.784269  2  2  2  2  2  2  0.600518  0.340913  0.723296  
0.574065  5.40348e-150  0.81881  2  2  2  2  2  2  0.36275  0.931887  1.81459e-151  
0.816026  1.54801e-314  0.578015  2  2  2  2  2  2  0.542825  0.474367  0.693049  
1.19509e-05  0.821554  0.570132  2  2  2  2  2  2  0.917307  0.39818  0  
0.769038  0.449912  0.454047  2  2  2  2  2  2  0.776164  0.630531  0  
0.532038  0.757294  0.378736  2  2  2  2  2  2  3.32243e-14  0.951379  0.308024  
0.960167  1.13472e-11  0.279426  2  2  2  2  2  2  2.49899e-17  0.408116  0.91293  
0.871836  0.489798  1.95005e-136  2  2  2  2  2  2  0.60012  0.79991  1.44574e-43  
0.517212  9.32209e-252  0.855857  2  2  2  2  2  2  0.97937  0  0.202074  
0.624258  0.361685  0.69245  2  2  2  2  2  2  0.640014  0.426022  0.639443  
0.286084  0.358625  0.888563  2  2  2  2  2  2  0.269165  0.834079  0.481522  
0.326414  0.945227  3.61691e-31  2  2  2  2  2  2  0.439128  0.337412  0.832658  
0.319325  0.843412  0.432085  2  2  2  2  2  2  0.338714  0.626091  0.702341  
2.06153e-08  0.462993  0.886362  2  2  2  2  2  2  0.634925  0.708821  0.307315  
0.299878  0.45774  0.837003  2  2  2  2  2  2  0.420905  0  0.907105  
2.8964e-11  0.520804  0.853676  2  2  2  2  2  2  0.953284  0  0.302077  
0.804185  0.305498  0.50986  2  2  2  2  2  2  0.822531  0.366885  0.434556  
0.309916  0.770963  0.556388  2  2  2  2  2  2  4.44795e-17  0.726406  0.687266  
0.434949  0.410724  0.801328  2  2  2  2  2  2  2.02429e-17  0.330592  0.943774  
0.630566  0.559436  0.537981  2  2  2  2  2  2  0.433622  0.901095  6.79181e-41  
1.98953e-09  0.888052  0.459744  2  2  2  2  2  2  0.852176  0.523255  6.77876e-08  
0.781701  2.07002e-70  0.623654  2  2  2  2  2  2  0.491906  0.767991  0.410145  
3.70376e-15  0.210408  0.977614  2  2  2  2  2  2  2.9226e-17  0.477296  0.878742  
0.906958  7.67754e-46  0.421221  2  2  2  2  2  2  0.531601  0.634461  0.561124  
0.849706  0.446107  0.281048  2  2  2  2  2  2  0.587186  0.54005  0.602958  
0.491135  0.464382  0.73698  2  2  2  2  2  2  0.795472  0.294119  0.529828  
0.480392  0.877054  4.88917e-67  2  2  2  2  2  2  0.345283  0.477916  0.807698  
0.25818  0.257881  0.931052  2  2  2  2  2  2  0.670142  0  0.742233  
0.446144  0.637862  0.627764  2  2  2  2  2  2  0.682116  0.290899  0.670892  
0.804966  0.593322  1.32651e-28  2  2  2  2  2  2  3.30297e-17  0.539417  0.842039  
0.275425  0.90232  0.3316  2  2  2  2  2  2  0.280895  0.424287  0.860859  
0.707856  0.296497  0.641116  2  2  2  2  2  2  0.629039  0  0.777374  
0.619832  6.06967e-272  0.784735  2  2  2  2  2  2  0.860258  0  0.50986  
0.828343  0.369477  0.421112  2  2  2  2  2  2  0.947803  0.318857  0  
0.934947  0  0.354786  2  2  2  2  2  2  0.923917  4.60614e-19  0.382593  
0.730858  0.68253  5.45822e-179  2  2  2  2  2  2  1.17024e-08  0.236469  0.971639  
0.608288  0.793717  4.75445e-233  2  2  2  2  2  2  0.464328  0.828182  0.31387  
0.559695  0.32368  0.762872  2  2  2  2  2  2  0.727031  0.347695  0.592059  
0.334494  0.529576  0.779532  2  2  2  2  2  2  0.786775  0.511467  0.345524  
4.58078e-17  0.748098  0.663588  2  2  2  2  2  2  0.542133  0.284627  0.79062  
0.432444  0.901661  0  2  2  2  2  2  2  5.29563e-17  0.864841  0.502045  
0.743588  0.360239  0.563298  2  2  2  2  2  2  4.67347e-17  0.763236  0.64612  
0.954021  0.299739  1.213e-65  2  2  2  2  2  2  0.825459  0  0.564462  
4.33187e-17  0.707448  0.706765  2  2  2  2  2  2  0.713518  0  0.700637  
1.2342e-13  0.785882  0.618376  2  2  2  2  2  2  0.288954  0.957343  2.02386e-140  
0.264323  0.964434  1.59856e-64  2  2  2  2  2  2  0.84236  0.444889  0.304143  
0.618644  0.715376  0.324883  2  2  2  2  2  2  0.788581  7.28267e-78  0.614931  
0.695598  0.656857  0.291136  2  2  2  2  2  2  0.283088  0.56681  0.773684  
0.176362  0.984325  0  2  2  2  2  2  2  6.12323e-17  1  0  
0.388262  0.7916  0.471828  2  2  2  2  2  2  0.578248  0.681903  0.447932  
0.689732  0.724065  2.21535e-139  2  2  2  2  2  2  0.87218  0.282438  0.399413  
0.392856  8.60588e-84  0.9196  2  2  2  2  2  2  3.58354e-11  0.644359  0.764723  
0.848426  1.71271e-30  0.529314  2  2  2  2  2  2  0.479723  0.582413  0.656247  
0.794655  0.51659  0.318843  2  2  2  2  2  2  5.96767e-17  0.974594  0.223977  
0.398446  0.866036  0.302031  2  2  2  2  2  2  4.88807e-17  0.798283  0.602283  
3.71112e-13  0.665004  0.74684  2  2  2  2  2  2  0.732562  0.6807  0  
0.916224  0.277143  0.289353  2  2  2  2  2  2  0.817039  0.576582  0  
0.353884  0.70856  0.610501  2  2  2  2  2  2  0.932521  0.258385  0.252272  
1.50063e-11  0.314045  0.949408  2  2  2  2  2  2  0.678789  0.640983  0.358311  
0.499093  0.549545  0.670131  2  2  2  2  2  2  0.528057  8.14157e-287  0.849209  
0.570987  0.673794  0.469015  2  2  2  2  2  2  0.690995  0.72286  0  
0.658497  0.621597  0.424264  2  2  2  2  2  2  0.550373  0.834919  0  
0.663388  0  0.748276  2  2  2  2  2  2  0.75721  0.438716  0.483903  
0.708008  0.512685  0.485806  2  2  2  2  2  2  0.353833  0.304568  0.88433  
0.74099  0.573783  0.348865  2  2  2  2  2  2  0.424106  0.528849  0.735155  
0.307518  0.653936  0.691247  2  2  2  2  2  2  0.278954  0.913881  0.29497  
0.465984  0.718057  0.516966  2  2  2  2  2  2  0.478182  0  0.878261  
0.650323  0.759658  4.53107e-32  2  2  2  2  2  2  0.497193  0.86764  0  
0.586965  0.492432  0.642638  2  2  2  2  2  2  0.681132  0.484974  0.548507  
6.12323e-17  1  0  2  2  2  2  2  2  0.330109  0.859649  0.389912  
0.526821  0.849976  0  2  2  2  2  2  2  0.579958  0  0.814647  
3.64078e-11  0.949805  0.312842  2  2  2  2  2  2  0.892794  0.348287  0.285684  
0.700686  2.03428e-102  0.713469  2  2  2  2  2  2  0.462064  0.720912  0.516511  
0.456695  1.40427e-81  0.889623  2  2  2  2  2  2  0.484941  0.420487  0.766826  
6.12323e-17  8.97832e-105  1  2  2  2  2  2  2  0.390008  0.798119  0.459239  
1  0  0  2  2  2  2  2  2  5.66592e-17  0.925315  0.379199  
5.24788e-17  0.857044  0.515244  2  2  2  2  2  2  0.567436  0.755883  0.326584  
0.382233  0.580241  0.719179  2  2  2  2  2  2  0.297393  0.706658  0.642022  
0.490689  0.277904  0.825829  2  2  2  2  2  2  3.62875e-17  0.59262  0.805482  
5.64045e-17  0.921156  0.389195  2  2  2  2  2  2  5.10338e-17  0.833445  0.552602  
0.671494  0.441431  0.595179  2  2  2  2  2  2  1  0  0  
0.31679  0  0.948496  2  2  2  2  2  2  0.189212  5.69637e-48  0.981936  
0.975907  0.218185  0  2  2  2  2  2  2  4.19283e-17  0.684741  0.728786  
0.482036  0.813663  0.324951  2  2  2  2  2  2  6.12323e-17  0  1  
0.399307  0.306815  0.863955  2  2  2  2  2  2  0.973741  0.227657  0  
0.539364  0.610208  0.580287  2  2  2  2  2  2  0.26015  0.277357  0.924875  
0.929667  0.3684  3.67205e-245  2  2  2  2  2  2  5.48946e-17  0.896496  0.443051  
0.380103  0.924944  0  2  2  2  2  2  2  0.323255  0.760396  0.563298  
0.5694  0.82206  0  2  2  2  2  2  2  0.394588  0.880989  0.261072  
2.40395e-17  0.392595  0.919711  2  2  2  2  2  2  0.193913  0.981019  0  
5.9677e-17  0.974599  0.223956  2  2  2  2  2  2  0.749176  0.597977  0.284884  
0.903069  0.429497  1.0636e-246  2  2  2  2  2  2  0.716317  0.547144  0.43304  
0.742378  4.78605e-69  0.669981  2  2  2  2  2  2  0.633709  0.592241  0.497658  
0.838132  0.545468  0  2  2  2  2  2  2  0.75448  0  0.656324  
3.51425e-17  0.573921  0.81891  2  2  2  2  2  2  0.884893  0.465794  0  
0.771248  0.636535  3.82348e-07  2  2  2  2  2  2  0.356507  0  0.934293  
0.982388  0  0.186851  2  2  2  2  2  2  0.893516  0  0.449032  
0.87904  4.79943e-13  0.476748  2  2  2  2  2  2  0.283366  0  0.959012  
0.226964  6.08651e-30  0.973903  2  2  2  2  2  2  0.647184  0.762333  0  
0.875033  0.323535  0.360059  2  2  2  2  2  2  0.422572  0.671198  0.609036  
3.80257e-17  0.621007  0.783805  2  2  2  2  2  2  0.59824  0.338816  0.726163  
0.573743  8.8404e-83  0.819035  2  2  2  2  2  2  0.363145  0.931733  0  
0.815897  2.08345e-07  0.578198  2  2  2  2  2  2  0.543  0.47452  0.692807  
5.03556e-17  0.82237  0.568953  2  2  2  2  2  2  0.916521  0.399987  0  
0.771387  0.44693  0.453009  2  2  2  2  2  2  0.776635  0.629951  0  
0.532038  0.757294  0.378736  2  2  2  2  2  2  5.8264e-17  0.951523  0.307577  
0.960167  1.13472e-11  0.279426  2  2  2  2  2  2  2.49721e-17  0.407825  0.91306  
0.871836  0.489798  1.95005e-136  2  2  2  2  2  2  0.600221  0.799834  7.02978e-231  
0.517508  0  0.855678  2  2  2  2  2  2  0.979415  0  0.201855  
0.625434  0.358491  0.693049  2  2  2  2  2  2  0.639297  0.425545  0.640477  
0.292576  0.364835  0.883909  2  2  2  2  2  2  0.285499  0.822672  0.491631  
0.3268  0.945094  2.37305e-07  2  2  2  2  2  2  0.438418  0.337182  0.833125  
0.319325  0.843412  0.432085  2  2  2  2  2  2  0.33757  0.628899  0.700381  
2.81489e-17  0.459707  0.8881  2  2  2  2  2  2  0.63831  0.707837  0.302534  
0.296699  0.46291  0.835275  2  2  2  2  2  2  0.421277  0  0.906932  
3.18325e-17  0.519865  0.854248  2  2  2  2  2  2  0.953414  0  0.301664  
0.804185  0.305498  0.50986  2  2  2  2  2  2  0.820963  0.366416  0.437903  
0.309916  0.770963  0.556388  2  2  2  2  2  2  4.43909e-17  0.724958  0.688793  
0.434949  0.410724  0.801328  2  2  2  2  2  2  2.01293e-17  0.328736  0.944422  
0.630566  0.559436  0.537981  2  2  2  2  2  2  0.433622  0.901095  0  
5.44343e-17  0.888979  0.457948  2  2  2  2  2  2  0.852172  0.523262  3.89819e-106  
0.781458  0  0.623958  2  2  2  2  2  2  0.50314  0.766375  0.399399  
1.27364e-17  0.208002  0.978128  2  2  2  2  2  2  2.91621e-17  0.476253  0.879308  
0.906801  2.53201e-147  0.421559  2  2  2  2  2  2  0.533008  0.63471  0.559504  
0.849706  0.446107  0.281048  2  2  2  2  2  2  0.588043  0.539743  0.602398  
0.490574  0.463251  0.738062  2  2  2  2  2  2  0.794509  0.293763  0.531468  
0.480973  0.876735  0  2  2  2  2  2  2  0.350138  0.475308  0.807146  
0.261625  0.262343  0.928832  2  2  2  2  2  2  0.670142  0  0.742233  
0.446144  0.637862  0.627764  2  2  2  2  2  2  0.681101  0.28939  0.672574  
0.805644  0.5924  2.20959e-149  2  2  2  2  2  2  3.29855e-17  0.538694  0.842501  
0.276387  0.903855  0.326584  2  2  2  2  2  2  0.28102  0.426248  0.859849  
0.707856  0.296497  0.641116  2  2  2  2  2  2  0.629039  0  0.777374  
0.619597  3.31895e-07  0.78492  2  2  2  2  2  2  0.860132  0  0.510071  
0.828717  0.369877  0.420022  2  2  2  2  2  2  0.946991  0.321261  0  
0.934947  0  0.354786  2  2  2  2  2  2  0.924142  0  0.38205  
0.732764  0.680483  1.38243e-128  2  2  2  2  2  2  1.43322e-17  0.234062  0.972222  
0.609778  0.792572  0  2  2  2  2  2  2  0.465877  0.827651  0.312973  
0.559695  0.32368  0.762872  2  2  2  2  2  2  0.728699  0.345951  0.591029  
0.337861  0.533762  0.775208  2  2  2  2  2  2  0.788944  0.507265  0.346772  
4.58112e-17  0.748154  0.663525  2  2  2  2  2  2  0.539566  0.285046  0.792223  
0.43231  0.901725  1.54168e-34  2  2  2  2  2  2  5.30176e-17  0.865843  0.500316  
0.74547  0.356514  0.563181  2  2  2  2  2  2  4.67171e-17  0.762947  0.646461  
0.954021  0.299739  1.213e-65  2  2  2  2  2  2  0.825695  0  0.564117  
4.33471e-17  0.707912  0.706301  2  2  2  2  2  2  0.713518  0  0.700637  
4.81523e-17  0.786386  0.617735  2  2  2  2  2  2  0.289417  0.957203  0  
0.26438  0.964418  3.23501e-122  2  2  2  2  2  2  0.842155  0.444739  0.30493  
0.618644  0.715376  0.324883  2  2  2  2  2  2  0.78866  0  0.614829  
0.695967  0.654693  0.29497  2  2  2  2  2  2  0.283496  0.566607  0.773684  
0.176855  0.984237  0  2  2  2  2  2  2  6.12323e-17  1  0  
0.396258  0.791977  0.464492  2  2  2  2  2  2  0.581195  0.67939  0.447931  
0.691565  0.722314  9.5962e-171  2  2  2  2  2  2  0.871017  0.283126  0.401459  
0.392856  8.60588e-84  0.9196  2  2  2  2  2  2  3.941e-17  0.643614  0.76535  
0.848426  1.71271e-30  0.529314  2  2  2  2  2  2  0.479581  0.58253  0.656247  
0.796085  0.514063  0.319356  2  2  2  2  2  2  5.9677e-17  0.974599  0.223956  
0.398446  0.866036  0.302031  2  2  2  2  2  2  4.89089e-17  0.798744  0.601671  
3.35223e-09  0.665731  0.746192  2  2  2  2  2  2  0.733322  0.679881  7.02978e-231  
0.917103  0.27804  0.285684  2  2  2  2  2  2  0.817138  0.576443  0  
0.361597  0.707759  0.606898  2  2  2  2  2  2  0.932996  0.258586  0.250303  
1.90088e-17  0.310437  0.950594  2  2  2  2  2  2  0.678789  0.640983  0.358311  
0.501116  0.545991  0.671399  2  2  2  2  2  2  0.528057  0  0.849209  
0.57213  0.668794  0.474744  2  2  2  2  2  2  0.691565  0.722314  0  
0.658269  0.621607  0.424602  2  2  2  2  2  2  0.550784  0.834648  1.76427e-150  
0.662452  0  0.749104  2  2  2  2  2  2  0.757087  0.438645  0.484159  
0.709656  0.505847  0.490415  2  2  2  2  2  2  0.353324  0.304255  0.884642  
0.738272  0.573612  0.354862  2  2  2  2  2  2  0.424106  0.528849  0.735155  
0.309846  0.657011  0.687268  2  2  2  2  2  2  0.278954  0.913881  0.29497  
0.467368  0.718476  0.515131  2  2  2  2  2  2  0.478864  0  0.877889  
0.651381  0.758751  0  2  2  2  2  2  2  0.49758  0.867418  0  
0.589651  0.492038  0.640477  2  2  2  2  2  2  0.681132  0.484974  0.548507  
6.12323e-17  1  0  2  2  2  2  2  2  0.323209  0.861584  0.391419  
0.527376  0.849632  2.19048e-127  2  2  2  2  2  2  0.580314  1.20824e-07  0.814393  
5.81981e-17  0.950447  0.310888  2  2  2  2  2  2  0.892447  0.348713  0.286246  
0.700686  2.03428e-102  0.713469  2  2  2  2  2  2  0.462512  0.721611  0.515131  
0.456442  0  0.889753  2  2  2  2  2  2  0.486375  0.418828  0.766826  
6.12323e-17  8.97832e-105  1  2  2  2  2  2  2  0.404432  0.795943  0.450455  
1  0  0  2  2  2  2  2  2  5.66611e-17  0.925346  0.379125  
5.24824e-17  0.857103  0.515145  2  2  2  2  2  2  0.570379  0.755139  0.323163  
0.382998  0.583377  0.716229  2  2  2  2  2  2  0.297393  0.706658  0.642022  
0.490689  0.277904  0.825829  2  2  2  2  2  2  3.62384e-17  0.591819  0.806071  
5.64045e-17  0.921156  0.389195  2  2  2  2  2  2  5.10283e-17  0.833356  0.552737  
0.671494  0.441431  0.595179  2  2  2  2  2  2  1  0  0  
0.31679  0  0.948496  2  2  2  2  2  2  0.189884  0  0.981807  
0.975907  0.218185  0  2  2  2  2  2  2  4.18562e-17  0.683563  0.729891  
0.481247  0.813477  0.326584  2  2  2  2  2  2  6.12323e-17  0  1  
0.399307  0.306815  0.863955  2  2  2  2  2  2  0.973741  0.227657  0  
0.539364  0.610208  0.580287  2  2  2  2  2  2  0.259967  0.277529  0.924875  
0.929667  0.3684  3.67205e-245  2  2  2  2  2  2  5.48887e-17  0.8964  0.443246  
0.380996  0.924577  4.7161e-185  2  2  2  2  2  2  0.323491  0.760951  0.562412  
0.5694  0.82206  0  2  2  2  2  2  2  0.394448  0.880677  0.262334  
2.39069e-17  0.390429  0.920633  2  2  2  2  2  2  0.193456  0.981109  0  
5.96853e-17  0.974736  0.223362  2  2  2  2  2  2  0.750801  0.595936  0.284884  
0.902982  0.429678  1.04535e-123  2  2  2  2  2  2  0.716571  0.547338  0.432374  
0.742378  4.78605e-69  0.669981  2  2  2  2  2  2  0.634238  0.592109  0.497141  
0.838436  0.545  0  2  2  2  2  2  2  0.75429  0  0.656541  
3.50551e-17  0.572494  0.819909  2  2  2  2  2  2  0.884893  0.465794  0  
0.771551  0.636168  0  2  2  2  2  2  2  0.356507  0  0.934293  
0.982388  0  0.186851  2  2  2  2  2  2  0.893516  0  0.449032  
0.878967  0  0.476883  2  2  2  2  2  2  0.28411  0  0.958792  
0.226964  6.08651e-30  0.973903  2  2  2  2  2  2  0.64761  0.761972  0  
0.875033  0.323535  0.360059  2  2  2  2  2  2  0.421063  0.673089  0.607995  
3.79767e-17  0.620207  0.784439  2  2  2  2  2  2  0.598479  0.338393  0.726163  
0.573326  0  0.819327  2  2  2  2  2  2  0.363501  0.931594  0  
0.815936  9.75167e-19  0.578142  2  2  2  2  2  2  0.542817  0.477181  0.691121  
5.04073e-17  0.823214  0.567732  2  2  2  2  2  2  0.916521  0.399987  0  
0.770622  0.450813  0.450455  2  2  2  2  2  2  0.777056  0.629431  5.16554e-234  
0.532038  0.757294  0.378736  2  2  2  2  2  2  5.8264e-17  0.951523  0.307577  
0.960163  1.92463e-10  0.279441  2  2  2  2  2  2  2.49402e-17  0.407304  0.913293  
0.871842  0.489786  0  2  2  2  2  2  2  0.600542  0.799593  0  
0.517265  7.63969e-97  0.855825  2  2  2  2  2  2  0.979415  0  0.201855  
0.625434  0.358491  0.693049  2  2  2  2  2  2  0.639432  0.425634  0.640283  
0.289159  0.365781  0.884642  2  2  2  2  2  2  0.285442  0.822508  0.491938  
0.326804  0.945092  0  2  2  2  2  2  2  0.437967  0.337769  0.833125  
0.319325  0.843412  0.432085  2  2  2  2  2  2  0.337257  0.628316  0.701054  
2.79658e-17  0.456716  0.889612  2  2  2  2  2  2  0.638809  0.70839  0.300179  
0.299661  0.464872  0.833125  2  2  2  2  2  2  0.42172  0  0.906726  
3.16839e-17  0.517437  0.855721  2  2  2  2  2  2  0.953308  0  0.301999  
0.804185  0.305498  0.50986  2  2  2  2  2  2  0.820759  0.366325  0.438361  
0.309916  0.770963  0.556388  2  2  2  2  2  2  4.43909e-17  0.724958  0.688793  
0.434949  0.410724  0.801328  2  2  2  2  2  2  2.00886e-17  0.328072  0.944653  
0.630566  0.559436  0.537981  2  2  2  2  2  2  0.433664  0.901075  0  
5.44392e-17  0.88906  0.457791  2  2  2  2  2  2  0.852172  0.523262  0  
0.781458  0  0.623958  2  2  2  2  2  2  0.503386  0.76675  0.398367  
1.27174e-17  0.207691  0.978195  2  2  2  2  2  2  2.91193e-17  0.475555  0.879686  
0.906801  2.53201e-147  0.421559  2  2  2  2  2  2  0.534347  0.635485  0.557344  
0.849706  0.446107  0.281048  2  2  2  2  2  2  0.58828  0.53996  0.601971  
0.490574  0.463251  0.738062  2  2  2  2  2  2  0.794509  0.293763  0.531468  
0.481329  0.87654  2.36816e-139  2  2  2  2  2  2  0.350682  0.474907  0.807146  
0.261625  0.262343  0.928832  2  2  2  2  2  2  0.670142  0  0.742233  
0.446144  0.637862  0.627764  2  2  2  2  2  2  0.680342  0.289904  0.67312  
0.805964  0.591965  0  2  2  2  2  2  2  3.28658e-17  0.536739  0.843748  
0.276387  0.903855  0.326584  2  2  2  2  2  2  0.28292  0.42499  0.859849  
0.707856  0.296497  0.641116  2  2  2  2  2  2  0.629039  0  0.777374  
0.619304  9.74871e-174  0.785151  2  2  2  2  2  2  0.860132  0  0.510071  
0.828717  0.369877  0.420022  2  2  2  2  2  2  0.946991  0.321261  0  
0.934867  0  0.354999  2  2  2  2  2  2  0.924142  0  0.38205  
0.732764  0.680483  1.38243e-128  2  2  2  2  2  2  1.43322e-17  0.234062  0.972222  
0.609778  0.792572  0  2  2  2  2  2  2  0.467228  0.826889  0.312973  
0.559695  0.32368  0.762872  2  2  2  2  2  2  0.727083  0.345185  0.593462  
0.336032  0.537207  0.773622  2  2  2  2  2  2  0.788501  0.50698  0.348193  
4.58112e-17  0.748154  0.663525  2  2  2  2  2  2  0.540318  0.285432  0.791571  
0.43266  0.901557  0  2  2  2  2  2  2  5.30182e-17  0.865853  0.500298  
0.74697  0.354626  0.562384  2  2  2  2  2  2  4.67171e-17  0.762947  0.646461  
0.954021  0.299739  1.213e-65  2  2  2  2  2  2  0.825542  0  0.564341  
4.33545e-17  0.708032  0.70618  2  2  2  2  2  2  0.713481  9.81148e-167  0.700674  
4.8182e-17  0.786872  0.617117  2  2  2  2  2  2  0.289421  0.957202  0  
0.26438  0.964418  3.23501e-122  2  2  2  2  2  2  0.841958  0.444657  0.305593  
0.619697  0.713666  0.326584  2  2  2  2  2  2  0.788647  0  0.614846  
0.695967  0.654693  0.29497  2  2  2  2  2  2  0.286098  0.565382  0.773622  
0.176616  0.98428  3.27029e-23  2  2  2  2  2  2  6.12323e-17  1  0  
0.396258  0.791977  0.464492  2  2  2  2  2  2  0.583702  0.679509  0.444476  
0.69165  0.722233  0  2  2  2  2  2  2  0.871241  0.283199  0.40092  
0.392856  8.60588e-84  0.9196  2  2  2  2  2  2  3.9309e-17  0.641964  0.766734  
0.848426  1.71271e-30  0.529314  2  2  2  2  2  2  0.479504  0.584883  0.654208  
0.796085  0.514063  0.319356  2  2  2  2  2  2  5.9677e-17  0.974599  0.223956  
0.398446  0.866036  0.302031  2  2  2  2  2  2  4.89089e-17  0.798744  0.601671  
3.35223e-09  0.665731  0.746192  2  2  2  2  2  2  0.733874  0.679286  0  
0.917103  0.27804  0.285684  2  2  2  2  2  2  0.817447  0.576004  0  
0.360009  0.708229  0.607293  2  2  2  2  2  2  0.932964  0.258702  0.250303  
1.8969e-17  0.309788  0.950806  2  2  2  2  2  2  0.680339  0.640562  0.356116  
0.507287  0.538799  0.672574  2  2  2  2  2  2  0.528057  0  0.849209  
0.573616  0.670531  0.470486  2  2  2  2  2  2  0.691901  0.721992  0  
0.6598  0.614587  0.432374  2  2  2  2  2  2  0.550784  0.834648  0  
0.662403  0  0.749148  2  2  2  2  2  2  0.757216  0.436974  0.485467  
0.707934  0.504058  0.494728  2  2  2  2  2  2  0.353359  0.304214  0.884642  
0.737746  0.573509  0.356116  2  2  2  2  2  2  0.425255  0.530282  0.733457  
0.309846  0.657011  0.687268  2  2  2  2  2  2  0.278091  0.914144  0.29497  
0.467368  0.718476  0.515131  2  2  2  2  2  2  0.478864  0  0.877889  
0.651605  0.758558  3.15583e-138  2  2  2  2  2  2  0.49758  0.867418  0  
0.590198  0.491633  0.640283  2  2  2  2  2  2  0.681132  0.484974  0.548507  
6.12323e-17  1  0  2  2  2  2  2  2  0.32147  0.861027  0.394069  
0.527172  0.849759  0  2  2  2  2  2  2  0.580314  0  0.814393  
5.81931e-17  0.950365  0.311138  2  2  2  2  2  2  0.892483  0.348621  0.286246  
0.700366  3.67233e-221  0.713784  2  2  2  2  2  2  0.465078  0.721645  0.512767  
0.456508  4.09316e-19  0.889719  2  2  2  2  2  2  0.48596  0.420889  0.765961  
6.12323e-17  8.97832e-105  1  2  2  2  2  2  2  0.404432  0.795943  0.450455  
1  0  0  2  2  2  2  2  2  5.66581e-17  0.925298  0.379241  
5.25168e-17  0.857664  0.51421  2  2  2  2  2  2  0.57198  0.754693  0.321369  
0.382998  0.583377  0.716229  2  2  2  2  2  2  0.297393  0.706658  0.642022  
0.490969  0.277605  0.825763  2  2  2  2  2  2  3.61906e-17  0.591038  0.806644  
5.64117e-17  0.921273  0.388917  2  2  2  2  2  2  5.10283e-17  0.833356  0.552737  
0.671494  0.441431  0.595179  2  2  2  2  2  2  1  0  0  
0.31679  0  0.948496  2  2  2  2  2  2  0.189884  0  0.981807  
0.975907  0.218185  0  2  2  2  2  2  2  4.18562e-17  0.683563  0.729891  
0.481247  0.813477  0.326584  2  2  2  2  2  2  6.12323e-17  0  1  
0.399307  0.306815  0.863955  2  2  2  2  2  2  0.973741  0.227657  0  
0.539364  0.610208  0.580287  2  2  2  2  2  2  0.259714  0.277766  0.924875  
0.929683  0.36836  0  2  2  2  2  2  2  5.48776e-17  0.896219  0.443612  
0.380403  0.924821  2.09427e-62  2  2  2  2  2  2  0.330203  0.758917  0.561258  
0.570046  0.821613  0  2  2  2  2  2  2  0.394448  0.880677  0.262334  
2.38209e-17  0.389025  0.921227  2  2  2  2  2  2  0.193456  0.981109  0  
5.96815e-17  0.974673  0.223636  2  2  2  2  2  2  0.750801  0.595936  0.284884  
0.903029  0.429579  0  2  2  2  2  2  2  0.717211  0.546499  0.432374  
0.742221  0  0.670156  2  2  2  2  2  2  0.634238  0.592109  0.497141  
0.838695  0.544601  0  2  2  2  2  2  2  0.754124  0  0.656732  
3.50551e-17  0.572494  0.819909  2  2  2  2  2  2  0.88496  0.465667  0  
0.771943  0.635692  0  2  2  2  2  2  2  0.357244  0  0.934011  
0.982388  0  0.186851  2  2  2  2  2  2  0.893516  0  0.449032  
0.878967  0  0.476883  2  2  2  2  2  2  0.284514  0  0.958672  
0.227055  0  0.973882  2  2  2  2  2  2  0.64761  0.761972  0  
0.875766  0.322786  0.358948  2  2  2  2  2  2  0.421239  0.673371  0.60756  
3.79767e-17  0.620207  0.784439  2  2  2  2  2  2  0.598344  0.338631  0.726163  
0.572926  0  0.819607  2  2  2  2  2  2  0.363784  0.931483  0  
0.815936  9.75167e-19  0.578142  2  2  2  2  2  2  0.542859  0.477219  0.691062  
5.04345e-17  0.823658  0.567088  2  2  2  2  2  2  0.916521  0.399987  0  
0.770622  0.450813  0.450455  2  2  2  2  2  2  0.77735  0.629068  0  
0.532038  0.757294  0.378736  2  2  2  2  2  2  5.8264e-17  0.951523  0.307577  
0.960124  0  0.279573  2  2  2  2  2  2  2.49402e-17  0.407304  0.913293  
0.872021  0.489468  0  2  2  2  2  2  2  0.600647  0.799514  1.43583e-07  
0.51706  0  0.855949  2  2  2  2  2  2  0.979391  0  0.201976  
0.622578  0.357593  0.696078  2  2  2  2  2  2  0.63867  0.425127  0.64138  
0.289159  0.365781  0.884642  2  2  2  2  2  2  0.288197  0.821488  0.492036  
0.326804  0.945092  0  2  2  2  2  2  2  0.437967  0.337769  0.833125  
0.318339  0.843631  0.432374  2  2  2  2  2  2  0.337018  0.628444  0.701054  
2.79451e-17  0.456378  0.889786  2  2  2  2  2  2  0.641238  0.706666  0.29906  
0.299661  0.464872  0.833125  2  2  2  2  2  2  0.42172  0  0.906726  
3.16839e-17  0.517437  0.855721  2  2  2  2  2  2  0.953308  0  0.301999  
0.804185  0.305498  0.50986  2  2  2  2  2  2  0.821133  0.364454  0.439219  
0.309905  0.771005  0.556337  2  2  2  2  2  2  4.43252e-17  0.723886  0.68992  
0.434949  0.410724  0.801328  2  2  2  2  2  2  2.00886e-17  0.328072  0.944653  
0.630412  0.559618  0.537967  2  2  2  2  2  2  0.434123  0.900853  0  
5.44456e-17  0.889164  0.457589  2  2  2  2  2  2  0.852574  0.522607  0  
0.781421  3.50016e-69  0.624004  2  2  2  2  2  2  0.504086  0.767817  0.395417  
1.26403e-17  0.206431  0.978461  2  2  2  2  2  2  2.90663e-17  0.474688  0.880154  
0.906728  0  0.421716  2  2  2  2  2  2  0.534872  0.635925  0.556337  
0.849706  0.446107  0.281048  2  2  2  2  2  2  0.588344  0.53989  0.601971  
0.490574  0.463251  0.738062  2  2  2  2  2  2  0.794373  0.292786  0.532211  
0.48135  0.876528  0  2  2  2  2  2  2  0.35071  0.474945  0.807112  
0.263693  0.260505  0.928764  2  2  2  2  2  2  0.669827  1.33028e-135  0.742517  
0.446144  0.637862  0.627764  2  2  2  2  2  2  0.679918  0.289723  0.673626  
0.80628  0.591535  0  2  2  2  2  2  2  3.28212e-17  0.536011  0.844211  
0.276387  0.903855  0.326584  2  2  2  2  2  2  0.282885  0.425261  0.859726  
0.703651  0.299836  0.644184  2  2  2  2  2  2  0.629039  0  0.777374  
0.618957  3.66669e-72  0.785425  2  2  2  2  2  2  0.860132  0  0.510071  
0.830534  0.368966  0.417228  2  2  2  2  2  2  0.946991  0.321261  0  
0.934867  0  0.354999  2  2  2  2  2  2  0.924142  0  0.38205  
0.732764  0.680483  1.38243e-128  2  2  2  2  2  2  1.43322e-17  0.234062  0.972222  
0.610188  0.792257  1.43583e-07  2  2  2  2  2  2  0.467228  0.826889  0.312973  
0.559695  0.32368  0.762872  2  2  2  2  2  2  0.7271  0.345192  0.593437  
0.336032  0.537207  0.773622  2  2  2  2  2  2  0.788742  0.506107  0.348915  
4.58538e-17  0.748849  0.66274  2  2  2  2  2  2  0.540318  0.285432  0.791571  
0.432724  0.901527  5.77025e-165  2  2  2  2  2  2  5.30223e-17  0.86592  0.500183  
0.74697  0.354626  0.562384  2  2  2  2  2  2  4.67154e-17  0.762921  0.646492  
0.954021  0.299739  1.213e-65  2  2  2  2  2  2  0.825542  0  0.564341  
4.33545e-17  0.708032  0.70618  2  2  2  2  2  2  0.713348  0  0.70081  
4.81975e-17  0.787125  0.616793  2  2  2  2  2  2  0.289638  0.957136  0  
0.26438  0.964418  3.23501e-122  2  2  2  2  2  2  0.841908  0.444752  0.305593  
0.619697  0.713666  0.326584  2  2  2  2  2  2  0.788337  4.83995e-265  0.615244  
0.695901  0.654656  0.295209  2  2  2  2  2  2  0.286734  0.56506  0.773622  
0.176616  0.98428  3.27029e-23  2  2  2  2  2  2  6.12323e-17  1  0  
0.396258  0.791977  0.464492  2  2  2  2  2  2  0.584388  0.680308  0.442349  
0.691495  0.722382  0  2  2  2  2  2  2  0.871321  0.283131  0.400795  
0.392856  8.60588e-84  0.9196  2  2  2  2  2  2  3.93052e-17  0.641903  0.766786  
0.848452  1.44511e-154  0.529272  2  2  2  2  2  2  0.479605  0.585006  0.654024  
0.796085  0.514063  0.319356  2  2  2  2  2  2  5.9677e-17  0.974599  0.223956  
0.398446  0.866036  0.302031  2  2  2  2  2  2  4.88943e-17  0.798505  0.601988  
4.07589e-17  0.665643  0.74627  2  2  2  2  2  2  0.734428  0.678686  9.2871e-253  
0.917103  0.27804  0.285684  2  2  2  2  2  2  0.817979  0.575248  0  
0.360009  0.708229  0.607293  2  2  2  2  2  2  0.932421  0.260652  0.250303  
1.88737e-17  0.308232  0.951311  2  2  2  2  2  2  0.680612  0.640273  0.356116  
0.504739  0.540054  0.673483  2  2  2  2  2  2  0.528057  0  0.849209  
0.573616  0.670531  0.470486  2  2  2  2  2  2  0.692395  0.721519  9.88582e-139  
0.660036  0.616193  0.42972  2  2  2  2  2  2  0.55084  0.834611  0  
0.662135  1.98458e-66  0.749384  2  2  2  2  2  2  0.757375  0.435017  0.486973  
0.708787  0.504665  0.492883  2  2  2  2  2  2  0.353359  0.304214  0.884642  
0.737746  0.573509  0.356116  2  2  2  2  2  2  0.424886  0.530579  0.733457  
0.309846  0.657011  0.687268  2  2  2  2  2  2  0.278101  0.914179  0.29485  
0.467368  0.718476  0.515131  2  2  2  2  2  2  0.478878  0  0.877881  
0.652042  0.758183  0  2  2  2  2  2  2  0.49758  0.867418  0  
0.590198  0.491633  0.640283  2  2  2  2  2  2  0.681024  0.484897  0.548709  
6.12323e-17  1  0  2  2  2  2  2  2  0.32147  0.861027  0.394069  
0.527355  0.849645  0  2  2  2  2  2  2  0.580314  0  0.814393  
5.81931e-17  0.950365  0.311138  2  2  2  2  2  2  0.892335  0.349001  0.286246  
0.699684  0  0.714452  2  2  2  2  2  2  0.468151  0.720626  0.511403  
0.456508  4.09316e-19  0.889719  2  2  2  2  2  2  0.48596  0.420889  0.765961  
6.12323e-17  8.97832e-105  1  2  2  2  2  2  2  0.405807  0.795243  0.450455  
1  0  0  2  2  2  2  2  2  5.66495e-17  0.925156  0.379586  
5.25168e-17  0.857664  0.51421  2  2  2  2  2  2  0.573275  0.753709  0.321369  
0.382998  0.583377  0.716229  2  2  2  2  2  2  0.297425  0.706736  0.641921  
0.490969  0.277605  0.825763  2  2  2  2  2  2  3.61805e-17  0.590872  0.806766  
5.64117e-17  0.921273  0.388917  2  2  2  2  2  2  5.10132e-17  0.833108  0.55311  
0.671494  0.441431  0.595179  2  2  2  2  2  2  1  0  0  
0.31679  0  0.948496  2  2  2  2  2  2  0.189884  0  0.981807  
0.975918  0.218136  0  2  2  2  2  2  2  4.18119e-17  0.682841  0.730567  
0.481247  0.813477  0.326584  2  2  2  2  2  2  6.12323e-17  0  1  
0.399307  0.306815  0.863955  2  2  2  2  2  2  0.97372  0.227746  0  
0.539364  0.610208  0.580287  2  2  2  2  2  2  0.259714  0.277766  0.924875  
0.929683  0.36836  0  2  2  2  2  2  2  5.48597e-17  0.895927  0.444202  
0.380403  0.924821  2.09427e-62  2  2  2  2  2  2  0.330203  0.758917  0.561258  
0.570548  0.821264  0  2  2  2  2  2  2  0.394448  0.880677  0.262334  
2.38209e-17  0.389025  0.921227  2  2  2  2  2  2  0.193456  0.981109  0  
5.96815e-17  0.974673  0.223636  2  2  2  2  2  2  0.751853  0.594522  0.285064  
0.903029  0.429579  0  2  2  2  2  2  2  0.716774  0.546166  0.433518  
0.74178  0  0.670644  2  2  2  2  2  2  0.634238  0.592109  0.497141  
0.838742  0.544529  4.44462e-82  2  2  2  2  2  2  0.753808  0  0.657095  
3.50551e-17  0.572494  0.819909  2  2  2  2  2  2  0.88496  0.465667  0  
0.771943  0.635692  0  2  2  2  2  2  2  0.357244  0  0.934011  
0.982388  0  0.186851  2  2  2  2  2  2  0.893516  0  0.449032  
0.878901  6.71434e-47  0.477005  2  2  2  2  2  2  0.284514  0  0.958672  
0.227055  0  0.973882  2  2  2  2  2  2  0.648562  0.761162  8.51551e-08  
0.875766  0.322786  0.358948  2  2  2  2  2  2  0.421619  0.672951  0.607762  
3.79767e-17  0.620207  0.784439  2  2  2  2  2  2  0.598173  0.338934  0.726163  
0.572926  0  0.819607  2  2  2  2  2  2  0.364107  0.931357  0  
0.815667  0  0.578522  2  2  2  2  2  2  0.542997  0.477062  0.691062  
5.04236e-17  0.82348  0.567345  2  2  2  2  2  2  0.916521  0.399987  0  
0.770622  0.450813  0.450455  2  2  2  2  2  2  0.777702  0.628633  0  
0.533145  0.755894  0.379975  2  2  2  2  2  2  5.8252e-17  0.951327  0.308183  
0.960124  0  0.279573  2  2  2  2  2  2  2.49143e-17  0.406881  0.913481  
0.872096  0.489335  5.43665e-81  2  2  2  2  2  2  0.601337  0.798996  0  
0.51706  0  0.855949  2  2  2  2  2  2  0.979391  0  0.201976  
0.62461  0.35876  0.693652  2  2  2  2  2  2  0.63867  0.425127  0.64138  
0.289159  0.365781  0.884642  2  2  2  2  2  2  0.287987  0.821244  0.492567  
0.326572  0.945172  1.30118e-87  2  2  2  2  2  2  0.437923  0.337826  0.833125  
0.318339  0.843631  0.432374  2  2  2  2  2  2  0.337018  0.628444  0.701054  
2.79451e-17  0.456378  0.889786  2  2  2  2  2  2  0.641238  0.706666  0.29906  
0.299814  0.464773  0.833125  2  2  2  2  2  2  0.42172  0  0.906726  
3.16517e-17  0.516911  0.856039  2  2  2  2  2  2  0.953308  0  0.301999  
0.804185  0.305498  0.50986  2  2  2  2  2  2  0.821133  0.364454  0.439219  
0.309905  0.771005  0.556337  2  2  2  2  2  2  4.43193e-17  0.723789  0.690021  
0.434949  0.410724  0.801328  2  2  2  2  2  2  2.00886e-17  0.328072  0.944653  
0.629627  0.557476  0.541101  2  2  2  2  2  2  0.434471  0.900686  0  
5.44456e-17  0.889164  0.457589  2  2  2  2  2  2  0.85269  0.522417  0  
0.780962  0  0.624579  2  2  2  2  2  2  0.507679  0.765901  0.394535  
1.26216e-17  0.206126  0.978526  2  2  2  2  2  2  2.90601e-17  0.474587  0.880209  
0.906728  0  0.421716  2  2  2  2  2  2  0.535474  0.635778  0.555926  
0.849706  0.446107  0.281048  2  2  2  2  2  2  0.588344  0.53989  0.601971  
0.489344  0.462731  0.739204  2  2  2  2  2  2  0.79464  0.292011  0.532238  
0.481956  0.876195  0  2  2  2  2  2  2  0.351921  0.474783  0.80668  
0.263693  0.260505  0.928764  2  2  2  2  2  2  0.669521  0  0.742793  
0.446144  0.637862  0.627764  2  2  2  2  2  2  0.679918  0.289723  0.673626  
0.80628  0.591535  0  2  2  2  2  2  2  3.28212e-17  0.536011  0.844211  
0.276785  0.902598  0.329709  2  2  2  2  2  2  0.283319  0.424973  0.859726  
0.706817  0.297014  0.642022  2  2  2  2  2  2  0.628584  0  0.777742  
0.618267  0  0.785968  2  2  2  2  2  2  0.860132  0  0.510071  
0.830534  0.368966  0.417228  2  2  2  2  2  2  0.946991  0.321261  0  
0.934867  0  0.354999  2  2  2  2  2  2  0.924142  0  0.38205  
0.733049  0.680176  0  2  2  2  2  2  2  1.43291e-17  0.234012  0.972234  
0.610684  0.791874  0  2  2  2  2  2  2  0.467162  0.826772  0.31338  
0.559695  0.32368  0.762872  2  2  2  2  2  2  0.727643  0.344047  0.593437  
0.335447  0.537573  0.773622  2  2  2  2  2  2  0.788563  0.505391  0.350354  
4.58538e-17  0.748849  0.66274  2  2  2  2  2  2  0.540318  0.285432  0.791571  
0.433113  0.901339  1.43095e-190  2  2  2  2  2  2  5.30142e-17  0.865787  0.500412  
0.745721  0.359012  0.561258  2  2  2  2  2  2  4.66587e-17  0.761994  0.647584  
0.954021  0.299739  1.213e-65  2  2  2  2  2  2  0.825449  0  0.564477  
4.33733e-17  0.70834  0.705872  2  2  2  2  2  2  0.713108  0  0.701054  
4.82098e-17  0.787325  0.616538  2  2  2  2  2  2  0.289638  0.957136  0  
0.263983  0.964527  0  2  2  2  2  2  2  0.841908  0.444752  0.305593  
0.619697  0.713666  0.326584  2  2  2  2  2  2  0.788337  0  0.615244  
0.695901  0.654656  0.295209  2  2  2  2  2  2  0.287547  0.564647  0.773622  
0.176616  0.98428  3.27029e-23  2  2  2  2  2  2  6.12323e-17  1  0  
0.396258  0.791977  0.464492  2  2  2  2  2  2  0.584409  0.680017  0.442767  
0.69175  0.722137  2.59257e-123  2  2  2  2  2  2  0.871283  0.282933  0.401018  
0.392856  8.60588e-84  0.9196  2  2  2  2  2  2  3.9275e-17  0.64141  0.767199  
0.848274  0  0.529558  2  2  2  2  2  2  0.479605  0.585006  0.654024  
0.796085  0.514063  0.319356  2  2  2  2  2  2  5.9677e-17  0.974599  0.223956  
0.398446  0.866036  0.302031  2  2  2  2  2  2  4.88666e-17  0.798052  0.602588  
4.07589e-17  0.665643  0.74627  2  2  2  2  2  2  0.734636  0.678461  0  
0.916973  0.277891  0.286246  2  2  2  2  2  2  0.817979  0.575248  0  
0.360009  0.708229  0.607293  2  2  2  2  2  2  0.932421  0.260652  0.250303  
1.88581e-17  0.307976  0.951394  2  2  2  2  2  2  0.681404  0.639429  0.356116  
0.504739  0.540054  0.673483  2  2  2  2  2  2  0.528057  0  0.849209  
0.573616  0.670531  0.470486  2  2  2  2  2  2  0.69266  0.721264  0  
0.660036  0.616193  0.42972  2  2  2  2  2  2  0.551127  0.834421  0  
0.661429  0  0.750008  2  2  2  2  2  2  0.757306  0.435138  0.486973  
0.707244  0.507133  0.492567  2  2  2  2  2  2  0.353056  0.303954  0.884852  
0.737746  0.573509  0.356116  2  2  2  2  2  2  0.424886  0.530579  0.733457  
0.309846  0.657011  0.687268  2  2  2  2  2  2  0.278101  0.914179  0.29485  
0.467368  0.718476  0.515131  2  2  2  2  2  2  0.479015  2.11839e-196  0.877807  
0.652324  0.75794  5.61751e-73  2  2  2  2  2  2  0.498256  0.86703  0  
0.589985  0.490458  0.64138  2  2  2  2  2  2  0.681177  0.484153  0.549175  
6.12323e-17  1  0  2  2  2  2  2  2  0.321453  0.860981  0.394182  
0.52779  0.849375  0  2  2  2  2  2  2  0.580032  0  0.814593  
5.81857e-17  0.950245  0.311504  2  2  2  2  2  2  0.892335  0.349001  0.286246  
0.699684  0  0.714452  2  2  2  2  2  2  0.469615  0.720852  0.509741  
0.456458  0  0.889745  2  2  2  2  2  2  0.48596  0.420889  0.765961  
6.12323e-17  8.97832e-105  1  2  2  2  2  2  2  0.408064  0.79512  0.44863  
1  0  0  2  2  2  2  2  2  5.66397e-17  0.924997  0.379975  
5.25154e-17  0.857641  0.514249  2  2  2  2  2  2  0.574039  0.753127  0.321369  
0.382998  0.583377  0.716229  2  2  2  2  2  2  0.29751  0.706937  0.64166  
0.490969  0.277605  0.825763  2  2  2  2  2  2  3.61482e-17  0.590345  0.807151  
5.64117e-17  0.921273  0.388917  2  2  2  2  2  2  5.10051e-17  0.832976  0.553309  
0.671818  0.439756  0.59605  2  2  2  2  2  2  1  0  0  
0.31679  0  0.948496  2  2  2  2  2  2  0.190096  0  0.981766  
0.975918  0.218136  0  2  2  2  2  2  2  4.18102e-17  0.682812  0.730594  
0.481247  0.813477  0.326584  2  2  2  2  2  2  6.12323e-17  0  1  
0.399307  0.306815  0.863955  2  2  2  2  2  2  0.97372  0.227746  0  
0.539364  0.610208  0.580287  2  2  2  2  2  2  0.25884  0.276935  0.92537  
0.929707  0.368299  1.3473e-19  2  2  2  2  2  2  5.48597e-17  0.895927  0.444202  
0.380403  0.924821  2.09427e-62  2  2  2  2  2  2  0.331738  0.758361  0.561104  
0.570548  0.821264  0  2  2  2  2  2  2  0.39436  0.88048  0.263124  
2.38209e-17  0.389025  0.921227  2  2  2  2  2  2  0.193956  0.98101  0  
5.96815e-17  0.974673  0.223636  2  2  2  2  2  2  0.751853  0.594522  0.285064  
0.903035  0.429567  0  2  2  2  2  2  2  0.716774  0.546166  0.433518  
0.741579  1.79708e-57  0.670866  2  2  2  2  2  2  0.63562  0.590676  0.497081  
0.838883  0.544312  8.03645e-98  2  2  2  2  2  2  0.753689  0  0.657231  
3.50327e-17  0.572127  0.820165  2  2  2  2  2  2  0.885135  0.465335  0  
0.772092  0.635511  0  2  2  2  2  2  2  0.357244  0  0.934011  
0.982388  0  0.186851  2  2  2  2  2  2  0.893516  0  0.449032  
0.878901  6.71434e-47  0.477005  2  2  2  2  2  2  0.284419  0  0.9587  
0.227055  0  0.973882  2  2  2  2  2  2  0.648836  0.760928  2.36484e-15  
0.875766  0.322786  0.358948  2  2  2  2  2  2  0.421619  0.672951  0.607762  
3.79767e-17  0.620207  0.784439  2  2  2  2  2  2  0.598173  0.338934  0.726163  
0.572926  0  0.819607  2  2  2  2  2  2  0.364262  0.931297  0  
0.815667  0  0.578522  2  2  2  2  2  2  0.543415  0.476946  0.690813  
5.04294e-17  0.823574  0.567209  2  2  2  2  2  2  0.916552  0.399916  0  
0.770622  0.450813  0.450455  2  2  2  2  2  2  0.77771  0.628623  0  
0.533145  0.755894  0.379975  2  2  2  2  2  2  5.8252e-17  0.951327  0.308183  
0.960124  0  0.279573  2  2  2  2  2  2  2.49143e-17  0.406881  0.913481  
0.872096  0.489335  5.43665e-81  2  2  2  2  2  2  0.601901  0.798571  0  
0.51706  0  0.855949  2  2  2  2  2  2  0.979391  0  0.201976  
0.62461  0.35876  0.693652  2  2  2  2  2  2  0.639094  0.425409  0.64077  
0.289159  0.365781  0.884642  2  2  2  2  2  2  0.287687  0.820937  0.493253  
0.326572  0.945172  1.30118e-87  2  2  2  2  2  2  0.437923  0.337826  0.833125  
0.322327  0.844224  0.428243  2  2  2  2  2  2  0.337018  0.628444  0.701054  
2.79219e-17  0.455999  0.88998  2  2  2  2  2  2  0.641269  0.706701  0.298912  
0.301557  0.463644  0.833125  2  2  2  2  2  2  0.42172  0  0.906726  
3.16517e-17  0.516911  0.856039  2  2  2  2  2  2  0.953308  0  0.301999  
0.804185  0.305498  0.50986  2  2  2  2  2  2  0.821041  0.364413  0.439425  
0.309905  0.771005  0.556337  2  2  2  2  2  2  4.43085e-17  0.723612  0.690207  
0.434949  0.410724  0.801328  2  2  2  2  2  2  2.0075e-17  0.327849  0.94473  
0.629627  0.557476  0.541101  2  2  2  2  2  2  0.434938  0.90046  0  
5.44523e-17  0.889274  0.457375  2  2  2  2  2  2  0.852844  0.522166  0  
0.780962  0  0.624579  2  2  2  2  2  2  0.50796  0.766719  0.39258  
1.25945e-17  0.205683  0.978619  2  2  2  2  2  2  2.90601e-17  0.474587  0.880209  
0.906728  0  0.421716  2  2  2  2  2  2  0.535311  0.635344  0.556579  
0.849706  0.446107  0.281048  2  2  2  2  2  2  0.588344  0.53989  0.601971  
0.489344  0.462731  0.739204  2  2  2  2  2  2  0.794952  0.29116  0.532238  
0.481956  0.876195  0  2  2  2  2  2  2  0.351921  0.474783  0.80668  
0.263693  0.260505  0.928764  2  2  2  2  2  2  0.669521  0  0.742793  
0.446144  0.637862  0.627764  2  2  2  2  2  2  0.679918  0.289723  0.673626  
0.80628  0.591535  0  2  2  2  2  2  2  3.27912e-17  0.53552  0.844522  
0.276785  0.902598  0.329709  2  2  2  2  2  2  0.283319  0.424973  0.859726  
0.706817  0.297014  0.642022  2  2  2  2  2  2  0.628584  0  0.777742  
0.618463  0  0.785814  2  2  2  2  2  2  0.860132  0  0.510071  
0.830534  0.368966  0.417228  2  2  2  2  2  2  0.946991  0.321261  0  
0.934867  0  0.354999  2  2  2  2  2  2  0.9241  0  0.38215  
0.73323  0.679981  0  2  2  2  2  2  2  1.429e-17  0.233373  0.972387  
0.610836  0.791757  9.88131e-324  2  2  2  2  2  2  0.467222  0.826879  0.313009  
0.560562  0.321801  0.763029  2  2  2  2  2  2  0.727643  0.344047  0.593437  
0.334949  0.537883  0.773622  2  2  2  2  2  2  0.789001  0.504561  0.350563  
4.58718e-17  0.749144  0.662408  2  2  2  2  2  2  0.540318  0.285432  0.791571  
0.433113  0.901339  1.43095e-190  2  2  2  2  2  2  5.30016e-17  0.865582  0.500767  
0.745721  0.359012  0.561258  2  2  2  2  2  2  4.66533e-17  0.761907  0.647687  
0.954021  0.299739  1.213e-65  2  2  2  2  2  2  0.825449  0  0.564477  
4.33733e-17  0.70834  0.705872  2  2  2  2  2  2  0.712883  0  0.701283  
4.82098e-17  0.787325  0.616538  2  2  2  2  2  2  0.290081  0.957002  0  
0.263983  0.964527  0  2  2  2  2  2  2  0.841908  0.444752  0.305593  
0.619697  0.713666  0.326584  2  2  2  2  2  2  0.788236  0  0.615373  
0.695901  0.654656  0.295209  2  2  2  2  2  2  0.287537  0.56394  0.774141  
0.176616  0.98428  3.27029e-23  2  2  2  2  2  2  6.12323e-17  1  0  
0.396258  0.791977  0.464492  2  2  2  2  2  2  0.588323  0.676634  0.442767  
0.692153  0.721751  0  2  2  2  2  2  2  0.871274  0.28293  0.401039  
0.392856  8.60588e-84  0.9196  2  2  2  2  2  2  3.92738e-17  0.641391  0.767215  
0.848274  0  0.529558  2  2  2  2  2  2  0.479912  0.585381  0.653462  
0.796478  0.514366  0.317886  2  2  2  2  2  2  5.9677e-17  0.974599  0.223956  
0.402593  0.866889  0.293977  2  2  2  2  2  2  4.88661e-17  0.798043  0.6026  
4.07589e-17  0.665643  0.74627  2  2  2  2  2  2  0.735193  0.677858  0  
0.916927  0.277442  0.286828  2  2  2  2  2  2  0.818226  0.574897  0  
0.360009  0.708229  0.607293  2  2  2  2  2  2  0.932421  0.260652  0.250303  
1.88156e-17  0.307281  0.951619  2  2  2  2  2  2  0.682884  0.63826  0.355377  
0.504739  0.540054  0.673483  2  2  2  2  2  2  0.528057  0  0.849209  
0.573616  0.670531  0.470486  2  2  2  2  2  2  0.693565  0.720394  0  
0.660036  0.616193  0.42972  2  2  2  2  2  2  0.5523  0.833646  0  
0.661429  0  0.750008  2  2  2  2  2  2  0.757163  0.435056  0.487269  
0.707244  0.507133  0.492567  2  2  2  2  2  2  0.353056  0.303954  0.884852  
0.737746  0.573509  0.356116  2  2  2  2  2  2  0.42555  0.530702  0.732982  
0.309846  0.657011  0.687268  2  2  2  2  2  2  0.278101  0.914179  0.29485  
0.467801  0.718067  0.515309  2  2  2  2  2  2  0.479015  0  0.877807  
0.65253  0.757763  0  2  2  2  2  2  2  0.498898  0.866661  0  
0.589985  0.490458  0.64138  2  2  2  2  2  2  0.681177  0.484153  0.549175  
6.12323e-17  1  0  2  2  2  2  2  2  0.321404  0.860852  0.394504  
0.527882  0.849318  8.51551e-08  2  2  2  2  2  2  0.580032  0  0.814593  
5.81857e-17  0.950245  0.311504  2  2  2  2  2  2  0.892173  0.348938  0.286828  
0.699598  5.19051e-93  0.714536  2  2  2  2  2  2  0.472606  0.719916  0.508295  
0.456458  0  0.889745  2  2  2  2  2  2  0.486154  0.420693  0.765945  
6.12323e-17  8.97832e-105  1  2  2  2  2  2  2  0.40782  0.794645  0.449692  
1  0  0  2  2  2  2  2  2  5.66397e-17  0.924997  0.379975  
5.25174e-17  0.857674  0.514194  2  2  2  2  2  2  0.574467  0.752862  0.321226  
0.382998  0.583377  0.716229  2  2  2  2  2  2  0.298405  0.706655  0.641555  
0.490969  0.277605  0.825763  2  2  2  2  2  2  3.61215e-17  0.589908  0.80747  
5.64166e-17  0.921353  0.388728  2  2  2  2  2  2  5.10051e-17  0.832976  0.553309  
0.671818  0.439756  0.59605  2  2  2  2  2  2  1  0  0  
0.31679  0  0.948496  2  2  2  2  2  2  0.190195  0  0.981746  
0.975918  0.218136  0  2  2  2  2  2  2  4.17644e-17  0.682064  0.731293  
0.481247  0.813477  0.326584  2  2  2  2  2  2  6.12323e-17  0  1  
0.399307  0.306815  0.863955  2  2  2  2  2  2  0.97372  0.227746  0  
0.539364  0.610208  0.580287  2  2  2  2  2  2  0.25884  0.276935  0.92537  
0.929811  0.368038  8.57584e-69  2  2  2  2  2  2  5.48597e-17  0.895927  0.444202  
0.380403  0.924821  2.09427e-62  2  2  2  2  2  2  0.332714  0.757933  0.561104  
0.570753  0.821122  0  2  2  2  2  2  2  0.394344  0.880443  0.263274  
2.38209e-17  0.389025  0.921227  2  2  2  2  2  2  0.193956  0.98101  0  
5.96815e-17  0.974673  0.223636  2  2  2  2  2  2  0.751853  0.594522  0.285064  
0.903164  0.429297  0  2  2  2  2  2  2  0.717658  0.545512  0.432878  
0.741555  2.69768e-208  0.670892  2  2  2  2  2  2  0.636328  0.591334  0.495389  
0.839031  0.544084  1.61648e-144  2  2  2  2  2  2  0.753513  4.28602e-08  0.657433  
3.50193e-17  0.571909  0.820317  2  2  2  2  2  2  0.885193  0.465224  1.48768e-24  
0.772275  0.635288  0  2  2  2  2  2  2  0.357244  0  0.934011  
0.982388  0  0.186851  2  2  2  2  2  2  0.893501  2.90965e-286  0.449062  
0.878901  6.71434e-47  0.477005  2  2  2  2  2  2  0.284419  0  0.9587  
0.227055  0  0.973882  2  2  2  2  2  2  0.649328  0.760508  0  
0.876303  0.320955  0.359278  2  2  2  2  2  2  0.424013  0.672371  0.606737  
3.79459e-17  0.619704  0.784836  2  2  2  2  2  2  0.598173  0.338934  0.726163  
0.572926  0  0.819607  2  2  2  2  2  2  0.36467  0.931137  0  
0.815611  0  0.578601  2  2  2  2  2  2  0.543415  0.476946  0.690813  
5.04294e-17  0.823574  0.567209  2  2  2  2  2  2  0.916552  0.399916  0  
0.770622  0.450813  0.450455  2  2  2  2  2  2  0.778426  0.627736  0  
0.533145  0.755894  0.379975  2  2  2  2  2  2  5.8252e-17  0.951327  0.308183  
0.960124  0  0.279573  2  2  2  2  2  2  2.49117e-17  0.40684  0.9135  
0.872301  0.48897  0  2  2  2  2  2  2  0.602162  0.798374  0  
0.51706  0  0.855949  2  2  2  2  2  2  0.979391  0  0.201976  
0.62461  0.35876  0.693652  2  2  2  2  2  2  0.639094  0.425409  0.64077  
0.289159  0.365781  0.884642  2  2  2  2  2  2  0.287539  0.820512  0.494046  
0.326412  0.945227  7.24915e-156  2  2  2  2  2  2  0.438401  0.337205  0.833125  
0.322327  0.844224  0.428243  2  2  2  2  2  2  0.337297  0.628965  0.700452  
2.79219e-17  0.455999  0.88998  2  2  2  2  2  2  0.641976  0.706237  0.298489  
0.301557  0.463644  0.833125  2  2  2  2  2  2  0.421923  0  0.906632  
3.16471e-17  0.516836  0.856084  2  2  2  2  2  2  0.953308  0  0.301999  
0.804185  0.305498  0.50986  2  2  2  2  2  2  0.821054  0.363873  0.439849  
0.309905  0.771005  0.556337  2  2  2  2  2  2  4.42664e-17  0.722925  0.690927  
0.434949  0.410724  0.801328  2  2  2  2  2  2  2.00446e-17  0.327354  0.944902  
0.626432  0.560764  0.541412  2  2  2  2  2  2  0.43528  0.900295  0  
5.44713e-17  0.889583  0.456773  2  2  2  2  2  2  0.852946  0.521999  0  
0.780962  0  0.624579  2  2  2  2  2  2  0.508439  0.767294  0.390831  
1.25945e-17  0.205683  0.978619  2  2  2  2  2  2  2.90575e-17  0.474545  0.880231  
0.906667  0  0.421847  2  2  2  2  2  2  0.537844  0.635403  0.554065  
0.849706  0.446107  0.281048  2  2  2  2  2  2  0.588543  0.539674  0.601971  
0.489344  0.462731  0.739204  2  2  2  2  2  2  0.794952  0.29116  0.532238  
0.482136  0.876096  7.52459e-09  2  2  2  2  2  2  0.352953  0.474529  0.806379  
0.263693  0.260505  0.928764  2  2  2  2  2  2  0.669381  0  0.74292  
0.446144  0.637862  0.627764  2  2  2  2  2  2  0.679918  0.289723  0.673626  
0.806609  0.591086  0  2  2  2  2  2  2  3.27912e-17  0.53552  0.844522  
0.283333  0.903624  0.321226  2  2  2  2  2  2  0.283487  0.424861  0.859726  
0.706817  0.297014  0.642022  2  2  2  2  2  2  0.628429  0  0.777867  
0.618463  0  0.785814  2  2  2  2  2  2  0.860132  0  0.510071  
0.830534  0.368966  0.417228  2  2  2  2  2  2  0.946991  0.321261  0  
0.934796  1.99651e-69  0.355185  2  2  2  2  2  2  0.9241  0  0.38215  
0.733266  0.679942  0  2  2  2  2  2  2  1.429e-17  0.233373  0.972387  
0.611191  0.791484  6.09115e-09  2  2  2  2  2  2  0.466974  0.827019  0.313009  
0.560562  0.321801  0.763029  2  2  2  2  2  2  0.727534  0.343995  0.5936  
0.333489  0.538045  0.774144  2  2  2  2  2  2  0.789586  0.502744  0.351855  
4.58718e-17  0.749144  0.662408  2  2  2  2  2  2  0.540318  0.285432  0.791571  
0.433113  0.901339  1.43095e-190  2  2  2  2  2  2  5.30016e-17  0.865582  0.500767  
0.745721  0.359012  0.561258  2  2  2  2  2  2  4.66453e-17  0.761776  0.64784  
0.954021  0.299739  1.213e-65  2  2  2  2  2  2  0.825345  0  0.564628  
4.33733e-17  0.70834  0.705872  2  2  2  2  2  2  0.712765  0  0.701402  
4.82133e-17  0.787383  0.616464  2  2  2  2  2  2  0.290081  0.957002  0  
0.263983  0.964527  0  2  2  2  2  2  2  0.841908  0.444752  0.305593  
0.619697  0.713666  0.326584  2  2  2  2  2  2  0.787991  0  0.615687  
0.695901  0.654656  0.295209  2  2  2  2  2  2  0.287537  0.56394  0.774141  
0.176616  0.98428  3.27029e-23  2  2  2  2  2  2  6.12323e-17  1  0  
0.396258  0.791977  0.464492  2  2  2  2  2  2  0.587637  0.678255  0.441195  
0.692153  0.721751  0  2  2  2  2  2  2  0.871274  0.28293  0.401039  
0.392856  8.60588e-84  0.9196  2  2  2  2  2  2  3.92303e-17  0.64068  0.767808  
0.848274  0  0.529558  2  2  2  2  2  2  0.479912  0.585381  0.653462  
0.796478  0.514366  0.317886  2  2  2  2  2  2  5.96743e-17  0.974556  0.224145  
0.402593  0.866889  0.293977  2  2  2  2  2  2  4.88595e-17  0.797936  0.602742  
4.07589e-17  0.665643  0.74627  2  2  2  2  2  2  0.735631  0.677383  0  
0.916927  0.277442  0.286828  2  2  2  2  2  2  0.818491  0.57452  0  
0.360009  0.708229  0.607293  2  2  2  2  2  2  0.932553  0.260688  0.249773  
1.88156e-17  0.307281  0.951619  2  2  2  2  2  2  0.682937  0.63831  0.355185  
0.504739  0.540054  0.673483  2  2  2  2  2  2  0.528057  0  0.849209  
0.573616  0.670531  0.470486  2  2  2  2  2  2  0.6937  0.720264  0  
0.660031  0.616901  0.428711  2  2  2  2  2  2  0.552374  0.833597  2.31967e-07  
0.661429  0  0.750008  2  2  2  2  2  2  0.756664  0.434769  0.488299  
0.707244  0.507133  0.492567  2  2  2  2  2  2  0.353056  0.303954  0.884852  
0.737746  0.573509  0.356116  2  2  2  2  2  2  0.42555  0.530702  0.732982  
0.309846  0.657011  0.687268  2  2  2  2  2  2  0.278074  0.914089  0.295156  
0.467801  0.718067  0.515309  2  2  2  2  2  2  0.479015  0  0.877807  
0.65253  0.757763  0  2  2  2  2  2  2  0.498939  0.866637  0  
0.589985  0.490458  0.64138  2  2  2  2  2  2  0.681177  0.484153  0.549175  
6.12323e-17  1  0  2  2  2  2  2  2  0.321252  0.860443  0.395519  
0.528427  0.848979  0  2  2  2  2  2  2  0.580032  0  0.814593  
5.81872e-17  0.95027  0.311428  2  2  2  2  2  2  0.892194  0.348946  0.286752  
0.699449  0  0.714683  2  2  2  2  2  2  0.472926  0.719942  0.507961  
0.456458  0  0.889745  2  2  2  2  2  2  0.48663  0.420342  0.765835  
6.12323e-17  8.97832e-105  1  2  2  2  2  2  2  0.408895  0.794345  0.449245  
1  0  0  2  2  2  2  2  2  5.66379e-17  0.924966  0.380049  
