1.60944  1.781e-51  3.35323  2.36559  1.79769e+308  1.79769e+308  1.60944  1.781e-51  
1.78191  2.8549e-51  3.35323  2.36559  1.79769e+308  1.79769e+308  1.78191  2.8549e-51  
1.70588  1.91553e-20  3.35323  2.36559  1.79769e+308  1.79769e+308  1.70588  1.91553e-20  
1.33171  4.83303e-71  3.35323  2.36559  1.79769e+308  1.79769e+308  1.33171  4.83303e-71  
1.85363  3.71054e-08  3.35323  2.36559  1.79769e+308  1.79769e+308  1.85363  3.71054e-08  
1.94195  3.1955e-22  3.35323  2.36559  1.79769e+308  1.79769e+308  1.94195  3.1955e-22  
1.7128  1.05262e-07  3.35323  2.36559  1.79769e+308  1.79769e+308  1.7128  1.05262e-07  
1.4943  4.03138e-99  3.35323  2.36559  1.79769e+308  1.79769e+308  1.4943  4.03138e-99  
1.98084  4.0471e-96  3.35323  2.36559  1.79769e+308  1.79769e+308  1.98084  4.0471e-96  
1.869  1.45911e-35  3.35323  2.36559  1.79769e+308  1.79769e+308  1.869  1.45911e-35  
1.7464  0.278569  3.35323  2.36559  1.79769e+308  1.79769e+308  1.7464  0.278569  
1.54384  8.02371e-38  3.35323  2.36559  1.79769e+308  1.79769e+308  1.54384  8.02371e-38  
1.83011  4.42292e-32  3.35323  2.36559  1.79769e+308  1.79769e+308  1.83011  4.42292e-32  
1.36345  1.05719e-32  3.35323  2.36559  1.79769e+308  1.79769e+308  1.36345  1.05719e-32  
1.58999  2.13124e-41  3.35323  2.36559  1.79769e+308  1.79769e+308  1.58999  2.13124e-41  
1.47932  0.0167213  3.35323  2.36559  1.79769e+308  1.79769e+308  1.47932  0.0167213  
1.82864  1.00537e-36  3.35323  2.36559  1.79769e+308  1.79769e+308  1.82864  1.00537e-36  
1.81252  1.70087e-05  3.35323  2.36559  1.79769e+308  1.79769e+308  1.81252  1.70087e-05  
1.43704  1.37323e-11  3.35323  2.36559  1.79769e+308  1.79769e+308  1.43704  1.37323e-11  
1.99043  1.56761e-08  3.35323  2.36559  1.79769e+308  1.79769e+308  1.99043  1.56761e-08  
1.88723  4.95395e-49  3.35323  2.36559  1.79769e+308  1.79769e+308  1.88723  4.95395e-49  
2.05472  5.5904e-48  3.35323  2.36559  1.79769e+308  1.79769e+308  2.05472  5.5904e-48  
2.34156  1.08856e-28  3.35323  2.36559  1.79769e+308  1.79769e+308  2.34156  1.08856e-28  
1.71206  1.46329e-13  3.35323  2.36559  1.79769e+308  1.79769e+308  1.71206  1.46329e-13  
1.81979  5.96129e-107  3.35323  2.36559  1.79769e+308  1.79769e+308  1.81979  5.96129e-107  
1.43814  3.32332e-26  3.35323  2.36559  1.79769e+308  1.79769e+308  1.43814  3.32332e-26  
2.03721  0.0230956  3.35323  2.36559  1.79769e+308  1.79769e+308  2.03721  0.0230956  
2.28215  2.26761e-129  3.35323  2.36559  1.79769e+308  1.79769e+308  2.28215  2.26761e-129  
2.35323  4.86681e-149  3.35323  2.36559  1.79769e+308  1.79769e+308  2.35323  4.86681e-149  
1.59258  1.83016e-11  3.35323  2.36559  1.79769e+308  1.79769e+308  1.59258  1.83016e-11  
1.5868  2.41391e-42  3.35323  2.36559  1.79769e+308  1.79769e+308  1.5868  2.41391e-42  
1.89096  5.0229e-34  3.35323  2.36559  1.79769e+308  1.79769e+308  1.89096  5.0229e-34  
1.81598  3.57136e-113  3.35323  2.36559  1.79769e+308  1.79769e+308  1.81598  3.57136e-113  
2.0177  1.02421e-37  3.35323  2.36559  1.79769e+308  1.79769e+308  2.0177  1.02421e-37  
1.5748  1.63678e-29  3.35323  2.36559  1.79769e+308  1.79769e+308  1.5748  1.63678e-29  
2.13978  6.38853e-09  3.35323  2.36559  1.79769e+308  1.79769e+308  2.13978  6.38853e-09  
1.03042  1.11629  3.35323  2.36559  1.79769e+308  1.79769e+308  1.03042  1.11629  
1.8809  7.83509e-103  3.35323  2.36559  1.79769e+308  1.79769e+308  1.8809  7.83509e-103  
1.98167  7.64577e-18  3.35323  2.36559  1.79769e+308  1.79769e+308  1.98167  7.64577e-18  
1.64207  0.0392475  3.35323  2.36559  1.79769e+308  1.79769e+308  1.64207  0.0392475  
1.61261  4.77959e-36  3.35323  2.36559  1.79769e+308  1.79769e+308  1.61261  4.77959e-36  
2.15702  6.07135e-21  3.35323  2.36559  1.79769e+308  1.79769e+308  2.15702  6.07135e-21  
1.68451  1.06769e-34  3.35323  2.36559  1.79769e+308  1.79769e+308  1.68451  1.06769e-34  
2.01403  1.89278e-50  3.35323  2.36559  1.79769e+308  1.79769e+308  2.01403  1.89278e-50  
1.71843  3.4215e-65  3.35323  2.36559  1.79769e+308  1.79769e+308  1.71843  3.4215e-65  
1.82094  3.51263e-141  3.35323  2.36559  1.79769e+308  1.79769e+308  1.82094  3.51263e-141  
2.15587  0.00112225  3.35323  2.36559  1.79769e+308  1.79769e+308  2.15587  0.00112225  
1.75995  2.93164e-07  3.35323  2.36559  1.79769e+308  1.79769e+308  1.75995  2.93164e-07  
2.26375  1.13804e-89  3.35323  2.36559  1.79769e+308  1.79769e+308  2.26375  1.13804e-89  
1.89404  2.10239e-63  3.35323  2.36559  1.79769e+308  1.79769e+308  1.89404  2.10239e-63  
1.67978  1.02425e-30  3.35323  2.36559  1.79769e+308  1.79769e+308  1.67978  1.02425e-30  
1.82659  4.56631e-41  3.35323  2.36559  1.79769e+308  1.79769e+308  1.82659  4.56631e-41  
1.78383  6.0938e-47  3.35323  2.36559  1.79769e+308  1.79769e+308  1.78383  6.0938e-47  
1.86079  1.15648e-34  3.35323  2.36559  1.79769e+308  1.79769e+308  1.86079  1.15648e-34  
1.7744  3.86446e-46  3.35323  2.36559  1.79769e+308  1.79769e+308  1.7744  3.86446e-46  
1.5374  9.25469e-45  3.35323  2.36559  1.79769e+308  1.79769e+308  1.5374  9.25469e-45  
1.62462  1.70788e-46  3.35323  2.36559  1.79769e+308  1.79769e+308  1.62462  1.70788e-46  
1.59925  4.78435e-14  3.35323  2.36559  1.79769e+308  1.79769e+308  1.59925  4.78435e-14  
1.97533  0.0024145  3.35323  2.36559  1.79769e+308  1.79769e+308  1.97533  0.0024145  
2.09712  2.31517e-91  3.35323  2.36559  1.79769e+308  1.79769e+308  2.09712  2.31517e-91  
2.07468  3.58369e-07  3.35323  2.36559  1.79769e+308  1.79769e+308  2.07468  3.58369e-07  
1.90488  1.29167e-33  3.35323  2.36559  1.79769e+308  1.79769e+308  1.90488  1.29167e-33  
1.69486  0.0112877  3.35323  2.36559  1.79769e+308  1.79769e+308  1.69486  0.0112877  
1.83191  7.43688e-61  3.35323  2.36559  1.79769e+308  1.79769e+308  1.83191  7.43688e-61  
1.65644  1.49504e-28  3.35323  2.36559  1.79769e+308  1.79769e+308  1.65644  1.49504e-28  
2.02543  1.75501e-68  3.35323  2.36559  1.79769e+308  1.79769e+308  2.02543  1.75501e-68  
2.01161  1.98505e-221  3.35323  2.36559  1.79769e+308  1.79769e+308  2.01161  1.98505e-221  
2.01321  2.95355e-49  3.35323  2.36559  1.79769e+308  1.79769e+308  2.01321  2.95355e-49  
1.78662  0.147582  3.35323  2.36559  1.79769e+308  1.79769e+308  1.78662  0.147582  
2.22794  2.02439e-17  3.35323  2.36559  1.79769e+308  1.79769e+308  2.22794  2.02439e-17  
1.7203  9.27577e-19  3.35323  2.36559  1.79769e+308  1.79769e+308  1.7203  9.27577e-19  
1.50538  1.81792e-07  3.35323  2.36559  1.79769e+308  1.79769e+308  1.50538  1.81792e-07  
1.85011  2.94472e-107  3.35323  2.36559  1.79769e+308  1.79769e+308  1.85011  2.94472e-107  
1.85127  1.37745e-30  3.35323  2.36559  1.79769e+308  1.79769e+308  1.85127  1.37745e-30  
1.59537  1.60856e-08  3.35323  2.36559  1.79769e+308  1.79769e+308  1.59537  1.60856e-08  
1.67839  1.21245e-21  3.35323  2.36559  1.79769e+308  1.79769e+308  1.67839  1.21245e-21  
1.77115  1.40367e-13  3.35323  2.36559  1.79769e+308  1.79769e+308  1.77115  1.40367e-13  
2.03217  8.46636e-54  3.35323  2.36559  1.79769e+308  1.79769e+308  2.03217  8.46636e-54  
1.93696  1.1403e-21  3.35323  2.36559  1.79769e+308  1.79769e+308  1.93696  1.1403e-21  
2.22983  4.99015e-39  3.35323  2.36559  1.79769e+308  1.79769e+308  2.22983  4.99015e-39  
2.12713  4.78125e-52  3.35323  2.36559  1.79769e+308  1.79769e+308  2.12713  4.78125e-52  
1.76188  5.42889e-11  3.35323  2.36559  1.79769e+308  1.79769e+308  1.76188  5.42889e-11  
1.60541  2.17356e-09  3.35323  2.36559  1.79769e+308  1.79769e+308  1.60541  2.17356e-09  
1.69058  2.91593e-50  3.35323  2.36559  1.79769e+308  1.79769e+308  1.69058  2.91593e-50  
1.59902  1.33903e-32  3.35323  2.36559  1.79769e+308  1.79769e+308  1.59902  1.33903e-32  
1.98282  7.64539e-25  3.35323  2.36559  1.79769e+308  1.79769e+308  1.98282  7.64539e-25  
1.67882  1.18656e-25  3.35323  2.36559  1.79769e+308  1.79769e+308  1.67882  1.18656e-25  
1.65126  1.12384e-46  3.35323  2.36559  1.79769e+308  1.79769e+308  1.65126  1.12384e-46  
1.68407  9.3939e-129  3.35323  2.36559  1.79769e+308  1.79769e+308  1.68407  9.3939e-129  
1.87292  5.22322e-64  3.35323  2.36559  1.79769e+308  1.79769e+308  1.87292  5.22322e-64  
1.9997  2.0942e-22  3.35323  2.36559  1.79769e+308  1.79769e+308  1.9997  2.0942e-22  
1.58764  2.92822e-34  3.35323  2.36559  1.79769e+308  1.79769e+308  1.58764  2.92822e-34  
1.56518  1.36559  3.35323  2.36559  1.79769e+308  1.79769e+308  1.56518  1.36559  
1.98042  1.11424e-13  3.35323  2.36559  1.79769e+308  1.79769e+308  1.98042  1.11424e-13  
1.95403  9.4151e-110  3.35323  2.36559  1.79769e+308  1.79769e+308  1.95403  9.4151e-110  
1.78578  2.08957e-20  3.35323  2.36559  1.79769e+308  1.79769e+308  1.78578  2.08957e-20  
1.73379  5.04229e-28  3.35323  2.36559  1.79769e+308  1.79769e+308  1.73379  5.04229e-28  
1.62108  8.85855e-19  3.35323  2.36559  1.79769e+308  1.79769e+308  1.62108  8.85855e-19  
1.51337  8.91785e-24  3.35323  2.36559  1.79769e+308  1.79769e+308  1.51337  8.91785e-24  
1.40749  1.57418e-64  3.35323  2.36559  1.79769e+308  1.79769e+308  1.40749  1.57418e-64  
0.348888  0.937258  3.39873  2.5111  3.15514  2  1.5452  2.91987e-87  
0.879694  0.47628  3.39873  2.5111  3.15514  2  2.04654  3.46419e-128  
0.979107  0.203352  3.39873  2.5111  3.15514  2  1.78958  0.000335942  
0.785818  0.629021  3.39873  2.5111  3.15514  2  1.75405  0.286845  
0.831475  0.555562  3.39873  2.5111  3.15514  2  0.885812  1.41001  
0.611763  0.791043  3.39873  2.5111  3.15514  2  1.53087  0  
0.88909  0.457734  3.39873  2.5111  3.15514  2  1.36845  2.88382e-99  
0.70431  0.7099  3.39873  2.5111  3.15514  2  1.42779  1.15996e-112  
0.31852  0.948673  3.39873  2.5111  3.15514  2  1.62044  1.60663e-12  
0.640269  0.768151  3.39873  2.5111  3.15514  2  2.14451  0.122544  
0.563509  0.826621  3.39873  2.5111  3.15514  2  1.63175  0.000361348  
0.595372  0.806015  3.39873  2.5111  3.15514  2  1.68379  8.36434e-263  
0.796829  0.61032  3.39873  2.5111  3.15514  2  1.86713  1.84059e-77  
0.873563  0.486712  3.39873  2.5111  3.15514  2  1.44248  8.26717e-15  
0.543714  0.840166  3.39873  2.5111  3.15514  2  1.59229  0.223727  
0.581528  0.8137  3.39873  2.5111  3.15514  2  1.62069  1.19098e-125  
0.983351  0.181733  3.39873  2.5111  3.15514  2  1.69079  9.40952e-17  
0.86147  0.508309  3.39873  2.5111  3.15514  2  2.11472  1.14852e-81  
0.924284  0.381714  3.39873  2.5111  3.15514  2  1.92057  2.5285e-140  
0.719206  0.694813  3.39873  2.5111  3.15514  2  1.2739  3.23747e-51  
0.0988513  0.995106  3.39873  2.5111  3.15514  2  1.92818  0.000610993  
0.506406  0.86287  3.39873  2.5111  3.15514  2  1.55763  1.7056e-54  
0.725009  0.691487  3.39873  2.5111  3.15514  2  1.35812  8.30364e-168  
0.333411  0.943225  3.39873  2.5111  3.15514  2  1.32062  1.43532e-95  
0.459646  0.888103  3.39873  2.5111  3.15514  2  1.65233  5.52648e-105  
0.383716  0.924162  3.39873  2.5111  3.15514  2  1.89676  6.47325e-32  
0.896516  0.443602  3.39873  2.5111  3.15514  2  1.99193  8.55533e-05  
0.301376  0.953505  3.39873  2.5111  3.15514  2  1.68371  2.08542e-80  
0.899311  0.43835  3.39873  2.5111  3.15514  2  1.6008  5.77072e-16  
0.74217  0.670212  3.39873  2.5111  3.15514  2  1.26886  8.98516e-59  
0.137484  0.990504  3.39873  2.5111  3.15514  2  1.56656  1.72795e-95  
0.891824  0.452445  3.39873  2.5111  3.15514  2  1.64439  7.46398e-139  
0.669688  0.742643  3.39873  2.5111  3.15514  2  0.0926838  1.5111  
0.866067  0.499934  3.39873  2.5111  3.15514  2  1.31627  4.07626e-20  
0.688417  0.725678  3.39873  2.5111  3.15514  2  1.6373  3.40838e-25  
0.622478  0.782638  3.39873  2.5111  3.15514  2  1.39811  6.56054e-09  
0.918021  0.396533  3.39873  2.5111  3.15514  2  1.92028  4.75958e-47  
0.650332  0.759672  3.39873  2.5111  3.15514  2  1.86113  0.00204434  
0.960916  0.276845  3.39873  2.5111  3.15514  2  1.67644  2.38468e-10  
0.480903  0.876774  3.39873  2.5111  3.15514  2  1.95588  0.226916  
0.856764  0.517534  3.39873  2.5111  3.15514  2  1.70427  2.88482e-128  
0.454069  0.891307  3.39873  2.5111  3.15514  2  1.95556  5.47791e-10  
0.0616281  0.998099  3.39873  2.5111  3.15514  2  1.47642  0  
0.569742  0.821824  3.39873  2.5111  3.15514  2  2.02435  0.0926281  
0.282444  0.959605  3.39873  2.5111  3.15514  2  1.2552  8.15094e-50  
0.599584  0.800344  3.39873  2.5111  3.15514  2  2.06517  1.12161e-81  
0.975502  0.219992  3.39873  2.5111  3.15514  2  1.4623  2.56032e-27  
0.93683  0.350911  3.39873  2.5111  3.15514  2  1.6983  7.09641e-72  
0.443895  0.896235  3.39873  2.5111  3.15514  2  1.60832  4.71009e-42  
0.158821  0.9874  3.39873  2.5111  3.15514  2  0.521069  1.31796  
0.98736  0.158498  3.39873  2.5111  3.15514  2  1.39993  0  
0.417108  0.91024  3.39873  2.5111  3.15514  2  1.40369  9.18192e-06  
0.54732  0.836934  3.39873  2.5111  3.15514  2  0.000161865  1.3756  
0.292537  0.956501  3.39873  2.5111  3.15514  2  1.82204  8.86942e-131  
0.374163  0.927398  3.39873  2.5111  3.15514  2  1.49687  1.53465e-111  
0.119607  0.992822  3.39873  2.5111  3.15514  2  1.75932  2.89137e-26  
0.468658  0.883393  3.39873  2.5111  3.15514  2  2.39873  2.50224e-77  
0.266384  0.964033  3.39873  2.5111  3.15514  2  1.48558  1.9142e-88  
0.839863  0.545821  3.39873  2.5111  3.15514  2  1.53484  3.56796e-30  
0.489774  0.872211  3.39873  2.5111  3.15514  2  1.7784  0.000333842  
0.931334  0.364169  3.39873  2.5111  3.15514  2  1.65024  2.29166e-227  
0.515308  0.857668  3.39873  2.5111  3.15514  2  0.741416  1.18016  
0.995008  0.0997951  3.39873  2.5111  3.15514  2  6.12323e-17  1  
0.66088  0.757389  3.39873  2.5111  3.15514  2  1.78407  4.42197e-47  
0.911487  0.41134  3.39873  2.5111  3.15514  2  1.59161  7.22441e-139  
0.990018  0.142016  3.39873  2.5111  3.15514  2  0.279031  1.50179  
0.970891  0.239521  3.39873  2.5111  3.15514  2  1.58809  6.26722e-06  
0.845156  0.53452  3.39873  2.5111  3.15514  2  1.27706  2.34716e-15  
0.762924  0.647052  3.39873  2.5111  3.15514  2  1.61465  2.96333e-06  
0.631026  0.776612  3.39873  2.5111  3.15514  2  1.68496  1.23384e-19  
0.711434  0.702765  3.39873  2.5111  3.15514  2  1.53902  0  
0.99319  0.116665  3.39873  2.5111  3.15514  2  1.59595  1.63623e-111  
0.997389  0.07222  3.39873  2.5111  3.15514  2  2.11258  4.39779e-25  
0.178633  0.983916  3.39873  2.5111  3.15514  2  0.774045  1.2321  
0.998994  0.0448552  3.39873  2.5111  3.15514  2  1.77179  1.74661e-77  
0.948906  0.31556  3.39873  2.5111  3.15514  2  1.34665  1.93964e-78  
0.953637  0.301265  3.39873  2.5111  3.15514  2  1.41874  1.06039e-133  
0.823892  0.566831  3.39873  2.5111  3.15514  2  1.33164  1.45813e-54  
0.7477  0.664425  3.39873  2.5111  3.15514  2  1.40144  1.10255e-122  
0.423835  0.907754  3.39873  2.5111  3.15514  2  1.689  3.08207e-51  
0.9426  0.334699  3.39873  2.5111  3.15514  2  2.15514  1.17048e-81  
0.36814  0.929977  3.39873  2.5111  3.15514  2  1.86723  3.08708e-13  
0.530536  0.851853  3.39873  2.5111  3.15514  2  1.81951  3.07129e-32  
0.808377  0.588679  3.39873  2.5111  3.15514  2  1.40814  2.37691e-32  
0.758247  0.652036  3.39873  2.5111  3.15514  2  1.51916  0.617528  
0.735792  0.677271  3.39873  2.5111  3.15514  2  1.4785  1.24362e-21  
0.25727  0.966582  3.39873  2.5111  3.15514  2  0.395891  1.29977  
0.790755  0.624228  3.39873  2.5111  3.15514  2  1  0  
0.904822  0.425792  3.39873  2.5111  3.15514  2  1.78636  1.81078e-45  
0.9576  0.288356  3.39873  2.5111  3.15514  2  1.55685  2.09288e-12  
0.884665  0.466387  3.39873  2.5111  3.15514  2  1.46533  4.1632e-42  
0.205623  0.979935  3.39873  2.5111  3.15514  2  1.19539  8.06736e-27  
0.340561  0.940491  3.39873  2.5111  3.15514  2  1.54287  2.91548e-87  
0.413665  0.914683  3.39873  2.5111  3.15514  2  1.7051  1.43422e-21  
0.828339  0.560228  3.39873  2.5111  3.15514  2  1.69895  5.87991e-71  
6.12323e-17  1  3.39873  2.5111  3.15514  2  1.61936  6.39062e-06  
0.850203  0.526545  3.39873  2.5111  3.15514  2  1.40648  2.0258e-78  
0.224376  0.974507  3.39873  2.5111  3.15514  2  1.78298  3.86065e-140  
0.965198  0.261532  3.39873  2.5111  3.15514  2  1.41769  1.87163e-158  
1  7.61432e-235  3.39873  2.5111  3.15514  2  1.71824  0.305666  
0.693759  0.720619  3.16525  2.81042  2.716  2  1.5298  2.5823e-217  
0.879694  0.47628  3.16525  2.81042  2.716  2  1.88359  2.00496e-44  
0.979107  0.203352  3.16525  2.81042  2.716  2  1.63171  2.16184e-34  
0.773539  0.633749  3.16525  2.81042  2.716  2  2.04185  3.92879e-13  
0.831475  0.555562  3.16525  2.81042  2.716  2  0.0504135  1.60965  
0.611763  0.791043  3.16525  2.81042  2.716  2  2.16525  1.18789e-45  
0.67408  0.739355  3.16525  2.81042  2.716  2  1.15  1.60146  
0.70431  0.7099  3.16525  2.81042  2.716  2  0.150835  1.75553  
0.782292  0.622912  3.16525  2.81042  2.716  2  1.46658  2.08957e-144  
0.640269  0.768151  3.16525  2.81042  2.716  2  0.0598489  1.70629  
0.563509  0.826621  3.16525  2.81042  2.716  2  2.03062  2.89443e-09  
0.592855  0.805392  3.16525  2.81042  2.716  2  1.88674  1.46049e-100  
0.795907  0.605435  3.16525  2.81042  2.716  2  1.60305  2.2281e-48  
0.873563  0.486712  3.16525  2.81042  2.716  2  1.65261  0.418251  
0.535613  0.844463  3.16525  2.81042  2.716  2  1.65833  2.9665e-37  
0.581528  0.8137  3.16525  2.81042  2.716  2  0.989935  1.2838  
0.983351  0.181733  3.16525  2.81042  2.716  2  1.52525  6.08948e-115  
0.86147  0.508309  3.16525  2.81042  2.716  2  0.167114  1.70683  
0.924284  0.381714  3.16525  2.81042  2.716  2  1.56432  3.17313e-216  
0.719206  0.694813  3.16525  2.81042  2.716  2  1.66706  1.25978e-10  
0.0988513  0.995106  3.16525  2.81042  2.716  2  1.81705  1.23437e-06  
0.506406  0.86287  3.16525  2.81042  2.716  2  1.68402  1.05085e-76  
0.726235  0.687447  3.16525  2.81042  2.716  2  1.65749  0.00118266  
0.325174  0.945716  3.16525  2.81042  2.716  2  1.84624  1.08664e-76  
0.654092  0.75707  3.16525  2.81042  2.716  2  1.85571  2.10801e-48  
0.390552  0.921023  3.16525  2.81042  2.716  2  0.00206296  1.57706  
0.897844  0.440314  3.16525  2.81042  2.716  2  1.60227  3.83646e-99  
0.305393  0.952226  3.16525  2.81042  2.716  2  0.937248  1.41207  
0.935166  0.354273  3.16525  2.81042  2.716  2  1.46444  3.50644e-99  
0.74217  0.670212  3.16525  2.81042  2.716  2  0.278746  1.65314  
0.137484  0.990504  3.16525  2.81042  2.716  2  1.79548  7.44285e-103  
0.891824  0.452445  3.16525  2.81042  2.716  2  1.09846  1.33242  
0.664455  0.747369  3.16525  2.81042  2.716  2  1.52403  3.15944e-09  
0.866067  0.499934  3.16525  2.81042  2.716  2  1.52166  9.2658e-65  
0.688337  0.725391  3.16525  2.81042  2.716  2  1.77543  9.74033e-46  
0.621799  0.783177  3.16525  2.81042  2.716  2  1.65902  4.32379e-88  
0.918021  0.396533  3.16525  2.81042  2.716  2  0.898591  1.53444  
0.418313  0.908303  3.16525  2.81042  2.716  2  1.56345  1.06775e-37  
0.960916  0.276845  3.16525  2.81042  2.716  2  1.18616  1.11865  
0.480903  0.876774  3.16525  2.81042  2.716  2  1.51576  1.1151e-09  
0.855211  0.518279  3.16525  2.81042  2.716  2  1.4611  6.00116e-46  
0.454069  0.891307  3.16525  2.81042  2.716  2  0.0225322  1.65284  
0.0616281  0.998099  3.16525  2.81042  2.716  2  1.43238  9.09535e-132  
0.573552  0.819169  3.16525  2.81042  2.716  2  1.92324  2.85288e-110  
0.282444  0.959605  3.16525  2.81042  2.716  2  1.81614  2.60133e-111  
0.599584  0.800344  3.16525  2.81042  2.716  2  1.09376  1.56245  
0.975502  0.219992  3.16525  2.81042  2.716  2  2.0515  2.93845e-111  
0.938488  0.345312  3.16525  2.81042  2.716  2  1.86715  0.000226032  
0.438626  0.89867  3.16525  2.81042  2.716  2  1.56552  3.37839e-37  
0.158821  0.9874  3.16525  2.81042  2.716  2  0.915202  1.18742  
0.98736  0.158498  3.16525  2.81042  2.716  2  1.3282  4.16754e-42  
0.817919  0.575335  3.16525  2.81042  2.716  2  1.65506  1.01847e-10  
0.54732  0.836934  3.16525  2.81042  2.716  2  1.93081  0.000112702  
0.292537  0.956501  3.16525  2.81042  2.716  2  1.44692  6.15139e-201  
0.373662  0.927565  3.16525  2.81042  2.716  2  0.503921  1.28447  
0.119607  0.992822  3.16525  2.81042  2.716  2  0.0700262  1.81042  
0.468658  0.883393  3.16525  2.81042  2.716  2  1.36049  9.76916e-102  
0.266384  0.964033  3.16525  2.81042  2.716  2  1.88493  4.19134e-83  
0.838781  0.544953  3.16525  2.81042  2.716  2  1.97821  1.07741e-37  
0.493005  0.870026  3.16525  2.81042  2.716  2  1.6149  1.7464e-234  
0.931334  0.364169  3.16525  2.81042  2.716  2  1.79986  1.7772e-30  
0.515308  0.857668  3.16525  2.81042  2.716  2  0.969445  1.1427  
0.995249  0.0973786  3.16525  2.81042  2.716  2  6.12323e-17  1  
0.357819  0.933791  3.16525  2.81042  2.716  2  0.135098  1.39062  
0.911487  0.41134  3.16525  2.81042  2.716  2  1.37875  1.61318e-72  
0.990655  0.136389  3.16525  2.81042  2.716  2  1.67318  2.1902e-08  
0.971119  0.238597  3.16525  2.81042  2.716  2  1.65962  1.85728e-192  
0.845156  0.53452  3.16525  2.81042  2.716  2  1.58191  6.85864e-121  
0.766622  0.642099  3.16525  2.81042  2.716  2  1.74379  2.31033e-34  
0.633067  0.774097  3.16525  2.81042  2.716  2  1.76812  0.0109921  
0.711434  0.702765  3.16525  2.81042  2.716  2  1.85321  2.65443e-111  
0.99319  0.116665  3.16525  2.81042  2.716  2  0.754676  1.24078  
0.996986  0.0775863  3.16525  2.81042  2.716  2  0.00489805  1.39178  
0.178633  0.983916  3.16525  2.81042  2.716  2  1.80295  2.11102e-99  
0.998714  0.050697  3.16525  2.81042  2.716  2  0.065453  1.69219  
0.948636  0.316371  3.16525  2.81042  2.716  2  1.91118  7.07454e-91  
0.954008  0.299782  3.16525  2.81042  2.716  2  1.33093  4.57274e-72  
0.823892  0.566831  3.16525  2.81042  2.716  2  2.03153  4.797e-35  
0.7477  0.664425  3.16525  2.81042  2.716  2  1.09228  1.28748  
0.423962  0.90568  3.16525  2.81042  2.716  2  1.84397  0.0114637  
0.942597  0.333932  3.16525  2.81042  2.716  2  1.76937  0  
0.55702  0.830664  3.16525  2.81042  2.716  2  1.55623  0  
0.528542  0.848907  3.16525  2.81042  2.716  2  1.89615  1.10423e-15  
0.806218  0.592174  3.16525  2.81042  2.716  2  1.58393  1.50383e-235  
0.758247  0.652036  3.16525  2.81042  2.716  2  1.00555  1.36967  
0.73489  0.678186  3.16525  2.81042  2.716  2  1.88492  0.051242  
0.812169  0.583611  3.16525  2.81042  2.716  2  1.69189  9.02567e-61  
0.788293  0.615345  3.16525  2.81042  2.716  2  1  0  
0.904822  0.425792  3.16525  2.81042  2.716  2  0.0125942  1.65768  
0.9576  0.288356  3.16525  2.81042  2.716  2  1.69811  6.66345e-80  
0.884665  0.466387  3.16525  2.81042  2.716  2  1.07764  1.05305  
0.205623  0.979935  3.16525  2.81042  2.716  2  1.88065  2.87277e-18  
0.340561  0.940491  3.16525  2.81042  2.716  2  1.48718  3.43996e-93  
0.406546  0.913956  3.16525  2.81042  2.716  2  0.17116  1.50704  
0.245482  0.969401  3.16525  2.81042  2.716  2  1.82976  7.18006e-80  
6.12323e-17  1  3.16525  2.81042  2.716  2  0.976504  0.959599  
0.850203  0.526545  3.16525  2.81042  2.716  2  0.869858  1.32056  
0.224376  0.974507  3.16525  2.81042  2.716  2  2.04478  0.241266  
0.965198  0.261532  3.16525  2.81042  2.716  2  1.75505  2.10448e-74  
1  0  3.16525  2.81042  2.716  2  1.37665  2.32377e-217  
0.695478  0.718547  2.85579  3.28346  2  2.23407  1.83649  1.83235e-127  
0.879694  0.47628  2.85579  3.28346  2  2.23407  1.55833  3.25819e-11  
0.979525  0.201323  2.85579  3.28346  2  2.23407  0.0191966  1.96084  
0.773539  0.633749  2.85579  3.28346  2  2.23407  1.44317  2.94926e-232  
0.831475  0.555562  2.85579  3.28346  2  2.23407  1.37914  1.37603e-127  
0.611763  0.791043  2.85579  3.28346  2  2.23407  1.17334  4.31018e-24  
0.67408  0.739355  2.85579  3.28346  2  2.23407  1.55731  2.39961e-15  
0.70431  0.7099  2.85579  3.28346  2  2.23407  1.52392  5.98887e-173  
0.780878  0.624683  2.85579  3.28346  2  2.23407  1.66367  2.02614e-293  
0.639979  0.768393  2.85579  3.28346  2  2.23407  1.62375  2.22023e-211  
0.563509  0.826621  2.85579  3.28346  2  2.23407  1.54945  5.35654e-07  
0.589772  0.80757  2.85579  3.28346  2  2.23407  1.24651  7.45896e-43  
0.795907  0.605435  2.85579  3.28346  2  2.23407  1.57251  8.80512e-157  
0.873563  0.486712  2.85579  3.28346  2  2.23407  1.66383  2.02633e-293  
0.538833  0.842413  2.85579  3.28346  2  2.23407  0.716634  1.22235  
0.582186  0.813056  2.85579  3.28346  2  2.23407  1.69716  2.67836e-28  
0.983351  0.181733  2.85579  3.28346  2  2.23407  0.86492  1.4727  
0.86147  0.508309  2.85579  3.28346  2  2.23407  1.68767  1.08698e-298  
0.924364  0.381512  2.85579  3.28346  2  2.23407  1.44095  5.16811e-12  
0.719206  0.694813  2.85579  3.28346  2  2.23407  1.4086  2.91012e-184  
0.0978167  0.995204  2.85579  3.28346  2  2.23407  1.57497  1.57142e-127  
0.506406  0.86287  2.85579  3.28346  2  2.23407  0.666632  1.16095  
0.726235  0.687447  2.85579  3.28346  2  2.23407  1.70986  3.14395e-18  
0.323719  0.946153  2.85579  3.28346  2  2.23407  1.57912  3.86723e-35  
0.654092  0.75707  2.85579  3.28346  2  2.23407  1.72518  6.7798e-173  
0.390552  0.921023  2.85579  3.28346  2  2.23407  1.67462  8.15751e-57  
0.897844  0.440314  2.85579  3.28346  2  2.23407  1.42133  5.11163e-138  
0.305393  0.952226  2.85579  3.28346  2  2.23407  0.000771906  1.37442  
0.646866  0.762604  2.85579  3.28346  2  2.23407  1.33011  2.73252e-159  
0.74217  0.670212  2.85579  3.28346  2  2.23407  0.0067941  1.55556  
0.137484  0.990504  2.85579  3.28346  2  2.23407  1.52703  4.38223e-254  
0.891824  0.452445  2.85579  3.28346  2  2.23407  1.40966  0.000395434  
0.664455  0.747369  2.85579  3.28346  2  2.23407  1.72311  2.3372e-211  
0.866117  0.499841  2.85579  3.28346  2  2.23407  1.66491  7.77972e-182  
0.688337  0.725391  2.85579  3.28346  2  2.23407  1.47626  9.11172e-51  
0.621799  0.783177  2.85579  3.28346  2  2.23407  1.31908  2.62738e-268  
0.918021  0.396533  2.85579  3.28346  2  2.23407  0.000105569  1.48385  
0.968064  0.250703  2.85579  3.28346  2  2.23407  0.0304761  2.28346  
0.960916  0.276845  2.85579  3.28346  2  2.23407  1.72221  2.54386e-55  
0.480903  0.876774  2.85579  3.28346  2  2.23407  1.59015  2.18446e-121  
0.855211  0.518279  2.85579  3.28346  2  2.23407  0.0172693  1.52712  
0.456393  0.889778  2.85579  3.28346  2  2.23407  1.52138  1.02849e-35  
0.0616281  0.998099  2.85579  3.28346  2  2.23407  1.34328  1.01373e-58  
0.573552  0.819169  2.85579  3.28346  2  2.23407  1.30468  2.32754e-58  
0.282444  0.959605  2.85579  3.28346  2  2.23407  1.51011  1.5161e-261  
0.599584  0.800344  2.85579  3.28346  2  2.23407  0.724166  1.2352  
0.975502  0.219992  2.85579  3.28346  2  2.23407  1.71343  1.15832e-35  
0.938488  0.345312  2.85579  3.28346  2  2.23407  1.28658  7.53748e-97  
0.442029  0.897001  2.85579  3.28346  2  2.23407  1.46737  5.68856e-18  
0.158821  0.9874  2.85579  3.28346  2  2.23407  1.4967  1.30239e-55  
0.98736  0.158498  2.85579  3.28346  2  2.23407  1.43854  9.04565e-53  
0.817919  0.575335  2.85579  3.28346  2  2.23407  1.5322  0.000428261  
0.54732  0.836934  2.85579  3.28346  2  2.23407  1.17323  1.25863e-40  
0.295464  0.955354  2.85579  3.28346  2  2.23407  1.53777  3.40188e-06  
0.373662  0.927565  2.85579  3.28346  2  2.23407  1.53886  2.08902e-42  
0.119607  0.992822  2.85579  3.28346  2  2.23407  1.40961  3.45846e-323  
0.468658  0.883393  2.85579  3.28346  2  2.23407  1.48587  3.91781e-39  
0.266384  0.964033  2.85579  3.28346  2  2.23407  0.00288967  1.65525  
0.838781  0.544953  2.85579  3.28346  2  2.23407  1.42772  7.7066e-12  
0.493005  0.870026  2.85579  3.28346  2  2.23407  1.50736  1.01193e-117  
0.931334  0.364169  2.85579  3.28346  2  2.23407  1.37569  0  
0.679171  0.73398  2.85579  3.28346  2  2.23407  1.53257  6.65241e-43  
0.513519  0.858171  2.85579  3.28346  2  2.23407  6.12323e-17  1  
0.357819  0.933791  2.85579  3.28346  2  2.23407  1.59407  1.35284e-07  
0.911487  0.41134  2.85579  3.28346  2  2.23407  1.55873  3.41069e-81  
0.990185  0.139766  2.85579  3.28346  2  2.23407  1.72037  2.5245e-151  
0.971408  0.237418  2.85579  3.28346  2  2.23407  1.31673  1.1358e-36  
0.845156  0.53452  2.85579  3.28346  2  2.23407  1.27047  5.82455e-36  
0.766249  0.642544  2.85579  3.28346  2  2.23407  0.0429121  1.55093  
0.633067  0.774097  2.85579  3.28346  2  2.23407  1.47153  3.69943e-270  
0.711434  0.702765  2.85579  3.28346  2  2.23407  0.00861818  1.41242  
0.99319  0.116665  2.85579  3.28346  2  2.23407  0.222279  1.43756  
0.995667  0.092995  2.85579  3.28346  2  2.23407  0.00704552  1.61312  
0.180119  0.983645  2.85579  3.28346  2  2.23407  1.39691  0  
0.997629  0.0688214  2.85579  3.28346  2  2.23407  1.6622  6.53232e-173  
0.948288  0.317411  2.85579  3.28346  2  2.23407  1.4194  1.34188e-89  
0.952611  0.304192  2.85579  3.28346  2  2.23407  0.240288  1.52151  
0.823892  0.566831  2.85579  3.28346  2  2.23407  0.0213709  1.39531  
0.7477  0.664425  2.85579  3.28346  2  2.23407  1.65815  0.000465138  
0.423962  0.90568  2.85579  3.28346  2  2.23407  1.40341  0  
0.942597  0.333932  2.85579  3.28346  2  2.23407  1.19104  2.18999e-18  
0.55702  0.830664  2.85579  3.28346  2  2.23407  0.559876  1.26431  
0.528542  0.848907  2.85579  3.28346  2  2.23407  1.39635  1.3932e-127  
0.806218  0.592174  2.85579  3.28346  2  2.23407  0.0579492  1.30009  
0.758247  0.652036  2.85579  3.28346  2  2.23407  1.20681  9.19578e-18  
0.73489  0.678186  2.85579  3.28346  2  2.23407  1.38249  1.45851e-218  
0.812169  0.583611  2.85579  3.28346  2  2.23407  1.76981  1.13988e-298  
0.788293  0.615345  2.85579  3.28346  2  2.23407  1  0  
0.904822  0.425792  2.85579  3.28346  2  2.23407  1.35744  0.000380784  
0.9576  0.288356  2.85579  3.28346  2  2.23407  1.81802  4.18211e-257  
0.884665  0.466387  2.85579  3.28346  2  2.23407  1.71781  2.09207e-293  
0.20452  0.978885  2.85579  3.28346  2  2.23407  1.39778  0.0017267  
0.340561  0.940491  2.85579  3.28346  2  2.23407  1.58676  6.80081e-73  
0.406546  0.913956  2.85579  3.28346  2  2.23407  1.41129  7.61794e-12  
0.245482  0.969401  2.85579  3.28346  2  2.23407  1.67199  3.95253e-323  
6.12323e-17  1  2.85579  3.28346  2  2.23407  1.85579  6.87457e-92  
0.850203  0.526545  2.85579  3.28346  2  2.23407  0.0159704  1.41226  
0.224376  0.974507  2.85579  3.28346  2  2.23407  1.39072  5.20822e-88  
0.965198  0.261532  2.85579  3.28346  2  2.23407  0.0232253  1.74018  
1  2.56638e-61  2.85579  3.28346  2  2.23407  1.52341  2.25022e-55  
0.695478  0.718547  2.26324  2.35642  2.17704  2  1.11865  4.30141e-104  
0.878501  0.477938  2.26324  2.35642  2.17704  2  0.652194  1.09303  
0.979525  0.201323  2.26324  2.35642  2.17704  2  0.942434  0.704515  
0.773539  0.633749  2.26324  2.35642  2.17704  2  0.799149  0.922745  
0.831475  0.555562  2.26324  2.35642  2.17704  2  1.0008  4.1789e-34  
0.611763  0.791043  2.26324  2.35642  2.17704  2  1.07559  5.26172e-249  
0.67408  0.739355  2.26324  2.35642  2.17704  2  0.935485  0.63371  
0.70431  0.7099  2.26324  2.35642  2.17704  2  1.08704  0  
0.780878  0.624683  2.26324  2.35642  2.17704  2  0.0123391  1.22547  
0.639979  0.768393  2.26324  2.35642  2.17704  2  0.58514  0.980657  
0.563509  0.826621  2.26324  2.35642  2.17704  2  1.09725  5.71703e-06  
0.589772  0.80757  2.26324  2.35642  2.17704  2  0.641232  0.981435  
0.795907  0.605435  2.26324  2.35642  2.17704  2  6.60619e-17  1.07887  
0.873563  0.486712  2.26324  2.35642  2.17704  2  0.932324  0.795974  
0.538833  0.842413  2.26324  2.35642  2.17704  2  1.13273  4.7413e-38  
0.582186  0.813056  2.26324  2.35642  2.17704  2  0.864039  0.972982  
0.983351  0.181733  2.26324  2.35642  2.17704  2  1.12814  6.09935e-43  
0.86147  0.508309  2.26324  2.35642  2.17704  2  1.11058  3.4175e-206  
0.924364  0.381512  2.26324  2.35642  2.17704  2  1.01856  1.86212e-16  
0.719206  0.694813  2.26324  2.35642  2.17704  2  1.13355  9.44633e-318  
0.0978167  0.995204  2.26324  2.35642  2.17704  2  0.731927  0.986072  
0.503186  0.864178  2.26324  2.35642  2.17704  2  0.967365  0.674602  
0.726235  0.687447  2.26324  2.35642  2.17704  2  0.805359  0.858227  
0.323719  0.946153  2.26324  2.35642  2.17704  2  0.332683  1.17568  
0.654092  0.75707  2.26324  2.35642  2.17704  2  0.585342  0.896865  
0.393943  0.919135  2.26324  2.35642  2.17704  2  1.14073  0  
0.897844  0.440314  2.26324  2.35642  2.17704  2  0.534652  1.10609  
0.305393  0.952226  2.26324  2.35642  2.17704  2  0.93205  0.730119  
0.646866  0.762604  2.26324  2.35642  2.17704  2  0.540886  0.93812  
0.74217  0.670212  2.26324  2.35642  2.17704  2  1.20131  0  
0.14122  0.989978  2.26324  2.35642  2.17704  2  1.24047  0  
0.891824  0.452445  2.26324  2.35642  2.17704  2  0.998169  0.813358  
0.664455  0.747369  2.26324  2.35642  2.17704  2  0.390113  1.0739  
0.866679  0.49913  2.26324  2.35642  2.17704  2  0.795636  0.961903  
0.688337  0.725391  2.26324  2.35642  2.17704  2  0.892258  0.734354  
0.621799  0.783177  2.26324  2.35642  2.17704  2  1.02423  0.599031  
0.918021  0.396533  2.26324  2.35642  2.17704  2  0.994688  1.05998  
0.968064  0.250703  2.26324  2.35642  2.17704  2  0.172135  1.11323  
0.960916  0.276845  2.26324  2.35642  2.17704  2  1.21239  2.2924e-55  
0.480903  0.876774  2.26324  2.35642  2.17704  2  1.06285  4.69591e-66  
0.855211  0.518279  2.26324  2.35642  2.17704  2  1.10492  5.86582e-185  
0.456393  0.889778  2.26324  2.35642  2.17704  2  1.10704  2.47121e-17  
0.0616281  0.998099  2.26324  2.35642  2.17704  2  0.56537  0.950975  
0.573552  0.819169  2.26324  2.35642  2.17704  2  6.76614e-17  1.10499  
0.282444  0.959605  2.26324  2.35642  2.17704  2  0.847631  0.87396  
0.599584  0.800344  2.26324  2.35642  2.17704  2  1.13979  1.6614e-53  
0.975514  0.219936  2.26324  2.35642  2.17704  2  0.678165  0.871501  
0.936535  0.350575  2.26324  2.35642  2.17704  2  0.594996  0.997174  
0.442029  0.897001  2.26324  2.35642  2.17704  2  0.807247  0.787466  
0.158821  0.9874  2.26324  2.35642  2.17704  2  1.10216  3.3968e-60  
0.98701  0.160658  2.26324  2.35642  2.17704  2  0.655335  0.947646  
0.817919  0.575335  2.26324  2.35642  2.17704  2  0.880286  0.938696  
0.54732  0.836934  2.26324  2.35642  2.17704  2  0.433142  1.11583  
0.293728  0.955889  2.26324  2.35642  2.17704  2  1.08759  1.24642e-16  
0.373662  0.927565  2.26324  2.35642  2.17704  2  0.71669  0.84991  
0.119607  0.992822  2.26324  2.35642  2.17704  2  0.514201  1.06286  
0.468658  0.883393  2.26324  2.35642  2.17704  2  0.0039569  1.20596  
0.266384  0.964033  2.26324  2.35642  2.17704  2  0.838871  0.758869  
0.837665  0.546363  2.26324  2.35642  2.17704  2  1.17808  2.7595e-15  
0.493005  0.870026  2.26324  2.35642  2.17704  2  1.20447  1.46996e-221  
0.930151  0.367176  2.26324  2.35642  2.17704  2  0.160358  1.17412  
0.679171  0.73398  2.26324  2.35642  2.17704  2  0.937663  0.966789  
0.517983  0.855395  2.26324  2.35642  2.17704  2  6.12323e-17  1  
0.357819  0.933791  2.26324  2.35642  2.17704  2  1.13356  1.38342e-221  
0.911487  0.41134  2.26324  2.35642  2.17704  2  0.0110603  1.20873  
0.990185  0.139766  2.26324  2.35642  2.17704  2  1.06921  0.639486  
0.971791  0.235842  2.26324  2.35642  2.17704  2  1.07387  0.0549742  
0.845156  0.53452  2.26324  2.35642  2.17704  2  0.692913  1.00199  
0.766249  0.642544  2.26324  2.35642  2.17704  2  0.793145  0.940577  
0.631964  0.774997  2.26324  2.35642  2.17704  2  0.569798  0.969766  
0.711434  0.702765  2.26324  2.35642  2.17704  2  1.0278  0.6776  
0.993018  0.117965  2.26324  2.35642  2.17704  2  1.26324  1.05271e-317  
0.995667  0.092995  2.26324  2.35642  2.17704  2  1.03051  0.632192  
0.180389  0.983596  2.26324  2.35642  2.17704  2  1.092  0.000127753  
0.998224  0.0595693  2.26324  2.35642  2.17704  2  1.16906  5.77524e-113  
0.948288  0.317411  2.26324  2.35642  2.17704  2  0.0619287  1.2139  
0.952683  0.303964  2.26324  2.35642  2.17704  2  1.05439  0.44398  
0.823892  0.566831  2.26324  2.35642  2.17704  2  0.385406  1.01744  
0.7477  0.664425  2.26324  2.35642  2.17704  2  8.3057e-17  1.35642  
0.423962  0.90568  2.26324  2.35642  2.17704  2  7.46562e-17  1.21923  
0.942597  0.333932  2.26324  2.35642  2.17704  2  0.808818  0.899139  
0.55702  0.830664  2.26324  2.35642  2.17704  2  7.22137e-17  1.17934  
0.528542  0.848907  2.26324  2.35642  2.17704  2  0.164432  1.06342  
0.806218  0.592174  2.26324  2.35642  2.17704  2  1.07921  1.22598e-114  
0.758247  0.652036  2.26324  2.35642  2.17704  2  1.04679  0.69229  
0.73489  0.678186  2.26324  2.35642  2.17704  2  1.0575  0.716365  
0.812169  0.583611  2.26324  2.35642  2.17704  2  1.03793  3.47245e-62  
0.788293  0.615345  2.26324  2.35642  2.17704  2  1  0  
0.904822  0.425792  2.26324  2.35642  2.17704  2  0.409178  1.0995  
0.9576  0.288356  2.26324  2.35642  2.17704  2  0.264803  1.17031  
0.884665  0.466387  2.26324  2.35642  2.17704  2  0.970405  0.508626  
0.20452  0.978885  2.26324  2.35642  2.17704  2  0.645984  1.08263  
0.340561  0.940491  2.26324  2.35642  2.17704  2  0.485155  1.07893  
0.408845  0.912689  2.26324  2.35642  2.17704  2  1.0727  7.23004e-34  
0.245482  0.969401  2.26324  2.35642  2.17704  2  1.17704  6.24871e-185  
6.12323e-17  1  2.26324  2.35642  2.17704  2  1.07469  1.31157e-221  
0.850001  0.526827  2.26324  2.35642  2.17704  2  1.00276  0.749611  
0.224376  0.974507  2.26324  2.35642  2.17704  2  0.84948  0.670494  
0.965054  0.262053  2.26324  2.35642  2.17704  2  1.07377  6.20176e-198  
1  2.56638e-61  2.26324  2.35642  2.17704  2  0.0353158  1.10758  
0.695478  0.718547  2  2  2  2  0.541652  0.840665  
0.879771  0.475612  2  2  2  2  0.376622  0.926471  
0.979525  0.201323  2  2  2  2  0.946841  0.321882  
0.773539  0.633749  2  2  2  2  0.677666  0.735462  
0.831475  0.555562  2  2  2  2  0.273799  0.961835  
0.611763  0.791043  2  2  2  2  0.183503  0.983047  
0.6724  0.740237  2  2  2  2  0.722996  0.690852  
0.70431  0.7099  2  2  2  2  0.90374  0.428131  
0.780878  0.624683  2  2  2  2  0.760105  0.649992  
0.639979  0.768393  2  2  2  2  0.82423  0.566396  
0.563564  0.826104  2  2  2  2  0.646914  0.762747  
0.589772  0.80757  2  2  2  2  0.519462  0.854577  
0.797219  0.603744  2  2  2  2  0.93129  0.364382  
0.873563  0.486712  2  2  2  2  0.258331  0.966114  
0.538833  0.842413  2  2  2  2  0.733452  0.679789  
0.582186  0.813056  2  2  2  2  0.708471  0.705829  
0.983351  0.181733  2  2  2  2  0.83075  0.556802  
0.862413  0.50632  2  2  2  2  0.552109  0.834054  
0.924364  0.381512  2  2  2  2  0.915206  0.402987  
0.719206  0.694813  2  2  2  2  0.792231  0.610456  
0.0948288  0.995528  2  2  2  2  0.875383  0.483491  
0.504353  0.863498  2  2  2  2  0.754599  0.656212  
0.727287  0.686385  2  2  2  2  0.563153  0.826402  
0.323719  0.946153  2  2  2  2  0.971476  0.237259  
0.656243  0.754635  2  2  2  2  0.868995  0.494863  
0.389707  0.920939  2  2  2  2  0.984092  0.177834  
0.897844  0.440314  2  2  2  2  0.99514  0.0988166  
0.306956  0.95178  2  2  2  2  0.391123  0.920408  
0.648674  0.761147  2  2  2  2  0.85394  0.520515  
0.74217  0.670212  2  2  2  2  0.467088  0.884223  
0.14122  0.989978  2  2  2  2  0.741429  0.671125  
0.891713  0.452601  2  2  2  2  0.881123  0.473046  
0.663561  0.748122  2  2  2  2  0.529613  0.848331  
0.868371  0.495915  2  2  2  2  0.920879  0.389927  
0.688337  0.725391  2  2  2  2  0.589543  0.80783  
0.621799  0.783177  2  2  2  2  0.57396  0.819104  
0.918021  0.396533  2  2  2  2  0.9092  0.416378  
0.968064  0.250703  2  2  2  2  0.416304  0.909296  
0.960916  0.276845  2  2  2  2  0.144784  0.989512  
0.480903  0.876774  2  2  2  2  0.886481  0.463014  
0.856009  0.517052  2  2  2  2  0.334577  0.942441  
0.455593  0.890219  2  2  2  2  0.767395  0.641196  
0.0616281  0.998099  2  2  2  2  0.222191  0.975028  
0.573552  0.819169  2  2  2  2  0.68528  0.728363  
0.278071  0.960694  2  2  2  2  0.95632  0.292495  
0.601209  0.799171  2  2  2  2  0.960657  0.277947  
0.975514  0.219936  2  2  2  2  0.716511  0.69765  
0.936535  0.350575  2  2  2  2  0.320733  0.947206  
0.442029  0.897001  2  2  2  2  0.429763  0.902972  
0.162969  0.986674  2  2  2  2  0.657418  0.753623  
0.98701  0.160658  2  2  2  2  0.442541  0.896774  
0.817919  0.575335  2  2  2  2  0.402312  0.915527  
0.54732  0.836934  2  2  2  2  0.783516  0.621406  
0.293728  0.955889  2  2  2  2  0.893474  0.449248  
0.373662  0.927565  2  2  2  2  0.582345  0.812942  
0.119607  0.992822  2  2  2  2  0.0644806  0.997962  
0.468658  0.883393  2  2  2  2  0.808955  0.588142  
0.261508  0.965273  2  2  2  2  0.99776  0.0669771  
0.837249  0.546871  2  2  2  2  0.614302  0.789186  
0.493005  0.870026  2  2  2  2  0.774305  0.632921  
0.930151  0.367176  2  2  2  2  0.668289  0.743926  
0.679171  0.73398  2  2  2  2  0.701461  0.712846  
0.517983  0.855395  2  2  2  2  6.12323e-17  1  
0.357819  0.933791  2  2  2  2  0.204146  0.978993  
0.911487  0.41134  2  2  2  2  0.975619  0.219625  
0.990185  0.139766  2  2  2  2  0.596916  0.802449  
0.971791  0.235842  2  2  2  2  0.306956  0.95178  
0.843339  0.537405  2  2  2  2  0.501092  0.865435  
0.766249  0.642544  2  2  2  2  0.121618  0.992595  
0.631964  0.774997  2  2  2  2  0.988399  0.152058  
0.711434  0.702765  2  2  2  2  0.347622  0.937679  
0.993018  0.117965  2  2  2  2  0.455593  0.890219  
0.995667  0.092995  2  2  2  2  0.605806  0.795721  
0.183503  0.983047  2  2  2  2  0.991799  0.128123  
0.997999  0.0632232  2  2  2  2  0.0948288  0.995528  
0.948288  0.317411  2  2  2  2  0.624372  0.781147  
0.952683  0.303964  2  2  2  2  0.979608  0.201063  
0.82423  0.566396  2  2  2  2  0.860865  0.508926  
0.750966  0.660443  2  2  2  2  0.491986  0.8707  
0.425307  0.905049  2  2  2  2  0.635317  0.772394  
0.942597  0.333932  2  2  2  2  0.162969  0.986674  
0.556137  0.831136  2  2  2  2  0.289635  0.957163  
0.528542  0.848907  2  2  2  2  0.479076  0.877864  
0.803989  0.594813  2  2  2  2  0.509915  0.860272  
0.758658  0.651565  2  2  2  2  0.968191  0.250836  
0.73489  0.678186  2  2  2  2  0.951912  0.306475  
0.81039  0.586115  2  2  2  2  0.243598  0.969982  
0.788227  0.615391  2  2  2  2  1  0  
0.904822  0.425792  2  2  2  2  0.845436  0.534172  
0.956798  0.291018  2  2  2  2  0.89861  0.438995  
0.885923  0.463902  2  2  2  2  0.748592  0.663202  
0.20452  0.978885  2  2  2  2  0.362945  0.931874  
0.339654  0.940596  2  2  2  2  0.941689  0.336647  
0.406415  0.913743  2  2  2  2  0.964906  0.262771  
0.245482  0.969401  2  2  2  2  0.816342  0.577653  
6.12323e-17  1  2  2  2  2  0.926148  0.377299  
0.850001  0.526827  2  2  2  2  0.936569  0.350556  
0.224376  0.974507  2  2  2  2  0.837249  0.546871  
0.965054  0.262053  2  2  2  2  0.800542  0.599294  
1  2.56638e-61  2  2  2  2  0.692568  0.72139  
0.695739  0.718295  2  2  2  2  0.541264  0.840853  
0.881033  0.473054  2  2  2  2  0.376279  0.926507  
0.979747  0.200237  2  2  2  2  0.946645  0.322279  
0.773539  0.633749  2  2  2  2  0.674603  0.738181  
0.830875  0.55646  2  2  2  2  0.274926  0.961465  
0.612258  0.790658  2  2  2  2  0.185117  0.982716  
0.672044  0.740512  2  2  2  2  0.724819  0.688939  
0.703743  0.710454  2  2  2  2  0.903932  0.427676  
0.781157  0.624334  2  2  2  2  0.762275  0.647253  
0.639056  0.76916  2  2  2  2  0.823724  0.566992  
0.565651  0.824645  2  2  2  2  0.646667  0.762773  
0.593608  0.804755  2  2  2  2  0.520953  0.853585  
0.796078  0.605195  2  2  2  2  0.931453  0.363861  
0.875038  0.484054  2  2  2  2  0.258337  0.966055  
0.536001  0.844217  2  2  2  2  0.732609  0.680649  
0.584262  0.811565  2  2  2  2  0.708709  0.705501  
0.983316  0.181907  2  2  2  2  0.831303  0.55582  
0.862665  0.505775  2  2  2  2  0.551163  0.834398  
0.924103  0.382142  2  2  2  2  0.91513  0.403159  
0.71941  0.694586  2  2  2  2  0.792747  0.609551  
0.0942974  0.995544  2  2  2  2  0.873777  0.486326  
0.502418  0.864625  2  2  2  2  0.754934  0.6558  
0.727176  0.686451  2  2  2  2  0.560955  0.827846  
0.327372  0.944896  2  2  2  2  0.973257  0.229717  
0.655857  0.754885  2  2  2  2  0.867238  0.497895  
0.392593  0.919713  2  2  2  2  0.984844  0.173444  
0.899751  0.436408  2  2  2  2  0.994971  0.100165  
0.310995  0.950411  2  2  2  2  0.389611  0.92098  
0.647407  0.762144  2  2  2  2  0.853537  0.521033  
0.742664  0.669664  2  2  2  2  0.466182  0.884689  
0.143712  0.98962  2  2  2  2  0.740211  0.672374  
0.893648  0.448769  2  2  2  2  0.880098  0.474792  
0.664035  0.747701  2  2  2  2  0.531215  0.847237  
0.868849  0.495077  2  2  2  2  0.92065  0.390388  
0.687898  0.725807  2  2  2  2  0.589466  0.807794  
0.62144  0.783461  2  2  2  2  0.570623  0.821212  
0.918144  0.396247  2  2  2  2  0.909546  0.415603  
0.968284  0.249852  2  2  2  2  0.416254  0.909248  
0.959917  0.280285  2  2  2  2  0.143712  0.98962  
0.477868  0.878432  2  2  2  2  0.886373  0.462973  
0.856274  0.516522  2  2  2  2  0.334935  0.942241  
0.450996  0.892526  2  2  2  2  0.770036  0.638001  
0.0628759  0.998021  2  2  2  2  0.22309  0.974798  
0.57492  0.81821  2  2  2  2  0.683435  0.730012  
0.276598  0.960986  2  2  2  2  0.956032  0.293262  
0.602997  0.797744  2  2  2  2  0.96051  0.278247  
0.976067  0.217469  2  2  2  2  0.716858  0.697219  
0.93534  0.35375  2  2  2  2  0.320722  0.947173  
0.437  0.899462  2  2  2  2  0.429084  0.903265  
0.165056  0.986284  2  2  2  2  0.65613  0.754648  
0.986747  0.162268  2  2  2  2  0.441666  0.89718  
0.817439  0.576016  2  2  2  2  0.403114  0.91515  
0.546201  0.837654  2  2  2  2  0.785086  0.619387  
0.293943  0.955823  2  2  2  2  0.89232  0.451404  
0.376692  0.926338  2  2  2  2  0.580082  0.814558  
0.120372  0.992729  2  2  2  2  0.0628759  0.998021  
0.464369  0.885642  2  2  2  2  0.808246  0.588844  
0.259333  0.965788  2  2  2  2  0.997762  0.0668685  
0.837421  0.546559  2  2  2  2  0.6178  0.786335  
0.49031  0.871548  2  2  2  2  0.777633  0.628719  
0.929829  0.367991  2  2  2  2  0.665477  0.746418  
0.679987  0.733224  2  2  2  2  0.700491  0.713661  
0.514396  0.857553  2  2  2  2  6.12323e-17  1  
0.36043  0.932786  2  2  2  2  0.204416  0.978884  
0.912089  0.409992  2  2  2  2  0.977236  0.212155  
0.98999  0.14114  2  2  2  2  0.59898  0.800764  
0.972226  0.234043  2  2  2  2  0.306077  0.952007  
0.843798  0.536661  2  2  2  2  0.499941  0.866059  
0.765868  0.642997  2  2  2  2  0.120372  0.992729  
0.630262  0.776383  2  2  2  2  0.988462  0.15147  
0.711537  0.702649  2  2  2  2  0.34891  0.937156  
0.993005  0.118069  2  2  2  2  0.454086  0.890958  
0.995718  0.0924399  2  2  2  2  0.608477  0.793572  
0.185117  0.982716  2  2  2  2  0.991859  0.127339  
0.998098  0.0616422  2  2  2  2  0.0942974  0.995544  
0.945986  0.324207  2  2  2  2  0.627462  0.778648  
0.950841  0.309679  2  2  2  2  0.981097  0.193518  
0.82426  0.566211  2  2  2  2  0.860598  0.509285  
0.750355  0.661035  2  2  2  2  0.489104  0.872226  
0.422627  0.906304  2  2  2  2  0.637163  0.770729  
0.940724  0.339174  2  2  2  2  0.165056  0.986284  
0.556137  0.83109  2  2  2  2  0.290743  0.956801  
0.525573  0.850749  2  2  2  2  0.477868  0.878432  
0.803349  0.595509  2  2  2  2  0.510623  0.859805  
0.758145  0.652087  2  2  2  2  0.969163  0.24642  
0.734962  0.678108  2  2  2  2  0.95144  0.307833  
0.810485  0.585759  2  2  2  2  0.241069  0.970508  
0.788694  0.614786  2  2  2  2  1  0  
0.905877  0.42354  2  2  2  2  0.846326  0.532665  
0.955442  0.295178  2  2  2  2  0.898209  0.439569  
0.887286  0.461219  2  2  2  2  0.747559  0.664196  
0.204416  0.978884  2  2  2  2  0.362644  0.931928  
0.344207  0.938894  2  2  2  2  0.941745  0.336328  
0.407981  0.91299  2  2  2  2  0.964887  0.262664  
0.24174  0.970341  2  2  2  2  0.816022  0.578021  
6.12323e-17  1  2  2  2  2  0.926062  0.377373  
0.85005  0.526703  2  2  2  2  0.936722  0.350075  
0.223676  0.974664  2  2  2  2  0.838863  0.544342  
0.964202  0.265169  2  2  2  2  0.800392  0.599476  
1  1.92507e-87  2  2  2  2  0.692116  0.721787  
0.695887  0.718151  2  2  2  2  0.541233  0.840873  
0.881409  0.472355  2  2  2  2  0.37647  0.926429  
0.979801  0.199974  2  2  2  2  0.946645  0.322279  
0.773546  0.63374  2  2  2  2  0.674441  0.738329  
0.830827  0.556531  2  2  2  2  0.274883  0.961478  
0.612166  0.790729  2  2  2  2  0.185448  0.982654  
0.672009  0.740543  2  2  2  2  0.724734  0.689029  
0.703775  0.710423  2  2  2  2  0.903932  0.427676  
0.781157  0.624334  2  2  2  2  0.762805  0.646629  
0.638683  0.76947  2  2  2  2  0.823753  0.566949  
0.565197  0.824956  2  2  2  2  0.646718  0.762729  
0.59365  0.804723  2  2  2  2  0.520836  0.853657  
0.796078  0.605195  2  2  2  2  0.931453  0.363861  
0.875201  0.48376  2  2  2  2  0.258337  0.966055  
0.534645  0.845077  2  2  2  2  0.732484  0.680784  
0.584224  0.811592  2  2  2  2  0.708709  0.705501  
0.983378  0.18157  2  2  2  2  0.831363  0.55573  
0.862678  0.505753  2  2  2  2  0.551163  0.834398  
0.923944  0.382527  2  2  2  2  0.915187  0.40303  
0.719577  0.694412  2  2  2  2  0.793123  0.609062  
0.0943972  0.995535  2  2  2  2  0.873563  0.48671  
0.50047  0.865754  2  2  2  2  0.755138  0.655565  
0.72724  0.686384  2  2  2  2  0.560955  0.827846  
0.328273  0.944583  2  2  2  2  0.973279  0.229628  
0.65572  0.755004  2  2  2  2  0.866912  0.498461  
0.392092  0.919926  2  2  2  2  0.985061  0.172205  
0.900025  0.435839  2  2  2  2  0.995089  0.0989854  
0.312011  0.950078  2  2  2  2  0.39002  0.920806  
0.64727  0.762261  2  2  2  2  0.853147  0.52167  
0.742832  0.669478  2  2  2  2  0.465933  0.88482  
0.144037  0.989572  2  2  2  2  0.740085  0.672513  
0.893842  0.448382  2  2  2  2  0.879982  0.475008  
0.663923  0.747801  2  2  2  2  0.531044  0.847344  
0.868908  0.494973  2  2  2  2  0.920703  0.390264  
0.687919  0.725787  2  2  2  2  0.589774  0.807569  
0.621239  0.783622  2  2  2  2  0.570623  0.821212  
0.918144  0.396247  2  2  2  2  0.909562  0.415568  
0.968267  0.249919  2  2  2  2  0.416254  0.909248  
0.959766  0.2808  2  2  2  2  0.143712  0.98962  
0.475773  0.879568  2  2  2  2  0.886285  0.46314  
0.856449  0.516231  2  2  2  2  0.335081  0.942189  
0.449767  0.893146  2  2  2  2  0.770359  0.63761  
0.0628759  0.998021  2  2  2  2  0.223201  0.974772  
0.57471  0.818357  2  2  2  2  0.683319  0.73012  
0.277894  0.960612  2  2  2  2  0.956032  0.293262  
0.602997  0.797744  2  2  2  2  0.960531  0.278173  
0.976067  0.217469  2  2  2  2  0.716716  0.697365  
0.935088  0.354414  2  2  2  2  0.320722  0.947173  
0.435631  0.900125  2  2  2  2  0.429057  0.903277  
0.166013  0.986123  2  2  2  2  0.65613  0.754648  
0.986781  0.162058  2  2  2  2  0.441594  0.897215  
0.817296  0.576219  2  2  2  2  0.403271  0.915081  
0.54511  0.838364  2  2  2  2  0.785519  0.618838  
0.295044  0.955484  2  2  2  2  0.89231  0.451424  
0.376766  0.926309  2  2  2  2  0.580189  0.814482  
0.120682  0.992691  2  2  2  2  0.0628759  0.998021  
0.463043  0.886336  2  2  2  2  0.808483  0.588519  
0.260452  0.965487  2  2  2  2  0.997817  0.0660406  
0.837349  0.546669  2  2  2  2  0.618335  0.785915  
0.488204  0.872729  2  2  2  2  0.778002  0.628262  
0.929591  0.368593  2  2  2  2  0.665389  0.746497  
0.680008  0.733204  2  2  2  2  0.700475  0.713677  
0.512221  0.858853  2  2  2  2  6.12323e-17  1  
0.360891  0.932608  2  2  2  2  0.204715  0.978822  
0.912207  0.409729  2  2  2  2  0.977399  0.211405  
0.98999  0.14114  2  2  2  2  0.599274  0.800544  
0.972238  0.233996  2  2  2  2  0.30606  0.952012  
0.843798  0.536661  2  2  2  2  0.499746  0.866172  
0.765908  0.642951  2  2  2  2  0.120372  0.992729  
0.63004  0.776562  2  2  2  2  0.988659  0.15018  
0.711759  0.702424  2  2  2  2  0.349142  0.93707  
0.992979  0.118294  2  2  2  2  0.453955  0.891025  
0.995713  0.0924958  2  2  2  2  0.608698  0.793402  
0.186441  0.982466  2  2  2  2  0.992022  0.126064  
0.998098  0.0616422  2  2  2  2  0.0942974  0.995544  
0.94561  0.325301  2  2  2  2  0.627877  0.778312  
0.950506  0.310707  2  2  2  2  0.981341  0.192276  
0.824157  0.566361  2  2  2  2  0.86013  0.510075  
0.750506  0.660864  2  2  2  2  0.48895  0.872312  
0.42175  0.906712  2  2  2  2  0.637217  0.770684  
0.940438  0.339966  2  2  2  2  0.165314  0.986241  
0.555425  0.831566  2  2  2  2  0.290743  0.956801  
0.523651  0.851933  2  2  2  2  0.477681  0.878533  
0.803271  0.595613  2  2  2  2  0.510402  0.859936  
0.758212  0.652008  2  2  2  2  0.969153  0.24646  
0.735062  0.678  2  2  2  2  0.951398  0.307963  
0.810321  0.585987  2  2  2  2  0.241069  0.970508  
0.788691  0.61479  2  2  2  2  1  0  
0.906117  0.423027  2  2  2  2  0.846071  0.533071  
0.955195  0.295977  2  2  2  2  0.898172  0.439645  
0.887691  0.46044  2  2  2  2  0.747592  0.664158  
0.206097  0.978532  2  2  2  2  0.362896  0.93183  
0.344734  0.9387  2  2  2  2  0.941745  0.336328  
0.40713  0.91337  2  2  2  2  0.964887  0.262664  
0.24253  0.970144  2  2  2  2  0.816161  0.577825  
6.12323e-17  1  2  2  2  2  0.926122  0.377223  
0.850112  0.526602  2  2  2  2  0.936673  0.350204  
0.224763  0.974413  2  2  2  2  0.838696  0.5446  
0.964077  0.265623  2  2  2  2  0.800926  0.598763  
1  1.92507e-87  2  2  2  2  0.691944  0.721952  
0.696072  0.717972  2  2  2  2  0.541108  0.840953  
0.881759  0.471699  2  2  2  2  0.376756  0.926313  
0.979801  0.199974  2  2  2  2  0.946637  0.322303  
0.773571  0.63371  2  2  2  2  0.674302  0.738456  
0.830748  0.556649  2  2  2  2  0.274775  0.961508  
0.612166  0.790729  2  2  2  2  0.185906  0.982567  
0.672009  0.740543  2  2  2  2  0.724626  0.689142  
0.703924  0.710276  2  2  2  2  0.903903  0.427738  
0.781157  0.624334  2  2  2  2  0.762864  0.646558  
0.638707  0.76945  2  2  2  2  0.823777  0.566914  
0.564876  0.825176  2  2  2  2  0.646836  0.762629  
0.59365  0.804723  2  2  2  2  0.520609  0.853795  
0.796006  0.605289  2  2  2  2  0.931434  0.363911  
0.875471  0.483271  2  2  2  2  0.258184  0.966096  
0.534004  0.845482  2  2  2  2  0.732463  0.680807  
0.58414  0.811653  2  2  2  2  0.708542  0.705669  
0.983378  0.18157  2  2  2  2  0.831327  0.555784  
0.862873  0.505422  2  2  2  2  0.551138  0.834414  
0.923789  0.382901  2  2  2  2  0.915187  0.40303  
0.719664  0.694322  2  2  2  2  0.793505  0.608563  
0.094532  0.995522  2  2  2  2  0.873353  0.487087  
0.499971  0.866042  2  2  2  2  0.755497  0.655152  
0.72741  0.686203  2  2  2  2  0.560955  0.827846  
0.328828  0.94439  2  2  2  2  0.973521  0.228597  
0.655654  0.755061  2  2  2  2  0.866793  0.498669  
0.392092  0.919926  2  2  2  2  0.985238  0.171193  
0.900045  0.435797  2  2  2  2  0.995168  0.0981885  
0.31226  0.949997  2  2  2  2  0.390087  0.920778  
0.64727  0.762261  2  2  2  2  0.853034  0.521856  
0.742865  0.669441  2  2  2  2  0.465564  0.885014  
0.144456  0.989511  2  2  2  2  0.74014  0.672453  
0.893973  0.44812  2  2  2  2  0.879801  0.475342  
0.663923  0.747801  2  2  2  2  0.530953  0.847401  
0.86914  0.494567  2  2  2  2  0.920703  0.390264  
0.688081  0.725634  2  2  2  2  0.589774  0.807569  
0.621122  0.783714  2  2  2  2  0.570623  0.821212  
0.918118  0.396308  2  2  2  2  0.909568  0.415556  
0.968213  0.250129  2  2  2  2  0.416274  0.909239  
0.9596  0.281368  2  2  2  2  0.144091  0.989564  
0.475365  0.879789  2  2  2  2  0.886123  0.46345  
0.856488  0.516167  2  2  2  2  0.335081  0.942189  
0.449152  0.893455  2  2  2  2  0.770359  0.63761  
0.0629701  0.998015  2  2  2  2  0.223522  0.974699  
0.574577  0.818451  2  2  2  2  0.683188  0.730243  
0.278405  0.960464  2  2  2  2  0.956052  0.293197  
0.602997  0.797744  2  2  2  2  0.960575  0.27802  
0.976089  0.217371  2  2  2  2  0.716613  0.697471  
0.93485  0.355044  2  2  2  2  0.320722  0.947173  
0.435483  0.900197  2  2  2  2  0.429057  0.903277  
0.16651  0.98604  2  2  2  2  0.65612  0.754657  
0.986781  0.162058  2  2  2  2  0.441541  0.897241  
0.817278  0.576243  2  2  2  2  0.403271  0.915081  
0.544499  0.838762  2  2  2  2  0.7858  0.618481  
0.295515  0.955338  2  2  2  2  0.892226  0.451588  
0.376766  0.926309  2  2  2  2  0.580239  0.814446  
0.12083  0.992673  2  2  2  2  0.0628759  0.998021  
0.462404  0.886669  2  2  2  2  0.808687  0.588239  
0.261155  0.965297  2  2  2  2  0.997858  0.0654177  
0.837349  0.546669  2  2  2  2  0.61841  0.785856  
0.487701  0.873011  2  2  2  2  0.778124  0.62811  
0.929456  0.368933  2  2  2  2  0.665313  0.746565  
0.680008  0.733204  2  2  2  2  0.700246  0.713902  
0.511993  0.85899  2  2  2  2  6.12323e-17  1  
0.361076  0.932536  2  2  2  2  0.20519  0.978722  
0.912183  0.409784  2  2  2  2  0.977612  0.210414  
0.98999  0.14114  2  2  2  2  0.599357  0.800482  
0.972238  0.233996  2  2  2  2  0.305863  0.952075  
0.843798  0.536661  2  2  2  2  0.499355  0.866397  
0.765942  0.642909  2  2  2  2  0.120548  0.992707  
0.62994  0.776644  2  2  2  2  0.988777  0.149397  
0.711822  0.70236  2  2  2  2  0.349142  0.93707  
0.992985  0.118238  2  2  2  2  0.453731  0.891139  
0.995713  0.0924958  2  2  2  2  0.608919  0.793232  
0.186961  0.982367  2  2  2  2  0.99211  0.125374  
0.998098  0.0616422  2  2  2  2  0.0942974  0.995544  
0.94527  0.326289  2  2  2  2  0.628038  0.778182  
0.950188  0.311678  2  2  2  2  0.981482  0.191555  
0.824018  0.566564  2  2  2  2  0.859983  0.510322  
0.750509  0.660861  2  2  2  2  0.488417  0.87261  
0.42142  0.906865  2  2  2  2  0.637442  0.770499  
0.940148  0.340766  2  2  2  2  0.165585  0.986196  
0.554963  0.831875  2  2  2  2  0.290625  0.956837  
0.523257  0.852175  2  2  2  2  0.477186  0.878802  
0.803172  0.595748  2  2  2  2  0.510027  0.860159  
0.758258  0.651955  2  2  2  2  0.969347  0.245694  
0.735173  0.67788  2  2  2  2  0.951398  0.307963  
0.810273  0.586052  2  2  2  2  0.24113  0.970493  
0.788652  0.61484  2  2  2  2  1  0  
0.906173  0.422906  2  2  2  2  0.845936  0.533284  
0.955049  0.296447  2  2  2  2  0.898136  0.439718  
0.887832  0.460167  2  2  2  2  0.747805  0.663919  
0.206482  0.97845  2  2  2  2  0.363136  0.931736  
0.345262  0.938507  2  2  2  2  0.9417  0.336454  
0.406983  0.913436  2  2  2  2  0.965011  0.26221  
0.243243  0.969965  2  2  2  2  0.816289  0.577644  
6.12323e-17  1  2  2  2  2  0.926122  0.377223  
0.85015  0.526541  2  2  2  2  0.936623  0.350338  
0.225109  0.974334  2  2  2  2  0.838679  0.544627  
0.963989  0.265944  2  2  2  2  0.801115  0.598511  
1  1.92507e-87  2  2  2  2  0.691851  0.72204  
0.696045  0.717998  2  2  2  2  0.541108  0.840953  
0.881832  0.471563  2  2  2  2  0.376769  0.926307  
0.979801  0.199974  2  2  2  2  0.946607  0.322389  
0.773586  0.633692  2  2  2  2  0.674162  0.738584  
0.830694  0.556729  2  2  2  2  0.274775  0.961508  
0.612109  0.790773  2  2  2  2  0.185906  0.982567  
0.672034  0.74052  2  2  2  2  0.724553  0.689219  
0.704001  0.710198  2  2  2  2  0.903865  0.427817  
0.781157  0.624334  2  2  2  2  0.763123  0.646254  
0.638689  0.769465  2  2  2  2  0.823787  0.566899  
0.564572  0.825384  2  2  2  2  0.646836  0.762629  
0.59365  0.804723  2  2  2  2  0.520489  0.853868  
0.795916  0.605407  2  2  2  2  0.931434  0.363911  
0.875575  0.483081  2  2  2  2  0.258413  0.966035  
0.53353  0.845781  2  2  2  2  0.732426  0.680847  
0.584195  0.811613  2  2  2  2  0.708456  0.705755  
0.983378  0.18157  2  2  2  2  0.831306  0.555816  
0.862925  0.505332  2  2  2  2  0.551095  0.834443  
0.923789  0.382901  2  2  2  2  0.915187  0.40303  
0.719664  0.694322  2  2  2  2  0.793576  0.608471  
0.0952172  0.995457  2  2  2  2  0.873324  0.48714  
0.499586  0.866264  2  2  2  2  0.755566  0.655073  
0.727487  0.686122  2  2  2  2  0.560955  0.827846  
0.329481  0.944162  2  2  2  2  0.973547  0.228486  
0.655654  0.755061  2  2  2  2  0.866704  0.498822  
0.392064  0.919938  2  2  2  2  0.985305  0.170801  
0.900185  0.435508  2  2  2  2  0.995206  0.0977992  
0.313206  0.949685  2  2  2  2  0.390142  0.920755  
0.647239  0.762288  2  2  2  2  0.852997  0.521916  
0.743021  0.669268  2  2  2  2  0.465449  0.885075  
0.145198  0.989403  2  2  2  2  0.740194  0.672393  
0.894123  0.447821  2  2  2  2  0.879772  0.475396  
0.663878  0.747841  2  2  2  2  0.530806  0.847493  
0.869323  0.494245  2  2  2  2  0.920703  0.390264  
0.688081  0.725634  2  2  2  2  0.589937  0.807449  
0.621122  0.783714  2  2  2  2  0.570635  0.821204  
0.918092  0.396367  2  2  2  2  0.909568  0.415556  
0.968094  0.250588  2  2  2  2  0.416274  0.909239  
0.95942  0.281981  2  2  2  2  0.144091  0.989564  
0.475001  0.879985  2  2  2  2  0.886016  0.463655  
0.856606  0.515971  2  2  2  2  0.335181  0.942154  
0.449014  0.893525  2  2  2  2  0.770795  0.637083  
0.0634956  0.997982  2  2  2  2  0.223522  0.974699  
0.574478  0.81852  2  2  2  2  0.683026  0.730394  
0.279071  0.96027  2  2  2  2  0.956052  0.293197  
0.602997  0.797744  2  2  2  2  0.960607  0.277912  
0.976076  0.21743  2  2  2  2  0.71659  0.697495  
0.934797  0.355182  2  2  2  2  0.320666  0.947192  
0.435283  0.900294  2  2  2  2  0.429057  0.903277  
0.166841  0.985984  2  2  2  2  0.65612  0.754657  
0.986781  0.162058  2  2  2  2  0.441541  0.897241  
0.817169  0.576398  2  2  2  2  0.403271  0.915081  
0.544145  0.838991  2  2  2  2  0.786058  0.618153  
0.296352  0.955079  2  2  2  2  0.892059  0.45192  
0.376953  0.926232  2  2  2  2  0.580282  0.814416  
0.12164  0.992574  2  2  2  2  0.0628759  0.998021  
0.462113  0.886821  2  2  2  2  0.808792  0.588095  
0.261738  0.965139  2  2  2  2  0.997858  0.0654177  
0.837309  0.546731  2  2  2  2  0.618669  0.785652  
0.487434  0.87316  2  2  2  2  0.778417  0.627747  
0.929345  0.369212  2  2  2  2  0.665193  0.746671  
0.680096  0.733123  2  2  2  2  0.700111  0.714034  
0.511287  0.85941  2  2  2  2  6.12323e-17  1  
0.36135  0.93243  2  2  2  2  0.20519  0.978722  
0.912202  0.409742  2  2  2  2  0.977655  0.210218  
0.98999  0.14114  2  2  2  2  0.599698  0.800226  
0.972193  0.234181  2  2  2  2  0.305863  0.952075  
0.843798  0.536661  2  2  2  2  0.499063  0.866566  
0.76613  0.642685  2  2  2  2  0.120634  0.992697  
0.62994  0.776644  2  2  2  2  0.988846  0.148939  
0.711841  0.702341  2  2  2  2  0.349313  0.937006  
0.992985  0.118238  2  2  2  2  0.453662  0.891174  
0.995713  0.0924958  2  2  2  2  0.609197  0.793019  
0.187193  0.982323  2  2  2  2  0.992164  0.124944  
0.998098  0.0616422  2  2  2  2  0.0943085  0.995543  
0.94519  0.32652  2  2  2  2  0.628156  0.778087  
0.950099  0.311949  2  2  2  2  0.98157  0.191104  
0.823978  0.566622  2  2  2  2  0.859979  0.51033  
0.750693  0.660651  2  2  2  2  0.488  0.872843  
0.421271  0.906935  2  2  2  2  0.637517  0.770437  
0.940046  0.341047  2  2  2  2  0.165718  0.986173  
0.554486  0.832193  2  2  2  2  0.290573  0.956853  
0.522591  0.852584  2  2  2  2  0.476865  0.878976  
0.803105  0.595837  2  2  2  2  0.50986  0.860257  
0.758471  0.651707  2  2  2  2  0.969366  0.245621  
0.735173  0.67788  2  2  2  2  0.951393  0.307981  
0.810199  0.586154  2  2  2  2  0.24124  0.970466  
0.788621  0.61488  2  2  2  2  1  0  
0.906222  0.422802  2  2  2  2  0.84589  0.533357  
0.954786  0.297293  2  2  2  2  0.897968  0.440062  
0.887974  0.459894  2  2  2  2  0.747918  0.663791  
0.206869  0.978369  2  2  2  2  0.363136  0.931736  
0.345596  0.938383  2  2  2  2  0.941679  0.336513  
0.406915  0.913466  2  2  2  2  0.96505  0.262066  
0.243946  0.969789  2  2  2  2  0.816289  0.577644  
6.12323e-17  1  2  2  2  2  0.926122  0.377223  
0.850212  0.52644  2  2  2  2  0.936623  0.350338  
0.225583  0.974224  2  2  2  2  0.838657  0.54466  
0.963858  0.266415  2  2  2  2  0.801196  0.598403  
1  1.92507e-87  2  2  2  2  0.691648  0.722235  
0.696074  0.71797  2  2  2  2  0.541085  0.840968  
0.881876  0.471482  2  2  2  2  0.376769  0.926307  
0.979801  0.199974  2  2  2  2  0.946607  0.322389  
0.773644  0.63362  2  2  2  2  0.674162  0.738584  
0.830685  0.556743  2  2  2  2  0.2747  0.96153  
0.612109  0.790773  2  2  2  2  0.186181  0.982515  
0.672034  0.74052  2  2  2  2  0.724486  0.689289  
0.704001  0.710198  2  2  2  2  0.903812  0.427931  
0.781135  0.624362  2  2  2  2  0.763254  0.646098  
0.638653  0.769495  2  2  2  2  0.823875  0.566772  
0.564476  0.82545  2  2  2  2  0.646836  0.762629  
0.593624  0.804742  2  2  2  2  0.520423  0.853909  
0.795848  0.605497  2  2  2  2  0.931434  0.363911  
0.875738  0.482787  2  2  2  2  0.258339  0.966054  
0.532783  0.846252  2  2  2  2  0.732387  0.680889  
0.584121  0.811667  2  2  2  2  0.708219  0.705993  
0.983378  0.18157  2  2  2  2  0.831301  0.555823  
0.863176  0.504903  2  2  2  2  0.551095  0.834443  
0.923789  0.382901  2  2  2  2  0.915187  0.40303  
0.719681  0.694305  2  2  2  2  0.79364  0.608388  
0.0952172  0.995457  2  2  2  2  0.873224  0.487318  
0.49878  0.866729  2  2  2  2  0.755622  0.655008  
0.727622  0.685978  2  2  2  2  0.560974  0.827834  
0.329687  0.94409  2  2  2  2  0.973577  0.22836  
0.655565  0.755139  2  2  2  2  0.866704  0.498822  
0.392032  0.919952  2  2  2  2  0.985305  0.170801  
0.900331  0.435206  2  2  2  2  0.995204  0.097819  
0.3133  0.949654  2  2  2  2  0.390142  0.920755  
0.647155  0.762359  2  2  2  2  0.852905  0.522066  
0.743172  0.669101  2  2  2  2  0.465449  0.885075  
0.145456  0.989365  2  2  2  2  0.740205  0.672381  
0.894237  0.447595  2  2  2  2  0.879646  0.475628  
0.663878  0.747841  2  2  2  2  0.530835  0.847475  
0.869496  0.49394  2  2  2  2  0.920703  0.390264  
0.688087  0.725629  2  2  2  2  0.5902  0.807257  
0.621122  0.783714  2  2  2  2  0.570839  0.821062  
0.918057  0.396449  2  2  2  2  0.909568  0.415556  
0.967992  0.250981  2  2  2  2  0.416274  0.909239  
0.959316  0.282333  2  2  2  2  0.144381  0.989522  
0.47462  0.880191  2  2  2  2  0.885892  0.463891  
0.856771  0.515698  2  2  2  2  0.335181  0.942154  
0.448692  0.893687  2  2  2  2  0.770869  0.636994  
0.0634956  0.997982  2  2  2  2  0.223712  0.974655  
0.574413  0.818566  2  2  2  2  0.682964  0.730452  
0.280232  0.959932  2  2  2  2  0.956069  0.29314  
0.60291  0.797809  2  2  2  2  0.960623  0.277857  
0.976005  0.217747  2  2  2  2  0.716431  0.697658  
0.934708  0.355418  2  2  2  2  0.320666  0.947192  
0.435071  0.900396  2  2  2  2  0.429016  0.903297  
0.167191  0.985925  2  2  2  2  0.65605  0.754718  
0.986781  0.162058  2  2  2  2  0.441494  0.897264  
0.817051  0.576565  2  2  2  2  0.403315  0.915061  
0.543628  0.839326  2  2  2  2  0.786114  0.618082  
0.296748  0.954956  2  2  2  2  0.892027  0.451981  
0.376953  0.926232  2  2  2  2  0.580547  0.814227  
0.121851  0.992548  2  2  2  2  0.0629312  0.998018  
0.46166  0.887057  2  2  2  2  0.808792  0.588095  
0.262947  0.96481  2  2  2  2  0.997869  0.0652545  
0.837293  0.546754  2  2  2  2  0.618823  0.785531  
0.48688  0.873469  2  2  2  2  0.778476  0.627674  
0.929345  0.369212  2  2  2  2  0.665141  0.746718  
0.680096  0.733123  2  2  2  2  0.69995  0.714192  
0.510596  0.859821  2  2  2  2  6.12323e-17  1  
0.361627  0.932323  2  2  2  2  0.205354  0.978688  
0.912202  0.409742  2  2  2  2  0.977655  0.210218  
0.989998  0.141078  2  2  2  2  0.599813  0.80014  
0.972101  0.234561  2  2  2  2  0.305793  0.952098  
0.843798  0.536661  2  2  2  2  0.499063  0.866566  
0.766054  0.642776  2  2  2  2  0.120634  0.992697  
0.62994  0.776644  2  2  2  2  0.988857  0.148868  
0.711841  0.702341  2  2  2  2  0.349313  0.937006  
0.992985  0.118238  2  2  2  2  0.453662  0.891174  
0.995713  0.0924958  2  2  2  2  0.609267  0.792965  
0.187777  0.982212  2  2  2  2  0.99219  0.124737  
0.998098  0.0616422  2  2  2  2  0.0943992  0.995534  
0.945024  0.327001  2  2  2  2  0.628257  0.778006  
0.94997  0.312342  2  2  2  2  0.98157  0.191104  
0.823912  0.566718  2  2  2  2  0.859874  0.510507  
0.750802  0.660528  2  2  2  2  0.488059  0.87281  
0.42111  0.90701  2  2  2  2  0.637586  0.770379  
0.939945  0.341326  2  2  2  2  0.166044  0.986118  
0.554184  0.832394  2  2  2  2  0.290452  0.95689  
0.521848  0.853039  2  2  2  2  0.476865  0.878976  
0.803105  0.595837  2  2  2  2  0.50986  0.860257  
0.758471  0.651707  2  2  2  2  0.969366  0.245621  
0.735446  0.677583  2  2  2  2  0.951393  0.307981  
0.810141  0.586235  2  2  2  2  0.241315  0.970447  
0.788558  0.61496  2  2  2  2  1  0  
0.906265  0.42271  2  2  2  2  0.84584  0.533436  
0.954703  0.297561  2  2  2  2  0.897983  0.440029  
0.88805  0.459747  2  2  2  2  0.74793  0.663778  
0.207425  0.978251  2  2  2  2  0.363171  0.931723  
0.345746  0.938328  2  2  2  2  0.941679  0.336513  
0.406763  0.913534  2  2  2  2  0.965065  0.262009  
0.244978  0.969529  2  2  2  2  0.816351  0.577557  
6.12323e-17  1  2  2  2  2  0.926122  0.377223  
0.850233  0.526407  2  2  2  2  0.936623  0.350338  
0.22631  0.974055  2  2  2  2  0.838657  0.54466  
0.963716  0.266931  2  2  2  2  0.801196  0.598403  
1  1.92507e-87  2  2  2  2  0.691496  0.72238  
