5.98401  6.21146  9.17921  9.97399  1.79769e+308  1.79769e+308  5.98401  6.21146  
5.09509  8.7484  9.17921  9.97399  1.79769e+308  1.79769e+308  5.09509  8.7484  
5.3521  6.72284  9.17921  9.97399  1.79769e+308  1.79769e+308  5.3521  6.72284  
6.11889  5.34336  9.17921  9.97399  1.79769e+308  1.79769e+308  6.11889  5.34336  
3.85568  7.48877  9.17921  9.97399  1.79769e+308  1.79769e+308  3.85568  7.48877  
5.5965  7.59135  9.17921  9.97399  1.79769e+308  1.79769e+308  5.5965  7.59135  
4.72493  4.43162  9.17921  9.97399  1.79769e+308  1.79769e+308  4.72493  4.43162  
6.28077  5.41  9.17921  9.97399  1.79769e+308  1.79769e+308  6.28077  5.41  
4.50582  7.25655  9.17921  9.97399  1.79769e+308  1.79769e+308  4.50582  7.25655  
6.74663  7.12312  9.17921  9.97399  1.79769e+308  1.79769e+308  6.74663  7.12312  
5.77056  6.46211  9.17921  9.97399  1.79769e+308  1.79769e+308  5.77056  6.46211  
5.02766  5.2516  9.17921  9.97399  1.79769e+308  1.79769e+308  5.02766  5.2516  
7.22366  4.7574  9.17921  9.97399  1.79769e+308  1.79769e+308  7.22366  4.7574  
6.31353  6.2037  9.17921  9.97399  1.79769e+308  1.79769e+308  6.31353  6.2037  
3.96446  6.52619  9.17921  9.97399  1.79769e+308  1.79769e+308  3.96446  6.52619  
5.56744  6.3019  9.17921  9.97399  1.79769e+308  1.79769e+308  5.56744  6.3019  
6.01891  5.54885  9.17921  9.97399  1.79769e+308  1.79769e+308  6.01891  5.54885  
5.57538  6.82842  9.17921  9.97399  1.79769e+308  1.79769e+308  5.57538  6.82842  
6.3358  3.75602  9.17921  9.97399  1.79769e+308  1.79769e+308  6.3358  3.75602  
5.71265  5.82754  9.17921  9.97399  1.79769e+308  1.79769e+308  5.71265  5.82754  
4.07035  4.56267  9.17921  9.97399  1.79769e+308  1.79769e+308  4.07035  4.56267  
5.03316  6.16288  9.17921  9.97399  1.79769e+308  1.79769e+308  5.03316  6.16288  
3.86786  7.08652  9.17921  9.97399  1.79769e+308  1.79769e+308  3.86786  7.08652  
4.24744  7.09968  9.17921  9.97399  1.79769e+308  1.79769e+308  4.24744  7.09968  
6.11445  5.23918  9.17921  9.97399  1.79769e+308  1.79769e+308  6.11445  5.23918  
5.96888  5.07014  9.17921  9.97399  1.79769e+308  1.79769e+308  5.96888  5.07014  
6.04466  6.53656  9.17921  9.97399  1.79769e+308  1.79769e+308  6.04466  6.53656  
5.24642  6.9935  9.17921  9.97399  1.79769e+308  1.79769e+308  5.24642  6.9935  
6.8743  5.48982  9.17921  9.97399  1.79769e+308  1.79769e+308  6.8743  5.48982  
6.55682  4.35526  9.17921  9.97399  1.79769e+308  1.79769e+308  6.55682  4.35526  
5.26329  6.48083  9.17921  9.97399  1.79769e+308  1.79769e+308  5.26329  6.48083  
4.97962  6.57636  9.17921  9.97399  1.79769e+308  1.79769e+308  4.97962  6.57636  
5.58538  4.42633  9.17921  9.97399  1.79769e+308  1.79769e+308  5.58538  4.42633  
6.60076  4.68651  9.17921  9.97399  1.79769e+308  1.79769e+308  6.60076  4.68651  
5.98722  7.19318  9.17921  9.97399  1.79769e+308  1.79769e+308  5.98722  7.19318  
4.81336  5.13851  9.17921  9.97399  1.79769e+308  1.79769e+308  4.81336  5.13851  
6.88363  4.72893  9.17921  9.97399  1.79769e+308  1.79769e+308  6.88363  4.72893  
4.04266  8.97399  9.17921  9.97399  1.79769e+308  1.79769e+308  4.04266  8.97399  
5.32551  6.80678  9.17921  9.97399  1.79769e+308  1.79769e+308  5.32551  6.80678  
4.87688  5.10827  9.17921  9.97399  1.79769e+308  1.79769e+308  4.87688  5.10827  
7.81518  6.74294  9.17921  9.97399  1.79769e+308  1.79769e+308  7.81518  6.74294  
5.33682  6.27081  9.17921  9.97399  1.79769e+308  1.79769e+308  5.33682  6.27081  
6.59266  4.2046  9.17921  9.97399  1.79769e+308  1.79769e+308  6.59266  4.2046  
3.76209  6.13098  9.17921  9.97399  1.79769e+308  1.79769e+308  3.76209  6.13098  
7.81467  5.84703  9.17921  9.97399  1.79769e+308  1.79769e+308  7.81467  5.84703  
6.57006  8.29837  9.17921  9.97399  1.79769e+308  1.79769e+308  6.57006  8.29837  
4.81991  5.90363  9.17921  9.97399  1.79769e+308  1.79769e+308  4.81991  5.90363  
5.55888  5.30372  9.17921  9.97399  1.79769e+308  1.79769e+308  5.55888  5.30372  
5.52583  3.898  9.17921  9.97399  1.79769e+308  1.79769e+308  5.52583  3.898  
6.955  5.20401  9.17921  9.97399  1.79769e+308  1.79769e+308  6.955  5.20401  
5.28748  4.6104  9.17921  9.97399  1.79769e+308  1.79769e+308  5.28748  4.6104  
7.28108  5.66523  9.17921  9.97399  1.79769e+308  1.79769e+308  7.28108  5.66523  
4.21755  5.47897  9.17921  9.97399  1.79769e+308  1.79769e+308  4.21755  5.47897  
5.93416  6.6127  9.17921  9.97399  1.79769e+308  1.79769e+308  5.93416  6.6127  
6.11973  6.52491  9.17921  9.97399  1.79769e+308  1.79769e+308  6.11973  6.52491  
7.20702  6.35498  9.17921  9.97399  1.79769e+308  1.79769e+308  7.20702  6.35498  
8.17921  7.23958  9.17921  9.97399  1.79769e+308  1.79769e+308  8.17921  7.23958  
5.53977  6.05376  9.17921  9.97399  1.79769e+308  1.79769e+308  5.53977  6.05376  
7.94955  8.71644  9.17921  9.97399  1.79769e+308  1.79769e+308  7.94955  8.71644  
5.01488  5.21306  9.17921  9.97399  1.79769e+308  1.79769e+308  5.01488  5.21306  
5.04865  5.36615  9.17921  9.97399  1.79769e+308  1.79769e+308  5.04865  5.36615  
3.53261  5.64769  9.17921  9.97399  1.79769e+308  1.79769e+308  3.53261  5.64769  
5.76877  7.33669  9.17921  9.97399  1.79769e+308  1.79769e+308  5.76877  7.33669  
4.92885  5.93897  9.17921  9.97399  1.79769e+308  1.79769e+308  4.92885  5.93897  
6.47613  5.91522  9.17921  9.97399  1.79769e+308  1.79769e+308  6.47613  5.91522  
4.8762  5.38134  9.17921  9.97399  1.79769e+308  1.79769e+308  4.8762  5.38134  
5.46314  5.94065  9.17921  9.97399  1.79769e+308  1.79769e+308  5.46314  5.94065  
4.51941  7.84295  9.17921  9.97399  1.79769e+308  1.79769e+308  4.51941  7.84295  
4.21118  5.91803  9.17921  9.97399  1.79769e+308  1.79769e+308  4.21118  5.91803  
5.44093  3.41175  9.17921  9.97399  1.79769e+308  1.79769e+308  5.44093  3.41175  
8.03862  5.66528  9.17921  9.97399  1.79769e+308  1.79769e+308  8.03862  5.66528  
5.72105  6.62254  9.17921  9.97399  1.79769e+308  1.79769e+308  5.72105  6.62254  
6.256  7.54421  9.17921  9.97399  1.79769e+308  1.79769e+308  6.256  7.54421  
5.62515  5.12501  9.17921  9.97399  1.79769e+308  1.79769e+308  5.62515  5.12501  
7.14108  5.28415  9.17921  9.97399  1.79769e+308  1.79769e+308  7.14108  5.28415  
6.48013  5.22782  9.17921  9.97399  1.79769e+308  1.79769e+308  6.48013  5.22782  
6.2377  5.26685  9.17921  9.97399  1.79769e+308  1.79769e+308  6.2377  5.26685  
5.39433  6.58502  9.17921  9.97399  1.79769e+308  1.79769e+308  5.39433  6.58502  
6.18352  4.49235  9.17921  9.97399  1.79769e+308  1.79769e+308  6.18352  4.49235  
4.60829  6.4676  9.17921  9.97399  1.79769e+308  1.79769e+308  4.60829  6.4676  
6.19528  4.66934  9.17921  9.97399  1.79769e+308  1.79769e+308  6.19528  4.66934  
4.94789  5.15337  9.17921  9.97399  1.79769e+308  1.79769e+308  4.94789  5.15337  
6.60411  4.0234  9.17921  9.97399  1.79769e+308  1.79769e+308  6.60411  4.0234  
7.25391  5.44978  9.17921  9.97399  1.79769e+308  1.79769e+308  7.25391  5.44978  
7.08346  5.23152  9.17921  9.97399  1.79769e+308  1.79769e+308  7.08346  5.23152  
4.63154  5.93495  9.17921  9.97399  1.79769e+308  1.79769e+308  4.63154  5.93495  
5.16497  5.9877  9.17921  9.97399  1.79769e+308  1.79769e+308  5.16497  5.9877  
6.25437  4.8726  9.17921  9.97399  1.79769e+308  1.79769e+308  6.25437  4.8726  
4.28358  8.3059  9.17921  9.97399  1.79769e+308  1.79769e+308  4.28358  8.3059  
5.57444  7.30509  9.17921  9.97399  1.79769e+308  1.79769e+308  5.57444  7.30509  
6.35656  5.79022  9.17921  9.97399  1.79769e+308  1.79769e+308  6.35656  5.79022  
6.11428  5.65637  9.17921  9.97399  1.79769e+308  1.79769e+308  6.11428  5.65637  
5.02022  5.86866  9.17921  9.97399  1.79769e+308  1.79769e+308  5.02022  5.86866  
5.16383  5.35613  9.17921  9.97399  1.79769e+308  1.79769e+308  5.16383  5.35613  
6.50992  6.86525  9.17921  9.97399  1.79769e+308  1.79769e+308  6.50992  6.86525  
4.91526  5.88057  9.17921  9.97399  1.79769e+308  1.79769e+308  4.91526  5.88057  
7.42759  5.05401  9.17921  9.97399  1.79769e+308  1.79769e+308  7.42759  5.05401  
7.36376  4.76085  9.17921  9.97399  1.79769e+308  1.79769e+308  7.36376  4.76085  
7.61227  4.99376  9.17921  9.97399  1.79769e+308  1.79769e+308  7.61227  4.99376  
6.77212  6.7498  9.17921  9.97399  1.79769e+308  1.79769e+308  6.77212  6.7498  
2.34142  1.33757  2.51365  2.63542  7.54338  5.35526  0.102964  1.03588  
6.53657  4.35526  2.51365  2.63542  7.54338  5.35526  0.997095  0.871151  
2.34143  1.33713  2.51365  2.63542  7.54338  5.35526  1.08505  0.0684434  
1.08384  1.00293  2.51365  2.63542  7.54338  5.35526  1.08505  0.0671077  
4.90529  2.47952  2.51365  2.63542  7.54338  5.35526  1.07818  0.0688491  
1.08384  1.00293  2.51365  2.63542  7.54338  5.35526  1.1621  0.0651663  
4.90529  2.47952  2.51365  2.63542  7.54338  5.35526  0.108965  0.969936  
1.01451  0.871252  2.51365  2.63542  7.54338  5.35526  0.101472  1.29425  
1.01451  0.871102  2.51365  2.63542  7.54338  5.35526  1.17941  0.0651695  
1.01451  0.871252  2.51365  2.63542  7.54338  5.35526  1.07124  0.0871922  
1.01445  0.871393  2.51365  2.63542  7.54338  5.35526  1.15705  0.0654698  
1.15678  0.065443  2.51365  2.63542  7.54338  5.35526  0.101476  1.08813  
1.08384  1.00293  2.51365  2.63542  7.54338  5.35526  0.883815  0.901697  
2.34142  1.33757  2.51365  2.63542  7.54338  5.35526  0.107443  0.969541  
6.53657  4.35526  2.51365  2.63542  7.54338  5.35526  0.100968  1.29927  
0.101584  1.75862  2.51365  2.63542  7.54338  5.35526  0.10516  0.979381  
0.883149  0.93614  2.51365  2.63542  7.54338  5.35526  0.883815  0.883613  
1.07491  0.0751927  2.51365  2.63542  7.54338  5.35526  0.107473  0.971909  
1.07491  0.0751927  2.51365  2.63542  7.54338  5.35526  0.106537  0.978687  
0.876915  0.952379  2.51365  2.63542  7.54338  5.35526  0.101476  1.11892  
0.101581  1.82206  2.51365  2.63542  7.54338  5.35526  0.890993  0.886652  
0.101581  1.8057  2.51365  2.63542  7.54338  5.35526  0.128298  0.968661  
0.877378  0.93614  2.51365  2.63542  7.54338  5.35526  0.102339  1.0703  
0.876941  0.937269  2.51365  2.63542  7.54338  5.35526  1.02279  0.871066  
6.54188  1.16235  2.51365  2.63542  7.54338  5.35526  0.883907  0.891627  
1.07563  0.0735778  2.51365  2.63542  7.54338  5.35526  0.100968  1.29082  
0.997095  0.871151  2.51365  2.63542  7.54338  5.35526  1.0707  0.0735092  
5.91424  0.138696  2.51365  2.63542  7.54338  5.35526  1.43299  0.0651165  
1.23193  0.0651663  2.51365  2.63542  7.54338  5.35526  0.107443  0.970136  
1.01445  0.871393  2.51365  2.63542  7.54338  5.35526  1.45062  0.0651029  
1.02051  0.871066  2.51365  2.63542  7.54338  5.35526  1.28757  0.0651167  
4.93352  0.338181  2.51365  2.63542  7.54338  5.35526  0.101105  1.28473  
0.877286  0.93614  2.51365  2.63542  7.54338  5.35526  0.10516  0.989514  
0.102277  1.06013  2.51365  2.63542  7.54338  5.35526  0.877286  0.94231  
2.34143  0.187302  2.51365  2.63542  7.54338  5.35526  1.01451  0.871066  
4.90545  1.78334  2.51365  2.63542  7.54338  5.35526  0.102277  1.06013  
2.34408  0.0673708  2.51365  2.63542  7.54338  5.35526  1.0709  0.0930657  
4.92199  0.590597  2.51365  2.63542  7.54338  5.35526  0.130594  0.967955  
0.101603  1.751  2.51365  2.63542  7.54338  5.35526  0.105513  0.978924  
0.101581  1.82206  2.51365  2.63542  7.54338  5.35526  1.0155  0.871066  
6.54338  0.835567  2.51365  2.63542  7.54338  5.35526  0.121904  0.967955  
2.34494  0.0672899  2.51365  2.63542  7.54338  5.35526  1.07818  0.0686574  
4.91088  0.621588  2.51365  2.63542  7.54338  5.35526  1.08213  0.0686574  
4.906  0.856811  2.51365  2.63542  7.54338  5.35526  1.01047  0.871151  
0.101603  1.751  2.51365  2.63542  7.54338  5.35526  1.16343  0.0651663  
6.54275  1.15652  2.51365  2.63542  7.54338  5.35526  1.0803  0.0689749  
0.883815  0.883613  2.51365  2.63542  7.54338  5.35526  1.0709  0.080078  
1.07164  0.0985241  2.51365  2.63542  7.54338  5.35526  1.11064  0.0659852  
1.08505  0.0671077  2.51365  2.63542  7.54338  5.35526  0.877378  0.942416  
0.893433  0.872309  2.51365  2.63542  7.54338  5.35526  1.15538  0.065443  
6.53674  3.34986  2.51365  2.63542  7.54338  5.35526  0.89401  0.872309  
2.34382  0.0674814  2.51365  2.63542  7.54338  5.35526  0.102964  1.03281  
0.101476  1.08813  2.51365  2.63542  7.54338  5.35526  1.51365  0.0650991  
0.101607  1.31775  2.51365  2.63542  7.54338  5.35526  1.07031  0.121218  
6.53777  1.41897  2.51365  2.63542  7.54338  5.35526  1.07164  0.0751927  
1.07563  0.0735778  2.51365  2.63542  7.54338  5.35526  1.12391  0.0659852  
1.07818  0.0686574  2.51365  2.63542  7.54338  5.35526  0.883149  0.93614  
1.26375  0.0651107  2.51365  2.63542  7.54338  5.35526  0.103123  1.03247  
1.1237  0.0659852  2.51365  2.63542  7.54338  5.35526  0.101105  1.30117  
1.08388  1.00229  2.51365  2.63542  7.54338  5.35526  0.888634  0.884216  
6.53746  2.86942  2.51365  2.63542  7.54338  5.35526  1.46695  0.0651081  
1.07164  0.0751927  2.51365  2.63542  7.54338  5.35526  0.109319  0.967943  
1.0707  0.0735092  2.51365  2.63542  7.54338  5.35526  0.109444  0.969937  
2.34179  0.0729009  2.51365  2.63542  7.54338  5.35526  0.10516  0.987506  
1.11064  0.0659852  2.51365  2.63542  7.54338  5.35526  0.101019  1.63542  
0.101105  1.28473  2.51365  2.63542  7.54338  5.35526  0.893433  0.876027  
1.01463  0.871066  2.51365  2.63542  7.54338  5.35526  0.10516  0.979537  
0.102964  1.03247  2.51365  2.63542  7.54338  5.35526  0.102277  1.06735  
0.10516  0.979381  2.51365  2.63542  7.54338  5.35526  1.07563  0.0735778  
0.888016  0.883555  2.51365  2.63542  7.54338  5.35526  1.1237  0.0659852  
0.100968  1.29082  2.51365  2.63542  7.54338  5.35526  0.105856  0.970136  
6.5389  1.17063  2.51365  2.63542  7.54338  5.35526  1.07031  0.122085  
0.101472  1.28225  2.51365  2.63542  7.54338  5.35526  0.896517  0.872309  
2.41312  0.0652664  2.51365  2.63542  7.54338  5.35526  0.101408  1.29845  
1.51365  0.0650801  2.51365  2.63542  7.54338  5.35526  1.07818  0.0700801  
0.105513  0.978687  2.51365  2.63542  7.54338  5.35526  0.893433  0.872309  
0.109319  0.967943  2.51365  2.63542  7.54338  5.35526  1.51365  0.0650801  
1.07194  0.0735092  2.51365  2.63542  7.54338  5.35526  0.92325  0.87225  
0.101819  1.10847  2.51365  2.63542  7.54338  5.35526  0.888016  0.883555  
0.105856  0.970136  2.51365  2.63542  7.54338  5.35526  1.15678  0.065443  
2.38302  0.0654729  2.51365  2.63542  7.54338  5.35526  1.07194  0.0735092  
0.101591  1.34756  2.51365  2.63542  7.54338  5.35526  0.896221  0.874752  
4.90757  0.851845  2.51365  2.63542  7.54338  5.35526  0.102964  1.03247  
2.35987  0.0667679  2.51365  2.63542  7.54338  5.35526  1.27945  0.0651167  
5.13578  0.244345  2.51365  2.63542  7.54338  5.35526  1.27713  0.0651167  
2.39365  0.06533  2.51365  2.63542  7.54338  5.35526  0.101576  1.11499  
0.101776  1.27712  2.51365  2.63542  7.54338  5.35526  1.07124  0.0735092  
0.107443  0.969541  2.51365  2.63542  7.54338  5.35526  0.883907  0.88679  
1.15538  0.065443  2.51365  2.63542  7.54338  5.35526  0.105513  0.978687  
1.08396  0.0737845  2.51365  2.63542  7.54338  5.35526  1.16402  0.0651663  
1.45062  0.0651029  2.51365  2.63542  7.54338  5.35526  0.877286  0.93614  
1.1621  0.0651663  2.51365  2.63542  7.54338  5.35526  0.996261  0.871151  
1.08388  0.197572  2.51365  2.63542  7.54338  5.35526  1.07992  0.0686574  
0.92325  0.87225  2.51365  2.63542  7.54338  5.35526  1.26484  0.065123  
4.90553  1.28511  2.51365  2.63542  7.54338  5.35526  1.1237  0.067331  
0.102077  1.1073  2.51365  2.63542  7.54338  5.35526  0.106216  0.979381  
0.102833  1.0481  2.51365  2.63542  7.54338  5.35526  0.101472  1.28225  
2.36089  0.0666466  2.51365  2.63542  7.54338  5.35526  1.26375  0.0651107  
0.996261  0.871151  2.51365  2.63542  7.54338  5.35526  0.101476  1.10847  
1.07031  0.121218  2.51365  2.63542  7.54338  5.35526  1.07031  0.126361  
2.34142  1.33757  2.06966  1.98435  7.54338  5.35526  0.100029  0.96504  
6.53657  4.35526  2.06966  1.98435  7.54338  5.35526  0.100029  0.96504  
2.34143  1.33713  2.06966  1.98435  7.54338  5.35526  0.100029  0.96504  
1.08384  1.00293  2.06966  1.98435  7.54338  5.35526  0.100029  0.96504  
4.90529  2.47952  2.06966  1.98435  7.54338  5.35526  1.06966  0.0650165  
1.08384  1.00293  2.06966  1.98435  7.54338  5.35526  0.100029  0.96504  
4.90529  2.47952  2.06966  1.98435  7.54338  5.35526  0.100029  0.96504  
1.01451  0.871252  2.06966  1.98435  7.54338  5.35526  1.06966  0.0650165  
1.01451  0.871102  2.06966  1.98435  7.54338  5.35526  0.100029  0.96504  
1.01451  0.871252  2.06966  1.98435  7.54338  5.35526  0.100029  0.96504  
0.873148  0.870021  2.06966  1.98435  7.54338  5.35526  0.100029  0.96504  
0.100157  0.965129  2.06966  1.98435  7.54338  5.35526  0.100029  0.96504  
1.08384  1.00293  2.06966  1.98435  7.54338  5.35526  0.100029  0.96504  
2.34142  1.33757  2.06966  1.98435  7.54338  5.35526  0.100029  0.96504  
6.53657  4.35526  2.06966  1.98435  7.54338  5.35526  0.100029  0.96504  
1.06984  0.0705824  2.06966  1.98435  7.54338  5.35526  0.100029  0.96504  
1.0703  0.0654952  2.06966  1.98435  7.54338  5.35526  0.100029  0.96504  
1.07491  0.0751927  2.06966  1.98435  7.54338  5.35526  0.100029  0.96504  
1.07491  0.0751927  2.06966  1.98435  7.54338  5.35526  0.100029  0.96504  
0.873148  0.870021  2.06966  1.98435  7.54338  5.35526  0.100029  0.96504  
1.0703  0.0654952  2.06966  1.98435  7.54338  5.35526  0.100029  0.96504  
0.100155  0.965201  2.06966  1.98435  7.54338  5.35526  0.100029  0.96504  
0.100029  0.96504  2.06966  1.98435  7.54338  5.35526  0.100029  0.96504  
1.07031  0.0650297  2.06966  1.98435  7.54338  5.35526  0.100029  0.96504  
6.54188  1.16235  2.06966  1.98435  7.54338  5.35526  0.100029  0.96504  
1.06992  0.0650257  2.06966  1.98435  7.54338  5.35526  0.100029  0.96504  
1.06998  0.0650241  2.06966  1.98435  7.54338  5.35526  0.100029  0.96504  
5.91424  0.138696  2.06966  1.98435  7.54338  5.35526  1.06966  0.0650165  
1.06972  0.0650165  2.06966  1.98435  7.54338  5.35526  0.100029  0.96504  
0.100029  0.96504  2.06966  1.98435  7.54338  5.35526  0.100029  0.96504  
0.100029  0.96504  2.06966  1.98435  7.54338  5.35526  1.06966  0.0650165  
4.93352  0.338181  2.06966  1.98435  7.54338  5.35526  0.100029  0.96504  
0.105937  0.96504  2.06966  1.98435  7.54338  5.35526  0.100029  0.96504  
1.06966  0.0658213  2.06966  1.98435  7.54338  5.35526  0.100029  0.96504  
2.34143  0.187302  2.06966  1.98435  7.54338  5.35526  0.100029  0.96504  
4.90545  1.78334  2.06966  1.98435  7.54338  5.35526  1.06966  0.0650165  
2.34408  0.0673708  2.06966  1.98435  7.54338  5.35526  0.100029  0.96504  
4.92199  0.590597  2.06966  1.98435  7.54338  5.35526  0.100029  0.96504  
1.0708  0.0650165  2.06966  1.98435  7.54338  5.35526  0.100029  0.96504  
0.100029  0.96504  2.06966  1.98435  7.54338  5.35526  0.100029  0.96504  
6.54338  0.835567  2.06966  1.98435  7.54338  5.35526  0.100029  0.96504  
2.34494  0.0672899  2.06966  1.98435  7.54338  5.35526  0.100029  0.96504  
4.91088  0.621588  2.06966  1.98435  7.54338  5.35526  0.100029  0.96504  
4.906  0.856811  2.06966  1.98435  7.54338  5.35526  0.100029  0.96504  
1.06966  0.0650165  2.06966  1.98435  7.54338  5.35526  0.100029  0.96504  
6.54275  1.15652  2.06966  1.98435  7.54338  5.35526  0.100029  0.96504  
0.101185  0.96504  2.06966  1.98435  7.54338  5.35526  0.100029  0.96504  
1.06966  0.0650165  2.06966  1.98435  7.54338  5.35526  0.100029  0.96504  
0.866508  0.864999  2.06966  1.98435  7.54338  5.35526  0.100029  0.96504  
1.06966  0.0650165  2.06966  1.98435  7.54338  5.35526  0.100029  0.96504  
6.53674  3.34986  2.06966  1.98435  7.54338  5.35526  0.100029  0.96504  
2.34382  0.0674814  2.06966  1.98435  7.54338  5.35526  0.100029  0.96504  
1.07491  0.0651732  2.06966  1.98435  7.54338  5.35526  0.100029  0.96504  
0.866347  0.884306  2.06966  1.98435  7.54338  5.35526  0.100029  0.96504  
6.53777  1.41897  2.06966  1.98435  7.54338  5.35526  0.100029  0.96504  
0.885444  0.819228  2.06966  1.98435  7.54338  5.35526  0.100029  0.96504  
1.01471  0.868305  2.06966  1.98435  7.54338  5.35526  0.100029  0.96504  
1.02183  0.808033  2.06966  1.98435  7.54338  5.35526  0.100029  0.96504  
1.0197  0.845527  2.06966  1.98435  7.54338  5.35526  0.100029  0.96504  
1.01609  0.849137  2.06966  1.98435  7.54338  5.35526  0.100029  0.96504  
6.53746  2.86942  2.06966  1.98435  7.54338  5.35526  0.100029  0.96504  
1.03933  0.802297  2.06966  1.98435  7.54338  5.35526  0.100029  0.96504  
1.07036  0.0650165  2.06966  1.98435  7.54338  5.35526  0.100029  0.96504  
2.34179  0.0729009  2.06966  1.98435  7.54338  5.35526  0.100029  0.96504  
1.01502  0.866037  2.06966  1.98435  7.54338  5.35526  0.100029  0.96504  
1.01594  0.865814  2.06966  1.98435  7.54338  5.35526  0.100029  0.96504  
1.01451  0.871042  2.06966  1.98435  7.54338  5.35526  0.100029  0.96504  
0.100252  0.96504  2.06966  1.98435  7.54338  5.35526  0.100029  0.96504  
1.07638  0.0650165  2.06966  1.98435  7.54338  5.35526  0.100029  0.96504  
0.100179  0.965041  2.06966  1.98435  7.54338  5.35526  0.100029  0.96504  
0.873157  0.865226  2.06966  1.98435  7.54338  5.35526  0.100029  0.96504  
6.5389  1.17063  2.06966  1.98435  7.54338  5.35526  0.100029  0.96504  
1.07032  0.0650178  2.06966  1.98435  7.54338  5.35526  0.100029  0.96504  
2.41312  0.0652664  2.06966  1.98435  7.54338  5.35526  0.100029  0.96504  
0.876341  0.864913  2.06966  1.98435  7.54338  5.35526  0.100029  0.96504  
1.07031  0.0650172  2.06966  1.98435  7.54338  5.35526  0.100029  0.96504  
0.92181  0.801894  2.06966  1.98435  7.54338  5.35526  0.100029  0.96504  
0.100029  0.96504  2.06966  1.98435  7.54338  5.35526  0.100029  0.96504  
0.873277  0.865113  2.06966  1.98435  7.54338  5.35526  0.100029  0.96504  
0.873153  0.868113  2.06966  1.98435  7.54338  5.35526  0.100029  0.96504  
2.38302  0.0654729  2.06966  1.98435  7.54338  5.35526  0.100029  0.96504  
1.07491  0.0650168  2.06966  1.98435  7.54338  5.35526  1.06966  0.0650165  
4.90757  0.851845  2.06966  1.98435  7.54338  5.35526  0.100029  0.96504  
2.35987  0.0667679  2.06966  1.98435  7.54338  5.35526  0.100029  0.96504  
5.13578  0.244345  2.06966  1.98435  7.54338  5.35526  0.100029  0.96504  
2.39365  0.06533  2.06966  1.98435  7.54338  5.35526  1.06966  0.0650165  
0.873943  0.864918  2.06966  1.98435  7.54338  5.35526  1.06966  0.0650165  
0.886153  0.814737  2.06966  1.98435  7.54338  5.35526  0.100029  0.96504  
0.873439  0.864988  2.06966  1.98435  7.54338  5.35526  0.866384  0.864999  
1.07003  0.0650168  2.06966  1.98435  7.54338  5.35526  0.100029  0.96504  
0.870192  0.864889  2.06966  1.98435  7.54338  5.35526  0.100029  0.96504  
1.08395  0.0650165  2.06966  1.98435  7.54338  5.35526  1.06966  0.0650165  
1.08384  0.0650165  2.06966  1.98435  7.54338  5.35526  0.100029  0.96504  
1.06966  0.0834495  2.06966  1.98435  7.54338  5.35526  0.100029  0.96504  
4.90553  1.28511  2.06966  1.98435  7.54338  5.35526  0.866347  0.884306  
1.01561  0.865834  2.06966  1.98435  7.54338  5.35526  0.886153  0.814737  
0.866384  0.864999  2.06966  1.98435  7.54338  5.35526  1.06966  0.0650165  
2.36089  0.0666466  2.06966  1.98435  7.54338  5.35526  0.92181  0.801894  
1.06984  0.0650172  2.06966  1.98435  7.54338  5.35526  0.870192  0.864889  
0.100158  0.965055  2.06966  1.98435  7.54338  5.35526  0.885444  0.819228  
2.34142  1.33757  2.07148  1.97633  7.54338  5.35526  1.06966  0.0650165  
6.53657  4.35526  2.07148  1.97633  7.54338  5.35526  1.06966  0.0650165  
2.34143  1.33713  2.07148  1.97633  7.54338  5.35526  1.06966  0.0650165  
1.08384  1.00293  2.07148  1.97633  7.54338  5.35526  1.06966  0.0650165  
4.90529  2.47952  2.07148  1.97633  7.54338  5.35526  1.06966  0.0650165  
1.08384  1.00293  2.07148  1.97633  7.54338  5.35526  1.06966  0.0650165  
4.90529  2.47952  2.07148  1.97633  7.54338  5.35526  1.06966  0.0650165  
1.01451  0.871252  2.07148  1.97633  7.54338  5.35526  1.06966  0.0650165  
1.01451  0.871102  2.07148  1.97633  7.54338  5.35526  1.06966  0.0650165  
1.01451  0.871252  2.07148  1.97633  7.54338  5.35526  1.06966  0.0650165  
0.873148  0.870021  2.07148  1.97633  7.54338  5.35526  1.06966  0.0650165  
0.100156  0.96504  2.07148  1.97633  7.54338  5.35526  1.06966  0.0650165  
1.08384  1.00293  2.07148  1.97633  7.54338  5.35526  1.06966  0.0650165  
2.34142  1.33757  2.07148  1.97633  7.54338  5.35526  1.06966  0.0650165  
6.53657  4.35526  2.07148  1.97633  7.54338  5.35526  1.06966  0.0650165  
1.06984  0.0705824  2.07148  1.97633  7.54338  5.35526  1.06966  0.0650165  
1.0703  0.0654952  2.07148  1.97633  7.54338  5.35526  1.06966  0.0650165  
1.07491  0.0751927  2.07148  1.97633  7.54338  5.35526  1.06966  0.0650165  
1.07491  0.0751927  2.07148  1.97633  7.54338  5.35526  1.06966  0.0650165  
0.873148  0.870021  2.07148  1.97633  7.54338  5.35526  1.06966  0.0650165  
1.0703  0.0654952  2.07148  1.97633  7.54338  5.35526  1.06966  0.0650165  
0.100155  0.965201  2.07148  1.97633  7.54338  5.35526  1.06966  0.0650165  
0.100029  0.96504  2.07148  1.97633  7.54338  5.35526  1.06966  0.0650165  
1.07031  0.0650297  2.07148  1.97633  7.54338  5.35526  1.06966  0.0650165  
6.54188  1.16235  2.07148  1.97633  7.54338  5.35526  1.06966  0.0650165  
1.06992  0.0650257  2.07148  1.97633  7.54338  5.35526  1.06966  0.0650165  
1.06998  0.0650241  2.07148  1.97633  7.54338  5.35526  1.06966  0.0650165  
5.91424  0.138696  2.07148  1.97633  7.54338  5.35526  1.06966  0.0650165  
1.06972  0.0650165  2.07148  1.97633  7.54338  5.35526  1.06966  0.0650165  
0.100029  0.96504  2.07148  1.97633  7.54338  5.35526  1.06966  0.0650165  
0.100029  0.96504  2.07148  1.97633  7.54338  5.35526  1.06966  0.0650165  
4.93352  0.338181  2.07148  1.97633  7.54338  5.35526  1.06966  0.0650165  
0.100637  0.965032  2.07148  1.97633  7.54338  5.35526  1.06966  0.0650165  
1.06966  0.0658213  2.07148  1.97633  7.54338  5.35526  1.06966  0.0650165  
2.34143  0.187302  2.07148  1.97633  7.54338  5.35526  1.06966  0.0650165  
4.90545  1.78334  2.07148  1.97633  7.54338  5.35526  1.06966  0.0650165  
2.34408  0.0673708  2.07148  1.97633  7.54338  5.35526  1.06966  0.0650165  
4.92199  0.590597  2.07148  1.97633  7.54338  5.35526  1.06966  0.0650165  
1.0708  0.0650165  2.07148  1.97633  7.54338  5.35526  1.06966  0.0650165  
0.100029  0.965032  2.07148  1.97633  7.54338  5.35526  1.06966  0.0650165  
6.54338  0.835567  2.07148  1.97633  7.54338  5.35526  1.06966  0.0650165  
2.34494  0.0672899  2.07148  1.97633  7.54338  5.35526  1.06966  0.0650165  
4.90865  0.598012  2.07148  1.97633  7.54338  5.35526  1.06966  0.0650165  
4.906  0.856811  2.07148  1.97633  7.54338  5.35526  1.06966  0.0650165  
1.06966  0.0650165  2.07148  1.97633  7.54338  5.35526  1.06966  0.0650165  
6.54275  1.15652  2.07148  1.97633  7.54338  5.35526  1.06966  0.0650165  
0.100029  0.96551  2.07148  1.97633  7.54338  5.35526  1.06966  0.0650165  
1.06966  0.0672244  2.07148  1.97633  7.54338  5.35526  1.06966  0.0650165  
0.100029  0.96504  2.07148  1.97633  7.54338  5.35526  1.06966  0.0650165  
1.01513  0.797994  2.07148  1.97633  7.54338  5.35526  1.06966  0.0650165  
6.53674  3.34986  2.07148  1.97633  7.54338  5.35526  1.06966  0.0650165  
2.34382  0.0674814  2.07148  1.97633  7.54338  5.35526  1.06966  0.0650165  
1.07491  0.0651732  2.07148  1.97633  7.54338  5.35526  1.06966  0.0650165  
0.100029  0.96504  2.07148  1.97633  7.54338  5.35526  1.06966  0.0650165  
6.53777  1.41897  2.07148  1.97633  7.54338  5.35526  1.06966  0.0650165  
0.100029  1.04045  2.07148  1.97633  7.54338  5.35526  1.06966  0.0650165  
1.01459  0.799098  2.07148  1.97633  7.54338  5.35526  1.06966  0.0650165  
0.100017  0.976331  2.07148  1.97633  7.54338  5.35526  1.06966  0.0650165  
0.876425  0.79665  2.07148  1.97633  7.54338  5.35526  1.06966  0.0650165  
0.100017  0.965031  2.07148  1.97633  7.54338  5.35526  1.06966  0.0650165  
6.53746  2.86942  2.07148  1.97633  7.54338  5.35526  1.06966  0.0650165  
0.100532  0.965032  2.07148  1.97633  7.54338  5.35526  1.06966  0.0650165  
1.07036  0.0650165  2.07148  1.97633  7.54338  5.35526  1.06966  0.0650165  
2.34179  0.0729009  2.07148  1.97633  7.54338  5.35526  1.06966  0.0650165  
0.875335  0.796697  2.07148  1.97633  7.54338  5.35526  1.06966  0.0650165  
0.10242  0.965031  2.07148  1.97633  7.54338  5.35526  1.06966  0.0650165  
1.01451  0.871042  2.07148  1.97633  7.54338  5.35526  1.06966  0.0650165  
0.862102  0.796997  2.07148  1.97633  7.54338  5.35526  1.06966  0.0650165  
0.873178  0.796991  2.07148  1.97633  7.54338  5.35526  1.06966  0.0650165  
1.01926  0.797915  2.07148  1.97633  7.54338  5.35526  1.06966  0.0650165  
1.25721  0.0650165  2.07148  1.97633  7.54338  5.35526  1.06966  0.0650165  
6.5389  1.17063  2.07148  1.97633  7.54338  5.35526  1.06966  0.0650165  
1.07032  0.0650178  2.07148  1.97633  7.54338  5.35526  1.06966  0.0650165  
2.41312  0.0652664  2.07148  1.97633  7.54338  5.35526  1.06966  0.0650165  
1.02027  0.797543  2.07148  1.97633  7.54338  5.35526  1.06966  0.0650165  
0.862524  0.796648  2.07148  1.97633  7.54338  5.35526  1.06966  0.0650165  
0.874567  0.796698  2.07148  1.97633  7.54338  5.35526  1.06966  0.0650165  
0.862501  0.796693  2.07148  1.97633  7.54338  5.35526  0.862102  0.796997  
0.100171  0.965031  2.07148  1.97633  7.54338  5.35526  1.06966  0.0650165  
0.873149  0.798525  2.07148  1.97633  7.54338  5.35526  1.06966  0.0650165  
2.38302  0.0654729  2.07148  1.97633  7.54338  5.35526  1.06966  0.0650165  
1.07491  0.0650165  2.07148  1.97633  7.54338  5.35526  1.06966  0.0650165  
4.90757  0.851845  2.07148  1.97633  7.54338  5.35526  1.06966  0.0650165  
2.35987  0.0667679  2.07148  1.97633  7.54338  5.35526  1.06966  0.0650165  
5.13578  0.244345  2.07148  1.97633  7.54338  5.35526  1.06966  0.0650165  
2.39365  0.06533  2.07148  1.97633  7.54338  5.35526  1.06966  0.0650165  
1.07031  0.0650165  2.07148  1.97633  7.54338  5.35526  1.06966  0.0650165  
1.02035  0.796991  2.07148  1.97633  7.54338  5.35526  1.06966  0.0650165  
1.01458  0.833678  2.07148  1.97633  7.54338  5.35526  1.06966  0.0650165  
1.07003  0.0650168  2.07148  1.97633  7.54338  5.35526  0.100017  0.965031  
0.873169  0.797678  2.07148  1.97633  7.54338  5.35526  1.06966  0.0650165  
0.873395  0.796703  2.07148  1.97633  7.54338  5.35526  1.06966  0.0650165  
1.08384  0.0650165  2.07148  1.97633  7.54338  5.35526  1.06966  0.0650165  
1.08399  0.0650165  2.07148  1.97633  7.54338  5.35526  0.862524  0.796648  
4.90553  1.28511  2.07148  1.97633  7.54338  5.35526  1.06966  0.0650165  
5.07832  0.332309  2.07148  1.97633  7.54338  5.35526  0.100017  0.965031  
0.902133  0.796504  2.07148  1.97633  7.54338  5.35526  0.862102  0.796997  
2.36089  0.0666466  2.07148  1.97633  7.54338  5.35526  0.862501  0.796693  
1.06984  0.0650172  2.07148  1.97633  7.54338  5.35526  0.902133  0.796504  
1.03992  0.796504  2.07148  1.97633  7.54338  5.35526  0.100017  0.976331  
2.34142  1.33757  2.16178  1.9653  7.96865  5.35526  1.06966  0.0650165  
6.53657  4.35526  2.16178  1.9653  7.96865  5.35526  1.06966  0.0650165  
2.34143  1.33713  2.16178  1.9653  7.96865  5.35526  1.06966  0.0650165  
1.08384  1.00293  2.16178  1.9653  7.96865  5.35526  1.06966  0.0650165  
4.90529  2.47952  2.16178  1.9653  7.96865  5.35526  1.06966  0.0650165  
1.08384  1.00293  2.16178  1.9653  7.96865  5.35526  1.06966  0.0650165  
4.90529  2.47952  2.16178  1.9653  7.96865  5.35526  1.06966  0.0650165  
1.01451  0.871252  2.16178  1.9653  7.96865  5.35526  1.06966  0.0650165  
1.01451  0.871102  2.16178  1.9653  7.96865  5.35526  1.06966  0.0650165  
1.01451  0.871252  2.16178  1.9653  7.96865  5.35526  1.06966  0.0650165  
0.873148  0.870021  2.16178  1.9653  7.96865  5.35526  1.06966  0.0650165  
0.100156  0.96504  2.16178  1.9653  7.96865  5.35526  1.06966  0.0650165  
1.08384  1.00293  2.16178  1.9653  7.96865  5.35526  1.06966  0.0650165  
2.34142  1.33757  2.16178  1.9653  7.96865  5.35526  0.100016  0.965296  
6.53657  4.35526  2.16178  1.9653  7.96865  5.35526  1.06966  0.0650165  
1.06984  0.0705824  2.16178  1.9653  7.96865  5.35526  1.06966  0.0650165  
1.0703  0.0654952  2.16178  1.9653  7.96865  5.35526  1.06966  0.0650165  
1.07491  0.0751927  2.16178  1.9653  7.96865  5.35526  1.06966  0.0650165  
1.07491  0.0751927  2.16178  1.9653  7.96865  5.35526  1.06966  0.0650165  
0.873148  0.870021  2.16178  1.9653  7.96865  5.35526  1.06966  0.0650165  
1.0703  0.0654952  2.16178  1.9653  7.96865  5.35526  1.06966  0.0650165  
0.100155  0.965201  2.16178  1.9653  7.96865  5.35526  1.06966  0.0650165  
0.100029  0.96504  2.16178  1.9653  7.96865  5.35526  1.06966  0.0650165  
1.07031  0.0650297  2.16178  1.9653  7.96865  5.35526  1.06966  0.0650165  
6.54188  1.16235  2.16178  1.9653  7.96865  5.35526  1.06966  0.0650165  
0.100016  0.96503  2.16178  1.9653  7.96865  5.35526  0.100016  0.96503  
0.100016  0.988606  2.16178  1.9653  7.96865  5.35526  1.06966  0.0650165  
5.91424  0.138696  2.16178  1.9653  7.96865  5.35526  1.06966  0.0650165  
1.06966  0.0650165  2.16178  1.9653  7.96865  5.35526  1.06966  0.0650165  
1.06966  0.0650165  2.16178  1.9653  7.96865  5.35526  1.06966  0.0650165  
1.06987  0.0650165  2.16178  1.9653  7.96865  5.35526  1.06966  0.0650165  
4.93352  0.338181  2.16178  1.9653  7.96865  5.35526  1.06966  0.0650165  
1.06966  0.0650165  2.16178  1.9653  7.96865  5.35526  1.06966  0.0650165  
1.08942  0.0650165  2.16178  1.9653  7.96865  5.35526  1.06966  0.0650165  
2.34143  0.187302  2.16178  1.9653  7.96865  5.35526  0.100016  0.96503  
4.90529  1.15134  2.16178  1.9653  7.96865  5.35526  1.06966  0.0650165  
2.34408  0.0673708  2.16178  1.9653  7.96865  5.35526  1.06966  0.0650165  
4.92199  0.590597  2.16178  1.9653  7.96865  5.35526  1.06966  0.0650165  
0.856692  0.796536  2.16178  1.9653  7.96865  5.35526  1.06966  0.0650165  
0.100029  0.965032  2.16178  1.9653  7.96865  5.35526  1.06966  0.0650165  
6.54338  0.835567  2.16178  1.9653  7.96865  5.35526  1.06966  0.0650165  
2.34494  0.0672899  2.16178  1.9653  7.96865  5.35526  1.06966  0.0650165  
4.90865  0.598012  2.16178  1.9653  7.96865  5.35526  1.06966  0.0650165  
4.906  0.856811  2.16178  1.9653  7.96865  5.35526  1.06966  0.0650165  
0.873373  0.792549  2.16178  1.9653  7.96865  5.35526  1.06966  0.0650165  
6.54275  1.15652  2.16178  1.9653  7.96865  5.35526  1.06966  0.0650165  
1.06966  0.0650165  2.16178  1.9653  7.96865  5.35526  1.06966  0.0650165  
0.100016  0.96503  2.16178  1.9653  7.96865  5.35526  1.06966  0.0650165  
0.100016  0.96503  2.16178  1.9653  7.96865  5.35526  1.06966  0.0650165  
1.01463  0.792329  2.16178  1.9653  7.96865  5.35526  1.06966  0.0650165  
6.53674  3.34986  2.16178  1.9653  7.96865  5.35526  1.06966  0.0650165  
2.34382  0.0674814  2.16178  1.9653  7.96865  5.35526  1.06966  0.0650165  
1.07491  0.0651732  2.16178  1.9653  7.96865  5.35526  1.06966  0.0650165  
0.100016  0.96503  2.16178  1.9653  7.96865  5.35526  1.06966  0.0650165  
6.53777  1.41897  2.16178  1.9653  7.96865  5.35526  1.06966  0.0650165  
0.856692  0.796536  2.16178  1.9653  7.96865  5.35526  1.06966  0.0650165  
1.01459  0.799098  2.16178  1.9653  7.96865  5.35526  1.06966  0.0650165  
1.10782  0.0650165  2.16178  1.9653  7.96865  5.35526  1.06966  0.0650165  
1.08431  0.0650165  2.16178  1.9653  7.96865  5.35526  1.06966  0.0650165  
0.886723  0.792329  2.16178  1.9653  7.96865  5.35526  1.06966  0.0650165  
6.53746  2.86942  2.16178  1.9653  7.96865  5.35526  1.06966  0.0650165  
0.100409  0.96503  2.16178  1.9653  7.96865  5.35526  1.06966  0.0650165  
1.07036  0.0650165  2.16178  1.9653  7.96865  5.35526  1.06966  0.0650165  
2.34179  0.0729009  2.16178  1.9653  7.96865  5.35526  1.06966  0.0650165  
1.08384  0.117061  2.16178  1.9653  7.96865  5.35526  1.06966  0.0650165  
0.856526  0.792334  2.16178  1.9653  7.96865  5.35526  1.06966  0.0650165  
1.01451  0.871042  2.16178  1.9653  7.96865  5.35526  1.06966  0.0650165  
1.06966  0.0658204  2.16178  1.9653  7.96865  5.35526  1.06966  0.0650165  
0.874994  0.792421  2.16178  1.9653  7.96865  5.35526  1.06966  0.0650165  
0.856431  0.839413  2.16178  1.9653  7.96865  5.35526  1.06966  0.0650165  
0.856703  0.793003  2.16178  1.9653  7.96865  5.35526  1.06966  0.0650165  
6.5389  1.17063  2.16178  1.9653  7.96865  5.35526  1.06966  0.0650165  
1.07032  0.0650178  2.16178  1.9653  7.96865  5.35526  1.06966  0.0650165  
2.41312  0.0652664  2.16178  1.9653  7.96865  5.35526  1.06966  0.0650165  
6.96865  0.350885  2.16178  1.9653  7.96865  5.35526  1.06966  0.0650165  
0.856696  0.795614  2.16178  1.9653  7.96865  5.35526  1.06966  0.0650165  
0.856468  0.818184  2.16178  1.9653  7.96865  5.35526  1.06966  0.0650165  
6.56451  0.75881  2.16178  1.9653  7.96865  5.35526  1.06966  0.0650165  
0.911305  0.792204  2.16178  1.9653  7.96865  5.35526  1.06966  0.0650165  
0.873149  0.798525  2.16178  1.9653  7.96865  5.35526  1.06966  0.0650165  
2.38302  0.0654729  2.16178  1.9653  7.96865  5.35526  1.06966  0.0650165  
1.07491  0.0650165  2.16178  1.9653  7.96865  5.35526  1.06966  0.0650165  
4.90757  0.851845  2.16178  1.9653  7.96865  5.35526  1.06966  0.0650165  
2.35987  0.0667679  2.16178  1.9653  7.96865  5.35526  1.06966  0.0650165  
5.13578  0.244345  2.16178  1.9653  7.96865  5.35526  0.100064  0.96503  
2.39365  0.06533  2.16178  1.9653  7.96865  5.35526  1.06966  0.0650165  
1.07031  0.0650165  2.16178  1.9653  7.96865  5.35526  1.06966  0.0650165  
0.875407  0.792334  2.16178  1.9653  7.96865  5.35526  1.06966  0.0650165  
1.01458  0.833678  2.16178  1.9653  7.96865  5.35526  1.06966  0.0650165  
0.85686  0.792334  2.16178  1.9653  7.96865  5.35526  1.06966  0.0650165  
0.873157  0.793012  2.16178  1.9653  7.96865  5.35526  1.06966  0.0650165  
0.100016  0.965758  2.16178  1.9653  7.96865  5.35526  1.06966  0.0650165  
1.08384  0.0650165  2.16178  1.9653  7.96865  5.35526  1.06966  0.0650165  
1.06108  0.792224  2.16178  1.9653  7.96865  5.35526  0.100016  0.96503  
0.10019  0.96503  2.16178  1.9653  7.96865  5.35526  0.856431  0.839413  
5.07832  0.332309  2.16178  1.9653  7.96865  5.35526  0.856468  0.818178  
0.856698  0.793012  2.16178  1.9653  7.96865  5.35526  0.886708  0.792329  
2.36089  0.0666466  2.16178  1.9653  7.96865  5.35526  0.911305  0.792204  
1.06984  0.0650172  2.16178  1.9653  7.96865  5.35526  0.100409  0.96503  
0.8565  0.792334  2.16178  1.9653  7.96865  5.35526  0.8565  0.792334  
2.34142  1.33757  2.06976  1.96503  7.96865  5.35526  1.06966  0.0650165  
6.53657  4.35526  2.06976  1.96503  7.96865  5.35526  1.06966  0.0650165  
2.34143  1.33713  2.06976  1.96503  7.96865  5.35526  1.06966  0.0650165  
1.08384  1.00293  2.06976  1.96503  7.96865  5.35526  1.06966  0.0650165  
4.90529  2.47952  2.06976  1.96503  7.96865  5.35526  1.06966  0.0650165  
1.08384  1.00293  2.06976  1.96503  7.96865  5.35526  1.06966  0.0650165  
4.90529  2.47952  2.06976  1.96503  7.96865  5.35526  1.06966  0.0650165  
1.01451  0.871252  2.06976  1.96503  7.96865  5.35526  1.06966  0.0650165  
1.01451  0.871102  2.06976  1.96503  7.96865  5.35526  1.06966  0.0650165  
1.01451  0.871252  2.06976  1.96503  7.96865  5.35526  1.06966  0.0650165  
0.873148  0.870021  2.06976  1.96503  7.96865  5.35526  1.06966  0.0650165  
0.100156  0.96504  2.06976  1.96503  7.96865  5.35526  1.06966  0.0650165  
1.08384  1.00293  2.06976  1.96503  7.96865  5.35526  1.06966  0.0650165  
2.34142  1.33757  2.06976  1.96503  7.96865  5.35526  1.06966  0.0650165  
6.53657  4.35526  2.06976  1.96503  7.96865  5.35526  1.06966  0.0650165  
1.06984  0.0705824  2.06976  1.96503  7.96865  5.35526  1.06966  0.0650165  
1.0703  0.0654952  2.06976  1.96503  7.96865  5.35526  1.06966  0.0650165  
1.07491  0.0751927  2.06976  1.96503  7.96865  5.35526  1.06966  0.0650165  
1.07491  0.0751927  2.06976  1.96503  7.96865  5.35526  1.06966  0.0650165  
0.873148  0.870021  2.06976  1.96503  7.96865  5.35526  1.06966  0.0650165  
1.0703  0.0654952  2.06976  1.96503  7.96865  5.35526  1.06966  0.0650165  
0.100155  0.965201  2.06976  1.96503  7.96865  5.35526  1.06966  0.0650165  
0.100029  0.96504  2.06976  1.96503  7.96865  5.35526  1.06966  0.0650165  
1.07031  0.0650297  2.06976  1.96503  7.96865  5.35526  1.06966  0.0650165  
6.54188  1.16235  2.06976  1.96503  7.96865  5.35526  1.06966  0.0650165  
0.100016  0.96503  2.06976  1.96503  7.96865  5.35526  1.06966  0.0650165  
0.100016  0.988606  2.06976  1.96503  7.96865  5.35526  1.06966  0.0650165  
5.91424  0.138696  2.06976  1.96503  7.96865  5.35526  1.06966  0.0650165  
1.06966  0.0650165  2.06976  1.96503  7.96865  5.35526  1.06966  0.0650165  
1.06966  0.0650165  2.06976  1.96503  7.96865  5.35526  1.06966  0.0650165  
1.06987  0.0650165  2.06976  1.96503  7.96865  5.35526  1.06966  0.0650165  
4.93352  0.338181  2.06976  1.96503  7.96865  5.35526  1.06966  0.0650165  
1.06966  0.0650165  2.06976  1.96503  7.96865  5.35526  1.06966  0.0650165  
1.08942  0.0650165  2.06976  1.96503  7.96865  5.35526  1.06966  0.0650165  
2.34143  0.187302  2.06976  1.96503  7.96865  5.35526  1.06966  0.0650165  
4.90529  1.15134  2.06976  1.96503  7.96865  5.35526  1.06966  0.0650165  
2.34408  0.0673708  2.06976  1.96503  7.96865  5.35526  1.06966  0.0650165  
4.92199  0.590597  2.06976  1.96503  7.96865  5.35526  1.06966  0.0650165  
0.100016  0.96503  2.06976  1.96503  7.96865  5.35526  1.06966  0.0650165  
0.100029  0.965032  2.06976  1.96503  7.96865  5.35526  1.06966  0.0650165  
6.54338  0.835567  2.06976  1.96503  7.96865  5.35526  1.06966  0.0650165  
2.34494  0.0672899  2.06976  1.96503  7.96865  5.35526  1.06966  0.0650165  
4.90865  0.598012  2.06976  1.96503  7.96865  5.35526  1.06966  0.0650165  
4.906  0.856811  2.06976  1.96503  7.96865  5.35526  1.06966  0.0650165  
0.873169  0.791363  2.06976  1.96503  7.96865  5.35526  1.06966  0.0650165  
6.54275  1.15652  2.06976  1.96503  7.96865  5.35526  1.06966  0.0650165  
1.06966  0.0650165  2.06976  1.96503  7.96865  5.35526  1.06966  0.0650165  
0.100016  0.96503  2.06976  1.96503  7.96865  5.35526  1.06966  0.0650165  
0.100016  0.96503  2.06976  1.96503  7.96865  5.35526  1.06966  0.0650165  
1.01463  0.792329  2.06976  1.96503  7.96865  5.35526  1.06966  0.0650165  
6.53674  3.34986  2.06976  1.96503  7.96865  5.35526  1.06966  0.0650165  
2.34382  0.0674814  2.06976  1.96503  7.96865  5.35526  1.06966  0.0650165  
1.07491  0.0651732  2.06976  1.96503  7.96865  5.35526  1.06966  0.0650165  
0.100016  0.96503  2.06976  1.96503  7.96865  5.35526  1.06966  0.0650165  
6.53777  1.41897  2.06976  1.96503  7.96865  5.35526  1.06966  0.0650165  
1.02381  0.791231  2.06976  1.96503  7.96865  5.35526  1.06966  0.0650165  
1.01459  0.799098  2.06976  1.96503  7.96865  5.35526  1.06966  0.0650165  
0.87545  0.791172  2.06976  1.96503  7.96865  5.35526  1.06966  0.0650165  
0.85562  0.791178  2.06976  1.96503  7.96865  5.35526  1.06966  0.0650165  
1.01982  0.791231  2.06976  1.96503  7.96865  5.35526  1.06966  0.0650165  
6.53746  2.86942  2.06976  1.96503  7.96865  5.35526  1.06966  0.0650165  
0.855607  0.791221  2.06976  1.96503  7.96865  5.35526  1.06966  0.0650165  
1.07036  0.0650165  2.06976  1.96503  7.96865  5.35526  0.855605  0.8023  
2.34179  0.0729009  2.06976  1.96503  7.96865  5.35526  1.06966  0.0650165  
1.08384  0.0668571  2.06976  1.96503  7.96865  5.35526  1.06966  0.0650165  
1.02837  0.791172  2.06976  1.96503  7.96865  5.35526  1.06966  0.0650165  
1.01451  0.871042  2.06976  1.96503  7.96865  5.35526  1.06966  0.0650165  
0.108627  0.96503  2.06976  1.96503  7.96865  5.35526  1.06966  0.0650165  
1.01485  0.791359  2.06976  1.96503  7.96865  5.35526  1.06966  0.0650165  
1.1233  0.0650165  2.06976  1.96503  7.96865  5.35526  1.06966  0.0650165  
1.01473  0.791392  2.06976  1.96503  7.96865  5.35526  1.06966  0.0650165  
6.5389  1.17063  2.06976  1.96503  7.96865  5.35526  1.06966  0.0650165  
1.07032  0.0650178  2.06976  1.96503  7.96865  5.35526  1.06966  0.0650165  
2.41312  0.0652664  2.06976  1.96503  7.96865  5.35526  1.06966  0.0650165  
6.96865  0.350885  2.06976  1.96503  7.96865  5.35526  1.06966  0.0650165  
0.875957  0.791168  2.06976  1.96503  7.96865  5.35526  1.06966  0.0650165  
5.60055  0.223274  2.06976  1.96503  7.96865  5.35526  1.06966  0.0650165  
6.56451  0.75881  2.06976  1.96503  7.96865  5.35526  1.06966  0.0650165  
1.01684  0.791255  2.06976  1.96503  7.96865  5.35526  0.100016  0.96503  
0.873149  0.798525  2.06976  1.96503  7.96865  5.35526  1.06966  0.0650165  
2.38302  0.0654729  2.06976  1.96503  7.96865  5.35526  1.06966  0.0650165  
1.07491  0.0650165  2.06976  1.96503  7.96865  5.35526  1.06966  0.0650165  
4.90757  0.851845  2.06976  1.96503  7.96865  5.35526  1.06966  0.0650165  
2.35987  0.0667679  2.06976  1.96503  7.96865  5.35526  0.100016  0.96503  
5.13578  0.244345  2.06976  1.96503  7.96865  5.35526  1.06966  0.0650165  
2.39365  0.06533  2.06976  1.96503  7.96865  5.35526  1.06966  0.0650165  
1.07031  0.0650165  2.06976  1.96503  7.96865  5.35526  1.06966  0.0650165  
0.855605  0.8023  2.06976  1.96503  7.96865  5.35526  0.85562  0.791178  
1.01458  0.833678  2.06976  1.96503  7.96865  5.35526  1.06966  0.0650165  
0.855607  0.791265  2.06976  1.96503  7.96865  5.35526  1.06966  0.0650165  
0.873157  0.793012  2.06976  1.96503  7.96865  5.35526  1.06966  0.0650165  
0.873347  0.791172  2.06976  1.96503  7.96865  5.35526  1.06966  0.0650165  
1.08384  0.0650165  2.06976  1.96503  7.96865  5.35526  1.06966  0.0650165  
0.100016  0.965035  2.06976  1.96503  7.96865  5.35526  0.856305  0.791168  
0.10019  0.96503  2.06976  1.96503  7.96865  5.35526  0.100016  0.96503  
5.07832  0.332309  2.06976  1.96503  7.96865  5.35526  1.06966  0.0650165  
0.873275  0.791197  2.06976  1.96503  7.96865  5.35526  0.855607  0.791221  
2.36089  0.0666466  2.06976  1.96503  7.96865  5.35526  1.06966  0.0650165  
1.06984  0.0650172  2.06976  1.96503  7.96865  5.35526  0.855607  0.791255  
0.856305  0.791168  2.06976  1.96503  7.96865  5.35526  1.06966  0.0650165  
2.34142  1.33757  2.06966  1.96503  7.96865  5.35526  1.06966  0.0650165  
6.53657  4.35526  2.06966  1.96503  7.96865  5.35526  1.06966  0.0650165  
2.34143  1.33713  2.06966  1.96503  7.96865  5.35526  1.06966  0.0650165  
1.08384  1.00293  2.06966  1.96503  7.96865  5.35526  0.851677  0.788234  
4.90529  2.47952  2.06966  1.96503  7.96865  5.35526  1.06966  0.0650165  
1.08384  1.00293  2.06966  1.96503  7.96865  5.35526  1.06966  0.0650165  
4.90529  2.47952  2.06966  1.96503  7.96865  5.35526  1.06966  0.0650165  
1.01451  0.871252  2.06966  1.96503  7.96865  5.35526  1.06966  0.0650165  
1.01451  0.871102  2.06966  1.96503  7.96865  5.35526  1.06966  0.0650165  
1.01451  0.871252  2.06966  1.96503  7.96865  5.35526  1.06966  0.0650165  
0.873148  0.870021  2.06966  1.96503  7.96865  5.35526  1.06966  0.0650165  
0.100156  0.96504  2.06966  1.96503  7.96865  5.35526  1.06966  0.0650165  
1.08384  1.00293  2.06966  1.96503  7.96865  5.35526  1.06966  0.0650165  
2.34142  1.33757  2.06966  1.96503  7.96865  5.35526  1.06966  0.0650165  
6.53657  4.35526  2.06966  1.96503  7.96865  5.35526  1.06966  0.0650165  
1.06984  0.0705824  2.06966  1.96503  7.96865  5.35526  1.06966  0.0650165  
1.0703  0.0654952  2.06966  1.96503  7.96865  5.35526  1.06966  0.0650165  
1.07491  0.0751927  2.06966  1.96503  7.96865  5.35526  1.06966  0.0650165  
1.07491  0.0751927  2.06966  1.96503  7.96865  5.35526  1.06966  0.0650165  
0.873148  0.870021  2.06966  1.96503  7.96865  5.35526  1.06966  0.0650165  
1.0703  0.0654952  2.06966  1.96503  7.96865  5.35526  1.06966  0.0650165  
0.100155  0.965201  2.06966  1.96503  7.96865  5.35526  1.06966  0.0650165  
0.100029  0.96504  2.06966  1.96503  7.96865  5.35526  1.06966  0.0650165  
0.100016  0.991456  2.06966  1.96503  7.96865  5.35526  1.06966  0.0650165  
6.54188  1.16235  2.06966  1.96503  7.96865  5.35526  1.06966  0.0650165  
0.100016  0.965042  2.06966  1.96503  7.96865  5.35526  1.06966  0.0650165  
0.100016  0.965042  2.06966  1.96503  7.96865  5.35526  1.06966  0.0650165  
1.06966  0.0650318  2.06966  1.96503  7.96865  5.35526  1.06966  0.0650165  
1.06966  0.0650165  2.06966  1.96503  7.96865  5.35526  1.06966  0.0650165  
0.873157  0.792799  2.06966  1.96503  7.96865  5.35526  1.06966  0.0650165  
1.08542  0.0650165  2.06966  1.96503  7.96865  5.35526  1.06966  0.0650165  
4.93352  0.338181  2.06966  1.96503  7.96865  5.35526  1.06966  0.0650165  
1.01564  0.790681  2.06966  1.96503  7.96865  5.35526  1.06966  0.0650165  
1.06966  0.0659676  2.06966  1.96503  7.96865  5.35526  1.06966  0.0650165  
2.34143  0.187302  2.06966  1.96503  7.96865  5.35526  1.06966  0.0650165  
4.90529  1.15134  2.06966  1.96503  7.96865  5.35526  1.06966  0.0650165  
2.34408  0.0673708  2.06966  1.96503  7.96865  5.35526  1.06966  0.0650165  
4.90947  0.519699  2.06966  1.96503  7.96865  5.35526  1.06966  0.0650165  
1.12085  0.0650165  2.06966  1.96503  7.96865  5.35526  1.06966  0.0650165  
0.100029  0.965032  2.06966  1.96503  7.96865  5.35526  1.06966  0.0650165  
6.54338  0.835567  2.06966  1.96503  7.96865  5.35526  1.06966  0.0650165  
2.34494  0.0672899  2.06966  1.96503  7.96865  5.35526  1.06966  0.0650165  
4.90865  0.598012  2.06966  1.96503  7.96865  5.35526  1.06966  0.0650165  
4.906  0.856811  2.06966  1.96503  7.96865  5.35526  1.06966  0.0650165  
0.873163  0.79125  2.06966  1.96503  7.96865  5.35526  1.06966  0.0650165  
6.54275  1.15652  2.06966  1.96503  7.96865  5.35526  1.06966  0.0650165  
1.10684  0.0650165  2.06966  1.96503  7.96865  5.35526  1.06966  0.0650165  
0.874658  0.788168  2.06966  1.96503  7.96865  5.35526  1.06966  0.0650165  
1.06966  0.0650165  2.06966  1.96503  7.96865  5.35526  1.06966  0.0650165  
1.01463  0.792329  2.06966  1.96503  7.96865  5.35526  1.06966  0.0650165  
6.53674  3.34986  2.06966  1.96503  7.96865  5.35526  1.06966  0.0650165  
2.34382  0.0674814  2.06966  1.96503  7.96865  5.35526  1.06966  0.0650165  
1.07491  0.0651732  2.06966  1.96503  7.96865  5.35526  1.06966  0.0650165  
1.06966  0.279307  2.06966  1.96503  7.96865  5.35526  1.06966  0.0650165  
6.53777  1.41897  2.06966  1.96503  7.96865  5.35526  1.06966  0.0650165  
0.851676  0.86432  2.06966  1.96503  7.96865  5.35526  1.06966  0.0650165  
1.01459  0.799098  2.06966  1.96503  7.96865  5.35526  1.06966  0.0650165  
1.30298  0.0650165  2.06966  1.96503  7.96865  5.35526  1.06966  0.0650165  
0.85188  0.788087  2.06966  1.96503  7.96865  5.35526  1.06966  0.0650165  
1.07197  0.0650165  2.06966  1.96503  7.96865  5.35526  1.06966  0.0650165  
6.53746  2.86942  2.06966  1.96503  7.96865  5.35526  1.06966  0.0650165  
0.873757  0.788234  2.06966  1.96503  7.96865  5.35526  1.06966  0.0650165  
1.06966  0.0705335  2.06966  1.96503  7.96865  5.35526  1.06966  0.0650165  
2.34179  0.0729009  2.06966  1.96503  7.96865  5.35526  1.06966  0.0650165  
1.08384  0.0668571  2.06966  1.96503  7.96865  5.35526  1.06966  0.0650165  
0.851676  0.788319  2.06966  1.96503  7.96865  5.35526  1.06966  0.0650165  
1.01451  0.871042  2.06966  1.96503  7.96865  5.35526  1.06966  0.0650165  
0.108627  0.96503  2.06966  1.96503  7.96865  5.35526  1.06966  0.0650165  
1.01485  0.791359  2.06966  1.96503  7.96865  5.35526  1.06966  0.0650165  
0.851673  0.794378  2.06966  1.96503  7.96865  5.35526  1.06966  0.0650165  
1.01473  0.791392  2.06966  1.96503  7.96865  5.35526  1.06966  0.0650165  
6.5389  1.17063  2.06966  1.96503  7.96865  5.35526  1.06966  0.0650165  
0.875611  0.788134  2.06966  1.96503  7.96865  5.35526  1.06966  0.0650165  
2.41312  0.0652664  2.06966  1.96503  7.96865  5.35526  1.06966  0.0650165  
6.96865  0.350885  2.06966  1.96503  7.96865  5.35526  0.100016  0.96503  
0.873326  0.78928  2.06966  1.96503  7.96865  5.35526  1.06966  0.0650165  
0.893179  0.788087  2.06966  1.96503  7.96865  5.35526  1.06966  0.0650165  
6.56451  0.75881  2.06966  1.96503  7.96865  5.35526  0.100016  0.965034  
1.01549  0.791192  2.06966  1.96503  7.96865  5.35526  1.06966  0.0650165  
0.873149  0.798525  2.06966  1.96503  7.96865  5.35526  1.06966  0.0650165  
2.38302  0.0654729  2.06966  1.96503  7.96865  5.35526  1.06966  0.0650165  
1.07491  0.0650165  2.06966  1.96503  7.96865  5.35526  1.06966  0.0650165  
4.90757  0.851845  2.06966  1.96503  7.96865  5.35526  1.06966  0.0650165  
2.35987  0.0667679  2.06966  1.96503  7.96865  5.35526  1.06966  0.0650165  
0.881113  0.788091  2.06966  1.96503  7.96865  5.35526  1.06966  0.0650165  
2.39365  0.06533  2.06966  1.96503  7.96865  5.35526  0.100016  0.96503  
1.07031  0.0650165  2.06966  1.96503  7.96865  5.35526  1.06966  0.0650165  
0.873447  0.788572  2.06966  1.96503  7.96865  5.35526  1.06966  0.0650165  
1.01458  0.833678  2.06966  1.96503  7.96865  5.35526  1.06966  0.0650165  
0.100016  0.965035  2.06966  1.96503  7.96865  5.35526  1.06966  0.0650165  
0.873157  0.793012  2.06966  1.96503  7.96865  5.35526  1.06966  0.0650165  
1.01637  0.788091  2.06966  1.96503  7.96865  5.35526  1.06966  0.0650165  
1.08384  0.0650165  2.06966  1.96503  7.96865  5.35526  1.06966  0.0650165  
0.851677  0.788234  2.06966  1.96503  7.96865  5.35526  0.100363  0.96503  
0.10019  0.96503  2.06966  1.96503  7.96865  5.35526  1.06966  0.0650165  
4.93489  0.0673193  2.06966  1.96503  7.96865  5.35526  1.06966  0.0650165  
0.873243  0.791172  2.06966  1.96503  7.96865  5.35526  0.851676  0.788319  
2.36089  0.0666466  2.06966  1.96503  7.96865  5.35526  1.06966  0.0650165  
1.06984  0.0650172  2.06966  1.96503  7.96865  5.35526  0.85188  0.788087  
0.174799  0.96503  2.06966  1.96503  7.96865  5.35526  0.851673  0.794378  
2.34142  1.33757  2.08081  1.96503  7.96865  5.35526  0.100016  0.96503  
6.53657  4.35526  2.08081  1.96503  7.96865  5.35526  1.06966  0.0650165  
2.34143  1.33713  2.08081  1.96503  7.96865  5.35526  1.06966  0.0650165  
1.08384  1.00293  2.08081  1.96503  7.96865  5.35526  0.100016  0.96503  
4.90529  2.47952  2.08081  1.96503  7.96865  5.35526  1.06966  0.0650165  
1.08384  1.00293  2.08081  1.96503  7.96865  5.35526  1.06966  0.0650165  
4.90529  2.47952  2.08081  1.96503  7.96865  5.35526  1.06966  0.0650165  
1.01451  0.871252  2.08081  1.96503  7.96865  5.35526  0.100016  0.96503  
1.01451  0.871102  2.08081  1.96503  7.96865  5.35526  1.06966  0.0650165  
1.01451  0.871252  2.08081  1.96503  7.96865  5.35526  1.06966  0.0650165  
0.873148  0.870021  2.08081  1.96503  7.96865  5.35526  1.06966  0.0650165  
0.100156  0.96504  2.08081  1.96503  7.96865  5.35526  1.06966  0.0650165  
1.08384  1.00293  2.08081  1.96503  7.96865  5.35526  1.06966  0.0650165  
2.34142  1.33757  2.08081  1.96503  7.96865  5.35526  1.06966  0.0650165  
6.53657  4.35526  2.08081  1.96503  7.96865  5.35526  1.06966  0.0650165  
1.06984  0.0705824  2.08081  1.96503  7.96865  5.35526  1.06966  0.0650165  
1.0703  0.0654952  2.08081  1.96503  7.96865  5.35526  1.06966  0.0650165  
1.07491  0.0751927  2.08081  1.96503  7.96865  5.35526  1.06966  0.0650165  
1.07491  0.0751927  2.08081  1.96503  7.96865  5.35526  1.06966  0.0650165  
0.873148  0.870021  2.08081  1.96503  7.96865  5.35526  1.06966  0.0650165  
1.0703  0.0654952  2.08081  1.96503  7.96865  5.35526  1.06966  0.0650165  
0.100155  0.965201  2.08081  1.96503  7.96865  5.35526  1.06966  0.0650165  
0.100029  0.96504  2.08081  1.96503  7.96865  5.35526  0.100016  0.96503  
0.100016  0.991456  2.08081  1.96503  7.96865  5.35526  1.06966  0.0650165  
6.54188  1.16235  2.08081  1.96503  7.96865  5.35526  1.06966  0.0650165  
0.100016  0.965042  2.08081  1.96503  7.96865  5.35526  1.06966  0.0650165  
0.100016  0.965042  2.08081  1.96503  7.96865  5.35526  1.06966  0.0650165  
1.06966  0.0650318  2.08081  1.96503  7.96865  5.35526  1.06966  0.0650165  
1.06966  0.0650165  2.08081  1.96503  7.96865  5.35526  1.06966  0.0650165  
0.873157  0.792799  2.08081  1.96503  7.96865  5.35526  1.06966  0.0650165  
1.08542  0.0650165  2.08081  1.96503  7.96865  5.35526  1.06966  0.0650165  
4.93352  0.338181  2.08081  1.96503  7.96865  5.35526  1.06966  0.0650165  
1.06966  0.0690248  2.08081  1.96503  7.96865  5.35526  1.06966  0.0650165  
1.06966  0.0659676  2.08081  1.96503  7.96865  5.35526  0.100016  0.96503  
2.34143  0.187302  2.08081  1.96503  7.96865  5.35526  1.06966  0.0650165  
4.90529  1.15134  2.08081  1.96503  7.96865  5.35526  1.06966  0.0650165  
2.34408  0.0673708  2.08081  1.96503  7.96865  5.35526  1.06966  0.0650165  
4.90947  0.519699  2.08081  1.96503  7.96865  5.35526  0.100016  0.96503  
1.12085  0.0650165  2.08081  1.96503  7.96865  5.35526  1.06966  0.0650165  
0.100029  0.965032  2.08081  1.96503  7.96865  5.35526  1.06966  0.0650165  
6.54338  0.835567  2.08081  1.96503  7.96865  5.35526  1.06966  0.0650165  
2.34494  0.0672899  2.08081  1.96503  7.96865  5.35526  1.06966  0.0650165  
4.90865  0.598012  2.08081  1.96503  7.96865  5.35526  1.06966  0.0650165  
4.906  0.856811  2.08081  1.96503  7.96865  5.35526  0.100016  0.96503  
0.873163  0.79125  2.08081  1.96503  7.96865  5.35526  1.06966  0.0650165  
6.54275  1.15652  2.08081  1.96503  7.96865  5.35526  1.06966  0.0650165  
1.10684  0.0650165  2.08081  1.96503  7.96865  5.35526  1.06966  0.0650165  
1.06966  0.0650165  2.08081  1.96503  7.96865  5.35526  1.06966  0.0650165  
0.100016  0.967535  2.08081  1.96503  7.96865  5.35526  1.06966  0.0650165  
1.01463  0.792329  2.08081  1.96503  7.96865  5.35526  1.06966  0.0650165  
6.53674  3.34986  2.08081  1.96503  7.96865  5.35526  1.06966  0.0650165  
2.34382  0.0674814  2.08081  1.96503  7.96865  5.35526  1.06966  0.0650165  
0.850718  0.787249  2.08081  1.96503  7.96865  5.35526  1.06966  0.0650165  
1.06966  0.0685609  2.08081  1.96503  7.96865  5.35526  1.06966  0.0650165  
6.53777  1.41897  2.08081  1.96503  7.96865  5.35526  1.06966  0.0650165  
1.1087  0.0650165  2.08081  1.96503  7.96865  5.35526  1.06966  0.0650165  
1.01459  0.799098  2.08081  1.96503  7.96865  5.35526  1.06966  0.0650165  
1.07  0.0650165  2.08081  1.96503  7.96865  5.35526  1.06966  0.0650165  
0.851875  0.787205  2.08081  1.96503  7.96865  5.35526  1.06966  0.0650165  
0.850671  0.787222  2.08081  1.96503  7.96865  5.35526  1.06966  0.0650165  
6.53746  2.86942  2.08081  1.96503  7.96865  5.35526  1.06966  0.0650165  
0.875361  0.787209  2.08081  1.96503  7.96865  5.35526  1.06966  0.0650165  
0.851132  0.787212  2.08081  1.96503  7.96865  5.35526  1.06966  0.0650165  
2.34179  0.0729009  2.08081  1.96503  7.96865  5.35526  1.06966  0.0650165  
1.08384  0.0668571  2.08081  1.96503  7.96865  5.35526  1.06966  0.0650165  
1.01515  0.787211  2.08081  1.96503  7.96865  5.35526  1.06966  0.0650165  
1.01451  0.871042  2.08081  1.96503  7.96865  5.35526  1.06966  0.0650165  
0.108627  0.96503  2.08081  1.96503  7.96865  5.35526  1.06966  0.0650165  
1.06966  0.0650165  2.08081  1.96503  7.96865  5.35526  1.06966  0.0650165  
0.850787  0.787213  2.08081  1.96503  7.96865  5.35526  1.06966  0.0650165  
1.01467  0.787249  2.08081  1.96503  7.96865  5.35526  1.06966  0.0650165  
6.5389  1.17063  2.08081  1.96503  7.96865  5.35526  1.06966  0.0650165  
0.873517  0.787209  2.08081  1.96503  7.96865  5.35526  1.06966  0.0650165  
2.41312  0.0652664  2.08081  1.96503  7.96865  5.35526  1.06966  0.0650165  
6.96865  0.350885  2.08081  1.96503  7.96865  5.35526  1.06966  0.0650165  
0.873408  0.787213  2.08081  1.96503  7.96865  5.35526  1.06966  0.0650165  
1.07491  0.0650171  2.08081  1.96503  7.96865  5.35526  1.06966  0.0650165  
6.56451  0.75881  2.08081  1.96503  7.96865  5.35526  1.06966  0.0650165  
0.850722  0.787226  2.08081  1.96503  7.96865  5.35526  1.06966  0.0650165  
0.873149  0.798525  2.08081  1.96503  7.96865  5.35526  1.06966  0.0650165  
2.38302  0.0654729  2.08081  1.96503  7.96865  5.35526  1.06966  0.0650165  
1.07491  0.0650165  2.08081  1.96503  7.96865  5.35526  0.100016  0.96503  
4.90757  0.851845  2.08081  1.96503  7.96865  5.35526  1.06966  0.0650165  
2.35987  0.0667679  2.08081  1.96503  7.96865  5.35526  1.06966  0.0650165  
0.132994  0.96503  2.08081  1.96503  7.96865  5.35526  1.06966  0.0650165  
2.39365  0.06533  2.08081  1.96503  7.96865  5.35526  1.06966  0.0650165  
1.07031  0.0650165  2.08081  1.96503  7.96865  5.35526  1.06966  0.0650165  
0.883521  0.787205  2.08081  1.96503  7.96865  5.35526  1.06966  0.0650165  
1.01458  0.833678  2.08081  1.96503  7.96865  5.35526  1.06966  0.0650165  
1.03317  0.787209  2.08081  1.96503  7.96865  5.35526  1.06966  0.0650165  
0.873157  0.793012  2.08081  1.96503  7.96865  5.35526  1.06966  0.0650165  
1.01484  0.78724  2.08081  1.96503  7.96865  5.35526  0.850787  0.787212  
1.08384  0.0650165  2.08081  1.96503  7.96865  5.35526  1.06966  0.0650165  
0.8515  0.787209  2.08081  1.96503  7.96865  5.35526  1.06966  0.0650165  
0.10019  0.96503  2.08081  1.96503  7.96865  5.35526  1.06966  0.0650165  
4.93489  0.0673193  2.08081  1.96503  7.96865  5.35526  1.06966  0.0650165  
0.873176  0.787222  2.08081  1.96503  7.96865  5.35526  0.8515  0.787209  
2.36089  0.0666466  2.08081  1.96503  7.96865  5.35526  1.06966  0.0650165  
1.06984  0.0650172  2.08081  1.96503  7.96865  5.35526  0.851875  0.787205  
0.850656  0.787219  2.08081  1.96503  7.96865  5.35526  0.850656  0.787219  
2.34142  1.33757  2.06966  1.96503  7.96865  5.35526  1.06966  0.0650165  
6.53657  4.35526  2.06966  1.96503  7.96865  5.35526  1.06966  0.0650165  
2.34143  1.33713  2.06966  1.96503  7.96865  5.35526  1.06966  0.0650165  
1.08384  1.00293  2.06966  1.96503  7.96865  5.35526  1.06966  0.0650165  
4.90529  2.47952  2.06966  1.96503  7.96865  5.35526  1.06966  0.0650165  
1.08384  1.00293  2.06966  1.96503  7.96865  5.35526  1.06966  0.0650165  
4.90529  2.47952  2.06966  1.96503  7.96865  5.35526  1.06966  0.0650165  
1.01451  0.871252  2.06966  1.96503  7.96865  5.35526  1.06966  0.0650165  
1.01451  0.871102  2.06966  1.96503  7.96865  5.35526  1.06966  0.0650165  
1.01451  0.871252  2.06966  1.96503  7.96865  5.35526  1.06966  0.0650165  
0.873148  0.870021  2.06966  1.96503  7.96865  5.35526  1.06966  0.0650165  
0.100156  0.96504  2.06966  1.96503  7.96865  5.35526  1.06966  0.0650165  
1.08384  1.00293  2.06966  1.96503  7.96865  5.35526  1.06966  0.0650165  
2.34142  1.33757  2.06966  1.96503  7.96865  5.35526  1.06966  0.0650165  
6.53657  4.35526  2.06966  1.96503  7.96865  5.35526  1.06966  0.0650165  
1.06984  0.0705824  2.06966  1.96503  7.96865  5.35526  1.06966  0.0650165  
1.0703  0.0654952  2.06966  1.96503  7.96865  5.35526  1.06966  0.0650165  
1.07491  0.0751927  2.06966  1.96503  7.96865  5.35526  1.06966  0.0650165  
1.07491  0.0751927  2.06966  1.96503  7.96865  5.35526  1.06966  0.0650165  
0.873148  0.870021  2.06966  1.96503  7.96865  5.35526  1.06966  0.0650165  
1.0703  0.0654952  2.06966  1.96503  7.96865  5.35526  1.06966  0.0650165  
0.100155  0.965201  2.06966  1.96503  7.96865  5.35526  1.06966  0.0650165  
0.100029  0.96504  2.06966  1.96503  7.96865  5.35526  1.06966  0.0650165  
0.100016  0.991456  2.06966  1.96503  7.96865  5.35526  1.06966  0.0650165  
6.54188  1.16235  2.06966  1.96503  7.96865  5.35526  1.06966  0.0650165  
0.100016  0.965042  2.06966  1.96503  7.96865  5.35526  1.06966  0.0650165  
0.100016  0.965042  2.06966  1.96503  7.96865  5.35526  1.06966  0.0650165  
1.06966  0.0650318  2.06966  1.96503  7.96865  5.35526  1.06966  0.0650165  
1.06966  0.0650165  2.06966  1.96503  7.96865  5.35526  1.06966  0.0650165  
0.873157  0.792799  2.06966  1.96503  7.96865  5.35526  1.06966  0.0650165  
1.08542  0.0650165  2.06966  1.96503  7.96865  5.35526  1.06966  0.0650165  
4.93352  0.338181  2.06966  1.96503  7.96865  5.35526  1.06966  0.0650165  
1.06966  0.0690248  2.06966  1.96503  7.96865  5.35526  1.06966  0.0650165  
1.06966  0.0659676  2.06966  1.96503  7.96865  5.35526  1.06966  0.0650165  
2.34143  0.187302  2.06966  1.96503  7.96865  5.35526  1.06966  0.0650165  
4.90529  1.15134  2.06966  1.96503  7.96865  5.35526  1.06966  0.0650165  
2.34408  0.0673708  2.06966  1.96503  7.96865  5.35526  1.06966  0.0650165  
4.90947  0.519699  2.06966  1.96503  7.96865  5.35526  1.06966  0.0650165  
1.12085  0.0650165  2.06966  1.96503  7.96865  5.35526  0.100016  0.96503  
0.100029  0.965032  2.06966  1.96503  7.96865  5.35526  1.06966  0.0650165  
6.54338  0.835567  2.06966  1.96503  7.96865  5.35526  1.06966  0.0650165  
2.34494  0.0672899  2.06966  1.96503  7.96865  5.35526  1.06966  0.0650165  
4.90865  0.598012  2.06966  1.96503  7.96865  5.35526  1.06966  0.0650165  
4.906  0.856811  2.06966  1.96503  7.96865  5.35526  1.06966  0.0650165  
0.873159  0.787274  2.06966  1.96503  7.96865  5.35526  1.06966  0.0650165  
6.54275  1.15652  2.06966  1.96503  7.96865  5.35526  1.06966  0.0650165  
1.10684  0.0650165  2.06966  1.96503  7.96865  5.35526  1.06966  0.0650165  
1.06966  0.0650165  2.06966  1.96503  7.96865  5.35526  1.06966  0.0650165  
0.100016  0.967535  2.06966  1.96503  7.96865  5.35526  1.06966  0.0650165  
1.01459  0.790242  2.06966  1.96503  7.96865  5.35526  1.06966  0.0650165  
6.53674  3.34986  2.06966  1.96503  7.96865  5.35526  1.06966  0.0650165  
2.34382  0.0674814  2.06966  1.96503  7.96865  5.35526  1.06966  0.0650165  
1.06968  0.0650165  2.06966  1.96503  7.96865  5.35526  1.06966  0.0650165  
0.848696  0.785849  2.06966  1.96503  7.96865  5.35526  1.06966  0.0650165  
6.53777  1.41897  2.06966  1.96503  7.96865  5.35526  1.06966  0.0650165  
1.06966  0.0650165  2.06966  1.96503  7.96865  5.35526  1.06966  0.0650165  
1.01459  0.799098  2.06966  1.96503  7.96865  5.35526  1.06966  0.0650165  
1.08363  0.0650165  2.06966  1.96503  7.96865  5.35526  1.06966  0.0650165  
1.06966  0.0650165  2.06966  1.96503  7.96865  5.35526  0.848597  0.790127  
1.06966  0.0650165  2.06966  1.96503  7.96865  5.35526  1.06966  0.0650165  
6.53746  2.86942  2.06966  1.96503  7.96865  5.35526  1.06966  0.0650165  
1.03958  0.785829  2.06966  1.96503  7.96865  5.35526  1.06966  0.0650165  
0.849104  0.785826  2.06966  1.96503  7.96865  5.35526  1.06966  0.0650165  
2.34179  0.0729009  2.06966  1.96503  7.96865  5.35526  1.06966  0.0650165  
1.08384  0.0668571  2.06966  1.96503  7.96865  5.35526  1.06966  0.0650165  
1.01515  0.787211  2.06966  1.96503  7.96865  5.35526  1.06966  0.0650165  
1.01451  0.871042  2.06966  1.96503  7.96865  5.35526  1.06966  0.0650165  
0.848597  0.790127  2.06966  1.96503  7.96865  5.35526  1.06966  0.0650165  
1.07519  0.0650165  2.06966  1.96503  7.96865  5.35526  1.06966  0.0650165  
0.905277  0.785789  2.06966  1.96503  7.96865  5.35526  1.06966  0.0650165  
1.01467  0.787249  2.06966  1.96503  7.96865  5.35526  1.06966  0.0650165  
6.5389  1.17063  2.06966  1.96503  7.96865  5.35526  1.06966  0.0650165  
0.848591  0.808632  2.06966  1.96503  7.96865  5.35526  1.06966  0.0650165  
2.41312  0.0652664  2.06966  1.96503  7.96865  5.35526  1.06966  0.0650165  
6.96865  0.350885  2.06966  1.96503  7.96865  5.35526  1.06966  0.0650165  
0.873581  0.786366  2.06966  1.96503  7.96865  5.35526  0.100016  0.96503  
1.07491  0.0650171  2.06966  1.96503  7.96865  5.35526  1.06966  0.0650165  
6.56451  0.75881  2.06966  1.96503  7.96865  5.35526  1.06966  0.0650165  
1.02403  0.785849  2.06966  1.96503  7.96865  5.35526  1.06966  0.0650165  
0.873149  0.798525  2.06966  1.96503  7.96865  5.35526  1.06966  0.0650165  
2.38302  0.0654729  2.06966  1.96503  7.96865  5.35526  1.06966  0.0650165  
0.877306  0.785826  2.06966  1.96503  7.96865  5.35526  1.06966  0.0650165  
4.90757  0.851845  2.06966  1.96503  7.96865  5.35526  1.06966  0.0650165  
2.35987  0.0667679  2.06966  1.96503  7.96865  5.35526  1.06966  0.0650165  
0.113732  0.96503  2.06966  1.96503  7.96865  5.35526  0.100016  0.96503  
2.39365  0.06533  2.06966  1.96503  7.96865  5.35526  1.06966  0.0650165  
1.07031  0.0650165  2.06966  1.96503  7.96865  5.35526  1.06966  0.0650165  
1.01729  0.786419  2.06966  1.96503  7.96865  5.35526  1.06966  0.0650165  
1.01456  0.803766  2.06966  1.96503  7.96865  5.35526  1.06966  0.0650165  
1.01811  0.78616  2.06966  1.96503  7.96865  5.35526  1.06966  0.0650165  
0.873157  0.793012  2.06966  1.96503  7.96865  5.35526  1.06966  0.0650165  
1.01484  0.78724  2.06966  1.96503  7.96865  5.35526  1.06966  0.0650165  
1.08384  0.0650165  2.06966  1.96503  7.96865  5.35526  1.06966  0.0650165  
0.100016  0.96503  2.06966  1.96503  7.96865  5.35526  1.06966  0.0650165  
0.10019  0.96503  2.06966  1.96503  7.96865  5.35526  1.06966  0.0650165  
4.93489  0.0673193  2.06966  1.96503  7.96865  5.35526  0.848696  0.785849  
0.873167  0.787203  2.06966  1.96503  7.96865  5.35526  1.06966  0.0650165  
2.36089  0.0666466  2.06966  1.96503  7.96865  5.35526  0.849104  0.785826  
1.06984  0.0650172  2.06966  1.96503  7.96865  5.35526  0.905277  0.785789  
0.873643  0.785829  2.06966  1.96503  7.96865  5.35526  0.848591  0.808632  
2.34142  1.33757  5.0151  4.19325  7.96865  5.35526  1.06966  0.0650165  
6.53657  4.35526  5.0151  4.19325  7.96865  5.35526  1.06966  0.0650165  
2.34143  1.33713  5.0151  4.19325  7.96865  5.35526  1.06966  0.0650165  
1.08384  1.00293  5.0151  4.19325  7.96865  5.35526  1.06966  0.0650165  
4.90529  2.47952  5.0151  4.19325  7.96865  5.35526  1.06966  0.0650165  
1.08384  1.00293  5.0151  4.19325  7.96865  5.35526  1.06966  0.0650165  
4.90529  2.47952  5.0151  4.19325  7.96865  5.35526  1.06966  0.0650165  
1.01451  0.871252  5.0151  4.19325  7.96865  5.35526  1.06966  0.0650165  
1.01451  0.871102  5.0151  4.19325  7.96865  5.35526  1.06966  0.0650165  
1.01451  0.871252  5.0151  4.19325  7.96865  5.35526  1.06966  0.0650165  
0.873148  0.870021  5.0151  4.19325  7.96865  5.35526  1.06966  0.0650165  
0.100156  0.96504  5.0151  4.19325  7.96865  5.35526  1.06966  0.0650165  
1.08384  1.00293  5.0151  4.19325  7.96865  5.35526  1.06966  0.0650165  
2.34142  1.33757  5.0151  4.19325  7.96865  5.35526  1.06966  0.0650165  
6.53657  4.35526  5.0151  4.19325  7.96865  5.35526  1.06966  0.0650165  
1.06984  0.0705824  5.0151  4.19325  7.96865  5.35526  1.06966  0.0650165  
1.0703  0.0654952  5.0151  4.19325  7.96865  5.35526  1.06966  0.0650165  
1.07491  0.0751927  5.0151  4.19325  7.96865  5.35526  1.06966  0.0650165  
1.07491  0.0751927  5.0151  4.19325  7.96865  5.35526  1.06966  0.0650165  
0.873148  0.870021  5.0151  4.19325  7.96865  5.35526  1.06966  0.0650165  
1.0703  0.0654952  5.0151  4.19325  7.96865  5.35526  1.06966  0.0650165  
0.100155  0.965201  5.0151  4.19325  7.96865  5.35526  1.06966  0.0650165  
0.100029  0.96504  5.0151  4.19325  7.96865  5.35526  1.06966  0.0650165  
0.100016  0.991456  5.0151  4.19325  7.96865  5.35526  1.06966  0.0650165  
6.54188  1.16235  5.0151  4.19325  7.96865  5.35526  1.06966  0.0650165  
0.100016  0.965042  5.0151  4.19325  7.96865  5.35526  1.06966  0.0650165  
0.100016  0.965042  5.0151  4.19325  7.96865  5.35526  1.06966  0.0650165  
1.06966  0.0650318  5.0151  4.19325  7.96865  5.35526  1.06966  0.0650165  
1.06966  0.0650165  5.0151  4.19325  7.96865  5.35526  1.06966  0.0650165  
0.873157  0.792799  5.0151  4.19325  7.96865  5.35526  1.06966  0.0650165  
1.08542  0.0650165  5.0151  4.19325  7.96865  5.35526  1.06966  0.0650165  
4.92727  0.228079  5.0151  4.19325  7.96865  5.35526  1.06966  0.0650165  
1.06966  0.0690248  5.0151  4.19325  7.96865  5.35526  1.06966  0.0650165  
1.06966  0.0659676  5.0151  4.19325  7.96865  5.35526  1.06966  0.0650165  
2.34143  0.187302  5.0151  4.19325  7.96865  5.35526  1.06966  0.0650165  
4.90529  1.15134  5.0151  4.19325  7.96865  5.35526  1.06966  0.0650165  
2.34408  0.0673708  5.0151  4.19325  7.96865  5.35526  1.06966  0.0650165  
4.90947  0.519699  5.0151  4.19325  7.96865  5.35526  1.06966  0.0650165  
1.11802  0.0650165  5.0151  4.19325  7.96865  5.35526  1.06966  0.0650165  
0.100029  0.965032  5.0151  4.19325  7.96865  5.35526  1.06966  0.0650165  
6.54338  0.835567  5.0151  4.19325  7.96865  5.35526  1.06966  0.0650165  
2.34494  0.0672899  5.0151  4.19325  7.96865  5.35526  1.06966  0.0650165  
4.90865  0.598012  5.0151  4.19325  7.96865  5.35526  1.06966  0.0650165  
4.906  0.856811  5.0151  4.19325  7.96865  5.35526  1.06966  0.0650165  
0.873159  0.787274  5.0151  4.19325  7.96865  5.35526  1.06966  0.0650165  
6.54275  1.15652  5.0151  4.19325  7.96865  5.35526  1.06966  0.0650165  
1.10684  0.0650165  5.0151  4.19325  7.96865  5.35526  1.06966  0.0650165  
1.09385  0.0650165  5.0151  4.19325  7.96865  5.35526  1.06966  0.0650165  
1.07039  0.0650165  5.0151  4.19325  7.96865  5.35526  1.06966  0.0650165  
1.01459  0.790242  5.0151  4.19325  7.96865  5.35526  1.06966  0.0650165  
6.53674  3.34986  5.0151  4.19325  7.96865  5.35526  1.06966  0.0650165  
2.34382  0.0674814  5.0151  4.19325  7.96865  5.35526  1.06966  0.0650165  
0.84913  0.784467  5.0151  4.19325  7.96865  5.35526  1.06966  0.0650165  
1.05221  0.784484  5.0151  4.19325  7.96865  5.35526  1.06966  0.0650165  
6.53777  1.41897  5.0151  4.19325  7.96865  5.35526  1.06966  0.0650165  
0.874318  0.784591  5.0151  4.19325  7.96865  5.35526  1.06966  0.0650165  
1.01459  0.799098  5.0151  4.19325  7.96865  5.35526  1.06966  0.0650165  
1.02479  0.784518  5.0151  4.19325  7.96865  5.35526  1.06966  0.0650165  
0.874532  0.784515  5.0151  4.19325  7.96865  5.35526  1.06966  0.0650165  
0.100016  0.965654  5.0151  4.19325  7.96865  5.35526  1.06966  0.0650165  
6.53746  2.86942  5.0151  4.19325  7.96865  5.35526  1.06966  0.0650165  
0.877347  0.784467  5.0151  4.19325  7.96865  5.35526  1.06966  0.0650165  
0.103315  0.96503  5.0151  4.19325  7.96865  5.35526  1.06966  0.0650165  
2.34179  0.0729009  5.0151  4.19325  7.96865  5.35526  1.06966  0.0650165  
1.08384  0.0668571  5.0151  4.19325  7.96865  5.35526  1.06966  0.0650165  
1.01515  0.787211  5.0151  4.19325  7.96865  5.35526  1.06966  0.0650165  
1.01451  0.871042  5.0151  4.19325  7.96865  5.35526  1.06966  0.0650165  
0.848975  0.78447  5.0151  4.19325  7.96865  5.35526  1.06966  0.0650165  
1.07519  0.0650165  5.0151  4.19325  7.96865  5.35526  1.06966  0.0650165  
0.847161  0.789817  5.0151  4.19325  7.96865  5.35526  1.06966  0.0650165  
1.01467  0.787249  5.0151  4.19325  7.96865  5.35526  1.06966  0.0650165  
6.5389  1.17063  5.0151  4.19325  7.96865  5.35526  1.06966  0.0650165  
1.02496  0.784484  5.0151  4.19325  7.96865  5.35526  1.06966  0.0650165  
2.41312  0.0652664  5.0151  4.19325  7.96865  5.35526  1.06966  0.0650165  
6.96865  0.350885  5.0151  4.19325  7.96865  5.35526  1.06966  0.0650165  
0.873282  0.785561  5.0151  4.19325  7.96865  5.35526  0.100016  0.96503  
1.07491  0.0650171  5.0151  4.19325  7.96865  5.35526  1.06966  0.0650165  
6.56451  0.75881  5.0151  4.19325  7.96865  5.35526  1.06966  0.0650165  
0.847301  0.784506  5.0151  4.19325  7.96865  5.35526  1.06966  0.0650165  
0.873149  0.798525  5.0151  4.19325  7.96865  5.35526  1.06966  0.0650165  
2.38302  0.0654729  5.0151  4.19325  7.96865  5.35526  1.06966  0.0650165  
0.847209  0.788948  5.0151  4.19325  7.96865  5.35526  1.06966  0.0650165  
4.90757  0.851845  5.0151  4.19325  7.96865  5.35526  1.06966  0.0650165  
2.35987  0.0667679  5.0151  4.19325  7.96865  5.35526  1.06966  0.0650165  
1.01912  0.784556  5.0151  4.19325  7.96865  5.35526  1.06966  0.0650165  
2.39365  0.06533  5.0151  4.19325  7.96865  5.35526  1.06966  0.0650165  
1.07031  0.0650165  5.0151  4.19325  7.96865  5.35526  1.06966  0.0650165  
1.01608  0.784603  5.0151  4.19325  7.96865  5.35526  1.06966  0.0650165  
1.01456  0.803766  5.0151  4.19325  7.96865  5.35526  1.06966  0.0650165  
0.847209  0.788706  5.0151  4.19325  7.96865  5.35526  1.06966  0.0650165  
0.873157  0.793012  5.0151  4.19325  7.96865  5.35526  1.06966  0.0650165  
1.01484  0.78724  5.0151  4.19325  7.96865  5.35526  1.06966  0.0650165  
1.08384  0.0650165  5.0151  4.19325  7.96865  5.35526  0.847209  0.788706  
0.876662  0.784509  5.0151  4.19325  7.96865  5.35526  1.06966  0.0650165  
0.10019  0.96503  5.0151  4.19325  7.96865  5.35526  1.06966  0.0650165  
4.93489  0.0673193  5.0151  4.19325  7.96865  5.35526  0.100016  0.96503  
0.873167  0.787203  5.0151  4.19325  7.96865  5.35526  0.84913  0.784467  
2.36089  0.0666466  5.0151  4.19325  7.96865  5.35526  0.847161  0.789817  
1.06984  0.0650172  5.0151  4.19325  7.96865  5.35526  0.847301  0.784506  
0.873462  0.784665  5.0151  4.19325  7.96865  5.35526  0.848975  0.784469  
2.34142  1.33757  2.06967  2.08981  7.96865  5.35526  0.100016  0.96503  
6.53657  4.35526  2.06967  2.08981  7.96865  5.35526  0.100016  0.96503  
2.34143  1.33713  2.06967  2.08981  7.96865  5.35526  0.100016  0.96503  
1.08384  1.00293  2.06967  2.08981  7.96865  5.35526  0.100016  0.96503  
4.90529  2.47952  2.06967  2.08981  7.96865  5.35526  0.100016  0.96503  
1.08384  1.00293  2.06967  2.08981  7.96865  5.35526  0.100016  0.96503  
4.90529  2.47952  2.06967  2.08981  7.96865  5.35526  0.100016  0.96503  
1.01451  0.871252  2.06967  2.08981  7.96865  5.35526  0.100016  0.96503  
1.01451  0.871102  2.06967  2.08981  7.96865  5.35526  0.100016  0.96503  
1.01451  0.871252  2.06967  2.08981  7.96865  5.35526  0.100016  0.96503  
0.873148  0.870021  2.06967  2.08981  7.96865  5.35526  0.100016  0.96503  
0.100156  0.96504  2.06967  2.08981  7.96865  5.35526  0.100016  0.96503  
1.08384  1.00293  2.06967  2.08981  7.96865  5.35526  0.100016  0.96503  
2.34142  1.33757  2.06967  2.08981  7.96865  5.35526  0.100016  0.96503  
6.53657  4.35526  2.06967  2.08981  7.96865  5.35526  0.100016  0.96503  
1.06984  0.0705824  2.06967  2.08981  7.96865  5.35526  0.100016  0.96503  
1.0703  0.0654952  2.06967  2.08981  7.96865  5.35526  0.100016  0.96503  
1.07491  0.0751927  2.06967  2.08981  7.96865  5.35526  0.100016  0.96503  
1.07491  0.0751927  2.06967  2.08981  7.96865  5.35526  0.100016  0.96503  
0.873148  0.870021  2.06967  2.08981  7.96865  5.35526  0.100016  0.96503  
1.0703  0.0654952  2.06967  2.08981  7.96865  5.35526  0.100016  0.96503  
0.100155  0.965201  2.06967  2.08981  7.96865  5.35526  0.100016  0.96503  
0.100029  0.96504  2.06967  2.08981  7.96865  5.35526  0.100016  0.96503  
0.100016  0.991456  2.06967  2.08981  7.96865  5.35526  0.100016  0.96503  
6.54188  1.16235  2.06967  2.08981  7.96865  5.35526  0.100016  0.96503  
0.100016  0.965042  2.06967  2.08981  7.96865  5.35526  0.100016  0.96503  
0.100016  0.965042  2.06967  2.08981  7.96865  5.35526  0.100016  0.96503  
1.06977  0.0650165  2.06967  2.08981  7.96865  5.35526  0.100016  0.96503  
1.06966  0.0650165  2.06967  2.08981  7.96865  5.35526  0.100016  0.96503  
1.06966  0.0650165  2.06967  2.08981  7.96865  5.35526  0.100016  0.96503  
1.11716  0.0650165  2.06967  2.08981  7.96865  5.35526  0.100016  0.96503  
4.92727  0.228079  2.06967  2.08981  7.96865  5.35526  0.100016  0.96503  
1.06966  0.0650165  2.06967  2.08981  7.96865  5.35526  0.100016  0.96503  
0.873702  0.781486  2.06967  2.08981  7.96865  5.35526  0.100016  0.96503  
2.34143  0.187302  2.06967  2.08981  7.96865  5.35526  0.100016  0.96503  
4.90529  1.15134  2.06967  2.08981  7.96865  5.35526  0.100016  0.96503  
2.34408  0.0673708  2.06967  2.08981  7.96865  5.35526  0.100016  0.96503  
4.90947  0.519699  2.06967  2.08981  7.96865  5.35526  0.100016  0.96503  
1.06966  0.0650165  2.06967  2.08981  7.96865  5.35526  0.100016  0.96503  
0.100029  0.965032  2.06967  2.08981  7.96865  5.35526  0.100016  0.96503  
6.54338  0.835567  2.06967  2.08981  7.96865  5.35526  0.100016  0.96503  
2.34494  0.0672899  2.06967  2.08981  7.96865  5.35526  0.100016  0.96503  
4.90865  0.598012  2.06967  2.08981  7.96865  5.35526  0.100016  0.96503  
4.906  0.856811  2.06967  2.08981  7.96865  5.35526  0.100016  0.96503  
0.873159  0.787274  2.06967  2.08981  7.96865  5.35526  0.100016  0.96503  
6.54275  1.15652  2.06967  2.08981  7.96865  5.35526  0.100016  0.96503  
1.0727  0.0650165  2.06967  2.08981  7.96865  5.35526  0.100016  0.96503  
0.100016  0.973351  2.06967  2.08981  7.96865  5.35526  0.100016  0.96503  
1.08513  0.0650165  2.06967  2.08981  7.96865  5.35526  0.100016  0.96503  
1.01459  0.790242  2.06967  2.08981  7.96865  5.35526  0.100016  0.96503  
6.53674  3.34986  2.06967  2.08981  7.96865  5.35526  0.100016  0.96503  
2.34382  0.0674814  2.06967  2.08981  7.96865  5.35526  0.100016  0.96503  
1.07088  0.0650165  2.06967  2.08981  7.96865  5.35526  0.100016  0.96503  
1.08962  0.0650165  2.06967  2.08981  7.96865  5.35526  0.100016  0.96503  
6.53777  1.41897  2.06967  2.08981  7.96865  5.35526  0.100016  0.96503  
1.06966  0.0650165  2.06967  2.08981  7.96865  5.35526  0.100016  0.96503  
1.01459  0.799098  2.06967  2.08981  7.96865  5.35526  0.100016  0.96503  
1.06966  0.0650165  2.06967  2.08981  7.96865  5.35526  0.100016  0.96503  
0.100016  0.96503  2.06967  2.08981  7.96865  5.35526  0.100016  0.96503  
4.29056  0.0650875  2.06967  2.08981  7.96865  5.35526  0.100016  0.96503  
6.53746  2.86942  2.06967  2.08981  7.96865  5.35526  0.100016  0.96503  
1.06966  0.0710687  2.06967  2.08981  7.96865  5.35526  0.100016  0.96503  
0.103315  0.96503  2.06967  2.08981  7.96865  5.35526  0.100016  0.96503  
2.34179  0.0729009  2.06967  2.08981  7.96865  5.35526  0.100016  0.96503  
1.08384  0.0668571  2.06967  2.08981  7.96865  5.35526  0.100016  0.96503  
0.100016  0.96517  2.06967  2.08981  7.96865  5.35526  0.100016  0.96503  
1.01451  0.871042  2.06967  2.08981  7.96865  5.35526  0.100016  0.96503  
0.844048  0.781484  2.06967  2.08981  7.96865  5.35526  0.84401  0.781538  
1.07519  0.0650165  2.06967  2.08981  7.96865  5.35526  0.100016  0.96503  
0.88619  0.781482  2.06967  2.08981  7.96865  5.35526  0.100016  0.96503  
1.01467  0.787249  2.06967  2.08981  7.96865  5.35526  0.100016  0.96503  
6.5389  1.17063  2.06967  2.08981  7.96865  5.35526  0.100016  0.96503  
0.852757  0.781482  2.06967  2.08981  7.96865  5.35526  0.100016  0.96503  
2.41312  0.0652664  2.06967  2.08981  7.96865  5.35526  0.100016  0.96503  
6.96865  0.350885  2.06967  2.08981  7.96865  5.35526  0.100016  0.96503  
0.873224  0.782697  2.06967  2.08981  7.96865  5.35526  0.100016  0.96503  
1.07491  0.0650171  2.06967  2.08981  7.96865  5.35526  0.100016  0.96503  
6.56451  0.75881  2.06967  2.08981  7.96865  5.35526  0.100016  0.96503  
1.04086  0.781482  2.06967  2.08981  7.96865  5.35526  0.100016  0.96503  
0.873149  0.798525  2.06967  2.08981  7.96865  5.35526  0.100016  0.96503  
2.38302  0.0654729  2.06967  2.08981  7.96865  5.35526  0.100016  0.96503  
0.874848  0.781484  2.06967  2.08981  7.96865  5.35526  0.100016  0.96503  
4.90757  0.851845  2.06967  2.08981  7.96865  5.35526  0.100016  0.96503  
2.35987  0.0667679  2.06967  2.08981  7.96865  5.35526  0.100016  0.96503  
0.100016  0.96503  2.06967  2.08981  7.96865  5.35526  0.100016  0.96503  
2.39365  0.06533  2.06967  2.08981  7.96865  5.35526  0.100016  0.96503  
1.07031  0.0650165  2.06967  2.08981  7.96865  5.35526  0.100016  0.96503  
0.84401  0.781538  2.06967  2.08981  7.96865  5.35526  0.100016  0.96503  
1.01456  0.803766  2.06967  2.08981  7.96865  5.35526  0.100016  0.96503  
0.873296  0.782241  2.06967  2.08981  7.96865  5.35526  0.100016  0.96503  
0.873157  0.793012  2.06967  2.08981  7.96865  5.35526  0.100016  0.96503  
1.0148  0.781494  2.06967  2.08981  7.96865  5.35526  0.100016  0.96503  
1.08384  0.0650165  2.06967  2.08981  7.96865  5.35526  1.06967  0.0650165  
1.03249  0.781486  2.06967  2.08981  7.96865  5.35526  0.100016  0.96503  
0.10019  0.96503  2.06967  2.08981  7.96865  5.35526  0.100016  0.96503  
4.93489  0.0673193  2.06967  2.08981  7.96865  5.35526  0.100016  0.96503  
0.873167  0.787203  2.06967  2.08981  7.96865  5.35526  0.844048  0.781484  
2.36089  0.0666466  2.06967  2.08981  7.96865  5.35526  0.852757  0.781482  
1.06984  0.0650172  2.06967  2.08981  7.96865  5.35526  0.844038  0.781484  
0.844038  0.781484  2.06967  2.08981  7.96865  5.35526  1.06966  0.0650165  
