1.66792  3.94833  3.85454  5.53849  1.79769e+308  1.79769e+308  1.66792  3.94833  
2.33695  3.11383  3.85454  5.53849  1.79769e+308  1.79769e+308  2.33695  3.11383  
1.74656  3.72687  3.85454  5.53849  1.79769e+308  1.79769e+308  1.74656  3.72687  
1.3137  4.20209  3.85454  5.53849  1.79769e+308  1.79769e+308  1.3137  4.20209  
0.999998  4.36899  3.85454  5.53849  1.79769e+308  1.79769e+308  0.999998  4.36899  
1.92426  3.58267  3.85454  5.53849  1.79769e+308  1.79769e+308  1.92426  3.58267  
2.65951  2.24711  3.85454  5.53849  1.79769e+308  1.79769e+308  2.65951  2.24711  
1.43015  4.06485  3.85454  5.53849  1.79769e+308  1.79769e+308  1.43015  4.06485  
1.52901  4.03963  3.85454  5.53849  1.79769e+308  1.79769e+308  1.52901  4.03963  
2.35945  2.64345  3.85454  5.53849  1.79769e+308  1.79769e+308  2.35945  2.64345  
2.25378  3.29844  3.85454  5.53849  1.79769e+308  1.79769e+308  2.25378  3.29844  
2.08557  3.08717  3.85454  5.53849  1.79769e+308  1.79769e+308  2.08557  3.08717  
1.34017  3.99852  3.85454  5.53849  1.79769e+308  1.79769e+308  1.34017  3.99852  
1.3982  4.08817  3.85454  5.53849  1.79769e+308  1.79769e+308  1.3982  4.08817  
2.45265  2.7745  3.85454  5.53849  1.79769e+308  1.79769e+308  2.45265  2.7745  
2.06925  3.11126  3.85454  5.53849  1.79769e+308  1.79769e+308  2.06925  3.11126  
1.98469  3.88619  3.85454  5.53849  1.79769e+308  1.79769e+308  1.98469  3.88619  
1.69802  3.55657  3.85454  5.53849  1.79769e+308  1.79769e+308  1.69802  3.55657  
1.7259  3.66859  3.85454  5.53849  1.79769e+308  1.79769e+308  1.7259  3.66859  
2.45986  2.64778  3.85454  5.53849  1.79769e+308  1.79769e+308  2.45986  2.64778  
2.02565  3.67098  3.85454  5.53849  1.79769e+308  1.79769e+308  2.02565  3.67098  
2.52722  3.06635  3.85454  5.53849  1.79769e+308  1.79769e+308  2.52722  3.06635  
2.47383  2.6072  3.85454  5.53849  1.79769e+308  1.79769e+308  2.47383  2.6072  
1.72732  4.01862  3.85454  5.53849  1.79769e+308  1.79769e+308  1.72732  4.01862  
2.85454  1.84304  3.85454  5.53849  1.79769e+308  1.79769e+308  2.85454  1.84304  
2.21143  3.42435  3.85454  5.53849  1.79769e+308  1.79769e+308  2.21143  3.42435  
2.54883  2.49984  3.85454  5.53849  1.79769e+308  1.79769e+308  2.54883  2.49984  
1.19676  4.08599  3.85454  5.53849  1.79769e+308  1.79769e+308  1.19676  4.08599  
2.63065  2.61776  3.85454  5.53849  1.79769e+308  1.79769e+308  2.63065  2.61776  
2.37934  3.37199  3.85454  5.53849  1.79769e+308  1.79769e+308  2.37934  3.37199  
1.69396  3.72296  3.85454  5.53849  1.79769e+308  1.79769e+308  1.69396  3.72296  
0.660397  4.53849  3.85454  5.53849  1.79769e+308  1.79769e+308  0.660397  4.53849  
2.31163  3.15227  3.85454  5.53849  1.79769e+308  1.79769e+308  2.31163  3.15227  
1.71133  3.91879  3.85454  5.53849  1.79769e+308  1.79769e+308  1.71133  3.91879  
2.70084  1.62754  3.85454  5.53849  1.79769e+308  1.79769e+308  2.70084  1.62754  
2.21065  3.53338  3.85454  5.53849  1.79769e+308  1.79769e+308  2.21065  3.53338  
2.49338  2.51378  3.85454  5.53849  1.79769e+308  1.79769e+308  2.49338  2.51378  
1.44544  4.1267  3.85454  5.53849  1.79769e+308  1.79769e+308  1.44544  4.1267  
1.87712  3.41141  3.85454  5.53849  1.79769e+308  1.79769e+308  1.87712  3.41141  
2.61838  2.61911  3.85454  5.53849  1.79769e+308  1.79769e+308  2.61838  2.61911  
2.17214  3.24228  3.85454  5.53849  1.79769e+308  1.79769e+308  2.17214  3.24228  
1.82497  3.67431  3.85454  5.53849  1.79769e+308  1.79769e+308  1.82497  3.67431  
1.69907  4.22391  3.85454  5.53849  1.79769e+308  1.79769e+308  1.69907  4.22391  
1.51672  3.84216  3.85454  5.53849  1.79769e+308  1.79769e+308  1.51672  3.84216  
1.74324  4.11531  3.85454  5.53849  1.79769e+308  1.79769e+308  1.74324  4.11531  
2.19723  3.42905  3.85454  5.53849  1.79769e+308  1.79769e+308  2.19723  3.42905  
1.88628  3.80002  3.85454  5.53849  1.79769e+308  1.79769e+308  1.88628  3.80002  
1.77815  3.88329  3.85454  5.53849  1.79769e+308  1.79769e+308  1.77815  3.88329  
1.7885  3.93933  3.85454  5.53849  1.79769e+308  1.79769e+308  1.7885  3.93933  
2.25867  2.80996  3.85454  5.53849  1.79769e+308  1.79769e+308  2.25867  2.80996  
1.67389  3.90455  3.85454  5.53849  1.79769e+308  1.79769e+308  1.67389  3.90455  
1.48215  4.11317  3.85454  5.53849  1.79769e+308  1.79769e+308  1.48215  4.11317  
2.25995  3.61634  3.85454  5.53849  1.79769e+308  1.79769e+308  2.25995  3.61634  
2.08743  3.37891  3.85454  5.53849  1.79769e+308  1.79769e+308  2.08743  3.37891  
2.81396  2.03041  3.85454  5.53849  1.79769e+308  1.79769e+308  2.81396  2.03041  
2.05745  2.96669  3.85454  5.53849  1.79769e+308  1.79769e+308  2.05745  2.96669  
1.56892  4.03857  3.85454  5.53849  1.79769e+308  1.79769e+308  1.56892  4.03857  
1.97604  3.12597  3.85454  5.53849  1.79769e+308  1.79769e+308  1.97604  3.12597  
1.6441  3.84376  3.85454  5.53849  1.79769e+308  1.79769e+308  1.6441  3.84376  
1.96042  3.21075  3.85454  5.53849  1.79769e+308  1.79769e+308  1.96042  3.21075  
2.33602  2.85341  3.85454  5.53849  1.79769e+308  1.79769e+308  2.33602  2.85341  
1.76629  3.55653  3.85454  5.53849  1.79769e+308  1.79769e+308  1.76629  3.55653  
2.63229  2.28308  3.85454  5.53849  1.79769e+308  1.79769e+308  2.63229  2.28308  
2.12324  2.60944  3.85454  5.53849  1.79769e+308  1.79769e+308  2.12324  2.60944  
1.73155  3.77549  3.85454  5.53849  1.79769e+308  1.79769e+308  1.73155  3.77549  
2.24845  2.9526  3.85454  5.53849  1.79769e+308  1.79769e+308  2.24845  2.9526  
2.52404  2.99318  3.85454  5.53849  1.79769e+308  1.79769e+308  2.52404  2.99318  
2.48222  3.17377  3.85454  5.53849  1.79769e+308  1.79769e+308  2.48222  3.17377  
2.63489  2.33306  3.85454  5.53849  1.79769e+308  1.79769e+308  2.63489  2.33306  
2.12476  3.65351  3.85454  5.53849  1.79769e+308  1.79769e+308  2.12476  3.65351  
1.78917  3.72634  3.85454  5.53849  1.79769e+308  1.79769e+308  1.78917  3.72634  
1.2248  4.32939  3.85454  5.53849  1.79769e+308  1.79769e+308  1.2248  4.32939  
1.95771  3.68239  3.85454  5.53849  1.79769e+308  1.79769e+308  1.95771  3.68239  
2.15327  3.2688  3.85454  5.53849  1.79769e+308  1.79769e+308  2.15327  3.2688  
1.32646  4.05443  3.85454  5.53849  1.79769e+308  1.79769e+308  1.32646  4.05443  
2.12548  2.97163  3.85454  5.53849  1.79769e+308  1.79769e+308  2.12548  2.97163  
2.04747  3.57638  3.85454  5.53849  1.79769e+308  1.79769e+308  2.04747  3.57638  
2.42375  2.45692  3.85454  5.53849  1.79769e+308  1.79769e+308  2.42375  2.45692  
2.76402  2.25126  3.85454  5.53849  1.79769e+308  1.79769e+308  2.76402  2.25126  
1.82271  3.32179  3.85454  5.53849  1.79769e+308  1.79769e+308  1.82271  3.32179  
2.417  3.12836  3.85454  5.53849  1.79769e+308  1.79769e+308  2.417  3.12836  
1.61167  4.1256  3.85454  5.53849  1.79769e+308  1.79769e+308  1.61167  4.1256  
2.0155  4.00046  3.85454  5.53849  1.79769e+308  1.79769e+308  2.0155  4.00046  
2.07298  3.96717  3.85454  5.53849  1.79769e+308  1.79769e+308  2.07298  3.96717  
2.00943  3.71668  3.85454  5.53849  1.79769e+308  1.79769e+308  2.00943  3.71668  
2.39507  2.977  3.85454  5.53849  1.79769e+308  1.79769e+308  2.39507  2.977  
2.08095  3.30068  3.85454  5.53849  1.79769e+308  1.79769e+308  2.08095  3.30068  
1.98665  3.63806  3.85454  5.53849  1.79769e+308  1.79769e+308  1.98665  3.63806  
1.52657  3.82099  3.85454  5.53849  1.79769e+308  1.79769e+308  1.52657  3.82099  
2.04879  3.59824  3.85454  5.53849  1.79769e+308  1.79769e+308  2.04879  3.59824  
2.04112  3.27837  3.85454  5.53849  1.79769e+308  1.79769e+308  2.04112  3.27837  
1.55806  3.76089  3.85454  5.53849  1.79769e+308  1.79769e+308  1.55806  3.76089  
1.48184  4.19791  3.85454  5.53849  1.79769e+308  1.79769e+308  1.48184  4.19791  
2.74115  2.2689  3.85454  5.53849  1.79769e+308  1.79769e+308  2.74115  2.2689  
1.95758  3.7235  3.85454  5.53849  1.79769e+308  1.79769e+308  1.95758  3.7235  
1.97569  3.23075  3.85454  5.53849  1.79769e+308  1.79769e+308  1.97569  3.23075  
2.62099  2.25727  3.85454  5.53849  1.79769e+308  1.79769e+308  2.62099  2.25727  
2.84537  1.96844  3.85454  5.53849  1.79769e+308  1.79769e+308  2.84537  1.96844  
2.40647  2.86899  3.85454  5.53849  1.79769e+308  1.79769e+308  2.40647  2.86899  
2.61103  2.64462  3.85454  5.53849  1.79769e+308  1.79769e+308  2.61103  2.64462  
2.20062  0.200619  3.5563  5.56232  3.20062  5.1589  2.356  1.11354  
1.25873  3.25599  3.5563  5.56232  3.20062  5.1589  2.12289  2.69361  
0.905602  3.81343  3.5563  5.56232  3.20062  5.1589  1.65885  3.46761  
2.02674  1.86156  3.5563  5.56232  3.20062  5.1589  2.22949  2.0424  
2.15475  1.03401  3.5563  5.56232  3.20062  5.1589  1.14167  3.94778  
1.77668  2.48006  3.5563  5.56232  3.20062  5.1589  1.50782  3.83419  
1.92963  2.1081  3.5563  5.56232  3.20062  5.1589  1.55607  3.48148  
1.06642  3.5165  3.5563  5.56232  3.20062  5.1589  1.79819  3.16534  
0.940209  3.68503  3.5563  5.56232  3.20062  5.1589  1.81084  3.30394  
1.3328  3.12135  3.5563  5.56232  3.20062  5.1589  1.43489  2.84809  
1.04089  3.56672  3.5563  5.56232  3.20062  5.1589  2.15464  2.63314  
0.808038  3.86632  3.5563  5.56232  3.20062  5.1589  2.27843  1.35485  
1.24936  3.27146  3.5563  5.56232  3.20062  5.1589  0.562321  4.56232  
0.165185  4.15849  3.5563  5.56232  3.20062  5.1589  1.6172  3.50317  
0.158902  4.1589  3.5563  5.56232  3.20062  5.1589  2.06885  2.24702  
1.78952  2.43653  3.5563  5.56232  3.20062  5.1589  2.20062  0.200619  
2.13449  1.30351  3.5563  5.56232  3.20062  5.1589  0.859945  4.47755  
1.02016  3.57781  3.5563  5.56232  3.20062  5.1589  1.97878  2.70933  
2.01215  1.91159  3.5563  5.56232  3.20062  5.1589  0.459443  4.45944  
0.705021  4.01044  3.5563  5.56232  3.20062  5.1589  1.98812  2.86271  
1.53984  2.79423  3.5563  5.56232  3.20062  5.1589  1.59528  3.95286  
0.649828  4.03429  3.5563  5.56232  3.20062  5.1589  2.42733  0.666872  
1.42517  2.83819  3.5563  5.56232  3.20062  5.1589  1.97038  2.84179  
1.05828  3.5309  3.5563  5.56232  3.20062  5.1589  1.37081  3.59446  
0.722715  4.00327  3.5563  5.56232  3.20062  5.1589  1.36293  3.47614  
2.10253  1.51468  3.5563  5.56232  3.20062  5.1589  2.50279  0.502912  
1.99347  1.91988  3.5563  5.56232  3.20062  5.1589  1.7095  3.35697  
1.13039  3.43696  3.5563  5.56232  3.20062  5.1589  2.46438  0.557567  
0.930461  3.77314  3.5563  5.56232  3.20062  5.1589  2.5563  0.55632  
1.90541  2.16903  3.5563  5.56232  3.20062  5.1589  0.743322  4.5316  
0.973914  3.62634  3.5563  5.56232  3.20062  5.1589  2.08451  2.49507  
1.80612  2.40058  3.5563  5.56232  3.20062  5.1589  0.743145  3.99163  
1.07727  3.49842  3.5563  5.56232  3.20062  5.1589  2.45977  1.00922  
0.54552  4.12406  3.5563  5.56232  3.20062  5.1589  2.34417  1.0099  
2.04554  1.70289  3.5563  5.56232  3.20062  5.1589  1.42829  3.99684  
1.75388  2.57255  3.5563  5.56232  3.20062  5.1589  2.3863  2.25187  
1.09825  3.46952  3.5563  5.56232  3.20062  5.1589  2.24368  1.95971  
1.93621  1.98071  3.5563  5.56232  3.20062  5.1589  0.916604  4.14538  
0.986581  3.61225  3.5563  5.56232  3.20062  5.1589  2.23522  2.3119  
1.49097  2.82626  3.5563  5.56232  3.20062  5.1589  2.28867  2.2611  
1.52048  2.80832  3.5563  5.56232  3.20062  5.1589  2.07778  2.98196  
1.34051  3.09383  3.5563  5.56232  3.20062  5.1589  1.68748  3.34497  
0.980299  3.61945  3.5563  5.56232  3.20062  5.1589  1.79396  3.07867  
1.23093  3.31771  3.5563  5.56232  3.20062  5.1589  1.97519  2.08563  
0.451934  4.12713  3.5563  5.56232  3.20062  5.1589  1.73736  2.99147  
0.741061  3.92949  3.5563  5.56232  3.20062  5.1589  0.263375  4.26246  
1.31767  3.15213  3.5563  5.56232  3.20062  5.1589  0.85508  4.27733  
1.22597  3.3221  3.5563  5.56232  3.20062  5.1589  1.77547  3.10804  
1.3982  2.91591  3.5563  5.56232  3.20062  5.1589  1.81392  2.82065  
1.00789  3.58691  3.5563  5.56232  3.20062  5.1589  0.932836  3.89898  
0.967976  3.63593  3.5563  5.56232  3.20062  5.1589  1.28703  3.78447  
0.96168  3.645  3.5563  5.56232  3.20062  5.1589  2.45085  0.889666  
1.76819  2.51295  3.5563  5.56232  3.20062  5.1589  1.94495  2.96149  
1.89242  2.23258  3.5563  5.56232  3.20062  5.1589  1.92401  3.27909  
1.96669  1.94373  3.5563  5.56232  3.20062  5.1589  2.49446  0.875473  
2.10718  1.46477  3.5563  5.56232  3.20062  5.1589  1.86085  2.50539  
1.03572  3.57087  3.5563  5.56232  3.20062  5.1589  2.27105  2.01076  
1.89926  2.20085  3.5563  5.56232  3.20062  5.1589  2.02012  2.59871  
1.92016  2.12692  3.5563  5.56232  3.20062  5.1589  0.158902  4.1589  
2.04882  1.60396  3.5563  5.56232  3.20062  5.1589  2.06016  2.51904  
1.69988  2.63301  3.5563  5.56232  3.20062  5.1589  2.50108  0.501084  
0.942737  3.67559  3.5563  5.56232  3.20062  5.1589  2.3083  1.77686  
1.28376  3.21662  3.5563  5.56232  3.20062  5.1589  1.64389  3.60147  
0.565843  4.03767  3.5563  5.56232  3.20062  5.1589  2.04882  1.60396  
1.09185  3.47886  3.5563  5.56232  3.20062  5.1589  1.00789  3.58691  
0.872092  3.8336  3.5563  5.56232  3.20062  5.1589  2.48932  0.936068  
1.00475  3.58992  3.5563  5.56232  3.20062  5.1589  2.204  2.37323  
1.31313  3.17398  3.5563  5.56232  3.20062  5.1589  1.6472  3.58663  
1.47799  2.8288  3.5563  5.56232  3.20062  5.1589  1.75704  3.41684  
2.07947  1.55549  3.5563  5.56232  3.20062  5.1589  1.5878  3.46753  
0.666065  4.01953  3.5563  5.56232  3.20062  5.1589  2.23822  1.75992  
1.41715  2.87438  3.5563  5.56232  3.20062  5.1589  2.20186  2.16226  
0.998056  3.59829  3.5563  5.56232  3.20062  5.1589  0.867383  4.33079  
1.27806  3.23282  3.5563  5.56232  3.20062  5.1589  0.492594  4.36254  
0.935874  3.71631  3.5563  5.56232  3.20062  5.1589  0.648226  4.46414  
1.32553  3.141  3.5563  5.56232  3.20062  5.1589  1.32755  4.20293  
1.05203  3.54334  3.5563  5.56232  3.20062  5.1589  1.17066  4.15409  
0.789146  3.92451  3.5563  5.56232  3.20062  5.1589  1.41077  3.89763  
1.38722  2.9947  3.5563  5.56232  3.20062  5.1589  2.06305  1.95418  
2.01786  1.88286  3.5563  5.56232  3.20062  5.1589  1.67774  3.53792  
1.91119  2.14328  3.5563  5.56232  3.20062  5.1589  1.3269  4.28032  
1.78513  2.46436  3.5563  5.56232  3.20062  5.1589  2.26107  1.89465  
2.05771  1.58651  3.5563  5.56232  3.20062  5.1589  1.08262  4.1523  
1.67108  2.70501  3.5563  5.56232  3.20062  5.1589  2.28411  1.65598  
0.992503  3.60148  3.5563  5.56232  3.20062  5.1589  2.42809  1.46716  
1.20902  3.38609  3.5563  5.56232  3.20062  5.1589  1.09486  3.95783  
1.0182  3.58184  3.5563  5.56232  3.20062  5.1589  2.02115  3.07588  
1.26746  3.24574  3.5563  5.56232  3.20062  5.1589  1.51567  3.85709  
0.670729  4.01526  3.5563  5.56232  3.20062  5.1589  1.51193  3.48331  
1.30419  3.20435  3.5563  5.56232  3.20062  5.1589  1.56745  3.77354  
0.9557  3.66331  3.5563  5.56232  3.20062  5.1589  2.40733  1.29772  
1.62742  2.72535  3.5563  5.56232  3.20062  5.1589  1.80149  3.42505  
1.24505  3.28695  3.5563  5.56232  3.20062  5.1589  2.28595  2.56956  
1.41257  2.88446  3.5563  5.56232  3.20062  5.1589  0.822417  4.17569  
1.761  2.53119  3.5563  5.56232  3.20062  5.1589  2.55299  0.553001  
1.11604  3.44968  3.5563  5.56232  3.20062  5.1589  1.91963  2.97624  
1.84708  2.38875  3.5563  5.56232  3.20062  5.1589  2.34222  1.44469  
2.04064  1.84663  3.5563  5.56232  3.20062  5.1589  2.02961  2.98591  
1.61266  2.79176  3.5563  5.56232  3.20062  5.1589  1.03235  4.18413  
1.10733  3.45885  3.5563  5.56232  3.20062  5.1589  1.93394  2.64604  
2.2002  0.200203  3.40126  5.2172  3.2002  5.15809  1.80455  2.19657  
1.23934  3.23624  3.40126  5.2172  3.2002  5.15809  0.839723  3.83327  
0.337671  4.09151  3.40126  5.2172  3.2002  5.15809  1.03133  3.54878  
1.88366  1.9246  3.40126  5.2172  3.2002  5.15809  2.07573  1.25011  
2.15475  1.03401  3.40126  5.2172  3.2002  5.15809  0.909267  3.81446  
0.959363  3.61933  3.40126  5.2172  3.2002  5.15809  0.959363  3.61933  
2.14708  1.13271  3.40126  5.2172  3.2002  5.15809  2.03203  2.234  
0.816491  3.77095  3.40126  5.2172  3.2002  5.15809  0.91118  3.79166  
1.70269  2.34824  3.40126  5.2172  3.2002  5.15809  0.343215  4.16323  
0.376709  4.07251  3.40126  5.2172  3.2002  5.15809  1.41534  2.8283  
0.158087  4.15809  3.40126  5.2172  3.2002  5.15809  1.74983  2.52466  
0.570671  3.98205  3.40126  5.2172  3.2002  5.15809  1.13609  3.45607  
1.55929  2.69288  3.40126  5.2172  3.2002  5.15809  0.509068  4.0479  
1.68563  2.37687  3.40126  5.2172  3.2002  5.15809  0.855838  3.72458  
1.57039  2.66358  3.40126  5.2172  3.2002  5.15809  0.489506  4.15429  
2.19591  0.72818  3.40126  5.2172  3.2002  5.15809  2.2002  0.200203  
1.64547  2.48571  3.40126  5.2172  3.2002  5.15809  1.85339  2.12747  
1.16536  3.3033  3.40126  5.2172  3.2002  5.15809  2.21101  1.50321  
2.07321  1.28449  3.40126  5.2172  3.2002  5.15809  0.832246  3.79434  
1.96301  1.64632  3.40126  5.2172  3.2002  5.15809  0.539724  4.10365  
0.68424  3.91366  3.40126  5.2172  3.2002  5.15809  2.04861  1.45202  
0.973081  3.60116  3.40126  5.2172  3.2002  5.15809  2.40126  0.401259  
1.38077  2.93103  3.40126  5.2172  3.2002  5.15809  2.14708  1.13271  
1.40532  2.85945  3.40126  5.2172  3.2002  5.15809  0.223884  4.10582  
1.89277  1.884  3.40126  5.2172  3.2002  5.15809  2.29548  0.302438  
2.09996  1.22157  3.40126  5.2172  3.2002  5.15809  0.39706  4.05958  
2.03639  1.49229  3.40126  5.2172  3.2002  5.15809  1.01799  3.61931  
2.1846  0.79332  3.40126  5.2172  3.2002  5.15809  0.578138  4.03592  
1.05102  3.50165  3.40126  5.2172  3.2002  5.15809  1.63393  2.67977  
2.04861  1.45202  3.40126  5.2172  3.2002  5.15809  1.99738  1.70006  
0.512806  4.02663  3.40126  5.2172  3.2002  5.15809  1.06814  3.62895  
1.77767  2.25294  3.40126  5.2172  3.2002  5.15809  1.26648  3.23139  
0.739801  3.86342  3.40126  5.2172  3.2002  5.15809  1.46966  2.87792  
1.29527  3.11336  3.40126  5.2172  3.2002  5.15809  0.959579  3.74732  
1.52887  2.75481  3.40126  5.2172  3.2002  5.15809  0.682463  3.91496  
1.80455  2.19657  3.40126  5.2172  3.2002  5.15809  1.83411  2.44967  
1.58069  2.63686  3.40126  5.2172  3.2002  5.15809  0.558352  4.03423  
0.551618  4.00067  3.40126  5.2172  3.2002  5.15809  1.71857  2.2766  
1.06215  3.47847  3.40126  5.2172  3.2002  5.15809  1.59527  2.66923  
0.594919  3.95921  3.40126  5.2172  3.2002  5.15809  1.85375  2.40861  
1.5032  2.80518  3.40126  5.2172  3.2002  5.15809  2.11179  1.40097  
1.31765  3.05814  3.40126  5.2172  3.2002  5.15809  1.06351  3.48087  
1.8694  2.00707  3.40126  5.2172  3.2002  5.15809  0.746627  3.90526  
1.14823  3.31889  3.40126  5.2172  3.2002  5.15809  2.00571  1.66038  
0.525443  4.01936  3.40126  5.2172  3.2002  5.15809  0.787681  3.81083  
1.41534  2.8283  3.40126  5.2172  3.2002  5.15809  0.731452  3.90293  
1.90578  1.84035  3.40126  5.2172  3.2002  5.15809  1.95617  1.65257  
1.19589  3.28012  3.40126  5.2172  3.2002  5.15809  1.63993  2.81325  
1.39532  2.88896  3.40126  5.2172  3.2002  5.15809  1.71819  2.70238  
1.8495  2.11695  3.40126  5.2172  3.2002  5.15809  2.27585  1.29803  
1.04216  3.51713  3.40126  5.2172  3.2002  5.15809  1.31998  3.05173  
0.937381  3.6541  3.40126  5.2172  3.2002  5.15809  1.56852  2.86103  
1.34482  3.01427  3.40126  5.2172  3.2002  5.15809  1.82018  2.4905  
1.30505  3.08962  3.40126  5.2172  3.2002  5.15809  1.39947  2.99963  
0.259448  4.0985  3.40126  5.2172  3.2002  5.15809  0.170561  4.17025  
0.877355  3.70523  3.40126  5.2172  3.2002  5.15809  1.87014  2.02891  
1.02419  3.54395  3.40126  5.2172  3.2002  5.15809  0.965022  3.71336  
1.71857  2.2766  3.40126  5.2172  3.2002  5.15809  0.993404  3.5903  
0.915778  3.6844  3.40126  5.2172  3.2002  5.15809  0.158087  4.15809  
1.6686  2.40566  3.40126  5.2172  3.2002  5.15809  1.79382  2.49256  
1.62545  2.53318  3.40126  5.2172  3.2002  5.15809  2.12407  1.90275  
0.623201  3.94733  3.40126  5.2172  3.2002  5.15809  0.469997  4.1126  
2.12372  1.20443  3.40126  5.2172  3.2002  5.15809  0.525443  4.01936  
1.36892  2.96295  3.40126  5.2172  3.2002  5.15809  2.02037  1.57227  
1.07651  3.45125  3.40126  5.2172  3.2002  5.15809  1.14823  3.31889  
1.83562  2.18137  3.40126  5.2172  3.2002  5.15809  2.37706  0.475123  
1.55061  2.72627  3.40126  5.2172  3.2002  5.15809  1.66515  2.41419  
1.26185  3.18757  3.40126  5.2172  3.2002  5.15809  1.1134  3.43033  
1.70956  2.31112  3.40126  5.2172  3.2002  5.15809  1.14363  3.49074  
1.91925  1.80532  3.40126  5.2172  3.2002  5.15809  0.256531  4.2172  
1.28303  3.14473  3.40126  5.2172  3.2002  5.15809  1.31986  3.18214  
2.02037  1.57227  3.40126  5.2172  3.2002  5.15809  1.61202  2.56025  
1.95617  1.65257  3.40126  5.2172  3.2002  5.15809  1.91178  2.30632  
0.794744  3.79685  3.40126  5.2172  3.2002  5.15809  1.25334  3.31326  
0.223884  4.10582  3.40126  5.2172  3.2002  5.15809  0.752422  3.85514  
2.0586  1.35457  3.40126  5.2172  3.2002  5.15809  1.86728  2.47811  
1.94846  1.68702  3.40126  5.2172  3.2002  5.15809  2.08384  2.17808  
1.10407  3.39759  3.40126  5.2172  3.2002  5.15809  1.89878  1.85952  
0.39706  4.05958  3.40126  5.2172  3.2002  5.15809  2.21284  1.14528  
0.783358  3.8158  3.40126  5.2172  3.2002  5.15809  1.37497  2.98363  
0.845598  3.73566  3.40126  5.2172  3.2002  5.15809  1.28138  3.32748  
1.87805  1.95984  3.40126  5.2172  3.2002  5.15809  1.55721  2.71684  
0.770692  3.83091  3.40126  5.2172  3.2002  5.15809  1.07327  3.55051  
0.64549  3.93027  3.40126  5.2172  3.2002  5.15809  1.93276  1.96004  
0.194824  4.12208  3.40126  5.2172  3.2002  5.15809  1.59018  2.74613  
1.93747  1.73912  3.40126  5.2172  3.2002  5.15809  0.367758  4.13151  
1.86305  2.04576  3.40126  5.2172  3.2002  5.15809  0.991711  3.68811  
0.859634  3.72115  3.40126  5.2172  3.2002  5.15809  0.938582  3.75275  
0.831058  3.75397  3.40126  5.2172  3.2002  5.15809  1.53501  2.95439  
1.08604  3.42986  3.40126  5.2172  3.2002  5.15809  1.20693  3.39906  
0.706737  3.87753  3.40126  5.2172  3.2002  5.15809  0.923967  3.67711  
2.07991  1.24288  3.40126  5.2172  3.2002  5.15809  1.31071  3.17514  
0.999006  3.57873  3.40126  5.2172  3.2002  5.15809  1.28818  3.28757  
1.32765  3.03454  3.40126  5.2172  3.2002  5.15809  1.28706  3.19032  
1.59472  2.60536  3.40126  5.2172  3.2002  5.15809  0.813024  3.87676  
1.12295  3.3674  3.40126  5.2172  3.2002  5.15809  1.96195  1.84934  
1.60862  2.56878  3.40126  5.2172  3.2002  5.15809  0.672299  3.96742  
1.13571  3.34168  3.40126  5.2172  3.2002  5.15809  0.892073  3.80453  
0.428347  4.05306  3.40126  5.2172  3.2002  5.15809  1.39381  3.07626  
1.65749  2.43962  3.40126  5.2172  3.2002  5.15809  0.594919  3.95921  
2.20017  0.200166  3.20017  5.10484  3.20017  5.10484  1.16924  3.26492  
0.717466  3.8277  3.20017  5.10484  3.20017  5.10484  1.02564  3.50326  
1.95727  1.60386  3.20017  5.10484  3.20017  5.10484  0.562358  3.9263  
1.88243  1.92409  3.20017  5.10484  3.20017  5.10484  2.07242  1.25744  
0.908485  3.63323  3.20017  5.10484  3.20017  5.10484  1.72227  2.2494  
1.46704  2.80344  3.20017  5.10484  3.20017  5.10484  1.09112  3.40456  
2.11027  0.957222  3.20017  5.10484  3.20017  5.10484  1.82565  2.13282  
0.807986  3.75277  3.20017  5.10484  3.20017  5.10484  1.75277  2.23412  
2.13063  0.876599  3.20017  5.10484  3.20017  5.10484  2.11027  0.957222  
1.90554  1.82666  3.20017  5.10484  3.20017  5.10484  1.41519  2.82804  
0.104842  4.10484  3.20017  5.10484  3.20017  5.10484  1.29658  3.05505  
1.42666  2.81701  3.20017  5.10484  3.20017  5.10484  1.12385  3.35005  
1.75084  2.23433  3.20017  5.10484  3.20017  5.10484  1.84384  2.06356  
0.648215  3.88481  3.20017  5.10484  3.20017  5.10484  0.859688  3.70325  
1.56358  2.67184  3.20017  5.10484  3.20017  5.10484  0.583706  3.91722  
2.1899  0.640993  3.20017  5.10484  3.20017  5.10484  2.20017  0.200166  
1.64262  2.47457  3.20017  5.10484  3.20017  5.10484  1.83356  2.10085  
1.15585  3.29188  3.20017  5.10484  3.20017  5.10484  1.46704  2.80344  
2.15392  0.843542  3.20017  5.10484  3.20017  5.10484  0.843233  3.72852  
0.965404  3.55379  3.20017  5.10484  3.20017  5.10484  1.96031  1.59918  
1.5935  2.60041  3.20017  5.10484  3.20017  5.10484  2.0438  1.44652  
2.09821  1.0734  3.20017  5.10484  3.20017  5.10484  1.89933  1.85999  
1.36186  2.94391  3.20017  5.10484  3.20017  5.10484  1.54717  2.70599  
0.562358  3.9263  3.20017  5.10484  3.20017  5.10484  0.236213  4.09535  
1.89335  1.88056  3.20017  5.10484  3.20017  5.10484  0.352755  4.05058  
1.17228  3.26047  3.20017  5.10484  3.20017  5.10484  1.93887  1.68423  
2.01213  1.54445  3.20017  5.10484  3.20017  5.10484  1.05036  3.46506  
2.18667  0.692869  3.20017  5.10484  3.20017  5.10484  1.51196  2.77411  
0.689989  3.84613  3.20017  5.10484  3.20017  5.10484  2.05552  1.38533  
2.04712  1.43538  3.20017  5.10484  3.20017  5.10484  2.11706  0.899168  
0.2834  4.07971  3.20017  5.10484  3.20017  5.10484  1.59164  2.60469  
1.02564  3.50326  3.20017  5.10484  3.20017  5.10484  0.684146  3.85029  
2.03449  1.48331  3.20017  5.10484  3.20017  5.10484  1.38329  2.91284  
1.27524  3.09009  3.20017  5.10484  3.20017  5.10484  2.09821  1.0734  
1.53012  2.74252  3.20017  5.10484  3.20017  5.10484  1.88514  1.91029  
1.81634  2.16091  3.20017  5.10484  3.20017  5.10484  1.92624  1.73931  
1.58069  2.63686  3.20017  5.10484  3.20017  5.10484  1.16063  3.28099  
1.51196  2.77411  3.20017  5.10484  3.20017  5.10484  1.71176  2.27962  
2.17415  0.790243  3.20017  5.10484  3.20017  5.10484  1.56358  2.67184  
0.45438  3.99819  3.20017  5.10484  3.20017  5.10484  1.42666  2.81701  
0.664484  3.86808  3.20017  5.10484  3.20017  5.10484  0.752054  3.79766  
1.30963  3.03117  3.20017  5.10484  3.20017  5.10484  1.69975  2.31813  
1.85899  2.00935  3.20017  5.10484  3.20017  5.10484  2.10361  1.02998  
1.14009  3.32296  3.20017  5.10484  3.20017  5.10484  0.886146  3.67142  
0.583706  3.91722  3.20017  5.10484  3.20017  5.10484  0.660969  3.87158  
1.41519  2.82804  3.20017  5.10484  3.20017  5.10484  1.36186  2.94391  
1.38267  2.91356  3.20017  5.10484  3.20017  5.10484  1.94826  1.63142  
0.480534  3.97933  3.20017  5.10484  3.20017  5.10484  2.01213  1.54445  
1.39516  2.87861  3.20017  5.10484  3.20017  5.10484  0.923854  3.61545  
0.778986  3.77245  3.20017  5.10484  3.20017  5.10484  0.728063  3.82165  
1.97597  1.58196  3.20017  5.10484  3.20017  5.10484  1.26477  3.10124  
0.923854  3.61545  3.20017  5.10484  3.20017  5.10484  2.06384  1.32245  
1.34197  2.96813  3.20017  5.10484  3.20017  5.10484  1.10337  3.38516  
1.77792  2.21038  3.20017  5.10484  3.20017  5.10484  1.68762  2.35304  
0.236213  4.09535  3.20017  5.10484  3.20017  5.10484  0.391405  4.03248  
0.859688  3.70325  3.20017  5.10484  3.20017  5.10484  1.8692  1.96848  
0.949597  3.58621  3.20017  5.10484  3.20017  5.10484  0.480534  3.97933  
1.71176  2.27962  3.20017  5.10484  3.20017  5.10484  0.991462  3.52668  
0.886146  3.67142  3.20017  5.10484  3.20017  5.10484  0.104842  4.10484  
1.66853  2.40326  3.20017  5.10484  3.20017  5.10484  1.33216  2.99185  
1.62454  2.51988  3.20017  5.10484  3.20017  5.10484  1.22863  3.16529  
0.619744  3.90341  3.20017  5.10484  3.20017  5.10484  0.423519  4.01776  
2.086  1.1629  3.20017  5.10484  3.20017  5.10484  0.2834  4.07971  
0.991462  3.52668  3.20017  5.10484  3.20017  5.10484  0.636377  3.89333  
1.05036  3.46506  3.20017  5.10484  3.20017  5.10484  1.14134  3.32031  
1.83356  2.10085  3.20017  5.10484  3.20017  5.10484  1.31568  3.02281  
1.54717  2.70599  3.20017  5.10484  3.20017  5.10484  1.6659  2.40913  
1.22863  3.16529  3.20017  5.10484  3.20017  5.10484  1.63252  2.50819  
1.69975  2.31813  3.20017  5.10484  3.20017  5.10484  1.64582  2.4657  
1.91351  1.79697  3.20017  5.10484  3.20017  5.10484  0.907175  3.64125  
1.245  3.14111  3.20017  5.10484  3.20017  5.10484  1.19308  3.23419  
0.505246  3.96561  3.20017  5.10484  3.20017  5.10484  1.61222  2.54967  
1.94755  1.63498  3.20017  5.10484  3.20017  5.10484  2.188  0.662103  
2.11706  0.899168  3.20017  5.10484  3.20017  5.10484  1.86  2.0049  
0.532932  3.9488  3.20017  5.10484  3.20017  5.10484  1.20908  3.20563  
2.0586  1.35457  3.20017  5.10484  3.20017  5.10484  1.81363  2.16914  
1.93821  1.68805  3.20017  5.10484  3.20017  5.10484  0.70954  3.83367  
0.316088  4.06519  3.20017  5.10484  3.20017  5.10484  1.90927  1.80855  
1.19308  3.23419  3.20017  5.10484  3.20017  5.10484  0.815288  3.74543  
1.20908  3.20563  3.20017  5.10484  3.20017  5.10484  1.34197  2.96813  
1.32834  3.00118  3.20017  5.10484  3.20017  5.10484  0.45438  3.99819  
1.86963  1.96703  3.20017  5.10484  3.20017  5.10484  1.53012  2.74252  
1.72227  2.2494  3.20017  5.10484  3.20017  5.10484  1.0749  3.42907  
1.29658  3.05505  3.20017  5.10484  3.20017  5.10484  1.77792  2.21038  
0.352755  4.05058  3.20017  5.10484  3.20017  5.10484  1.57923  2.64474  
1.92624  1.73931  3.20017  5.10484  3.20017  5.10484  2.1536  0.852654  
1.84384  2.06356  3.20017  5.10484  3.20017  5.10484  0.965404  3.55379  
0.423519  4.01776  3.20017  5.10484  3.20017  5.10484  0.949597  3.58621  
0.830239  3.73599  3.20017  5.10484  3.20017  5.10484  2.13063  0.876599  
1.0749  3.42907  3.20017  5.10484  3.20017  5.10484  1.245  3.14111  
0.752054  3.79766  3.20017  5.10484  3.20017  5.10484  2.19362  0.621106  
2.0757  1.23818  3.20017  5.10484  3.20017  5.10484  0.779903  3.77166  
1.68762  2.35304  3.20017  5.10484  3.20017  5.10484  2.17415  0.790243  
1.26044  3.1102  3.20017  5.10484  3.20017  5.10484  0.505246  3.96561  
2.06607  1.31175  3.20017  5.10484  3.20017  5.10484  2.086  1.1629  
1.09497  3.39904  3.20017  5.10484  3.20017  5.10484  1.97597  1.58196  
1.61003  2.55591  3.20017  5.10484  3.20017  5.10484  2.03449  1.48331  
1.1178  3.35913  3.20017  5.10484  3.20017  5.10484  0.316088  4.06519  
0.391405  4.03248  3.20017  5.10484  3.20017  5.10484  1.39516  2.87861  
1.65749  2.43962  3.20017  5.10484  3.20017  5.10484  0.532932  3.9488  
2.20015  0.200148  3.20015  5.10367  3.20015  5.10367  1.16989  3.26064  
0.707172  3.82833  3.20015  5.10367  3.20015  5.10367  1.00644  3.48272  
1.95526  1.60236  3.20015  5.10367  3.20015  5.10367  0.557202  3.92138  
1.88505  1.90608  3.20015  5.10367  3.20015  5.10367  2.074  1.24523  
0.904363  3.62952  3.20015  5.10367  3.20015  5.10367  1.7216  2.24861  
1.46467  2.80043  3.20015  5.10367  3.20015  5.10367  1.06504  3.38838  
2.10963  0.956629  3.20015  5.10367  3.20015  5.10367  1.8226  2.13531  
0.799703  3.73855  3.20015  5.10367  3.20015  5.10367  1.7522  2.23151  
2.13038  0.870179  3.20015  5.10367  3.20015  5.10367  2.10963  0.956629  
0.729801  3.80475  3.20015  5.10367  3.20015  5.10367  1.41231  2.83759  
0.103671  4.10367  3.20015  5.10367  3.20015  5.10367  1.29627  3.05333  
1.42403  2.81145  3.20015  5.10367  3.20015  5.10367  1.1107  3.3507  
1.7522  2.23151  3.20015  5.10367  3.20015  5.10367  1.84634  2.05159  
1.06504  3.38838  3.20015  5.10367  3.20015  5.10367  0.845897  3.68639  
1.56415  2.66468  3.20015  5.10367  3.20015  5.10367  0.585786  3.90407  
2.19312  0.542102  3.20015  5.10367  3.20015  5.10367  2.20015  0.200148  
1.64785  2.45731  3.20015  5.10367  3.20015  5.10367  1.83284  2.10005  
1.15467  3.29031  3.20015  5.10367  3.20015  5.10367  1.46467  2.80043  
2.14522  0.843899  3.20015  5.10367  3.20015  5.10367  0.824019  3.71324  
0.96301  3.54916  3.20015  5.10367  3.20015  5.10367  1.95526  1.60236  
1.59537  2.59126  3.20015  5.10367  3.20015  5.10367  2.04177  1.44265  
2.09468  1.09131  3.20015  5.10367  3.20015  5.10367  1.89681  1.85948  
1.35908  2.94162  3.20015  5.10367  3.20015  5.10367  1.54703  2.70262  
0.557202  3.92138  3.20015  5.10367  3.20015  5.10367  0.165438  4.0971  
1.89681  1.85948  3.20015  5.10367  3.20015  5.10367  0.350126  4.04825  
2.10198  1.02836  3.20015  5.10367  3.20015  5.10367  1.93618  1.68904  
2.01139  1.54081  3.20015  5.10367  3.20015  5.10367  1.02564  3.45562  
2.18686  0.666208  3.20015  5.10367  3.20015  5.10367  1.5118  2.77146  
0.687562  3.84279  3.20015  5.10367  3.20015  5.10367  2.05338  1.38319  
2.04177  1.44265  3.20015  5.10367  3.20015  5.10367  2.11553  0.894735  
0.266615  4.07985  3.20015  5.10367  3.20015  5.10367  1.59537  2.59126  
1.00644  3.48272  3.20015  5.10367  3.20015  5.10367  0.687562  3.84279  
2.02913  1.49556  3.20015  5.10367  3.20015  5.10367  1.38366  2.90389  
1.28183  3.08379  3.20015  5.10367  3.20015  5.10367  2.09468  1.09131  
1.53058  2.73968  3.20015  5.10367  3.20015  5.10367  1.88505  1.90608  
1.80269  2.1708  3.20015  5.10367  3.20015  5.10367  1.92506  1.73973  
1.57977  2.62846  3.20015  5.10367  3.20015  5.10367  1.15467  3.29031  
1.5118  2.77146  3.20015  5.10367  3.20015  5.10367  1.71094  2.28027  
2.17112  0.772646  3.20015  5.10367  3.20015  5.10367  1.56415  2.66468  
0.450412  3.99072  3.20015  5.10367  3.20015  5.10367  1.42403  2.81145  
0.651835  3.85921  3.20015  5.10367  3.20015  5.10367  0.750515  3.78089  
1.31985  3.00941  3.20015  5.10367  3.20015  5.10367  1.69871  2.31709  
1.85907  2.00521  3.20015  5.10367  3.20015  5.10367  2.10198  1.02836  
1.13681  3.31913  3.20015  5.10367  3.20015  5.10367  0.872659  3.65627  
0.585786  3.90407  3.20015  5.10367  3.20015  5.10367  0.651835  3.85921  
1.41231  2.83759  3.20015  5.10367  3.20015  5.10367  1.36001  2.94042  
1.38295  2.90564  3.20015  5.10367  3.20015  5.10367  1.94686  1.63666  
0.478455  3.97443  3.20015  5.10367  3.20015  5.10367  2.01139  1.54081  
1.39801  2.86977  3.20015  5.10367  3.20015  5.10367  0.92268  3.60764  
0.776903  3.76303  3.20015  5.10367  3.20015  5.10367  0.729801  3.80475  
1.97678  1.57791  3.20015  5.10367  3.20015  5.10367  1.26613  3.09799  
0.92268  3.60764  3.20015  5.10367  3.20015  5.10367  2.06373  1.31569  
1.3396  2.9718  3.20015  5.10367  3.20015  5.10367  1.0849  3.37108  
1.77764  2.20732  3.20015  5.10367  3.20015  5.10367  1.68673  2.35214  
0.165438  4.0971  3.20015  5.10367  3.20015  5.10367  0.377114  4.0299  
0.845897  3.68639  3.20015  5.10367  3.20015  5.10367  1.8722  1.95559  
0.943252  3.57953  3.20015  5.10367  3.20015  5.10367  0.478455  3.97443  
1.71094  2.28027  3.20015  5.10367  3.20015  5.10367  0.982417  3.51688  
0.872659  3.65627  3.20015  5.10367  3.20015  5.10367  0.103671  4.10367  
1.66598  2.40827  3.20015  5.10367  3.20015  5.10367  1.3303  2.99336  
1.62986  2.50475  3.20015  5.10367  3.20015  5.10367  1.22785  3.16433  
0.615077  3.88567  3.20015  5.10367  3.20015  5.10367  0.414998  4.00924  
2.08557  1.1622  3.20015  5.10367  3.20015  5.10367  0.266615  4.07985  
0.982417  3.51688  3.20015  5.10367  3.20015  5.10367  0.615077  3.88567  
1.16989  3.26064  3.20015  5.10367  3.20015  5.10367  1.13681  3.31913  
1.83284  2.10005  3.20015  5.10367  3.20015  5.10367  1.31547  3.01764  
1.54703  2.70262  3.20015  5.10367  3.20015  5.10367  1.66598  2.40827  
1.22785  3.16433  3.20015  5.10367  3.20015  5.10367  1.62986  2.50475  
1.69871  2.31709  3.20015  5.10367  3.20015  5.10367  1.64785  2.45731  
1.90921  1.80765  3.20015  5.10367  3.20015  5.10367  0.904363  3.62952  
1.24251  3.13724  3.20015  5.10367  3.20015  5.10367  1.18795  3.22634  
0.52776  3.94014  3.20015  5.10367  3.20015  5.10367  1.61259  2.54798  
1.94686  1.63666  3.20015  5.10367  3.20015  5.10367  2.18686  0.666208  
2.11553  0.894735  3.20015  5.10367  3.20015  5.10367  1.85907  2.00521  
1.02564  3.45562  3.20015  5.10367  3.20015  5.10367  1.20567  3.19494  
2.05338  1.38319  3.20015  5.10367  3.20015  5.10367  1.80269  2.1708  
1.93618  1.68904  3.20015  5.10367  3.20015  5.10367  0.707172  3.82833  
0.313002  4.06432  3.20015  5.10367  3.20015  5.10367  1.90921  1.80765  
1.18795  3.22634  3.20015  5.10367  3.20015  5.10367  0.799703  3.73855  
1.20567  3.19494  3.20015  5.10367  3.20015  5.10367  1.3418  2.96766  
1.8226  2.13531  3.20015  5.10367  3.20015  5.10367  0.450412  3.99072  
1.8722  1.95559  3.20015  5.10367  3.20015  5.10367  1.53058  2.73968  
1.7216  2.24861  3.20015  5.10367  3.20015  5.10367  1.04435  3.42306  
1.29918  3.04713  3.20015  5.10367  3.20015  5.10367  1.77764  2.20732  
0.350126  4.04825  3.20015  5.10367  3.20015  5.10367  1.57977  2.62846  
1.92506  1.73973  3.20015  5.10367  3.20015  5.10367  2.14522  0.843899  
1.84634  2.05159  3.20015  5.10367  3.20015  5.10367  0.96301  3.54916  
0.414998  4.00924  3.20015  5.10367  3.20015  5.10367  0.943252  3.57953  
0.824019  3.71324  3.20015  5.10367  3.20015  5.10367  2.13038  0.870179  
1.04435  3.42306  3.20015  5.10367  3.20015  5.10367  1.24251  3.13724  
0.750515  3.78089  3.20015  5.10367  3.20015  5.10367  2.19312  0.542102  
2.074  1.24523  3.20015  5.10367  3.20015  5.10367  0.776903  3.76303  
1.68673  2.35214  3.20015  5.10367  3.20015  5.10367  2.17112  0.772646  
1.26266  3.10455  3.20015  5.10367  3.20015  5.10367  0.502378  3.95847  
2.06373  1.31569  3.20015  5.10367  3.20015  5.10367  2.08557  1.1622  
1.0849  3.37108  3.20015  5.10367  3.20015  5.10367  1.97678  1.57791  
1.61259  2.54798  3.20015  5.10367  3.20015  5.10367  2.02913  1.49556  
1.1107  3.3507  3.20015  5.10367  3.20015  5.10367  0.313002  4.06432  
0.377114  4.0299  3.20015  5.10367  3.20015  5.10367  1.39801  2.86977  
0.502378  3.95847  3.20015  5.10367  3.20015  5.10367  0.52776  3.94014  
2.20009  0.200091  3.20009  5.10315  3.20009  5.10315  1.17133  3.25716  
0.700462  3.8235  3.20009  5.10315  3.20009  5.10315  1.00467  3.48332  
1.95471  1.6018  3.20009  5.10315  3.20009  5.10315  0.556226  3.921  
1.88497  1.90601  3.20009  5.10315  3.20009  5.10315  2.07461  1.23939  
0.904948  3.62767  3.20009  5.10315  3.20009  5.10315  1.72132  2.24834  
1.46455  2.80007  3.20009  5.10315  3.20009  5.10315  1.06462  3.3878  
2.10931  0.956316  3.20009  5.10315  3.20009  5.10315  1.82203  2.1359  
0.799535  3.73496  3.20009  5.10315  3.20009  5.10315  1.7512  2.23132  
2.13002  0.86981  3.20009  5.10315  3.20009  5.10315  2.10931  0.956316  
0.724137  3.80264  3.20009  5.10315  3.20009  5.10315  1.41234  2.83723  
0.10315  4.10315  3.20009  5.10315  3.20009  5.10315  1.2958  3.05362  
1.42376  2.81107  3.20009  5.10315  3.20009  5.10315  1.11031  3.34887  
1.7512  2.23132  3.20009  5.10315  3.20009  5.10315  1.84586  2.05228  
1.06462  3.3878  3.20009  5.10315  3.20009  5.10315  0.847098  3.68261  
1.56398  2.66439  3.20009  5.10315  3.20009  5.10315  0.586943  3.90306  
2.19375  0.522663  3.20009  5.10315  3.20009  5.10315  2.20009  0.200091  
1.64746  2.45781  3.20009  5.10315  3.20009  5.10315  1.8326  2.09976  
1.15426  3.28838  3.20009  5.10315  3.20009  5.10315  1.46455  2.80007  
2.14495  0.843628  3.20009  5.10315  3.20009  5.10315  0.824667  3.70895  
0.959598  3.55107  3.20009  5.10315  3.20009  5.10315  1.95471  1.6018  
1.59576  2.58967  3.20009  5.10315  3.20009  5.10315  2.04135  1.44317  
2.09428  1.09142  3.20009  5.10315  3.20009  5.10315  1.8968  1.85827  
1.3591  2.94002  3.20009  5.10315  3.20009  5.10315  1.547  2.70203  
0.556226  3.921  3.20009  5.10315  3.20009  5.10315  0.195671  4.09233  
1.8968  1.85827  3.20009  5.10315  3.20009  5.10315  0.345869  4.04379  
2.10162  1.028  3.20009  5.10315  3.20009  5.10315  1.93594  1.68859  
2.01111  1.54087  3.20009  5.10315  3.20009  5.10315  1.02515  3.45376  
2.18681  0.661961  3.20009  5.10315  3.20009  5.10315  1.50813  2.77021  
0.664456  3.84925  3.20009  5.10315  3.20009  5.10315  2.05304  1.38285  
2.04135  1.44317  3.20009  5.10315  3.20009  5.10315  2.11535  0.894561  
0.268812  4.07878  3.20009  5.10315  3.20009  5.10315  1.59576  2.58967  
1.00467  3.48332  3.20009  5.10315  3.20009  5.10315  0.664456  3.84925  
2.02843  1.49696  3.20009  5.10315  3.20009  5.10315  1.38303  2.90476  
1.27736  3.08798  3.20009  5.10315  3.20009  5.10315  2.09428  1.09142  
1.52965  2.73662  3.20009  5.10315  3.20009  5.10315  1.88497  1.90601  
1.80218  2.17029  3.20009  5.10315  3.20009  5.10315  1.92482  1.7391  
1.57993  2.62747  3.20009  5.10315  3.20009  5.10315  1.15426  3.28838  
1.50813  2.77021  3.20009  5.10315  3.20009  5.10315  1.71042  2.28149  
2.17089  0.771737  3.20009  5.10315  3.20009  5.10315  1.56398  2.66439  
0.449008  3.99064  3.20009  5.10315  3.20009  5.10315  1.42376  2.81107  
0.64418  3.86558  3.20009  5.10315  3.20009  5.10315  0.750873  3.77841  
1.31846  3.01136  3.20009  5.10315  3.20009  5.10315  1.69846  2.31684  
1.85906  2.00445  3.20009  5.10315  3.20009  5.10315  2.10162  1.028  
1.13677  3.31889  3.20009  5.10315  3.20009  5.10315  0.873878  3.65312  
0.586943  3.90306  3.20009  5.10315  3.20009  5.10315  0.64418  3.86558  
1.41234  2.83723  3.20009  5.10315  3.20009  5.10315  1.35929  2.93979  
1.38303  2.90476  3.20009  5.10315  3.20009  5.10315  1.94669  1.63687  
0.476584  3.97454  3.20009  5.10315  3.20009  5.10315  2.01111  1.54087  
1.39793  2.86891  3.20009  5.10315  3.20009  5.10315  0.921832  3.60454  
0.778124  3.75535  3.20009  5.10315  3.20009  5.10315  0.724137  3.80264  
1.97649  1.5776  3.20009  5.10315  3.20009  5.10315  1.26623  3.09758  
0.921832  3.60454  3.20009  5.10315  3.20009  5.10315  2.0635  1.31544  
1.34062  2.96936  3.20009  5.10315  3.20009  5.10315  1.08516  3.36935  
1.77734  2.20702  3.20009  5.10315  3.20009  5.10315  1.68624  2.35169  
0.195671  4.09233  3.20009  5.10315  3.20009  5.10315  0.376609  4.02859  
0.847098  3.68261  3.20009  5.10315  3.20009  5.10315  1.87213  1.95561  
0.941815  3.57871  3.20009  5.10315  3.20009  5.10315  0.476584  3.97454  
1.71042  2.28149  3.20009  5.10315  3.20009  5.10315  0.981659  3.51612  
0.873878  3.65312  3.20009  5.10315  3.20009  5.10315  0.10315  4.10315  
1.66582  2.40836  3.20009  5.10315  3.20009  5.10315  1.33069  2.99162  
1.62992  2.5036  3.20009  5.10315  3.20009  5.10315  1.22768  3.16416  
0.619079  3.88255  3.20009  5.10315  3.20009  5.10315  0.414199  4.00875  
2.08528  1.1619  3.20009  5.10315  3.20009  5.10315  0.268812  4.07878  
0.981659  3.51612  3.20009  5.10315  3.20009  5.10315  0.619079  3.88255  
1.17133  3.25716  3.20009  5.10315  3.20009  5.10315  1.13677  3.31889  
1.8326  2.09976  3.20009  5.10315  3.20009  5.10315  1.31508  3.01734  
1.547  2.70203  3.20009  5.10315  3.20009  5.10315  1.66582  2.40836  
1.22768  3.16416  3.20009  5.10315  3.20009  5.10315  1.62992  2.5036  
1.69846  2.31684  3.20009  5.10315  3.20009  5.10315  1.64746  2.45781  
1.90927  1.80715  3.20009  5.10315  3.20009  5.10315  0.904948  3.62767  
1.24138  3.13792  3.20009  5.10315  3.20009  5.10315  1.18789  3.22586  
0.527525  3.93887  3.20009  5.10315  3.20009  5.10315  1.61245  2.54785  
1.94669  1.63687  3.20009  5.10315  3.20009  5.10315  2.18681  0.661961  
2.11535  0.894561  3.20009  5.10315  3.20009  5.10315  1.85906  2.00445  
1.02515  3.45376  3.20009  5.10315  3.20009  5.10315  1.20523  3.19375  
2.05304  1.38285  3.20009  5.10315  3.20009  5.10315  1.80218  2.17029  
1.93594  1.68859  3.20009  5.10315  3.20009  5.10315  0.700462  3.8235  
0.312762  4.06344  3.20009  5.10315  3.20009  5.10315  1.90927  1.80715  
1.18789  3.22586  3.20009  5.10315  3.20009  5.10315  0.799535  3.73496  
1.20523  3.19375  3.20009  5.10315  3.20009  5.10315  1.34148  2.96771  
1.82203  2.1359  3.20009  5.10315  3.20009  5.10315  0.449008  3.99064  
1.87213  1.95561  3.20009  5.10315  3.20009  5.10315  1.52965  2.73662  
1.72132  2.24834  3.20009  5.10315  3.20009  5.10315  1.0448  3.4207  
1.30002  3.04475  3.20009  5.10315  3.20009  5.10315  1.77734  2.20702  
0.345869  4.04379  3.20009  5.10315  3.20009  5.10315  1.57993  2.62747  
1.92482  1.7391  3.20009  5.10315  3.20009  5.10315  2.14495  0.843628  
1.84586  2.05228  3.20009  5.10315  3.20009  5.10315  0.959598  3.55107  
0.414199  4.00875  3.20009  5.10315  3.20009  5.10315  0.941815  3.57871  
0.824667  3.70895  3.20009  5.10315  3.20009  5.10315  2.13002  0.86981  
1.0448  3.4207  3.20009  5.10315  3.20009  5.10315  1.24207  3.13712  
0.750873  3.77841  3.20009  5.10315  3.20009  5.10315  2.19375  0.522663  
2.07461  1.23939  3.20009  5.10315  3.20009  5.10315  0.778124  3.75535  
1.68624  2.35169  3.20009  5.10315  3.20009  5.10315  2.17089  0.771737  
1.26266  3.10455  3.20009  5.10315  3.20009  5.10315  0.502978  3.95697  
2.0635  1.31544  3.20009  5.10315  3.20009  5.10315  2.08528  1.1619  
1.08516  3.36935  3.20009  5.10315  3.20009  5.10315  1.97649  1.5776  
1.61245  2.54785  3.20009  5.10315  3.20009  5.10315  2.02843  1.49696  
1.11031  3.34887  3.20009  5.10315  3.20009  5.10315  0.312762  4.06344  
0.376609  4.02859  3.20009  5.10315  3.20009  5.10315  1.39793  2.86891  
0.502978  3.95697  3.20009  5.10315  3.20009  5.10315  0.527525  3.93887  
2.20009  0.20009  3.20009  5.1028  3.20009  5.1028  1.17126  3.25675  
0.700028  3.82249  3.20009  5.1028  3.20009  5.1028  1.0048  3.48253  
1.95438  1.60147  3.20009  5.1028  3.20009  5.1028  0.556617  3.92043  
1.88479  1.90617  3.20009  5.1028  3.20009  5.1028  2.07459  1.23938  
0.8975  3.62566  3.20009  5.1028  3.20009  5.1028  1.72122  2.24823  
1.46443  2.79995  3.20009  5.1028  3.20009  5.1028  1.06451  3.38756  
2.10924  0.956243  3.20009  5.1028  3.20009  5.1028  1.82218  2.13531  
0.807201  3.72517  3.20009  5.1028  3.20009  5.1028  1.75087  2.23087  
2.12993  0.869712  3.20009  5.1028  3.20009  5.1028  2.10924  0.956243  
0.72478  3.80129  3.20009  5.1028  3.20009  5.1028  1.41241  2.83684  
0.102801  4.1028  3.20009  5.1028  3.20009  5.1028  1.29572  3.05355  
1.42359  2.81082  3.20009  5.1028  3.20009  5.1028  1.10823  3.34977  
1.75087  2.23087  3.20009  5.1028  3.20009  5.1028  1.84598  2.05164  
1.06451  3.38756  3.20009  5.1028  3.20009  5.1028  0.850185  3.67852  
1.56397  2.66433  3.20009  5.1028  3.20009  5.1028  0.587794  3.90233  
2.19368  0.523718  3.20009  5.1028  3.20009  5.1028  2.20009  0.20009  
1.64758  2.45712  3.20009  5.1028  3.20009  5.1028  1.83258  2.09974  
1.1538  3.28856  3.20009  5.1028  3.20009  5.1028  1.46443  2.79995  
2.1448  0.843483  3.20009  5.1028  3.20009  5.1028  0.827657  3.7031  
0.964156  3.54228  3.20009  5.1028  3.20009  5.1028  1.95438  1.60147  
1.59567  2.58952  3.20009  5.1028  3.20009  5.1028  2.0413  1.4428  
2.09422  1.0912  3.20009  5.1028  3.20009  5.1028  1.89669  1.85816  
1.35868  2.9396  3.20009  5.1028  3.20009  5.1028  1.54698  2.70197  
0.556617  3.92043  3.20009  5.1028  3.20009  5.1028  0.196601  4.0919  
1.89669  1.85816  3.20009  5.1028  3.20009  5.1028  0.337639  4.04481  
2.10158  1.02796  3.20009  5.1028  3.20009  5.1028  1.9358  1.68864  
2.01132  1.53977  3.20009  5.1028  3.20009  5.1028  1.02533  3.4513  
2.18681  0.661825  3.20009  5.1028  3.20009  5.1028  1.50816  2.7699  
0.67271  3.84223  3.20009  5.1028  3.20009  5.1028  2.05294  1.38277  
2.0413  1.4428  3.20009  5.1028  3.20009  5.1028  2.11526  0.894471  
0.252126  4.0715  3.20009  5.1028  3.20009  5.1028  1.59567  2.58952  
1.0048  3.48253  3.20009  5.1028  3.20009  5.1028  0.67271  3.84223  
2.02824  1.49678  3.20009  5.1028  3.20009  5.1028  1.38324  2.90374  
1.28877  3.07016  3.20009  5.1028  3.20009  5.1028  2.09422  1.0912  
1.52924  2.73687  3.20009  5.1028  3.20009  5.1028  1.88479  1.90617  
1.80183  2.16992  3.20009  5.1028  3.20009  5.1028  1.92468  1.73912  
1.58003  2.62706  3.20009  5.1028  3.20009  5.1028  1.1538  3.28856  
1.50816  2.7699  3.20009  5.1028  3.20009  5.1028  1.71057  2.28065  
2.17139  0.768366  3.20009  5.1028  3.20009  5.1028  1.56397  2.66433  
0.448837  3.99047  3.20009  5.1028  3.20009  5.1028  1.42359  2.81082  
0.645398  3.86261  3.20009  5.1028  3.20009  5.1028  0.751207  3.77787  
1.31846  3.01136  3.20009  5.1028  3.20009  5.1028  1.69833  2.31672  
1.85919  2.00384  3.20009  5.1028  3.20009  5.1028  2.10158  1.02796  
1.13667  3.31874  3.20009  5.1028  3.20009  5.1028  0.873098  3.65317  
0.587794  3.90233  3.20009  5.1028  3.20009  5.1028  0.645398  3.86261  
1.41241  2.83684  3.20009  5.1028  3.20009  5.1028  1.35868  2.9396  
1.38324  2.90374  3.20009  5.1028  3.20009  5.1028  1.94544  1.64261  
0.476865  3.9739  3.20009  5.1028  3.20009  5.1028  2.01132  1.53977  
1.39812  2.86748  3.20009  5.1028  3.20009  5.1028  0.9222  3.59897  
0.778324  3.7532  3.20009  5.1028  3.20009  5.1028  0.72478  3.80129  
1.9764  1.5775  3.20009  5.1028  3.20009  5.1028  1.26621  3.09757  
0.9222  3.59897  3.20009  5.1028  3.20009  5.1028  2.0634  1.31535  
1.3407  2.96882  3.20009  5.1028  3.20009  5.1028  1.08479  3.36936  
1.77726  2.20694  3.20009  5.1028  3.20009  5.1028  1.68613  2.35158  
0.196601  4.0919  3.20009  5.1028  3.20009  5.1028  0.376542  4.0284  
0.850185  3.67852  3.20009  5.1028  3.20009  5.1028  1.87214  1.95517  
0.943133  3.56992  3.20009  5.1028  3.20009  5.1028  0.476865  3.9739  
1.71057  2.28065  3.20009  5.1028  3.20009  5.1028  0.983121  3.51347  
0.873098  3.65317  3.20009  5.1028  3.20009  5.1028  0.102801  4.1028  
1.66572  2.40826  3.20009  5.1028  3.20009  5.1028  1.33064  2.99157  
1.62973  2.50393  3.20009  5.1028  3.20009  5.1028  1.22743  3.16409  
0.618763  3.88224  3.20009  5.1028  3.20009  5.1028  0.414849  4.00748  
2.08528  1.16185  3.20009  5.1028  3.20009  5.1028  0.252126  4.0715  
0.983121  3.51347  3.20009  5.1028  3.20009  5.1028  0.618763  3.88224  
1.17126  3.25675  3.20009  5.1028  3.20009  5.1028  1.13667  3.31874  
1.83258  2.09974  3.20009  5.1028  3.20009  5.1028  1.31488  3.01719  
1.54698  2.70197  3.20009  5.1028  3.20009  5.1028  1.66572  2.40826  
1.22743  3.16409  3.20009  5.1028  3.20009  5.1028  1.62973  2.50393  
1.69833  2.31672  3.20009  5.1028  3.20009  5.1028  1.64758  2.45712  
1.90951  1.80537  3.20009  5.1028  3.20009  5.1028  0.8975  3.62566  
1.24176  3.13681  3.20009  5.1028  3.20009  5.1028  1.18785  3.22533  
0.52726  3.93849  3.20009  5.1028  3.20009  5.1028  1.61216  2.54826  
1.94544  1.64261  3.20009  5.1028  3.20009  5.1028  2.18681  0.661825  
2.11526  0.894471  3.20009  5.1028  3.20009  5.1028  1.85919  2.00384  
1.02533  3.4513  3.20009  5.1028  3.20009  5.1028  1.20443  3.19413  
2.05294  1.38277  3.20009  5.1028  3.20009  5.1028  1.80183  2.16992  
1.9358  1.68864  3.20009  5.1028  3.20009  5.1028  0.700028  3.82249  
0.304996  4.05626  3.20009  5.1028  3.20009  5.1028  1.90951  1.80537  
1.18785  3.22533  3.20009  5.1028  3.20009  5.1028  0.807201  3.72517  
1.20443  3.19413  3.20009  5.1028  3.20009  5.1028  1.34147  2.96744  
1.82218  2.13531  3.20009  5.1028  3.20009  5.1028  0.448837  3.99047  
1.87214  1.95517  3.20009  5.1028  3.20009  5.1028  1.52924  2.73687  
1.72122  2.24823  3.20009  5.1028  3.20009  5.1028  1.04555  3.41912  
1.30002  3.04475  3.20009  5.1028  3.20009  5.1028  1.77726  2.20694  
0.337639  4.04481  3.20009  5.1028  3.20009  5.1028  1.58003  2.62706  
1.92468  1.73912  3.20009  5.1028  3.20009  5.1028  2.1448  0.843483  
1.84598  2.05164  3.20009  5.1028  3.20009  5.1028  0.964156  3.54228  
0.414849  4.00748  3.20009  5.1028  3.20009  5.1028  0.943133  3.56992  
0.827657  3.7031  3.20009  5.1028  3.20009  5.1028  2.12993  0.869712  
1.04555  3.41912  3.20009  5.1028  3.20009  5.1028  1.24176  3.13681  
0.751207  3.77787  3.20009  5.1028  3.20009  5.1028  2.19368  0.523718  
2.07459  1.23938  3.20009  5.1028  3.20009  5.1028  0.778324  3.7532  
1.68613  2.35158  3.20009  5.1028  3.20009  5.1028  2.17139  0.768366  
1.26547  3.09867  3.20009  5.1028  3.20009  5.1028  0.503004  3.95669  
2.0634  1.31535  3.20009  5.1028  3.20009  5.1028  2.08528  1.16185  
1.08479  3.36936  3.20009  5.1028  3.20009  5.1028  1.9764  1.5775  
1.61216  2.54826  3.20009  5.1028  3.20009  5.1028  2.02824  1.49678  
1.10823  3.34977  3.20009  5.1028  3.20009  5.1028  0.304996  4.05626  
0.376542  4.0284  3.20009  5.1028  3.20009  5.1028  1.39812  2.86748  
0.503004  3.95669  3.20009  5.1028  3.20009  5.1028  0.52726  3.93849  
2.20007  0.200071  3.20007  5.10275  3.20007  5.10275  1.17119  3.25656  
0.700053  3.82224  3.20007  5.10275  3.20007  5.10275  1.00498  3.48211  
1.95418  1.60127  3.20007  5.10275  3.20007  5.10275  0.55718  3.92  
1.88475  1.90619  3.20007  5.10275  3.20007  5.10275  2.07458  1.23936  
0.898054  3.62372  3.20007  5.10275  3.20007  5.10275  1.72118  2.24812  
1.47934  2.79186  3.20007  5.10275  3.20007  5.10275  1.06446  3.38752  
2.10921  0.956215  3.20007  5.10275  3.20007  5.10275  1.82222  2.13472  
0.807109  3.72508  3.20007  5.10275  3.20007  5.10275  1.75104  2.23059  
2.1299  0.869686  3.20007  5.10275  3.20007  5.10275  2.10921  0.956215  
0.724627  3.80112  3.20007  5.10275  3.20007  5.10275  1.41239  2.83682  
0.102747  4.10275  3.20007  5.10275  3.20007  5.10275  1.29571  3.05354  
1.4235  2.81073  3.20007  5.10275  3.20007  5.10275  1.10804  3.34958  
1.75104  2.23059  3.20007  5.10275  3.20007  5.10275  1.84595  2.0516  
1.06446  3.38752  3.20007  5.10275  3.20007  5.10275  0.850249  3.67825  
1.56391  2.66425  3.20007  5.10275  3.20007  5.10275  0.58919  3.90061  
2.19395  0.515041  3.20007  5.10275  3.20007  5.10275  2.20007  0.200071  
1.64758  2.4571  3.20007  5.10275  3.20007  5.10275  1.83248  2.09964  
1.15402  3.2879  3.20007  5.10275  3.20007  5.10275  1.47934  2.79186  
2.1447  0.843377  3.20007  5.10275  3.20007  5.10275  0.827969  3.70249  
0.966336  3.53739  3.20007  5.10275  3.20007  5.10275  1.95418  1.60127  
1.59582  2.58882  3.20007  5.10275  3.20007  5.10275  2.04131  1.44246  
2.09407  1.09154  3.20007  5.10275  3.20007  5.10275  1.89666  1.85813  
1.35943  2.93795  3.20007  5.10275  3.20007  5.10275  1.54697  2.70164  
0.55718  3.92  3.20007  5.10275  3.20007  5.10275  0.196392  4.09187  
1.89666  1.85813  3.20007  5.10275  3.20007  5.10275  0.340848  4.04278  
2.10152  1.0279  3.20007  5.10275  3.20007  5.10275  1.93578  1.68861  
2.01131  1.53932  3.20007  5.10275  3.20007  5.10275  1.0253  3.45126  
2.18682  0.661133  3.20007  5.10275  3.20007  5.10275  1.50948  2.76781  
0.672302  3.84229  3.20007  5.10275  3.20007  5.10275  2.05286  1.38268  
2.04131  1.44246  3.20007  5.10275  3.20007  5.10275  2.11524  0.894452  
0.246142  4.07244  3.20007  5.10275  3.20007  5.10275  1.59582  2.58882  
1.00498  3.48211  3.20007  5.10275  3.20007  5.10275  0.672302  3.84229  
2.02836  1.49629  3.20007  5.10275  3.20007  5.10275  1.38347  2.90292  
2.16309  0.800367  3.20007  5.10275  3.20007  5.10275  2.09407  1.09154  
1.52918  2.73681  3.20007  5.10275  3.20007  5.10275  1.88475  1.90619  
1.80173  2.16982  3.20007  5.10275  3.20007  5.10275  1.9246  1.73904  
1.57996  2.62699  3.20007  5.10275  3.20007  5.10275  1.15402  3.2879  
1.50948  2.76781  3.20007  5.10275  3.20007  5.10275  1.71062  2.27974  
2.17157  0.766644  3.20007  5.10275  3.20007  5.10275  1.56391  2.66425  
0.448651  3.99017  3.20007  5.10275  3.20007  5.10275  1.4235  2.81073  
0.645267  3.86248  3.20007  5.10275  3.20007  5.10275  0.751539  3.77734  
1.31679  3.0127  3.20007  5.10275  3.20007  5.10275  1.69826  2.31664  
1.85911  2.00397  3.20007  5.10275  3.20007  5.10275  2.10152  1.0279  
1.13659  3.31851  3.20007  5.10275  3.20007  5.10275  0.873974  3.65182  
0.58919  3.90061  3.20007  5.10275  3.20007  5.10275  0.645267  3.86248  
1.41239  2.83682  3.20007  5.10275  3.20007  5.10275  1.35943  2.93795  
1.38347  2.90292  3.20007  5.10275  3.20007  5.10275  1.94541  1.64268  
0.47692  3.97371  3.20007  5.10275  3.20007  5.10275  2.01131  1.53932  
1.39808  2.86744  3.20007  5.10275  3.20007  5.10275  0.924024  3.59454  
0.778889  3.75193  3.20007  5.10275  3.20007  5.10275  0.724627  3.80112  
1.97633  1.57743  3.20007  5.10275  3.20007  5.10275  1.26634  3.09709  
0.924024  3.59454  3.20007  5.10275  3.20007  5.10275  2.06338  1.31533  
1.34069  2.96849  3.20007  5.10275  3.20007  5.10275  1.08461  3.36929  
1.77724  2.20692  3.20007  5.10275  3.20007  5.10275  1.68608  2.35154  
0.196392  4.09187  3.20007  5.10275  3.20007  5.10275  0.382595  4.02505  
0.850249  3.67825  3.20007  5.10275  3.20007  5.10275  1.87213  1.95516  
0.943582  3.56823  3.20007  5.10275  3.20007  5.10275  0.47692  3.97371  
1.71062  2.27974  3.20007  5.10275  3.20007  5.10275  0.984516  3.5109  
0.873974  3.65182  3.20007  5.10275  3.20007  5.10275  0.102747  4.10275  
1.66577  2.40801  3.20007  5.10275  3.20007  5.10275  2.16309  0.800367  
1.62974  2.50381  3.20007  5.10275  3.20007  5.10275  1.22741  3.16407  
0.618576  3.88229  3.20007  5.10275  3.20007  5.10275  0.414809  4.00744  
2.08525  1.16183  3.20007  5.10275  3.20007  5.10275  0.246142  4.07244  
0.984516  3.5109  3.20007  5.10275  3.20007  5.10275  0.618576  3.88229  
1.17119  3.25656  3.20007  5.10275  3.20007  5.10275  1.13659  3.31851  
1.83248  2.09964  3.20007  5.10275  3.20007  5.10275  1.31679  3.0127  
1.54697  2.70164  3.20007  5.10275  3.20007  5.10275  1.66577  2.40801  
1.22741  3.16407  3.20007  5.10275  3.20007  5.10275  1.62974  2.50381  
1.69826  2.31664  3.20007  5.10275  3.20007  5.10275  1.64758  2.4571  
1.90944  1.80545  3.20007  5.10275  3.20007  5.10275  0.898054  3.62372  
1.24173  3.13684  3.20007  5.10275  3.20007  5.10275  1.188  3.22486  
0.52758  3.93796  3.20007  5.10275  3.20007  5.10275  1.61226  2.5479  
1.94541  1.64268  3.20007  5.10275  3.20007  5.10275  2.18682  0.661133  
2.11524  0.894452  3.20007  5.10275  3.20007  5.10275  1.85911  2.00397  
1.0253  3.45126  3.20007  5.10275  3.20007  5.10275  1.20457  3.19385  
2.05286  1.38268  3.20007  5.10275  3.20007  5.10275  1.80173  2.16982  
1.93578  1.68861  3.20007  5.10275  3.20007  5.10275  0.700053  3.82224  
0.301088  4.05655  3.20007  5.10275  3.20007  5.10275  1.90944  1.80545  
1.188  3.22486  3.20007  5.10275  3.20007  5.10275  0.807109  3.72508  
1.20457  3.19385  3.20007  5.10275  3.20007  5.10275  1.34069  2.96849  
1.82222  2.13472  3.20007  5.10275  3.20007  5.10275  0.448651  3.99017  
1.87213  1.95516  3.20007  5.10275  3.20007  5.10275  1.52918  2.73681  
1.72118  2.24812  3.20007  5.10275  3.20007  5.10275  1.04572  3.41875  
1.29571  3.05354  3.20007  5.10275  3.20007  5.10275  1.77724  2.20692  
0.340848  4.04278  3.20007  5.10275  3.20007  5.10275  1.57996  2.62699  
1.9246  1.73904  3.20007  5.10275  3.20007  5.10275  2.1447  0.843377  
1.84595  2.0516  3.20007  5.10275  3.20007  5.10275  0.966336  3.53739  
0.414809  4.00744  3.20007  5.10275  3.20007  5.10275  0.943582  3.56823  
0.827969  3.70249  3.20007  5.10275  3.20007  5.10275  2.1299  0.869686  
1.04572  3.41875  3.20007  5.10275  3.20007  5.10275  1.24173  3.13684  
0.751539  3.77734  3.20007  5.10275  3.20007  5.10275  2.19395  0.515041  
2.07458  1.23936  3.20007  5.10275  3.20007  5.10275  0.778889  3.75193  
1.68608  2.35154  3.20007  5.10275  3.20007  5.10275  2.17157  0.766644  
1.26634  3.09709  3.20007  5.10275  3.20007  5.10275  0.502495  3.95572  
2.06338  1.31533  3.20007  5.10275  3.20007  5.10275  2.08525  1.16183  
1.08461  3.36929  3.20007  5.10275  3.20007  5.10275  1.97633  1.57743  
1.61226  2.5479  3.20007  5.10275  3.20007  5.10275  2.02836  1.49629  
1.10804  3.34958  3.20007  5.10275  3.20007  5.10275  0.301088  4.05655  
0.382595  4.02505  3.20007  5.10275  3.20007  5.10275  1.39808  2.86744  
0.502495  3.95572  3.20007  5.10275  3.20007  5.10275  0.52758  3.93796  
2.20007  0.200071  3.20007  5.1027  3.20007  5.1027  1.17118  3.25655  
0.700028  3.82222  3.20007  5.1027  3.20007  5.1027  1.00493  3.48206  
1.95412  1.60121  3.20007  5.1027  3.20007  5.1027  0.556515  3.92004  
1.88471  1.90596  3.20007  5.1027  3.20007  5.1027  2.07457  1.23936  
0.898242  3.62321  3.20007  5.1027  3.20007  5.1027  1.7212  2.248  
1.47936  2.79182  3.20007  5.1027  3.20007  5.1027  1.06427  3.38732  
2.10919  0.956191  3.20007  5.1027  3.20007  5.1027  1.82217  2.13476  
0.806458  3.72572  3.20007  5.1027  3.20007  5.1027  1.75098  2.23053  
2.1299  0.869684  3.20007  5.1027  3.20007  5.1027  2.10919  0.956191  
0.724841  3.80092  3.20007  5.1027  3.20007  5.1027  1.41236  2.8368  
0.102697  4.1027  3.20007  5.1027  3.20007  5.1027  1.29558  3.05337  
1.42337  2.8106  3.20007  5.1027  3.20007  5.1027  1.10786  3.34955  
1.75098  2.23053  3.20007  5.1027  3.20007  5.1027  1.84593  2.05158  
1.06427  3.38732  3.20007  5.1027  3.20007  5.1027  0.850122  3.67825  
1.56409  2.66375  3.20007  5.1027  3.20007  5.1027  0.588737  3.9006  
2.19391  0.514997  3.20007  5.1027  3.20007  5.1027  2.20007  0.200071  
1.64759  2.4569  3.20007  5.1027  3.20007  5.1027  1.83248  2.09964  
1.15401  3.28741  3.20007  5.1027  3.20007  5.1027  1.47936  2.79182  
2.14466  0.843347  3.20007  5.1027  3.20007  5.1027  0.827939  3.70246  
0.966248  3.5373  3.20007  5.1027  3.20007  5.1027  1.95412  1.60121  
1.59578  2.58878  3.20007  5.1027  3.20007  5.1027  2.04132  1.44235  
2.094  1.0913  3.20007  5.1027  3.20007  5.1027  1.89668  1.85789  
1.35861  2.93862  3.20007  5.1027  3.20007  5.1027  1.54693  2.70162  
0.556515  3.92004  3.20007  5.1027  3.20007  5.1027  0.177246  4.08967  
1.89668  1.85789  3.20007  5.1027  3.20007  5.1027  0.341859  4.04176  
2.10145  1.0278  3.20007  5.1027  3.20007  5.1027  1.93561  1.68925  
2.01127  1.53908  3.20007  5.1027  3.20007  5.1027  1.02542  3.45092  
2.18691  0.65908  3.20007  5.1027  3.20007  5.1027  1.50992  2.76721  
0.672303  3.84224  3.20007  5.1027  3.20007  5.1027  2.05284  1.38267  
2.04132  1.44235  3.20007  5.1027  3.20007  5.1027  2.1152  0.894402  
0.229302  4.07606  3.20007  5.1027  3.20007  5.1027  1.59578  2.58878  
1.00493  3.48206  3.20007  5.1027  3.20007  5.1027  0.672303  3.84224  
2.02831  1.49624  3.20007  5.1027  3.20007  5.1027  1.38367  2.90229  
2.16339  0.799006  3.20007  5.1027  3.20007  5.1027  2.094  1.0913  
1.52935  2.73642  3.20007  5.1027  3.20007  5.1027  1.88471  1.90596  
1.80173  2.16982  3.20007  5.1027  3.20007  5.1027  1.92456  1.739  
1.5801  2.62647  3.20007  5.1027  3.20007  5.1027  1.15401  3.28741  
1.50992  2.76721  3.20007  5.1027  3.20007  5.1027  1.71059  2.27972  
2.17564  0.744004  3.20007  5.1027  3.20007  5.1027  1.56409  2.66375  
0.448531  3.99009  3.20007  5.1027  3.20007  5.1027  1.42337  2.8106  
0.645013  3.86244  3.20007  5.1027  3.20007  5.1027  0.750848  3.77746  
1.31733  3.01103  3.20007  5.1027  3.20007  5.1027  1.69821  2.31659  
1.85914  2.00381  3.20007  5.1027  3.20007  5.1027  2.10145  1.0278  
1.13655  3.31845  3.20007  5.1027  3.20007  5.1027  0.873784  3.65188  
0.588737  3.9006  3.20007  5.1027  3.20007  5.1027  0.645013  3.86244  
1.41236  2.8368  3.20007  5.1027  3.20007  5.1027  1.35861  2.93862  
1.38367  2.90229  3.20007  5.1027  3.20007  5.1027  1.9454  1.64267  
0.47684  3.97365  3.20007  5.1027  3.20007  5.1027  2.01127  1.53908  
1.39806  2.86737  3.20007  5.1027  3.20007  5.1027  0.924155  3.59412  
0.779124  3.75159  3.20007  5.1027  3.20007  5.1027  0.724841  3.80092  
1.97629  1.5774  3.20007  5.1027  3.20007  5.1027  1.26624  3.09699  
0.924155  3.59412  3.20007  5.1027  3.20007  5.1027  2.06336  1.31531  
1.34069  2.96849  3.20007  5.1027  3.20007  5.1027  1.08377  3.36972  
1.77722  2.2069  3.20007  5.1027  3.20007  5.1027  1.68601  2.35147  
0.177246  4.08967  3.20007  5.1027  3.20007  5.1027  0.382654  4.02471  
0.850122  3.67825  3.20007  5.1027  3.20007  5.1027  1.87209  1.95512  
0.944318  3.56706  3.20007  5.1027  3.20007  5.1027  0.47684  3.97365  
1.71059  2.27972  3.20007  5.1027  3.20007  5.1027  0.984472  3.51056  
0.873784  3.65188  3.20007  5.1027  3.20007  5.1027  0.102697  4.1027  
1.66573  2.40798  3.20007  5.1027  3.20007  5.1027  2.16339  0.799006  
1.62971  2.50375  3.20007  5.1027  3.20007  5.1027  1.22737  3.16403  
0.618565  3.88228  3.20007  5.1027  3.20007  5.1027  0.414671  4.0073  
2.0852  1.16178  3.20007  5.1027  3.20007  5.1027  0.229302  4.07606  
0.984472  3.51056  3.20007  5.1027  3.20007  5.1027  0.618565  3.88228  
1.17118  3.25655  3.20007  5.1027  3.20007  5.1027  1.13655  3.31845  
1.83248  2.09964  3.20007  5.1027  3.20007  5.1027  1.31733  3.01103  
1.54693  2.70162  3.20007  5.1027  3.20007  5.1027  1.66573  2.40798  
1.22737  3.16403  3.20007  5.1027  3.20007  5.1027  1.62971  2.50375  
1.69821  2.31659  3.20007  5.1027  3.20007  5.1027  1.64759  2.4569  
1.9094  1.80541  3.20007  5.1027  3.20007  5.1027  0.898242  3.62321  
1.24165  3.13676  3.20007  5.1027  3.20007  5.1027  1.18793  3.22486  
0.527565  3.93787  3.20007  5.1027  3.20007  5.1027  1.61224  2.54788  
1.9454  1.64267  3.20007  5.1027  3.20007  5.1027  2.18691  0.65908  
2.1152  0.894402  3.20007  5.1027  3.20007  5.1027  1.85914  2.00381  
1.02542  3.45092  3.20007  5.1027  3.20007  5.1027  1.20446  3.19392  
2.05284  1.38267  3.20007  5.1027  3.20007  5.1027  1.80173  2.16982  
1.93561  1.68925  3.20007  5.1027  3.20007  5.1027  0.700028  3.82222  
0.297282  4.05752  3.20007  5.1027  3.20007  5.1027  1.9094  1.80541  
1.18793  3.22486  3.20007  5.1027  3.20007  5.1027  0.806458  3.72572  
1.20446  3.19392  3.20007  5.1027  3.20007  5.1027  1.34069  2.96849  
1.82217  2.13476  3.20007  5.1027  3.20007  5.1027  0.448531  3.99009  
1.87209  1.95512  3.20007  5.1027  3.20007  5.1027  1.52935  2.73642  
1.7212  2.248  3.20007  5.1027  3.20007  5.1027  1.04566  3.4187  
1.29558  3.05337  3.20007  5.1027  3.20007  5.1027  1.77722  2.2069  
0.341859  4.04176  3.20007  5.1027  3.20007  5.1027  1.5801  2.62647  
1.92456  1.739  3.20007  5.1027  3.20007  5.1027  2.14466  0.843347  
1.84593  2.05158  3.20007  5.1027  3.20007  5.1027  0.966248  3.5373  
0.414671  4.0073  3.20007  5.1027  3.20007  5.1027  0.944318  3.56706  
0.827939  3.70246  3.20007  5.1027  3.20007  5.1027  2.1299  0.869684  
1.04566  3.4187  3.20007  5.1027  3.20007  5.1027  1.24165  3.13676  
0.750848  3.77746  3.20007  5.1027  3.20007  5.1027  2.19391  0.514997  
2.07457  1.23936  3.20007  5.1027  3.20007  5.1027  0.779124  3.75159  
1.68601  2.35147  3.20007  5.1027  3.20007  5.1027  2.17564  0.744004  
1.26624  3.09699  3.20007  5.1027  3.20007  5.1027  0.502492  3.95559  
2.06336  1.31531  3.20007  5.1027  3.20007  5.1027  2.0852  1.16178  
1.08377  3.36972  3.20007  5.1027  3.20007  5.1027  1.97629  1.5774  
1.61224  2.54788  3.20007  5.1027  3.20007  5.1027  2.02831  1.49624  
1.10786  3.34955  3.20007  5.1027  3.20007  5.1027  0.297282  4.05752  
0.382654  4.02471  3.20007  5.1027  3.20007  5.1027  1.39806  2.86737  
0.502492  3.95559  3.20007  5.1027  3.20007  5.1027  0.527565  3.93787  
2.20007  0.200068  3.20007  5.10267  3.20007  5.10267  1.17115  3.25652  
0.700006  3.8222  3.20007  5.10267  3.20007  5.10267  1.00528  3.48143  
1.95406  1.60115  3.20007  5.10267  3.20007  5.10267  0.556932  3.91965  
1.88471  1.90596  3.20007  5.10267  3.20007  5.10267  2.07456  1.23931  
0.898125  3.62319  3.20007  5.10267  3.20007  5.10267  1.72117  2.24798  
1.47931  2.79177  3.20007  5.10267  3.20007  5.10267  1.06405  3.38763  
2.10915  0.956156  3.20007  5.10267  3.20007  5.10267  1.82213  2.13472  
0.806411  3.72567  3.20007  5.10267  3.20007  5.10267  1.75096  2.23051  
2.1299  0.869684  3.20007  5.10267  3.20007  5.10267  2.10915  0.956156  
0.724805  3.80051  3.20007  5.10267  3.20007  5.10267  1.41238  2.83649  
0.102673  4.10267  3.20007  5.10267  3.20007  5.10267  1.29547  3.05326  
1.4234  2.81053  3.20007  5.10267  3.20007  5.10267  1.10782  3.3495  
1.75096  2.23051  3.20007  5.10267  3.20007  5.10267  1.84593  2.05154  
1.06405  3.38763  3.20007  5.10267  3.20007  5.10267  0.849935  3.67833  
1.56402  2.66368  3.20007  5.10267  3.20007  5.10267  0.588842  3.90045  
2.19389  0.514421  3.20007  5.10267  3.20007  5.10267  2.20007  0.200068  
1.64771  2.45652  3.20007  5.10267  3.20007  5.10267  1.83243  2.09959  
1.15394  3.28734  3.20007  5.10267  3.20007  5.10267  1.47931  2.79177  
2.14466  0.843345  3.20007  5.10267  3.20007  5.10267  0.828017  3.70234  
0.966087  3.53748  3.20007  5.10267  3.20007  5.10267  1.95406  1.60115  
1.59576  2.58876  3.20007  5.10267  3.20007  5.10267  2.04125  1.44257  
2.09397  1.09126  3.20007  5.10267  3.20007  5.10267  1.89679  1.85715  
1.35851  2.93853  3.20007  5.10267  3.20007  5.10267  1.54692  2.70153  
0.556932  3.91965  3.20007  5.10267  3.20007  5.10267  0.175604  4.08851  
1.89679  1.85715  3.20007  5.10267  3.20007  5.10267  0.341685  4.04139  
2.10144  1.02779  3.20007  5.10267  3.20007  5.10267  1.93553  1.68953  
2.01123  1.53904  3.20007  5.10267  3.20007  5.10267  1.02537  3.45081  
2.18736  0.651007  3.20007  5.10267  3.20007  5.10267  1.50986  2.76727  
0.672239  3.84217  3.20007  5.10267  3.20007  5.10267  2.0528  1.38262  
2.04125  1.44257  3.20007  5.10267  3.20007  5.10267  2.11518  0.894389  
0.230845  4.07522  3.20007  5.10267  3.20007  5.10267  1.59576  2.58876  
1.00528  3.48143  3.20007  5.10267  3.20007  5.10267  0.672239  3.84217  
2.02827  1.49626  3.20007  5.10267  3.20007  5.10267  1.38363  2.90221  
2.16341  0.798793  3.20007  5.10267  3.20007  5.10267  2.09397  1.09126  
1.52921  2.73659  3.20007  5.10267  3.20007  5.10267  1.88471  1.90596  
1.80172  2.1698  3.20007  5.10267  3.20007  5.10267  1.92456  1.73898  
1.58007  2.62645  3.20007  5.10267  3.20007  5.10267  1.15394  3.28734  
1.50986  2.76727  3.20007  5.10267  3.20007  5.10267  1.71059  2.27972  
2.17558  0.743936  3.20007  5.10267  3.20007  5.10267  1.56402  2.66368  
0.448692  3.98996  3.20007  5.10267  3.20007  5.10267  1.4234  2.81053  
0.644996  3.86236  3.20007  5.10267  3.20007  5.10267  0.75108  3.77718  
1.31729  3.01098  3.20007  5.10267  3.20007  5.10267  1.69817  2.31656  
1.85914  2.00381  3.20007  5.10267  3.20007  5.10267  2.10144  1.02779  
1.13678  3.31798  3.20007  5.10267  3.20007  5.10267  0.873848  3.65172  
0.588842  3.90045  3.20007  5.10267  3.20007  5.10267  0.644996  3.86236  
1.41238  2.83649  3.20007  5.10267  3.20007  5.10267  1.35851  2.93853  
1.38363  2.90221  3.20007  5.10267  3.20007  5.10267  1.94543  1.64252  
0.476745  3.97356  3.20007  5.10267  3.20007  5.10267  2.01123  1.53904  
1.39803  2.86735  3.20007  5.10267  3.20007  5.10267  0.922994  3.5954  
0.779009  3.75139  3.20007  5.10267  3.20007  5.10267  0.724805  3.80051  
1.97629  1.5774  3.20007  5.10267  3.20007  5.10267  1.26564  3.09763  
0.922994  3.5954  3.20007  5.10267  3.20007  5.10267  2.06336  1.31531  
1.34068  2.96848  3.20007  5.10267  3.20007  5.10267  1.0836  3.36983  
1.7772  2.20688  3.20007  5.10267  3.20007  5.10267  1.68599  2.35144  
0.175604  4.08851  3.20007  5.10267  3.20007  5.10267  0.382597  4.02466  
0.849935  3.67833  3.20007  5.10267  3.20007  5.10267  1.87207  1.95508  
0.944464  3.56668  3.20007  5.10267  3.20007  5.10267  0.476745  3.97356  
1.71059  2.27972  3.20007  5.10267  3.20007  5.10267  0.984534  3.5103  
0.873848  3.65172  3.20007  5.10267  3.20007  5.10267  0.102673  4.10267  
1.66571  2.40796  3.20007  5.10267  3.20007  5.10267  2.16341  0.798793  
1.62968  2.50372  3.20007  5.10267  3.20007  5.10267  1.22729  3.16403  
0.618496  3.88221  3.20007  5.10267  3.20007  5.10267  0.414577  4.0073  
2.08519  1.16177  3.20007  5.10267  3.20007  5.10267  0.230845  4.07522  
0.984534  3.5103  3.20007  5.10267  3.20007  5.10267  0.618496  3.88221  
1.17115  3.25652  3.20007  5.10267  3.20007  5.10267  1.13678  3.31798  
1.83243  2.09959  3.20007  5.10267  3.20007  5.10267  1.31729  3.01098  
1.54692  2.70153  3.20007  5.10267  3.20007  5.10267  1.66571  2.40796  
1.22729  3.16403  3.20007  5.10267  3.20007  5.10267  1.62968  2.50372  
1.69817  2.31656  3.20007  5.10267  3.20007  5.10267  1.64771  2.45652  
1.90941  1.80517  3.20007  5.10267  3.20007  5.10267  0.898125  3.62319  
1.24162  3.13673  3.20007  5.10267  3.20007  5.10267  1.18793  3.22486  
0.527778  3.9377  3.20007  5.10267  3.20007  5.10267  1.61223  2.54771  
1.94543  1.64252  3.20007  5.10267  3.20007  5.10267  2.18736  0.651007  
2.11518  0.894389  3.20007  5.10267  3.20007  5.10267  1.85914  2.00381  
1.02537  3.45081  3.20007  5.10267  3.20007  5.10267  1.20456  3.19359  
2.0528  1.38262  3.20007  5.10267  3.20007  5.10267  1.80172  2.1698  
1.93553  1.68953  3.20007  5.10267  3.20007  5.10267  0.700006  3.8222  
0.296607  4.05609  3.20007  5.10267  3.20007  5.10267  1.90941  1.80517  
1.18793  3.22486  3.20007  5.10267  3.20007  5.10267  0.806411  3.72567  
1.20456  3.19359  3.20007  5.10267  3.20007  5.10267  1.34068  2.96848  
1.82213  2.13472  3.20007  5.10267  3.20007  5.10267  0.448692  3.98996  
1.87207  1.95508  3.20007  5.10267  3.20007  5.10267  1.52921  2.73659  
1.72117  2.24798  3.20007  5.10267  3.20007  5.10267  1.04491  3.41991  
1.29547  3.05326  3.20007  5.10267  3.20007  5.10267  1.7772  2.20688  
0.341685  4.04139  3.20007  5.10267  3.20007  5.10267  1.58007  2.62645  
1.92456  1.73898  3.20007  5.10267  3.20007  5.10267  2.14466  0.843345  
1.84593  2.05154  3.20007  5.10267  3.20007  5.10267  0.966087  3.53748  
0.414577  4.0073  3.20007  5.10267  3.20007  5.10267  0.944464  3.56668  
0.828017  3.70234  3.20007  5.10267  3.20007  5.10267  2.1299  0.869684  
1.04491  3.41991  3.20007  5.10267  3.20007  5.10267  1.24162  3.13673  
0.75108  3.77718  3.20007  5.10267  3.20007  5.10267  2.19389  0.514421  
2.07456  1.23931  3.20007  5.10267  3.20007  5.10267  0.779009  3.75139  
1.68599  2.35144  3.20007  5.10267  3.20007  5.10267  2.17558  0.743936  
1.26564  3.09763  3.20007  5.10267  3.20007  5.10267  0.50247  3.95538  
2.06336  1.31531  3.20007  5.10267  3.20007  5.10267  2.08519  1.16177  
1.0836  3.36983  3.20007  5.10267  3.20007  5.10267  1.97629  1.5774  
1.61223  2.54771  3.20007  5.10267  3.20007  5.10267  2.02827  1.49626  
1.10782  3.3495  3.20007  5.10267  3.20007  5.10267  0.296607  4.05609  
0.382597  4.02466  3.20007  5.10267  3.20007  5.10267  1.39803  2.86735  
0.50247  3.95538  3.20007  5.10267  3.20007  5.10267  0.527778  3.9377  
2.20007  0.200066  3.20007  5.10261  3.20007  5.10261  1.17119  3.25638  
0.700027  3.82218  3.20007  5.10261  3.20007  5.10261  1.0051  3.48152  
1.95406  1.60115  3.20007  5.10261  3.20007  5.10261  0.557042  3.91952  
1.8847  1.90595  3.20007  5.10261  3.20007  5.10261  2.07453  1.23928  
0.89819  3.62294  3.20007  5.10261  3.20007  5.10261  1.72117  2.24798  
1.4793  2.79176  3.20007  5.10261  3.20007  5.10261  1.06409  3.38749  
2.10913  0.956136  3.20007  5.10261  3.20007  5.10261  1.82209  2.13468  
0.80638  3.72564  3.20007  5.10261  3.20007  5.10261  1.75087  2.23042  
2.12989  0.869672  3.20007  5.10261  3.20007  5.10261  2.10913  0.956136  
0.724787  3.80049  3.20007  5.10261  3.20007  5.10261  1.41196  2.83742  
0.102614  4.10261  3.20007  5.10261  3.20007  5.10261  1.29562  3.05287  
1.42333  2.81051  3.20007  5.10261  3.20007  5.10261  1.10796  3.34937  
1.75087  2.23042  3.20007  5.10261  3.20007  5.10261  1.84593  2.05154  
1.06409  3.38749  3.20007  5.10261  3.20007  5.10261  0.849922  3.67832  
1.56401  2.66367  3.20007  5.10261  3.20007  5.10261  0.588908  3.90037  
2.19389  0.514254  3.20007  5.10261  3.20007  5.10261  2.20007  0.200066  
1.64769  2.4565  3.20007  5.10261  3.20007  5.10261  1.83238  2.09954  
1.15393  3.28733  3.20007  5.10261  3.20007  5.10261  1.4793  2.79176  
2.14466  0.843345  3.20007  5.10261  3.20007  5.10261  0.827925  3.70238  
0.966277  3.53713  3.20007  5.10261  3.20007  5.10261  1.95406  1.60115  
1.59574  2.58874  3.20007  5.10261  3.20007  5.10261  2.04128  1.44232  
2.09394  1.09123  3.20007  5.10261  3.20007  5.10261  1.89679  1.85714  
1.35845  2.93847  3.20007  5.10261  3.20007  5.10261  1.54696  2.70133  
0.557042  3.91952  3.20007  5.10261  3.20007  5.10261  0.171143  4.08882  
1.89679  1.85714  3.20007  5.10261  3.20007  5.10261  0.34209  4.04114  
2.10141  1.02775  3.20007  5.10261  3.20007  5.10261  1.93548  1.68948  
2.01135  1.5386  3.20007  5.10261  3.20007  5.10261  1.02531  3.45075  
2.18735  0.650697  3.20007  5.10261  3.20007  5.10261  1.50964  2.76742  
0.672257  3.84214  3.20007  5.10261  3.20007  5.10261  2.05279  1.38262  
2.04128  1.44232  3.20007  5.10261  3.20007  5.10261  2.11517  0.894376  
0.231163  4.07494  3.20007  5.10261  3.20007  5.10261  1.59574  2.58874  
1.0051  3.48152  3.20007  5.10261  3.20007  5.10261  0.672257  3.84214  
2.02827  1.49626  3.20007  5.10261  3.20007  5.10261  1.3836  2.90224  
2.16326  0.799221  3.20007  5.10261  3.20007  5.10261  2.09394  1.09123  
1.52943  2.73616  3.20007  5.10261  3.20007  5.10261  1.8847  1.90595  
1.80171  2.16979  3.20007  5.10261  3.20007  5.10261  1.92455  1.73897  
1.58007  2.6264  3.20007  5.10261  3.20007  5.10261  1.15393  3.28733  
1.50964  2.76742  3.20007  5.10261  3.20007  5.10261  1.71058  2.2797  
2.17557  0.743932  3.20007  5.10261  3.20007  5.10261  1.56401  2.66367  
0.448611  3.98988  3.20007  5.10261  3.20007  5.10261  1.42333  2.81051  
0.645061  3.86221  3.20007  5.10261  3.20007  5.10261  0.751047  3.77714  
1.31726  3.01095  3.20007  5.10261  3.20007  5.10261  1.69816  2.31654  
1.85914  2.00381  3.20007  5.10261  3.20007  5.10261  2.10141  1.02775  
1.13675  3.31795  3.20007  5.10261  3.20007  5.10261  0.873863  3.65164  
0.588908  3.90037  3.20007  5.10261  3.20007  5.10261  0.645061  3.86221  
1.41196  2.83742  3.20007  5.10261  3.20007  5.10261  1.35845  2.93847  
1.3836  2.90224  3.20007  5.10261  3.20007  5.10261  1.94542  1.64251  
0.476708  3.97352  3.20007  5.10261  3.20007  5.10261  2.01135  1.5386  
1.39799  2.8673  3.20007  5.10261  3.20007  5.10261  0.922935  3.59534  
0.77862  3.75158  3.20007  5.10261  3.20007  5.10261  0.724787  3.80049  
1.97626  1.57737  3.20007  5.10261  3.20007  5.10261  1.26558  3.09757  
0.922935  3.59534  3.20007  5.10261  3.20007  5.10261  2.06335  1.31529  
1.34066  2.96855  3.20007  5.10261  3.20007  5.10261  1.08359  3.36982  
1.77719  2.20687  3.20007  5.10261  3.20007  5.10261  1.68267  2.36086  
0.171143  4.08882  3.20007  5.10261  3.20007  5.10261  0.380573  4.024  
0.849922  3.67832  3.20007  5.10261  3.20007  5.10261  1.8721  1.95491  
0.94439  3.5666  3.20007  5.10261  3.20007  5.10261  0.476708  3.97352  
1.71058  2.2797  3.20007  5.10261  3.20007  5.10261  0.984508  3.51027  
0.873863  3.65164  3.20007  5.10261  3.20007  5.10261  0.102614  4.10261  
1.66563  2.40807  3.20007  5.10261  3.20007  5.10261  2.16326  0.799221  
1.62975  2.50352  3.20007  5.10261  3.20007  5.10261  1.22723  3.16397  
0.618488  3.8822  3.20007  5.10261  3.20007  5.10261  0.414634  4.0071  
2.08518  1.16175  3.20007  5.10261  3.20007  5.10261  0.231163  4.07494  
0.984508  3.51027  3.20007  5.10261  3.20007  5.10261  0.618488  3.8822  
1.17119  3.25638  3.20007  5.10261  3.20007  5.10261  1.13675  3.31795  
1.83238  2.09954  3.20007  5.10261  3.20007  5.10261  1.31726  3.01095  
1.54696  2.70133  3.20007  5.10261  3.20007  5.10261  1.66563  2.40807  
1.22723  3.16397  3.20007  5.10261  3.20007  5.10261  1.62975  2.50352  
1.69816  2.31654  3.20007  5.10261  3.20007  5.10261  1.64769  2.4565  
1.9095  1.80482  3.20007  5.10261  3.20007  5.10261  0.89819  3.62294  
1.241  3.13726  3.20007  5.10261  3.20007  5.10261  1.18789  3.22482  
0.527664  3.93758  3.20007  5.10261  3.20007  5.10261  1.61223  2.54771  
1.94542  1.64251  3.20007  5.10261  3.20007  5.10261  2.18735  0.650697  
2.11517  0.894376  3.20007  5.10261  3.20007  5.10261  1.85914  2.00381  
1.02531  3.45075  3.20007  5.10261  3.20007  5.10261  1.20456  3.19347  
2.05279  1.38262  3.20007  5.10261  3.20007  5.10261  1.80171  2.16979  
1.93548  1.68948  3.20007  5.10261  3.20007  5.10261  0.700027  3.82218  
0.294257  4.05682  3.20007  5.10261  3.20007  5.10261  1.9095  1.80482  
1.18789  3.22482  3.20007  5.10261  3.20007  5.10261  0.80638  3.72564  
1.20456  3.19347  3.20007  5.10261  3.20007  5.10261  1.34066  2.96855  
1.82209  2.13468  3.20007  5.10261  3.20007  5.10261  0.448611  3.98988  
1.8721  1.95491  3.20007  5.10261  3.20007  5.10261  1.52943  2.73616  
1.72117  2.24798  3.20007  5.10261  3.20007  5.10261  1.04487  3.41988  
1.29562  3.05287  3.20007  5.10261  3.20007  5.10261  1.77719  2.20687  
0.34209  4.04114  3.20007  5.10261  3.20007  5.10261  1.58007  2.6264  
1.92455  1.73897  3.20007  5.10261  3.20007  5.10261  2.14466  0.843345  
1.84593  2.05154  3.20007  5.10261  3.20007  5.10261  0.966277  3.53713  
0.414634  4.0071  3.20007  5.10261  3.20007  5.10261  0.94439  3.5666  
0.827925  3.70238  3.20007  5.10261  3.20007  5.10261  2.12989  0.869672  
1.04487  3.41988  3.20007  5.10261  3.20007  5.10261  1.241  3.13726  
0.751047  3.77714  3.20007  5.10261  3.20007  5.10261  2.19389  0.514254  
2.07453  1.23928  3.20007  5.10261  3.20007  5.10261  0.77862  3.75158  
1.68267  2.36086  3.20007  5.10261  3.20007  5.10261  2.17557  0.743932  
1.26558  3.09757  3.20007  5.10261  3.20007  5.10261  0.50245  3.95536  
2.06335  1.31529  3.20007  5.10261  3.20007  5.10261  2.08518  1.16175  
1.08359  3.36982  3.20007  5.10261  3.20007  5.10261  1.97626  1.57737  
1.61223  2.54771  3.20007  5.10261  3.20007  5.10261  2.02827  1.49626  
1.10796  3.34937  3.20007  5.10261  3.20007  5.10261  0.294257  4.05682  
0.380573  4.024  3.20007  5.10261  3.20007  5.10261  1.39799  2.8673  
0.50245  3.95536  3.20007  5.10261  3.20007  5.10261  0.527664  3.93758  
