1.58632  3.98877  3.49644  5.61431  1.79769e+308  1.79769e+308  1.58632  3.98877  
0.628949  4.50824  3.49644  5.61431  1.79769e+308  1.79769e+308  0.628949  4.50824  
2.22453  2.22856  3.49644  5.61431  1.79769e+308  1.79769e+308  2.22453  2.22856  
1.43493  4.09425  3.49644  5.61431  1.79769e+308  1.79769e+308  1.43493  4.09425  
1.71011  3.29736  3.49644  5.61431  1.79769e+308  1.79769e+308  1.71011  3.29736  
2.05703  2.9433  3.49644  5.61431  1.79769e+308  1.79769e+308  2.05703  2.9433  
0.611005  4.58543  3.49644  5.61431  1.79769e+308  1.79769e+308  0.611005  4.58543  
1.1668  4.3003  3.49644  5.61431  1.79769e+308  1.79769e+308  1.1668  4.3003  
1.592  3.62668  3.49644  5.61431  1.79769e+308  1.79769e+308  1.592  3.62668  
0.961586  4.31127  3.49644  5.61431  1.79769e+308  1.79769e+308  0.961586  4.31127  
2.15024  2.83488  3.49644  5.61431  1.79769e+308  1.79769e+308  2.15024  2.83488  
1.85932  3.18567  3.49644  5.61431  1.79769e+308  1.79769e+308  1.85932  3.18567  
1.23131  4.06458  3.49644  5.61431  1.79769e+308  1.79769e+308  1.23131  4.06458  
1.62031  3.91683  3.49644  5.61431  1.79769e+308  1.79769e+308  1.62031  3.91683  
2.24082  2.59636  3.49644  5.61431  1.79769e+308  1.79769e+308  2.24082  2.59636  
2.20359  2.81947  3.49644  5.61431  1.79769e+308  1.79769e+308  2.20359  2.81947  
1.94326  3.34414  3.49644  5.61431  1.79769e+308  1.79769e+308  1.94326  3.34414  
1.9889  3.24212  3.49644  5.61431  1.79769e+308  1.79769e+308  1.9889  3.24212  
1.89192  3.07728  3.49644  5.61431  1.79769e+308  1.79769e+308  1.89192  3.07728  
0.657603  4.4521  3.49644  5.61431  1.79769e+308  1.79769e+308  0.657603  4.4521  
2.1321  2.82956  3.49644  5.61431  1.79769e+308  1.79769e+308  2.1321  2.82956  
0.585949  4.37865  3.49644  5.61431  1.79769e+308  1.79769e+308  0.585949  4.37865  
1.85689  3.59935  3.49644  5.61431  1.79769e+308  1.79769e+308  1.85689  3.59935  
2.01339  2.91543  3.49644  5.61431  1.79769e+308  1.79769e+308  2.01339  2.91543  
1.727  3.55868  3.49644  5.61431  1.79769e+308  1.79769e+308  1.727  3.55868  
2.00491  2.72189  3.49644  5.61431  1.79769e+308  1.79769e+308  2.00491  2.72189  
1.66806  3.58814  3.49644  5.61431  1.79769e+308  1.79769e+308  1.66806  3.58814  
1.98437  2.94505  3.49644  5.61431  1.79769e+308  1.79769e+308  1.98437  2.94505  
1.42145  4.25309  3.49644  5.61431  1.79769e+308  1.79769e+308  1.42145  4.25309  
1.9809  3.25252  3.49644  5.61431  1.79769e+308  1.79769e+308  1.9809  3.25252  
0.62419  4.61431  3.49644  5.61431  1.79769e+308  1.79769e+308  0.62419  4.61431  
2.49322  1.90729  3.49644  5.61431  1.79769e+308  1.79769e+308  2.49322  1.90729  
1.87366  3.60015  3.49644  5.61431  1.79769e+308  1.79769e+308  1.87366  3.60015  
0.738998  4.57865  3.49644  5.61431  1.79769e+308  1.79769e+308  0.738998  4.57865  
1.2978  4.28582  3.49644  5.61431  1.79769e+308  1.79769e+308  1.2978  4.28582  
1.5899  3.75807  3.49644  5.61431  1.79769e+308  1.79769e+308  1.5899  3.75807  
1.20363  4.31872  3.49644  5.61431  1.79769e+308  1.79769e+308  1.20363  4.31872  
2.19177  3.16199  3.49644  5.61431  1.79769e+308  1.79769e+308  2.19177  3.16199  
2.166  2.69864  3.49644  5.61431  1.79769e+308  1.79769e+308  2.166  2.69864  
1.55787  4.03988  3.49644  5.61431  1.79769e+308  1.79769e+308  1.55787  4.03988  
0.555488  4.54611  3.49644  5.61431  1.79769e+308  1.79769e+308  0.555488  4.54611  
0.691674  4.556  3.49644  5.61431  1.79769e+308  1.79769e+308  0.691674  4.556  
0.591937  4.4913  3.49644  5.61431  1.79769e+308  1.79769e+308  0.591937  4.4913  
1.34429  4.07527  3.49644  5.61431  1.79769e+308  1.79769e+308  1.34429  4.07527  
2.02083  2.78617  3.49644  5.61431  1.79769e+308  1.79769e+308  2.02083  2.78617  
1.28985  4.10007  3.49644  5.61431  1.79769e+308  1.79769e+308  1.28985  4.10007  
2.37261  2.30124  3.49644  5.61431  1.79769e+308  1.79769e+308  2.37261  2.30124  
0.676171  4.56599  3.49644  5.61431  1.79769e+308  1.79769e+308  0.676171  4.56599  
1.95765  3.2609  3.49644  5.61431  1.79769e+308  1.79769e+308  1.95765  3.2609  
1.31673  4.10058  3.49644  5.61431  1.79769e+308  1.79769e+308  1.31673  4.10058  
0.556375  4.53149  3.49644  5.61431  1.79769e+308  1.79769e+308  0.556375  4.53149  
0.662473  4.51599  3.49644  5.61431  1.79769e+308  1.79769e+308  0.662473  4.51599  
1.49502  4.20349  3.49644  5.61431  1.79769e+308  1.79769e+308  1.49502  4.20349  
1.78493  3.343  3.49644  5.61431  1.79769e+308  1.79769e+308  1.78493  3.343  
1.65256  3.71624  3.49644  5.61431  1.79769e+308  1.79769e+308  1.65256  3.71624  
1.00913  4.3682  3.49644  5.61431  1.79769e+308  1.79769e+308  1.00913  4.3682  
0.807523  4.45932  3.49644  5.61431  1.79769e+308  1.79769e+308  0.807523  4.45932  
1.88536  3.21275  3.49644  5.61431  1.79769e+308  1.79769e+308  1.88536  3.21275  
2.03838  2.84277  3.49644  5.61431  1.79769e+308  1.79769e+308  2.03838  2.84277  
2.02951  3.06777  3.49644  5.61431  1.79769e+308  1.79769e+308  2.02951  3.06777  
1.0995  4.23406  3.49644  5.61431  1.79769e+308  1.79769e+308  1.0995  4.23406  
1.37278  4.08303  3.49644  5.61431  1.79769e+308  1.79769e+308  1.37278  4.08303  
2.00824  3.24298  3.49644  5.61431  1.79769e+308  1.79769e+308  2.00824  3.24298  
2.06078  3.14882  3.49644  5.61431  1.79769e+308  1.79769e+308  2.06078  3.14882  
1.06685  4.38746  3.49644  5.61431  1.79769e+308  1.79769e+308  1.06685  4.38746  
1.76147  3.35069  3.49644  5.61431  1.79769e+308  1.79769e+308  1.76147  3.35069  
1.69664  3.8435  3.49644  5.61431  1.79769e+308  1.79769e+308  1.69664  3.8435  
1.24008  4.32439  3.49644  5.61431  1.79769e+308  1.79769e+308  1.24008  4.32439  
0.559925  4.53822  3.49644  5.61431  1.79769e+308  1.79769e+308  0.559925  4.53822  
2.05091  3.48282  3.49644  5.61431  1.79769e+308  1.79769e+308  2.05091  3.48282  
2.13576  2.4326  3.49644  5.61431  1.79769e+308  1.79769e+308  2.13576  2.4326  
0.567534  4.47722  3.49644  5.61431  1.79769e+308  1.79769e+308  0.567534  4.47722  
1.78015  3.72136  3.49644  5.61431  1.79769e+308  1.79769e+308  1.78015  3.72136  
0.889121  4.35727  3.49644  5.61431  1.79769e+308  1.79769e+308  0.889121  4.35727  
0.786303  4.47077  3.49644  5.61431  1.79769e+308  1.79769e+308  0.786303  4.47077  
2.02017  3.18515  3.49644  5.61431  1.79769e+308  1.79769e+308  2.02017  3.18515  
2.14781  2.87211  3.49644  5.61431  1.79769e+308  1.79769e+308  2.14781  2.87211  
1.3931  4.28922  3.49644  5.61431  1.79769e+308  1.79769e+308  1.3931  4.28922  
1.98047  2.98167  3.49644  5.61431  1.79769e+308  1.79769e+308  1.98047  2.98167  
2.27238  1.89961  3.49644  5.61431  1.79769e+308  1.79769e+308  2.27238  1.89961  
2.49644  1.21622  3.49644  5.61431  1.79769e+308  1.79769e+308  2.49644  1.21622  
1.93977  3.41982  3.49644  5.61431  1.79769e+308  1.79769e+308  1.93977  3.41982  
1.72205  3.51407  3.49644  5.61431  1.79769e+308  1.79769e+308  1.72205  3.51407  
0.609862  4.53776  3.49644  5.61431  1.79769e+308  1.79769e+308  0.609862  4.53776  
1.93956  3.12105  3.49644  5.61431  1.79769e+308  1.79769e+308  1.93956  3.12105  
0.905329  4.45296  3.49644  5.61431  1.79769e+308  1.79769e+308  0.905329  4.45296  
1.46552  3.99337  3.49644  5.61431  1.79769e+308  1.79769e+308  1.46552  3.99337  
1.23207  4.1084  3.49644  5.61431  1.79769e+308  1.79769e+308  1.23207  4.1084  
1.54894  3.98857  3.49644  5.61431  1.79769e+308  1.79769e+308  1.54894  3.98857  
2.04032  3.10285  3.49644  5.61431  1.79769e+308  1.79769e+308  2.04032  3.10285  
1.33075  3.98935  3.49644  5.61431  1.79769e+308  1.79769e+308  1.33075  3.98935  
1.29193  4.41554  3.49644  5.61431  1.79769e+308  1.79769e+308  1.29193  4.41554  
1.58868  3.9566  3.49644  5.61431  1.79769e+308  1.79769e+308  1.58868  3.9566  
2.02115  3.39284  3.49644  5.61431  1.79769e+308  1.79769e+308  2.02115  3.39284  
2.06478  3.18723  3.49644  5.61431  1.79769e+308  1.79769e+308  2.06478  3.18723  
1.09254  4.30612  3.49644  5.61431  1.79769e+308  1.79769e+308  1.09254  4.30612  
0.828947  4.38054  3.49644  5.61431  1.79769e+308  1.79769e+308  0.828947  4.38054  
2.42329  2.07455  3.49644  5.61431  1.79769e+308  1.79769e+308  2.42329  2.07455  
0.760762  4.39979  3.49644  5.61431  1.79769e+308  1.79769e+308  0.760762  4.39979  
1.34829  3.92837  3.49644  5.61431  1.79769e+308  1.79769e+308  1.34829  3.92837  
1.98216  0.557974  3.31352  5.45492  3.00035  5.00045  1.42929  3.28476  
1.98494  0.510776  3.31352  5.45492  3.00035  5.00045  1.49795  3.53664  
1.91163  1.19084  3.31352  5.45492  3.00035  5.00045  0.000454349  4.00045  
0.889827  3.60366  3.31352  5.45492  3.00035  5.00045  1.10854  3.86591  
0.227248  3.97728  3.31352  5.45492  3.00035  5.00045  1.79938  2.85978  
1.03709  3.44704  3.31352  5.45492  3.00035  5.00045  1.17932  3.92927  
1.35799  2.94163  3.31352  5.45492  3.00035  5.00045  1.59843  3.32603  
1.68446  2.16694  3.31352  5.45492  3.00035  5.00045  1.14299  3.77278  
1.40607  2.84646  3.31352  5.45492  3.00035  5.00045  1.81523  2.59253  
1.32903  2.99227  3.31352  5.45492  3.00035  5.00045  1.54009  3.22644  
1.72069  2.06276  3.31352  5.45492  3.00035  5.00045  0.371815  4.35734  
0.341255  3.94811  3.31352  5.45492  3.00035  5.00045  0.47976  4.45492  
1.64063  2.30537  3.31352  5.45492  3.00035  5.00045  1.4034  3.51269  
0.163173  3.98753  3.31352  5.45492  3.00035  5.00045  1.54972  3.42547  
0.657599  3.79099  3.31352  5.45492  3.00035  5.00045  1.13785  4.12875  
1.4844  2.70752  3.31352  5.45492  3.00035  5.00045  1.55574  3.24008  
1.57618  2.48137  3.31352  5.45492  3.00035  5.00045  1.72541  3.2145  
1.77441  1.85146  3.31352  5.45492  3.00035  5.00045  0.795619  4.36845  
1.19243  3.22471  3.31352  5.45492  3.00035  5.00045  1.64111  3.48597  
0.558244  3.84232  3.31352  5.45492  3.00035  5.00045  1.54095  3.64312  
1.39594  2.87996  3.31352  5.45492  3.00035  5.00045  1.09673  4.15861  
1.85291  1.51373  3.31352  5.45492  3.00035  5.00045  1.37981  3.01497  
0.708249  3.75386  3.31352  5.45492  3.00035  5.00045  0.773481  4.24779  
0.838327  3.63893  3.31352  5.45492  3.00035  5.00045  0.911837  4.26468  
1.56785  2.49884  3.31352  5.45492  3.00035  5.00045  0.58487  4.31728  
1.44368  2.7844  3.31352  5.45492  3.00035  5.00045  2.29356  0.74588  
1.9616  0.820944  3.31352  5.45492  3.00035  5.00045  2.31352  0.880198  
1.99948  0.131708  3.31352  5.45492  3.00035  5.00045  1.29356  3.90582  
0.683764  3.76311  3.31352  5.45492  3.00035  5.00045  1.78593  2.68665  
1.07669  3.37993  3.31352  5.45492  3.00035  5.00045  1.5444  3.76538  
0.798822  3.66809  3.31352  5.45492  3.00035  5.00045  1.33255  3.62774  
1.52976  2.59658  3.31352  5.45492  3.00035  5.00045  1.92192  2.04253  
1.78349  1.8152  3.31352  5.45492  3.00035  5.00045  1.55607  3.05134  
1.56066  2.52105  3.31352  5.45492  3.00035  5.00045  1.92597  2.26174  
1.31241  3.03921  3.31352  5.45492  3.00035  5.00045  0.524815  4.30789  
0.00045435  4.00045  3.31352  5.45492  3.00035  5.00045  1.27094  3.78649  
0.440003  3.9072  3.31352  5.45492  3.00035  5.00045  1.9272  2.33103  
1.59448  2.41976  3.31352  5.45492  3.00035  5.00045  1.59003  3.19714  
1.66915  2.2138  3.31352  5.45492  3.00035  5.00045  0.899932  4.0693  
1.70746  2.08824  3.31352  5.45492  3.00035  5.00045  1.774  2.94959  
1.42836  2.81577  3.31352  5.45492  3.00035  5.00045  0.717883  4.35694  
1.86985  1.42838  3.31352  5.45492  3.00035  5.00045  1.31094  3.95893  
1.21124  3.20092  3.31352  5.45492  3.00035  5.00045  0.976747  4.0492  
1.53779  2.57067  3.31352  5.45492  3.00035  5.00045  1.86947  2.94568  
1.65368  2.25526  3.31352  5.45492  3.00035  5.00045  1.76372  3.38034  
0.984975  3.49712  3.31352  5.45492  3.00035  5.00045  1.60587  3.49745  
1.27127  3.11061  3.31352  5.45492  3.00035  5.00045  1.30697  3.72749  
1.69502  2.12729  3.31352  5.45492  3.00035  5.00045  1.21706  3.79261  
0.627868  3.7987  3.31352  5.45492  3.00035  5.00045  0.586507  4.24507  
1.26227  3.12491  3.31352  5.45492  3.00035  5.00045  1.93742  2.74368  
1.13657  3.30327  3.31352  5.45492  3.00035  5.00045  2.13864  1.51336  
1.93483  1.03754  3.31352  5.45492  3.00035  5.00045  1.58774  3.43606  
1.29034  3.0665  3.31352  5.45492  3.00035  5.00045  1.83048  3.09035  
1.90747  1.23078  3.31352  5.45492  3.00035  5.00045  1.53721  3.63133  
2.00035  0.000346584  3.31352  5.45492  3.00035  5.00045  1.77721  3.10296  
1.3827  2.90175  3.31352  5.45492  3.00035  5.00045  2.20016  1.42605  
1.89916  1.31267  3.31352  5.45492  3.00035  5.00045  0.989072  4.20246  
1.11018  3.34742  3.31352  5.45492  3.00035  5.00045  1.11801  3.93079  
0.921544  3.5709  3.31352  5.45492  3.00035  5.00045  1.95786  2.35793  
1.16145  3.27403  3.31352  5.45492  3.00035  5.00045  1.26885  3.98577  
0.261868  3.96656  3.31352  5.45492  3.00035  5.00045  0.391652  4.38555  
1.64645  2.28074  3.31352  5.45492  3.00035  5.00045  2.07155  1.80083  
1.62991  2.33952  3.31352  5.45492  3.00035  5.00045  0.724726  4.27212  
0.779995  3.6868  3.31352  5.45492  3.00035  5.00045  1.92499  2.17839  
1.72792  2.03877  3.31352  5.45492  3.00035  5.00045  1.51056  3.7382  
1.6057  2.39201  3.31352  5.45492  3.00035  5.00045  0.798126  4.2206  
1.24246  3.156  3.31352  5.45492  3.00035  5.00045  1.01528  4.06429  
1.67729  2.18719  3.31352  5.45492  3.00035  5.00045  2.00035  0.000346584  
0.74532  3.72703  3.31352  5.45492  3.00035  5.00045  1.63342  2.80502  
1.22218  3.17589  3.31352  5.45492  3.00035  5.00045  1.16974  3.65423  
1.47306  2.72228  3.31352  5.45492  3.00035  5.00045  0.442988  4.3464  
1.5498  2.54167  3.31352  5.45492  3.00035  5.00045  0.740567  4.26298  
0.108414  3.99462  3.31352  5.45492  3.00035  5.00045  1.379  3.72718  
1.99423  0.322539  3.31352  5.45492  3.00035  5.00045  1.43351  3.76431  
0.402966  3.92279  3.31352  5.45492  3.00035  5.00045  0.500206  4.37487  
1.05787  3.4039  3.31352  5.45492  3.00035  5.00045  1.2708  3.98664  
1.73466  1.99879  3.31352  5.45492  3.00035  5.00045  1.58151  3.43223  
1.413  2.83617  3.31352  5.45492  3.00035  5.00045  1.63402  3.22663  
0.961785  3.51442  3.31352  5.45492  3.00035  5.00045  1.97231  2.55065  
0.499213  3.87562  3.31352  5.45492  3.00035  5.00045  1.42946  3.47589  
1.88677  1.36966  3.31352  5.45492  3.00035  5.00045  1.02641  3.94706  
0.197008  3.98123  3.31352  5.45492  3.00035  5.00045  1.1111  3.96532  
1.9483  0.928046  3.31352  5.45492  3.00035  5.00045  0.733912  4.27362  
1.12564  3.30944  3.31352  5.45492  3.00035  5.00045  0.803537  4.43788  
0.77079  3.70861  3.31352  5.45492  3.00035  5.00045  1.42331  3.40935  
1.96797  0.725366  3.31352  5.45492  3.00035  5.00045  1.40576  3.73906  
0.386988  3.93537  3.31352  5.45492  3.00035  5.00045  1.33213  3.78927  
1.76731  1.87845  3.31352  5.45492  3.00035  5.00045  1.57618  2.48137  
1.58709  2.43551  3.31352  5.45492  3.00035  5.00045  2.2548  0.973223  
1.02518  3.4609  3.31352  5.45492  3.00035  5.00045  1.69151  3.06632  
1.83462  1.59553  3.31352  5.45492  3.00035  5.00045  1.81064  2.37102  
1.50655  2.63458  3.31352  5.45492  3.00035  5.00045  2.11742  1.92503  
0.605077  3.81364  3.31352  5.45492  3.00035  5.00045  1.92682  3.00151  
1.81207  1.70304  3.31352  5.45492  3.00035  5.00045  1.6317  3.01018  
1.45517  2.76453  3.31352  5.45492  3.00035  5.00045  1.79692  2.9637  
1.37209  2.91537  3.31352  5.45492  3.00035  5.00045  1.20491  3.71496  
1.76176  1.89817  3.31352  5.45492  3.00035  5.00045  0.676806  4.09846  
1.17035  3.24759  3.31352  5.45492  3.00035  5.00045  1.18036  3.967  
1.32393  3.014  3.31352  5.45492  3.00035  5.00045  0.444466  4.40976  
0.565928  3.83746  3.31352  5.45492  3.00035  5.00045  0.993145  4.22901  
1.98216  0.557974  3.12948  5.41815  3.00019  5.10768  1.88476  2.15898  
1.98494  0.510776  3.12948  5.41815  3.00019  5.10768  1.77577  3.05049  
1.91163  1.19084  3.12948  5.41815  3.00019  5.10768  0.000162487  4.00016  
0.889827  3.60366  3.12948  5.41815  3.00019  5.10768  2.12577  1.69916  
1.82682  1.63074  3.12948  5.41815  3.00019  5.10768  0.642175  4.33874  
1.02307  3.43934  3.12948  5.41815  3.00019  5.10768  2.07684  1.66079  
1.35799  2.94163  3.12948  5.41815  3.00019  5.10768  1.40022  3.65341  
1.68446  2.16694  3.12948  5.41815  3.00019  5.10768  0.815142  4.24131  
1.40035  2.85722  3.12948  5.41815  3.00019  5.10768  1.85779  1.92039  
1.32903  2.99227  3.12948  5.41815  3.00019  5.10768  2.11928  2.50651  
1.72615  2.02794  3.12948  5.41815  3.00019  5.10768  1.07763  4.1598  
0.333083  3.94467  3.12948  5.41815  3.00019  5.10768  1.30434  3.50136  
1.6414  2.29974  3.12948  5.41815  3.00019  5.10768  1.69779  2.2359  
0.174499  3.98494  3.12948  5.41815  3.00019  5.10768  1.52587  3.25229  
0.663351  3.78133  3.12948  5.41815  3.00019  5.10768  1.29798  3.65238  
1.48331  2.69394  3.12948  5.41815  3.00019  5.10768  1.36183  3.75175  
1.56868  2.48237  3.12948  5.41815  3.00019  5.10768  1.10735  4.11795  
1.77441  1.85146  3.12948  5.41815  3.00019  5.10768  1.49777  3.58125  
1.18868  3.21756  3.12948  5.41815  3.00019  5.10768  1.7098  2.79211  
0.558244  3.84232  3.12948  5.41815  3.00019  5.10768  0.980394  4.16309  
0.828539  3.6418  3.12948  5.41815  3.00019  5.10768  1.61287  3.44834  
1.8557  1.4931  3.12948  5.41815  3.00019  5.10768  1.48532  3.5266  
0.713608  3.73712  3.12948  5.41815  3.00019  5.10768  0.8082  4.23809  
0.222379  3.97575  3.12948  5.41815  3.00019  5.10768  1.31812  3.60145  
1.79436  1.77075  3.12948  5.41815  3.00019  5.10768  1.56458  3.32104  
1.43597  2.78623  3.12948  5.41815  3.00019  5.10768  1.98469  1.99395  
1.9616  0.820944  3.12948  5.41815  3.00019  5.10768  1.78435  2.85556  
0.363598  3.93814  3.12948  5.41815  3.00019  5.10768  1.48461  3.31561  
0.691947  3.75578  3.12948  5.41815  3.00019  5.10768  1.07565  3.91618  
1.06898  3.38115  3.12948  5.41815  3.00019  5.10768  1.83839  2.94367  
0.798822  3.66809  3.12948  5.41815  3.00019  5.10768  0.97996  4.03797  
1.53039  2.58136  3.12948  5.41815  3.00019  5.10768  1.85898  2.54235  
1.78349  1.8152  3.12948  5.41815  3.00019  5.10768  1.7707  2.67172  
1.55731  2.51279  3.12948  5.41815  3.00019  5.10768  1.92332  2.96796  
1.30785  3.02702  3.12948  5.41815  3.00019  5.10768  0.597913  4.24349  
0.000162487  4.00016  3.12948  5.41815  3.00019  5.10768  1.35897  3.8358  
0.430962  3.90876  3.12948  5.41815  3.00019  5.10768  1.83881  3.18214  
1.99847  0.17087  3.12948  5.41815  3.00019  5.10768  1.64336  3.3343  
1.66924  2.2116  3.12948  5.41815  3.00019  5.10768  1.79966  2.6784  
1.70746  2.08824  3.12948  5.41815  3.00019  5.10768  2.12156  1.68904  
1.4268  2.81009  3.12948  5.41815  3.00019  5.10768  1.89253  2.40869  
1.87031  1.41836  3.12948  5.41815  3.00019  5.10768  1.19485  3.98397  
1.20788  3.18882  3.12948  5.41815  3.00019  5.10768  1.74386  3.22389  
1.51934  2.60719  3.12948  5.41815  3.00019  5.10768  1.12614  3.88546  
1.65368  2.25526  3.12948  5.41815  3.00019  5.10768  1.36566  3.46675  
0.984975  3.49712  3.12948  5.41815  3.00019  5.10768  1.19212  3.71705  
1.26619  3.09691  3.12948  5.41815  3.00019  5.10768  1.57388  2.85759  
1.69416  2.12946  3.12948  5.41815  3.00019  5.10768  1.14455  3.96828  
0.627868  3.7987  3.12948  5.41815  3.00019  5.10768  1.00234  4.10354  
1.24652  3.13097  3.12948  5.41815  3.00019  5.10768  0.980818  4.17226  
1.74038  1.97173  3.12948  5.41815  3.00019  5.10768  1.47249  3.74487  
1.93483  1.03754  3.12948  5.41815  3.00019  5.10768  1.00608  3.97572  
1.29348  3.05525  3.12948  5.41815  3.00019  5.10768  2.12948  1.45435  
1.90642  1.22098  3.12948  5.41815  3.00019  5.10768  0.795368  3.75566  
2.00019  0.000194812  3.12948  5.41815  3.00019  5.10768  1.43591  3.79029  
1.3866  2.8845  3.12948  5.41815  3.00019  5.10768  0.651012  4.35684  
1.89077  1.33232  3.12948  5.41815  3.00019  5.10768  1.54628  3.46899  
1.11018  3.34742  3.12948  5.41815  3.00019  5.10768  1.75805  2.70694  
0.921544  3.5709  3.12948  5.41815  3.00019  5.10768  1.79243  2.21457  
1.28385  3.07145  3.12948  5.41815  3.00019  5.10768  1.57596  3.6963  
0.278829  3.9628  3.12948  5.41815  3.00019  5.10768  1.96204  2.30447  
0.904115  3.57992  3.12948  5.41815  3.00019  5.10768  1.64842  2.74072  
1.62054  2.34512  3.12948  5.41815  3.00019  5.10768  1.99978  2.04866  
0.774675  3.68969  3.12948  5.41815  3.00019  5.10768  0.686322  4.32767  
0.308752  3.95406  3.12948  5.41815  3.00019  5.10768  1.2896  3.716  
1.6057  2.39201  3.12948  5.41815  3.00019  5.10768  1.62393  3.37922  
1.80219  1.73866  3.12948  5.41815  3.00019  5.10768  0.43484  4.2736  
1.345  2.96508  3.12948  5.41815  3.00019  5.10768  2.00019  0.000194812  
1.92168  1.13095  3.12948  5.41815  3.00019  5.10768  0.793842  4.06645  
1.22218  3.17589  3.12948  5.41815  3.00019  5.10768  2.09488  2.19424  
1.46969  2.72283  3.12948  5.41815  3.00019  5.10768  0.63125  4.28774  
1.54471  2.552  3.12948  5.41815  3.00019  5.10768  1.09926  3.70856  
0.106197  3.99455  3.12948  5.41815  3.00019  5.10768  0.856442  4.09651  
1.99423  0.322539  3.12948  5.41815  3.00019  5.10768  1.38483  3.8867  
0.402966  3.92279  3.12948  5.41815  3.00019  5.10768  0.486061  4.29811  
1.05435  3.39945  3.12948  5.41815  3.00019  5.10768  1.69473  2.94907  
1.71743  2.05666  3.12948  5.41815  3.00019  5.10768  1.31463  3.06987  
1.413  2.83617  3.12948  5.41815  3.00019  5.10768  2.09685  1.16801  
0.961785  3.51442  3.12948  5.41815  3.00019  5.10768  1.15378  3.77674  
0.499213  3.87562  3.12948  5.41815  3.00019  5.10768  1.66759  3.12295  
1.87786  1.39094  3.12948  5.41815  3.00019  5.10768  1.70724  3.41946  
0.861115  3.62567  3.12948  5.41815  3.00019  5.10768  0.916243  4.23057  
1.94521  0.932923  3.12948  5.41815  3.00019  5.10768  0.993646  4.1146  
1.12564  3.30944  3.12948  5.41815  3.00019  5.10768  1.59859  2.95462  
0.752627  3.70751  3.12948  5.41815  3.00019  5.10768  1.25344  3.66249  
1.96797  0.725366  3.12948  5.41815  3.00019  5.10768  1.291  4.14309  
1.14031  3.28752  3.12948  5.41815  3.00019  5.10768  1.19268  3.6293  
1.84801  1.53947  3.12948  5.41815  3.00019  5.10768  1.9236  2.74254  
1.58709  2.43551  3.12948  5.41815  3.00019  5.10768  1.69454  3.14206  
1.00683  3.46116  3.12948  5.41815  3.00019  5.10768  1.38951  3.59953  
1.83462  1.59553  3.12948  5.41815  3.00019  5.10768  1.32628  3.79592  
1.50655  2.63458  3.12948  5.41815  3.00019  5.10768  1.24362  3.86694  
0.605077  3.81364  3.12948  5.41815  3.00019  5.10768  1.18717  3.91529  
0.740471  3.71973  3.12948  5.41815  3.00019  5.10768  0.651365  4.18508  
1.45425  2.7525  3.12948  5.41815  3.00019  5.10768  0.380778  4.34752  
1.37209  2.91537  3.12948  5.41815  3.00019  5.10768  2.08132  1.78598  
1.76176  1.89817  3.12948  5.41815  3.00019  5.10768  1.58861  3.28745  
1.16586  3.25226  3.12948  5.41815  3.00019  5.10768  0.316835  4.30845  
1.8179  1.67014  3.12948  5.41815  3.00019  5.10768  1.57511  3.18117  
0.484771  3.89269  3.12948  5.41815  3.00019  5.10768  0.497475  4.41815  
0.970231  3.49801  3.12544  5.30531  3.00011  5.00012  1.00548  3.88992  
1.98494  0.510776  3.12544  5.30531  3.00011  5.00012  2.06349  1.89039  
1.91699  1.14134  3.12544  5.30531  3.00011  5.00012  0.000121101  4.00012  
0.889737  3.5827  3.12544  5.30531  3.00011  5.00012  1.71215  2.5572  
1.82682  1.63074  3.12544  5.30531  3.00011  5.00012  1.22012  3.61755  
1.01859  3.44315  3.12544  5.30531  3.00011  5.00012  1.09314  3.78743  
1.35799  2.94163  3.12544  5.30531  3.00011  5.00012  1.90845  2.20422  
1.68446  2.16694  3.12544  5.30531  3.00011  5.00012  0.894128  3.90802  
1.40035  2.85722  3.12544  5.30531  3.00011  5.00012  0.846547  3.9496  
1.32903  2.99227  3.12544  5.30531  3.00011  5.00012  2.02568  1.31647  
1.72464  2.02606  3.12544  5.30531  3.00011  5.00012  0.687653  3.92518  
0.329966  3.94571  3.12544  5.30531  3.00011  5.00012  1.01022  3.9125  
1.63352  2.30849  3.12544  5.30531  3.00011  5.00012  2.09766  1.24563  
0.174597  3.98489  3.12544  5.30531  3.00011  5.00012  1.91061  1.75929  
0.663351  3.78133  3.12544  5.30531  3.00011  5.00012  1.99497  1.77303  
1.88589  1.33818  3.12544  5.30531  3.00011  5.00012  0.306566  4.30531  
1.56868  2.48237  3.12544  5.30531  3.00011  5.00012  1.34925  2.96361  
1.77441  1.85146  3.12544  5.30531  3.00011  5.00012  1.71171  2.8555  
1.18868  3.21756  3.12544  5.30531  3.00011  5.00012  1.4669  3.47669  
0.558244  3.84232  3.12544  5.30531  3.00011  5.00012  1.53391  2.99156  
0.824984  3.64414  3.12544  5.30531  3.00011  5.00012  1.90111  1.25898  
1.8557  1.4931  3.12544  5.30531  3.00011  5.00012  1.70773  2.09745  
0.713608  3.73712  3.12544  5.30531  3.00011  5.00012  1.60076  2.8536  
0.222379  3.97575  3.12544  5.30531  3.00011  5.00012  1.02469  3.69688  
1.79436  1.77075  3.12544  5.30531  3.00011  5.00012  0.508596  4.23542  
1.43689  2.78281  3.12544  5.30531  3.00011  5.00012  1.74131  2.37077  
1.9616  0.820944  3.12544  5.30531  3.00011  5.00012  1.14731  3.69969  
1.49119  2.67149  3.12544  5.30531  3.00011  5.00012  1.76355  2.76127  
0.684195  3.76109  3.12544  5.30531  3.00011  5.00012  2.01659  1.88802  
1.07383  3.37492  3.12544  5.30531  3.00011  5.00012  0.663895  3.97887  
0.798822  3.66809  3.12544  5.30531  3.00011  5.00012  1.23417  3.65597  
1.29623  3.05041  3.12544  5.30531  3.00011  5.00012  1.21068  3.47146  
1.78349  1.8152  3.12544  5.30531  3.00011  5.00012  1.85854  2.44826  
1.55332  2.52035  3.12544  5.30531  3.00011  5.00012  1.93678  2.05415  
1.30785  3.02702  3.12544  5.30531  3.00011  5.00012  1.19515  3.61625  
0.000121101  4.00012  3.12544  5.30531  3.00011  5.00012  1.81085  2.37835  
1.97475  0.635697  3.12544  5.30531  3.00011  5.00012  0.938904  4.04191  
1.99745  0.208244  3.12544  5.30531  3.00011  5.00012  1.44669  3.26113  
1.66924  2.2116  3.12544  5.30531  3.00011  5.00012  1.89054  2.4088  
1.70746  2.08824  3.12544  5.30531  3.00011  5.00012  1.57031  3.07296  
0.845337  3.62539  3.12544  5.30531  3.00011  5.00012  1.96082  1.94336  
1.87031  1.41836  3.12544  5.30531  3.00011  5.00012  1.59067  3.06162  
1.20788  3.18882  3.12544  5.30531  3.00011  5.00012  1.80942  1.71159  
1.51946  2.6053  3.12544  5.30531  3.00011  5.00012  1.46528  2.73974  
1.65053  2.26232  3.12544  5.30531  3.00011  5.00012  0.944524  4.19048  
1.98886  0.425232  3.12544  5.30531  3.00011  5.00012  1.27223  3.66715  
1.26619  3.09691  3.12544  5.30531  3.00011  5.00012  1.76677  2.72074  
1.69416  2.12946  3.12544  5.30531  3.00011  5.00012  1.75076  2.59028  
0.627868  3.7987  3.12544  5.30531  3.00011  5.00012  2.12544  0.475948  
1.24652  3.13097  3.12544  5.30531  3.00011  5.00012  1.18777  3.60799  
1.74038  1.97173  3.12544  5.30531  3.00011  5.00012  0.730862  3.88379  
0.463505  3.89396  3.12544  5.30531  3.00011  5.00012  1.87576  2.06975  
1.9392  0.980091  3.12544  5.30531  3.00011  5.00012  1.53245  3.13263  
1.90476  1.22106  3.12544  5.30531  3.00011  5.00012  0.934207  3.78936  
2.00011  0.000110559  3.12544  5.30531  3.00011  5.00012  0.383534  4.30226  
1.3866  2.8845  3.12544  5.30531  3.00011  5.00012  1.59456  2.67066  
1.89204  1.29737  3.12544  5.30531  3.00011  5.00012  1.70917  2.83249  
1.11281  3.32403  3.12544  5.30531  3.00011  5.00012  1.48414  3.15942  
0.918694  3.55577  3.12544  5.30531  3.00011  5.00012  1.48421  3.37443  
1.28185  3.0746  3.12544  5.30531  3.00011  5.00012  1.10906  3.55436  
0.293226  3.95707  3.12544  5.30531  3.00011  5.00012  1.70269  2.8709  
1.75699  1.91517  3.12544  5.30531  3.00011  5.00012  1.83451  2.63982  
1.62054  2.34512  3.12544  5.30531  3.00011  5.00012  0.845155  3.89109  
0.77173  3.69063  3.12544  5.30531  3.00011  5.00012  1.60413  2.40135  
0.366949  3.93491  3.12544  5.30531  3.00011  5.00012  1.04795  3.41798  
1.60458  2.38844  3.12544  5.30531  3.00011  5.00012  1.63737  2.52676  
1.80219  1.73866  3.12544  5.30531  3.00011  5.00012  2.04945  1.35322  
1.34676  2.95852  3.12544  5.30531  3.00011  5.00012  2.00011  0.000110559  
1.92694  1.08321  3.12544  5.30531  3.00011  5.00012  1.69501  2.35885  
1.22704  3.15909  3.12544  5.30531  3.00011  5.00012  1.59294  2.9332  
1.46226  2.72935  3.12544  5.30531  3.00011  5.00012  2.11273  1.11977  
1.53586  2.56566  3.12544  5.30531  3.00011  5.00012  1.68926  2.63479  
0.116506  3.99335  3.12544  5.30531  3.00011  5.00012  1.42227  3.08925  
1.99423  0.322539  3.12544  5.30531  3.00011  5.00012  2.11193  1.56243  
0.398579  3.92172  3.12544  5.30531  3.00011  5.00012  1.34841  3.50755  
1.05062  3.40394  3.12544  5.30531  3.00011  5.00012  1.4947  2.94141  
1.97938  0.57902  3.12544  5.30531  3.00011  5.00012  0.806846  4.15409  
1.41698  2.82442  3.12544  5.30531  3.00011  5.00012  1.58174  3.18918  
0.946148  3.52442  3.12544  5.30531  3.00011  5.00012  1.11754  3.81425  
0.499213  3.87562  3.12544  5.30531  3.00011  5.00012  1.12468  3.64357  
1.87722  1.3809  3.12544  5.30531  3.00011  5.00012  1.25043  3.48795  
0.865959  3.60674  3.12544  5.30531  3.00011  5.00012  0.685307  4.03452  
1.94521  0.932923  3.12544  5.30531  3.00011  5.00012  1.20827  3.1969  
1.09554  3.35327  3.12544  5.30531  3.00011  5.00012  1.75681  2.29247  
0.741969  3.71478  3.12544  5.30531  3.00011  5.00012  1.65299  2.81086  
1.96797  0.725366  3.12544  5.30531  3.00011  5.00012  1.93233  2.00885  
1.14031  3.28752  3.12544  5.30531  3.00011  5.00012  1.54602  3.05133  
1.84801  1.53947  3.12544  5.30531  3.00011  5.00012  1.82458  2.19171  
1.59422  2.41571  3.12544  5.30531  3.00011  5.00012  0.803439  3.66395  
0.993762  3.473  3.12544  5.30531  3.00011  5.00012  1.10019  3.86  
1.83462  1.59553  3.12544  5.30531  3.00011  5.00012  1.32088  3.42243  
1.50655  2.63458  3.12544  5.30531  3.00011  5.00012  1.09272  3.72239  
0.605077  3.81364  3.12544  5.30531  3.00011  5.00012  1.45796  3.14732  
1.57915  2.45531  3.12544  5.30531  3.00011  5.00012  1.89615  2.28512  
1.44969  2.75723  3.12544  5.30531  3.00011  5.00012  1.88784  2.24259  
1.3729  2.91228  3.12544  5.30531  3.00011  5.00012  1.06778  3.75365  
1.47497  2.70405  3.12544  5.30531  3.00011  5.00012  1.22942  3.53301  
1.16552  3.25089  3.12544  5.30531  3.00011  5.00012  1.27882  3.34634  
1.81426  1.68888  3.12544  5.30531  3.00011  5.00012  1.72566  2.394  
0.436906  3.90357  3.12544  5.30531  3.00011  5.00012  0.730345  3.9252  
0.970231  3.49801  3.049  5.03427  3.00009  5.00012  1.58943  2.52519  
0.571738  3.83342  3.049  5.03427  3.00009  5.00012  1.00631  3.46145  
1.91699  1.14134  3.049  5.03427  3.00009  5.00012  0.000117172  4.00012  
0.8953  3.57812  3.049  5.03427  3.00009  5.00012  1.06797  3.46025  
1.82646  1.63212  3.049  5.03427  3.00009  5.00012  0.998875  3.57893  
1.0144  3.44849  3.049  5.03427  3.00009  5.00012  1.16031  3.33211  
1.93407  1.02036  3.049  5.03427  3.00009  5.00012  1.67532  2.30952  
1.67823  2.17656  3.049  5.03427  3.00009  5.00012  2.049  0.0557057  
1.40035  2.85722  3.049  5.03427  3.00009  5.00012  1.36231  3.03281  
1.32788  2.99219  3.049  5.03427  3.00009  5.00012  1.35363  2.94752  
1.72464  2.02606  3.049  5.03427  3.00009  5.00012  1.18534  3.22505  
0.327131  3.94672  3.049  5.03427  3.00009  5.00012  1.47779  2.69858  
1.63487  2.30479  3.049  5.03427  3.00009  5.00012  1.79508  1.76775  
0.173808  3.98501  3.049  5.03427  3.00009  5.00012  1.67085  2.20616  
0.660804  3.77567  3.049  5.03427  3.00009  5.00012  0.946413  3.60283  
1.03302  3.42604  3.049  5.03427  3.00009  5.00012  1.75131  2.06982  
1.56868  2.48237  3.049  5.03427  3.00009  5.00012  2.00818  0.847174  
1.77314  1.85239  3.049  5.03427  3.00009  5.00012  1.128  3.3054  
1.18868  3.21756  3.049  5.03427  3.00009  5.00012  1.12199  3.39171  
1.88652  1.32918  3.049  5.03427  3.00009  5.00012  1.08484  3.45248  
0.824984  3.64414  3.049  5.03427  3.00009  5.00012  0.714095  3.80058  
1.85397  1.50129  3.049  5.03427  3.00009  5.00012  1.9783  0.611362  
0.713608  3.73712  3.049  5.03427  3.00009  5.00012  1.93031  1.25721  
0.228195  3.97419  3.049  5.03427  3.00009  5.00012  0.0601497  4.03427  
1.79217  1.77674  3.049  5.03427  3.00009  5.00012  1.64684  2.27369  
1.43408  2.79006  3.049  5.03427  3.00009  5.00012  1.05008  3.42163  
1.95837  0.81389  3.049  5.03427  3.00009  5.00012  2.02841  0.298466  
1.48997  2.66973  3.049  5.03427  3.00009  5.00012  1.66452  2.35574  
0.684668  3.75894  3.049  5.03427  3.00009  5.00012  1.16981  3.24867  
1.07383  3.37492  3.049  5.03427  3.00009  5.00012  1.2212  3.17067  
0.797318  3.6693  3.049  5.03427  3.00009  5.00012  1.95811  0.81789  
1.28794  3.06169  3.049  5.03427  3.00009  5.00012  1.96889  1.16858  
1.78525  1.80415  3.049  5.03427  3.00009  5.00012  1.48306  2.79641  
1.55332  2.52035  3.049  5.03427  3.00009  5.00012  1.41972  2.91796  
1.30832  3.02601  3.049  5.03427  3.00009  5.00012  1.09129  3.41993  
0.000117172  4.00012  3.049  5.03427  3.00009  5.00012  1.52819  2.69754  
1.97475  0.635697  3.049  5.03427  3.00009  5.00012  1.41989  2.81801  
1.99745  0.208244  3.049  5.03427  3.00009  5.00012  2.01905  0.539269  
1.66507  2.21704  3.049  5.03427  3.00009  5.00012  1.54937  2.53908  
1.70926  2.07875  3.049  5.03427  3.00009  5.00012  1.29019  3.06049  
0.845337  3.62539  3.049  5.03427  3.00009  5.00012  1.88418  1.34639  
1.86502  1.4477  3.049  5.03427  3.00009  5.00012  0.839697  3.68591  
1.20788  3.18882  3.049  5.03427  3.00009  5.00012  1.54033  2.55675  
1.52217  2.59677  3.049  5.03427  3.00009  5.00012  0.722586  3.73145  
1.64994  2.26142  3.049  5.03427  3.00009  5.00012  1.92096  1.13436  
1.98741  0.453562  3.049  5.03427  3.00009  5.00012  1.20543  3.19582  
1.26619  3.09691  3.049  5.03427  3.00009  5.00012  1.3915  2.87864  
1.69505  2.12463  3.049  5.03427  3.00009  5.00012  1.32686  2.99999  
0.633558  3.79427  3.049  5.03427  3.00009  5.00012  1.81511  1.68498  
1.24643  3.12955  3.049  5.03427  3.00009  5.00012  1.56128  2.60372  
1.74038  1.97173  3.049  5.03427  3.00009  5.00012  1.50848  2.73309  
0.476285  3.88514  3.049  5.03427  3.00009  5.00012  0.648108  3.78872  
1.94171  0.960227  3.049  5.03427  3.00009  5.00012  0.484136  3.93758  
1.9063  1.21125  3.049  5.03427  3.00009  5.00012  1.24286  3.2204  
2.00009  9.09465e-05  3.049  5.03427  3.00009  5.00012  1.1781  3.31747  
1.38366  2.88923  3.049  5.03427  3.00009  5.00012  1.69767  2.11868  
1.89548  1.27713  3.049  5.03427  3.00009  5.00012  1.59113  2.4292  
1.11874  3.31656  3.049  5.03427  3.00009  5.00012  1.74602  1.98799  
0.920146  3.55238  3.049  5.03427  3.00009  5.00012  0.941412  3.5316  
0.534532  3.85489  3.049  5.03427  3.00009  5.00012  1.71779  2.05518  
0.28381  3.96028  3.049  5.03427  3.00009  5.00012  1.25923  3.11465  
1.75827  1.90782  3.049  5.03427  3.00009  5.00012  1.91748  1.35514  
1.62054  2.34512  3.049  5.03427  3.00009  5.00012  1.86208  1.48112  
0.77173  3.69063  3.049  5.03427  3.00009  5.00012  1.65062  2.38187  
0.365051  3.93437  3.049  5.03427  3.00009  5.00012  1.01225  3.53425  
1.60716  2.38116  3.049  5.03427  3.00009  5.00012  1.75376  1.92743  
1.80275  1.73357  3.049  5.03427  3.00009  5.00012  1.52557  2.59236  
1.34973  2.95238  3.049  5.03427  3.00009  5.00012  2.00009  9.09465e-05  
1.92493  1.0866  3.049  5.03427  3.00009  5.00012  1.8859  1.56065  
1.22704  3.15909  3.049  5.03427  3.00009  5.00012  0.876478  3.59744  
1.46226  2.72935  3.049  5.03427  3.00009  5.00012  1.83736  1.58446  
1.53776  2.56182  3.049  5.03427  3.00009  5.00012  0.801577  3.66784  
0.117038  3.99328  3.049  5.03427  3.00009  5.00012  1.13654  3.37338  
1.99249  0.352573  3.049  5.03427  3.00009  5.00012  1.70495  2.171  
0.400164  3.91963  3.049  5.03427  3.00009  5.00012  1.6111  2.37445  
1.05062  3.40394  3.049  5.03427  3.00009  5.00012  1.77311  1.85492  
1.98168  0.553907  3.049  5.03427  3.00009  5.00012  0.494188  3.87735  
1.41698  2.82442  3.049  5.03427  3.00009  5.00012  1.90355  1.42971  
0.946148  3.52442  3.049  5.03427  3.00009  5.00012  1.08857  3.36526  
0.503006  3.87221  3.049  5.03427  3.00009  5.00012  1.3478  3.06444  
1.8765  1.38486  3.049  5.03427  3.00009  5.00012  1.37264  2.91478  
0.869819  3.60256  3.049  5.03427  3.00009  5.00012  1.76797  2.03242  
1.95066  0.884367  3.049  5.03427  3.00009  5.00012  1.31585  3.08763  
1.09473  3.34929  3.049  5.03427  3.00009  5.00012  0.596219  3.86375  
0.741969  3.71478  3.049  5.03427  3.00009  5.00012  1.87146  1.58063  
1.96675  0.728862  3.049  5.03427  3.00009  5.00012  1.98009  0.994752  
1.14031  3.28752  3.049  5.03427  3.00009  5.00012  1.4654  2.82248  
1.84381  1.55214  3.049  5.03427  3.00009  5.00012  1.49474  2.75797  
1.59422  2.41571  3.049  5.03427  3.00009  5.00012  1.53321  2.6879  
0.996162  3.47015  3.049  5.03427  3.00009  5.00012  1.90553  1.24929  
1.83496  1.59216  3.049  5.03427  3.00009  5.00012  1.50337  2.64158  
1.5078  2.62836  3.049  5.03427  3.00009  5.00012  0.980116  3.60116  
0.602744  3.81437  3.049  5.03427  3.00009  5.00012  1.85817  1.66124  
1.57915  2.45531  3.049  5.03427  3.00009  5.00012  1.45036  2.75861  
1.44969  2.75723  3.049  5.03427  3.00009  5.00012  1.5712  2.47775  
1.36617  2.92244  3.049  5.03427  3.00009  5.00012  1.93982  0.989615  
1.47698  2.6983  3.049  5.03427  3.00009  5.00012  1.45225  2.86551  
1.16552  3.25089  3.049  5.03427  3.00009  5.00012  1.21237  3.2687  
1.81626  1.6777  3.049  5.03427  3.00009  5.00012  1.78176  1.85882  
0.436906  3.90357  3.049  5.03427  3.00009  5.00012  1.69638  2.24195  
0.96647  3.50207  3.00008  5.00005  3.00008  5.00005  1.21881  3.17154  
0.572651  3.83263  3.00008  5.00005  3.00008  5.00005  1.80798  1.71044  
1.91537  1.15167  3.00008  5.00005  3.00008  5.00005  5.22695e-05  4.00005  
0.895098  3.57717  3.00008  5.00005  3.00008  5.00005  1.77772  1.83297  
1.82375  1.64216  3.00008  5.00005  3.00008  5.00005  1.62023  2.34533  
1.0118  3.45051  3.00008  5.00005  3.00008  5.00005  1.74406  1.95804  
1.93323  1.02533  3.00008  5.00005  3.00008  5.00005  0.529393  3.85741  
1.68106  2.16724  3.00008  5.00005  3.00008  5.00005  1.67016  2.20067  
1.39685  2.86289  3.00008  5.00005  3.00008  5.00005  1.94521  0.930259  
1.32675  2.9933  3.00008  5.00005  3.00008  5.00005  1.01942  3.44149  
1.7237  2.02883  3.00008  5.00005  3.00008  5.00005  1.99442  0.300046  
0.325148  3.94688  3.00008  5.00005  3.00008  5.00005  1.50553  2.63333  
1.63786  2.29572  3.00008  5.00005  3.00008  5.00005  1.72063  2.03925  
0.184903  3.98293  3.00008  5.00005  3.00008  5.00005  0.489125  3.87862  
0.662076  3.77455  3.00008  5.00005  3.00008  5.00005  1.82721  1.62666  
1.03454  3.42344  3.00008  5.00005  3.00008  5.00005  1.37009  2.91416  
1.56589  2.48852  3.00008  5.00005  3.00008  5.00005  1.81773  1.66858  
1.76466  1.88269  3.00008  5.00005  3.00008  5.00005  0.826288  3.64278  
1.18772  3.21839  3.00008  5.00005  3.00008  5.00005  1.33803  2.97318  
1.8863  1.32981  3.00008  5.00005  3.00008  5.00005  1.56418  2.4928  
0.819732  3.64871  3.00008  5.00005  3.00008  5.00005  0.739506  3.71664  
1.85612  1.49011  3.00008  5.00005  3.00008  5.00005  1.44726  2.76092  
0.715705  3.73521  3.00008  5.00005  3.00008  5.00005  1.88364  1.34471  
0.233407  3.97274  3.00008  5.00005  3.00008  5.00005  1.96343  0.76195  
1.78966  1.78588  3.00008  5.00005  3.00008  5.00005  0.903845  3.56833  
1.4293  2.79806  3.00008  5.00005  3.00008  5.00005  1.63314  2.30918  
1.95893  0.806976  3.00008  5.00005  3.00008  5.00005  1.65765  2.23827  
1.492  2.66394  3.00008  5.00005  3.00008  5.00005  1.40196  2.85282  
0.689532  3.75488  3.00008  5.00005  3.00008  5.00005  1.92761  1.06676  
1.07979  3.36704  3.00008  5.00005  3.00008  5.00005  1.98736  0.450071  
0.794551  3.67092  3.00008  5.00005  3.00008  5.00005  0.396372  3.92074  
1.28835  3.05967  3.00008  5.00005  3.00008  5.00005  0.675341  3.76514  
1.77772  1.83297  3.00008  5.00005  3.00008  5.00005  1.79805  1.75186  
1.55134  2.52472  3.00008  5.00005  3.00008  5.00005  1.97161  0.672125  
1.30821  3.02576  3.00008  5.00005  3.00008  5.00005  0.853605  3.61751  
5.22695e-05  4.00005  3.00008  5.00005  3.00008  5.00005  1.0408  3.41582  
1.97332  0.651771  3.00008  5.00005  3.00008  5.00005  1.86542  1.44276  
1.99617  0.249593  3.00008  5.00005  3.00008  5.00005  1.12315  3.30982  
1.66675  2.21101  3.00008  5.00005  3.00008  5.00005  0.444655  3.89999  
1.70981  2.07534  3.00008  5.00005  3.00008  5.00005  0.60612  3.81199  
0.845413  3.62518  3.00008  5.00005  3.00008  5.00005  1.70778  2.08203  
1.86648  1.43736  3.00008  5.00005  3.00008  5.00005  1.18082  3.22854  
1.20751  3.18875  3.00008  5.00005  3.00008  5.00005  1.10265  3.33727  
1.52189  2.59543  3.00008  5.00005  3.00008  5.00005  1.32186  3.00194  
1.65191  2.25513  3.00008  5.00005  3.00008  5.00005  1.9102  1.18551  
1.98598  0.473987  3.00008  5.00005  3.00008  5.00005  1.89265  1.29314  
1.26854  3.09258  3.00008  5.00005  3.00008  5.00005  1.20026  3.19972  
1.6954  2.12207  3.00008  5.00005  3.00008  5.00005  0.927879  3.54359  
0.632948  3.79452  3.00008  5.00005  3.00008  5.00005  1.5499  2.52832  
1.24833  3.1253  3.00008  5.00005  3.00008  5.00005  1.43249  2.79155  
1.73803  1.97935  3.00008  5.00005  3.00008  5.00005  1.9186  1.13002  
0.47782  3.88423  3.00008  5.00005  3.00008  5.00005  1.08161  3.36471  
1.9422  0.955102  3.00008  5.00005  3.00008  5.00005  1.85598  1.49077  
1.90628  1.21048  3.00008  5.00005  3.00008  5.00005  0.291962  3.95729  
2.00008  7.52122e-05  3.00008  5.00005  3.00008  5.00005  0.345982  3.93977  
1.37984  2.89568  3.00008  5.00005  3.00008  5.00005  1.27161  3.08753  
1.89643  1.27073  3.00008  5.00005  3.00008  5.00005  0.95224  3.51759  
1.12315  3.30982  3.00008  5.00005  3.00008  5.00005  1.69551  2.12175  
0.919725  3.55211  3.00008  5.00005  3.00008  5.00005  1.47643  2.69843  
0.542289  3.85024  3.00008  5.00005  3.00008  5.00005  0.974754  3.49286  
0.280092  3.96065  3.00008  5.00005  3.00008  5.00005  0.229232  3.97371  
1.75119  1.93247  3.00008  5.00005  3.00008  5.00005  1.90141  1.24074  
1.62307  2.33738  3.00008  5.00005  3.00008  5.00005  1.06144  3.39032  
0.769131  3.69252  3.00008  5.00005  3.00008  5.00005  1.59323  2.41809  
0.36439  3.93314  3.00008  5.00005  3.00008  5.00005  1.46138  2.731  
1.6094  2.37488  3.00008  5.00005  3.00008  5.00005  0.641077  3.78906  
1.80109  1.73929  3.00008  5.00005  3.00008  5.00005  1.78813  1.79201  
1.34564  2.95938  3.00008  5.00005  3.00008  5.00005  2.00008  7.52122e-05  
1.92439  1.08981  3.00008  5.00005  3.00008  5.00005  1.49114  2.66588  
1.22819  3.15704  3.00008  5.00005  3.00008  5.00005  0.769131  3.69252  
1.46138  2.731  3.00008  5.00005  3.00008  5.00005  1.14201  3.28391  
1.53686  2.5599  3.00008  5.00005  3.00008  5.00005  0.708657  3.74058  
0.119945  3.99286  3.00008  5.00005  3.00008  5.00005  1.60712  2.38105  
1.99149  0.369914  3.00008  5.00005  3.00008  5.00005  1.7668  1.87471  
0.403437  3.91785  3.00008  5.00005  3.00008  5.00005  1.6828  2.16192  
1.05699  3.39586  3.00008  5.00005  3.00008  5.00005  1.51972  2.60051  
1.97987  0.566832  3.00008  5.00005  3.00008  5.00005  1.28795  3.06038  
1.41362  2.8298  3.00008  5.00005  3.00008  5.00005  1.95421  0.851537  
0.942437  3.52818  3.00008  5.00005  3.00008  5.00005  1.3544  2.94337  
0.510515  3.86758  3.00008  5.00005  3.00008  5.00005  1.75582  1.91553  
1.87688  1.38203  3.00008  5.00005  3.00008  5.00005  1.83694  1.58225  
0.870735  3.60112  3.00008  5.00005  3.00008  5.00005  1.25409  3.11605  
1.95081  0.882132  3.00008  5.00005  3.00008  5.00005  1.97987  0.566832  
1.102  3.33816  3.00008  5.00005  3.00008  5.00005  1.2366  3.14389  
0.742269  3.7144  3.00008  5.00005  3.00008  5.00005  1.16104  3.2571  
1.96626  0.732258  3.00008  5.00005  3.00008  5.00005  1.57901  2.45521  
1.14507  3.27967  3.00008  5.00005  3.00008  5.00005  1.3049  3.03146  
1.84566  1.54113  3.00008  5.00005  3.00008  5.00005  1.7325  1.99863  
1.59429  2.41533  3.00008  5.00005  3.00008  5.00005  0.99753  3.46704  
0.989017  3.47678  3.00008  5.00005  3.00008  5.00005  0.568357  3.83518  
1.83508  1.59084  3.00008  5.00005  3.00008  5.00005  1.64519  2.27473  
1.50697  2.63005  3.00008  5.00005  3.00008  5.00005  0.156007  3.9879  
0.602897  3.81403  3.00008  5.00005  3.00008  5.00005  1.41723  2.82251  
1.5802  2.45209  3.00008  5.00005  3.00008  5.00005  1.5346  2.56531  
1.44572  2.76412  3.00008  5.00005  3.00008  5.00005  1.87465  1.39408  
1.36316  2.92713  3.00008  5.00005  3.00008  5.00005  1.84634  1.53789  
1.47643  2.69843  3.00008  5.00005  3.00008  5.00005  0.798172  3.66777  
1.16683  3.24881  3.00008  5.00005  3.00008  5.00005  1.93635  1.00144  
1.81255  1.691  3.00008  5.00005  3.00008  5.00005  1.38619  2.88356  
0.441122  3.90156  3.00008  5.00005  3.00008  5.00005  0.879326  3.59276  
0.967513  3.50083  3.00001  5.00002  3.00001  5.00002  1.21701  3.17421  
0.572665  3.83253  3.00001  5.00002  3.00001  5.00002  1.80806  1.70992  
1.91542  1.15103  3.00001  5.00002  3.00001  5.00002  1.56419e-05  4.00002  
0.895959  3.57619  3.00001  5.00002  3.00001  5.00002  1.77687  1.83606  
1.8231  1.64481  3.00001  5.00002  3.00001  5.00002  1.61943  2.34732  
1.01365  3.44822  3.00001  5.00002  3.00001  5.00002  1.74318  1.96097  
1.93347  1.02316  3.00001  5.00002  3.00001  5.00002  0.524376  3.86008  
1.68198  2.16425  3.00001  5.00002  3.00001  5.00002  1.67104  2.19786  
1.39453  2.86727  3.00001  5.00002  3.00001  5.00002  1.9493  0.894998  
1.32352  2.99888  3.00001  5.00002  3.00001  5.00002  1.01775  3.44338  
1.7238  2.02835  3.00001  5.00002  3.00001  5.00002  1.99507  0.281006  
0.32585  3.94657  3.00001  5.00002  3.00001  5.00002  1.50764  2.62835  
1.63886  2.29273  3.00001  5.00002  3.00001  5.00002  1.71999  2.04123  
0.184072  3.98304  3.00001  5.00002  3.00001  5.00002  0.484036  3.8811  
0.66084  3.77535  3.00001  5.00002  3.00001  5.00002  1.82784  1.62364  
1.03563  3.422  3.00001  5.00002  3.00001  5.00002  1.37022  2.91378  
1.56643  2.48704  3.00001  5.00002  3.00001  5.00002  1.81799  1.66726  
1.76335  1.88746  3.00001  5.00002  3.00001  5.00002  0.822236  3.64635  
1.18704  3.2193  3.00001  5.00002  3.00001  5.00002  1.3379  2.97325  
1.88691  1.32603  3.00001  5.00002  3.00001  5.00002  1.56494  2.49077  
0.821461  3.64704  3.00001  5.00002  3.00001  5.00002  0.735435  3.71976  
1.85608  1.48999  3.00001  5.00002  3.00001  5.00002  1.44772  2.75981  
0.716906  3.7342  3.00001  5.00002  3.00001  5.00002  1.88552  1.33393  
0.236694  3.9719  3.00001  5.00002  3.00001  5.00002  1.96647  0.729456  
1.7883  1.79109  3.00001  5.00002  3.00001  5.00002  0.900783  3.57134  
1.42812  2.80037  3.00001  5.00002  3.00001  5.00002  1.63264  2.31044  
1.95821  0.813546  3.00001  5.00002  3.00001  5.00002  1.65836  2.23595  
1.49205  2.66371  3.00001  5.00002  3.00001  5.00002  1.40152  2.85361  
0.688916  3.75522  3.00001  5.00002  3.00001  5.00002  1.93162  1.03704  
1.07986  3.36686  3.00001  5.00002  3.00001  5.00002  1.98889  0.421175  
0.795579  3.66992  3.00001  5.00002  3.00001  5.00002  0.394238  3.92153  
1.28593  3.06361  3.00001  5.00002  3.00001  5.00002  0.670758  3.76835  
1.77589  1.83985  3.00001  5.00002  3.00001  5.00002  1.79785  1.75244  
1.55178  2.52351  3.00001  5.00002  3.00001  5.00002  1.97438  0.638257  
1.30504  3.03111  3.00001  5.00002  3.00001  5.00002  0.849739  3.62104  
1.56419e-05  4.00002  3.00001  5.00002  3.00001  5.00002  1.03953  3.41725  
1.97306  0.654432  3.00001  5.00002  3.00001  5.00002  1.86684  1.4352  
1.99617  0.247791  3.00001  5.00002  3.00001  5.00002  1.12207  3.3112  
1.66788  2.20743  3.00001  5.00002  3.00001  5.00002  0.440677  3.90171  
1.70994  2.07475  3.00001  5.00002  3.00001  5.00002  0.600931  3.81519  
0.84656  3.62402  3.00001  5.00002  3.00001  5.00002  1.70787  2.08156  
1.86653  1.43682  3.00001  5.00002  3.00001  5.00002  1.18004  3.22957  
1.20743  3.18882  3.00001  5.00002  3.00001  5.00002  1.1019  3.33817  
1.52229  2.59436  3.00001  5.00002  3.00001  5.00002  1.32162  3.00223  
1.65349  2.25032  3.00001  5.00002  3.00001  5.00002  1.91315  1.16604  
1.98598  0.472927  3.00001  5.00002  3.00001  5.00002  1.89501  1.27903  
1.26675  3.09539  3.00001  5.00002  3.00001  5.00002  1.1987  3.20197  
1.69602  2.11996  3.00001  5.00002  3.00001  5.00002  0.925256  3.54623  
0.632213  3.79491  3.00001  5.00002  3.00001  5.00002  1.55078  2.52595  
1.24722  3.12696  3.00001  5.00002  3.00001  5.00002  1.43252  2.79137  
1.73716  1.98222  3.00001  5.00002  3.00001  5.00002  1.92239  1.10351  
0.476674  3.88474  3.00001  5.00002  3.00001  5.00002  1.08147  3.36479  
1.94196  0.95675  3.00001  5.00002  3.00001  5.00002  1.85688  1.48599  
1.9061  1.21134  3.00001  5.00002  3.00001  5.00002  0.289321  3.95794  
2.00001  1.33135e-05  3.00001  5.00002  3.00001  5.00002  0.34395  3.94042  
1.3772  2.90058  3.00001  5.00002  3.00001  5.00002  1.27062  3.08904  
1.89668  1.26907  3.00001  5.00002  3.00001  5.00002  0.949237  3.52078  
1.12377  3.30887  3.00001  5.00002  3.00001  5.00002  1.69582  2.12058  
0.920379  3.5513  3.00001  5.00002  3.00001  5.00002  1.4776  2.69572  
0.541544  3.85059  3.00001  5.00002  3.00001  5.00002  0.972362  3.49545  
0.282652  3.95986  3.00001  5.00002  3.00001  5.00002  0.225771  3.97444  
1.75067  1.93412  3.00001  5.00002  3.00001  5.00002  1.90421  1.22316  
1.6245  2.33326  3.00001  5.00002  3.00001  5.00002  1.06075  3.39107  
0.769875  3.69178  3.00001  5.00002  3.00001  5.00002  1.59282  2.41906  
0.366912  3.93212  3.00001  5.00002  3.00001  5.00002  1.46268  2.72809  
1.61038  2.37208  3.00001  5.00002  3.00001  5.00002  0.635655  3.79261  
1.80024  1.74261  3.00001  5.00002  3.00001  5.00002  1.78731  1.79505  
1.34167  2.96645  3.00001  5.00002  3.00001  5.00002  2.00001  1.33135e-05  
1.92479  1.08668  3.00001  5.00002  3.00001  5.00002  1.49275  2.66213  
1.22751  3.15801  3.00001  5.00002  3.00001  5.00002  0.765245  3.69563  
1.4608  2.7321  3.00001  5.00002  3.00001  5.00002  1.14182  3.28406  
1.53693  2.5596  3.00001  5.00002  3.00001  5.00002  0.703687  3.74425  
0.124023  3.99232  3.00001  5.00002  3.00001  5.00002  1.60627  2.38321  
1.9913  0.372925  3.00001  5.00002  3.00001  5.00002  1.76598  1.87762  
0.404633  3.91729  3.00001  5.00002  3.00001  5.00002  1.68354  2.15938  
1.05792  3.39461  3.00001  5.00002  3.00001  5.00002  1.52197  2.59511  
1.97986  0.566294  3.00001  5.00002  3.00001  5.00002  1.28786  3.06035  
1.41135  2.83416  3.00001  5.00002  3.00001  5.00002  1.95802  0.81538  
0.944282  3.52611  3.00001  5.00002  3.00001  5.00002  1.35408  2.94381  
0.509762  3.8679  3.00001  5.00002  3.00001  5.00002  1.75465  1.91962  
1.87686  1.38192  3.00001  5.00002  3.00001  5.00002  1.83768  1.57859  
0.871536  3.60025  3.00001  5.00002  3.00001  5.00002  1.25309  3.11757  
1.9501  0.887987  3.00001  5.00002  3.00001  5.00002  1.98197  0.536079  
1.1019  3.33817  3.00001  5.00002  3.00001  5.00002  1.23523  3.14595  
0.743168  3.71361  3.00001  5.00002  3.00001  5.00002  1.16109  3.25694  
1.96589  0.735659  3.00001  5.00002  3.00001  5.00002  1.57912  2.45471  
1.1448  3.27993  3.00001  5.00002  3.00001  5.00002  1.30504  3.03111  
1.8457  1.54067  3.00001  5.00002  3.00001  5.00002  1.73172  2.00119  
1.59569  2.41147  3.00001  5.00002  3.00001  5.00002  0.995667  3.46911  
0.990861  3.47461  3.00001  5.00002  3.00001  5.00002  0.563356  3.83805  
1.83451  1.59326  3.00001  5.00002  3.00001  5.00002  1.64555  2.27351  
1.50746  2.62877  3.00001  5.00002  3.00001  5.00002  0.151582  3.98851  
0.602493  3.8142  3.00001  5.00002  3.00001  5.00002  1.41707  2.82272  
1.58097  2.44996  3.00001  5.00002  3.00001  5.00002  1.53647  2.5607  
1.44466  2.76622  3.00001  5.00002  3.00001  5.00002  1.87596  1.3868  
1.35942  2.93395  3.00001  5.00002  3.00001  5.00002  1.84737  1.53268  
1.47653  2.69807  3.00001  5.00002  3.00001  5.00002  0.793787  3.67147  
1.16594  3.24999  3.00001  5.00002  3.00001  5.00002  1.94055  0.968075  
1.81184  1.69382  3.00001  5.00002  3.00001  5.00002  1.38596  2.88386  
0.441352  3.9014  3.00001  5.00002  3.00001  5.00002  0.875281  3.59662  
0.967224  3.50113  3  5  3  5  1.21677  3.17457  
0.572679  3.83252  3  5  3  5  1.80809  1.70977  
1.9156  1.14976  3  5  3  5  2.42474e-06  4  
0.895831  3.57631  3  5  3  5  1.77643  1.83773  
1.82315  1.64456  3  5  3  5  1.61938  2.34745  
1.01374  3.44809  3  5  3  5  1.74296  1.96172  
1.93351  1.02284  3  5  3  5  0.52313  3.86075  
1.6825  2.16259  3  5  3  5  1.67089  2.1983  
1.39373  2.86881  3  5  3  5  1.95088  0.881088  
1.32292  2.99993  3  5  3  5  1.0168  3.44449  
1.72361  2.02896  3  5  3  5  1.99528  0.274749  
0.326743  3.94626  3  5  3  5  1.50746  2.62875  
1.63962  2.29054  3  5  3  5  1.71981  2.04182  
0.185652  3.98273  3  5  3  5  0.482114  3.88205  
0.66128  3.77503  3  5  3  5  1.82841  1.62104  
1.03619  3.4213  3  5  3  5  1.37019  2.91382  
1.56725  2.48496  3  5  3  5  1.81828  1.66595  
1.76289  1.88918  3  5  3  5  0.819804  3.64852  
1.18689  3.2195  3  5  3  5  1.33779  2.97344  
1.88716  1.32461  3  5  3  5  1.56476  2.4912  
0.82179  3.64674  3  5  3  5  0.73194  3.72251  
1.85625  1.48908  3  5  3  5  1.44766  2.75992  
0.71693  3.73418  3  5  3  5  1.88703  1.32536  
0.237091  3.9718  3  5  3  5  1.96773  0.71571  
1.78773  1.79335  3  5  3  5  0.898736  3.57339  
1.42733  2.80195  3  5  3  5  1.63254  2.31069  
1.95821  0.813453  3  5  3  5  1.65833  2.23603  
1.49155  2.6648  3  5  3  5  1.4016  2.85344  
0.689392  3.75486  3  5  3  5  1.93344  1.02338  
1.08067  3.3658  3  5  3  5  1.98935  0.412254  
0.796253  3.66933  3  5  3  5  0.391616  3.92257  
1.28571  3.06396  3  5  3  5  0.668179  3.77017  
1.77541  1.84164  3  5  3  5  1.79768  1.75313  
1.55234  2.52209  3  5  3  5  1.97549  0.624277  
1.30441  3.03218  3  5  3  5  0.847184  3.62342  
2.42474e-06  4  3  5  3  5  1.03866  3.41829  
1.97296  0.65559  3  5  3  5  1.86775  1.43041  
1.99619  0.246702  3  5  3  5  1.12169  3.31169  
1.66835  2.20601  3  5  3  5  0.438077  3.90287  
1.71002  2.07444  3  5  3  5  0.599644  3.81599  
0.847184  3.62342  3  5  3  5  1.70796  2.08122  
1.86687  1.435  3  5  3  5  1.17957  3.23025  
1.20743  3.18881  3  5  3  5  1.10147  3.33872  
1.52238  2.59413  3  5  3  5  1.32139  3.00262  
1.65401  2.24879  3  5  3  5  1.91542  1.15096  
1.98574  0.476867  3  5  3  5  1.89642  1.27057  
1.2665  3.0958  3  5  3  5  1.19828  3.20259  
1.69627  2.11914  3  5  3  5  0.923935  3.54759  
0.632598  3.79464  3  5  3  5  1.55059  2.5264  
1.24715  3.12706  3  5  3  5  1.43251  2.79137  
1.73695  1.98294  3  5  3  5  1.92455  1.08831  
0.476336  3.8849  3  5  3  5  1.08111  3.36524  
1.94204  0.956014  3  5  3  5  1.85797  1.48048  
1.90635  1.20969  3  5  3  5  0.286719  3.95869  
2  3.04082e-06  3  5  3  5  0.341232  3.94135  
1.37662  2.90167  3  5  3  5  1.27035  3.08948  
1.89686  1.26793  3  5  3  5  0.94807  3.52203  
1.12401  3.30854  3  5  3  5  1.6958  2.12063  
0.919906  3.55178  3  5  3  5  1.4778  2.69526  
0.541458  3.85063  3  5  3  5  0.971793  3.49607  
0.283773  3.95954  3  5  3  5  0.225251  3.97455  
1.75008  1.93621  3  5  3  5  1.90601  1.21185  
1.62529  2.33104  3  5  3  5  1.0601  3.39187  
0.770202  3.6915  3  5  3  5  1.59245  2.42  
0.366869  3.93213  3  5  3  5  1.46281  2.72778  
1.61089  2.37068  3  5  3  5  0.634937  3.79308  
1.79983  1.74425  3  5  3  5  1.7872  1.79548  
1.34125  2.9672  3  5  3  5  2  3.04082e-06  
1.92466  1.08757  3  5  3  5  1.4927  2.66222  
1.22745  3.15809  3  5  3  5  0.762579  3.69783  
1.46009  2.73361  3  5  3  5  1.1414  3.28464  
1.53747  2.55829  3  5  3  5  0.700802  3.7464  
0.125187  3.99216  3  5  3  5  1.60601  2.3839  
1.99121  0.374599  3  5  3  5  1.76541  1.87971  
0.405173  3.91706  3  5  3  5  1.68343  2.15969  
1.05864  3.39369  3  5  3  5  1.52208  2.59483  
1.97955  0.570624  3  5  3  5  1.28765  3.06069  
1.41065  2.83555  3  5  3  5  1.95947  0.801236  
0.943825  3.52659  3  5  3  5  1.35414  2.94368  
0.509567  3.868  3  5  3  5  1.7542  1.92123  
1.87715  1.3803  3  5  3  5  1.83828  1.57573  
0.871566  3.60021  3  5  3  5  1.25284  3.11795  
1.95034  0.885902  3  5  3  5  1.98268  0.525288  
1.10234  3.33758  3  5  3  5  1.23491  3.14643  
0.743718  3.71316  3  5  3  5  1.16069  3.25749  
1.96572  0.737419  3  5  3  5  1.57865  2.4559  
1.14529  3.27922  3  5  3  5  1.30473  3.03163  
1.8454  1.54208  3  5  3  5  1.73138  2.00232  
1.59647  2.40938  3  5  3  5  0.994552  3.47037  
0.990541  3.47496  3  5  3  5  0.562425  3.83859  
1.83437  1.59385  3  5  3  5  1.64555  2.27349  
1.5071  2.62956  3  5  3  5  0.150865  3.98861  
0.6031  3.81381  3  5  3  5  1.41714  2.82256  
1.58197  2.44734  3  5  3  5  1.5364  2.56086  
1.44377  2.76806  3  5  3  5  1.87733  1.37933  
1.3592  2.93433  3  5  3  5  1.84819  1.52868  
1.4759  2.69944  3  5  3  5  0.791299  3.67361  
1.16626  3.24952  3  5  3  5  1.94239  0.953135  
1.81163  1.6947  3  5  3  5  1.3859  2.88394  
0.441686  3.90124  3  5  3  5  0.873339  3.59849  
0.967585  3.50073  3  5  3  5  1.2166  3.17482  
0.572607  3.83256  3  5  3  5  1.80807  1.70982  
1.91582  1.14828  3  5  3  5  7.70328e-07  4  
0.895976  3.57616  3  5  3  5  1.77622  1.83851  
1.82304  1.64503  3  5  3  5  1.61927  2.34774  
1.01394  3.44786  3  5  3  5  1.74292  1.96188  
1.93358  1.02231  3  5  3  5  0.520743  3.86204  
1.68252  2.16253  3  5  3  5  1.67089  2.19831  
1.39346  2.86933  3  5  3  5  1.95226  0.8688  
1.32258  3.00052  3  5  3  5  1.01561  3.44589  
1.72358  2.02905  3  5  3  5  1.9954  0.27124  
0.327673  3.94595  3  5  3  5  1.50751  2.62862  
1.64011  2.28915  3  5  3  5  1.7197  2.04219  
0.186819  3.98251  3  5  3  5  0.479295  3.88344  
0.66133  3.775  3  5  3  5  1.82862  1.62006  
1.03639  3.42105  3  5  3  5  1.37014  2.91391  
1.56741  2.48454  3  5  3  5  1.81834  1.66569  
1.76263  1.89013  3  5  3  5  0.817242  3.65082  
1.1869  3.21948  3  5  3  5  1.33791  2.97322  
1.88712  1.3248  3  5  3  5  1.56469  2.49138  
0.822136  3.64642  3  5  3  5  0.730103  3.72395  
1.8562  1.48932  3  5  3  5  1.44782  2.75958  
0.717199  3.73397  3  5  3  5  1.88816  1.31889  
0.238648  3.97142  3  5  3  5  1.96845  0.707673  
1.78753  1.79416  3  5  3  5  0.896546  3.57559  
1.42706  2.80251  3  5  3  5  1.63246  2.3109  
1.95815  0.814024  3  5  3  5  1.65823  2.23632  
1.49149  2.66493  3  5  3  5  1.40167  2.8533  
0.68955  3.75474  3  5  3  5  1.93474  1.01347  
1.08078  3.36566  3  5  3  5  1.98971  0.405305  
0.796467  3.66914  3  5  3  5  0.389158  3.92355  
1.28533  3.0646  3  5  3  5  0.666249  3.77153  
1.77521  1.84242  3  5  3  5  1.79762  1.75336  
1.55257  2.52153  3  5  3  5  1.97602  0.617517  
1.30413  3.03265  3  5  3  5  0.844244  3.62616  
7.70328e-07  4  3  5  3  5  1.03733  3.41991  
1.97269  0.658835  3  5  3  5  1.86838  1.4271  
1.99604  0.251701  3  5  3  5  1.12101  3.31261  
1.66852  2.20549  3  5  3  5  0.435529  3.90401  
1.71005  2.07434  3  5  3  5  0.596414  3.81801  
0.847088  3.6235  3  5  3  5  1.7078  2.08177  
1.8668  1.43537  3  5  3  5  1.1794  3.2305  
1.20723  3.1891  3  5  3  5  1.1006  3.33986  
1.52236  2.59416  3  5  3  5  1.32128  3.00281  
1.65433  2.24784  3  5  3  5  1.91645  1.14406  
1.98551  0.480592  3  5  3  5  1.89774  1.26267  
1.26634  3.09605  3  5  3  5  1.19816  3.20276  
1.6964  2.1187  3  5  3  5  0.921736  3.54988  
0.632441  3.79474  3  5  3  5  1.5506  2.52638  
1.24675  3.1277  3  5  3  5  1.43253  2.79131  
1.73682  1.98337  3  5  3  5  1.92562  1.08075  
0.475796  3.88516  3  5  3  5  1.08  3.36666  
1.9421  0.955533  3  5  3  5  1.85862  1.47723  
1.90653  1.20858  3  5  3  5  0.285383  3.95907  
2  6.25444e-07  3  5  3  5  0.339009  3.94212  
1.37623  2.9024  3  5  3  5  1.27026  3.08963  
1.89696  1.26734  3  5  3  5  0.946281  3.52395  
1.12415  3.30835  3  5  3  5  1.6957  2.12095  
0.920315  3.55135  3  5  3  5  1.47801  2.6948  
0.541143  3.8508  3  5  3  5  0.97024  3.49779  
0.285383  3.95907  3  5  3  5  0.223788  3.97488  
1.74984  1.93708  3  5  3  5  1.90712  1.2048  
1.6257  2.32991  3  5  3  5  1.05894  3.39332  
0.770625  3.69115  3  5  3  5  1.59228  2.42046  
0.367607  3.93185  3  5  3  5  1.46295  2.72748  
1.61121  2.36981  3  5  3  5  0.632441  3.79474  
1.79958  1.74531  3  5  3  5  1.78696  1.7964  
1.34077  2.96805  3  5  3  5  2  6.25444e-07  
1.92488  1.086  3  5  3  5  1.49283  2.66193  
1.2273  3.15831  3  5  3  5  0.760365  3.69965  
1.45977  2.73427  3  5  3  5  1.14105  3.28513  
1.53753  2.55812  3  5  3  5  0.699122  3.74766  
0.124776  3.99221  3  5  3  5  1.60586  2.38429  
1.99119  0.374984  3  5  3  5  1.76534  1.87997  
0.40514  3.91707  3  5  3  5  1.6834  2.1598  
1.0587  3.39361  3  5  3  5  1.52205  2.59489  
1.97932  0.573682  3  5  3  5  1.28743  3.06106  
1.41038  2.83608  3  5  3  5  1.96057  0.790397  
0.944089  3.5263  3  5  3  5  1.35405  2.94384  
0.509184  3.8682  3  5  3  5  1.7542  1.92125  
1.87709  1.38064  3  5  3  5  1.83885  1.57307  
0.871616  3.60016  3  5  3  5  1.25271  3.11815  
1.95028  0.886369  3  5  3  5  1.98309  0.519075  
1.10254  3.33731  3  5  3  5  1.23487  3.14649  
0.744106  3.71285  3  5  3  5  1.16039  3.25792  
1.96559  0.738792  3  5  3  5  1.57856  2.45613  
1.14531  3.27918  3  5  3  5  1.30448  3.03206  
1.84538  1.54218  3  5  3  5  1.73139  2.00229  
1.59684  2.40841  3  5  3  5  0.993178  3.47194  
0.991012  3.47442  3  5  3  5  0.559261  3.84043  
1.83428  1.59427  3  5  3  5  1.64552  2.27355  
1.50698  2.62985  3  5  3  5  0.149912  3.98875  
0.60296  3.81389  3  5  3  5  1.41712  2.8226  
1.58216  2.44685  3  5  3  5  1.53635  2.56095  
1.44353  2.76855  3  5  3  5  1.87826  1.37427  
1.35866  2.93534  3  5  3  5  1.84878  1.52579  
1.47581  2.69963  3  5  3  5  0.789637  3.67504  
1.16629  3.24947  3  5  3  5  1.94358  0.943418  
1.81138  1.69577  3  5  3  5  1.38599  2.88377  
0.441169  3.90147  3  5  3  5  0.870906  3.60085  
0.968028  3.50024  3  5  3  5  1.21627  3.17534  
0.572723  3.83249  3  5  3  5  1.80825  1.70906  
1.91581  1.14836  3  5  3  5  2.64634e-07  4  
0.896462  3.57567  3  5  3  5  1.77622  1.83851  
1.82284  1.64592  3  5  3  5  1.61921  2.34791  
1.01406  3.44771  3  5  3  5  1.74288  1.96202  
1.93357  1.02236  3  5  3  5  0.518033  3.86349  
1.68274  2.16185  3  5  3  5  1.67088  2.19834  
1.39317  2.86989  3  5  3  5  1.95259  0.865758  
1.32226  3.00109  3  5  3  5  1.01465  3.44702  
1.72349  2.02938  3  5  3  5  1.99547  0.269153  
0.32821  3.94577  3  5  3  5  1.50744  2.62879  
1.64025  2.28874  3  5  3  5  1.71955  2.04268  
0.186982  3.98248  3  5  3  5  0.477031  3.88456  
0.661513  3.77487  3  5  3  5  1.82901  1.61828  
1.0367  3.42068  3  5  3  5  1.37012  2.91395  
1.56753  2.48424  3  5  3  5  1.81861  1.66451  
1.76246  1.89076  3  5  3  5  0.815829  3.65208  
1.18686  3.21955  3  5  3  5  1.33767  2.97365  
1.88717  1.32455  3  5  3  5  1.56469  2.49138  
0.822054  3.64649  3  5  3  5  0.727799  3.72575  
1.85609  1.48987  3  5  3  5  1.44782  2.75958  
0.717096  3.73405  3  5  3  5  1.88878  1.31532  
0.238957  3.97135  3  5  3  5  1.96868  0.705078  
1.78729  1.79511  3  5  3  5  0.895309  3.57683  
1.42678  2.80307  3  5  3  5  1.63237  2.31117  
1.95815  0.813999  3  5  3  5  1.65824  2.23629  
1.49142  2.66509  3  5  3  5  1.40172  2.85319  
0.689597  3.75471  3  5  3  5  1.93531  1.0091  
1.08105  3.36532  3  5  3  5  1.9898  0.403402  
0.796663  3.66897  3  5  3  5  0.387657  3.92414  
1.28525  3.06473  3  5  3  5  0.663974  3.77314  
1.77492  1.84354  3  5  3  5  1.79768  1.75311  
1.55259  2.52148  3  5  3  5  1.9763  0.614018  
1.30385  3.03313  3  5  3  5  0.843109  3.62721  
2.64634e-07  4  3  5  3  5  1.03703  3.42027  
1.97269  0.658777  3  5  3  5  1.86927  1.42245  
1.9961  0.249673  3  5  3  5  1.12046  3.31335  
1.66868  2.205  3  5  3  5  0.433758  3.90479  
1.71004  2.07438  3  5  3  5  0.593579  3.81977  
0.847049  3.62354  3  5  3  5  1.70757  2.08252  
1.86672  1.43578  3  5  3  5  1.17894  3.23116  
1.20711  3.18929  3  5  3  5  1.10014  3.34048  
1.52238  2.59411  3  5  3  5  1.32116  3.00303  
1.65457  2.24712  3  5  3  5  1.91714  1.13946  
1.98551  0.480626  3  5  3  5  1.89828  1.25941  
1.26617  3.09634  3  5  3  5  1.19782  3.20327  
1.69644  2.11857  3  5  3  5  0.92022  3.55145  
0.632681  3.79458  3  5  3  5  1.5506  2.52638  
1.24671  3.12776  3  5  3  5  1.43262  2.79113  
1.7367  1.98381  3  5  3  5  1.92621  1.07653  
0.476026  3.88505  3  5  3  5  1.07952  3.36728  
1.94208  0.955683  3  5  3  5  1.85947  1.47291  
1.90653  1.20854  3  5  3  5  0.283755  3.95954  
2  3.33154e-07  3  5  3  5  0.338068  3.94244  
1.37592  2.90299  3  5  3  5  1.26985  3.0903  
1.89697  1.26731  3  5  3  5  0.944713  3.52563  
1.12415  3.30835  3  5  3  5  1.69547  2.12169  
0.920722  3.55093  3  5  3  5  1.47798  2.69487  
0.54156  3.85057  3  5  3  5  0.968739  3.49945  
0.285439  3.95905  3  5  3  5  0.222318  3.97521  
1.74974  1.93743  3  5  3  5  1.90778  1.20064  
1.62594  2.32921  3  5  3  5  1.05853  3.39382  
0.770783  3.69101  3  5  3  5  1.59226  2.4205  
0.367953  3.93172  3  5  3  5  1.463  2.72738  
1.61164  2.36865  3  5  3  5  0.629523  3.79668  
1.79939  1.74607  3  5  3  5  1.78703  1.79615  
1.3404  2.96872  3  5  3  5  2  3.33154e-07  
1.92482  1.08641  3  5  3  5  1.49283  2.66193  
1.22702  3.15875  3  5  3  5  0.758097  3.70151  
1.4596  2.73465  3  5  3  5  1.14027  3.28621  
1.53754  2.5581  3  5  3  5  0.696732  3.74943  
0.124782  3.99221  3  5  3  5  1.60583  2.38436  
1.99115  0.375913  3  5  3  5  1.76525  1.88031  
0.405565  3.9169  3  5  3  5  1.68322  2.16034  
1.05896  3.39329  3  5  3  5  1.52198  2.59506  
1.97933  0.573621  3  5  3  5  1.28726  3.06135  
1.41012  2.83659  3  5  3  5  1.96077  0.788356  
0.944441  3.52592  3  5  3  5  1.3541  2.94376  
0.509243  3.86816  3  5  3  5  1.75415  1.9214  
1.87709  1.38065  3  5  3  5  1.83926  1.57114  
0.871964  3.59982  3  5  3  5  1.25218  3.119  
1.95027  0.886451  3  5  3  5  1.98337  0.514735  
1.10277  3.337  3  5  3  5  1.23448  3.1471  
0.744218  3.71276  3  5  3  5  1.15982  3.25873  
1.9656  0.738692  3  5  3  5  1.57856  2.45613  
1.14539  3.27907  3  5  3  5  1.30436  3.03225  
1.84531  1.54249  3  5  3  5  1.73132  2.00254  
1.59706  2.40782  3  5  3  5  0.991956  3.47334  
0.991118  3.4743  3  5  3  5  0.556557  3.842  
1.8342  1.59465  3  5  3  5  1.64541  2.27388  
1.50702  2.62975  3  5  3  5  0.148184  3.98901  
0.602969  3.81388  3  5  3  5  1.4172  2.82245  
1.58226  2.44658  3  5  3  5  1.53635  2.56095  
1.44327  2.76909  3  5  3  5  1.87911  1.3696  
1.35826  2.93607  3  5  3  5  1.84942  1.52271  
1.47565  2.69996  3  5  3  5  0.787761  3.67665  
1.16627  3.2495  3  5  3  5  1.94408  0.939232  
1.81119  1.69658  3  5  3  5  1.38599  2.88377  
0.441435  3.90135  3  5  3  5  0.869768  3.60195  
0.968134  3.50012  3  5  3  5  1.21601  3.17574  
0.573016  3.83231  3  5  3  5  1.80834  1.70869  
1.91582  1.14828  3  5  3  5  1.52285e-07  4  
0.896828  3.5753  3  5  3  5  1.77621  1.83856  
1.82272  1.64644  3  5  3  5  1.61916  2.34803  
1.01438  3.44734  3  5  3  5  1.74284  1.96217  
1.9336  1.02212  3  5  3  5  0.515666  3.86476  
1.68269  2.16201  3  5  3  5  1.67071  2.19885  
1.39298  2.87027  3  5  3  5  1.95297  0.862353  
1.32216  3.00125  3  5  3  5  1.01327  3.44864  
1.72347  2.02943  3  5  3  5  1.99549  0.268624  
0.328148  3.94579  3  5  3  5  1.5075  2.62864  
1.64047  2.28812  3  5  3  5  1.7195  2.04287  
0.187055  3.98247  3  5  3  5  0.474882  3.88561  
0.661487  3.77488  3  5  3  5  1.82919  1.6175  
1.03686  3.42048  3  5  3  5  1.37004  2.9141  
1.5677  2.48379  3  5  3  5  1.81876  1.66385  
1.76241  1.89093  3  5  3  5  0.813779  3.65391  
1.1868  3.21964  3  5  3  5  1.33756  2.97385  
1.88715  1.32464  3  5  3  5  1.56464  2.49151  
0.822302  3.64627  3  5  3  5  0.724717  3.72816  
1.85607  1.48998  3  5  3  5  1.44789  2.75943  
0.717159  3.734  3  5  3  5  1.88938  1.31184  
0.239273  3.97127  3  5  3  5  1.96906  0.700879  
1.78726  1.79522  3  5  3  5  0.893073  3.57906  
1.42671  2.80321  3  5  3  5  1.63233  2.31129  
1.95812  0.814306  3  5  3  5  1.65809  2.23674  
1.49135  2.66524  3  5  3  5  1.40172  2.85319  
0.689652  3.75467  3  5  3  5  1.93588  1.00472  
1.08113  3.36521  3  5  3  5  1.98984  0.402593  
0.79672  3.66892  3  5  3  5  0.386162  3.92473  
1.28497  3.0652  3  5  3  5  0.660452  3.77561  
1.77494  1.84348  3  5  3  5  1.79777  1.75273  
1.55274  2.52111  3  5  3  5  1.97649  0.611481  
1.30371  3.03337  3  5  3  5  0.841016  3.62916  
1.52285e-07  4  3  5  3  5  1.03541  3.42224  
1.97271  0.658501  3  5  3  5  1.86997  1.41876  
1.99605  0.251215  3  5  3  5  1.11992  3.31408  
1.66876  2.20477  3  5  3  5  0.431701  3.90571  
1.71009  2.07423  3  5  3  5  0.591548  3.82103  
0.847362  3.62325  3  5  3  5  1.70757  2.08252  
1.86667  1.43603  3  5  3  5  1.17869  3.23153  
1.20701  3.18943  3  5  3  5  1.09931  3.34157  
1.5224  2.59406  3  5  3  5  1.32089  3.0035  
1.6546  2.24705  3  5  3  5  1.91761  1.13623  
1.98552  0.480528  3  5  3  5  1.89899  1.25514  
1.26589  3.09678  3  5  3  5  1.19748  3.20377  
1.69648  2.11846  3  5  3  5  0.918422  3.55331  
0.632641  3.79461  3  5  3  5  1.5506  2.52638  
1.24654  3.12802  3  5  3  5  1.43262  2.79112  
1.73666  1.98395  3  5  3  5  1.92679  1.07236  
0.476151  3.88499  3  5  3  5  1.0785  3.36859  
1.94208  0.955695  3  5  3  5  1.85989  1.4708  
1.90654  1.20845  3  5  3  5  0.2823  3.95995  
2  2.31916e-07  3  5  3  5  0.336233  3.94307  
1.37569  2.90344  3  5  3  5  1.26963  3.09065  
1.89697  1.26731  3  5  3  5  0.943142  3.52731  
1.12417  3.30831  3  5  3  5  1.69545  2.12175  
0.920984  3.55066  3  5  3  5  1.47798  2.69487  
0.541638  3.85052  3  5  3  5  0.966966  3.50142  
0.28562  3.959  3  5  3  5  0.221261  3.97545  
1.74963  1.93782  3  5  3  5  1.90838  1.1968  
1.62613  2.3287  3  5  3  5  1.05722  3.39546  
0.77068  3.6911  3  5  3  5  1.59226  2.4205  
0.367969  3.93172  3  5  3  5  1.463  2.72738  
1.61164  2.36865  3  5  3  5  0.62663  3.7986  
1.79935  1.74625  3  5  3  5  1.78706  1.79601  
1.34036  2.96879  3  5  3  5  2  2.31916e-07  
1.92485  1.08617  3  5  3  5  1.49283  2.66193  
1.2269  3.15894  3  5  3  5  0.755291  3.7038  
1.45946  2.73493  3  5  3  5  1.13982  3.28683  
1.5376  2.55796  3  5  3  5  0.6933  3.75198  
0.124782  3.99221  3  5  3  5  1.60578  2.3845  
1.99113  0.37625  3  5  3  5  1.76525  1.88031  
0.405693  3.91684  3  5  3  5  1.68315  2.16057  
1.05908  3.39314  3  5  3  5  1.52202  2.59496  
1.97935  0.573376  3  5  3  5  1.28702  3.06176  
1.40999  2.83685  3  5  3  5  1.96122  0.783832  
0.944651  3.5257  3  5  3  5  1.3539  2.94411  
0.50941  3.86808  3  5  3  5  1.7541  1.92158  
1.87707  1.38076  3  5  3  5  1.83957  1.56971  
0.872344  3.59945  3  5  3  5  1.25205  3.11921  
1.95026  0.8865  3  5  3  5  1.98348  0.513046  
1.10284  3.33691  3  5  3  5  1.2342  3.14754  
0.744248  3.71273  3  5  3  5  1.1594  3.25933  
1.96562  0.738501  3  5  3  5  1.57856  2.45613  
1.1453  3.2792  3  5  3  5  1.30411  3.03268  
1.84523  1.5429  3  5  3  5  1.73123  2.00284  
1.5971  2.40772  3  5  3  5  0.990262  3.47527  
0.991349  3.47403  3  5  3  5  0.554549  3.84316  
1.83412  1.595  3  5  3  5  1.64527  2.27428  
1.50698  2.62983  3  5  3  5  0.147853  3.98905  
0.603184  3.81375  3  5  3  5  1.41721  2.82242  
1.58245  2.44611  3  5  3  5  1.53641  2.56081  
1.44323  2.76917  3  5  3  5  1.87969  1.36643  
1.35822  2.93615  3  5  3  5  1.84975  1.5211  
1.47557  2.70013  3  5  3  5  0.78482  3.67916  
1.16625  3.24954  3  5  3  5  1.94463  0.934738  
1.81117  1.69664  3  5  3  5  1.38599  2.88377  
0.441697  3.90123  3  5  3  5  0.867496  3.60414  
