8.71513  4.90591  13.2521  14.1396  1.79769e+308  1.79769e+308  8.71513  4.90591  
7.95356  4.56995  13.2521  14.1396  1.79769e+308  1.79769e+308  7.95356  4.56995  
5.08469  8.62279  13.2521  14.1396  1.79769e+308  1.79769e+308  5.08469  8.62279  
4.56421  7.80742  13.2521  14.1396  1.79769e+308  1.79769e+308  4.56421  7.80742  
9.43157  7.77838  13.2521  14.1396  1.79769e+308  1.79769e+308  9.43157  7.77838  
7.63788  5.14722  13.2521  14.1396  1.79769e+308  1.79769e+308  7.63788  5.14722  
5.46254  5.45099  13.2521  14.1396  1.79769e+308  1.79769e+308  5.46254  5.45099  
7.21076  9.31197  13.2521  14.1396  1.79769e+308  1.79769e+308  7.21076  9.31197  
5.8418  9.70844  13.2521  14.1396  1.79769e+308  1.79769e+308  5.8418  9.70844  
5.09122  7.86018  13.2521  14.1396  1.79769e+308  1.79769e+308  5.09122  7.86018  
6.96379  6.94899  13.2521  14.1396  1.79769e+308  1.79769e+308  6.96379  6.94899  
11.2338  7.43118  13.2521  14.1396  1.79769e+308  1.79769e+308  11.2338  7.43118  
5.88574  8.87375  13.2521  14.1396  1.79769e+308  1.79769e+308  5.88574  8.87375  
8.53282  6.7504  13.2521  14.1396  1.79769e+308  1.79769e+308  8.53282  6.7504  
6.03312  10.3298  13.2521  14.1396  1.79769e+308  1.79769e+308  6.03312  10.3298  
6.64368  5.0766  13.2521  14.1396  1.79769e+308  1.79769e+308  6.64368  5.0766  
8.55407  9.09857  13.2521  14.1396  1.79769e+308  1.79769e+308  8.55407  9.09857  
6.15243  8.56118  13.2521  14.1396  1.79769e+308  1.79769e+308  6.15243  8.56118  
9.61395  8.5855  13.2521  14.1396  1.79769e+308  1.79769e+308  9.61395  8.5855  
2.61254  4.54061  13.2521  14.1396  1.79769e+308  1.79769e+308  2.61254  4.54061  
9.69848  8.11897  13.2521  14.1396  1.79769e+308  1.79769e+308  9.69848  8.11897  
4.57356  9.44706  13.2521  14.1396  1.79769e+308  1.79769e+308  4.57356  9.44706  
10.3847  5.27282  13.2521  14.1396  1.79769e+308  1.79769e+308  10.3847  5.27282  
10.6311  8.63736  13.2521  14.1396  1.79769e+308  1.79769e+308  10.6311  8.63736  
8.55206  7.19485  13.2521  14.1396  1.79769e+308  1.79769e+308  8.55206  7.19485  
7.81908  9.5745  13.2521  14.1396  1.79769e+308  1.79769e+308  7.81908  9.5745  
8.62808  7.48473  13.2521  14.1396  1.79769e+308  1.79769e+308  8.62808  7.48473  
7.25573  8.7448  13.2521  14.1396  1.79769e+308  1.79769e+308  7.25573  8.7448  
8.62525  7.1831  13.2521  14.1396  1.79769e+308  1.79769e+308  8.62525  7.1831  
7.10448  7.90289  13.2521  14.1396  1.79769e+308  1.79769e+308  7.10448  7.90289  
8.80143  6.27413  13.2521  14.1396  1.79769e+308  1.79769e+308  8.80143  6.27413  
9.11924  13.1396  13.2521  14.1396  1.79769e+308  1.79769e+308  9.11924  13.1396  
7.15549  6.65312  13.2521  14.1396  1.79769e+308  1.79769e+308  7.15549  6.65312  
12.2037  7.03784  13.2521  14.1396  1.79769e+308  1.79769e+308  12.2037  7.03784  
4.67128  10.2204  13.2521  14.1396  1.79769e+308  1.79769e+308  4.67128  10.2204  
7.73955  11.0189  13.2521  14.1396  1.79769e+308  1.79769e+308  7.73955  11.0189  
7.81173  6.29962  13.2521  14.1396  1.79769e+308  1.79769e+308  7.81173  6.29962  
9.23196  6.47145  13.2521  14.1396  1.79769e+308  1.79769e+308  9.23196  6.47145  
9.57626  6.71981  13.2521  14.1396  1.79769e+308  1.79769e+308  9.57626  6.71981  
5.67964  8.29238  13.2521  14.1396  1.79769e+308  1.79769e+308  5.67964  8.29238  
4.16411  7.71863  13.2521  14.1396  1.79769e+308  1.79769e+308  4.16411  7.71863  
6.99821  7.01766  13.2521  14.1396  1.79769e+308  1.79769e+308  6.99821  7.01766  
5.08959  6.26059  13.2521  14.1396  1.79769e+308  1.79769e+308  5.08959  6.26059  
9.52832  7.66825  13.2521  14.1396  1.79769e+308  1.79769e+308  9.52832  7.66825  
7.07807  7.57146  13.2521  14.1396  1.79769e+308  1.79769e+308  7.07807  7.57146  
11.2698  3.37033  13.2521  14.1396  1.79769e+308  1.79769e+308  11.2698  3.37033  
7.44323  6.67227  13.2521  14.1396  1.79769e+308  1.79769e+308  7.44323  6.67227  
5.88817  6.93225  13.2521  14.1396  1.79769e+308  1.79769e+308  5.88817  6.93225  
8.84316  7.58366  13.2521  14.1396  1.79769e+308  1.79769e+308  8.84316  7.58366  
4.8042  8.09422  13.2521  14.1396  1.79769e+308  1.79769e+308  4.8042  8.09422  
8.2077  5.29755  13.2521  14.1396  1.79769e+308  1.79769e+308  8.2077  5.29755  
7.47347  7.67387  13.2521  14.1396  1.79769e+308  1.79769e+308  7.47347  7.67387  
5.52497  3.40133  13.2521  14.1396  1.79769e+308  1.79769e+308  5.52497  3.40133  
7.78231  5.74436  13.2521  14.1396  1.79769e+308  1.79769e+308  7.78231  5.74436  
9.23161  9.00067  13.2521  14.1396  1.79769e+308  1.79769e+308  9.23161  9.00067  
7.22078  7.36456  13.2521  14.1396  1.79769e+308  1.79769e+308  7.22078  7.36456  
6.68684  5.63777  13.2521  14.1396  1.79769e+308  1.79769e+308  6.68684  5.63777  
8.80603  5.37242  13.2521  14.1396  1.79769e+308  1.79769e+308  8.80603  5.37242  
10.1099  5.18015  13.2521  14.1396  1.79769e+308  1.79769e+308  10.1099  5.18015  
10.2573  8.84498  13.2521  14.1396  1.79769e+308  1.79769e+308  10.2573  8.84498  
8.19768  8.78112  13.2521  14.1396  1.79769e+308  1.79769e+308  8.19768  8.78112  
3.14356  7.18661  13.2521  14.1396  1.79769e+308  1.79769e+308  3.14356  7.18661  
12.0246  8.57463  13.2521  14.1396  1.79769e+308  1.79769e+308  12.0246  8.57463  
8.4818  9.27474  13.2521  14.1396  1.79769e+308  1.79769e+308  8.4818  9.27474  
4.94101  5.37997  13.2521  14.1396  1.79769e+308  1.79769e+308  4.94101  5.37997  
7.78309  9.4823  13.2521  14.1396  1.79769e+308  1.79769e+308  7.78309  9.4823  
8.525  10.1372  13.2521  14.1396  1.79769e+308  1.79769e+308  8.525  10.1372  
7.24088  4.43395  13.2521  14.1396  1.79769e+308  1.79769e+308  7.24088  4.43395  
4.02756  5.37316  13.2521  14.1396  1.79769e+308  1.79769e+308  4.02756  5.37316  
11.0117  5.87388  13.2521  14.1396  1.79769e+308  1.79769e+308  11.0117  5.87388  
10.832  9.17566  13.2521  14.1396  1.79769e+308  1.79769e+308  10.832  9.17566  
5.32469  6.87862  13.2521  14.1396  1.79769e+308  1.79769e+308  5.32469  6.87862  
10.4726  10.6369  13.2521  14.1396  1.79769e+308  1.79769e+308  10.4726  10.6369  
5.00825  6.43061  13.2521  14.1396  1.79769e+308  1.79769e+308  5.00825  6.43061  
7.06445  7.02736  13.2521  14.1396  1.79769e+308  1.79769e+308  7.06445  7.02736  
5.82053  7.22267  13.2521  14.1396  1.79769e+308  1.79769e+308  5.82053  7.22267  
12.0318  7.67903  13.2521  14.1396  1.79769e+308  1.79769e+308  12.0318  7.67903  
8.71462  7.98271  13.2521  14.1396  1.79769e+308  1.79769e+308  8.71462  7.98271  
5.86095  7.21738  13.2521  14.1396  1.79769e+308  1.79769e+308  5.86095  7.21738  
9.44403  10.5928  13.2521  14.1396  1.79769e+308  1.79769e+308  9.44403  10.5928  
11.2017  9.43497  13.2521  14.1396  1.79769e+308  1.79769e+308  11.2017  9.43497  
6.90937  8.30832  13.2521  14.1396  1.79769e+308  1.79769e+308  6.90937  8.30832  
9.35499  6.83556  13.2521  14.1396  1.79769e+308  1.79769e+308  9.35499  6.83556  
6.49792  5.6647  13.2521  14.1396  1.79769e+308  1.79769e+308  6.49792  5.6647  
5.2542  7.18863  13.2521  14.1396  1.79769e+308  1.79769e+308  5.2542  7.18863  
7.5101  4.82696  13.2521  14.1396  1.79769e+308  1.79769e+308  7.5101  4.82696  
8.29632  8.00134  13.2521  14.1396  1.79769e+308  1.79769e+308  8.29632  8.00134  
5.29288  10.7876  13.2521  14.1396  1.79769e+308  1.79769e+308  5.29288  10.7876  
5.81509  5.61858  13.2521  14.1396  1.79769e+308  1.79769e+308  5.81509  5.61858  
6.41935  6.72302  13.2521  14.1396  1.79769e+308  1.79769e+308  6.41935  6.72302  
4.77122  9.91006  13.2521  14.1396  1.79769e+308  1.79769e+308  4.77122  9.91006  
7.49045  8.41182  13.2521  14.1396  1.79769e+308  1.79769e+308  7.49045  8.41182  
8.96359  7.20043  13.2521  14.1396  1.79769e+308  1.79769e+308  8.96359  7.20043  
6.10495  6.22025  13.2521  14.1396  1.79769e+308  1.79769e+308  6.10495  6.22025  
8.63026  8.24915  13.2521  14.1396  1.79769e+308  1.79769e+308  8.63026  8.24915  
7.76897  8.45831  13.2521  14.1396  1.79769e+308  1.79769e+308  7.76897  8.45831  
4.55945  7.10392  13.2521  14.1396  1.79769e+308  1.79769e+308  4.55945  7.10392  
5.65165  10.4461  13.2521  14.1396  1.79769e+308  1.79769e+308  5.65165  10.4461  
5.63199  9.39005  13.2521  14.1396  1.79769e+308  1.79769e+308  5.63199  9.39005  
12.2521  8.0722  13.2521  14.1396  1.79769e+308  1.79769e+308  12.2521  8.0722  
5.08959  6.26059  13.0731  12.1829  10.9796  9.29238  0.889722  0.314128  
0.0563368  1.50162  13.0731  12.1829  10.9796  9.29238  3.23628  4.13128  
5.67964  8.29238  13.0731  12.1829  10.9796  9.29238  0.95489  5.48749  
2.61254  4.54061  13.0731  12.1829  10.9796  9.29238  5.16101  5.00713  
5.08959  6.26059  13.0731  12.1829  10.9796  9.29238  7.83424  4.88074  
0.889863  0.31417  13.0731  12.1829  10.9796  9.29238  4.4552  2.19488  
6.60099  4.13658  13.0731  12.1829  10.9796  9.29238  3.30265  8.55811  
0.448026  3.36583  13.0731  12.1829  10.9796  9.29238  9.07836  2.69184  
5.09212  1.16196  13.0731  12.1829  10.9796  9.29238  4.4862  5.08089  
0.602275  3.55681  13.0731  12.1829  10.9796  9.29238  6.11303  2.79134  
5.67964  8.29238  13.0731  12.1829  10.9796  9.29238  9.85757  2.18287  
0.889863  0.31417  13.0731  12.1829  10.9796  9.29238  5.51724  3.46791  
0.0563368  1.44806  13.0731  12.1829  10.9796  9.29238  6.09035  1.88463  
8.53282  6.7504  13.0731  12.1829  10.9796  9.29238  1.4597  10.1491  
0.0561807  1.44436  13.0731  12.1829  10.9796  9.29238  5.73846  5.04384  
6.60099  4.13658  13.0731  12.1829  10.9796  9.29238  2.74213  3.01125  
8.53282  6.7504  13.0731  12.1829  10.9796  9.29238  4.11173  5.88429  
0.448026  3.36583  13.0731  12.1829  10.9796  9.29238  6.25116  2.25366  
0.602275  3.55681  13.0731  12.1829  10.9796  9.29238  2.73955  5.92496  
2.61254  4.54061  13.0731  12.1829  10.9796  9.29238  2.52487  4.06483  
0.0808463  1.44436  13.0731  12.1829  10.9796  9.29238  4.02906  2.69622  
0.889863  0.314128  13.0731  12.1829  10.9796  9.29238  8.59576  2.22759  
2.61255  4.40354  13.0731  12.1829  10.9796  9.29238  5.78344  5.46361  
5.33164  0.43179  13.0731  12.1829  10.9796  9.29238  6.98572  4.00229  
0.914902  0.124959  13.0731  12.1829  10.9796  9.29238  3.06716  3.67852  
0.911506  0.124965  13.0731  12.1829  10.9796  9.29238  5.78706  3.55901  
0.891176  0.313876  13.0731  12.1829  10.9796  9.29238  3.83307  4.1023  
0.91023  0.124965  13.0731  12.1829  10.9796  9.29238  4.01223  9.36948  
2.62367  0.644193  13.0731  12.1829  10.9796  9.29238  0.47632  0.65733  
0.0563704  1.44761  13.0731  12.1829  10.9796  9.29238  4.57633  5.69169  
2.63917  0.605423  13.0731  12.1829  10.9796  9.29238  5.33355  2.47726  
0.91151  0.12501  13.0731  12.1829  10.9796  9.29238  1.84155  3.08174  
8.5331  2.45067  13.0731  12.1829  10.9796  9.29238  7.16378  4.9875  
5.21489  0.447039  13.0731  12.1829  10.9796  9.29238  3.44522  8.09792  
0.91023  0.124965  13.0731  12.1829  10.9796  9.29238  6.15346  3.09507  
5.08971  4.57954  13.0731  12.1829  10.9796  9.29238  7.17113  0.949392  
5.6875  0.461766  13.0731  12.1829  10.9796  9.29238  1.16565  6.07609  
0.0559599  1.48627  13.0731  12.1829  10.9796  9.29238  3.74262  6.25837  
6.60137  3.07748  13.0731  12.1829  10.9796  9.29238  6.05452  7.88242  
0.910229  0.124959  13.0731  12.1829  10.9796  9.29238  6.85574  5.38529  
0.471697  0.702852  13.0731  12.1829  10.9796  9.29238  5.63678  1.48864  
0.45045  0.836777  13.0731  12.1829  10.9796  9.29238  4.38971  6.9948  
5.68009  2.35509  13.0731  12.1829  10.9796  9.29238  7.40037  1.23802  
5.73798  0.412938  13.0731  12.1829  10.9796  9.29238  0.0561615  1.44436  
0.0564702  1.44469  13.0731  12.1829  10.9796  9.29238  1.56542  5.09087  
0.0561615  1.44436  13.0731  12.1829  10.9796  9.29238  11.5404  2.55361  
5.67965  3.69936  13.0731  12.1829  10.9796  9.29238  3.52344  3.40879  
0.0563368  1.44843  13.0731  12.1829  10.9796  9.29238  0.407591  0.836777  
0.448037  1.43984  13.0731  12.1829  10.9796  9.29238  4.29662  4.93268  
6.60419  1.00176  13.0731  12.1829  10.9796  9.29238  2.81725  4.13066  
0.47632  0.65733  13.0731  12.1829  10.9796  9.29238  2.41833  10.1225  
6.60391  1.44271  13.0731  12.1829  10.9796  9.29238  3.65314  11.1829  
8.53303  3.86266  13.0731  12.1829  10.9796  9.29238  1.66039  8.80751  
5.68035  2.06268  13.0731  12.1829  10.9796  9.29238  7.646  3.46522  
0.473397  0.660286  13.0731  12.1829  10.9796  9.29238  4.35758  2.32289  
2.61316  1.98126  13.0731  12.1829  10.9796  9.29238  4.58682  2.24093  
0.056347  1.44794  13.0731  12.1829  10.9796  9.29238  4.16731  2.23534  
0.449124  0.882928  13.0731  12.1829  10.9796  9.29238  3.06265  4.50165  
6.60187  2.64508  13.0731  12.1829  10.9796  9.29238  2.70145  5.91587  
0.472251  0.667574  13.0731  12.1829  10.9796  9.29238  4.36935  1.81712  
6.60787  0.898446  13.0731  12.1829  10.9796  9.29238  3.74605  2.65317  
2.61463  1.57935  13.0731  12.1829  10.9796  9.29238  5.5259  2.36999  
5.32224  0.435635  13.0731  12.1829  10.9796  9.29238  6.60858  3.53311  
2.83858  0.271575  13.0731  12.1829  10.9796  9.29238  9.54491  4.09281  
6.60111  3.15156  13.0731  12.1829  10.9796  9.29238  12.0731  3.00239  
8.53315  1.37978  13.0731  12.1829  10.9796  9.29238  4.67145  5.16984  
6.60851  0.884019  13.0731  12.1829  10.9796  9.29238  7.33121  4.14244  
0.407591  0.836777  13.0731  12.1829  10.9796  9.29238  4.61954  2.08698  
5.68645  1.12688  13.0731  12.1829  10.9796  9.29238  11.8165  2.98387  
6.60197  2.07171  13.0731  12.1829  10.9796  9.29238  4.57281  4.20352  
5.68597  1.1457  13.0731  12.1829  10.9796  9.29238  6.77636  3.67363  
0.619689  0.65733  13.0731  12.1829  10.9796  9.29238  4.1633  2.49185  
8.53518  0.488648  13.0731  12.1829  10.9796  9.29238  5.23258  4.93567  
0.408588  0.836029  13.0731  12.1829  10.9796  9.29238  3.37091  2.98256  
6.61142  0.801135  13.0731  12.1829  10.9796  9.29238  2.10905  4.62694  
5.08971  4.60167  13.0731  12.1829  10.9796  9.29238  5.08632  7.14562  
5.15351  0.574764  13.0731  12.1829  10.9796  9.29238  0.995395  0.442044  
5.68082  1.41058  13.0731  12.1829  10.9796  9.29238  9.97963  2.04129  
0.889603  0.324268  13.0731  12.1829  10.9796  9.29238  1.52837  8.09605  
0.910434  0.124959  13.0731  12.1829  10.9796  9.29238  8.69968  2.51438  
0.889722  0.314128  13.0731  12.1829  10.9796  9.29238  4.74381  5.61258  
0.913898  0.124959  13.0731  12.1829  10.9796  9.29238  4.75022  5.29888  
2.61527  0.694893  13.0731  12.1829  10.9796  9.29238  3.55204  9.97345  
0.4076  0.836775  13.0731  12.1829  10.9796  9.29238  2.19571  5.05596  
0.911513  0.124965  13.0731  12.1829  10.9796  9.29238  6.23847  3.21925  
5.42229  0.43178  13.0731  12.1829  10.9796  9.29238  5.9563  4.68031  
0.602515  0.728707  13.0731  12.1829  10.9796  9.29238  4.22924  4.97363  
0.889935  0.314128  13.0731  12.1829  10.9796  9.29238  3.53726  4.01104  
0.605244  0.67644  13.0731  12.1829  10.9796  9.29238  2.67398  6.47438  
5.09031  1.6385  13.0731  12.1829  10.9796  9.29238  6.45114  4.18858  
5.08988  2.15837  13.0731  12.1829  10.9796  9.29238  4.34187  4.1238  
2.64666  0.457948  13.0731  12.1829  10.9796  9.29238  0.910229  0.124959  
7.00859  0.448289  13.0731  12.1829  10.9796  9.29238  1.40793  7.03647  
5.09307  0.576307  13.0731  12.1829  10.9796  9.29238  5.37902  3.00305  
7.01041  0.435028  13.0731  12.1829  10.9796  9.29238  4.91215  3.82153  
0.056476  1.44436  13.0731  12.1829  10.9796  9.29238  7.37071  3.49555  
8.53288  5.62468  13.0731  12.1829  10.9796  9.29238  4.16555  2.45644  
0.44818  1.04156  13.0731  12.1829  10.9796  9.29238  3.47287  8.32454  
0.602447  2.17888  13.0731  12.1829  10.9796  9.29238  3.99194  8.48658  
6.77264  0.58529  13.0731  12.1829  10.9796  9.29238  6.14832  5.62226  
5.08959  6.26059  8.41369  6.85154  12.1567  9.29238  0.889432  0.312841  
0.0563368  1.50162  8.41369  6.85154  12.1567  9.29238  0.372552  4.78824  
5.67964  8.29238  8.41369  6.85154  12.1567  9.29238  1.17074  0.129659  
0.0267071  1.2064  8.41369  6.85154  12.1567  9.29238  4.75154  0.369937  
5.08959  6.26059  8.41369  6.85154  12.1567  9.29238  5.46297  0.420549  
0.889863  0.31417  8.41369  6.85154  12.1567  9.29238  0.454858  4.88996  
6.60099  4.13658  8.41369  6.85154  12.1567  9.29238  0.400651  2.42519  
0.909716  0.124669  8.41369  6.85154  12.1567  9.29238  0.766818  1.88201  
5.18499  0.254439  8.41369  6.85154  12.1567  9.29238  2.94418  0.327517  
0.90973  0.124686  8.41369  6.85154  12.1567  9.29238  0.905769  0.532189  
5.67964  8.29238  8.41369  6.85154  12.1567  9.29238  0.49917  3.50298  
0.889863  0.31417  8.41369  6.85154  12.1567  9.29238  0.413108  3.49048  
0.0563368  1.44806  8.41369  6.85154  12.1567  9.29238  2.31483  0.435072  
8.53282  6.7504  8.41369  6.85154  12.1567  9.29238  1.23478  2.0781  
0.90973  0.124695  8.41369  6.85154  12.1567  9.29238  7.41369  0.25856  
6.60099  4.13658  8.41369  6.85154  12.1567  9.29238  3.52784  0.124789  
8.53282  6.7504  8.41369  6.85154  12.1567  9.29238  1.6732  0.863319  
0.399458  0.928067  8.41369  6.85154  12.1567  9.29238  0.873153  0.310249  
6.89856  0.178873  8.41369  6.85154  12.1567  9.29238  3.25417  0.389973  
0.909766  0.124669  8.41369  6.85154  12.1567  9.29238  0.135264  3.77523  
0.909716  0.124669  8.41369  6.85154  12.1567  9.29238  0.375946  2.24294  
0.909568  0.124669  8.41369  6.85154  12.1567  9.29238  2.08356  0.0978172  
0.407284  0.792488  8.41369  6.85154  12.1567  9.29238  2.65845  0.790622  
0.889888  0.312849  8.41369  6.85154  12.1567  9.29238  1.98833  1.47001  
0.909716  0.124669  8.41369  6.85154  12.1567  9.29238  0.365468  3.80516  
0.399458  0.928067  8.41369  6.85154  12.1567  9.29238  0.145154  2.80321  
0.407284  0.792488  8.41369  6.85154  12.1567  9.29238  0.691548  3.15198  
0.400679  0.927745  8.41369  6.85154  12.1567  9.29238  2.08694  0.815373  
0.471607  0.649899  8.41369  6.85154  12.1567  9.29238  0.468642  0.649899  
0.877773  0.310347  8.41369  6.85154  12.1567  9.29238  0.182998  4.93589  
5.20542  0.176582  8.41369  6.85154  12.1567  9.29238  2.8348  0.495108  
9.45741  0.47361  8.41369  6.85154  12.1567  9.29238  1.4609  0.798929  
8.53309  1.72125  8.41369  6.85154  12.1567  9.29238  0.133921  3.39067  
0.407284  0.792391  8.41369  6.85154  12.1567  9.29238  1.6666  0.20636  
0.400958  0.925805  8.41369  6.85154  12.1567  9.29238  0.566502  3.19342  
5.08971  4.57954  8.41369  6.85154  12.1567  9.29238  1.0537  2.15638  
0.468642  0.649899  8.41369  6.85154  12.1567  9.29238  4.63852  0.181369  
0.398804  0.925837  8.41369  6.85154  12.1567  9.29238  2.65804  0.604826  
6.60114  2.76754  8.41369  6.85154  12.1567  9.29238  0.907367  1.77416  
0.877514  0.310347  8.41369  6.85154  12.1567  9.29238  0.26823  3.99167  
1.16238  0.071211  8.41369  6.85154  12.1567  9.29238  0.67903  1.68546  
6.60811  0.69673  8.41369  6.85154  12.1567  9.29238  0.92114  2.70732  
5.67978  1.35585  8.41369  6.85154  12.1567  9.29238  2.30143  0.355224  
0.909716  0.124669  8.41369  6.85154  12.1567  9.29238  0.0252543  1.2064  
1.06708  0.0832958  8.41369  6.85154  12.1567  9.29238  1.55437  1.39041  
0.877514  0.31434  8.41369  6.85154  12.1567  9.29238  3.02488  0.424439  
5.67965  3.69936  8.41369  6.85154  12.1567  9.29238  1.04045  1.50081  
0.0563368  1.44843  8.41369  6.85154  12.1567  9.29238  0.407284  0.792391  
0.877514  0.31434  8.41369  6.85154  12.1567  9.29238  2.52263  0.502375  
1.16195  0.071211  8.41369  6.85154  12.1567  9.29238  0.344457  3.19231  
0.0980843  1.2064  8.41369  6.85154  12.1567  9.29238  1.64009  1.51543  
6.60324  0.728131  8.41369  6.85154  12.1567  9.29238  1.76248  1.13791  
8.53303  3.86266  8.41369  6.85154  12.1567  9.29238  0.795208  2.84209  
5.09123  0.337129  8.41369  6.85154  12.1567  9.29238  0.506774  2.71781  
0.398657  1.03278  8.41369  6.85154  12.1567  9.29238  1.89029  0.910019  
5.68324  0.557453  8.41369  6.85154  12.1567  9.29238  1.66444  1.35922  
0.0563418  1.44361  8.41369  6.85154  12.1567  9.29238  0.657317  3.36472  
0.909739  0.124669  8.41369  6.85154  12.1567  9.29238  1.38834  1.60405  
6.60164  2.42496  8.41369  6.85154  12.1567  9.29238  3.64974  0.4352  
5.74983  0.138675  8.41369  6.85154  12.1567  9.29238  1.22218  0.278976  
5.08974  0.472141  8.41369  6.85154  12.1567  9.29238  1.11246  1.88328  
5.68078  0.570284  8.41369  6.85154  12.1567  9.29238  0.78224  2.55259  
0.0640142  1.24505  8.41369  6.85154  12.1567  9.29238  1.36024  1.39205  
0.890833  0.310347  8.41369  6.85154  12.1567  9.29238  3.4657  0.550171  
6.60111  3.15156  8.41369  6.85154  12.1567  9.29238  3.06054  0.172059  
8.53315  1.37978  8.41369  6.85154  12.1567  9.29238  1.4253  1.85311  
0.400764  0.925837  8.41369  6.85154  12.1567  9.29238  0.363107  3.95685  
0.0707322  1.21049  8.41369  6.85154  12.1567  9.29238  0.403396  2.54357  
0.200956  1.20625  8.41369  6.85154  12.1567  9.29238  1.56955  0.768911  
6.60197  2.07171  8.41369  6.85154  12.1567  9.29238  0.995822  2.47351  
8.53469  0.622759  8.41369  6.85154  12.1567  9.29238  0.558687  1.15486  
5.74222  0.218801  8.41369  6.85154  12.1567  9.29238  3.99921  0.383317  
8.53518  0.488648  8.41369  6.85154  12.1567  9.29238  0.0820259  4.12708  
5.68423  0.309126  8.41369  6.85154  12.1567  9.29238  3.00563  0.331541  
5.68038  0.820206  8.41369  6.85154  12.1567  9.29238  1.88939  1.07921  
5.08971  4.60167  8.41369  6.85154  12.1567  9.29238  1.02085  2.3037  
5.20554  0.176336  8.41369  6.85154  12.1567  9.29238  0.994245  0.440627  
0.0563497  1.4431  8.41369  6.85154  12.1567  9.29238  1.10951  1.91146  
0.927865  0.124669  8.41369  6.85154  12.1567  9.29238  3.0017  0.249379  
0.890028  0.312841  8.41369  6.85154  12.1567  9.29238  0.69889  1.09331  
6.61396  0.60843  8.41369  6.85154  12.1567  9.29238  1.70605  0.651614  
1.14343  0.071211  8.41369  6.85154  12.1567  9.29238  1.35186  1.53163  
11.1567  0.424853  8.41369  6.85154  12.1567  9.29238  0.806064  2.503  
5.36194  0.138674  8.41369  6.85154  12.1567  9.29238  1.10097  4.12767  
0.39952  0.927805  8.41369  6.85154  12.1567  9.29238  0.398757  0.925837  
0.407328  0.792391  8.41369  6.85154  12.1567  9.29238  2.11557  0.560023  
0.0252543  1.2064  8.41369  6.85154  12.1567  9.29238  0.0405823  4.46823  
0.889869  0.314128  8.41369  6.85154  12.1567  9.29238  0.0288957  2.65577  
5.45143  0.138333  8.41369  6.85154  12.1567  9.29238  0.630158  2.17668  
0.0566517  1.29349  8.41369  6.85154  12.1567  9.29238  0.94118  2.28399  
5.08986  0.470843  8.41369  6.85154  12.1567  9.29238  1.83222  1.19776  
0.398757  0.925837  8.41369  6.85154  12.1567  9.29238  0.909568  0.124669  
6.65624  0.200811  8.41369  6.85154  12.1567  9.29238  1.14343  0.071211  
0.889884  0.313037  8.41369  6.85154  12.1567  9.29238  0.812896  2.85347  
6.86151  0.20073  8.41369  6.85154  12.1567  9.29238  2.61229  0.346988  
6.60203  0.846198  8.41369  6.85154  12.1567  9.29238  1.23215  1.60551  
8.53288  5.62468  8.41369  6.85154  12.1567  9.29238  0.125452  5.85154  
0.0574905  1.24771  8.41369  6.85154  12.1567  9.29238  2.26782  0.719553  
0.873153  0.310249  8.41369  6.85154  12.1567  9.29238  1.21124  2.15735  
6.63445  0.233268  8.41369  6.85154  12.1567  9.29238  0.111754  5.72371  
5.08959  6.26059  16.8024  16.632  16.8024  16.632  0.352385  0.67143  
0.0563368  1.50162  16.8024  16.632  16.8024  16.632  8.17773e-07  1.05631  
5.67964  8.29238  16.8024  16.632  16.8024  16.632  0.28678  0.764092  
3.95222e-06  1.43954  16.8024  16.632  16.8024  16.632  5.05993e-07  1.21722  
5.08959  6.26059  16.8024  16.632  16.8024  16.632  0.892449  0.125089  
0.889863  0.31417  16.8024  16.632  16.8024  16.632  1.27306  0.00900889  
0.315377  0.703994  16.8024  16.632  16.8024  16.632  0.304711  0.763087  
0.909716  0.124669  16.8024  16.632  16.8024  16.632  0.000293559  1.03331  
0.909568  0.124669  16.8024  16.632  16.8024  16.632  0.335655  0.674794  
0.90973  0.124686  16.8024  16.632  16.8024  16.632  1.00837  0.00916726  
5.67964  8.29238  16.8024  16.632  16.8024  16.632  1.01633  0.0090955  
0.889863  0.31417  16.8024  16.632  16.8024  16.632  0.334587  0.685943  
0.0563368  1.44806  16.8024  16.632  16.8024  16.632  0.334938  0.67334  
0.00425909  2.58276  16.8024  16.632  16.8024  16.632  1.00166  0.0237388  
1.00741  0.00916726  16.8024  16.632  16.8024  16.632  0.00120005  1.0342  
1.00021  0.0166464  16.8024  16.632  16.8024  16.632  0.00120005  1.01603  
0.098474  1.00992  16.8024  16.632  16.8024  16.632  1.00224  0.0213317  
0.461691  0.63845  16.8024  16.632  16.8024  16.632  0.856038  0.304108  
5.09492e-07  1.14569  16.8024  16.632  16.8024  16.632  1.00009  0.0381965  
1.0074  0.00934387  16.8024  16.632  16.8024  16.632  0.352385  0.671592  
0.892449  0.124662  16.8024  16.632  16.8024  16.632  5.22242e-07  1.16193  
0.863433  0.304108  16.8024  16.632  16.8024  16.632  3.95222e-06  1.0504  
0.00427097  1.07463  16.8024  16.632  16.8024  16.632  0.315377  0.712663  
5.22242e-07  1.16193  16.8024  16.632  16.8024  16.632  1.00741  0.00916726  
0.287241  0.764092  16.8024  16.632  16.8024  16.632  0.334587  0.680899  
0.986574  0.0534753  16.8024  16.632  16.8024  16.632  0.466265  0.63283  
0.0577661  1.00992  16.8024  16.632  16.8024  16.632  1.00506  0.0189972  
3.95222e-06  1.04495  16.8024  16.632  16.8024  16.632  0.892449  0.125841  
0.286114  0.981072  16.8024  16.632  16.8024  16.632  0.00732569  1.01006  
5.30547e-07  1.20203  16.8024  16.632  16.8024  16.632  0.321852  0.703994  
0.317621  0.703812  16.8024  16.632  16.8024  16.632  5.05993e-07  1.22071  
0.315377  0.705211  16.8024  16.632  16.8024  16.632  5.30547e-07  1.1024  
1.00166  0.015066  16.8024  16.632  16.8024  16.632  0.335554  0.680953  
8.17773e-07  1.05631  16.8024  16.632  16.8024  16.632  0.353985  0.67143  
0.986548  0.0540067  16.8024  16.632  16.8024  16.632  0.315344  0.720736  
5.08971  4.57954  16.8024  16.632  16.8024  16.632  1.00013  0.0246556  
0.0577543  1.01412  16.8024  16.632  16.8024  16.632  1.1807  0.00900889  
0.296703  0.763095  16.8024  16.632  16.8024  16.632  3.95222e-06  1.0449  
0.056352  1.06943  16.8024  16.632  16.8024  16.632  0.986419  0.0548501  
0.0575013  1.02072  16.8024  16.632  16.8024  16.632  1.00738  0.0141739  
0.856036  0.305567  16.8024  16.632  16.8024  16.632  5.30431e-07  1.14614  
0.352385  0.67143  16.8024  16.632  16.8024  16.632  0.00120004  1.03125  
5.67978  1.35585  16.8024  16.632  16.8024  16.632  5.30547e-07  1.11262  
0.000430208  1.01593  16.8024  16.632  16.8024  16.632  0.315344  0.720669  
0.00285968  1.01508  16.8024  16.632  16.8024  16.632  1.00013  0.024694  
0.00428034  1.01694  16.8024  16.632  16.8024  16.632  0.330286  0.703994  
5.67965  3.69936  16.8024  16.632  16.8024  16.632  0.984861  0.0579506  
0.0563368  1.44843  16.8024  16.632  16.8024  16.632  0.334587  0.685943  
5.71124  0.125105  16.8024  16.632  16.8024  16.632  1.00039  0.0262398  
5.3055e-07  1.1024  16.8024  16.632  16.8024  16.632  0.000293559  1.0348  
1.00013  0.0246556  16.8024  16.632  16.8024  16.632  0.00418585  1.00992  
0.889897  0.304108  16.8024  16.632  16.8024  16.632  8.17773e-07  1.06217  
0.856038  0.304108  16.8024  16.632  16.8024  16.632  0.98864  0.0548855  
5.09119  0.125085  16.8024  16.632  16.8024  16.632  1.00945  0.00916726  
0.286274  0.770725  16.8024  16.632  16.8024  16.632  0.461691  0.63845  
5.682  0.319328  16.8024  16.632  16.8024  16.632  0.00438969  1.00992  
0.0563418  1.44361  16.8024  16.632  16.8024  16.632  0.00411946  1.01246  
0.465374  0.638177  16.8024  16.632  16.8024  16.632  0.46597  0.63283  
0.28678  0.764092  16.8024  16.632  16.8024  16.632  0.984861  0.0548855  
0.00427628  1.03724  16.8024  16.632  16.8024  16.632  0.34584  0.67382  
5.08974  0.472141  16.8024  16.632  16.8024  16.632  0.287241  0.765565  
5.68078  0.570284  16.8024  16.632  16.8024  16.632  0.286274  0.775013  
1.00009  0.0381965  16.8024  16.632  16.8024  16.632  1.06689  0.00900889  
5.28823e-07  1.15607  16.8024  16.632  16.8024  16.632  0.863433  0.304108  
0.00418585  1.00992  16.8024  16.632  16.8024  16.632  0.287241  0.764092  
0.997899  0.0534342  16.8024  16.632  16.8024  16.632  0.461691  0.639926  
0.00438969  1.00992  16.8024  16.632  16.8024  16.632  0.861746  0.306635  
0.00411946  1.01246  16.8024  16.632  16.8024  16.632  1.00166  0.015066  
0.909569  0.124665  16.8024  16.632  16.8024  16.632  5.30549e-07  1.10519  
0.335655  0.67334  16.8024  16.632  16.8024  16.632  0.00120006  1.01842  
0.304711  0.763087  16.8024  16.632  16.8024  16.632  0.334587  0.681049  
5.71007  0.125108  16.8024  16.632  16.8024  16.632  0.856038  0.534494  
0.334152  0.68732  16.8024  16.632  16.8024  16.632  0.00418585  1.01222  
5.68423  0.309126  16.8024  16.632  16.8024  16.632  9.8982e-07  1.05962  
5.68038  0.820206  16.8024  16.632  16.8024  16.632  5.09492e-07  1.14569  
5.08971  4.60167  16.8024  16.632  16.8024  16.632  1.00009  0.03872  
1.00544  0.0121169  16.8024  16.632  16.8024  16.632  5.30432e-07  1.14272  
0.0563497  1.4431  16.8024  16.632  16.8024  16.632  0.861746  0.314229  
0.0566505  1.05713  16.8024  16.632  16.8024  16.632  1.01254  0.0090955  
0.00437701  1.01603  16.8024  16.632  16.8024  16.632  0.315377  0.703994  
0.46597  0.63283  16.8024  16.632  16.8024  16.632  3.95222e-06  1.053  
0.984861  0.0548855  16.8024  16.632  16.8024  16.632  0.296703  0.763095  
0.00425909  2.52403  16.8024  16.632  16.8024  16.632  0.334152  0.68732  
0.00426663  1.12609  16.8024  16.632  16.8024  16.632  0.335655  0.67334  
0.909735  0.124662  16.8024  16.632  16.8024  16.632  5.28823e-07  1.15607  
5.05994e-07  1.22621  16.8024  16.632  16.8024  16.632  0.865336  0.304108  
1.01254  0.0090955  16.8024  16.632  16.8024  16.632  0.464051  0.63845  
0.315344  0.720669  16.8024  16.632  16.8024  16.632  0.315377  0.711833  
0.00426089  1.70187  16.8024  16.632  16.8024  16.632  1.00544  0.0121169  
0.0043787  1.01015  16.8024  16.632  16.8024  16.632  5.30547e-07  1.11319  
5.08986  0.470843  16.8024  16.632  16.8024  16.632  0.286274  0.770725  
0.000133284  1.01861  16.8024  16.632  16.8024  16.632  0.892449  0.124662  
0.334587  0.680899  16.8024  16.632  16.8024  16.632  5.09492e-07  1.17715  
0.889863  0.312804  16.8024  16.632  16.8024  16.632  0.31535  0.720131  
0.31535  0.720131  16.8024  16.632  16.8024  16.632  5.30431e-07  1.14494  
0.986419  0.0548501  16.8024  16.632  16.8024  16.632  0.984861  0.0636511  
0.0574354  1.053  16.8024  16.632  16.8024  16.632  0.894957  0.124662  
0.334938  0.67334  16.8024  16.632  16.8024  16.632  0.468824  0.63283  
1.06689  0.00900889  16.8024  16.632  16.8024  16.632  0.856038  0.319121  
0.892445  0.124732  16.8024  16.632  16.8024  16.632  0.286274  0.7709  
5.08959  6.26059  2.00586  2.00373  6.71124  9.29238  0.984632  0.0314729  
0.0563368  1.50162  2.00586  2.00373  6.71124  9.29238  0.285611  0.741658  
5.67964  8.29238  2.00586  2.00373  6.71124  9.29238  0.285611  0.741658  
3.95222e-06  1.43954  2.00586  2.00373  6.71124  9.29238  1.43836e-06  1  
5.08959  6.26059  2.00586  2.00373  6.71124  9.29238  0.285611  0.741658  
0.285869  0.764609  2.00586  2.00373  6.71124  9.29238  0.285611  0.741658  
0.892443  0.124651  2.00586  2.00373  6.71124  9.29238  0.285611  0.741658  
0.909716  0.124669  2.00586  2.00373  6.71124  9.29238  0.285611  0.741658  
0.892721  0.124642  2.00586  2.00373  6.71124  9.29238  0.98448  0.0314749  
0.90973  0.124686  2.00586  2.00373  6.71124  9.29238  0.85593  0.229934  
5.67964  8.29238  2.00586  2.00373  6.71124  9.29238  0.285641  0.741657  
1  0.424251  2.00586  2.00373  6.71124  9.29238  0.315207  0.703347  
1  0.0831521  2.00586  2.00373  6.71124  9.29238  0.315207  0.703347  
0.285869  0.764609  2.00586  2.00373  6.71124  9.29238  0.285611  0.741658  
3.96675e-06  1.0329  2.00586  2.00373  6.71124  9.29238  0.285611  0.741658  
6.9153e-07  1.00425  2.00586  2.00373  6.71124  9.29238  0.98448  0.0314749  
6.9153e-07  1.00425  2.00586  2.00373  6.71124  9.29238  0.333295  0.666716  
3.64984e-07  1.00028  2.00586  2.00373  6.71124  9.29238  0.285611  0.741658  
0.892436  0.124643  2.00586  2.00373  6.71124  9.29238  0.892402  0.124641  
3.25714e-07  1.00019  2.00586  2.00373  6.71124  9.29238  0.285611  0.741658  
3.0772e-07  1.02475  2.00586  2.00373  6.71124  9.29238  0.285611  0.741658  
0.285693  0.741901  2.00586  2.00373  6.71124  9.29238  0.285641  0.741657  
0.000106077  1.00004  2.00586  2.00373  6.71124  9.29238  0.285611  0.741658  
3.5694e-07  1.00742  2.00586  2.00373  6.71124  9.29238  0.285641  0.741657  
0.0564143  1.00004  2.00586  2.00373  6.71124  9.29238  0.285641  0.741657  
1.90643e-06  1.00004  2.00586  2.00373  6.71124  9.29238  0.984632  0.0314729  
1  1.98141e-05  2.00586  2.00373  6.71124  9.29238  0.285611  0.741658  
3.95222e-06  1.04495  2.00586  2.00373  6.71124  9.29238  0.85593  0.229934  
1.00001  6.83849e-06  2.00586  2.00373  6.71124  9.29238  0.285611  0.741658  
0.286013  0.741682  2.00586  2.00373  6.71124  9.29238  0.285641  0.741657  
0.285611  0.741658  2.00586  2.00373  6.71124  9.29238  0.28561  0.741658  
0.401552  0.632216  2.00586  2.00373  6.71124  9.29238  0.285611  0.741658  
0.333295  0.666716  2.00586  2.00373  6.71124  9.29238  5.84157e-08  1  
0.286291  0.741657  2.00586  2.00373  6.71124  9.29238  0.401461  0.632249  
1  3.22099e-06  2.00586  2.00373  6.71124  9.29238  5.84157e-08  1  
5.08971  4.57954  2.00586  2.00373  6.71124  9.29238  0.285611  0.741658  
0.0703202  1  2.00586  2.00373  6.71124  9.29238  5.84157e-08  1  
1.0004  2.75856e-06  2.00586  2.00373  6.71124  9.29238  0.315207  0.703347  
0.285722  0.741658  2.00586  2.00373  6.71124  9.29238  0.285641  0.741657  
0.994572  0.0314729  2.00586  2.00373  6.71124  9.29238  0.401477  0.632208  
0.285609  0.754851  2.00586  2.00373  6.71124  9.29238  0.85593  0.229934  
1  0.00837105  2.00586  2.00373  6.71124  9.29238  0.285611  0.741658  
5.67978  1.35585  2.00586  2.00373  6.71124  9.29238  0.315207  0.703347  
0.0018492  1  2.00586  2.00373  6.71124  9.29238  0.285611  0.741658  
0.401479  0.632209  2.00586  2.00373  6.71124  9.29238  0.98448  0.0314749  
0.892401  0.124761  2.00586  2.00373  6.71124  9.29238  0.98448  0.0314749  
5.67965  3.69936  2.00586  2.00373  6.71124  9.29238  0.285611  0.741658  
0.0563368  1.44843  2.00586  2.00373  6.71124  9.29238  1.43836e-06  1  
5.71124  0.125105  2.00586  2.00373  6.71124  9.29238  0.285611  0.741658  
1  0.000232699  2.00586  2.00373  6.71124  9.29238  1.00586  1.73918e-06  
0.0565205  1.00001  2.00586  2.00373  6.71124  9.29238  0.285611  0.741658  
0.286335  0.741657  2.00586  2.00373  6.71124  9.29238  0.315207  0.703347  
0.0568298  1.00001  2.00586  2.00373  6.71124  9.29238  0.333295  0.666716  
5.09119  0.125085  2.00586  2.00373  6.71124  9.29238  0.285611  0.741658  
4.35896e-06  1  2.00586  2.00373  6.71124  9.29238  0.285611  0.741658  
5.682  0.319328  2.00586  2.00373  6.71124  9.29238  0.984632  0.0314729  
0.0563388  1.00307  2.00586  2.00373  6.71124  9.29238  0.285611  0.741658  
0.0725897  1  2.00586  2.00373  6.71124  9.29238  0.285611  0.741658  
0.28587  0.741886  2.00586  2.00373  6.71124  9.29238  0.285611  0.741658  
0.892402  0.124641  2.00586  2.00373  6.71124  9.29238  0.315207  0.703347  
5.08974  0.472141  2.00586  2.00373  6.71124  9.29238  0.402865  0.632208  
5.68078  0.570284  2.00586  2.00373  6.71124  9.29238  0.85593  0.229934  
0.892488  0.124641  2.00586  2.00373  6.71124  9.29238  0.285611  0.741658  
0.0569728  1  2.00586  2.00373  6.71124  9.29238  0.285611  0.741658  
0.892932  0.124641  2.00586  2.00373  6.71124  9.29238  0.285611  0.741658  
0.0576286  1  2.00586  2.00373  6.71124  9.29238  0.285611  0.741658  
0.285693  0.741709  2.00586  2.00373  6.71124  9.29238  1  2.30347e-06  
0.0001162  1.00001  2.00586  2.00373  6.71124  9.29238  0.285641  0.741657  
0.984639  0.0314729  2.00586  2.00373  6.71124  9.29238  0.401477  0.632208  
0.401589  0.632209  2.00586  2.00373  6.71124  9.29238  0.285611  0.741658  
0.285696  0.741669  2.00586  2.00373  6.71124  9.29238  0.285611  0.741658  
5.71007  0.125108  2.00586  2.00373  6.71124  9.29238  0.285611  0.741658  
0.401461  0.632249  2.00586  2.00373  6.71124  9.29238  0.401477  0.632208  
5.68423  0.309126  2.00586  2.00373  6.71124  9.29238  0.285636  0.741657  
5.68038  0.820206  2.00586  2.00373  6.71124  9.29238  0.333295  0.666716  
5.08971  4.60167  2.00586  2.00373  6.71124  9.29238  0.285611  0.741658  
5.60474e-08  1.00001  2.00586  2.00373  6.71124  9.29238  0.285611  0.741658  
0.286019  0.741658  2.00586  2.00373  6.71124  9.29238  0.401461  0.632249  
1.00586  1.73918e-06  2.00586  2.00373  6.71124  9.29238  5.84157e-08  1  
0.0607488  1  2.00586  2.00373  6.71124  9.29238  0.285611  0.741658  
0.315207  0.703347  2.00586  2.00373  6.71124  9.29238  0.285611  0.741658  
1.00009  3.463e-06  2.00586  2.00373  6.71124  9.29238  0.420438  0.632208  
0.98448  0.0314749  2.00586  2.00373  6.71124  9.29238  1.43836e-06  1  
0.434651  0.632208  2.00586  2.00373  6.71124  9.29238  0.333295  0.666716  
0.909735  0.124662  2.00586  2.00373  6.71124  9.29238  0.285611  0.741658  
0.85593  0.229934  2.00586  2.00373  6.71124  9.29238  0.984632  0.0314729  
0.909758  0.124643  2.00586  2.00373  6.71124  9.29238  1  1.76637e-05  
0.909809  0.124641  2.00586  2.00373  6.71124  9.29238  0.98448  0.0314749  
7.59741e-07  1.00004  2.00586  2.00373  6.71124  9.29238  0.40148  0.632208  
0.285871  0.741658  2.00586  2.00373  6.71124  9.29238  0.285611  0.741658  
5.08986  0.470843  2.00586  2.00373  6.71124  9.29238  0.892402  0.124641  
1  1.76637e-05  2.00586  2.00373  6.71124  9.29238  1  2.30347e-06  
0.910705  0.124641  2.00586  2.00373  6.71124  9.29238  0.85593  0.229934  
1.00077  2.36556e-06  2.00586  2.00373  6.71124  9.29238  5.60153e-08  1.00001  
5.08966  5.06644  2.00586  2.00373  6.71124  9.29238  0.315207  0.703347  
0.40373  0.632208  2.00586  2.00373  6.71124  9.29238  0.892401  0.124646  
0.401907  0.632209  2.00586  2.00373  6.71124  9.29238  0.0018492  1  
0.000179837  1  2.00586  2.00373  6.71124  9.29238  0.315207  0.703347  
4.00892e-06  1.00004  2.00586  2.00373  6.71124  9.29238  0.0537502  1  
0.28561  0.741658  2.00586  2.00373  6.71124  9.29238  0.285609  0.754851  
5.08959  6.26059  2.13278  2.06567  6.85938  9.29238  0.892401  0.124637  
0.0563368  1.50162  2.13278  2.06567  6.85938  9.29238  0.8924  0.124637  
5.67964  8.29238  2.13278  2.06567  6.85938  9.29238  1  2.56254e-07  
3.95222e-06  1.43954  2.13278  2.06567  6.85938  9.29238  1  2.56254e-07  
5.08959  6.26059  2.13278  2.06567  6.85938  9.29238  1  2.56254e-07  
0.285869  0.764609  2.13278  2.06567  6.85938  9.29238  0.315197  0.703329  
0.892437  0.12464  2.13278  2.06567  6.85938  9.29238  0.892399  0.124643  
0.909716  0.124669  2.13278  2.06567  6.85938  9.29238  1  2.56254e-07  
0.984471  0.0314841  2.13278  2.06567  6.85938  9.29238  1  2.56254e-07  
0.90973  0.124686  2.13278  2.06567  6.85938  9.29238  1  2.56254e-07  
5.67964  8.29238  2.13278  2.06567  6.85938  9.29238  1  2.56254e-07  
1  0.424251  2.13278  2.06567  6.85938  9.29238  1  2.56254e-07  
1  0.0831521  2.13278  2.06567  6.85938  9.29238  0.315197  0.703329  
0.285869  0.764609  2.13278  2.06567  6.85938  9.29238  0.892399  0.124639  
3.96675e-06  1.0329  2.13278  2.06567  6.85938  9.29238  0.401451  0.632205  
6.9153e-07  1.00425  2.13278  2.06567  6.85938  9.29238  1  2.56254e-07  
6.9153e-07  1.00425  2.13278  2.06567  6.85938  9.29238  0.892399  0.12464  
3.64984e-07  1.00028  2.13278  2.06567  6.85938  9.29238  1  2.56254e-07  
0.892436  0.124643  2.13278  2.06567  6.85938  9.29238  1  2.56254e-07  
3.25714e-07  1.00019  2.13278  2.06567  6.85938  9.29238  1  2.56254e-07  
3.0772e-07  1.02475  2.13278  2.06567  6.85938  9.29238  1  2.56254e-07  
0.285693  0.741901  2.13278  2.06567  6.85938  9.29238  1  2.56254e-07  
0.000106077  1.00004  2.13278  2.06567  6.85938  9.29238  0.315197  0.703329  
3.5694e-07  1.00742  2.13278  2.06567  6.85938  9.29238  1  2.56254e-07  
0.892401  0.124638  2.13278  2.06567  6.85938  9.29238  0.892399  0.124643  
1.90643e-06  1.00004  2.13278  2.06567  6.85938  9.29238  1  2.56254e-07  
2.96704e-08  1  2.13278  2.06567  6.85938  9.29238  0.855925  0.229915  
3.95222e-06  1.04495  2.13278  2.06567  6.85938  9.29238  0.409256  0.632205  
0.285871  0.741649  2.13278  2.06567  6.85938  9.29238  0.892404  0.124636  
0.333293  0.666711  2.13278  2.06567  6.85938  9.29238  0.892401  0.124637  
1.00058  2.56254e-07  2.13278  2.06567  6.85938  9.29238  0.984461  0.0314163  
0.91065  0.124637  2.13278  2.06567  6.85938  9.29238  0.892399  0.124643  
0.286228  0.741648  2.13278  2.06567  6.85938  9.29238  1  2.56254e-07  
0.333293  0.666711  2.13278  2.06567  6.85938  9.29238  1  2.56254e-07  
0.00116628  1  2.13278  2.06567  6.85938  9.29238  1  2.56254e-07  
5.08971  4.57954  2.13278  2.06567  6.85938  9.29238  0.409256  0.632205  
0.855926  0.233804  2.13278  2.06567  6.85938  9.29238  1  2.56254e-07  
5.67977  2.87074  2.13278  2.06567  6.85938  9.29238  0.984461  0.0314163  
0.285694  0.741651  2.13278  2.06567  6.85938  9.29238  0.333293  0.666711  
0.89246  0.124637  2.13278  2.06567  6.85938  9.29238  1  2.56254e-07  
1.28227  2.50884e-07  2.13278  2.06567  6.85938  9.29238  1  2.56254e-07  
1  0.00837105  2.13278  2.06567  6.85938  9.29238  0.8924  0.124637  
5.67978  1.35585  2.13278  2.06567  6.85938  9.29238  0.892401  0.124637  
0.855929  0.229916  2.13278  2.06567  6.85938  9.29238  1  2.56254e-07  
0.0563651  1  2.13278  2.06567  6.85938  9.29238  0.315197  0.703329  
0.285704  0.741648  2.13278  2.06567  6.85938  9.29238  0.892399  0.124639  
5.67965  3.69936  2.13278  2.06567  6.85938  9.29238  1  2.56254e-07  
0.0563368  1.44843  2.13278  2.06567  6.85938  9.29238  1  2.56254e-07  
5.71124  0.125105  2.13278  2.06567  6.85938  9.29238  1  2.56254e-07  
1  0.000232699  2.13278  2.06567  6.85938  9.29238  0.401451  0.632205  
0.909862  0.124637  2.13278  2.06567  6.85938  9.29238  0.33509  0.66671  
0.91935  0.124635  2.13278  2.06567  6.85938  9.29238  1  2.56254e-07  
0.285595  0.741648  2.13278  2.06567  6.85938  9.29238  0.892404  0.124636  
5.09119  0.125085  2.13278  2.06567  6.85938  9.29238  0.984461  0.0314163  
4.35896e-06  1  2.13278  2.06567  6.85938  9.29238  0.402139  0.632205  
5.682  0.319328  2.13278  2.06567  6.85938  9.29238  0.984461  0.0314163  
0.0563388  1.00307  2.13278  2.06567  6.85938  9.29238  1  2.56254e-07  
1  7.30946e-07  2.13278  2.06567  6.85938  9.29238  0.984461  0.0314163  
0.000365718  1  2.13278  2.06567  6.85938  9.29238  0.892399  0.124639  
0.28587  0.741656  2.13278  2.06567  6.85938  9.29238  1  2.56254e-07  
5.08974  0.472141  2.13278  2.06567  6.85938  9.29238  0.8924  0.124637  
5.68078  0.570284  2.13278  2.06567  6.85938  9.29238  1  2.56254e-07  
0.895803  0.124635  2.13278  2.06567  6.85938  9.29238  0.855928  0.229914  
1  3.81599e-06  2.13278  2.06567  6.85938  9.29238  0.892399  0.124639  
5.85938  0.0763369  2.13278  2.06567  6.85938  9.29238  0.855925  0.24555  
0.409256  0.632205  2.13278  2.06567  6.85938  9.29238  1  2.56254e-07  
0.33509  0.66671  2.13278  2.06567  6.85938  9.29238  1  2.56254e-07  
0.28895  0.741647  2.13278  2.06567  6.85938  9.29238  1  2.56254e-07  
0.00227233  1  2.13278  2.06567  6.85938  9.29238  0.892401  0.124637  
0.855926  0.229926  2.13278  2.06567  6.85938  9.29238  1  2.56254e-07  
0.855925  0.24555  2.13278  2.06567  6.85938  9.29238  1  2.56254e-07  
5.71007  0.125108  2.13278  2.06567  6.85938  9.29238  1  2.56254e-07  
0.402139  0.632205  2.13278  2.06567  6.85938  9.29238  1  2.56254e-07  
5.68423  0.309126  2.13278  2.06567  6.85938  9.29238  0.984459  0.0314269  
5.68038  0.820206  2.13278  2.06567  6.85938  9.29238  0.315197  0.703329  
5.08971  4.60167  2.13278  2.06567  6.85938  9.29238  1  2.56254e-07  
0.910693  0.124636  2.13278  2.06567  6.85938  9.29238  1  2.56254e-07  
0.855925  0.486092  2.13278  2.06567  6.85938  9.29238  0.401451  0.632205  
0.915138  0.124636  2.13278  2.06567  6.85938  9.29238  0.892401  0.124637  
0.315198  0.703338  2.13278  2.06567  6.85938  9.29238  0.892399  0.124639  
0.285594  0.741827  2.13278  2.06567  6.85938  9.29238  0.285594  0.741813  
1.16245  2.51323e-07  2.13278  2.06567  6.85938  9.29238  1  2.56254e-07  
0.0709903  1  2.13278  2.06567  6.85938  9.29238  0.892399  0.124639  
0.984472  0.0314163  2.13278  2.06567  6.85938  9.29238  0.333293  0.666711  
0.909733  0.12464  2.13278  2.06567  6.85938  9.29238  0.984461  0.0314163  
0.0566796  1  2.13278  2.06567  6.85938  9.29238  0.892399  0.124638  
0.401451  0.632205  2.13278  2.06567  6.85938  9.29238  0.8924  0.124638  
0.856047  0.229914  2.13278  2.06567  6.85938  9.29238  0.315197  0.703329  
7.59741e-07  1.00004  2.13278  2.06567  6.85938  9.29238  1  2.56254e-07  
0.855925  0.230155  2.13278  2.06567  6.85938  9.29238  0.285594  0.741649  
5.08986  0.470843  2.13278  2.06567  6.85938  9.29238  0.855925  0.229915  
0.892398  0.124644  2.13278  2.06567  6.85938  9.29238  0.8924  0.124637  
0.892494  0.124635  2.13278  2.06567  6.85938  9.29238  2.75997e-08  1.06567  
2.76138e-08  1.06567  2.13278  2.06567  6.85938  9.29238  0.315197  0.703361  
5.08966  5.06644  2.13278  2.06567  6.85938  9.29238  2.82658e-08  1  
0.984459  0.0314459  2.13278  2.06567  6.85938  9.29238  0.855925  0.486092  
0.315252  0.703329  2.13278  2.06567  6.85938  9.29238  0.285594  0.741647  
0.000116504  1  2.13278  2.06567  6.85938  9.29238  0.892398  0.124644  
4.00892e-06  1.00004  2.13278  2.06567  6.85938  9.29238  0.892404  0.124635  
0.315197  0.703361  2.13278  2.06567  6.85938  9.29238  1.13278  2.51307e-07  
5.08959  6.26059  2.03157  2  6.85938  9.29238  0.285594  0.741647  
0.0563368  1.50162  2.03157  2  6.85938  9.29238  0.8924  0.124637  
5.67964  8.29238  2.03157  2  6.85938  9.29238  0.892401  0.124636  
3.95222e-06  1.43954  2.03157  2  6.85938  9.29238  2.74634e-08  1  
5.08959  6.26059  2.03157  2  6.85938  9.29238  0.285594  0.741647  
0.285869  0.764609  2.03157  2  6.85938  9.29238  0.285594  0.741647  
0.892437  0.12464  2.03157  2  6.85938  9.29238  0.892401  0.124636  
0.892398  0.124639  2.03157  2  6.85938  9.29238  0.892401  0.124636  
0.984471  0.0314841  2.03157  2  6.85938  9.29238  0.8924  0.124637  
0.90973  0.124686  2.03157  2  6.85938  9.29238  0.401449  0.632204  
5.67964  8.29238  2.03157  2  6.85938  9.29238  0.892401  0.124636  
1  0.424251  2.03157  2  6.85938  9.29238  2.74634e-08  1  
1  0.0831521  2.03157  2  6.85938  9.29238  0.401449  0.632204  
0.285869  0.764609  2.03157  2  6.85938  9.29238  0.285594  0.741647  
3.96675e-06  1.0329  2.03157  2  6.85938  9.29238  0.401449  0.632204  
6.9153e-07  1.00425  2.03157  2  6.85938  9.29238  0.8924  0.124637  
6.9153e-07  1.00425  2.03157  2  6.85938  9.29238  2.74634e-08  1  
3.64984e-07  1.00028  2.03157  2  6.85938  9.29238  0.892407  0.124634  
0.892436  0.124643  2.03157  2  6.85938  9.29238  0.8924  0.124637  
3.25714e-07  1.00019  2.03157  2  6.85938  9.29238  0.8924  0.124637  
3.0772e-07  1.02475  2.03157  2  6.85938  9.29238  0.892399  0.124638  
0.285693  0.741901  2.03157  2  6.85938  9.29238  0.285594  0.741647  
0.000106077  1.00004  2.03157  2  6.85938  9.29238  2.74934e-08  1  
3.5694e-07  1.00742  2.03157  2  6.85938  9.29238  0.892401  0.124636  
0.892401  0.124638  2.03157  2  6.85938  9.29238  0.892401  0.124636  
1.90643e-06  1.00004  2.03157  2  6.85938  9.29238  2.74634e-08  1  
2.96704e-08  1  2.03157  2  6.85938  9.29238  0.892396  0.124645  
3.95222e-06  1.04495  2.03157  2  6.85938  9.29238  0.8924  0.124637  
0.285871  0.741649  2.03157  2  6.85938  9.29238  2.74934e-08  1  
0.333293  0.666711  2.03157  2  6.85938  9.29238  0.892401  0.124636  
1.00058  2.56254e-07  2.03157  2  6.85938  9.29238  0.8924  0.124637  
0.285594  0.741978  2.03157  2  6.85938  9.29238  0.892401  0.124636  
0.286228  0.741648  2.03157  2  6.85938  9.29238  0.855921  0.229917  
0.333293  0.666711  2.03157  2  6.85938  9.29238  0.892396  0.124645  
0.00116628  1  2.03157  2  6.85938  9.29238  0.892401  0.124636  
5.08971  4.57954  2.03157  2  6.85938  9.29238  0.8924  0.124637  
0.892452  0.124634  2.03157  2  6.85938  9.29238  0.892399  0.124638  
5.67968  0.734815  2.03157  2  6.85938  9.29238  2.74634e-08  1  
0.285694  0.741651  2.03157  2  6.85938  9.29238  0.285594  0.741647  
0.855921  0.254668  2.03157  2  6.85938  9.29238  0.892401  0.124636  
0.333292  0.670145  2.03157  2  6.85938  9.29238  0.892401  0.124636  
1  0.00837105  2.03157  2  6.85938  9.29238  0.892399  0.124638  
0.970862  0.124632  2.03157  2  6.85938  9.29238  0.285594  0.741647  
0.943136  0.124632  2.03157  2  6.85938  9.29238  2.74634e-08  1  
0.0563651  1  2.03157  2  6.85938  9.29238  0.285594  0.741647  
0.285704  0.741648  2.03157  2  6.85938  9.29238  2.74634e-08  1  
5.67965  3.69936  2.03157  2  6.85938  9.29238  0.401449  0.632204  
0.0563368  1.44843  2.03157  2  6.85938  9.29238  0.285594  0.741647  
5.71124  0.125105  2.03157  2  6.85938  9.29238  0.8924  0.124637  
1  0.000232699  2.03157  2  6.85938  9.29238  0.285594  0.741647  
0.90982  0.124634  2.03157  2  6.85938  9.29238  0.285594  0.741647  
0.855931  0.229912  2.03157  2  6.85938  9.29238  0.285594  0.741647  
0.285595  0.741648  2.03157  2  6.85938  9.29238  0.892396  0.124645  
5.09119  0.125085  2.03157  2  6.85938  9.29238  0.285594  0.741647  
4.35896e-06  1  2.03157  2  6.85938  9.29238  0.8924  0.124637  
5.682  0.319328  2.03157  2  6.85938  9.29238  0.892399  0.124639  
0.0563388  1.00307  2.03157  2  6.85938  9.29238  0.285594  0.741647  
1  7.30946e-07  2.03157  2  6.85938  9.29238  0.285594  0.741647  
0.000365718  1  2.03157  2  6.85938  9.29238  0.285594  0.741647  
0.28587  0.741656  2.03157  2  6.85938  9.29238  0.892401  0.124636  
5.08974  0.472141  2.03157  2  6.85938  9.29238  0.8924  0.124637  
5.68078  0.570284  2.03157  2  6.85938  9.29238  0.285594  0.741647  
0.333292  0.66671  2.03157  2  6.85938  9.29238  0.892397  0.124643  
1  3.81599e-06  2.03157  2  6.85938  9.29238  0.285594  0.741647  
5.85938  0.0763369  2.03157  2  6.85938  9.29238  0.892401  0.124636  
0.295111  0.741647  2.03157  2  6.85938  9.29238  0.855931  0.229912  
0.335236  0.66671  2.03157  2  6.85938  9.29238  0.892401  0.124636  
0.984739  0.0314138  2.03157  2  6.85938  9.29238  0.315197  0.703325  
0.892494  0.124632  2.03157  2  6.85938  9.29238  0.285594  0.741647  
0.892396  0.124648  2.03157  2  6.85938  9.29238  2.74934e-08  1  
1.00295  1.94917e-07  2.03157  2  6.85938  9.29238  0.892399  0.124638  
5.71007  0.125108  2.03157  2  6.85938  9.29238  0.892398  0.12464  
0.855921  0.230386  2.03157  2  6.85938  9.29238  0.892398  0.12464  
5.68423  0.309126  2.03157  2  6.85938  9.29238  0.892402  0.124635  
1.02192  1.94264e-07  2.03157  2  6.85938  9.29238  0.892401  0.124636  
5.08971  4.60167  2.03157  2  6.85938  9.29238  2.74634e-08  1  
0.333454  0.66671  2.03157  2  6.85938  9.29238  0.8924  0.124637  
0.911118  0.124632  2.03157  2  6.85938  9.29238  0.892398  0.124639  
0.85592  0.231184  2.03157  2  6.85938  9.29238  1  1.97964e-07  
0.984456  0.0314142  2.03157  2  6.85938  9.29238  0.892401  0.124636  
0.855921  0.229959  2.03157  2  6.85938  9.29238  0.984456  0.0314138  
0.855922  0.229928  2.03157  2  6.85938  9.29238  0.285594  0.741647  
0.0569083  1  2.03157  2  6.85938  9.29238  0.892398  0.124639  
0.984472  0.0314163  2.03157  2  6.85938  9.29238  0.333292  0.66671  
0.909733  0.12464  2.03157  2  6.85938  9.29238  0.285594  0.741647  
0.85592  0.232652  2.03157  2  6.85938  9.29238  0.892401  0.124636  
0.060155  1  2.03157  2  6.85938  9.29238  0.8924  0.124637  
0.401449  0.632204  2.03157  2  6.85938  9.29238  0.855922  0.229913  
7.59741e-07  1.00004  2.03157  2  6.85938  9.29238  0.401449  0.632204  
0.984482  0.0314142  2.03157  2  6.85938  9.29238  0.892403  0.124635  
5.08986  0.470843  2.03157  2  6.85938  9.29238  0.855923  0.229913  
0.287166  0.741647  2.03157  2  6.85938  9.29238  0.8924  0.124637  
0.00133691  1  2.03157  2  6.85938  9.29238  0.892407  0.124634  
2.72136e-08  1.01558  2.03157  2  6.85938  9.29238  0.892399  0.124638  
5.08966  5.06644  2.03157  2  6.85938  9.29238  1  1.94259e-07  
0.285594  0.741647  2.03157  2  6.85938  9.29238  0.85592  0.231184  
0.855921  0.231233  2.03157  2  6.85938  9.29238  0.943136  0.124632  
0.000116504  1  2.03157  2  6.85938  9.29238  0.285594  0.741647  
4.00892e-06  1.00004  2.03157  2  6.85938  9.29238  0.892494  0.124632  
0.315197  0.703325  2.03157  2  6.85938  9.29238  0.892396  0.124648  
5.08959  6.26059  2.03548  2  6.85938  9.29238  1  1.31704e-07  
0.0563368  1.50162  2.03548  2  6.85938  9.29238  0.855928  0.22991  
5.67964  8.29238  2.03548  2  6.85938  9.29238  0.892403  0.124634  
3.95222e-06  1.43954  2.03548  2  6.85938  9.29238  0.892398  0.124639  
5.08959  6.26059  2.03548  2  6.85938  9.29238  0.892403  0.124634  
0.285869  0.764609  2.03548  2  6.85938  9.29238  0.892392  0.124701  
0.892437  0.12464  2.03548  2  6.85938  9.29238  0.892403  0.124634  
0.892398  0.124639  2.03548  2  6.85938  9.29238  0.855928  0.22991  
0.984471  0.0314841  2.03548  2  6.85938  9.29238  0.892401  0.124636  
0.90973  0.124686  2.03548  2  6.85938  9.29238  1  1.31704e-07  
5.67964  8.29238  2.03548  2  6.85938  9.29238  0.892398  0.124639  
1  0.424251  2.03548  2  6.85938  9.29238  0.855921  0.229912  
1  0.0831521  2.03548  2  6.85938  9.29238  0.892399  0.124637  
0.285869  0.764609  2.03548  2  6.85938  9.29238  0.892398  0.124638  
3.96675e-06  1.0329  2.03548  2  6.85938  9.29238  0.892403  0.124634  
6.9153e-07  1.00425  2.03548  2  6.85938  9.29238  0.892399  0.124637  
6.9153e-07  1.00425  2.03548  2  6.85938  9.29238  0.984455  0.0314134  
3.64984e-07  1.00028  2.03548  2  6.85938  9.29238  0.855921  0.229912  
0.892436  0.124643  2.03548  2  6.85938  9.29238  0.333292  0.66671  
3.25714e-07  1.00019  2.03548  2  6.85938  9.29238  0.855928  0.22991  
3.0772e-07  1.02475  2.03548  2  6.85938  9.29238  0.892398  0.124639  
0.285693  0.741901  2.03548  2  6.85938  9.29238  0.892403  0.124634  
0.000106077  1.00004  2.03548  2  6.85938  9.29238  1  1.31704e-07  
3.5694e-07  1.00742  2.03548  2  6.85938  9.29238  0.892403  0.124634  
0.892401  0.124638  2.03548  2  6.85938  9.29238  0.892395  0.124645  
1.90643e-06  1.00004  2.03548  2  6.85938  9.29238  0.892399  0.124637  
2.96704e-08  1  2.03548  2  6.85938  9.29238  0.984455  0.0314134  
3.95222e-06  1.04495  2.03548  2  6.85938  9.29238  0.892401  0.124635  
0.285871  0.741649  2.03548  2  6.85938  9.29238  0.333292  0.66671  
0.333293  0.666711  2.03548  2  6.85938  9.29238  0.892397  0.124639  
1.00001  1.31973e-07  2.03548  2  6.85938  9.29238  0.892396  0.124641  
0.285594  0.741978  2.03548  2  6.85938  9.29238  0.984455  0.0314134  
0.286228  0.741648  2.03548  2  6.85938  9.29238  0.892399  0.124637  
0.333293  0.666711  2.03548  2  6.85938  9.29238  0.892392  0.124701  
0.00116628  1  2.03548  2  6.85938  9.29238  0.315197  0.703325  
5.08971  4.57954  2.03548  2  6.85938  9.29238  0.892399  0.124638  
0.892452  0.124634  2.03548  2  6.85938  9.29238  0.984455  0.0314134  
5.67968  0.734815  2.03548  2  6.85938  9.29238  0.892395  0.124643  
0.285694  0.741651  2.03548  2  6.85938  9.29238  0.401449  0.632204  
0.892398  0.124639  2.03548  2  6.85938  9.29238  0.892399  0.124637  
0.31789  0.703325  2.03548  2  6.85938  9.29238  0.892403  0.124634  
1  0.00837105  2.03548  2  6.85938  9.29238  0.984455  0.0314134  
1.02289  1.31704e-07  2.03548  2  6.85938  9.29238  0.984455  0.0314134  
0.892393  0.12472  2.03548  2  6.85938  9.29238  0.285593  0.741647  
0.103142  1  2.03548  2  6.85938  9.29238  0.892399  0.124637  
0.285704  0.741648  2.03548  2  6.85938  9.29238  0.892397  0.12464  
5.67965  3.69936  2.03548  2  6.85938  9.29238  0.892412  0.124631  
0.0563368  1.44843  2.03548  2  6.85938  9.29238  0.855921  0.229912  
5.71124  0.125105  2.03548  2  6.85938  9.29238  0.984455  0.0314134  
1  0.000232699  2.03548  2  6.85938  9.29238  0.892401  0.124636  
0.909744  0.124633  2.03548  2  6.85938  9.29238  0.315243  0.703325  
0.911309  0.124631  2.03548  2  6.85938  9.29238  0.892404  0.124633  
0.285595  0.741648  2.03548  2  6.85938  9.29238  0.855923  0.22991  
5.09119  0.125085  2.03548  2  6.85938  9.29238  0.00044323  1  
4.35896e-06  1  2.03548  2  6.85938  9.29238  0.8924  0.124636  
5.682  0.319328  2.03548  2  6.85938  9.29238  0.984455  0.0314134  
0.0563388  1.00307  2.03548  2  6.85938  9.29238  0.892403  0.124634  
1  7.30946e-07  2.03548  2  6.85938  9.29238  0.855918  0.229932  
0.000365718  1  2.03548  2  6.85938  9.29238  0.892398  0.124639  
0.28587  0.741656  2.03548  2  6.85938  9.29238  1  1.31704e-07  
5.08974  0.472141  2.03548  2  6.85938  9.29238  0.892403  0.124634  
5.68078  0.570284  2.03548  2  6.85938  9.29238  0.8924  0.124637  
0.921689  0.124631  2.03548  2  6.85938  9.29238  0.892395  0.124645  
1  3.81599e-06  2.03548  2  6.85938  9.29238  0.984455  0.0314134  
5.85938  0.0763369  2.03548  2  6.85938  9.29238  0.8924  0.124637  
0.909778  0.124631  2.03548  2  6.85938  9.29238  0.892398  0.124638  
0.00174868  1  2.03548  2  6.85938  9.29238  0.892395  0.124643  
0.315281  0.703325  2.03548  2  6.85938  9.29238  0.892411  0.124631  
5.29724  0.121391  2.03548  2  6.85938  9.29238  0.85592  0.229914  
0.855919  0.229924  2.03548  2  6.85938  9.29238  0.892399  0.124638  
0.855918  0.518621  2.03548  2  6.85938  9.29238  0.892399  0.124638  
5.71007  0.125108  2.03548  2  6.85938  9.29238  0.892395  0.124645  
0.892392  0.124701  2.03548  2  6.85938  9.29238  0.892396  0.124642  
5.68423  0.309126  2.03548  2  6.85938  9.29238  0.892394  0.124648  
0.285593  0.741647  2.03548  2  6.85938  9.29238  0.8924  0.124636  
5.08971  4.60167  2.03548  2  6.85938  9.29238  0.315197  0.703325  
0.333446  0.66671  2.03548  2  6.85938  9.29238  0.892399  0.124638  
0.892477  0.124631  2.03548  2  6.85938  9.29238  0.892398  0.124639  
0.333292  0.66671  2.03548  2  6.85938  9.29238  0.892401  0.124636  
0.997032  0.031413  2.03548  2  6.85938  9.29238  0.8924  0.124636  
0.985823  0.0314134  2.03548  2  6.85938  9.29238  0.892398  0.124639  
0.855918  0.230431  2.03548  2  6.85938  9.29238  2.74605e-08  1  
0.855928  0.22991  2.03548  2  6.85938  9.29238  0.892398  0.124638  
0.984472  0.0314163  2.03548  2  6.85938  9.29238  0.333292  0.66671  
0.909733  0.12464  2.03548  2  6.85938  9.29238  0.892397  0.12464  
0.892515  0.124631  2.03548  2  6.85938  9.29238  0.892401  0.124636  
0.92091  0.124631  2.03548  2  6.85938  9.29238  0.892399  0.124637  
0.401449  0.632204  2.03548  2  6.85938  9.29238  0.892401  0.124635  
7.59741e-07  1.00004  2.03548  2  6.85938  9.29238  0.401449  0.632204  
0.984619  0.0314137  2.03548  2  6.85938  9.29238  0.892403  0.124634  
5.08986  0.470843  2.03548  2  6.85938  9.29238  0.855921  0.229912  
0.287017  0.741647  2.03548  2  6.85938  9.29238  0.8924  0.124637  
0.063047  1  2.03548  2  6.85938  9.29238  0.892406  0.124633  
2.72136e-08  1.01558  2.03548  2  6.85938  9.29238  0.892401  0.124636  
5.08966  5.06644  2.03548  2  6.85938  9.29238  0.855918  0.230412  
0.984455  0.0314134  2.03548  2  6.85938  9.29238  0.892398  0.124639  
0.0563478  1  2.03548  2  6.85938  9.29238  0.855918  0.496987  
0.000116504  1  2.03548  2  6.85938  9.29238  0.892515  0.124631  
4.00892e-06  1.00004  2.03548  2  6.85938  9.29238  0.892398  0.124638  
0.315197  0.703325  2.03548  2  6.85938  9.29238  0.997032  0.031413  
5.08959  6.26059  2  2  6.85938  9.29238  0.892398  0.124639  
0.0563368  1.50162  2  2  6.85938  9.29238  0.892434  0.12463  
5.67964  8.29238  2  2  6.85938  9.29238  0.89241  0.124631  
3.95222e-06  1.43954  2  2  6.85938  9.29238  0.8924  0.124637  
5.08959  6.26059  2  2  6.85938  9.29238  0.8924  0.124637  
0.285869  0.764609  2  2  6.85938  9.29238  0.892398  0.124639  
0.892437  0.12464  2  2  6.85938  9.29238  0.8924  0.124637  
0.892398  0.124639  2  2  6.85938  9.29238  1  1.30998e-07  
0.855923  0.22991  2  2  6.85938  9.29238  0.855921  0.229912  
0.90973  0.124686  2  2  6.85938  9.29238  0.892392  0.124653  
5.67964  8.29238  2  2  6.85938  9.29238  0.892401  0.124636  
1  0.424251  2  2  6.85938  9.29238  0.892399  0.124637  
1  0.0831521  2  2  6.85938  9.29238  0.892399  0.124638  
0.285869  0.764609  2  2  6.85938  9.29238  0.892398  0.124638  
3.96675e-06  1.0329  2  2  6.85938  9.29238  0.892397  0.12464  
6.9153e-07  1.00425  2  2  6.85938  9.29238  0.855926  0.229909  
6.9153e-07  1.00425  2  2  6.85938  9.29238  0.892392  0.124653  
3.64984e-07  1.00028  2  2  6.85938  9.29238  0.892404  0.124633  
0.892436  0.124643  2  2  6.85938  9.29238  0.855917  0.229922  
3.25714e-07  1.00019  2  2  6.85938  9.29238  0.8924  0.124637  
3.0772e-07  1.02475  2  2  6.85938  9.29238  0.892398  0.124639  
0.285693  0.741901  2  2  6.85938  9.29238  0.892397  0.12464  
0.000106077  1.00004  2  2  6.85938  9.29238  0.8924  0.124637  
3.5694e-07  1.00742  2  2  6.85938  9.29238  0.89241  0.124631  
0.892401  0.124638  2  2  6.85938  9.29238  0.892392  0.124653  
1.90643e-06  1.00004  2  2  6.85938  9.29238  0.892399  0.124638  
2.96704e-08  1  2  2  6.85938  9.29238  0.892401  0.124636  
3.95222e-06  1.04495  2  2  6.85938  9.29238  0.892401  0.124635  
0.285871  0.741649  2  2  6.85938  9.29238  0.892401  0.124636  
0.333293  0.666711  2  2  6.85938  9.29238  0.892399  0.124637  
1.00001  1.31973e-07  2  2  6.85938  9.29238  0.892401  0.124636  
0.285594  0.741978  2  2  6.85938  9.29238  0.892401  0.124636  
0.286228  0.741648  2  2  6.85938  9.29238  0.855921  0.229912  
0.333293  0.666711  2  2  6.85938  9.29238  0.892404  0.124633  
0.00116628  1  2  2  6.85938  9.29238  0.892397  0.12464  
5.08971  4.57954  2  2  6.85938  9.29238  0.892434  0.12463  
0.892452  0.124634  2  2  6.85938  9.29238  0.892398  0.124639  
5.67968  0.734815  2  2  6.85938  9.29238  0.892401  0.124636  
0.285694  0.741651  2  2  6.85938  9.29238  0.855926  0.229909  
0.892398  0.124639  2  2  6.85938  9.29238  0.8924  0.124637  
0.315197  0.703322  2  2  6.85938  9.29238  0.285593  0.741647  
1  0.00837105  2  2  6.85938  9.29238  0.892397  0.12464  
1.02289  1.31704e-07  2  2  6.85938  9.29238  0.892398  0.124639  
0.892393  0.12472  2  2  6.85938  9.29238  0.85592  0.229914  
0.103142  1  2  2  6.85938  9.29238  0.855917  0.22992  
0.285704  0.741648  2  2  6.85938  9.29238  0.855921  0.229912  
5.67965  3.69936  2  2  6.85938  9.29238  0.855926  0.229909  
0.0563368  1.44843  2  2  6.85938  9.29238  0.892396  0.124641  
5.71124  0.125105  2  2  6.85938  9.29238  0.892399  0.124637  
1  0.000232699  2  2  6.85938  9.29238  0.892401  0.124636  
0.897588  0.12463  2  2  6.85938  9.29238  0.315197  0.703322  
0.85593  0.229908  2  2  6.85938  9.29238  0.855917  0.229919  
0.285595  0.741648  2  2  6.85938  9.29238  0.855923  0.22991  
5.09119  0.125085  2  2  6.85938  9.29238  0.892404  0.124633  
4.35896e-06  1  2  2  6.85938  9.29238  0.892399  0.124637  
5.682  0.319328  2  2  6.85938  9.29238  0.892397  0.124639  
0.0563388  1.00307  2  2  6.85938  9.29238  0.8924  0.124637  
1  7.30946e-07  2  2  6.85938  9.29238  0.855917  0.229919  
0.000365718  1  2  2  6.85938  9.29238  0.892399  0.124638  
0.28587  0.741656  2  2  6.85938  9.29238  0.892398  0.124639  
5.08974  0.472141  2  2  6.85938  9.29238  0.855926  0.229909  
5.68078  0.570284  2  2  6.85938  9.29238  0.892403  0.124634  
0.855917  0.229927  2  2  6.85938  9.29238  0.8924  0.124637  
1  3.81599e-06  2  2  6.85938  9.29238  0.984452  0.0314119  
5.85938  0.0763369  2  2  6.85938  9.29238  0.8924  0.124637  
0.909748  0.12463  2  2  6.85938  9.29238  1  1.30998e-07  
0.00174868  1  2  2  6.85938  9.29238  0.892397  0.12464  
0.334653  0.666709  2  2  6.85938  9.29238  0.89241  0.124631  
5.29724  0.121391  2  2  6.85938  9.29238  0.85592  0.229914  
0.892388  0.127201  2  2  6.85938  9.29238  0.892399  0.124638  
0.892956  0.12463  2  2  6.85938  9.29238  0.892399  0.124638  
5.71007  0.125108  2  2  6.85938  9.29238  0.892394  0.124644  
1.3316  1.31093e-07  2  2  6.85938  9.29238  0.892396  0.124642  
5.68423  0.309126  2  2  6.85938  9.29238  0.892393  0.124647  
0.285593  0.741647  2  2  6.85938  9.29238  0.892398  0.124638  
5.08971  4.60167  2  2  6.85938  9.29238  0.315197  0.703325  
0.333446  0.66671  2  2  6.85938  9.29238  0.892401  0.124635  
0.89239  0.124744  2  2  6.85938  9.29238  0.892395  0.124643  
0.333292  0.66671  2  2  6.85938  9.29238  0.892401  0.124636  
0.892389  0.125006  2  2  6.85938  9.29238  0.8924  0.124636  
0.984772  0.0314119  2  2  6.85938  9.29238  0.892398  0.124638  
0.348963  0.666709  2  2  6.85938  9.29238  2.74603e-08  1  
0.984452  0.0314131  2  2  6.85938  9.29238  0.892398  0.124638  
0.913622  0.12463  2  2  6.85938  9.29238  0.333292  0.666709  
0.909733  0.12464  2  2  6.85938  9.29238  0.892397  0.12464  
0.892515  0.124631  2  2  6.85938  9.29238  0.892401  0.124636  
0.401452  0.632203  2  2  6.85938  9.29238  0.892399  0.124637  
0.401449  0.632204  2  2  6.85938  9.29238  0.892401  0.124635  
7.59741e-07  1.00004  2  2  6.85938  9.29238  0.401449  0.632203  
0.442181  0.632203  2  2  6.85938  9.29238  0.892403  0.124634  
5.08986  0.470843  2  2  6.85938  9.29238  0.892399  0.124638  
0.287017  0.741647  2  2  6.85938  9.29238  0.892398  0.124639  
0.063047  1  2  2  6.85938  9.29238  0.855927  0.229908  
2.72136e-08  1.01558  2  2  6.85938  9.29238  0.892399  0.124637  
5.08966  5.06644  2  2  6.85938  9.29238  0.892388  0.127201  
0.910407  0.12463  2  2  6.85938  9.29238  0.285593  0.741647  
0.0563478  1  2  2  6.85938  9.29238  0.892391  0.12466  
0.000116504  1  2  2  6.85938  9.29238  0.897588  0.12463  
4.00892e-06  1.00004  2  2  6.85938  9.29238  0.892389  0.124979  
0.315197  0.703325  2  2  6.85938  9.29238  0.855917  0.229927  
5.08959  6.26059  2.00001  2  6.85938  9.29238  0.892409  0.124631  
0.0563368  1.50162  2.00001  2  6.85938  9.29238  0.892409  0.124631  
5.67964  8.29238  2.00001  2  6.85938  9.29238  0.892398  0.124638  
3.95222e-06  1.43954  2.00001  2  6.85938  9.29238  0.892399  0.124638  
5.08959  6.26059  2.00001  2  6.85938  9.29238  0.333292  0.666709  
0.285869  0.764609  2.00001  2  6.85938  9.29238  0.892401  0.124636  
0.892437  0.12464  2.00001  2  6.85938  9.29238  0.892395  0.124643  
0.892398  0.124639  2.00001  2  6.85938  9.29238  0.85592  0.229914  
0.855923  0.22991  2.00001  2  6.85938  9.29238  0.892401  0.124636  
0.90973  0.124686  2.00001  2  6.85938  9.29238  2.74603e-08  1  
5.67964  8.29238  2.00001  2  6.85938  9.29238  0.892401  0.124635  
1  0.424251  2.00001  2  6.85938  9.29238  0.892401  0.124636  
1  0.0831521  2.00001  2  6.85938  9.29238  0.833584  0.22992  
0.285869  0.764609  2.00001  2  6.85938  9.29238  0.892393  0.124646  
3.96675e-06  1.0329  2.00001  2  6.85938  9.29238  0.892395  0.124643  
6.9153e-07  1.00425  2.00001  2  6.85938  9.29238  0.8924  0.124636  
6.9153e-07  1.00425  2.00001  2  6.85938  9.29238  0.285593  0.741647  
3.64984e-07  1.00028  2.00001  2  6.85938  9.29238  0.892395  0.124643  
0.892436  0.124643  2.00001  2  6.85938  9.29238  0.892395  0.124643  
3.25714e-07  1.00019  2.00001  2  6.85938  9.29238  0.892393  0.124646  
3.0772e-07  1.02475  2.00001  2  6.85938  9.29238  0.892419  0.124629  
0.285693  0.741901  2.00001  2  6.85938  9.29238  0.892404  0.124633  
0.000106077  1.00004  2.00001  2  6.85938  9.29238  0.892394  0.124644  
3.5694e-07  1.00742  2.00001  2  6.85938  9.29238  0.8924  0.124636  
0.892401  0.124638  2.00001  2  6.85938  9.29238  0.892409  0.124631  
1.90643e-06  1.00004  2.00001  2  6.85938  9.29238  0.892388  0.124661  
2.96704e-08  1  2.00001  2  6.85938  9.29238  0.892401  0.124636  
3.95222e-06  1.04495  2.00001  2  6.85938  9.29238  0.892434  0.124628  
0.285871  0.741649  2.00001  2  6.85938  9.29238  0.892401  0.124636  
0.333293  0.666711  2.00001  2  6.85938  9.29238  0.892399  0.124638  
1.00001  1.31973e-07  2.00001  2  6.85938  9.29238  1.00001  1.26008e-07  
0.285594  0.741978  2.00001  2  6.85938  9.29238  0.892399  0.124637  
0.286228  0.741648  2.00001  2  6.85938  9.29238  0.892399  0.124638  
0.333293  0.666711  2.00001  2  6.85938  9.29238  0.892401  0.124636  
0.00116628  1  2.00001  2  6.85938  9.29238  0.892409  0.124631  
0.892397  0.12464  2.00001  2  6.85938  9.29238  0.892398  0.124639  
0.892448  0.124628  2.00001  2  6.85938  9.29238  0.892401  0.124635  
5.67968  0.734815  2.00001  2  6.85938  9.29238  0.892398  0.124638  
0.285694  0.741651  2.00001  2  6.85938  9.29238  0.285593  0.741647  
0.892398  0.124639  2.00001  2  6.85938  9.29238  0.8924  0.124637  
0.315197  0.703322  2.00001  2  6.85938  9.29238  0.8924  0.124637  
1  0.00837105  2.00001  2  6.85938  9.29238  0.333292  0.666709  
1.02289  1.31704e-07  2.00001  2  6.85938  9.29238  0.892395  0.124643  
0.892393  0.12472  2.00001  2  6.85938  9.29238  0.8924  0.124636  
0.103142  1  2.00001  2  6.85938  9.29238  0.892401  0.124635  
0.285704  0.741648  2.00001  2  6.85938  9.29238  0.892391  0.124652  
5.67965  3.69936  2.00001  2  6.85938  9.29238  0.892388  0.124661  
0.0563368  1.44843  2.00001  2  6.85938  9.29238  0.285593  0.741647  
5.71124  0.125105  2.00001  2  6.85938  9.29238  0.892395  0.124643  
1  0.000232699  2.00001  2  6.85938  9.29238  0.892401  0.124636  
0.892401  0.124636  2.00001  2  6.85938  9.29238  0.315197  0.703322  
0.855926  0.229908  2.00001  2  6.85938  9.29238  0.892403  0.124634  
0.285595  0.741648  2.00001  2  6.85938  9.29238  0.855923  0.22991  
5.09119  0.125085  2.00001  2  6.85938  9.29238  0.892404  0.124633  
4.35896e-06  1  2.00001  2  6.85938  9.29238  0.892401  0.124636  
5.682  0.319328  2.00001  2  6.85938  9.29238  0.8924  0.124636  
0.0563388  1.00307  2.00001  2  6.85938  9.29238  0.8924  0.124637  
1  7.30946e-07  2.00001  2  6.85938  9.29238  0.834477  0.229914  
0.000365718  1  2.00001  2  6.85938  9.29238  0.892398  0.124638  
0.28587  0.741656  2.00001  2  6.85938  9.29238  0.892401  0.124635  
5.08974  0.472141  2.00001  2  6.85938  9.29238  0.855925  0.229909  
5.68078  0.570284  2.00001  2  6.85938  9.29238  0.892403  0.124634  
0.855917  0.229927  2.00001  2  6.85938  9.29238  0.8924  0.124637  
1  3.81599e-06  2.00001  2  6.85938  9.29238  0.984452  0.0314119  
5.85938  0.0763369  2.00001  2  6.85938  9.29238  0.892397  0.124639  
0.916777  0.124628  2.00001  2  6.85938  9.29238  0.892399  0.124637  
0.00163023  1  2.00001  2  6.85938  9.29238  0.892397  0.12464  
0.334653  0.666709  2.00001  2  6.85938  9.29238  0.892409  0.124631  
5.29724  0.121391  2.00001  2  6.85938  9.29238  0.85592  0.229914  
0.892462  0.124628  2.00001  2  6.85938  9.29238  0.892399  0.124638  
0.892401  0.124638  2.00001  2  6.85938  9.29238  1  1.26523e-07  
5.71007  0.125108  2.00001  2  6.85938  9.29238  0.892394  0.124644  
1.02533  1.26008e-07  2.00001  2  6.85938  9.29238  0.892398  0.124639  
5.68423  0.309126  2.00001  2  6.85938  9.29238  0.892393  0.124646  
0.401447  0.632542  2.00001  2  6.85938  9.29238  0.892398  0.124638  
0.285869  0.741647  2.00001  2  6.85938  9.29238  0.315197  0.703324  
0.333446  0.66671  2.00001  2  6.85938  9.29238  0.892399  0.124638  
0.285876  0.741647  2.00001  2  6.85938  9.29238  0.892395  0.124643  
0.333292  0.66671  2.00001  2  6.85938  9.29238  0.892401  0.124636  
0.984452  0.0314119  2.00001  2  6.85938  9.29238  0.285593  0.741647  
0.285593  0.741647  2.00001  2  6.85938  9.29238  0.892398  0.124638  
0.348963  0.666709  2.00001  2  6.85938  9.29238  2.74603e-08  1  
0.915624  0.124628  2.00001  2  6.85938  9.29238  0.8924  0.124636  
0.892388  0.124663  2.00001  2  6.85938  9.29238  0.333292  0.666709  
0.909733  0.12464  2.00001  2  6.85938  9.29238  0.892397  0.12464  
0.833584  0.22992  2.00001  2  6.85938  9.29238  0.892396  0.12464  
0.892387  0.124839  2.00001  2  6.85938  9.29238  0.892398  0.124638  
0.401447  0.632203  2.00001  2  6.85938  9.29238  0.892401  0.124635  
7.59741e-07  1.00004  2.00001  2  6.85938  9.29238  0.401447  0.632203  
0.834477  0.229914  2.00001  2  6.85938  9.29238  0.892403  0.124634  
5.08986  0.470843  2.00001  2  6.85938  9.29238  0.892399  0.124638  
0.287017  0.741647  2.00001  2  6.85938  9.29238  0.892398  0.124639  
0.063047  1  2.00001  2  6.85938  9.29238  0.855926  0.229908  
2.72136e-08  1.01558  2.00001  2  6.85938  9.29238  0.892399  0.124637  
5.08966  4.4944  2.00001  2  6.85938  9.29238  0.833678  0.22992  
0.909758  0.124628  2.00001  2  6.85938  9.29238  0.892399  0.124637  
0.0563478  1  2.00001  2  6.85938  9.29238  0.892419  0.124629  
0.000116504  1  2.00001  2  6.85938  9.29238  0.892387  0.124839  
4.00892e-06  1.00004  2.00001  2  6.85938  9.29238  0.89246  0.124628  
0.315197  0.703325  2.00001  2  6.85938  9.29238  0.401447  0.632542  
5.08959  6.26059  2  2  6.85938  9.29238  0.892398  0.124638  
0.0563368  1.50162  2  2  6.85938  9.29238  0.892398  0.124638  
5.67964  8.29238  2  2  6.85938  9.29238  0.892395  0.124642  
3.95222e-06  1.43954  2  2  6.85938  9.29238  0.892395  0.124642  
5.08959  6.26059  2  2  6.85938  9.29238  0.892394  0.124643  
0.285869  0.764609  2  2  6.85938  9.29238  0.892387  0.124658  
0.892437  0.12464  2  2  6.85938  9.29238  1  1.26035e-07  
0.892398  0.124639  2  2  6.85938  9.29238  0.833635  0.229908  
0.855923  0.22991  2  2  6.85938  9.29238  0.892393  0.124646  
0.90973  0.124686  2  2  6.85938  9.29238  0.892397  0.124639  
5.67964  8.29238  2  2  6.85938  9.29238  0.892398  0.124638  
1  0.424251  2  2  6.85938  9.29238  0.8924  0.124637  
1  0.0831521  2  2  6.85938  9.29238  0.285593  0.741647  
0.285869  0.764609  2  2  6.85938  9.29238  0.285593  0.741647  
3.96675e-06  1.0329  2  2  6.85938  9.29238  0.315196  0.70332  
6.9153e-07  1.00425  2  2  6.85938  9.29238  0.833448  0.229909  
6.9153e-07  1.00425  2  2  6.85938  9.29238  1  1.26035e-07  
3.64984e-07  1.00028  2  2  6.85938  9.29238  0.833448  0.229909  
0.892436  0.124643  2  2  6.85938  9.29238  0.8924  0.124636  
3.25714e-07  1.00019  2  2  6.85938  9.29238  0.315196  0.70332  
3.0772e-07  1.02475  2  2  6.85938  9.29238  1  1.26035e-07  
0.285693  0.741901  2  2  6.85938  9.29238  0.892426  0.124627  
0.000106077  1.00004  2  2  6.85938  9.29238  0.315196  0.70332  
3.5694e-07  1.00742  2  2  6.85938  9.29238  0.892398  0.124638  
0.892401  0.124638  2  2  6.85938  9.29238  0.8924  0.124636  
1.90643e-06  1.00004  2  2  6.85938  9.29238  0.892398  0.124638  
2.96704e-08  1  2  2  6.85938  9.29238  0.892401  0.124636  
3.95222e-06  1.04495  2  2  6.85938  9.29238  0.315196  0.70332  
0.285871  0.741649  2  2  6.85938  9.29238  0.892397  0.124639  
0.333293  0.666711  2  2  6.85938  9.29238  1  1.26035e-07  
1.00001  1.31973e-07  2  2  6.85938  9.29238  0.892396  0.12464  
0.285594  0.741978  2  2  6.85938  9.29238  0.855925  0.229908  
0.286228  0.741648  2  2  6.85938  9.29238  0.333292  0.666709  
0.333293  0.666711  2  2  6.85938  9.29238  0.285593  0.741647  
0.00116628  1  2  2  6.85938  9.29238  0.892393  0.124646  
0.892397  0.12464  2  2  6.85938  9.29238  0.892395  0.124642  
0.833319  0.22992  2  2  6.85938  9.29238  1  1.26035e-07  
5.67968  0.734815  2  2  6.85938  9.29238  0.892398  0.124638  
0.285694  0.741651  2  2  6.85938  9.29238  0.401447  0.632245  
0.892386  0.125743  2  2  6.85938  9.29238  0.855926  0.229908  
0.915499  0.124626  2  2  6.85938  9.29238  0.892387  0.124658  
1  0.00837105  2  2  6.85938  9.29238  0.892398  0.124638  
0.833319  0.263287  2  2  6.85938  9.29238  1  1.26035e-07  
0.909777  0.124626  2  2  6.85938  9.29238  0.8924  0.124636  
0.0655518  1  2  2  6.85938  9.29238  1  1.26035e-07  
0.285704  0.741648  2  2  6.85938  9.29238  0.892391  0.124651  
5.67965  3.69936  2  2  6.85938  9.29238  0.8924  0.124636  
0.0563368  1.44843  2  2  6.85938  9.29238  0.833319  0.229918  
5.71124  0.125105  2  2  6.85938  9.29238  0.401447  0.632203  
1  0.000232699  2  2  6.85938  9.29238  0.892401  0.124636  
0.984449  0.0314914  2  2  6.85938  9.29238  0.8924  0.124636  
0.855926  0.229908  2  2  6.85938  9.29238  0.892418  0.124627  
0.285595  0.741648  2  2  6.85938  9.29238  0.833448  0.229909  
5.09119  0.125085  2  2  6.85938  9.29238  0.984452  0.0314118  
4.35896e-06  1  2  2  6.85938  9.29238  0.285593  0.741647  
5.682  0.319328  2  2  6.85938  9.29238  0.8924  0.124636  
0.0563388  1.00307  2  2  6.85938  9.29238  0.892395  0.124642  
1  7.30946e-07  2  2  6.85938  9.29238  0.8924  0.124637  
0.000365718  1  2  2  6.85938  9.29238  0.892398  0.124638  
0.892475  0.124627  2  2  6.85938  9.29238  0.892401  0.124635  
5.08974  0.472141  2  2  6.85938  9.29238  0.855925  0.229908  
5.68078  0.570284  2  2  6.85938  9.29238  0.892403  0.124634  
0.315249  0.70332  2  2  6.85938  9.29238  0.8924  0.124637  
1  3.81599e-06  2  2  6.85938  9.29238  0.401447  0.632203  
5.85938  0.0763369  2  2  6.85938  9.29238  0.892397  0.124639  
0.833347  0.229911  2  2  6.85938  9.29238  0.892399  0.124637  
0.00163023  1  2  2  6.85938  9.29238  0.892397  0.12464  
0.334653  0.666709  2  2  6.85938  9.29238  0.984452  0.0314118  
5.29724  0.121391  2  2  6.85938  9.29238  0.833341  0.229911  
0.834375  0.229908  2  2  6.85938  9.29238  0.892399  0.124638  
0.869243  0.229908  2  2  6.85938  9.29238  1  1.26035e-07  
5.71007  0.125108  2  2  6.85938  9.29238  0.892394  0.124643  
1.02533  1.26008e-07  2  2  6.85938  9.29238  0.892398  0.124639  
5.68423  0.309126  2  2  6.85938  9.29238  0.892398  0.124639  
0.401447  0.632245  2  2  6.85938  9.29238  0.892398  0.124638  
0.285869  0.741647  2  2  6.85938  9.29238  0.315196  0.70332  
0.333446  0.66671  2  2  6.85938  9.29238  0.892399  0.124638  
0.285876  0.741647  2  2  6.85938  9.29238  0.892395  0.124642  
0.333292  0.66671  2  2  6.85938  9.29238  0.892399  0.124638  
0.984452  0.0314118  2  2  6.85938  9.29238  0.892409  0.124631  
0.857061  0.229908  2  2  6.85938  9.29238  0.892398  0.124638  
0.348963  0.666709  2  2  6.85938  9.29238  2.59648e-08  1  
0.401447  0.636112  2  2  6.85938  9.29238  0.8924  0.124636  
0.285593  0.741647  2  2  6.85938  9.29238  0.333292  0.666709  
0.909733  0.12464  2  2  6.85938  9.29238  0.892397  0.12464  
0.892386  0.124661  2  2  6.85938  9.29238  0.892396  0.12464  
0.833319  0.229918  2  2  6.85938  9.29238  0.892398  0.124638  
0.401447  0.632203  2  2  6.85938  9.29238  0.892401  0.124635  
7.59741e-07  1.00004  2  2  6.85938  9.29238  0.401447  0.632203  
0.833448  0.229909  2  2  6.85938  9.29238  0.892403  0.124634  
5.08986  0.470843  2  2  6.85938  9.29238  0.855926  0.229908  
0.287017  0.741647  2  2  6.85938  9.29238  0.833635  0.229908  
0.921521  0.124626  2  2  6.85938  9.29238  0.892398  0.124638  
2.59648e-08  1  2  2  6.85938  9.29238  0.892386  0.125743  
5.08966  4.4944  2  2  6.85938  9.29238  0.984449  0.0314319  
0.893915  0.124626  2  2  6.85938  9.29238  0.892432  0.124626  
0.0563478  1  2  2  6.85938  9.29238  0.892398  0.124638  
0.000116504  1  2  2  6.85938  9.29238  0.833319  0.25047  
4.00892e-06  1.00004  2  2  6.85938  9.29238  0.401447  0.632501  
0.315196  0.703324  2  2  6.85938  9.29238  0.856498  0.229908  
