0.416762  0.739133  0.529143  4.22871  4.32753  4.74502  1.79769e+308  1.79769e+308  1.79769e+308  0.416762  0.739133  0.529143  
0.810044  0.563598  0.161821  4.22871  4.32753  4.74502  1.79769e+308  1.79769e+308  1.79769e+308  0.810044  0.563598  0.161821  
0.0371187  3.32753  3.48883  4.22871  4.32753  4.74502  1.79769e+308  1.79769e+308  1.79769e+308  0.0371187  3.32753  3.48883  
2.2284  0.48262  3.35341  4.22871  4.32753  4.74502  1.79769e+308  1.79769e+308  1.79769e+308  2.2284  0.48262  3.35341  
0.395383  0.917031  0.0522155  4.22871  4.32753  4.74502  1.79769e+308  1.79769e+308  1.79769e+308  0.395383  0.917031  0.0522155  
0.590698  0.806851  0.00815698  4.22871  4.32753  4.74502  1.79769e+308  1.79769e+308  1.79769e+308  0.590698  0.806851  0.00815698  
0.668641  0.665578  0.331549  4.22871  4.32753  4.74502  1.79769e+308  1.79769e+308  1.79769e+308  0.668641  0.665578  0.331549  
3.22871  1.23091  3.65941  4.22871  4.32753  4.74502  1.79769e+308  1.79769e+308  1.79769e+308  3.22871  1.23091  3.65941  
0.350268  0.737803  2.40789  4.22871  4.32753  4.74502  1.79769e+308  1.79769e+308  1.79769e+308  0.350268  0.737803  2.40789  
1.26473  2.07771  3.48337  4.22871  4.32753  4.74502  1.79769e+308  1.79769e+308  1.79769e+308  1.26473  2.07771  3.48337  
0.54845  0.772318  0.320513  4.22871  4.32753  4.74502  1.79769e+308  1.79769e+308  1.79769e+308  0.54845  0.772318  0.320513  
2.05254  0.201967  3.47094  4.22871  4.32753  4.74502  1.79769e+308  1.79769e+308  1.79769e+308  2.05254  0.201967  3.47094  
0.0479838  0.0314887  1.24953  4.22871  4.32753  4.74502  1.79769e+308  1.79769e+308  1.79769e+308  0.0479838  0.0314887  1.24953  
0.0426499  0.964833  0.259381  4.22871  4.32753  4.74502  1.79769e+308  1.79769e+308  1.79769e+308  0.0426499  0.964833  0.259381  
1.18477  0.533577  3.097  4.22871  4.32753  4.74502  1.79769e+308  1.79769e+308  1.79769e+308  1.18477  0.533577  3.097  
0.0171424  0.00502766  1.09364  4.22871  4.32753  4.74502  1.79769e+308  1.79769e+308  1.79769e+308  0.0171424  0.00502766  1.09364  
0.0676646  0.0325528  1.30909  4.22871  4.32753  4.74502  1.79769e+308  1.79769e+308  1.79769e+308  0.0676646  0.0325528  1.30909  
0.806956  1.14575  2.67915  4.22871  4.32753  4.74502  1.79769e+308  1.79769e+308  1.79769e+308  0.806956  1.14575  2.67915  
2.28563  2.5493  3.74502  4.22871  4.32753  4.74502  1.79769e+308  1.79769e+308  1.79769e+308  2.28563  2.5493  3.74502  
0.214288  0.722649  0.65716  4.22871  4.32753  4.74502  1.79769e+308  1.79769e+308  1.79769e+308  0.214288  0.722649  0.65716  
0.0121851  0.852921  2.64324  4.22871  4.32753  4.74502  1.79769e+308  1.79769e+308  1.79769e+308  0.0121851  0.852921  2.64324  
0.0369189  0.827286  0.560566  4.22871  4.32753  4.74502  1.79769e+308  1.79769e+308  1.79769e+308  0.0369189  0.827286  0.560566  
0.593263  2.91963  3.13511  4.22871  4.32753  4.74502  1.79769e+308  1.79769e+308  1.79769e+308  0.593263  2.91963  3.13511  
0.0083622  0.863863  2.60223  4.22871  4.32753  4.74502  1.79769e+308  1.79769e+308  1.79769e+308  0.0083622  0.863863  2.60223  
0.215491  0.036211  1.7453  4.22871  4.32753  4.74502  1.79769e+308  1.79769e+308  1.79769e+308  0.215491  0.036211  1.7453  
0.173528  0.388582  2.05595  4.22871  4.32753  4.74502  1.79769e+308  1.79769e+308  1.79769e+308  0.173528  0.388582  2.05595  
1.16167  1.72921  3.48158  4.22871  4.32753  4.74502  1.79769e+308  1.79769e+308  1.79769e+308  1.16167  1.72921  3.48158  
0.982819  0.124697  0.136078  4.22871  4.32753  4.74502  1.79769e+308  1.79769e+308  1.79769e+308  0.982819  0.124697  0.136078  
0.241892  0.773737  0.585508  4.22871  4.32753  4.74502  1.79769e+308  1.79769e+308  1.79769e+308  0.241892  0.773737  0.585508  
0.82638  0.442586  0.348157  4.22871  4.32753  4.74502  1.79769e+308  1.79769e+308  1.79769e+308  0.82638  0.442586  0.348157  
0.887068  1.66057  3.0394  4.22871  4.32753  4.74502  1.79769e+308  1.79769e+308  1.79769e+308  0.887068  1.66057  3.0394  
1.03065  3.18815  3.44769  4.22871  4.32753  4.74502  1.79769e+308  1.79769e+308  1.79769e+308  1.03065  3.18815  3.44769  
0.0595086  0.00237522  1.25338  4.22871  4.32753  4.74502  1.79769e+308  1.79769e+308  1.79769e+308  0.0595086  0.00237522  1.25338  
0.065433  0.190592  1.60638  4.22871  4.32753  4.74502  1.79769e+308  1.79769e+308  1.79769e+308  0.065433  0.190592  1.60638  
0.439127  0.764901  0.471269  4.22871  4.32753  4.74502  1.79769e+308  1.79769e+308  1.79769e+308  0.439127  0.764901  0.471269  
0.759645  0.205457  0.617031  4.22871  4.32753  4.74502  1.79769e+308  1.79769e+308  1.79769e+308  0.759645  0.205457  0.617031  
0.0741557  0.149798  1.57724  4.22871  4.32753  4.74502  1.79769e+308  1.79769e+308  1.79769e+308  0.0741557  0.149798  1.57724  
0.1534  0.509193  2.27125  4.22871  4.32753  4.74502  1.79769e+308  1.79769e+308  1.79769e+308  0.1534  0.509193  2.27125  
0.524594  2.76905  2.87049  4.22871  4.32753  4.74502  1.79769e+308  1.79769e+308  1.79769e+308  0.524594  2.76905  2.87049  
0.994021  1.04612  2.87913  4.22871  4.32753  4.74502  1.79769e+308  1.79769e+308  1.79769e+308  0.994021  1.04612  2.87913  
0.630597  0.633364  0.44855  4.22871  4.32753  4.74502  1.79769e+308  1.79769e+308  1.79769e+308  0.630597  0.633364  0.44855  
0.685242  0.401254  2.47714  4.22871  4.32753  4.74502  1.79769e+308  1.79769e+308  1.79769e+308  0.685242  0.401254  2.47714  
0.616417  0.753142  0.229799  4.22871  4.32753  4.74502  1.79769e+308  1.79769e+308  1.79769e+308  0.616417  0.753142  0.229799  
0.467799  0.807121  0.360166  4.22871  4.32753  4.74502  1.79769e+308  1.79769e+308  1.79769e+308  0.467799  0.807121  0.360166  
0.561105  0.827737  0.00352796  4.22871  4.32753  4.74502  1.79769e+308  1.79769e+308  1.79769e+308  0.561105  0.827737  0.00352796  
0.941284  0.284564  0.18168  4.22871  4.32753  4.74502  1.79769e+308  1.79769e+308  1.79769e+308  0.941284  0.284564  0.18168  
0.4701  0.891707  2.89117  4.22871  4.32753  4.74502  1.79769e+308  1.79769e+308  1.79769e+308  0.4701  0.891707  2.89117  
2.654  0.981377  3.3433  4.22871  4.32753  4.74502  1.79769e+308  1.79769e+308  1.79769e+308  2.654  0.981377  3.3433  
2.10781  2.26494  3.72713  4.22871  4.32753  4.74502  1.79769e+308  1.79769e+308  1.79769e+308  2.10781  2.26494  3.72713  
1.76905  2.24047  3.54589  4.22871  4.32753  4.74502  1.79769e+308  1.79769e+308  1.79769e+308  1.76905  2.24047  3.54589  
0.477137  0.471215  2.33612  4.22871  4.32753  4.74502  1.79769e+308  1.79769e+308  1.79769e+308  0.477137  0.471215  2.33612  
0.26198  0.118991  1.91325  4.22871  4.32753  4.74502  1.79769e+308  1.79769e+308  1.79769e+308  0.26198  0.118991  1.91325  
0.479034  0.62316  0.618222  4.22871  4.32753  4.74502  1.79769e+308  1.79769e+308  1.79769e+308  0.479034  0.62316  0.618222  
1.85637  0.834912  3.18467  4.22871  4.32753  4.74502  1.79769e+308  1.79769e+308  1.79769e+308  1.85637  0.834912  3.18467  
2.16163  0.594699  3.01138  4.22871  4.32753  4.74502  1.79769e+308  1.79769e+308  1.79769e+308  2.16163  0.594699  3.01138  
0.367147  0.930044  0.0148722  4.22871  4.32753  4.74502  1.79769e+308  1.79769e+308  1.79769e+308  0.367147  0.930044  0.0148722  
0.863028  0.512497  2.57786  4.22871  4.32753  4.74502  1.79769e+308  1.79769e+308  1.79769e+308  0.863028  0.512497  2.57786  
0.029925  0.00332782  1.14177  4.22871  4.32753  4.74502  1.79769e+308  1.79769e+308  1.79769e+308  0.029925  0.00332782  1.14177  
1.95789  2.15414  3.22137  4.22871  4.32753  4.74502  1.79769e+308  1.79769e+308  1.79769e+308  1.95789  2.15414  3.22137  
0.903174  0.33425  0.269357  4.22871  4.32753  4.74502  1.79769e+308  1.79769e+308  1.79769e+308  0.903174  0.33425  0.269357  
0.145065  0.528865  2.00783  4.22871  4.32753  4.74502  1.79769e+308  1.79769e+308  1.79769e+308  0.145065  0.528865  2.00783  
0.630054  0.403709  0.663364  4.22871  4.32753  4.74502  1.79769e+308  1.79769e+308  1.79769e+308  0.630054  0.403709  0.663364  
2.15746  2.27529  3.3581  4.22871  4.32753  4.74502  1.79769e+308  1.79769e+308  1.79769e+308  2.15746  2.27529  3.3581  
0.510236  2.23605  2.62781  4.22871  4.32753  4.74502  1.79769e+308  1.79769e+308  1.79769e+308  0.510236  2.23605  2.62781  
0.735746  0.239748  0.633402  4.22871  4.32753  4.74502  1.79769e+308  1.79769e+308  1.79769e+308  0.735746  0.239748  0.633402  
0.751782  0.0312498  2.03166  4.22871  4.32753  4.74502  1.79769e+308  1.79769e+308  1.79769e+308  0.751782  0.0312498  2.03166  
0.773027  0.428665  0.467627  4.22871  4.32753  4.74502  1.79769e+308  1.79769e+308  1.79769e+308  0.773027  0.428665  0.467627  
0.638888  0.24008  2.33111  4.22871  4.32753  4.74502  1.79769e+308  1.79769e+308  1.79769e+308  0.638888  0.24008  2.33111  
0.151237  0.74351  0.651399  4.22871  4.32753  4.74502  1.79769e+308  1.79769e+308  1.79769e+308  0.151237  0.74351  0.651399  
0.0387483  0.987155  0.154996  4.22871  4.32753  4.74502  1.79769e+308  1.79769e+308  1.79769e+308  0.0387483  0.987155  0.154996  
0.364039  0.856142  0.366739  4.22871  4.32753  4.74502  1.79769e+308  1.79769e+308  1.79769e+308  0.364039  0.856142  0.366739  
0.0772566  0.0185781  1.32409  4.22871  4.32753  4.74502  1.79769e+308  1.79769e+308  1.79769e+308  0.0772566  0.0185781  1.32409  
0.741956  0.177495  0.646527  4.22871  4.32753  4.74502  1.79769e+308  1.79769e+308  1.79769e+308  0.741956  0.177495  0.646527  
0.310343  0.938213  0.153113  4.22871  4.32753  4.74502  1.79769e+308  1.79769e+308  1.79769e+308  0.310343  0.938213  0.153113  
1.23357  1.08605  3.14145  4.22871  4.32753  4.74502  1.79769e+308  1.79769e+308  1.79769e+308  1.23357  1.08605  3.14145  
0.626413  0.655492  0.421826  4.22871  4.32753  4.74502  1.79769e+308  1.79769e+308  1.79769e+308  0.626413  0.655492  0.421826  
0.0260851  1.07625  2.81837  4.22871  4.32753  4.74502  1.79769e+308  1.79769e+308  1.79769e+308  0.0260851  1.07625  2.81837  
0.636081  1.68898  2.88762  4.22871  4.32753  4.74502  1.79769e+308  1.79769e+308  1.79769e+308  0.636081  1.68898  2.88762  
0.0418085  0.989071  0.141389  4.22871  4.32753  4.74502  1.79769e+308  1.79769e+308  1.79769e+308  0.0418085  0.989071  0.141389  
0.85504  0.270997  0.442116  4.22871  4.32753  4.74502  1.79769e+308  1.79769e+308  1.79769e+308  0.85504  0.270997  0.442116  
0.469889  0.878967  0.0813733  4.22871  4.32753  4.74502  1.79769e+308  1.79769e+308  1.79769e+308  0.469889  0.878967  0.0813733  
0.412893  0.781327  2.56456  4.22871  4.32753  4.74502  1.79769e+308  1.79769e+308  1.79769e+308  0.412893  0.781327  2.56456  
0.997859  0.044742  0.0477055  4.22871  4.32753  4.74502  1.79769e+308  1.79769e+308  1.79769e+308  0.997859  0.044742  0.0477055  
0.630983  0.430597  0.645327  4.22871  4.32753  4.74502  1.79769e+308  1.79769e+308  1.79769e+308  0.630983  0.430597  0.645327  
0.661303  0.561835  0.497011  4.22871  4.32753  4.74502  1.79769e+308  1.79769e+308  1.79769e+308  0.661303  0.561835  0.497011  
0.494719  0.675129  0.547224  4.22871  4.32753  4.74502  1.79769e+308  1.79769e+308  1.79769e+308  0.494719  0.675129  0.547224  
0.358255  0.70791  0.608701  4.22871  4.32753  4.74502  1.79769e+308  1.79769e+308  1.79769e+308  0.358255  0.70791  0.608701  
0.175535  1.27121  2.91149  4.22871  4.32753  4.74502  1.79769e+308  1.79769e+308  1.79769e+308  0.175535  1.27121  2.91149  
0.504001  0.185202  2.05572  4.22871  4.32753  4.74502  1.79769e+308  1.79769e+308  1.79769e+308  0.504001  0.185202  2.05572  
0.989283  0.0782125  0.1233  4.22871  4.32753  4.74502  1.79769e+308  1.79769e+308  1.79769e+308  0.989283  0.0782125  0.1233  
0.679046  0.36117  0.639103  4.22871  4.32753  4.74502  1.79769e+308  1.79769e+308  1.79769e+308  0.679046  0.36117  0.639103  
0.0616322  0.0541315  1.34401  4.22871  4.32753  4.74502  1.79769e+308  1.79769e+308  1.79769e+308  0.0616322  0.0541315  1.34401  
0.866189  0.414163  0.279617  4.22871  4.32753  4.74502  1.79769e+308  1.79769e+308  1.79769e+308  0.866189  0.414163  0.279617  
1.64043  0.070234  2.88985  4.22871  4.32753  4.74502  1.79769e+308  1.79769e+308  1.79769e+308  1.64043  0.070234  2.88985  
0.923797  0.301293  0.236264  4.22871  4.32753  4.74502  1.79769e+308  1.79769e+308  1.79769e+308  0.923797  0.301293  0.236264  
0.984438  0.0132276  0.175234  4.22871  4.32753  4.74502  1.79769e+308  1.79769e+308  1.79769e+308  0.984438  0.0132276  0.175234  
0.835557  0.06245  0.545843  4.22871  4.32753  4.74502  1.79769e+308  1.79769e+308  1.79769e+308  0.835557  0.06245  0.545843  
0.344324  0.910814  0.227727  4.22871  4.32753  4.74502  1.79769e+308  1.79769e+308  1.79769e+308  0.344324  0.910814  0.227727  
0.356105  0.817666  0.45234  4.22871  4.32753  4.74502  1.79769e+308  1.79769e+308  1.79769e+308  0.356105  0.817666  0.45234  
0.598544  0.480896  0.64069  4.22871  4.32753  4.74502  1.79769e+308  1.79769e+308  1.79769e+308  0.598544  0.480896  0.64069  
0.406672  0.72621  0.554289  2  2  2  2  2  2  0.458893  0.702566  0.543891  
0.435654  0.900114  3.18592e-08  2  2  2  2  2  2  0.420074  0.850824  0.315653  
0.753133  0.657868  9.71776e-08  2  2  2  2  2  2  0.632462  0.517955  0.575947  
0.984734  9.65275e-08  0.174066  2  2  2  2  2  2  0.742211  0  0.670166  
0.308981  0.892337  0.329038  2  2  2  2  2  2  0.60992  0.715529  0.340611  
0.608281  0.793722  1.30203e-17  2  2  2  2  2  2  0.365455  0.894799  0.256473  
0.668932  0.685923  0.286427  2  2  2  2  2  2  0.933574  0.358386  1.16199e-07  
0.891483  0.330765  0.309602  2  2  2  2  2  2  0.459639  0.797547  0.390706  
0.81199  0.508906  0.28581  2  2  2  2  2  2  0.704403  0.285535  0.649835  
0.142282  0.692658  0.707093  2  2  2  2  2  2  0.857228  0.446208  0.257019  
0.851301  0.524678  1.51775e-17  2  2  2  2  2  2  0.291092  0.874298  0.388418  
0.455278  0.541044  0.707102  2  2  2  2  2  2  0.231695  0.668084  0.707094  
0.493219  0.506705  0.707097  2  2  2  2  2  2  0.412501  0.650706  0.637515  
2.1652e-07  0.95803  0.286669  2  2  2  2  2  2  0.665789  0.238208  0.707094  
0.710225  0.390474  0.585756  2  2  2  2  2  2  0.716232  0.611978  0.335401  
0.78735  0.616506  2.41646e-18  2  2  2  2  2  2  0.348435  0.937333  9.71763e-08  
0.324772  0.945792  0  2  2  2  2  2  2  4.02435e-17  4.61504e-17  1  
0.978386  0.206785  9.1115e-08  2  2  2  2  2  2  0.754173  0.656676  3.18592e-08  
6.8947e-08  0.880231  0.474545  2  2  2  2  2  2  0.285622  0.958342  1.22654e-17  
0.623209  0.334109  0.707094  2  2  2  2  2  2  0.964259  0  0.26496  
0.683759  0.729708  8.96979e-18  2  2  2  2  2  2  0.408963  0.912551  3.18945e-18  
0.526691  0.850057  1.30203e-17  2  2  2  2  2  2  0.707119  0  0.707094  
0.413484  0.864645  0.285343  2  2  2  2  2  2  0.984346  0  0.176248  
0.271475  0.652941  0.707085  2  2  2  2  2  2  0.878761  0.477261  3.08528e-19  
0.747373  0.262815  0.610214  2  2  2  2  2  2  0.534907  0.462481  0.707097  
0.648845  0.281105  0.707093  2  2  2  2  2  2  0.743181  0.522742  0.417639  
3.12099e-08  0.935528  0.353252  2  2  2  2  2  2  0.676798  0.563292  0.473969  
0.911439  0.411435  3.18592e-08  2  2  2  2  2  2  0.508832  0.860866  1.21483e-17  
0.681175  0.322333  0.657344  2  2  2  2  2  2  0.572542  0.414983  0.707096  
0.784809  0.468787  0.405356  2  2  2  2  2  2  0.26385  0.921937  0.283576  
0.451576  0.656462  0.604266  2  2  2  2  2  2  0.684252  0.729246  1.43656e-19  
0.414659  0.572769  0.707102  2  2  2  2  2  2  4.32985e-17  0.707119  0.707095  
0.760626  0.574176  0.302936  2  2  2  2  2  2  0.708881  0.464193  0.531048  
0.213318  0.674177  0.707094  2  2  2  2  2  2  0.20668  0.978409  1.27018e-18  
0.513634  0.744543  0.426421  2  2  2  2  2  2  0.807066  0.490737  0.328362  
0.529123  0.469096  0.707091  2  2  2  2  2  2  0.504039  0.629355  0.591487  
0.943617  0  0.33104  2  2  2  2  2  2  0.640802  0.642089  0.420826  
0.707119  0  0.707094  2  2  2  2  2  2  2.14499e-07  0.949091  0.315003  
0.703297  0.620819  0.346347  2  2  2  2  2  2  0.850636  0.278818  0.445734  
4.32985e-17  0.707119  0.707095  2  2  2  2  2  2  1.16129e-07  0.98583  0.167746  
0.581744  0.606823  0.541609  2  2  2  2  2  2  0.595148  0.599526  0.535133  
0.965426  6.55197e-08  0.260676  2  2  2  2  2  2  0.558497  0.829507  1.21483e-17  
0.862036  0.281792  0.421292  2  2  2  2  2  2  0.745047  0.334428  0.577115  
0.480805  0.813449  0.327304  2  2  2  2  2  2  0.531785  0.559272  0.63594  
0.567265  0.823536  4.65674e-08  2  2  2  2  2  2  0.670589  0.407281  0.620026  
0.57169  0.546481  0.611988  2  2  2  2  2  2  5.92618e-17  0.967818  0.25165  
5.99052e-17  0.978326  0.207069  2  2  2  2  2  2  5.40796e-17  0.883187  0.46902  
0.820403  0.571785  3.23227e-08  2  2  2  2  2  2  1.67623e-07  0.741679  0.670755  
0.621861  0.654005  0.430774  2  2  2  2  2  2  0.294949  0.64267  0.707093  
0.776624  0  0.629965  2  2  2  2  2  2  0.798713  0.301922  0.520482  
0.839467  0.402857  0.364694  2  2  2  2  2  2  0.646767  0.762688  1.11844e-08  
0.555603  0.779617  0.288969  2  2  2  2  2  2  0.464606  0.885518  0  
0.322839  0.629112  0.707102  2  2  2  2  2  2  0.638563  0.303728  0.707097  
1.15951e-07  0.848505  0.529188  2  2  2  2  2  2  1  2.96931e-21  0  
0.740148  1.74752e-07  0.672444  2  2  2  2  2  2  0.689069  0.158751  0.707094  
0.386594  0.92225  9.71763e-08  2  2  2  2  2  2  0.772919  0.426053  0.470186  
0.958358  0.28557  1.03298e-07  2  2  2  2  2  2  0.330796  0.82836  0.452099  
0.594536  0.382814  0.707093  2  2  2  2  2  2  0.817776  0.575537  3.23227e-08  
3.27133e-13  5.41357e-17  1  2  2  2  2  2  2  5.54869e-17  0.90617  0.422913  
0.691412  0.148216  0.707094  2  2  2  2  2  2  1.10426e-07  0.858589  0.512664  
2.87499e-08  0.817182  0.57638  2  2  2  2  2  2  0.925571  0.275981  0.259138  
0.723159  0.5353  0.436458  2  2  2  2  2  2  2.95588e-08  0.928429  0.371511  
0.750845  0.427712  0.503283  2  2  2  2  2  2  0.286855  0.700908  0.653025  
0.275896  0.755703  0.593965  2  2  2  2  2  2  0.335823  0.735925  0.587909  
0.646767  0.762688  1.11844e-08  2  2  2  2  2  2  0.596647  0.464011  0.654756  
0.563122  0.427678  0.707096  2  2  2  2  2  2  0.847366  0.53101  1.9344e-07  
0.255778  0.966736  1.6049e-09  2  2  2  2  2  2  0.607064  0.362615  0.707095  
0.488313  0.586239  0.646432  2  2  2  2  2  2  0.153949  0.690157  0.707094  
0.784088  0.292888  0.547195  2  2  2  2  2  2  0.401538  0.582052  0.707095  
0.258256  0.861047  0.438067  2  2  2  2  2  2  0.775617  0  0.631203  
0.597211  0.724017  0.345164  2  2  2  2  2  2  0.515079  0.816356  0.26126  
0.869263  1.07235e-07  0.49435  2  2  2  2  2  2  0.411153  0.766297  0.493703  
0.895088  1.10421e-07  0.445889  2  2  2  2  2  2  0.917518  1.13188e-07  0.397694  
0.620715  0.455025  0.638487  2  2  2  2  2  2  0.881524  0.358847  0.306831  
2.8966e-08  0.909809  0.415028  2  2  2  2  2  2  0.493219  0.506705  0.707097  
0.306896  0.801238  0.513647  2  2  2  2  2  2  0.862962  1.06457e-07  0.505268  
0.919244  1.134e-07  0.393689  2  2  2  2  2  2  0.907908  0.41917  4.83761e-19  
0.17092  0.985285  1.27018e-18  2  2  2  2  2  2  0.897608  0.241676  0.368636  
0.482693  0.87579  2.60077e-18  2  2  2  2  2  2  0.449383  0.545961  0.707094  
0.719345  0.694653  1.16199e-07  2  2  2  2  2  2  0.284316  0.793333  0.538319  
0.370558  0.602251  0.707093  2  2  2  2  2  2  6.29685e-08  0.803906  0.594757  
0.882638  0.470054  1.25049e-07  2  2  2  2  2  2  1.13708e-07  0.832091  0.55464  
1  2.17992e-17  3.52417e-10  2  2  2  2  2  2  0.977548  0.210714  9.1115e-08  
0.81105  0  0.584977  2  2  2  2  2  2  0.828364  0.391983  0.400203  
0.675528  0.492735  0.54852  2  2  2  2  2  2  1.15201e-08  0.773525  0.633766  
0.531077  0.681351  0.503705  2  2  2  2  2  2  0.773641  0.565502  0.28581  
0.328455  0.689027  0.646033  2  2  2  2  2  2  0.673952  0.679963  0.288858  
0.927471  0.261676  0.267064  2  2  2  2  2  2  0.720171  0.693797  1.16199e-07  
0.656415  0.57672  0.486327  2  2  2  2  2  2  0.350864  0.61393  0.707096  
0.936175  0.351535  1.16199e-07  2  2  2  2  2  2  0.516156  0.739725  0.431729  
0.671519  0.22153  0.707097  2  2  2  2  2  2  0.786882  0.617104  1.30203e-17  
0.431648  0.770584  0.468915  2  2  2  2  2  2  0.834474  0  0.551047  
0.865625  0.435258  0.247476  2  2  2  2  2  2  0.566894  0.769189  0.294922  
0.380198  0.829506  0.409107  2  2  2  2  2  2  0.805581  1.93431e-07  0.592486  
1.76563e-07  0.781235  0.624237  2  2  2  2  2  2  0.558155  0.675255  0.482176  
3.82407e-10  1  3.03392e-12  2  2  2  2  2  2  0.88968  2.0969e-08  0.456584  
0.841917  2.88646e-17  0.539607  2  2  2  2  2  2  0.942974  0  0.332865  
0.265772  0.928653  0.258782  2  2  2  2  2  2  0.95685  0.290582  1.2832e-11  
1.67877e-07  0.742803  0.66951  2  2  2  2  2  2  6.12323e-17  1  3.69401e-18  
0.813503  0.337426  0.473662  2  2  2  2  2  2  0.604829  0.796356  3.71401e-18  
0.406672  0.72621  0.554289  2  2  2  2  2  2  0.457053  0.702909  0.544997  
0.43636  0.899772  1.7705e-22  2  2  2  2  2  2  0.420964  0.850979  0.314045  
0.753716  0.6572  1.16199e-07  2  2  2  2  2  2  0.632815  0.516038  0.577278  
0.984703  0  0.174242  2  2  2  2  2  2  0.7424  0  0.669956  
0.308981  0.892337  0.329038  2  2  2  2  2  2  0.607842  0.714528  0.346377  
0.611001  0.79163  1.16199e-07  2  2  2  2  2  2  0.365778  0.89481  0.255973  
0.667004  0.684362  0.29454  2  2  2  2  2  2  0.933524  0.358516  1.16199e-07  
0.891587  0.329189  0.310979  2  2  2  2  2  2  0.460571  0.797533  0.389636  
0.812592  0.509218  0.283533  2  2  2  2  2  2  0.704959  0.284161  0.649835  
0.14355  0.692382  0.707107  2  2  2  2  2  2  0.856852  0.446013  0.258607  
0.851422  0.524481  6.55374e-25  2  2  2  2  2  2  0.291348  0.873897  0.389127  
0.456902  0.539668  0.707106  2  2  2  2  2  2  0.234523  0.667083  0.707107  
0.495077  0.504875  0.707107  2  2  2  2  2  2  0.411875  0.651262  0.637351  
5.86358e-17  0.957596  0.288116  2  2  2  2  2  2  0.664787  0.240954  0.707107  
0.710225  0.390474  0.585756  2  2  2  2  2  2  0.715565  0.612333  0.336176  
0.787645  0.61613  1.16199e-07  2  2  2  2  2  2  0.347751  0.937587  0  
0.325157  0.94566  0  2  2  2  2  2  2  4.02435e-17  4.61504e-17  1  
0.978341  0.207001  9.1115e-08  2  2  2  2  2  2  0.75429  0.656542  3.18592e-08  
5.38507e-17  0.879448  0.475995  2  2  2  2  2  2  0.28489  0.95856  0  
0.622391  0.335603  0.707107  2  2  2  2  2  2  0.963812  0  0.266583  
0.685551  0.728024  1.16199e-07  2  2  2  2  2  2  0.40829  0.912852  0  
0.528896  0.848687  8.05091e-26  2  2  2  2  2  2  0.707107  0  0.707107  
0.415024  0.864247  0.28431  2  2  2  2  2  2  0.983995  0  0.178196  
0.2723  0.652574  0.707107  2  2  2  2  2  2  0.878761  0.477261  4.49848e-26  
0.747373  0.262815  0.610214  2  2  2  2  2  2  0.535823  0.461404  0.707107  
0.648219  0.282511  0.707106  2  2  2  2  2  2  0.743304  0.523001  0.417095  
5.72276e-17  0.934597  0.355708  2  2  2  2  2  2  0.676516  0.563073  0.474631  
0.911221  0.411918  6.55374e-25  2  2  2  2  2  2  0.508779  0.860897  1.23098e-24  
0.680649  0.325033  0.656559  2  2  2  2  2  2  0.572615  0.414864  0.707107  
0.7848  0.470154  0.403787  2  2  2  2  2  2  0.264132  0.92163  0.28431  
0.451576  0.656462  0.604266  2  2  2  2  2  2  0.684862  0.728673  1.16199e-07  
0.416601  0.571352  0.707107  2  2  2  2  2  2  4.32978e-17  0.707107  0.707107  
0.760626  0.574176  0.302936  2  2  2  2  2  2  0.709335  0.463661  0.530908  
0.214166  0.673894  0.707107  2  2  2  2  2  2  0.205994  0.978553  1.17343e-22  
0.513634  0.744543  0.426421  2  2  2  2  2  2  0.807066  0.490737  0.328362  
0.530495  0.46752  0.707107  2  2  2  2  2  2  0.502949  0.628893  0.592905  
0.943617  0  0.33104  2  2  2  2  2  2  0.639543  0.641613  0.423459  
0.707107  0  0.707107  2  2  2  2  2  2  2.14499e-07  0.949091  0.315003  
0.703297  0.620819  0.346347  2  2  2  2  2  2  0.849994  0.279215  0.446709  
4.32978e-17  0.707107  0.707107  2  2  2  2  2  2  1.15612e-07  0.985758  0.16817  
0.581744  0.606823  0.541609  2  2  2  2  2  2  0.594385  0.598577  0.53704  
0.965423  0  0.260687  2  2  2  2  2  2  0.558484  0.829515  1.34403e-26  
0.862036  0.281792  0.421292  2  2  2  2  2  2  0.744905  0.334365  0.577336  
0.480805  0.813449  0.327304  2  2  2  2  2  2  0.532186  0.557953  0.636763  
0.571182  0.820823  8.05091e-26  2  2  2  2  2  2  0.671204  0.405964  0.620225  
0.57169  0.546481  0.611988  2  2  2  2  2  2  5.92634e-17  0.967844  0.251551  
5.98937e-17  0.978138  0.207959  2  2  2  2  2  2  5.4058e-17  0.882835  0.469684  
0.820494  0.571656  1.11797e-23  2  2  2  2  2  2  4.53693e-17  0.740937  0.671574  
0.621913  0.65406  0.430616  2  2  2  2  2  2  0.29829  0.641111  0.707107  
0.776499  0  0.630118  2  2  2  2  2  2  0.798262  0.301056  0.521673  
0.839269  0.39967  0.368636  2  2  2  2  2  2  0.647671  0.76192  0  
0.55668  0.778848  0.28897  2  2  2  2  2  2  0.463811  0.885934  0  
0.325061  0.627962  0.707106  2  2  2  2  2  2  0.637411  0.306117  0.707107  
5.18717e-17  0.847129  0.531388  2  2  2  2  2  2  1  1.27907e-30  0  
0.739868  0  0.672752  2  2  2  2  2  2  0.688469  0.161277  0.707107  
0.386025  0.922488  1.82995e-20  2  2  2  2  2  2  0.773187  0.425734  0.470034  
0.9583  0.285765  0  2  2  2  2  2  2  0.333206  0.828532  0.45001  
0.594196  0.383316  0.707107  2  2  2  2  2  2  0.817881  0.575387  4.41894e-26  
3.27133e-13  5.41357e-17  1  2  2  2  2  2  2  5.54832e-17  0.90611  0.423043  
0.691353  0.148429  0.707106  2  2  2  2  2  2  5.2531e-17  0.857897  0.513821  
4.99694e-17  0.816062  0.577964  2  2  2  2  2  2  0.925521  0.276381  0.258893  
0.723159  0.5353  0.436458  2  2  2  2  2  2  5.6854e-17  0.928497  0.37134  
0.750845  0.427712  0.503283  2  2  2  2  2  2  0.286549  0.700296  0.653816  
0.275896  0.755703  0.593965  2  2  2  2  2  2  0.332681  0.736453  0.589033  
0.649009  0.760781  3.18592e-08  2  2  2  2  2  2  0.59728  0.462752  0.65507  
0.563595  0.427038  0.707107  2  2  2  2  2  2  0.847247  0.531199  1.9344e-07  
0.256221  0.966618  0  2  2  2  2  2  2  0.606587  0.363391  0.707107  
0.487146  0.587942  0.645765  2  2  2  2  2  2  0.157063  0.689443  0.707107  
0.784088  0.292888  0.547195  2  2  2  2  2  2  0.405308  0.579418  0.707107  
0.256006  0.858975  0.443421  2  2  2  2  2  2  0.775934  0  0.630815  
0.598715  0.722395  0.345958  2  2  2  2  2  2  0.515414  0.816381  0.260519  
0.869437  0  0.494044  2  2  2  2  2  2  0.40919  0.767049  0.494166  
0.895189  2.10989e-08  0.445687  2  2  2  2  2  2  0.917321  0  0.398147  
0.620715  0.455025  0.638487  2  2  2  2  2  2  0.881395  0.359023  0.306993  
5.56681e-17  0.909129  0.416514  2  2  2  2  2  2  0.495656  0.504307  0.707107  
0.306896  0.801238  0.513647  2  2  2  2  2  2  0.862962  1.06457e-07  0.505268  
0.919405  1.1342e-07  0.393313  2  2  2  2  2  2  0.907854  0.419286  6.55374e-25  
0.171018  0.985268  0  2  2  2  2  2  2  0.896955  0.244091  0.368636  
0.484135  0.874994  0  2  2  2  2  2  2  0.451938  0.543831  0.707107  
0.720329  0.693632  1.76878e-08  2  2  2  2  2  2  0.285043  0.793247  0.538062  
0.372862  0.600811  0.707107  2  2  2  2  2  2  4.91656e-17  0.802935  0.596066  
0.882535  0.470247  1.9344e-07  2  2  2  2  2  2  5.08973e-17  0.831216  0.55595  
1  2.17992e-17  3.52417e-10  2  2  2  2  2  2  0.97758  0.210563  9.02846e-08  
0.81105  0  0.584977  2  2  2  2  2  2  0.828183  0.391897  0.400661  
0.672462  0.494685  0.550528  2  2  2  2  2  2  4.73349e-17  0.773038  0.63436  
0.532237  0.681994  0.501605  2  2  2  2  2  2  0.773608  0.565586  0.285734  
0.328455  0.689027  0.646033  2  2  2  2  2  2  0.673575  0.679583  0.290625  
0.927471  0.261676  0.267064  2  2  2  2  2  2  0.720329  0.693632  1.16199e-07  
0.656283  0.576618  0.486626  2  2  2  2  2  2  0.354615  0.611758  0.707107  
0.935786  0.352568  1.16199e-07  2  2  2  2  2  2  0.516588  0.73879  0.432812  
0.671359  0.221987  0.707106  2  2  2  2  2  2  0.786956  0.617009  1.16199e-07  
0.430199  0.771329  0.46902  2  2  2  2  2  2  0.834817  0  0.550528  
0.862335  0.438849  0.252566  2  2  2  2  2  2  0.566579  0.769287  0.295273  
0.375698  0.831679  0.408852  2  2  2  2  2  2  0.806057  1.93545e-07  0.591837  
4.77985e-17  0.780608  0.62502  2  2  2  2  2  2  0.557116  0.673995  0.485132  
3.82407e-10  1  3.03392e-12  2  2  2  2  2  2  0.889731  2.09702e-08  0.456486  
0.842222  0  0.539131  2  2  2  2  2  2  0.942565  0  0.334024  
0.265599  0.928048  0.261119  2  2  2  2  2  2  0.956881  0.29048  0  
4.54839e-17  0.742808  0.669505  2  2  2  2  2  2  6.12323e-17  1  5.2071e-25  
0.814464  0.339961  0.470186  2  2  2  2  2  2  0.605358  0.795953  1.28788e-24  
0.40136  0.727689  0.556219  2  2  2  2  2  2  0.456936  0.702729  0.545327  
0.438296  0.89883  1.49577e-28  2  2  2  2  2  2  0.421419  0.850754  0.314045  
0.753953  0.656928  3.18592e-08  2  2  2  2  2  2  0.632753  0.515987  0.577391  
0.984703  0  0.174242  2  2  2  2  2  2  0.7424  0  0.669956  
0.310047  0.889982  0.334369  2  2  2  2  2  2  0.607634  0.714283  0.347247  
0.611359  0.791353  5.73909e-31  2  2  2  2  2  2  0.365789  0.894836  0.255864  
0.667004  0.684362  0.29454  2  2  2  2  2  2  0.933524  0.358516  1.15959e-07  
0.892039  0.325026  0.314045  2  2  2  2  2  2  0.460921  0.797124  0.390057  
0.812592  0.509218  0.283533  2  2  2  2  2  2  0.704983  0.2841  0.649835  
0.143495  0.692394  0.707107  2  2  2  2  2  2  0.856852  0.446013  0.258607  
0.851115  0.524979  1.9344e-07  2  2  2  2  2  2  0.291348  0.873897  0.389127  
0.457482  0.539175  0.707107  2  2  2  2  2  2  0.23456  0.66707  0.707107  
0.495346  0.504611  0.707107  2  2  2  2  2  2  0.411782  0.651114  0.637563  
5.86175e-17  0.957296  0.28911  2  2  2  2  2  2  0.664786  0.240954  0.707107  
0.709997  0.39094  0.585721  2  2  2  2  2  2  0.715531  0.612304  0.336301  
0.787807  0.615922  1.16199e-07  2  2  2  2  2  2  0.34755  0.937662  0  
0.326226  0.945292  1.15987e-07  2  2  2  2  2  2  4.02435e-17  4.61504e-17  1  
0.978189  0.207715  0  2  2  2  2  2  2  0.75429  0.656542  3.18429e-08  
5.38022e-17  0.878657  0.477454  2  2  2  2  2  2  0.284501  0.958676  0  
0.622462  0.335472  0.707107  2  2  2  2  2  2  0.963759  0  0.266775  
0.685807  0.727784  4.39033e-27  2  2  2  2  2  2  0.408384  0.91281  0  
0.5296  0.848247  4.43491e-28  2  2  2  2  2  2  0.707107  0  0.707107  
0.415024  0.864247  0.28431  2  2  2  2  2  2  0.983995  0  0.178196  
0.274093  0.651823  0.707107  2  2  2  2  2  2  0.878567  0.47762  2.35937e-08  
0.747373  0.262815  0.610214  2  2  2  2  2  2  0.536255  0.460901  0.707107  
0.648161  0.282643  0.707107  2  2  2  2  2  2  0.743269  0.522977  0.417188  
5.72038e-17  0.934209  0.356725  2  2  2  2  2  2  0.676421  0.562994  0.474861  
0.911143  0.41209  1.16199e-07  2  2  2  2  2  2  0.508779  0.860897  4.09467e-32  
0.680649  0.325033  0.656559  2  2  2  2  2  2  0.572924  0.414437  0.707107  
0.7848  0.470154  0.403787  2  2  2  2  2  2  0.264132  0.921628  0.284318  
0.451576  0.656462  0.604266  2  2  2  2  2  2  0.684954  0.728586  1.15949e-07  
0.417192  0.570921  0.707107  2  2  2  2  2  2  4.32978e-17  0.707107  0.707107  
0.760626  0.574176  0.302936  2  2  2  2  2  2  0.709431  0.463724  0.530723  
0.214659  0.673737  0.707107  2  2  2  2  2  2  0.205508  0.978656  7.78508e-29  
0.512942  0.745991  0.42472  2  2  2  2  2  2  0.806987  0.490867  0.328362  
0.530763  0.467216  0.707107  2  2  2  2  2  2  0.502726  0.628613  0.593391  
0.943617  0  0.33104  2  2  2  2  2  2  0.639386  0.641456  0.423933  
0.707107  0  0.707107  2  2  2  2  2  2  5.81171e-17  0.949124  0.314903  
0.703297  0.620819  0.346347  2  2  2  2  2  2  0.849994  0.279215  0.446709  
4.32978e-17  0.707107  0.707107  2  2  2  2  2  2  1.15612e-07  0.985758  0.16817  
0.577936  0.608314  0.544007  2  2  2  2  2  2  0.59422  0.59841  0.537409  
0.965423  0  0.260687  2  2  2  2  2  2  0.55863  0.829417  2.01256e-31  
0.863243  0.274963  0.423329  2  2  2  2  2  2  0.744961  0.33424  0.577336  
0.480286  0.812685  0.329953  2  2  2  2  2  2  0.532279  0.557863  0.636763  
0.571494  0.820606  3.11347e-31  2  2  2  2  2  2  0.671281  0.405836  0.620225  
0.570884  0.541566  0.617088  2  2  2  2  2  2  5.92641e-17  0.967857  0.251503  
5.98819e-17  0.977946  0.208856  2  2  2  2  2  2  5.40463e-17  0.882643  0.470043  
0.820356  0.571853  6.333e-29  2  2  2  2  2  2  8.68857e-08  0.740822  0.671702  
0.618344  0.655383  0.433732  2  2  2  2  2  2  0.299062  0.640751  0.707107  
0.776407  0  0.630231  2  2  2  2  2  2  0.798386  0.300729  0.521673  
0.838733  0.400792  0.368636  2  2  2  2  2  2  0.647813  0.761799  0  
0.55668  0.778848  0.28897  2  2  2  2  2  2  0.463811  0.885934  0  
0.326147  0.627398  0.707107  2  2  2  2  2  2  0.637348  0.306248  0.707107  
5.18435e-17  0.846669  0.532119  2  2  2  2  2  2  1  7.70849e-36  0  
0.73978  0  0.672848  2  2  2  2  2  2  0.688454  0.161343  0.707107  
0.38787  0.921714  0  2  2  2  2  2  2  0.773187  0.425734  0.470034  
0.958132  0.286327  1.58666e-10  2  2  2  2  2  2  0.333206  0.828532  0.45001  
0.594218  0.383282  0.707107  2  2  2  2  2  2  0.817881  0.575387  4.63251e-32  
3.27133e-13  5.41357e-17  1  2  2  2  2  2  2  5.5475e-17  0.905976  0.423329  
0.691271  0.148808  0.707107  2  2  2  2  2  2  5.25272e-17  0.857834  0.513926  
4.99503e-17  0.815751  0.578403  2  2  2  2  2  2  0.925521  0.276381  0.258893  
0.721891  0.532506  0.441939  2  2  2  2  2  2  5.68483e-17  0.928403  0.371576  
0.750845  0.427712  0.503283  2  2  2  2  2  2  0.286305  0.700207  0.654018  
0.275896  0.755703  0.593965  2  2  2  2  2  2  0.333098  0.736124  0.589209  
0.649257  0.760569  1.15959e-07  2  2  2  2  2  2  0.597457  0.46243  0.655136  
0.563763  0.426815  0.707107  2  2  2  2  2  2  0.847247  0.531199  1.9344e-07  
0.257061  0.966395  0  2  2  2  2  2  2  0.606756  0.363107  0.707107  
0.489705  0.587521  0.644211  2  2  2  2  2  2  0.157063  0.689443  0.707107  
0.784088  0.292888  0.547195  2  2  2  2  2  2  0.406527  0.578564  0.707107  
0.256006  0.858975  0.443421  2  2  2  2  2  2  0.775934  0  0.630815  
0.597602  0.722697  0.347247  2  2  2  2  2  2  0.515845  0.816109  0.260519  
0.869583  0  0.493787  2  2  2  2  2  2  0.409142  0.766958  0.494347  
0.895308  0  0.445448  2  2  2  2  2  2  0.917179  0  0.398476  
0.621254  0.450649  0.641061  2  2  2  2  2  2  0.881395  0.359023  0.306993  
5.56235e-17  0.908401  0.418099  2  2  2  2  2  2  0.496558  0.503418  0.707107  
0.306896  0.801238  0.513647  2  2  2  2  2  2  0.863191  0  0.504878  
0.919493  0  0.393107  2  2  2  2  2  2  0.907769  0.41947  1.16199e-07  
0.171975  0.985101  1.95215e-27  2  2  2  2  2  2  0.896955  0.244091  0.368636  
0.485384  0.874301  3.3764e-31  2  2  2  2  2  2  0.453524  0.542509  0.707107  
0.7207  0.693247  1.16199e-07  2  2  2  2  2  2  0.285441  0.793183  0.537944  
0.373491  0.60042  0.707107  2  2  2  2  2  2  4.91514e-17  0.802704  0.596378  
0.882232  0.470815  1.51908e-27  2  2  2  2  2  2  5.08863e-17  0.831036  0.556219  
1  2.17992e-17  3.52417e-10  2  2  2  2  2  2  0.977578  0.210574  0  
0.81105  0  0.584977  2  2  2  2  2  2  0.828183  0.391897  0.400661  
0.672462  0.494685  0.550528  2  2  2  2  2  2  4.73268e-17  0.772906  0.634521  
0.52527  0.685809  0.503743  2  2  2  2  2  2  0.773536  0.565683  0.285734  
0.328455  0.689027  0.646033  2  2  2  2  2  2  0.673534  0.679541  0.290819  
0.927471  0.261676  0.267064  2  2  2  2  2  2  0.720448  0.693509  1.16016e-07  
0.654283  0.579782  0.485558  2  2  2  2  2  2  0.355322  0.611348  0.707107  
0.935758  0.352643  1.15959e-07  2  2  2  2  2  2  0.516334  0.738428  0.433732  
0.671311  0.22213  0.707107  2  2  2  2  2  2  0.7869  0.61708  1.15987e-07  
0.430199  0.771329  0.46902  2  2  2  2  2  2  0.834871  0  0.550445  
0.864049  0.436773  0.250297  2  2  2  2  2  2  0.566647  0.769036  0.295794  
0.375698  0.831679  0.408852  2  2  2  2  2  2  0.806147  1.65975e-07  0.591715  
4.77856e-17  0.780397  0.625284  2  2  2  2  2  2  0.556965  0.673813  0.485558  
3.82407e-10  1  3.03392e-12  2  2  2  2  2  2  0.889762  0  0.456425  
0.842132  0  0.539271  2  2  2  2  2  2  0.94232  0  0.334712  
0.265704  0.927116  0.264304  2  2  2  2  2  2  0.956881  0.29048  0  
4.54761e-17  0.742682  0.669645  2  2  2  2  2  2  6.12323e-17  1  3.60272e-32  
0.816512  0.332593  0.471901  2  2  2  2  2  2  0.605524  0.795827  9.39854e-34  
0.40136  0.727689  0.556219  2  2  2  2  2  2  0.456677  0.702331  0.546056  
0.438398  0.898781  1.15949e-07  2  2  2  2  2  2  0.4217  0.850614  0.314045  
0.753953  0.656928  3.18592e-08  2  2  2  2  2  2  0.632832  0.515672  0.577586  
0.984703  0  0.174242  2  2  2  2  2  2  0.7424  0  0.669956  
0.306449  0.8905  0.336301  2  2  2  2  2  2  0.607586  0.714227  0.347448  
0.611606  0.791162  1.1594e-07  2  2  2  2  2  2  0.365956  0.894768  0.255864  
0.667098  0.684091  0.294958  2  2  2  2  2  2  0.933524  0.358516  1.15912e-07  
0.892039  0.325026  0.314045  2  2  2  2  2  2  0.461213  0.796956  0.390057  
0.812592  0.509218  0.283533  2  2  2  2  2  2  0.70511  0.283785  0.649835  
0.144457  0.692194  0.707107  2  2  2  2  2  2  0.85682  0.446109  0.258546  
0.851145  0.52493  7.01629e-38  2  2  2  2  2  2  0.291697  0.873781  0.389127  
0.457898  0.538822  0.707107  2  2  2  2  2  2  0.235175  0.666853  0.707107  
0.4958  0.504165  0.707107  2  2  2  2  2  2  0.411689  0.651173  0.637563  
5.86074e-17  0.957132  0.289653  2  2  2  2  2  2  0.664848  0.240785  0.707107  
0.709997  0.39094  0.585721  2  2  2  2  2  2  0.715449  0.612375  0.336346  
0.787807  0.615922  1.16199e-07  2  2  2  2  2  2  0.347522  0.937672  0  
0.326985  0.94503  0  2  2  2  2  2  2  4.02435e-17  4.61504e-17  1  
0.978189  0.207715  0  2  2  2  2  2  2  0.75429  0.656542  3.17179e-08  
5.37975e-17  0.87858  0.477596  2  2  2  2  2  2  0.284501  0.958676  0  
0.622462  0.335472  0.707107  2  2  2  2  2  2  0.963682  0  0.267052  
0.685911  0.727685  1.15912e-07  2  2  2  2  2  2  0.408286  0.912854  0  
0.530219  0.847861  0  2  2  2  2  2  2  0.707107  0  0.707107  
0.415024  0.864247  0.28431  2  2  2  2  2  2  0.983918  0  0.178623  
0.275071  0.651411  0.707107  2  2  2  2  2  2  0.878567  0.47762  2.35658e-08  
0.747373  0.262815  0.610214  2  2  2  2  2  2  0.536436  0.460691  0.707107  
0.648201  0.282552  0.707107  2  2  2  2  2  2  0.743128  0.522967  0.417453  
5.71906e-17  0.933994  0.357289  2  2  2  2  2  2  0.676409  0.56288  0.475012  
0.911117  0.412147  1.15929e-07  2  2  2  2  2  2  0.509029  0.86075  0  
0.682187  0.321638  0.656635  2  2  2  2  2  2  0.573167  0.414102  0.707107  
0.784671  0.469579  0.404705  2  2  2  2  2  2  0.264123  0.921598  0.284423  
0.449457  0.658145  0.604014  2  2  2  2  2  2  0.685166  0.728387  1.59026e-07  
0.417237  0.570888  0.707107  2  2  2  2  2  2  4.32978e-17  0.707107  0.707107  
0.760626  0.574176  0.302936  2  2  2  2  2  2  0.709415  0.463648  0.530811  
0.21574  0.673391  0.707107  2  2  2  2  2  2  0.205363  0.978686  1.41573e-37  
0.512942  0.745991  0.42472  2  2  2  2  2  2  0.806987  0.490867  0.328362  
0.530959  0.466993  0.707107  2  2  2  2  2  2  0.502667  0.628286  0.593786  
0.943676  0  0.330872  2  2  2  2  2  2  0.639386  0.641456  0.423933  
0.707107  0  0.707107  2  2  2  2  2  2  5.8113e-17  0.949057  0.315104  
0.702977  0.620679  0.347247  2  2  2  2  2  2  0.850092  0.279247  0.446503  
4.32978e-17  0.707107  0.707107  2  2  2  2  2  2  1.15487e-07  0.985758  0.16817  
0.56031  0.615643  0.554109  2  2  2  2  2  2  0.594246  0.598183  0.537633  
0.965423  0  0.260687  2  2  2  2  2  2  0.559136  0.829076  3.42453e-39  
0.863243  0.274963  0.423329  2  2  2  2  2  2  0.744961  0.33424  0.577336  
0.480286  0.812685  0.329953  2  2  2  2  2  2  0.53268  0.557389  0.636843  
0.572072  0.820203  1.1594e-07  2  2  2  2  2  2  0.671242  0.405436  0.620529  
0.579548  0.538294  0.611853  2  2  2  2  2  2  5.92641e-17  0.967857  0.251503  
5.98768e-17  0.977862  0.209249  2  2  2  2  2  2  5.40463e-17  0.882643  0.470043  
0.820356  0.571853  6.333e-29  2  2  2  2  2  2  8.68084e-08  0.740822  0.671702  
0.618344  0.655383  0.433732  2  2  2  2  2  2  0.299967  0.640328  0.707107  
0.77642  0  0.630216  2  2  2  2  2  2  0.798386  0.300729  0.521673  
0.838733  0.400792  0.368636  2  2  2  2  2  2  0.648084  0.761569  0  
0.55668  0.778848  0.28897  2  2  2  2  2  2  0.463811  0.885934  0  
0.32666  0.627131  0.707107  2  2  2  2  2  2  0.637437  0.306061  0.707107  
5.18293e-17  0.846437  0.53249  2  2  2  2  2  2  1  3.09205e-42  0  
0.739832  0  0.672791  2  2  2  2  2  2  0.688469  0.161277  0.707107  
0.388234  0.921561  0  2  2  2  2  2  2  0.773297  0.425534  0.470034  
0.958113  0.286389  0  2  2  2  2  2  2  0.33354  0.828398  0.45001  
0.594218  0.383282  0.707107  2  2  2  2  2  2  0.817881  0.575387  1.53376e-40  
3.27133e-13  5.41357e-17  1  2  2  2  2  2  2  5.5475e-17  0.905976  0.423329  
0.691323  0.148569  0.707107  2  2  2  2  2  2  5.25272e-17  0.857834  0.513926  
4.99503e-17  0.815751  0.578403  2  2  2  2  2  2  0.925521  0.276381  0.258893  
0.721891  0.532506  0.441939  2  2  2  2  2  2  5.68483e-17  0.928403  0.371576  
0.750845  0.427712  0.503283  2  2  2  2  2  2  0.286305  0.700207  0.654018  
0.272269  0.75658  0.594522  2  2  2  2  2  2  0.332668  0.736268  0.589272  
0.649403  0.760444  1.1592e-07  2  2  2  2  2  2  0.597566  0.462155  0.65523  
0.56386  0.426687  0.707107  2  2  2  2  2  2  0.847166  0.531328  1.59026e-07  
0.258085  0.966122  0  2  2  2  2  2  2  0.606756  0.363107  0.707107  
0.488213  0.583292  0.649168  2  2  2  2  2  2  0.157378  0.689371  0.707107  
0.78437  0.292946  0.54676  2  2  2  2  2  2  0.407492  0.577884  0.707107  
0.256006  0.858975  0.443421  2  2  2  2  2  2  0.775934  0  0.630815  
0.597602  0.722697  0.347247  2  2  2  2  2  2  0.516065  0.81597  0.260519  
0.869583  0  0.493787  2  2  2  2  2  2  0.409145  0.766767  0.494639  
0.895433  0  0.445197  2  2  2  2  2  2  0.917126  0  0.398598  
0.622058  0.449671  0.640967  2  2  2  2  2  2  0.881395  0.359023  0.306993  
5.56194e-17  0.908334  0.418245  2  2  2  2  2  2  0.496755  0.503224  0.707107  
0.306896  0.801238  0.513647  2  2  2  2  2  2  0.863144  0  0.504958  
0.919562  0  0.392945  2  2  2  2  2  2  0.907732  0.419551  1.15912e-07  
0.172722  0.984971  3.27493e-38  2  2  2  2  2  2  0.896909  0.24426  0.368636  
0.485848  0.874043  3.17179e-08  2  2  2  2  2  2  0.45385  0.542236  0.707107  
0.7207  0.693247  1.16199e-07  2  2  2  2  2  2  0.285333  0.793222  0.537944  
0.373888  0.600173  0.707107  2  2  2  2  2  2  4.91514e-17  0.802704  0.596378  
0.882232  0.470815  1.51908e-27  2  2  2  2  2  2  5.08826e-17  0.830976  0.556308  
1  2.17992e-17  3.52417e-10  2  2  2  2  2  2  0.977578  0.210574  0  
0.810992  0  0.585058  2  2  2  2  2  2  0.828183  0.391897  0.400661  
0.670022  0.496823  0.551577  2  2  2  2  2  2  4.73247e-17  0.772871  0.634563  
0.52527  0.685809  0.503743  2  2  2  2  2  2  0.773536  0.565683  0.285734  
0.328455  0.689027  0.646033  2  2  2  2  2  2  0.673558  0.679566  0.290704  
0.927471  0.261676  0.267064  2  2  2  2  2  2  0.720494  0.693461  1.15912e-07  
0.651835  0.580231  0.488307  2  2  2  2  2  2  0.356545  0.610635  0.707107  
0.935758  0.352643  1.15959e-07  2  2  2  2  2  2  0.516235  0.738286  0.434091  
0.671311  0.22213  0.707107  2  2  2  2  2  2  0.7869  0.61708  1.15912e-07  
0.430199  0.771329  0.46902  2  2  2  2  2  2  0.834956  0  0.550316  
0.864049  0.436773  0.250297  2  2  2  2  2  2  0.566894  0.768796  0.295945  
0.376599  0.8326  0.406141  2  2  2  2  2  2  0.806147  1.65975e-07  0.591715  
4.77777e-17  0.780269  0.625444  2  2  2  2  2  2  0.556814  0.67363  0.485985  
3.82407e-10  1  3.03392e-12  2  2  2  2  2  2  0.889762  0  0.456425  
0.842132  0  0.539271  2  2  2  2  2  2  0.942279  0  0.334829  
0.265747  0.927265  0.263739  2  2  2  2  2  2  0.956881  0.29048  0  
4.54695e-17  0.742573  0.669765  2  2  2  2  2  2  6.12323e-17  1  4.96864e-38  
0.816512  0.332593  0.471901  2  2  2  2  2  2  0.605979  0.79548  1.1594e-07  
0.40136  0.727689  0.556219  2  2  2  2  2  2  0.456677  0.702331  0.546056  
0.438987  0.898493  0  2  2  2  2  2  2  0.421785  0.850618  0.31392  
0.75377  0.657138  0  2  2  2  2  2  2  0.632832  0.515672  0.577586  
0.984703  0  0.174242  2  2  2  2  2  2  0.7424  0  0.669956  
0.307149  0.890242  0.336346  2  2  2  2  2  2  0.607586  0.714227  0.347448  
0.611785  0.791024  1.15936e-07  2  2  2  2  2  2  0.365943  0.894736  0.255995  
0.666943  0.684026  0.295459  2  2  2  2  2  2  0.933524  0.358516  1.15911e-07  
0.892039  0.325026  0.314045  2  2  2  2  2  2  0.461213  0.796956  0.390057  
0.812592  0.509218  0.283533  2  2  2  2  2  2  0.705202  0.283557  0.649835  
0.144457  0.692194  0.707107  2  2  2  2  2  2  0.85682  0.446109  0.258546  
0.851145  0.52493  7.01629e-38  2  2  2  2  2  2  0.291807  0.873744  0.389127  
0.457935  0.53879  0.707107  2  2  2  2  2  2  0.236129  0.666516  0.707107  
0.4958  0.504165  0.707107  2  2  2  2  2  2  0.411655  0.651119  0.637639  
5.85937e-17  0.956907  0.290393  2  2  2  2  2  2  0.664848  0.240785  0.707107  
0.709997  0.39094  0.585721  2  2  2  2  2  2  0.715449  0.612375  0.336346  
0.787767  0.615973  2.38095e-08  2  2  2  2  2  2  0.347417  0.937711  0  
0.327123  0.944982  0  2  2  2  2  2  2  4.02435e-17  4.61504e-17  1  
0.978189  0.207715  0  2  2  2  2  2  2  0.754325  0.656501  3.16698e-08  
5.37827e-17  0.878338  0.47804  2  2  2  2  2  2  0.284419  0.9587  0  
0.622462  0.335472  0.707107  2  2  2  2  2  2  0.963637  0  0.267214  
0.685945  0.727653  4.74651e-46  2  2  2  2  2  2  0.408286  0.912854  0  
0.530378  0.847761  0  2  2  2  2  2  2  0.707107  0  0.707107  
0.415024  0.864247  0.28431  2  2  2  2  2  2  0.983918  0  0.178623  
0.274949  0.651462  0.707107  2  2  2  2  2  2  0.878567  0.47762  2.35658e-08  
0.747373  0.262815  0.610214  2  2  2  2  2  2  0.536608  0.460491  0.707107  
0.648201  0.282552  0.707107  2  2  2  2  2  2  0.743128  0.522967  0.417453  
5.71761e-17  0.933756  0.357911  2  2  2  2  2  2  0.67633  0.562814  0.475203  
0.911108  0.412168  5.60807e-08  2  2  2  2  2  2  0.509138  0.860685  1.15936e-07  
0.682187  0.321638  0.656635  2  2  2  2  2  2  0.573247  0.41399  0.707107  
0.784671  0.469579  0.404705  2  2  2  2  2  2  0.264123  0.921598  0.284423  
0.44422  0.658681  0.607295  2  2  2  2  2  2  0.685317  0.728245  4.60974e-47  
0.417299  0.570843  0.707107  2  2  2  2  2  2  4.32978e-17  0.707107  0.707107  
0.760626  0.574176  0.302936  2  2  2  2  2  2  0.709455  0.463508  0.53088  
0.215821  0.673366  0.707107  2  2  2  2  2  2  0.205363  0.978686  1.00704e-47  
0.512942  0.745991  0.42472  2  2  2  2  2  2  0.806957  0.490916  0.328362  
0.531102  0.46683  0.707107  2  2  2  2  2  2  0.502598  0.6282  0.593935  
0.943676  0  0.330872  2  2  2  2  2  2  0.63932  0.641389  0.424134  
0.707107  0  0.707107  2  2  2  2  2  2  5.81153e-17  0.949095  0.314991  
0.701671  0.619533  0.351906  2  2  2  2  2  2  0.850092  0.279247  0.446503  
4.32978e-17  0.707107  0.707107  2  2  2  2  2  2  1.15487e-07  0.985758  0.16817  
0.554233  0.61915  0.556308  2  2  2  2  2  2  0.594246  0.598183  0.537633  
0.965423  0  0.260687  2  2  2  2  2  2  0.559136  0.829076  1.91223e-47  
0.863243  0.274963  0.423329  2  2  2  2  2  2  0.74503  0.33412  0.577316  
0.480286  0.812685  0.329953  2  2  2  2  2  2  0.53268  0.557389  0.636843  
0.572072  0.820203  1.1594e-07  2  2  2  2  2  2  0.671406  0.405318  0.620428  
0.583292  0.536043  0.610269  2  2  2  2  2  2  5.92641e-17  0.967857  0.251503  
5.98697e-17  0.977746  0.209793  2  2  2  2  2  2  5.40408e-17  0.882554  0.470212  
0.82038  0.571818  0  2  2  2  2  2  2  8.68084e-08  0.740822  0.671702  
0.617591  0.655119  0.435201  2  2  2  2  2  2  0.300227  0.640206  0.707107  
0.776424  0  0.630211  2  2  2  2  2  2  0.798436  0.300595  0.521673  
0.838733  0.400792  0.368636  2  2  2  2  2  2  0.648084  0.761569  0  
0.55668  0.778848  0.28897  2  2  2  2  2  2  0.463811  0.885934  0  
0.326906  0.627003  0.707107  2  2  2  2  2  2  0.637437  0.306061  0.707107  
5.18216e-17  0.84631  0.53269  2  2  2  2  2  2  1  2.68805e-53  0  
0.739832  0  0.672791  2  2  2  2  2  2  0.688469  0.161277  0.707107  
0.388541  0.921431  0  2  2  2  2  2  2  0.773297  0.425534  0.470034  
0.958113  0.286389  0  2  2  2  2  2  2  0.33359  0.828378  0.45001  
0.594395  0.383008  0.707107  2  2  2  2  2  2  0.817881  0.575387  1.87958e-52  
3.27133e-13  5.41357e-17  1  2  2  2  2  2  2  5.54707e-17  0.905906  0.423479  
0.691323  0.148569  0.707107  2  2  2  2  2  2  5.25208e-17  0.85773  0.514101  
4.99396e-17  0.815575  0.578651  2  2  2  2  2  2  0.925521  0.276381  0.258893  
0.721891  0.532506  0.441939  2  2  2  2  2  2  5.68483e-17  0.928403  0.371576  
0.750845  0.427712  0.503283  2  2  2  2  2  2  0.286305  0.700207  0.654018  
0.272269  0.75658  0.594522  2  2  2  2  2  2  0.332414  0.736194  0.589508  
0.649511  0.760352  3.96014e-44  2  2  2  2  2  2  0.597566  0.462155  0.65523  
0.56386  0.426687  0.707107  2  2  2  2  2  2  0.847154  0.531348  2.36777e-08  
0.258085  0.966122  0  2  2  2  2  2  2  0.6069  0.362867  0.707107  
0.491791  0.5792  0.65013  2  2  2  2  2  2  0.157963  0.689237  0.707107  
0.78437  0.292946  0.54676  2  2  2  2  2  2  0.407594  0.577813  0.707107  
0.256006  0.858975  0.443421  2  2  2  2  2  2  0.775934  0  0.630815  
0.597111  0.723006  0.347448  2  2  2  2  2  2  0.516065  0.81597  0.260519  
0.869583  0  0.493787  2  2  2  2  2  2  0.409212  0.766732  0.494639  
0.895433  0  0.445197  2  2  2  2  2  2  0.917126  0  0.398598  
0.622426  0.44918  0.640955  2  2  2  2  2  2  0.881396  0.359023  0.306992  
5.56151e-17  0.908263  0.418399  2  2  2  2  2  2  0.497134  0.50285  0.707107  
0.306896  0.801238  0.513647  2  2  2  2  2  2  0.863196  0  0.504869  
0.919562  0  0.392945  2  2  2  2  2  2  0.907732  0.419551  1.15912e-07  
0.172722  0.984971  3.27493e-38  2  2  2  2  2  2  0.896909  0.24426  0.368636  
0.485962  0.87398  0  2  2  2  2  2  2  0.454204  0.54194  0.707107  
0.72069  0.693258  3.49881e-43  2  2  2  2  2  2  0.285333  0.793222  0.537944  
0.374049  0.600073  0.707107  2  2  2  2  2  2  4.91506e-17  0.80269  0.596396  
0.882232  0.470815  1.51908e-27  2  2  2  2  2  2  5.08826e-17  0.830976  0.556308  
1  2.17992e-17  3.52417e-10  2  2  2  2  2  2  0.977578  0.210574  0  
0.810992  0  0.585058  2  2  2  2  2  2  0.828183  0.391897  0.400661  
0.672512  0.495421  0.549805  2  2  2  2  2  2  4.73247e-17  0.772871  0.634563  
0.523416  0.687098  0.503917  2  2  2  2  2  2  0.773536  0.565683  0.285734  
0.32343  0.689684  0.647865  2  2  2  2  2  2  0.673558  0.679566  0.290704  
0.927471  0.261676  0.267064  2  2  2  2  2  2  0.72069  0.693258  9.88868e-46  
0.64477  0.582756  0.494639  2  2  2  2  2  2  0.356554  0.61063  0.707107  
0.9357  0.352796  0  2  2  2  2  2  2  0.516235  0.738286  0.434091  
0.671311  0.22213  0.707107  2  2  2  2  2  2  0.786936  0.617035  3.16638e-08  
0.430199  0.771329  0.46902  2  2  2  2  2  2  0.834956  0  0.550316  
0.864049  0.436773  0.250297  2  2  2  2  2  2  0.566894  0.768796  0.295945  
0.376047  0.832274  0.407319  2  2  2  2  2  2  0.806222  1.65991e-07  0.591613  
4.77688e-17  0.780124  0.625625  2  2  2  2  2  2  0.556787  0.673597  0.486061  
3.82407e-10  1  3.03392e-12  2  2  2  2  2  2  0.889762  0  0.456425  
0.842132  0  0.539271  2  2  2  2  2  2  0.942279  0  0.334829  
0.265747  0.927265  0.263739  2  2  2  2  2  2  0.956921  0.290347  0  
4.54695e-17  0.742573  0.669765  2  2  2  2  2  2  6.12323e-17  1  2.59448e-48  
0.816512  0.332593  0.471901  2  2  2  2  2  2  0.605979  0.79548  1.15936e-07  
0.40136  0.727689  0.556219  2  2  2  2  2  2  0.456677  0.702331  0.546056  
0.439128  0.898425  0  2  2  2  2  2  2  0.421785  0.850618  0.31392  
0.753905  0.656984  0  2  2  2  2  2  2  0.632702  0.515566  0.577823  
0.984703  0  0.174242  2  2  2  2  2  2  0.742477  0  0.669872  
0.307149  0.890242  0.336346  2  2  2  2  2  2  0.607551  0.714186  0.347592  
0.61182  0.790997  0  2  2  2  2  2  2  0.365943  0.894736  0.255995  
0.668102  0.682684  0.295945  2  2  2  2  2  2  0.933524  0.358516  1.15911e-07  
0.892039  0.325026  0.314045  2  2  2  2  2  2  0.461213  0.796956  0.390057  
0.811801  0.509249  0.285734  2  2  2  2  2  2  0.705218  0.283516  0.649835  
0.144457  0.692194  0.707107  2  2  2  2  2  2  0.85682  0.446109  0.258546  
0.851145  0.52493  7.01629e-38  2  2  2  2  2  2  0.291807  0.873744  0.389127  
0.458382  0.538411  0.707107  2  2  2  2  2  2  0.236235  0.666478  0.707107  
0.496069  0.5039  0.707107  2  2  2  2  2  2  0.411655  0.651119  0.637639  
5.85875e-17  0.956807  0.290724  2  2  2  2  2  2  0.664848  0.240785  0.707107  
0.709997  0.39094  0.585721  2  2  2  2  2  2  0.715386  0.612321  0.336579  
0.787767  0.615973  2.38095e-08  2  2  2  2  2  2  0.347417  0.937711  0  
0.327123  0.944982  0  2  2  2  2  2  2  4.02435e-17  4.61504e-17  1  
0.978189  0.207715  0  2  2  2  2  2  2  0.754382  0.656435  3.16637e-08  
5.37709e-17  0.878146  0.478392  2  2  2  2  2  2  0.284419  0.9587  0  
0.622462  0.335472  0.707107  2  2  2  2  2  2  0.963637  0  0.267214  
0.686018  0.727584  1.31148e-50  2  2  2  2  2  2  0.4083  0.912848  0  
0.530557  0.847649  1.85048e-51  2  2  2  2  2  2  0.707107  0  0.707107  
0.415024  0.864247  0.28431  2  2  2  2  2  2  0.983918  0  0.178623  
0.27526  0.651331  0.707107  2  2  2  2  2  2  0.878567  0.47762  2.35658e-08  
0.747373  0.262815  0.610214  2  2  2  2  2  2  0.537143  0.459867  0.707107  
0.648201  0.282552  0.707107  2  2  2  2  2  2  0.743128  0.522967  0.417453  
5.71671e-17  0.93361  0.35829  2  2  2  2  2  2  0.676391  0.562741  0.475203  
0.911108  0.412168  5.60807e-08  2  2  2  2  2  2  0.509263  0.860611  4.64977e-18  
0.682187  0.321638  0.656635  2  2  2  2  2  2  0.573561  0.413555  0.707107  
0.784671  0.469579  0.404705  2  2  2  2  2  2  0.264112  0.921561  0.284551  
0.442688  0.65641  0.610862  2  2  2  2  2  2  0.685317  0.728245  1.77999e-53  
0.418252  0.570145  0.707107  2  2  2  2  2  2  4.32978e-17  0.707107  0.707107  
0.760626  0.574176  0.302936  2  2  2  2  2  2  0.709455  0.463508  0.53088  
0.216183  0.67325  0.707107  2  2  2  2  2  2  0.205363  0.978686  6.4197e-58  
0.513268  0.747094  0.422382  2  2  2  2  2  2  0.806957  0.490916  0.328362  
0.531122  0.466808  0.707107  2  2  2  2  2  2  0.502598  0.6282  0.593935  
0.943676  0  0.330872  2  2  2  2  2  2  0.63932  0.641389  0.424134  
0.707107  0  0.707107  2  2  2  2  2  2  5.8114e-17  0.949074  0.315054  
0.701671  0.619533  0.351906  2  2  2  2  2  2  0.850092  0.279247  0.446503  
4.32978e-17  0.707107  0.707107  2  2  2  2  2  2  1.15279e-07  0.985758  0.16817  
0.554233  0.61915  0.556308  2  2  2  2  2  2  0.594246  0.598183  0.537633  
0.965423  0  0.260687  2  2  2  2  2  2  0.559136  0.829076  4.8642e-56  
0.863243  0.274963  0.423329  2  2  2  2  2  2  0.74503  0.33412  0.577316  
0.480286  0.812685  0.329953  2  2  2  2  2  2  0.532598  0.557303  0.636987  
0.572117  0.820172  1.15936e-07  2  2  2  2  2  2  0.671406  0.405318  0.620428  
0.583292  0.536043  0.610269  2  2  2  2  2  2  5.92641e-17  0.967857  0.251503  
5.98697e-17  0.977746  0.209793  2  2  2  2  2  2  5.40408e-17  0.882554  0.470212  
0.82038  0.571818  0  2  2  2  2  2  2  8.68084e-08  0.740822  0.671702  
0.617591  0.655119  0.435201  2  2  2  2  2  2  0.300625  0.640019  0.707107  
0.776424  0  0.630211  2  2  2  2  2  2  0.798436  0.300595  0.521673  
0.838733  0.400792  0.368636  2  2  2  2  2  2  0.648198  0.761472  0  
0.55668  0.778848  0.28897  2  2  2  2  2  2  0.463971  0.88585  1.15912e-07  
0.327747  0.626563  0.707107  2  2  2  2  2  2  0.637533  0.305863  0.707107  
5.17942e-17  0.845864  0.533399  2  2  2  2  2  2  1  4.18822e-58  0  
0.739832  0  0.672791  2  2  2  2  2  2  0.688469  0.161277  0.707107  
0.388541  0.921431  0  2  2  2  2  2  2  0.773242  0.425504  0.470153  
0.958069  0.286537  0  2  2  2  2  2  2  0.333763  0.828308  0.45001  
0.594395  0.383008  0.707107  2  2  2  2  2  2  0.817881  0.575387  4.06771e-59  
3.27133e-13  5.41357e-17  1  2  2  2  2  2  2  5.54683e-17  0.905866  0.423563  
0.691323  0.148569  0.707107  2  2  2  2  2  2  5.25208e-17  0.85773  0.514101  
4.99221e-17  0.81529  0.579052  2  2  2  2  2  2  0.925521  0.276381  0.258893  
0.721891  0.532506  0.441939  2  2  2  2  2  2  5.68435e-17  0.928325  0.37177  
0.750845  0.427712  0.503283  2  2  2  2  2  2  0.286298  0.70019  0.654039  
0.272318  0.757043  0.59391  2  2  2  2  2  2  0.332414  0.736194  0.589508  
0.649681  0.760207  0  2  2  2  2  2  2  0.597751  0.461917  0.65523  
0.563951  0.426567  0.707107  2  2  2  2  2  2  0.847154  0.531348  2.35813e-08  
0.258085  0.966122  0  2  2  2  2  2  2  0.60698  0.362733  0.707107  
0.492664  0.579135  0.649526  2  2  2  2  2  2  0.157963  0.689237  0.707107  
0.78437  0.292946  0.54676  2  2  2  2  2  2  0.408034  0.577502  0.707107  
0.25464  0.858323  0.445466  2  2  2  2  2  2  0.776035  1.41792e-08  0.63069  
0.597979  0.722289  0.347448  2  2  2  2  2  2  0.516031  0.815916  0.260754  
0.869583  0  0.493787  2  2  2  2  2  2  0.409181  0.766674  0.494755  
0.895433  0  0.445197  2  2  2  2  2  2  0.917126  0  0.398598  
0.62271  0.448993  0.64081  2  2  2  2  2  2  0.881396  0.359023  0.306992  
5.5596e-17  0.907951  0.419076  2  2  2  2  2  2  0.497596  0.502392  0.707107  
0.306896  0.801238  0.513647  2  2  2  2  2  2  0.863196  0  0.504869  
0.919578  0  0.392908  2  2  2  2  2  2  0.907732  0.419551  1.15911e-07  
0.172347  0.985036  5.54971e-56  2  2  2  2  2  2  0.896909  0.24426  0.368636  
0.486187  0.873855  1.15913e-07  2  2  2  2  2  2  0.45482  0.541423  0.707107  
0.720804  0.693139  5.32119e-09  2  2  2  2  2  2  0.285333  0.793222  0.537944  
0.37473  0.599648  0.707107  2  2  2  2  2  2  4.91506e-17  0.80269  0.596396  
0.882232  0.470815  1.51908e-27  2  2  2  2  2  2  5.08826e-17  0.830976  0.556308  
1  2.17992e-17  3.52417e-10  2  2  2  2  2  2  0.977578  0.210574  0  
0.810992  0  0.585058  2  2  2  2  2  2  0.828211  0.391838  0.400661  
0.672512  0.495421  0.549805  2  2  2  2  2  2  4.73247e-17  0.772871  0.634563  
0.523416  0.687098  0.503917  2  2  2  2  2  2  0.773425  0.565835  0.285734  
0.321117  0.692125  0.64641  2  2  2  2  2  2  0.6735  0.679508  0.290975  
0.927471  0.261676  0.267064  2  2  2  2  2  2  0.72069  0.693258  1.2643e-57  
0.64477  0.582756  0.494639  2  2  2  2  2  2  0.357076  0.610325  0.707107  
0.9357  0.352796  0  2  2  2  2  2  2  0.51627  0.738262  0.434091  
0.671311  0.22213  0.707107  2  2  2  2  2  2  0.786951  0.617016  3.16637e-08  
0.430199  0.771329  0.46902  2  2  2  2  2  2  0.835077  0  0.550133  
0.864049  0.436773  0.250297  2  2  2  2  2  2  0.566894  0.768796  0.295945  
0.376047  0.832274  0.407319  2  2  2  2  2  2  0.806262  1.65999e-07  0.591558  
4.77625e-17  0.78002  0.625754  2  2  2  2  2  2  0.556722  0.673519  0.486243  
3.82407e-10  1  3.03392e-12  2  2  2  2  2  2  0.889762  0  0.456425  
0.842132  0  0.539271  2  2  2  2  2  2  0.942244  0  0.334928  
0.26571  0.927136  0.264229  2  2  2  2  2  2  0.956921  0.290347  0  
8.7027e-08  0.742688  0.669637  2  2  2  2  2  2  6.12323e-17  1  1.49064e-63  
0.816512  0.332593  0.471901  2  2  2  2  2  2  0.606007  0.795459  0  
0.402692  0.725981  0.557486  2  2  2  2  2  2  0.456677  0.702331  0.546056  
0.439294  0.898343  0  2  2  2  2  2  2  0.421785  0.850618  0.31392  
0.753905  0.656984  0  2  2  2  2  2  2  0.632975  0.515231  0.577823  
0.984703  0  0.174242  2  2  2  2  2  2  0.742477  0  0.669872  
0.307149  0.890242  0.336346  2  2  2  2  2  2  0.607551  0.714186  0.347592  
0.612029  0.790836  0  2  2  2  2  2  2  0.365943  0.894736  0.255995  
0.668102  0.682684  0.295945  2  2  2  2  2  2  0.933524  0.358516  1.15911e-07  
0.892039  0.325026  0.314045  2  2  2  2  2  2  0.461213  0.796956  0.390057  
0.811689  0.509428  0.285734  2  2  2  2  2  2  0.705218  0.283516  0.649835  
0.144635  0.692157  0.707107  2  2  2  2  2  2  0.85682  0.446109  0.258546  
0.8511  0.525004  1.22989e-08  2  2  2  2  2  2  0.291895  0.873715  0.389127  
0.458764  0.538085  0.707107  2  2  2  2  2  2  0.236499  0.666384  0.707107  
0.496295  0.503677  0.707107  2  2  2  2  2  2  0.411655  0.651119  0.637639  
5.85875e-17  0.956807  0.290724  2  2  2  2  2  2  0.664913  0.240605  0.707107  
0.709997  0.39094  0.585721  2  2  2  2  2  2  0.715386  0.612321  0.336579  
0.787767  0.615973  2.38095e-08  2  2  2  2  2  2  0.347417  0.937711  0  
0.327371  0.944896  0  2  2  2  2  2  2  4.02435e-17  4.61504e-17  1  
0.978189  0.207715  0  2  2  2  2  2  2  0.754415  0.656397  3.16565e-08  
5.37636e-17  0.878026  0.478613  2  2  2  2  2  2  0.284419  0.9587  0  
0.622509  0.335385  0.707107  2  2  2  2  2  2  0.963637  0  0.267214  
0.686161  0.72745  2.46622e-65  2  2  2  2  2  2  0.4083  0.912848  0  
0.530668  0.84758  1.35482e-57  2  2  2  2  2  2  0.707107  0  0.707107  
0.415194  0.864086  0.284551  2  2  2  2  2  2  0.983918  0  0.178623  
0.275661  0.651161  0.707107  2  2  2  2  2  2  0.878567  0.47762  2.35658e-08  
0.747373  0.262815  0.610214  2  2  2  2  2  2  0.537303  0.459679  0.707107  
0.648262  0.282411  0.707107  2  2  2  2  2  2  0.743128  0.522967  0.417453  
5.71591e-17  0.933479  0.358633  2  2  2  2  2  2  0.676333  0.562692  0.475344  
0.911108  0.412168  5.60807e-08  2  2  2  2  2  2  0.509263  0.860611  2.09737e-28  
0.682187  0.321638  0.656635  2  2  2  2  2  2  0.57384  0.413168  0.707107  
0.784244  0.468189  0.407136  2  2  2  2  2  2  0.264112  0.921561  0.284551  
0.442688  0.65641  0.610862  2  2  2  2  2  2  0.685317  0.728245  5.22182e-62  
0.418375  0.570055  0.707107  2  2  2  2  2  2  4.32978e-17  0.707107  0.707107  
0.760626  0.574176  0.302936  2  2  2  2  2  2  0.709391  0.463467  0.531001  
0.216361  0.673192  0.707107  2  2  2  2  2  2  0.205363  0.978686  1.45066e-61  
0.513268  0.747094  0.422382  2  2  2  2  2  2  0.806957  0.490916  0.328362  
0.531236  0.466678  0.707107  2  2  2  2  2  2  0.502598  0.6282  0.593935  
0.943676  0  0.330872  2  2  2  2  2  2  0.639231  0.6413  0.424404  
0.707107  0  0.707107  2  2  2  2  2  2  5.8114e-17  0.949074  0.315054  
0.700345  0.620324  0.35315  2  2  2  2  2  2  0.850092  0.279247  0.446503  
4.32978e-17  0.707107  0.707107  2  2  2  2  2  2  1.15279e-07  0.985758  0.16817  
0.554233  0.61915  0.556308  2  2  2  2  2  2  0.594156  0.598093  0.537832  
0.965423  0  0.260687  2  2  2  2  2  2  0.559136  0.829076  8.88182e-61  
0.863243  0.274963  0.423329  2  2  2  2  2  2  0.74503  0.33412  0.577316  
0.480286  0.812685  0.329953  2  2  2  2  2  2  0.532598  0.557303  0.636987  
0.572398  0.819976  6.53177e-57  2  2  2  2  2  2  0.671527  0.405118  0.620428  
0.583292  0.536043  0.610269  2  2  2  2  2  2  5.92641e-17  0.967857  0.251503  
5.98652e-17  0.977674  0.210129  2  2  2  2  2  2  5.40397e-17  0.882536  0.470245  
0.82038  0.571818  0  2  2  2  2  2  2  8.68084e-08  0.740822  0.671702  
0.617591  0.655119  0.435201  2  2  2  2  2  2  0.300973  0.639856  0.707107  
0.776424  0  0.630211  2  2  2  2  2  2  0.798436  0.300595  0.521673  
0.838791  0.400672  0.368636  2  2  2  2  2  2  0.648198  0.761472  0  
0.55668  0.778848  0.28897  2  2  2  2  2  2  0.464033  0.885818  1.15911e-07  
0.327747  0.626563  0.707107  2  2  2  2  2  2  0.637713  0.305487  0.707107  
5.17942e-17  0.845864  0.533399  2  2  2  2  2  2  1  1.65328e-66  0  
0.739832  0  0.672791  2  2  2  2  2  2  0.688469  0.161277  0.707107  
0.388753  0.921342  0  2  2  2  2  2  2  0.773242  0.425504  0.470153  
0.958069  0.286537  0  2  2  2  2  2  2  0.333765  0.828313  0.449998  
0.594445  0.38293  0.707107  2  2  2  2  2  2  0.817881  0.575387  2.1353e-69  
3.27133e-13  5.41357e-17  1  2  2  2  2  2  2  5.54683e-17  0.905866  0.423563  
0.691303  0.148661  0.707107  2  2  2  2  2  2  5.25208e-17  0.85773  0.514101  
4.99221e-17  0.81529  0.579052  2  2  2  2  2  2  0.925521  0.276381  0.258893  
0.721891  0.532506  0.441939  2  2  2  2  2  2  5.68435e-17  0.928325  0.37177  
0.750845  0.427712  0.503283  2  2  2  2  2  2  0.286298  0.70019  0.654039  
0.272276  0.756925  0.59408  2  2  2  2  2  2  0.332414  0.736194  0.589508  
0.649826  0.760083  0  2  2  2  2  2  2  0.597751  0.461917  0.65523  
0.56402  0.426476  0.707107  2  2  2  2  2  2  0.847117  0.531407  2.35658e-08  
0.2581  0.966118  1.86814e-58  2  2  2  2  2  2  0.607268  0.36225  0.707107  
0.492664  0.579135  0.649526  2  2  2  2  2  2  0.158304  0.689159  0.707107  
0.78437  0.292946  0.54676  2  2  2  2  2  2  0.408359  0.577272  0.707107  
0.25464  0.858323  0.445466  2  2  2  2  2  2  0.776035  1.41792e-08  0.63069  
0.597786  0.722379  0.347592  2  2  2  2  2  2  0.516031  0.815916  0.260754  
0.869583  0  0.493787  2  2  2  2  2  2  0.409181  0.766674  0.494755  
0.895433  0  0.445197  2  2  2  2  2  2  0.917126  0  0.398598  
0.622872  0.449109  0.640571  2  2  2  2  2  2  0.881431  0.359037  0.306875  
5.55925e-17  0.907895  0.419198  2  2  2  2  2  2  0.497739  0.502251  0.707107  
0.306896  0.801238  0.513647  2  2  2  2  2  2  0.863196  0  0.504869  
0.919578  0  0.392908  2  2  2  2  2  2  0.907732  0.419551  1.15911e-07  
0.172347  0.985036  5.54971e-56  2  2  2  2  2  2  0.896909  0.24426  0.368636  
0.486391  0.873741  0  2  2  2  2  2  2  0.45482  0.541423  0.707107  
0.720804  0.693139  5.32119e-09  2  2  2  2  2  2  0.285333  0.793222  0.537944  
0.37473  0.599648  0.707107  2  2  2  2  2  2  4.91487e-17  0.802659  0.596438  
0.882232  0.470815  1.51908e-27  2  2  2  2  2  2  5.08806e-17  0.830943  0.556358  
1  2.17992e-17  3.52417e-10  2  2  2  2  2  2  0.977578  0.210574  0  
0.810992  0  0.585058  2  2  2  2  2  2  0.828211  0.391838  0.400661  
0.673655  0.494684  0.549069  2  2  2  2  2  2  4.73247e-17  0.772871  0.634563  
0.52489  0.688984  0.499792  2  2  2  2  2  2  0.773425  0.565835  0.285734  
0.321117  0.692125  0.64641  2  2  2  2  2  2  0.6735  0.679508  0.290975  
0.927471  0.261676  0.267064  2  2  2  2  2  2  0.72069  0.693258  3.29359e-66  
0.644239  0.580447  0.498033  2  2  2  2  2  2  0.35744  0.610112  0.707107  
0.9357  0.352796  0  2  2  2  2  2  2  0.51627  0.738262  0.434091  
0.671311  0.22213  0.707107  2  2  2  2  2  2  0.786951  0.617016  3.1655e-08  
0.430199  0.771329  0.46902  2  2  2  2  2  2  0.835028  0  0.550207  
0.863687  0.436655  0.251748  2  2  2  2  2  2  0.566971  0.768739  0.295945  
0.376047  0.832274  0.407319  2  2  2  2  2  2  0.806264  8.50087e-09  0.591556  
4.77655e-17  0.78007  0.625692  2  2  2  2  2  2  0.556722  0.673519  0.486243  
3.82407e-10  1  3.03392e-12  2  2  2  2  2  2  0.889762  0  0.456425  
0.842132  0  0.539271  2  2  2  2  2  2  0.942244  0  0.334928  
0.26571  0.927136  0.264229  2  2  2  2  2  2  0.956921  0.290347  0  
8.7027e-08  0.742688  0.669637  2  2  2  2  2  2  6.12323e-17  1  2.28861e-69  
0.816512  0.332593  0.471901  2  2  2  2  2  2  0.606007  0.795459  0  
0.402692  0.725981  0.557486  2  2  2  2  2  2  0.456677  0.702331  0.546056  
0.439494  0.898246  1.15911e-07  2  2  2  2  2  2  0.421785  0.850618  0.31392  
0.753905  0.656984  0  2  2  2  2  2  2  0.632794  0.515454  0.577823  
0.984703  0  0.174242  2  2  2  2  2  2  0.742477  0  0.669872  
0.307149  0.890242  0.336346  2  2  2  2  2  2  0.607539  0.714172  0.34764  
0.612233  0.790677  3.52938e-69  2  2  2  2  2  2  0.365943  0.894736  0.255995  
0.668102  0.682684  0.295945  2  2  2  2  2  2  0.933524  0.358516  1.15911e-07  
0.892039  0.325026  0.314045  2  2  2  2  2  2  0.461213  0.796956  0.390057  
0.811203  0.510119  0.285881  2  2  2  2  2  2  0.705242  0.283456  0.649835  
0.144741  0.692135  0.707107  2  2  2  2  2  2  0.856725  0.446292  0.258546  
0.8511  0.525004  1.22989e-08  2  2  2  2  2  2  0.291895  0.873715  0.389127  
0.459033  0.537855  0.707107  2  2  2  2  2  2  0.236934  0.66623  0.707107  
0.496446  0.503529  0.707107  2  2  2  2  2  2  0.411655  0.651119  0.637639  
5.85834e-17  0.95674  0.290945  2  2  2  2  2  2  0.664992  0.240387  0.707107  
0.709997  0.39094  0.585721  2  2  2  2  2  2  0.7153  0.612248  0.336896  
0.787767  0.615973  2.38095e-08  2  2  2  2  2  2  0.347417  0.937711  0  
0.327685  0.944787  0  2  2  2  2  2  2  4.02435e-17  4.61504e-17  1  
0.978189  0.207715  0  2  2  2  2  2  2  0.754415  0.656397  3.16565e-08  
5.37636e-17  0.878026  0.478613  2  2  2  2  2  2  0.284361  0.958717  0  
0.622653  0.335118  0.707107  2  2  2  2  2  2  0.963637  0  0.267214  
0.686161  0.72745  2.46622e-65  2  2  2  2  2  2  0.408363  0.91282  0  
0.530805  0.847494  2.18147e-30  2  2  2  2  2  2  0.707107  0  0.707107  
0.415765  0.863812  0.284551  2  2  2  2  2  2  0.983918  0  0.178623  
0.275661  0.651161  0.707107  2  2  2  2  2  2  0.878567  0.47762  2.35658e-08  
0.747373  0.262815  0.610214  2  2  2  2  2  2  0.537397  0.45957  0.707107  
0.648262  0.282411  0.707107  2  2  2  2  2  2  0.743113  0.522957  0.417491  
5.71563e-17  0.933433  0.358753  2  2  2  2  2  2  0.676333  0.562692  0.475344  
0.91096  0.412494  2.35658e-08  2  2  2  2  2  2  0.509263  0.860611  4.68755e-38  
0.684569  0.315391  0.657187  2  2  2  2  2  2  0.57384  0.413168  0.707107  
0.784244  0.468189  0.407136  2  2  2  2  2  2  0.264112  0.921561  0.284551  
0.447182  0.653418  0.610797  2  2  2  2  2  2  0.685339  0.728224  1.23697e-77  
0.418721  0.569801  0.707107  2  2  2  2  2  2  4.32978e-17  0.707107  0.707107  
0.760626  0.574176  0.302936  2  2  2  2  2  2  0.709489  0.463317  0.531001  
0.216406  0.673178  0.707107  2  2  2  2  2  2  0.205363  0.978686  6.24046e-64  
0.511318  0.747762  0.423563  2  2  2  2  2  2  0.806957  0.490916  0.328362  
0.531399  0.466492  0.707107  2  2  2  2  2  2  0.502598  0.6282  0.593935  
0.943692  0  0.330825  2  2  2  2  2  2  0.639231  0.6413  0.424404  
0.707107  0  0.707107  2  2  2  2  2  2  5.8114e-17  0.949074  0.315054  
0.700345  0.620324  0.35315  2  2  2  2  2  2  0.850092  0.279247  0.446503  
4.32978e-17  0.707107  0.707107  2  2  2  2  2  2  1.15226e-07  0.985787  0.168002  
0.555187  0.61825  0.556358  2  2  2  2  2  2  0.594213  0.598036  0.537832  
0.965452  0  0.26058  2  2  2  2  2  2  0.559136  0.829076  2.17291e-69  
0.864011  0.27785  0.419861  2  2  2  2  2  2  0.745069  0.334035  0.577316  
0.480286  0.812685  0.329953  2  2  2  2  2  2  0.532598  0.557303  0.636987  
0.572644  0.819804  2.17291e-69  2  2  2  2  2  2  0.671527  0.405118  0.620428  
0.586895  0.533795  0.608784  2  2  2  2  2  2  5.92641e-17  0.967857  0.251503  
5.98652e-17  0.977674  0.210129  2  2  2  2  2  2  5.40397e-17  0.882536  0.470245  
0.820361  0.571845  3.56924e-73  2  2  2  2  2  2  8.67851e-08  0.740785  0.671742  
0.617591  0.655119  0.435201  2  2  2  2  2  2  0.301235  0.639732  0.707107  
0.776761  0  0.629795  2  2  2  2  2  2  0.79846  0.300605  0.52163  
0.838791  0.400672  0.368636  2  2  2  2  2  2  0.648198  0.761472  0  
0.55668  0.778848  0.28897  2  2  2  2  2  2  0.464033  0.885818  1.15911e-07  
0.327803  0.626534  0.707107  2  2  2  2  2  2  0.637766  0.305375  0.707107  
5.17942e-17  0.845864  0.533399  2  2  2  2  2  2  1  1.64196e-74  0  
0.740315  0  0.67226  2  2  2  2  2  2  0.688547  0.160946  0.707107  
0.388943  0.921262  0  2  2  2  2  2  2  0.773242  0.425504  0.470153  
0.958069  0.286537  0  2  2  2  2  2  2  0.333771  0.828329  0.449965  
0.594567  0.38274  0.707107  2  2  2  2  2  2  0.817881  0.575387  1.6297e-77  
3.27133e-13  5.41357e-17  1  2  2  2  2  2  2  5.54683e-17  0.905866  0.423563  
0.691303  0.148661  0.707107  2  2  2  2  2  2  5.25208e-17  0.85773  0.514101  
4.99221e-17  0.81529  0.579052  2  2  2  2  2  2  0.925521  0.276381  0.258893  
0.720221  0.535372  0.441202  2  2  2  2  2  2  5.68435e-17  0.928325  0.37177  
0.750845  0.427712  0.503283  2  2  2  2  2  2  0.286224  0.70022  0.654039  
0.272276  0.756925  0.59408  2  2  2  2  2  2  0.332414  0.736194  0.589508  
0.649826  0.760083  0  2  2  2  2  2  2  0.597751  0.461917  0.65523  
0.56402  0.426476  0.707107  2  2  2  2  2  2  0.847117  0.531407  2.35658e-08  
0.258619  0.965979  1.32489e-61  2  2  2  2  2  2  0.607302  0.362194  0.707107  
0.495368  0.577827  0.648634  2  2  2  2  2  2  0.158467  0.689121  0.707107  
0.78437  0.292946  0.54676  2  2  2  2  2  2  0.408471  0.577192  0.707107  
0.25464  0.858323  0.445466  2  2  2  2  2  2  0.776035  1.41792e-08  0.63069  
0.597786  0.722379  0.347592  2  2  2  2  2  2  0.516185  0.815819  0.260754  
0.869583  0  0.493787  2  2  2  2  2  2  0.409181  0.766674  0.494755  
0.895433  0  0.445197  2  2  2  2  2  2  0.917126  0  0.398598  
0.62689  0.444781  0.639671  2  2  2  2  2  2  0.881431  0.359037  0.306875  
5.55876e-17  0.907814  0.419373  2  2  2  2  2  2  0.497832  0.502158  0.707107  
0.306896  0.801238  0.513647  2  2  2  2  2  2  0.863218  0  0.504832  
0.919578  0  0.392908  2  2  2  2  2  2  0.907732  0.419551  1.15911e-07  
0.172414  0.985025  0  2  2  2  2  2  2  0.896909  0.24426  0.368636  
0.486513  0.873674  1.15911e-07  2  2  2  2  2  2  0.454943  0.54132  0.707107  
0.720875  0.693065  2.01784e-71  2  2  2  2  2  2  0.285333  0.793222  0.537944  
0.375138  0.599393  0.707107  2  2  2  2  2  2  4.91487e-17  0.802659  0.596438  
0.882232  0.470815  1.51908e-27  2  2  2  2  2  2  5.08783e-17  0.830905  0.556414  
1  2.17992e-17  3.52417e-10  2  2  2  2  2  2  0.977578  0.210574  0  
0.81112  1.48203e-08  0.584879  2  2  2  2  2  2  0.828211  0.391838  0.400661  
0.673655  0.494684  0.549069  2  2  2  2  2  2  4.73247e-17  0.772871  0.634563  
0.524355  0.688281  0.50132  2  2  2  2  2  2  0.77339  0.565809  0.285881  
0.324962  0.690121  0.646632  2  2  2  2  2  2  0.6735  0.679508  0.290975  
0.927471  0.261676  0.267064  2  2  2  2  2  2  0.72069  0.693258  1.3725e-78  
0.644239  0.580447  0.498033  2  2  2  2  2  2  0.357668  0.609979  0.707107  
0.9357  0.352796  0  2  2  2  2  2  2  0.51627  0.738262  0.434091  
0.671311  0.22213  0.707107  2  2  2  2  2  2  0.786991  0.616965  3.16549e-08  
0.430199  0.771329  0.46902  2  2  2  2  2  2  0.835028  0  0.550207  
0.863271  0.437982  0.250867  2  2  2  2  2  2  0.567004  0.768715  0.295945  
0.376047  0.832274  0.407319  2  2  2  2  2  2  0.806264  8.50087e-09  0.591556  
4.77655e-17  0.78007  0.625692  2  2  2  2  2  2  0.556718  0.673456  0.486336  
3.82407e-10  1  3.03392e-12  2  2  2  2  2  2  0.889762  0  0.456425  
0.842132  0  0.539271  2  2  2  2  2  2  0.942244  0  0.334928  
0.265685  0.92705  0.264556  2  2  2  2  2  2  0.956921  0.290347  0  
4.54725e-17  0.742623  0.66971  2  2  2  2  2  2  6.12323e-17  1  1.41622e-78  
0.816512  0.332593  0.471901  2  2  2  2  2  2  0.606039  0.795435  0  
0.402692  0.725981  0.557486  2  2  2  2  2  2  0.456677  0.702331  0.546056  
0.439644  0.898172  0  2  2  2  2  2  2  0.421785  0.850618  0.31392  
0.753905  0.656984  0  2  2  2  2  2  2  0.632794  0.515454  0.577823  
0.984703  0  0.174242  2  2  2  2  2  2  0.742477  0  0.669872  
0.307149  0.890242  0.336346  2  2  2  2  2  2  0.607539  0.714172  0.34764  
0.612233  0.790677  3.52938e-69  2  2  2  2  2  2  0.366064  0.894686  0.255995  
0.668102  0.682684  0.295945  2  2  2  2  2  2  0.933524  0.358516  1.15911e-07  
0.892039  0.325026  0.314045  2  2  2  2  2  2  0.461213  0.796956  0.390057  
0.811257  0.510033  0.285881  2  2  2  2  2  2  0.705242  0.283456  0.649835  
0.144741  0.692135  0.707107  2  2  2  2  2  2  0.856725  0.446292  0.258546  
0.851062  0.525065  8.19009e-83  2  2  2  2  2  2  0.291895  0.873715  0.389127  
0.459033  0.537855  0.707107  2  2  2  2  2  2  0.237041  0.666192  0.707107  
0.496476  0.503499  0.707107  2  2  2  2  2  2  0.411572  0.651172  0.637639  
5.85834e-17  0.95674  0.290945  2  2  2  2  2  2  0.664992  0.240387  0.707107  
0.709997  0.39094  0.585721  2  2  2  2  2  2  0.7153  0.612248  0.336896  
0.787767  0.615973  2.38095e-08  2  2  2  2  2  2  0.347417  0.937711  0  
0.327713  0.944777  0  2  2  2  2  2  2  4.02435e-17  4.61504e-17  1  
0.978189  0.207715  0  2  2  2  2  2  2  0.75448  0.656323  3.16549e-08  
5.37615e-17  0.877992  0.478675  2  2  2  2  2  2  0.284361  0.958717  0  
0.622653  0.335118  0.707107  2  2  2  2  2  2  0.963637  0  0.267214  
0.686175  0.727437  3.16549e-08  2  2  2  2  2  2  0.408363  0.91282  0  
0.531096  0.847312  1.10919e-08  2  2  2  2  2  2  0.707107  0  0.707107  
0.415765  0.863812  0.284551  2  2  2  2  2  2  0.983918  0  0.178623  
0.275661  0.651161  0.707107  2  2  2  2  2  2  0.878567  0.47762  2.35658e-08  
0.747373  0.262815  0.610214  2  2  2  2  2  2  0.537397  0.45957  0.707107  
0.648287  0.282353  0.707107  2  2  2  2  2  2  0.743113  0.522957  0.417491  
5.71563e-17  0.933433  0.358753  2  2  2  2  2  2  0.676278  0.562647  0.475475  
0.910933  0.412555  1.15911e-07  2  2  2  2  2  2  0.509263  0.860611  6.93523e-52  
0.684569  0.315391  0.657187  2  2  2  2  2  2  0.573871  0.413125  0.707107  
0.784186  0.468542  0.406842  2  2  2  2  2  2  0.264099  0.921513  0.284719  
0.447182  0.653418  0.610797  2  2  2  2  2  2  0.685339  0.728224  5.48717e-85  
0.418744  0.569783  0.707107  2  2  2  2  2  2  4.32978e-17  0.707107  0.707107  
0.760626  0.574176  0.302936  2  2  2  2  2  2  0.70945  0.463291  0.531076  
0.216406  0.673178  0.707107  2  2  2  2  2  2  0.205363  0.978686  8.17612e-67  
0.511318  0.747762  0.423563  2  2  2  2  2  2  0.806957  0.490916  0.328362  
0.531724  0.466122  0.707107  2  2  2  2  2  2  0.502598  0.6282  0.593935  
0.943716  0  0.330756  2  2  2  2  2  2  0.639231  0.6413  0.424404  
0.707107  0  0.707107  2  2  2  2  2  2  5.81131e-17  0.949059  0.315098  
0.700345  0.620324  0.35315  2  2  2  2  2  2  0.850092  0.279247  0.446503  
4.32978e-17  0.707107  0.707107  2  2  2  2  2  2  1.15226e-07  0.985787  0.168002  
0.558046  0.616731  0.555182  2  2  2  2  2  2  0.594213  0.598036  0.537832  
0.965446  0  0.260604  2  2  2  2  2  2  0.559276  0.828982  1.24304e-78  
0.864011  0.27785  0.419861  2  2  2  2  2  2  0.745069  0.334035  0.577316  
0.480286  0.812685  0.329953  2  2  2  2  2  2  0.532598  0.557303  0.636987  
0.572644  0.819804  2.17291e-69  2  2  2  2  2  2  0.671527  0.405118  0.620428  
0.586895  0.533795  0.608784  2  2  2  2  2  2  5.92641e-17  0.967857  0.251503  
5.98652e-17  0.977674  0.210129  2  2  2  2  2  2  5.40381e-17  0.882509  0.470296  
0.820361  0.571845  3.56924e-73  2  2  2  2  2  2  8.6577e-08  0.740785  0.671742  
0.617591  0.655119  0.435201  2  2  2  2  2  2  0.301307  0.639699  0.707107  
0.776761  0  0.629795  2  2  2  2  2  2  0.79846  0.300605  0.52163  
0.838367  0.401557  0.368636  2  2  2  2  2  2  0.648198  0.761472  0  
0.55668  0.778848  0.28897  2  2  2  2  2  2  0.464033  0.885818  1.1591e-07  
0.327803  0.626534  0.707107  2  2  2  2  2  2  0.637837  0.305227  0.707107  
5.17942e-17  0.845864  0.533399  2  2  2  2  2  2  1  3.8292e-78  0  
0.740255  0  0.672327  2  2  2  2  2  2  0.688547  0.160946  0.707107  
0.388991  0.921241  0  2  2  2  2  2  2  0.773242  0.425504  0.470153  
0.958069  0.286537  0  2  2  2  2  2  2  0.333771  0.828329  0.449965  
0.594627  0.382647  0.707107  2  2  2  2  2  2  0.817881  0.575387  1.39783e-85  
3.27133e-13  5.41357e-17  1  2  2  2  2  2  2  5.54683e-17  0.905866  0.423563  
0.691303  0.148661  0.707107  2  2  2  2  2  2  5.25208e-17  0.85773  0.514101  
4.99221e-17  0.81529  0.579052  2  2  2  2  2  2  0.925521  0.276381  0.258893  
0.720221  0.535372  0.441202  2  2  2  2  2  2  5.68435e-17  0.928325  0.37177  
0.750845  0.427712  0.503283  2  2  2  2  2  2  0.286224  0.70022  0.654039  
0.272902  0.755993  0.594979  2  2  2  2  2  2  0.332414  0.736194  0.589508  
0.649952  0.759975  0  2  2  2  2  2  2  0.597751  0.461917  0.65523  
0.564361  0.426025  0.707107  2  2  2  2  2  2  0.847117  0.531407  2.35658e-08  
0.258659  0.965969  2.35658e-08  2  2  2  2  2  2  0.607364  0.36209  0.707107  
0.495368  0.577827  0.648634  2  2  2  2  2  2  0.158703  0.689067  0.707107  
0.78437  0.292946  0.54676  2  2  2  2  2  2  0.408715  0.57702  0.707107  
0.25464  0.858323  0.445466  2  2  2  2  2  2  0.776057  1.41796e-08  0.630662  
0.597418  0.72266  0.34764  2  2  2  2  2  2  0.516191  0.815829  0.260711  
0.869695  0  0.49359  2  2  2  2  2  2  0.409181  0.766674  0.494755  
0.895537  9.44212e-09  0.444988  2  2  2  2  2  2  0.917126  0  0.398598  
0.627906  0.442385  0.640335  2  2  2  2  2  2  0.881377  0.359167  0.306875  
5.55876e-17  0.907814  0.419373  2  2  2  2  2  2  0.497861  0.50213  0.707107  
0.307812  0.800595  0.514101  2  2  2  2  2  2  0.863218  0  0.504832  
0.919715  0  0.392588  2  2  2  2  2  2  0.907732  0.419551  1.15911e-07  
0.173166  0.984893  1.24767e-07  2  2  2  2  2  2  0.896909  0.24426  0.368636  
0.48676  0.873536  3.9731e-51  2  2  2  2  2  2  0.455149  0.541147  0.707107  
0.720875  0.693065  2.01784e-71  2  2  2  2  2  2  0.285333  0.793222  0.537944  
0.375203  0.599352  0.707107  2  2  2  2  2  2  4.91475e-17  0.802639  0.596465  
0.882073  0.471113  2.35658e-08  2  2  2  2  2  2  5.08783e-17  0.830905  0.556414  
1  2.17992e-17  3.52417e-10  2  2  2  2  2  2  0.977578  0.210574  0  
0.81126  0  0.584685  2  2  2  2  2  2  0.828223  0.391812  0.400661  
0.673655  0.494684  0.549069  2  2  2  2  2  2  4.73232e-17  0.772847  0.634592  
0.524355  0.688281  0.50132  2  2  2  2  2  2  0.77339  0.565809  0.285881  
0.324962  0.690121  0.646632  2  2  2  2  2  2  0.6735  0.679508  0.290975  
0.927471  0.261676  0.267064  2  2  2  2  2  2  0.720726  0.69322  9.56284e-82  
0.644239  0.580447  0.498033  2  2  2  2  2  2  0.357747  0.609932  0.707107  
0.935657  0.35291  0  2  2  2  2  2  2  0.51627  0.738262  0.434091  
0.671347  0.222022  0.707107  2  2  2  2  2  2  0.787012  0.616938  3.16549e-08  
0.430199  0.771329  0.46902  2  2  2  2  2  2  0.835028  0  0.550207  
0.863065  0.438024  0.251503  2  2  2  2  2  2  0.567004  0.768715  0.295945  
0.376047  0.832274  0.407319  2  2  2  2  2  2  0.806264  8.50087e-09  0.591556  
4.77615e-17  0.780005  0.625773  2  2  2  2  2  2  0.556718  0.673456  0.486336  
3.82407e-10  1  3.03392e-12  2  2  2  2  2  2  0.889762  0  0.456425  
0.842339  0  0.538947  2  2  2  2  2  2  0.942244  0  0.334928  
0.267806  0.927228  0.261781  2  2  2  2  2  2  0.956921  0.290347  0  
8.69934e-08  0.742563  0.669776  2  2  2  2  2  2  6.12323e-17  1  1.83556e-84  
0.815906  0.332347  0.473121  2  2  2  2  2  2  0.606129  0.795367  0  
0.402692  0.725981  0.557486  2  2  2  2  2  2  0.456677  0.702331  0.546056  
0.439644  0.898172  0  2  2  2  2  2  2  0.421909  0.850583  0.313849  
0.753905  0.656984  0  2  2  2  2  2  2  0.632869  0.515321  0.57786  
0.984703  0  0.174242  2  2  2  2  2  2  0.742477  0  0.669872  
0.307149  0.890242  0.336346  2  2  2  2  2  2  0.607504  0.714131  0.347786  
0.612347  0.790589  0  2  2  2  2  2  2  0.366064  0.894686  0.255995  
0.668102  0.682684  0.295945  2  2  2  2  2  2  0.933524  0.358516  1.1591e-07  
0.891568  0.326436  0.31392  2  2  2  2  2  2  0.461284  0.796915  0.390057  
0.811257  0.510033  0.285881  2  2  2  2  2  2  0.705242  0.283456  0.649835  
0.144741  0.692135  0.707107  2  2  2  2  2  2  0.856762  0.446311  0.258392  
0.850915  0.525304  2.35653e-08  2  2  2  2  2  2  0.291895  0.873715  0.389127  
0.459185  0.537726  0.707107  2  2  2  2  2  2  0.237041  0.666192  0.707107  
0.496809  0.50317  0.707107  2  2  2  2  2  2  0.411534  0.651111  0.637726  
5.85818e-17  0.956713  0.291033  2  2  2  2  2  2  0.665045  0.240239  0.707107  
0.709997  0.39094  0.585721  2  2  2  2  2  2  0.715255  0.6123  0.336896  
0.787767  0.615973  2.38095e-08  2  2  2  2  2  2  0.347417  0.937711  0  
0.327814  0.944742  4.76328e-83  2  2  2  2  2  2  4.02435e-17  4.61504e-17  1  
0.978189  0.207715  0  2  2  2  2  2  2  0.75448  0.656323  3.16549e-08  
5.37615e-17  0.877992  0.478675  2  2  2  2  2  2  0.284361  0.958717  0  
0.622792  0.334859  0.707107  2  2  2  2  2  2  0.963637  0  0.267214  
0.686231  0.727383  8.35427e-88  2  2  2  2  2  2  0.408363  0.91282  0  
0.531035  0.84735  3.16549e-08  2  2  2  2  2  2  0.707107  0  0.707107  
0.415765  0.863812  0.284551  2  2  2  2  2  2  0.983918  0  0.178623  
0.275833  0.651088  0.707107  2  2  2  2  2  2  0.878567  0.47762  2.35658e-08  
0.747373  0.262815  0.610214  2  2  2  2  2  2  0.537502  0.459448  0.707107  
0.648344  0.282224  0.707107  2  2  2  2  2  2  0.743053  0.522915  0.417651  
5.71563e-17  0.933433  0.358753  2  2  2  2  2  2  0.676278  0.562647  0.475475  
0.910873  0.412687  1.15911e-07  2  2  2  2  2  2  0.509263  0.860611  1.14535e-63  
0.684569  0.315391  0.657187  2  2  2  2  2  2  0.573892  0.413096  0.707107  
0.784186  0.468542  0.406842  2  2  2  2  2  2  0.264099  0.921513  0.284719  
0.447182  0.653418  0.610797  2  2  2  2  2  2  0.685339  0.728224  2.16781e-96  
0.418744  0.569783  0.707107  2  2  2  2  2  2  4.32978e-17  0.707107  0.707107  
0.760626  0.574176  0.302936  2  2  2  2  2  2  0.70945  0.463291  0.531076  
0.216534  0.673137  0.707107  2  2  2  2  2  2  0.205363  0.978686  1.89934e-76  
0.511318  0.747762  0.423563  2  2  2  2  2  2  0.806938  0.490904  0.328428  
0.531724  0.466122  0.707107  2  2  2  2  2  2  0.502598  0.6282  0.593935  
0.943773  0  0.330595  2  2  2  2  2  2  0.639231  0.6413  0.424404  
0.707107  0  0.707107  2  2  2  2  2  2  5.81131e-17  0.949059  0.315098  
0.69952  0.620753  0.35403  2  2  2  2  2  2  0.850092  0.279247  0.446503  
4.32978e-17  0.707107  0.707107  2  2  2  2  2  2  1.15204e-07  0.985787  0.168002  
0.558046  0.616731  0.555182  2  2  2  2  2  2  0.594136  0.597958  0.538004  
0.965446  0  0.260604  2  2  2  2  2  2  0.559276  0.828982  2.36551e-86  
0.864011  0.27785  0.419861  2  2  2  2  2  2  0.745069  0.334035  0.577316  
0.479813  0.812593  0.330866  2  2  2  2  2  2  0.532682  0.557223  0.636987  
0.572792  0.819701  6.95801e-72  2  2  2  2  2  2  0.671527  0.405118  0.620428  
0.586895  0.533795  0.608784  2  2  2  2  2  2  5.92641e-17  0.967857  0.251503  
5.98652e-17  0.977674  0.210129  2  2  2  2  2  2  5.40381e-17  0.882509  0.470296  
0.820331  0.571888  0  2  2  2  2  2  2  8.6577e-08  0.740785  0.671742  
0.617591  0.655119  0.435201  2  2  2  2  2  2  0.301483  0.639616  0.707107  
0.776761  0  0.629795  2  2  2  2  2  2  0.79846  0.300605  0.52163  
0.838367  0.401557  0.368636  2  2  2  2  2  2  0.648198  0.761472  0  
0.55668  0.778848  0.28897  2  2  2  2  2  2  0.464033  0.885818  1.1591e-07  
0.327886  0.626491  0.707107  2  2  2  2  2  2  0.637802  0.3053  0.707107  
5.17936e-17  0.845853  0.533415  2  2  2  2  2  2  1  1.33299e-85  0  
0.740255  0  0.672327  2  2  2  2  2  2  0.688547  0.160946  0.707107  
0.389187  0.921159  0  2  2  2  2  2  2  0.773242  0.425504  0.470153  
0.958023  0.286693  0  2  2  2  2  2  2  0.333771  0.828329  0.449965  
0.594669  0.382582  0.707107  2  2  2  2  2  2  0.817881  0.575387  8.49014e-94  
3.27133e-13  5.41357e-17  1  2  2  2  2  2  2  5.54683e-17  0.905866  0.423563  
0.691303  0.148661  0.707107  2  2  2  2  2  2  5.25208e-17  0.85773  0.514101  
4.99161e-17  0.815192  0.579191  2  2  2  2  2  2  0.925521  0.276381  0.258893  
0.720221  0.535372  0.441202  2  2  2  2  2  2  5.68435e-17  0.928325  0.37177  
0.750845  0.427712  0.503283  2  2  2  2  2  2  0.286224  0.70022  0.654039  
0.272902  0.755993  0.594979  2  2  2  2  2  2  0.332414  0.736194  0.589508  
0.650005  0.75993  0  2  2  2  2  2  2  0.597751  0.461917  0.65523  
0.564361  0.426025  0.707107  2  2  2  2  2  2  0.847117  0.531407  2.35653e-08  
0.258604  0.965983  6.13887e-67  2  2  2  2  2  2  0.607364  0.36209  0.707107  
0.495368  0.577827  0.648634  2  2  2  2  2  2  0.158703  0.689067  0.707107  
0.78437  0.292946  0.54676  2  2  2  2  2  2  0.408715  0.57702  0.707107  
0.25464  0.858323  0.445466  2  2  2  2  2  2  0.776057  1.41796e-08  0.630662  
0.597418  0.72266  0.34764  2  2  2  2  2  2  0.516191  0.815829  0.260711  
0.869766  8.08086e-09  0.493465  2  2  2  2  2  2  0.409181  0.766674  0.494755  
0.895537  9.44212e-09  0.444988  2  2  2  2  2  2  0.917126  0  0.398598  
0.627906  0.442385  0.640335  2  2  2  2  2  2  0.881377  0.359167  0.306875  
5.55894e-17  0.907843  0.41931  2  2  2  2  2  2  0.498006  0.501986  0.707107  
0.307812  0.800595  0.514101  2  2  2  2  2  2  0.863218  0  0.504832  
0.919715  0  0.392588  2  2  2  2  2  2  0.907732  0.419551  1.15911e-07  
0.172875  0.984944  1.89934e-76  2  2  2  2  2  2  0.896888  0.244335  0.368636  
0.48676  0.873536  3.9731e-51  2  2  2  2  2  2  0.455294  0.541024  0.707107  
0.720875  0.693065  2.01784e-71  2  2  2  2  2  2  0.285333  0.793222  0.537944  
0.375203  0.599352  0.707107  2  2  2  2  2  2  4.91475e-17  0.802639  0.596465  
0.882073  0.471113  2.35658e-08  2  2  2  2  2  2  5.08783e-17  0.830905  0.556414  
1  2.17992e-17  3.52417e-10  2  2  2  2  2  2  0.977578  0.210574  0  
0.81126  0  0.584685  2  2  2  2  2  2  0.828223  0.391812  0.400661  
0.673655  0.494684  0.549069  2  2  2  2  2  2  4.73232e-17  0.772847  0.634592  
0.524355  0.688281  0.50132  2  2  2  2  2  2  0.77339  0.565809  0.285881  
0.324962  0.690121  0.646632  2  2  2  2  2  2  0.6735  0.679508  0.290975  
0.927471  0.261676  0.267064  2  2  2  2  2  2  0.72077  0.693174  2.98586e-92  
0.644239  0.580447  0.498033  2  2  2  2  2  2  0.357921  0.60983  0.707107  
0.935552  0.353189  1.1591e-07  2  2  2  2  2  2  0.51627  0.738262  0.434091  
0.671347  0.222022  0.707107  2  2  2  2  2  2  0.787012  0.616938  3.16549e-08  
0.430199  0.771329  0.46902  2  2  2  2  2  2  0.835028  0  0.550207  
0.863065  0.438024  0.251503  2  2  2  2  2  2  0.567004  0.768715  0.295945  
0.376047  0.832274  0.407319  2  2  2  2  2  2  0.806264  8.50087e-09  0.591556  
4.77615e-17  0.780005  0.625773  2  2  2  2  2  2  0.55669  0.673423  0.486413  
3.82407e-10  1  3.03392e-12  2  2  2  2  2  2  0.889762  0  0.456425  
0.842365  0  0.538908  2  2  2  2  2  2  0.942244  0  0.334928  
0.267806  0.927228  0.261781  2  2  2  2  2  2  0.956921  0.290347  0  
8.69934e-08  0.742563  0.669776  2  2  2  2  2  2  6.12323e-17  1  3.92915e-89  
0.815906  0.332347  0.473121  2  2  2  2  2  2  0.606129  0.795367  0  
