0.487721  0.438625  0.0736547  3.25459  3.4619  7.49796  1.79769e+308  1.79769e+308  1.79769e+308  0.487721  0.438625  0.0736547  
0.126623  0.383605  6.27105  3.25459  3.4619  7.49796  1.79769e+308  1.79769e+308  1.79769e+308  0.126623  0.383605  6.27105  
1.17996  0.311585  4.69616  3.25459  3.4619  7.49796  1.79769e+308  1.79769e+308  1.79769e+308  1.17996  0.311585  4.69616  
0.385116  0.674476  4.79516  3.25459  3.4619  7.49796  1.79769e+308  1.79769e+308  1.79769e+308  0.385116  0.674476  4.79516  
0.313528  0.404712  0.28176  3.25459  3.4619  7.49796  1.79769e+308  1.79769e+308  1.79769e+308  0.313528  0.404712  0.28176  
0.908618  0.0494664  4.99141  3.25459  3.4619  7.49796  1.79769e+308  1.79769e+308  1.79769e+308  0.908618  0.0494664  4.99141  
1.88922  0.81684  2.16583  3.25459  3.4619  7.49796  1.79769e+308  1.79769e+308  1.79769e+308  1.88922  0.81684  2.16583  
0.601847  0.21345  0.184703  3.25459  3.4619  7.49796  1.79769e+308  1.79769e+308  1.79769e+308  0.601847  0.21345  0.184703  
2.17637  0.134168  1.24091  3.25459  3.4619  7.49796  1.79769e+308  1.79769e+308  1.79769e+308  2.17637  0.134168  1.24091  
0.00920453  0.783979  0.206817  3.25459  3.4619  7.49796  1.79769e+308  1.79769e+308  1.79769e+308  0.00920453  0.783979  0.206817  
0.84513  1.32979  2.35754  3.25459  3.4619  7.49796  1.79769e+308  1.79769e+308  1.79769e+308  0.84513  1.32979  2.35754  
0.0429097  1.00498  5.17289  3.25459  3.4619  7.49796  1.79769e+308  1.79769e+308  1.79769e+308  0.0429097  1.00498  5.17289  
1.72696  0.375124  3.69949  3.25459  3.4619  7.49796  1.79769e+308  1.79769e+308  1.79769e+308  1.72696  0.375124  3.69949  
0.661969  0.337834  5.52874  3.25459  3.4619  7.49796  1.79769e+308  1.79769e+308  1.79769e+308  0.661969  0.337834  5.52874  
0.97209  0.270776  4.22299  3.25459  3.4619  7.49796  1.79769e+308  1.79769e+308  1.79769e+308  0.97209  0.270776  4.22299  
1.12819  1.56067  1.4381  3.25459  3.4619  7.49796  1.79769e+308  1.79769e+308  1.79769e+308  1.12819  1.56067  1.4381  
0.595728  0.35561  0.0486624  3.25459  3.4619  7.49796  1.79769e+308  1.79769e+308  1.79769e+308  0.595728  0.35561  0.0486624  
1.93947  0.430327  1.34006  3.25459  3.4619  7.49796  1.79769e+308  1.79769e+308  1.79769e+308  1.93947  0.430327  1.34006  
0.792795  0.489614  3.69607  3.25459  3.4619  7.49796  1.79769e+308  1.79769e+308  1.79769e+308  0.792795  0.489614  3.69607  
0.687712  1.68657  1.42649  3.25459  3.4619  7.49796  1.79769e+308  1.79769e+308  1.79769e+308  0.687712  1.68657  1.42649  
0.564453  0.109141  0.326405  3.25459  3.4619  7.49796  1.79769e+308  1.79769e+308  1.79769e+308  0.564453  0.109141  0.326405  
0.461772  0.987543  4.25247  3.25459  3.4619  7.49796  1.79769e+308  1.79769e+308  1.79769e+308  0.461772  0.987543  4.25247  
0.112404  2.4619  1.75296  3.25459  3.4619  7.49796  1.79769e+308  1.79769e+308  1.79769e+308  0.112404  2.4619  1.75296  
0.544339  0.181141  0.27452  3.25459  3.4619  7.49796  1.79769e+308  1.79769e+308  1.79769e+308  0.544339  0.181141  0.27452  
0.0218542  0.957888  0.0202583  3.25459  3.4619  7.49796  1.79769e+308  1.79769e+308  1.79769e+308  0.0218542  0.957888  0.0202583  
0.809  1.25087  2.77479  3.25459  3.4619  7.49796  1.79769e+308  1.79769e+308  1.79769e+308  0.809  1.25087  2.77479  
2.11715  0.0872251  2.92246  3.25459  3.4619  7.49796  1.79769e+308  1.79769e+308  1.79769e+308  2.11715  0.0872251  2.92246  
0.69981  0.0859127  0.214278  3.25459  3.4619  7.49796  1.79769e+308  1.79769e+308  1.79769e+308  0.69981  0.0859127  0.214278  
0.555718  0.139845  0.304437  3.25459  3.4619  7.49796  1.79769e+308  1.79769e+308  1.79769e+308  0.555718  0.139845  0.304437  
0.731142  0.222985  0.0458732  3.25459  3.4619  7.49796  1.79769e+308  1.79769e+308  1.79769e+308  0.731142  0.222985  0.0458732  
0.419119  0.443988  4.6756  3.25459  3.4619  7.49796  1.79769e+308  1.79769e+308  1.79769e+308  0.419119  0.443988  4.6756  
0.251052  1.97479  3.03246  3.25459  3.4619  7.49796  1.79769e+308  1.79769e+308  1.79769e+308  0.251052  1.97479  3.03246  
0.0311696  0.0178742  6.42063  3.25459  3.4619  7.49796  1.79769e+308  1.79769e+308  1.79769e+308  0.0311696  0.0178742  6.42063  
0.642666  0.331586  0.0257473  3.25459  3.4619  7.49796  1.79769e+308  1.79769e+308  1.79769e+308  0.642666  0.331586  0.0257473  
0.720018  0.248587  0.0313953  3.25459  3.4619  7.49796  1.79769e+308  1.79769e+308  1.79769e+308  0.720018  0.248587  0.0313953  
0.474929  0.126929  5.92788  3.25459  3.4619  7.49796  1.79769e+308  1.79769e+308  1.79769e+308  0.474929  0.126929  5.92788  
0.304419  1.90425  2.8352  3.25459  3.4619  7.49796  1.79769e+308  1.79769e+308  1.79769e+308  0.304419  1.90425  2.8352  
1.66729  0.0463111  3.80057  3.25459  3.4619  7.49796  1.79769e+308  1.79769e+308  1.79769e+308  1.66729  0.0463111  3.80057  
0.366897  0.562467  0.0706368  3.25459  3.4619  7.49796  1.79769e+308  1.79769e+308  1.79769e+308  0.366897  0.562467  0.0706368  
0.55417  0.433353  0.0124772  3.25459  3.4619  7.49796  1.79769e+308  1.79769e+308  1.79769e+308  0.55417  0.433353  0.0124772  
0.195702  0.0555771  6.17739  3.25459  3.4619  7.49796  1.79769e+308  1.79769e+308  1.79769e+308  0.195702  0.0555771  6.17739  
1.121  0.981694  2.1157  3.25459  3.4619  7.49796  1.79769e+308  1.79769e+308  1.79769e+308  1.121  0.981694  2.1157  
1.42654  0.548806  3.48478  3.25459  3.4619  7.49796  1.79769e+308  1.79769e+308  1.79769e+308  1.42654  0.548806  3.48478  
0.580175  0.352032  3.93175  3.25459  3.4619  7.49796  1.79769e+308  1.79769e+308  1.79769e+308  0.580175  0.352032  3.93175  
2.25459  0.109394  1.73258  3.25459  3.4619  7.49796  1.79769e+308  1.79769e+308  1.79769e+308  2.25459  0.109394  1.73258  
0.172465  0.575271  0.252264  3.25459  3.4619  7.49796  1.79769e+308  1.79769e+308  1.79769e+308  0.172465  0.575271  0.252264  
1.48705  1.03836  1.81008  3.25459  3.4619  7.49796  1.79769e+308  1.79769e+308  1.79769e+308  1.48705  1.03836  1.81008  
1.85818  0.281254  2.96011  3.25459  3.4619  7.49796  1.79769e+308  1.79769e+308  1.79769e+308  1.85818  0.281254  2.96011  
0.0634047  0.0739986  6.27312  3.25459  3.4619  7.49796  1.79769e+308  1.79769e+308  1.79769e+308  0.0634047  0.0739986  6.27312  
0.349889  2.14863  1.28549  3.25459  3.4619  7.49796  1.79769e+308  1.79769e+308  1.79769e+308  0.349889  2.14863  1.28549  
0.580108  0.104704  5.23122  3.25459  3.4619  7.49796  1.79769e+308  1.79769e+308  1.79769e+308  0.580108  0.104704  5.23122  
0.486745  0.241349  0.271906  3.25459  3.4619  7.49796  1.79769e+308  1.79769e+308  1.79769e+308  0.486745  0.241349  0.271906  
0.208468  0.695096  0.0964358  3.25459  3.4619  7.49796  1.79769e+308  1.79769e+308  1.79769e+308  0.208468  0.695096  0.0964358  
0.882661  0.368356  5.56993  3.25459  3.4619  7.49796  1.79769e+308  1.79769e+308  1.79769e+308  0.882661  0.368356  5.56993  
0.12307  0.0560989  5.34195  3.25459  3.4619  7.49796  1.79769e+308  1.79769e+308  1.79769e+308  0.12307  0.0560989  5.34195  
0.803097  1.48819  2.14156  3.25459  3.4619  7.49796  1.79769e+308  1.79769e+308  1.79769e+308  0.803097  1.48819  2.14156  
0.46474  0.311362  0.223898  3.25459  3.4619  7.49796  1.79769e+308  1.79769e+308  1.79769e+308  0.46474  0.311362  0.223898  
0.732073  0.0867079  0.181219  3.25459  3.4619  7.49796  1.79769e+308  1.79769e+308  1.79769e+308  0.732073  0.0867079  0.181219  
0.58975  0.370297  0.039953  3.25459  3.4619  7.49796  1.79769e+308  1.79769e+308  1.79769e+308  0.58975  0.370297  0.039953  
0.57266  0.171076  5.85265  3.25459  3.4619  7.49796  1.79769e+308  1.79769e+308  1.79769e+308  0.57266  0.171076  5.85265  
0.0944581  0.912682  5.9013  3.25459  3.4619  7.49796  1.79769e+308  1.79769e+308  1.79769e+308  0.0944581  0.912682  5.9013  
0.371588  0.352777  5.42599  3.25459  3.4619  7.49796  1.79769e+308  1.79769e+308  1.79769e+308  0.371588  0.352777  5.42599  
0.138569  0.154511  6.49796  3.25459  3.4619  7.49796  1.79769e+308  1.79769e+308  1.79769e+308  0.138569  0.154511  6.49796  
2.0019  0.330893  1.75275  3.25459  3.4619  7.49796  1.79769e+308  1.79769e+308  1.79769e+308  2.0019  0.330893  1.75275  
1.78156  0.44514  1.69679  3.25459  3.4619  7.49796  1.79769e+308  1.79769e+308  1.79769e+308  1.78156  0.44514  1.69679  
2.18523  0.388708  3.06639  3.25459  3.4619  7.49796  1.79769e+308  1.79769e+308  1.79769e+308  2.18523  0.388708  3.06639  
1.25332  0.777713  3.45171  3.25459  3.4619  7.49796  1.79769e+308  1.79769e+308  1.79769e+308  1.25332  0.777713  3.45171  
0.392104  2.35259  2.29855  3.25459  3.4619  7.49796  1.79769e+308  1.79769e+308  1.79769e+308  0.392104  2.35259  2.29855  
0.869832  1.28351  2.53781  3.25459  3.4619  7.49796  1.79769e+308  1.79769e+308  1.79769e+308  0.869832  1.28351  2.53781  
2.03071  0.166834  2.18315  3.25459  3.4619  7.49796  1.79769e+308  1.79769e+308  1.79769e+308  2.03071  0.166834  2.18315  
0.304349  1.58638  1.06593  3.25459  3.4619  7.49796  1.79769e+308  1.79769e+308  1.79769e+308  0.304349  1.58638  1.06593  
0.262978  0.0391123  6.48557  3.25459  3.4619  7.49796  1.79769e+308  1.79769e+308  1.79769e+308  0.262978  0.0391123  6.48557  
0.562368  0.0510439  6.4035  3.25459  3.4619  7.49796  1.79769e+308  1.79769e+308  1.79769e+308  0.562368  0.0510439  6.4035  
1.55951  0.969149  1.36017  3.25459  3.4619  7.49796  1.79769e+308  1.79769e+308  1.79769e+308  1.55951  0.969149  1.36017  
0.530262  0.161709  0.308029  3.25459  3.4619  7.49796  1.79769e+308  1.79769e+308  1.79769e+308  0.530262  0.161709  0.308029  
0.418488  0.360682  0.220831  3.25459  3.4619  7.49796  1.79769e+308  1.79769e+308  1.79769e+308  0.418488  0.360682  0.220831  
1.13254  0.250522  5.15493  3.25459  3.4619  7.49796  1.79769e+308  1.79769e+308  1.79769e+308  1.13254  0.250522  5.15493  
0.320809  0.580107  0.0990834  3.25459  3.4619  7.49796  1.79769e+308  1.79769e+308  1.79769e+308  0.320809  0.580107  0.0990834  
0.831605  0.0998184  0.0685764  3.25459  3.4619  7.49796  1.79769e+308  1.79769e+308  1.79769e+308  0.831605  0.0998184  0.0685764  
0.809289  0.0829236  0.107787  3.25459  3.4619  7.49796  1.79769e+308  1.79769e+308  1.79769e+308  0.809289  0.0829236  0.107787  
0.259511  0.45405  0.286439  3.25459  3.4619  7.49796  1.79769e+308  1.79769e+308  1.79769e+308  0.259511  0.45405  0.286439  
0.107569  0.132313  5.62317  3.25459  3.4619  7.49796  1.79769e+308  1.79769e+308  1.79769e+308  0.107569  0.132313  5.62317  
1.92842  0.652462  2.95076  3.25459  3.4619  7.49796  1.79769e+308  1.79769e+308  1.79769e+308  1.92842  0.652462  2.95076  
0.754967  0.00241202  0.242621  3.25459  3.4619  7.49796  1.79769e+308  1.79769e+308  1.79769e+308  0.754967  0.00241202  0.242621  
0.233391  0.586095  0.180515  3.25459  3.4619  7.49796  1.79769e+308  1.79769e+308  1.79769e+308  0.233391  0.586095  0.180515  
1.08309  0.139258  4.65957  3.25459  3.4619  7.49796  1.79769e+308  1.79769e+308  1.79769e+308  1.08309  0.139258  4.65957  
0.626903  0.276181  0.0969161  3.25459  3.4619  7.49796  1.79769e+308  1.79769e+308  1.79769e+308  0.626903  0.276181  0.0969161  
0.199798  0.728086  0.0721152  3.25459  3.4619  7.49796  1.79769e+308  1.79769e+308  1.79769e+308  0.199798  0.728086  0.0721152  
0.404972  0.385698  0.20933  3.25459  3.4619  7.49796  1.79769e+308  1.79769e+308  1.79769e+308  0.404972  0.385698  0.20933  
0.219448  1.02327  4.08488  3.25459  3.4619  7.49796  1.79769e+308  1.79769e+308  1.79769e+308  0.219448  1.02327  4.08488  
2.04337  0.241197  2.41057  3.25459  3.4619  7.49796  1.79769e+308  1.79769e+308  1.79769e+308  2.04337  0.241197  2.41057  
2.044  0.22395  1.92745  3.25459  3.4619  7.49796  1.79769e+308  1.79769e+308  1.79769e+308  2.044  0.22395  1.92745  
1.27566  0.142089  4.91356  3.25459  3.4619  7.49796  1.79769e+308  1.79769e+308  1.79769e+308  1.27566  0.142089  4.91356  
0.686874  1.79189  3.00161  3.25459  3.4619  7.49796  1.79769e+308  1.79769e+308  1.79769e+308  0.686874  1.79189  3.00161  
0.304365  0.493217  5.33729  3.25459  3.4619  7.49796  1.79769e+308  1.79769e+308  1.79769e+308  0.304365  0.493217  5.33729  
0.189869  1.45605  3.69167  3.25459  3.4619  7.49796  1.79769e+308  1.79769e+308  1.79769e+308  0.189869  1.45605  3.69167  
0.776936  0.14952  0.0735442  3.25459  3.4619  7.49796  1.79769e+308  1.79769e+308  1.79769e+308  0.776936  0.14952  0.0735442  
0.452765  0.881731  4.45601  3.25459  3.4619  7.49796  1.79769e+308  1.79769e+308  1.79769e+308  0.452765  0.881731  4.45601  
1.25111  0.146342  4.27029  3.25459  3.4619  7.49796  1.79769e+308  1.79769e+308  1.79769e+308  1.25111  0.146342  4.27029  
0.252626  0.627204  0.120169  3.25459  3.4619  7.49796  1.79769e+308  1.79769e+308  1.79769e+308  0.252626  0.627204  0.120169  
0.647705  0.0189801  0.333315  2  3.6493  8.59282  2  2  2.2  0.0006828  0.154979  3.96431  
0.317745  0.348927  0.333329  2  3.6493  8.59282  2  2  2.2  0.188942  0.0224436  7.36106  
0.936645  0.0263861  0.0369686  2  3.6493  8.59282  2  2  2.2  0.0904056  2.52667  1.96225  
0.881993  5.34014e-11  0.118007  2  3.6493  8.59282  2  2  2.2  0.264894  0.402023  0.333083  
0.483366  0.516634  2.17708e-08  2  3.6493  8.59282  2  2  2.2  0.649844  0.0168777  0.333278  
0.666674  1.15515e-10  0.333326  2  3.6493  8.59282  2  2  2.2  0.177623  0.489204  0.333174  
0.0441014  0.622573  0.333326  2  3.6493  8.59282  2  2  2.2  0  1.06354e-16  2.47089  
0.615182  0.0515373  0.33328  2  3.6493  8.59282  2  2  2.2  0.000725548  0.000128013  7.59282  
0.757741  0.242259  2.05622e-09  2  3.6493  8.59282  2  2  2.2  0.0210711  0.542944  4.20453  
0.0909693  0.575705  0.333326  2  3.6493  8.59282  2  2  2.2  0.475357  0.49075  0.0338932  
1.92554e-06  0.666689  0.333309  2  3.6493  8.59282  2  2  2.2  0.436073  0.230972  0.332955  
0.152882  0.513815  0.333303  2  3.6493  8.59282  2  2  2.2  0.0328103  0.634336  0.332854  
0.160666  0.662268  0.177066  2  3.6493  8.59282  2  2  2.2  0.654563  0.0121221  0.333315  
0.541608  0.442267  0.0161254  2  3.6493  8.59282  2  2  2.2  0.143413  0.527727  0.328859  
0.185835  0.480865  0.333299  2  3.6493  8.59282  2  2  2.2  0.0033749  0.8075  0.189125  
0.682106  0.307815  0.0100788  2  3.6493  8.59282  2  2  2.2  0.0302576  0.719398  0.250344  
0.0822949  0.840341  0.0773638  2  3.6493  8.59282  2  2  2.2  0.135849  0.629022  0.235129  
0.725  0.00832976  0.26667  2  3.6493  8.59282  2  2  2.2  1.05121e-08  3.33695e-06  5.38641  
0.53033  0.310501  0.159168  2  3.6493  8.59282  2  2  2.2  0.450703  0.549296  1.19497e-06  
0.17258  0.804364  0.0230554  2  3.6493  8.59282  2  2  2.2  0.21278  0.453942  0.333278  
0.568568  0.0981059  0.333326  2  3.6493  8.59282  2  2  2.2  0.46248  0.204293  0.333226  
0.220061  0.446612  0.333327  2  3.6493  8.59282  2  2  2.2  0.0364525  2.18616  2.61425  
0.583574  0.0831455  0.33328  2  3.6493  8.59282  2  2  2.2  0.343246  0.323731  0.333023  
0.548912  0.209788  0.241301  2  3.6493  8.59282  2  2  2.2  0.940879  1.77535e-06  6.27503  
0.237054  0.429677  0.333269  2  3.6493  8.59282  2  2  2.2  0.0117297  0.0418463  4.96928  
0.277301  0.538444  0.184255  2  3.6493  8.59282  2  2  2.2  7.08369e-08  1.60783e-05  3.33132  
1  1.58335e-10  1.55729e-10  2  3.6493  8.59282  2  2  2.2  0.0203878  0.818948  0.160664  
0.349353  0.317315  0.333332  2  3.6493  8.59282  2  2  2.2  0.0668413  0.722348  0.210811  
0.254012  0.412689  0.333299  2  3.6493  8.59282  2  2  2.2  0.0533831  0.659159  0.287458  
0.72571  0.208387  0.0659032  2  3.6493  8.59282  2  2  2.2  0.498642  0.168078  0.33328  
0.819776  0.166885  0.0133394  2  3.6493  8.59282  2  2  2.2  0.000503782  0.666704  0.332792  
0.598943  0.0677768  0.33328  2  3.6493  8.59282  2  2  2.2  0.143044  0.85161  0.00534566  
0.301991  0.364748  0.333261  2  3.6493  8.59282  2  2  2.2  0  0  3.41282  
0.760133  0.0656164  0.17425  2  3.6493  8.59282  2  2  2.2  0.733011  0.266989  3.72539e-09  
0.637395  0.174549  0.188056  2  3.6493  8.59282  2  2  2.2  0.787659  0.00557835  0.206762  
0.448025  0.470519  0.0814566  2  3.6493  8.59282  2  2  2.2  0  0.679509  0.320491  
0.704155  0.151549  0.144297  2  3.6493  8.59282  2  2  2.2  0.694084  0.300505  0.00541053  
0  0.886316  0.113684  2  3.6493  8.59282  2  2  2.2  0  0  3.9622  
0.332993  0.333722  0.333285  2  3.6493  8.59282  2  2  2.2  0  0  7.22305  
0.415574  0.251141  0.333285  2  3.6493  8.59282  2  2  2.2  0.00119501  0.879877  0.118928  
0.367824  0.364407  0.26777  2  3.6493  8.59282  2  2  2.2  0  0  1.91815  
0.319148  0.448313  0.23254  2  3.6493  8.59282  2  2  2.2  0.207249  0.0238837  7.05163  
0.235627  0.492415  0.271958  2  3.6493  8.59282  2  2  2.2  0.524166  0.441629  0.0342051  
0.446361  0.336764  0.216875  2  3.6493  8.59282  2  2  2.2  1  1.27369e-10  1.15443e-10  
0.89413  0.10587  1.15443e-10  2  3.6493  8.59282  2  2  2.2  0.262788  0.737212  4.27991e-13  
0.192872  0.574594  0.232534  2  3.6493  8.59282  2  2  2.2  2.48275e-12  1  1.6848e-11  
0.630796  0.0358894  0.333315  2  3.6493  8.59282  2  2  2.2  0.615368  0.0516139  0.333019  
1.90347e-12  0.766676  0.233324  2  3.6493  8.59282  2  2  2.2  0.0549009  0.939689  0.00541053  
0.495466  0.390347  0.114187  2  3.6493  8.59282  2  2  2.2  0.395849  0.271104  0.333048  
0.203109  0.708272  0.0886191  2  3.6493  8.59282  2  2  2.2  0.344627  0.000784144  6.65381  
0.617534  0.382466  2.04848e-09  2  3.6493  8.59282  2  2  2.2  0.65257  0.306132  0.041298  
0.365819  0.300891  0.33329  2  3.6493  8.59282  2  2  2.2  0.34343  0.52386  0.13271  
0.851012  0.0742326  0.0747555  2  3.6493  8.59282  2  2  2.2  0.110216  0.724501  0.165283  
0.286198  0.380478  0.333324  2  3.6493  8.59282  2  2  2.2  0  1.18263e-16  2.74757  
0.382719  0.283958  0.333323  2  3.6493  8.59282  2  2  2.2  4.99251e-05  0.00497504  3.33128  
0.50812  0.158555  0.333326  2  3.6493  8.59282  2  2  2.2  0.0252285  0.172974  5.116  
0.476404  0.258653  0.264943  2  3.6493  8.59282  2  2  2.2  0.747221  0.123589  0.12919  
0.679269  0.0876003  0.233131  2  3.6493  8.59282  2  2  2.2  0.00190564  0.0568538  5.08443  
0.523583  0.143092  0.333326  2  3.6493  8.59282  2  2  2.2  0.000716751  0.000126461  7.50075  
0.0850159  0.713367  0.201617  2  3.6493  8.59282  2  2  2.2  0  5.16514e-17  1.2  
0.0292353  0.637445  0.33332  2  3.6493  8.59282  2  2  2.2  0.646005  0.207444  0.146551  
0.398989  0.267732  0.333279  2  3.6493  8.59282  2  2  2.2  0.67106  6.67276e-09  0.32894  
0.290393  0.675358  0.0342486  2  3.6493  8.59282  2  2  2.2  0.34529  0.401033  0.253677  
0.0587728  0.607894  0.333333  2  3.6493  8.59282  2  2  2.2  0.0451845  1.33538  3.98743  
0.014572  0.652102  0.333326  2  3.6493  8.59282  2  2  2.2  0.202515  0.472748  0.324737  
0.203984  0.46269  0.333326  2  3.6493  8.59282  2  2  2.2  0  0  2.00679  
0.0752701  0.591404  0.333326  2  3.6493  8.59282  2  2  2.2  0.585884  0.166255  0.247861  
0.477442  0.189256  0.333303  2  3.6493  8.59282  2  2  2.2  0.901708  0.0364287  0.0618637  
0.430437  0.236236  0.333328  2  3.6493  8.59282  2  2  2.2  0.231626  0.727076  0.041298  
0.0281286  0.804401  0.16747  2  3.6493  8.59282  2  2  2.2  0.000136631  0.00538477  4.20327  
0.781146  0.117934  0.10092  2  3.6493  8.59282  2  2  2.2  0.181103  0.690345  0.128553  
0.589024  0.240523  0.170453  2  3.6493  8.59282  2  2  2.2  0  0  6.7324  
0.461657  0.205017  0.333326  2  3.6493  8.59282  2  2  2.2  0.273207  0.655845  0.0709481  
0.118588  0.881412  4.88927e-09  2  3.6493  8.59282  2  2  2.2  0.101439  0.565542  0.333019  
0.410111  0.558336  0.0315533  2  3.6493  8.59282  2  2  2.2  0.0127634  0.525648  4.60813  
0.121309  0.545387  0.333304  2  3.6493  8.59282  2  2  2.2  0.174636  2.6493  2.03591  
0.169232  0.497595  0.333174  2  3.6493  8.59282  2  2  2.2  0.0158237  0.0882201  5.30811  
0.324093  0.583997  0.0919102  2  3.6493  8.59282  2  2  2.2  0.0284439  0.289949  4.84061  
0.598806  0.129444  0.271751  2  3.6493  8.59282  2  2  2.2  0.163584  0.0402957  6.80333  
0.803511  2.7042e-08  0.196489  2  3.6493  8.59282  2  2  2.2  0.00111437  0.951117  0.0477686  
0.247447  0.752553  1.74737e-09  2  3.6493  8.59282  2  2  2.2  0.125702  0.801604  0.0726947  
0.0420308  0.680889  0.27708  2  3.6493  8.59282  2  2  2.2  0.233123  0.5442  0.222677  
0.406754  0.418871  0.174375  2  3.6493  8.59282  2  2  2.2  0.0251363  0.454955  4.10898  
0.554561  0.112139  0.333299  2  3.6493  8.59282  2  2  2.2  0.474312  0.356842  0.168846  
0.123935  0.616359  0.259706  2  3.6493  8.59282  2  2  2.2  0.000341423  0.0340227  4.30115  
0.106482  0.560192  0.333326  2  3.6493  8.59282  2  2  2.2  0.00688389  0.071621  3.59143  
0.638717  0.260549  0.100733  2  3.6493  8.59282  2  2  2.2  0.810823  0.0285131  0.160664  
0.136608  0.53008  0.333312  2  3.6493  8.59282  2  2  2.2  0.676468  0.0988822  0.22465  
0.363445  0.502787  0.133768  2  3.6493  8.59282  2  2  2.2  0.123588  0.876412  3.72539e-09  
0.583658  0.343936  0.0724059  2  3.6493  8.59282  2  2  2.2  0.742124  0.00113403  0.256742  
0.540207  0.126465  0.333328  2  3.6493  8.59282  2  2  2.2  0.000265131  0.00554194  5.50895  
0.269944  0.396728  0.333327  2  3.6493  8.59282  2  2  2.2  0.82631  0.17369  9.82757e-09  
0.445927  0.220794  0.333279  2  3.6493  8.59282  2  2  2.2  0.321616  0.490307  0.188077  
1.95548e-13  1  1.6848e-11  2  3.6493  8.59282  2  2  2.2  0.094744  0.649593  0.255663  
0.0353833  0.933387  0.0312298  2  3.6493  8.59282  2  2  2.2  0.573505  0.0932148  0.33328  
0.124015  0.755604  0.120381  2  3.6493  8.59282  2  2  2.2  0.386451  0.600399  0.0131497  
0.36633  0.63367  2.23374e-08  2  3.6493  8.59282  2  2  2.2  0.551134  0.24208  0.206786  
0  5.16514e-17  1.2  2  3.6493  8.59282  2  2  2.2  0.0701717  0.597002  0.332826  
0.49239  0.174283  0.333328  2  3.6493  8.59282  2  2  2.2  0.308345  0.358382  0.333274  
0.241388  0.624149  0.134463  2  3.6493  8.59282  2  2  2.2  0.585759  0.414241  4.49094e-09  
0.650369  0.0163019  0.333329  2  2  2.2  2  2  2.2  0.314665  0.609084  0.076251  
0.317745  0.348927  0.333329  2  2  2.2  2  2  2.2  0.26206  0.667596  0.0703436  
0.936645  0.0263861  0.0369686  2  2  2.2  2  2  2.2  0.6667  1.20819e-07  0.333299  
0.882703  4.61131e-11  0.117297  2  2  2.2  2  2  2.2  0.200803  0.633841  0.165356  
0.485673  0.514327  1.21177e-09  2  2  2.2  2  2  2.2  0.62368  0.195282  0.181037  
0.666671  6.63031e-10  0.333329  2  2  2.2  2  2  2.2  0.318043  0.348631  0.333327  
0.0446568  0.622016  0.333327  2  2  2.2  2  2  2.2  0.821213  0.0304427  0.148344  
0.617438  0.0492322  0.33333  2  2  2.2  2  2  2.2  0.0114489  0.65524  0.333312  
0.757741  0.242259  2.05622e-09  2  2  2.2  2  2  2.2  0.23847  0.428197  0.333332  
0.0909693  0.575705  0.333326  2  2  2.2  2  2  2.2  0.00472322  0.760685  0.234592  
5.89313e-11  0.666674  0.333326  2  2  2.2  2  2  2.2  1.96693e-11  0.907745  0.0922548  
0.154424  0.512243  0.333333  2  2  2.2  2  2  2.2  0.367699  0.369397  0.262904  
0.16401  0.663695  0.172295  2  2  2.2  2  2  2.2  0.10764  0.728618  0.163742  
0.54267  0.43792  0.0194095  2  2  2.2  2  2  2.2  0.0799142  0.58676  0.333326  
0.18731  0.479363  0.333327  2  2  2.2  2  2  2.2  0.654091  0.345905  3.67231e-06  
0.682106  0.307815  0.0100788  2  2  2.2  2  2  2.2  0.343034  0.323633  0.333332  
0.0822949  0.840341  0.0773638  2  2  2.2  2  2  2.2  0.18438  0.482288  0.333332  
0.725  0.00832976  0.26667  2  2  2.2  2  2  2.2  0.616118  0.0505489  0.333333  
0.52989  0.313014  0.157096  2  2  2.2  2  2  2.2  0.199168  0.467506  0.333326  
0.17258  0.804364  0.0230554  2  2  2.2  2  2  2.2  0.887622  0.112378  1.36866e-11  
0.569456  0.0972163  0.333328  2  2  2.2  2  2  2.2  0.575055  0.282383  0.142561  
0.220291  0.446377  0.333332  2  2  2.2  2  2  2.2  0.337759  0.519023  0.143217  
0.584916  0.0817514  0.333332  2  2  2.2  2  2  2.2  0.421167  0.578809  2.44528e-05  
0.546551  0.211099  0.24235  2  2  2.2  2  2  2.2  0.0397906  0.626927  0.333282  
0.236545  0.430123  0.333332  2  2  2.2  2  2  2.2  0.731022  0.19109  0.0778887  
0.284249  0.53626  0.179491  2  2  2.2  2  2  2.2  1  1.27369e-10  1.15443e-10  
1  1.58335e-10  1.55729e-10  2  2  2.2  2  2  2.2  0.765481  0.119056  0.115463  
0.349353  0.317315  0.333332  2  2  2.2  2  2  2.2  0.409121  0.476278  0.114601  
0.253008  0.41366  0.333332  2  2  2.2  2  2  2.2  0.292335  0.374332  0.333333  
0.724099  0.207106  0.0687957  2  2  2.2  2  2  2.2  0.104215  0.679683  0.216101  
0.819431  0.167467  0.0131017  2  2  2.2  2  2  2.2  0.0593344  0.607345  0.33332  
0.60082  0.0658593  0.33332  2  2  2.2  2  2  2.2  0.479629  0.453639  0.0667321  
0.301739  0.36493  0.333331  2  2  2.2  2  2  2.2  0.101056  0.565617  0.333327  
0.760039  0.065103  0.174857  2  2  2.2  2  2  2.2  0.169902  0.699944  0.130154  
0.635967  0.174311  0.189721  2  2  2.2  2  2  2.2  0.523292  0.143379  0.333329  
0.448536  0.469656  0.0818079  2  2  2.2  2  2  2.2  0.555141  0.22057  0.224289  
0.704166  0.148629  0.147204  2  2  2.2  2  2  2.2  0.878348  4.87308e-09  0.121652  
0  0.887445  0.112555  2  2  2.2  2  2  2.2  0.686021  0.274105  0.0398735  
0.333907  0.332761  0.333332  2  2  2.2  2  2  2.2  0.651145  0.231526  0.11733  
0.414828  0.251845  0.333327  2  2  2.2  2  2  2.2  0.013296  0.710575  0.276129  
0.365529  0.367053  0.267418  2  2  2.2  2  2  2.2  0.728834  0.076218  0.194948  
0.319382  0.447544  0.233074  2  2  2.2  2  2  2.2  0.421953  0.244715  0.333332  
0.238687  0.492972  0.268341  2  2  2.2  2  2  2.2  0.354408  0.555588  0.0900035  
0.445808  0.337036  0.217156  2  2  2.2  2  2  2.2  0.771668  9.65519e-12  0.228332  
0.893867  0.106133  1.74542e-09  2  2  2.2  2  2  2.2  0.323875  0.466356  0.209769  
0.198642  0.574055  0.227303  2  2  2.2  2  2  2.2  0.801127  0.140314  0.0585588  
0.634031  0.0326403  0.333329  2  2  2.2  2  2  2.2  0.769516  0.230484  1.30759e-08  
2.50364e-11  0.765705  0.234295  2  2  2.2  2  2  2.2  0.503797  0.496201  2.90139e-06  
0.495466  0.390347  0.114187  2  2  2.2  2  2  2.2  0.10471  0.831281  0.0640087  
0.204627  0.712024  0.0833484  2  2  2.2  2  2  2.2  0.168286  0.498384  0.33333  
0.616821  0.383179  4.67712e-08  2  2  2.2  2  2  2.2  0.0650274  0.795532  0.13944  
0.365944  0.300729  0.333326  2  2  2.2  2  2  2.2  0.443473  0.223194  0.333333  
0.849532  0.0742475  0.0762203  2  2  2.2  2  2  2.2  0  0.82571  0.17429  
0.285894  0.380773  0.333333  2  2  2.2  2  2  2.2  0.496407  0.242951  0.260643  
0.382771  0.283896  0.333333  2  2  2.2  2  2  2.2  0.639631  0.0270705  0.333299  
0.507733  0.158937  0.33333  2  2  2.2  2  2  2.2  0.137286  0.529398  0.333316  
0.473949  0.261462  0.26459  2  2  2.2  2  2  2.2  0.137338  0.862662  2.82973e-09  
0.677021  0.0877891  0.23519  2  2  2.2  2  2  2.2  0.523266  0.385346  0.0913876  
0.522944  0.143727  0.333329  2  2  2.2  2  2  2.2  0.705281  0.290707  0.00401226  
0.0852981  0.715572  0.19913  2  2  2.2  2  2  2.2  0  5.16514e-17  1.2  
0.0293197  0.637355  0.333325  2  2  2.2  2  2  2.2  0.224427  0.525409  0.250164  
0.398555  0.268113  0.333333  2  2  2.2  2  2  2.2  0.571413  0.0952545  0.333332  
0.292282  0.677229  0.0304896  2  2  2.2  2  2  2.2  0.435487  0.510546  0.0539663  
0.0599074  0.60676  0.333333  2  2  2.2  2  2  2.2  0.468981  0.360751  0.170268  
0.014572  0.652102  0.333326  2  2  2.2  2  2  2.2  0.608147  0.316952  0.0749012  
0.203514  0.463159  0.333327  2  2  2.2  2  2  2.2  0.400809  0.265866  0.333325  
0.0753321  0.591338  0.33333  2  2  2.2  2  2  2.2  0.693228  0.0414446  0.265328  
0.477191  0.189476  0.333333  2  2  2.2  2  2  2.2  0.592911  0.0737605  0.333329  
0.430765  0.235905  0.333331  2  2  2.2  2  2  2.2  0.547462  0.119205  0.333333  
0.0286126  0.809028  0.162359  2  2  2.2  2  2  2.2  0.630913  0.115069  0.254017  
0.781146  0.117934  0.10092  2  2  2.2  2  2  2.2  0.214091  0.452583  0.333326  
0.583905  0.244219  0.171876  2  2  2.2  2  2  2.2  0.927728  0.0617912  0.0104812  
0.461427  0.205241  0.333333  2  2  2.2  2  2  2.2  0.572244  0.150213  0.277543  
0.115892  0.884108  5.76524e-11  2  2  2.2  2  2  2.2  0.15565  0.595987  0.248364  
0.410111  0.558336  0.0315533  2  2  2.2  2  2  2.2  0.254075  0.56477  0.181155  
0.12206  0.544607  0.333332  2  2  2.2  2  2  2.2  3.84192e-09  0.666702  0.333298  
0.170957  0.495719  0.333324  2  2  2.2  2  2  2.2  0.0707357  0.895534  0.0337299  
0.325667  0.586324  0.0880099  2  2  2.2  2  2  2.2  0.366098  0.300579  0.333323  
0.598806  0.129444  0.271751  2  2  2.2  2  2  2.2  0.0267756  0.639891  0.333333  
0.803511  2.7042e-08  0.196489  2  2  2.2  2  2  2.2  0.479965  0.186702  0.333333  
0.246613  0.753387  5.2583e-08  2  2  2.2  2  2  2.2  0.287109  0.437324  0.275566  
0.041697  0.682536  0.275767  2  2  2.2  2  2  2.2  0.426517  0.291118  0.282364  
0.406754  0.418871  0.174375  2  2  2.2  2  2  2.2  0.361297  0.6201  0.018603  
0.553824  0.112848  0.333329  2  2  2.2  2  2  2.2  0.30104  0.698923  3.75884e-05  
0.123935  0.616359  0.259706  2  2  2.2  2  2  2.2  0.461427  0.205241  0.333333  
0.106331  0.560337  0.333332  2  2  2.2  2  2  2.2  0.500036  0.166635  0.333329  
0.638717  0.260549  0.100733  2  2  2.2  2  2  2.2  0.157702  0.762626  0.0796722  
0.138031  0.528638  0.33333  2  2  2.2  2  2  2.2  0.397935  0.411104  0.19096  
0.36726  0.501162  0.131578  2  2  2.2  2  2  2.2  0.383828  0.28285  0.333323  
0.584449  0.34194  0.073611  2  2  2.2  2  2  2.2  0.233797  0.733168  0.0330349  
0.538335  0.128333  0.333332  2  2  2.2  2  2  2.2  0.0751838  0.638908  0.285909  
0.269355  0.39732  0.333325  2  2  2.2  2  2  2.2  0.26649  0.400177  0.333333  
0.44625  0.220431  0.333319  2  2  2.2  2  2  2.2  0.509518  0.299246  0.191236  
1.95548e-13  1  1.6848e-11  2  2  2.2  2  2  2.2  0.936013  4.83995e-11  0.063987  
0.0353833  0.933387  0.0312298  2  2  2.2  2  2  2.2  0.83029  0.169686  2.37705e-05  
0.123697  0.756725  0.119578  2  2  2.2  2  2  2.2  0.691607  0.15573  0.152663  
0.36633  0.63367  2.23374e-08  2  2  2.2  2  2  2.2  0.576991  0.423009  2.47102e-09  
0  5.16514e-17  1.2  2  2  2.2  2  2  2.2  0.848482  0.0722031  0.0793145  
0.492752  0.173918  0.33333  2  2  2.2  2  2  2.2  4.1104e-10  1  5.76524e-11  
0.245016  0.625927  0.129057  2  2  2.2  2  2  2.2  0.201244  0.798738  1.79687e-05  
0.650277  0.0163892  0.333333  2  2  2.2  2  2  2.2  0.830171  0.147876  0.0219527  
0.317818  0.348849  0.333333  2  2  2.2  2  2  2.2  7.14755e-13  0.666667  0.333333  
0.936645  0.0263861  0.0369686  2  2  2.2  2  2  2.2  0.666667  1.38983e-10  0.333333  
0.882703  4.61131e-11  0.117297  2  2  2.2  2  2  2.2  0.710597  0.258679  0.0307248  
0.487722  0.512278  1.21975e-10  2  2  2.2  2  2  2.2  0.136249  0.530417  0.333333  
0.666667  1.38983e-10  0.333333  2  2  2.2  2  2  2.2  0.588331  0.0783358  0.333333  
0.0451755  0.621491  0.333333  2  2  2.2  2  2  2.2  0.512983  0.287545  0.199472  
0.617622  0.0490443  0.333333  2  2  2.2  2  2  2.2  4.1104e-10  1  5.76524e-11  
0.75743  0.24257  1.58795e-09  2  2  2.2  2  2  2.2  0.27283  0.393836  0.333333  
0.0912827  0.575384  0.333333  2  2  2.2  2  2  2.2  0.547051  0.119616  0.333333  
7.14755e-13  0.666667  0.333333  2  2  2.2  2  2  2.2  0.0804587  0.586208  0.333333  
0.154955  0.511712  0.333333  2  2  2.2  2  2  2.2  0.415999  0.250667  0.333333  
0.16401  0.663695  0.172295  2  2  2.2  2  2  2.2  0.426684  0.324924  0.248392  
0.542028  0.436517  0.0214543  2  2  2.2  2  2  2.2  0.466684  0.360467  0.172849  
0.187576  0.47909  0.333333  2  2  2.2  2  2  2.2  0.78694  0.0991392  0.113921  
0.682106  0.307815  0.0100788  2  2  2.2  2  2  2.2  0.353512  0.313155  0.333333  
0.0822949  0.840341  0.0773638  2  2  2.2  2  2  2.2  0.091637  0.663832  0.244531  
0.725  0.00832976  0.26667  2  2  2.2  2  2  2.2  0.252839  0.413828  0.333333  
0.52989  0.313014  0.157096  2  2  2.2  2  2  2.2  0.702881  0.14316  0.15396  
0.171748  0.80523  0.0230218  2  2  2.2  2  2  2.2  0.608028  0.0586383  0.333333  
0.569936  0.096731  0.333333  2  2  2.2  2  2  2.2  0.568064  0.0986027  0.333333  
0.220286  0.446381  0.333333  2  2  2.2  2  2  2.2  0.899508  3.14644e-10  0.100492  
0.585781  0.0808861  0.333333  2  2  2.2  2  2  2.2  0.628816  0.177677  0.193507  
0.545182  0.209614  0.245204  2  2  2.2  2  2  2.2  0.0878239  0.8406  0.0715765  
0.236646  0.43002  0.333333  2  2  2.2  2  2  2.2  0.857656  0.0673382  0.0750059  
0.284249  0.53626  0.179491  2  2  2.2  2  2  2.2  1  1.27369e-10  1.15443e-10  
1  1.58335e-10  1.55729e-10  2  2  2.2  2  2  2.2  0.548  0.212897  0.239104  
0.349958  0.316709  0.333333  2  2  2.2  2  2  2.2  0.741366  0.0674535  0.191181  
0.252993  0.413674  0.333333  2  2  2.2  2  2  2.2  0.503751  0.162916  0.333333  
0.724581  0.206666  0.0687524  2  2  2.2  2  2  2.2  0.49396  0.50604  3.17607e-10  
0.820675  0.167721  0.0116039  2  2  2.2  2  2  2.2  0.525584  0.141083  0.333333  
0.601736  0.0649303  0.333333  2  2  2.2  2  2  2.2  0.0510251  0.937383  0.0115918  
0.301732  0.364935  0.333333  2  2  2.2  2  2  2.2  0.660614  0.10017  0.239216  
0.759334  0.0655242  0.175142  2  2  2.2  2  2  2.2  0.896809  0.103191  2.9404e-10  
0.633281  0.175839  0.190881  2  2  2.2  2  2  2.2  0.156403  0.510264  0.333333  
0.449426  0.468497  0.0820769  2  2  2.2  2  2  2.2  0.233362  0.433305  0.333333  
0.703169  0.149821  0.14701  2  2  2.2  2  2  2.2  0.82855  0.0102332  0.161217  
0  0.887445  0.112555  2  2  2.2  2  2  2.2  3.77466e-10  0.918318  0.0816816  
0.333932  0.332735  0.333333  2  2  2.2  2  2  2.2  0.784053  0.215947  3.17643e-09  
0.41416  0.252507  0.333333  2  2  2.2  2  2  2.2  0.0204618  0.646205  0.333333  
0.364364  0.368844  0.266793  2  2  2.2  2  2  2.2  0.108492  0.772436  0.119071  
0.320798  0.448293  0.230909  2  2  2.2  2  2  2.2  0.191627  0.734583  0.0737905  
0.238687  0.492972  0.268341  2  2  2.2  2  2  2.2  0.233579  0.661257  0.105164  
0.444994  0.338142  0.216865  2  2  2.2  2  2  2.2  0.475203  0.250761  0.274036  
0.894106  0.105894  3.7949e-10  2  2  2.2  2  2  2.2  0.225796  0.774204  2.9404e-10  
0.198642  0.574055  0.227303  2  2  2.2  2  2  2.2  0.363293  0.526795  0.109912  
0.633902  0.0327642  0.333333  2  2  2.2  2  2  2.2  0.681597  0.318403  3.16461e-08  
3.14882e-10  0.766061  0.233939  2  2  2.2  2  2  2.2  0.586214  0.140209  0.273577  
0.494447  0.389221  0.116332  2  2  2.2  2  2  2.2  0.512526  0.390597  0.0968772  
0.204627  0.712024  0.0833484  2  2  2.2  2  2  2.2  0.769348  6.31564e-11  0.230652  
0.616779  0.383221  3.17668e-08  2  2  2.2  2  2  2.2  0.394677  0.27199  0.333333  
0.366075  0.300592  0.333333  2  2  2.2  2  2  2.2  0.331867  0.647437  0.0206959  
0.849532  0.0742475  0.0762203  2  2  2.2  2  2  2.2  0.060648  0.606019  0.333333  
0.285486  0.38118  0.333333  2  2  2.2  2  2  2.2  0.594615  0.405385  4.26261e-09  
0.382178  0.284489  0.333333  2  2  2.2  2  2  2.2  0.274753  0.573697  0.15155  
0.508043  0.158623  0.333333  2  2  2.2  2  2  2.2  0.418666  0.437918  0.143416  
0.471208  0.264438  0.264354  2  2  2.2  2  2  2.2  0.459964  0.206702  0.333333  
0.677021  0.0877891  0.23519  2  2  2.2  2  2  2.2  0.194814  0.471853  0.333333  
0.523388  0.143279  0.333333  2  2  2.2  2  2  2.2  0.612426  0.337049  0.050525  
0.0852981  0.715572  0.19913  2  2  2.2  2  2  2.2  0  5.16514e-17  1.2  
0.0300105  0.636656  0.333333  2  2  2.2  2  2  2.2  0.134021  0.590744  0.275236  
0.398299  0.268368  0.333333  2  2  2.2  2  2  2.2  0.175663  0.491004  0.333333  
0.292282  0.677229  0.0304896  2  2  2.2  2  2  2.2  0.0410279  0.625639  0.333333  
0.0606445  0.606022  0.333333  2  2  2.2  2  2  2.2  0.287669  0.712331  1.28723e-09  
0.0149867  0.65168  0.333333  2  2  2.2  2  2  2.2  1.25088e-06  0.811243  0.188756  
0.203924  0.462743  0.333333  2  2  2.2  2  2  2.2  0.454147  0.469523  0.0763299  
0.0758635  0.590803  0.333333  2  2  2.2  2  2  2.2  0.378706  0.408009  0.213286  
0.477153  0.189513  0.333333  2  2  2.2  2  2  2.2  0.939911  0.0324416  0.0276476  
0.43006  0.236607  0.333333  2  2  2.2  2  2  2.2  0.117688  0.548978  0.333333  
0.0286126  0.809028  0.162359  2  2  2.2  2  2  2.2  0.396287  0.603713  2.29333e-10  
0.781458  0.117298  0.101244  2  2  2.2  2  2  2.2  0.55958  0.319144  0.121276  
0.582131  0.244632  0.173237  2  2  2.2  2  2  2.2  0.146054  0.697979  0.155967  
0.461455  0.205212  0.333333  2  2  2.2  2  2  2.2  0.538901  0.434438  0.0266617  
0.117167  0.882833  2.9404e-10  2  2  2.2  2  2  2.2  0.350366  0.3692  0.280434  
0.4117  0.556193  0.032107  2  2  2.2  2  2  2.2  0.120094  0.879906  2.9404e-10  
0.122915  0.543752  0.333333  2  2  2.2  2  2  2.2  0.481986  0.184681  0.333333  
0.171147  0.49552  0.333333  2  2  2.2  2  2  2.2  0.288065  0.447188  0.264748  
0.325667  0.586324  0.0880099  2  2  2.2  2  2  2.2  0.373973  0.292694  0.333333  
0.596926  0.130521  0.272553  2  2  2.2  2  2  2.2  0.161787  0.811895  0.0263184  
0.8036  1.67531e-10  0.1964  2  2  2.2  2  2  2.2  0.627736  0.0389307  0.333333  
0.246613  0.753387  5.2583e-08  2  2  2.2  2  2  2.2  0.258123  0.513248  0.228628  
0.0409522  0.683879  0.275169  2  2  2.2  2  2  2.2  0.292738  0.373929  0.333333  
0.406754  0.418871  0.174375  2  2  2.2  2  2  2.2  0.333197  0.333469  0.333333  
0.554338  0.112329  0.333333  2  2  2.2  2  2  2.2  0.00649056  0.722341  0.271168  
0.123935  0.616359  0.259706  2  2  2.2  2  2  2.2  0.306304  0.610523  0.083173  
0.107237  0.55943  0.333333  2  2  2.2  2  2  2.2  0.205409  0.541256  0.253335  
0.638717  0.260549  0.100733  2  2  2.2  2  2  2.2  0.0989759  0.567691  0.333333  
0.138844  0.527823  0.333333  2  2  2.2  2  2  2.2  0.595454  0.254932  0.149614  
0.36726  0.501162  0.131578  2  2  2.2  2  2  2.2  0.0216607  0.856989  0.12135  
0.584449  0.34194  0.073611  2  2  2.2  2  2  2.2  0.437989  0.228678  0.333333  
0.538839  0.127828  0.333333  2  2  2.2  2  2  2.2  0.213573  0.453093  0.333333  
0.269281  0.397386  0.333333  2  2  2.2  2  2  2.2  0.697871  0.0264866  0.275642  
0.445756  0.220911  0.333333  2  2  2.2  2  2  2.2  0.417605  0.547315  0.0350795  
1.95548e-13  1  1.6848e-11  2  2  2.2  2  2  2.2  0.0572468  0.741081  0.201672  
0.0353833  0.933387  0.0312298  2  2  2.2  2  2  2.2  0.745272  0.177682  0.0770463  
0.123697  0.756725  0.119578  2  2  2.2  2  2  2.2  0.665304  0.229179  0.105517  
0.366861  0.633139  8.91732e-10  2  2  2.2  2  2  2.2  0.334774  0.485441  0.179786  
0  5.16514e-17  1.2  2  2  2.2  2  2  2.2  0.31255  0.354117  0.333333  
0.492678  0.173989  0.333333  2  2  2.2  2  2  2.2  0.183635  0.619353  0.197012  
0.245611  0.62463  0.129758  2  2  2.2  2  2  2.2  0.647238  0.0194284  0.333333  
0.650466  0.0162004  0.333333  2  2  2.2  2  2  2.2  0.827478  0.149655  0.0228666  
0.317805  0.348862  0.333333  2  2  2.2  2  2  2.2  7.14755e-13  0.666667  0.333333  
0.936645  0.0263861  0.0369686  2  2  2.2  2  2  2.2  0.666667  1.38983e-10  0.333333  
0.882703  4.61131e-11  0.117297  2  2  2.2  2  2  2.2  0.712502  0.258866  0.0286323  
0.488345  0.511655  2.65328e-09  2  2  2.2  2  2  2.2  0.136816  0.52985  0.333333  
0.666667  1.38983e-10  0.333333  2  2  2.2  2  2  2.2  0.587022  0.079645  0.333333  
0.0455137  0.621153  0.333333  2  2  2.2  2  2  2.2  0.629517  0.287125  0.083358  
0.617972  0.0486943  0.333333  2  2  2.2  2  2  2.2  4.1104e-10  1  5.76524e-11  
0.756763  0.243237  2.56254e-10  2  2  2.2  2  2  2.2  0.273378  0.393288  0.333333  
0.0920879  0.574579  0.333333  2  2  2.2  2  2  2.2  0.545882  0.120784  0.333333  
7.14755e-13  0.666667  0.333333  2  2  2.2  2  2  2.2  0.0786714  0.587995  0.333333  
0.155394  0.511273  0.333333  2  2  2.2  2  2  2.2  0.417517  0.24915  0.333333  
0.16401  0.663695  0.172295  2  2  2.2  2  2  2.2  0.403492  0.333057  0.263451  
0.542028  0.436517  0.0214543  2  2  2.2  2  2  2.2  0.451389  0.364725  0.183886  
0.187629  0.479038  0.333333  2  2  2.2  2  2  2.2  0.784439  0.101116  0.114445  
0.681075  0.307176  0.0117486  2  2  2.2  2  2  2.2  0.354795  0.311871  0.333333  
0.0822949  0.840341  0.0773638  2  2  2.2  2  2  2.2  0.12248  0.64484  0.232679  
0.725  0.00832976  0.26667  2  2  2.2  2  2  2.2  0.253574  0.413093  0.333333  
0.52989  0.313014  0.157096  2  2  2.2  2  2  2.2  0.701902  0.140188  0.157909  
0.171748  0.80523  0.0230218  2  2  2.2  2  2  2.2  0.0226539  0.78639  0.190956  
0.570383  0.0962833  0.333333  2  2  2.2  2  2  2.2  0.566485  0.100181  0.333333  
0.220286  0.446381  0.333333  2  2  2.2  2  2  2.2  0.896602  3.13628e-10  0.103398  
0.586281  0.0803856  0.333333  2  2  2.2  2  2  2.2  0.623435  0.177076  0.199489  
0.543977  0.21092  0.245103  2  2  2.2  2  2  2.2  0.0666202  0.829055  0.104324  
0.236647  0.43002  0.333333  2  2  2.2  2  2  2.2  0.856893  0.0689781  0.074129  
0.283205  0.537591  0.179204  2  2  2.2  2  2  2.2  1  1.27369e-10  1.15443e-10  
1  1.58335e-10  1.55729e-10  2  2  2.2  2  2  2.2  0.321286  0.481014  0.1977  
0.350015  0.316651  0.333333  2  2  2.2  2  2  2.2  0.739657  0.0678842  0.192459  
0.252935  0.413731  0.333333  2  2  2.2  2  2  2.2  0.503222  0.163445  0.333333  
0.724581  0.206666  0.0687524  2  2  2.2  2  2  2.2  0.487041  0.512959  2.65328e-09  
0.820675  0.167721  0.0116039  2  2  2.2  2  2  2.2  0.524673  0.141994  0.333333  
0.602155  0.0645114  0.333333  2  2  2.2  2  2  2.2  0.249084  0.726015  0.0249002  
0.301667  0.364999  0.333333  2  2  2.2  2  2  2.2  0.658759  0.0987174  0.242523  
0.759334  0.0655242  0.175142  2  2  2.2  2  2  2.2  0.896927  0.103073  2.56254e-10  
0.634555  0.175392  0.190053  2  2  2.2  2  2  2.2  0.156172  0.510494  0.333333  
0.449426  0.468497  0.0820769  2  2  2.2  2  2  2.2  0.23393  0.432737  0.333333  
0.703169  0.149821  0.14701  2  2  2.2  2  2  2.2  0.826682  0.0135465  0.159771  
0  0.887445  0.112555  2  2  2.2  2  2  2.2  0.00621883  0.919357  0.0744246  
0.333937  0.33273  0.333333  2  2  2.2  2  2  2.2  0.782066  0.217934  2.56254e-10  
0.413992  0.252674  0.333333  2  2  2.2  2  2  2.2  0.0199202  0.646746  0.333333  
0.364364  0.368844  0.266793  2  2  2.2  2  2  2.2  0.607539  0.0591274  0.333333  
0.320798  0.448293  0.230909  2  2  2.2  2  2  2.2  0.186941  0.74331  0.0697489  
0.238687  0.492972  0.268341  2  2  2.2  2  2  2.2  0.240076  0.652711  0.107212  
0.444994  0.338142  0.216865  2  2  2.2  2  2  2.2  0.46359  0.257275  0.279134  
0.894106  0.105894  3.7949e-10  2  2  2.2  2  2  2.2  0.191594  0.808406  2.56254e-10  
0.198642  0.574055  0.227303  2  2  2.2  2  2  2.2  0.363787  0.516439  0.119775  
0.63412  0.0325466  0.333333  2  2  2.2  2  2  2.2  0.673509  0.326491  2.56254e-10  
3.14836e-10  0.76595  0.23405  2  2  2.2  2  2  2.2  0.584667  0.138789  0.276544  
0.494447  0.389221  0.116332  2  2  2.2  2  2  2.2  0.49759  0.396741  0.105669  
0.204627  0.712024  0.0833484  2  2  2.2  2  2  2.2  0.771698  6.33493e-11  0.228302  
0.616779  0.383221  3.17668e-08  2  2  2.2  2  2  2.2  0.396331  0.270335  0.333333  
0.366034  0.300633  0.333333  2  2  2.2  2  2  2.2  0.332944  0.636767  0.030289  
0.849532  0.0742475  0.0762203  2  2  2.2  2  2  2.2  0.0591119  0.607555  0.333333  
0.285373  0.381294  0.333333  2  2  2.2  2  2  2.2  0.582793  0.417207  2.56254e-10  
0.382049  0.284617  0.333333  2  2  2.2  2  2  2.2  0.277255  0.559791  0.162954  
0.507916  0.158751  0.333333  2  2  2.2  2  2  2.2  0.40626  0.437798  0.155942  
0.471208  0.264438  0.264354  2  2  2.2  2  2  2.2  0.460229  0.206438  0.333333  
0.677021  0.0877891  0.23519  2  2  2.2  2  2  2.2  0.194894  0.471773  0.333333  
0.523388  0.143279  0.333333  2  2  2.2  2  2  2.2  0.596636  0.35872  0.0446447  
0.0852981  0.715572  0.19913  2  2  2.2  2  2  2.2  0  5.16514e-17  1.2  
0.0303051  0.636362  0.333333  2  2  2.2  2  2  2.2  0.159076  0.5676  0.273323  
0.398065  0.268602  0.333333  2  2  2.2  2  2  2.2  0.17556  0.491107  0.333333  
0.293149  0.676968  0.0298832  2  2  2.2  2  2  2.2  0.039457  0.62721  0.333333  
0.0608674  0.605799  0.333333  2  2  2.2  2  2  2.2  0.301448  0.698552  1.15443e-10  
0.0151057  0.651561  0.333333  2  2  2.2  2  2  2.2  8.0642e-11  0.857472  0.142528  
0.203924  0.462743  0.333333  2  2  2.2  2  2  2.2  0.447021  0.472578  0.0804017  
0.0763682  0.590298  0.333333  2  2  2.2  2  2  2.2  0.54002  0.212973  0.247007  
0.47702  0.189646  0.333333  2  2  2.2  2  2  2.2  0.940293  0.0296927  0.0300141  
0.429925  0.236742  0.333333  2  2  2.2  2  2  2.2  0.117476  0.549191  0.333333  
0.0286126  0.809028  0.162359  2  2  2.2  2  2  2.2  0.394233  0.605767  2.56254e-10  
0.781458  0.117298  0.101244  2  2  2.2  2  2  2.2  0.544108  0.326273  0.129619  
0.582131  0.244632  0.173237  2  2  2.2  2  2  2.2  0.163287  0.690687  0.146026  
0.461406  0.205261  0.333333  2  2  2.2  2  2  2.2  0.525372  0.440802  0.033826  
0.11673  0.88327  2.9404e-10  2  2  2.2  2  2  2.2  0.360878  0.40095  0.238172  
0.41291  0.556846  0.0302439  2  2  2.2  2  2  2.2  0.113444  0.866098  0.0204574  
0.123508  0.543158  0.333333  2  2  2.2  2  2  2.2  0.481761  0.184905  0.333333  
0.171641  0.495025  0.333333  2  2  2.2  2  2  2.2  0.0943737  0.73357  0.172056  
0.325667  0.586324  0.0880099  2  2  2.2  2  2  2.2  0.375461  0.291206  0.333333  
0.596926  0.130521  0.272553  2  2  2.2  2  2  2.2  0.498603  0.292927  0.20847  
0.803789  6.59837e-11  0.196211  2  2  2.2  2  2  2.2  0.627035  0.0396315  0.333333  
0.246546  0.753454  1.15443e-10  2  2  2.2  2  2  2.2  0.283278  0.441632  0.27509  
0.0417326  0.68341  0.274857  2  2  2.2  2  2  2.2  0.293509  0.373158  0.333333  
0.406754  0.418871  0.174375  2  2  2.2  2  2  2.2  0.334305  0.332362  0.333333  
0.554564  0.112102  0.333333  2  2  2.2  2  2  2.2  3.07836e-10  0.748921  0.251079  
0.123935  0.616359  0.259706  2  2  2.2  2  2  2.2  0.314132  0.593497  0.0923717  
0.107708  0.558958  0.333333  2  2  2.2  2  2  2.2  0.235835  0.519325  0.24484  
0.641058  0.257494  0.101448  2  2  2.2  2  2  2.2  0.0981291  0.568538  0.333333  
0.139347  0.52732  0.333333  2  2  2.2  2  2  2.2  0.582999  0.251478  0.165524  
0.36726  0.501162  0.131578  2  2  2.2  2  2  2.2  0.0671772  0.932823  3.03632e-10  
0.583181  0.342616  0.0742034  2  2  2.2  2  2  2.2  0.43884  0.227826  0.333333  
0.538955  0.127712  0.333333  2  2  2.2  2  2  2.2  0.214353  0.452314  0.333333  
0.269178  0.397489  0.333333  2  2  2.2  2  2  2.2  0.699052  0.026378  0.27457  
0.445663  0.221004  0.333333  2  2  2.2  2  2  2.2  0.413185  0.546593  0.0402211  
1.95548e-13  1  1.6848e-11  2  2  2.2  2  2  2.2  0.12974  0.787269  0.0829913  
0.0353833  0.933387  0.0312298  2  2  2.2  2  2  2.2  0.745261  0.177624  0.0771142  
0.12487  0.757722  0.117408  2  2  2.2  2  2  2.2  0.666879  0.215838  0.117283  
0.367927  0.632073  2.29333e-10  2  2  2.2  2  2  2.2  0.0526658  0.678428  0.268906  
0  5.16514e-17  1.2  2  2  2.2  2  2  2.2  0.313843  0.352823  0.333333  
0.49248  0.174186  0.333333  2  2  2.2  2  2  2.2  0.201668  0.606065  0.192267  
0.245611  0.62463  0.129758  2  2  2.2  2  2  2.2  0.64674  0.0199263  0.333333  
0.650458  0.0162083  0.333333  2  2  2.2  2  2  2.2  0.827322  0.149811  0.0228666  
0.317805  0.348862  0.333333  2  2  2.2  2  2  2.2  7.14755e-13  0.666667  0.333333  
0.936645  0.0263861  0.0369686  2  2  2.2  2  2  2.2  0.666667  1.38983e-10  0.333333  
0.882703  4.61131e-11  0.117297  2  2  2.2  2  2  2.2  0.712563  0.259532  0.0279046  
0.488411  0.511589  2.65328e-09  2  2  2.2  2  2  2.2  0.136816  0.52985  0.333333  
0.666667  1.38983e-10  0.333333  2  2  2.2  2  2  2.2  0.58637  0.0802971  0.333333  
0.0457137  0.620953  0.333333  2  2  2.2  2  2  2.2  0.628361  0.288492  0.0831467  
0.618255  0.0484114  0.333333  2  2  2.2  2  2  2.2  4.1104e-10  1  5.76524e-11  
0.756763  0.243237  2.56254e-10  2  2  2.2  2  2  2.2  0.273928  0.392739  0.333333  
0.0921563  0.57451  0.333333  2  2  2.2  2  2  2.2  0.544681  0.121986  0.333333  
7.14755e-13  0.666667  0.333333  2  2  2.2  2  2  2.2  0.0785413  0.588125  0.333333  
0.155639  0.511028  0.333333  2  2  2.2  2  2  2.2  0.417894  0.248773  0.333333  
0.16401  0.663695  0.172295  2  2  2.2  2  2  2.2  0.403289  0.333135  0.263576  
0.542028  0.436517  0.0214543  2  2  2.2  2  2  2.2  0.450813  0.365042  0.184145  
0.187816  0.478851  0.333333  2  2  2.2  2  2  2.2  0.784728  0.101431  0.113842  
0.681075  0.307176  0.0117486  2  2  2.2  2  2  2.2  0.355617  0.31105  0.333333  
0.0822949  0.840341  0.0773638  2  2  2.2  2  2  2.2  0.121861  0.645194  0.232945  
0.725  0.00832976  0.26667  2  2  2.2  2  2  2.2  0.254159  0.412508  0.333333  
0.52989  0.313014  0.157096  2  2  2.2  2  2  2.2  0.702157  0.140239  0.157603  
0.172444  0.807331  0.0202252  2  2  2.2  2  2  2.2  0.022613  0.787087  0.1903  
0.57049  0.0961771  0.333333  2  2  2.2  2  2  2.2  0.565659  0.101008  0.333333  
0.22033  0.446337  0.333333  2  2  2.2  2  2  2.2  0.89647  3.21945e-10  0.10353  
0.586329  0.0803372  0.333333  2  2  2.2  2  2  2.2  0.62355  0.177395  0.199055  
0.543977  0.21092  0.245103  2  2  2.2  2  2  2.2  0.0659579  0.829905  0.104137  
0.236647  0.43002  0.333333  2  2  2.2  2  2  2.2  0.857066  0.0691043  0.0738292  
0.283399  0.537919  0.178681  2  2  2.2  2  2  2.2  1  1.27369e-10  1.15443e-10  
1  1.58335e-10  1.55729e-10  2  2  2.2  2  2  2.2  0.320371  0.481661  0.197968  
0.349981  0.316686  0.333333  2  2  2.2  2  2  2.2  0.740067  0.0679217  0.192012  
0.252935  0.413731  0.333333  2  2  2.2  2  2  2.2  0.502772  0.163894  0.333333  
0.724581  0.206666  0.0687524  2  2  2.2  2  2  2.2  0.484706  0.515294  2.65328e-09  
0.820675  0.167721  0.0116039  2  2  2.2  2  2  2.2  0.523902  0.142765  0.333333  
0.602201  0.0644658  0.333333  2  2  2.2  2  2  2.2  0.247506  0.727817  0.0246766  
0.301605  0.365062  0.333333  2  2  2.2  2  2  2.2  0.659216  0.098432  0.242352  
0.759334  0.0655242  0.175142  2  2  2.2  2  2  2.2  0.896927  0.103073  2.56254e-10  
0.634555  0.175392  0.190053  2  2  2.2  2  2  2.2  0.156172  0.510494  0.333333  
0.449426  0.468497  0.0820769  2  2  2.2  2  2  2.2  0.234228  0.432438  0.333333  
0.703169  0.149821  0.14701  2  2  2.2  2  2  2.2  0.826657  0.0140574  0.159286  
0  0.887445  0.112555  2  2  2.2  2  2  2.2  0.00679801  0.919866  0.0733363  
0.333937  0.33273  0.333333  2  2  2.2  2  2  2.2  0.782066  0.217934  2.56254e-10  
0.413898  0.252768  0.333333  2  2  2.2  2  2  2.2  0.0196375  0.647029  0.333333  
0.364364  0.368844  0.266793  2  2  2.2  2  2  2.2  0.606515  0.060152  0.333333  
0.320111  0.4508  0.229089  2  2  2.2  2  2  2.2  0.186033  0.743436  0.0705312  
0.238687  0.492972  0.268341  2  2  2.2  2  2  2.2  0.239035  0.654007  0.106958  
0.442049  0.338698  0.219253  2  2  2.2  2  2  2.2  0.464159  0.256707  0.279134  
0.894106  0.105894  3.7949e-10  2  2  2.2  2  2  2.2  0.189996  0.810004  2.56254e-10  
0.198642  0.574055  0.227303  2  2  2.2  2  2  2.2  0.362379  0.517847  0.119775  
0.634325  0.0323421  0.333333  2  2  2.2  2  2  2.2  0.672461  0.327539  2.56254e-10  
3.14836e-10  0.76595  0.23405  2  2  2.2  2  2  2.2  0.585232  0.138468  0.2763  
0.494447  0.389221  0.116332  2  2  2.2  2  2  2.2  0.495961  0.398509  0.105529  
0.204624  0.712229  0.0831467  2  2  2.2  2  2  2.2  0.772186  6.33894e-11  0.227814  
0.617275  0.382725  2.56254e-10  2  2  2.2  2  2  2.2  0.396965  0.269701  0.333333  
0.36594  0.300727  0.333333  2  2  2.2  2  2  2.2  0.331046  0.638369  0.0305853  
0.849532  0.0742475  0.0762203  2  2  2.2  2  2  2.2  0.0590242  0.607643  0.333333  
0.285373  0.381294  0.333333  2  2  2.2  2  2  2.2  0.581785  0.418215  2.56254e-10  
0.381929  0.284738  0.333333  2  2  2.2  2  2  2.2  0.276162  0.560761  0.163077  
0.507978  0.158688  0.333333  2  2  2.2  2  2  2.2  0.404606  0.438688  0.156706  
0.471208  0.264438  0.264354  2  2  2.2  2  2  2.2  0.460311  0.206355  0.333333  
0.677021  0.0877891  0.23519  2  2  2.2  2  2  2.2  0.19504  0.471626  0.333333  
0.523537  0.14313  0.333333  2  2  2.2  2  2  2.2  0.595992  0.359206  0.0448019  
0.0852981  0.715572  0.19913  2  2  2.2  2  2  2.2  0  5.16514e-17  1.2  
0.0304028  0.636264  0.333333  2  2  2.2  2  2  2.2  0.158343  0.568334  0.273323  
0.397909  0.268758  0.333333  2  2  2.2  2  2  2.2  0.17556  0.491107  0.333333  
0.293149  0.676968  0.0298832  2  2  2.2  2  2  2.2  0.0393584  0.627308  0.333333  
0.0612094  0.605457  0.333333  2  2  2.2  2  2  2.2  0.299556  0.700444  2.56254e-10  
0.0151645  0.651502  0.333333  2  2  2.2  2  2  2.2  2.72495e-11  0.858507  0.141493  
0.204079  0.462588  0.333333  2  2  2.2  2  2  2.2  0.445689  0.473818  0.0804931  
0.0767434  0.589923  0.333333  2  2  2.2  2  2  2.2  0.54047  0.212659  0.246871  
0.476854  0.189812  0.333333  2  2  2.2  2  2  2.2  0.94024  0.029691  0.0300691  
0.429716  0.236951  0.333333  2  2  2.2  2  2  2.2  0.117476  0.549191  0.333333  
0.0286126  0.809028  0.162359  2  2  2.2  2  2  2.2  0.392554  0.607446  2.07676e-10  
0.781458  0.117298  0.101244  2  2  2.2  2  2  2.2  0.542897  0.327484  0.129619  
0.582131  0.244632  0.173237  2  2  2.2  2  2  2.2  0.16231  0.691205  0.146485  
0.461198  0.205468  0.333333  2  2  2.2  2  2  2.2  0.524009  0.442807  0.0331839  
0.115261  0.884739  2.56254e-10  2  2  2.2  2  2  2.2  0.359656  0.40161  0.238735  
0.41291  0.556846  0.0302439  2  2  2.2  2  2  2.2  0.112891  0.866676  0.0204327  
0.123606  0.543061  0.333333  2  2  2.2  2  2  2.2  0.481545  0.185121  0.333333  
0.171734  0.494933  0.333333  2  2  2.2  2  2  2.2  0.0937339  0.733932  0.172334  
0.325667  0.586324  0.0880099  2  2  2.2  2  2  2.2  0.376061  0.290605  0.333333  
0.596978  0.131041  0.271981  2  2  2.2  2  2  2.2  0.498397  0.292806  0.208797  
0.803789  6.59837e-11  0.196211  2  2  2.2  2  2  2.2  0.626649  0.0400175  0.333333  
0.247022  0.752978  3.03632e-10  2  2  2.2  2  2  2.2  0.282237  0.442433  0.27533  
0.0417326  0.68341  0.274857  2  2  2.2  2  2  2.2  0.294029  0.372637  0.333333  
0.406754  0.418871  0.174375  2  2  2.2  2  2  2.2  0.334974  0.331693  0.333333  
0.554793  0.111874  0.333333  2  2  2.2  2  2  2.2  3.08107e-10  0.749579  0.250421  
0.123935  0.616359  0.259706  2  2  2.2  2  2  2.2  0.313181  0.594447  0.0923717  
0.107778  0.558889  0.333333  2  2  2.2  2  2  2.2  0.234973  0.52032  0.244707  
0.640011  0.25912  0.100869  2  2  2.2  2  2  2.2  0.0980227  0.568644  0.333333  
0.139574  0.527093  0.333333  2  2  2.2  2  2  2.2  0.582599  0.252177  0.165225  
0.367849  0.502855  0.129297  2  2  2.2  2  2  2.2  0.06707  0.93293  3.03632e-10  
0.583181  0.342616  0.0742034  2  2  2.2  2  2  2.2  0.43914  0.227527  0.333333  
0.539144  0.127523  0.333333  2  2  2.2  2  2  2.2  0.214586  0.452081  0.333333  
0.269178  0.397489  0.333333  2  2  2.2  2  2  2.2  0.699474  0.025956  0.27457  
0.445462  0.221205  0.333333  2  2  2.2  2  2  2.2  0.411453  0.548326  0.0402211  
1.95548e-13  1  1.6848e-11  2  2  2.2  2  2  2.2  0.12879  0.788066  0.0831438  
0.0353833  0.933387  0.0312298  2  2  2.2  2  2  2.2  0.744638  0.178531  0.076831  
0.124051  0.759067  0.116882  2  2  2.2  2  2  2.2  0.666714  0.216484  0.116802  
0.367927  0.632073  2.29333e-10  2  2  2.2  2  2  2.2  0.0518569  0.679126  0.269017  
0  5.16514e-17  1.2  2  2  2.2  2  2  2.2  0.314416  0.352251  0.333333  
0.492405  0.174262  0.333333  2  2  2.2  2  2  2.2  0.200538  0.607465  0.191997  
0.245611  0.62463  0.129758  2  2  2.2  2  2  2.2  0.64666  0.0200065  0.333333  
0.650458  0.0162083  0.333333  2  2  2.2  2  2  2.2  0.826875  0.150508  0.0226175  
0.317685  0.348982  0.333333  2  2  2.2  2  2  2.2  7.14755e-13  0.666667  0.333333  
0.936645  0.0263861  0.0369686  2  2  2.2  2  2  2.2  0.666667  1.38983e-10  0.333333  
0.882703  4.61131e-11  0.117297  2  2  2.2  2  2  2.2  0.711868  0.260499  0.0276326  
0.488773  0.511227  2.65328e-09  2  2  2.2  2  2  2.2  0.136853  0.529814  0.333333  
0.666667  1.38983e-10  0.333333  2  2  2.2  2  2  2.2  0.585509  0.0811578  0.333333  
0.0459486  0.620718  0.333333  2  2  2.2  2  2  2.2  0.627788  0.289303  0.082909  
0.618345  0.0483213  0.333333  2  2  2.2  2  2  2.2  4.1104e-10  1  5.76524e-11  
0.756468  0.243532  5.76524e-11  2  2  2.2  2  2  2.2  0.274684  0.391983  0.333333  
0.0924797  0.574187  0.333333  2  2  2.2  2  2  2.2  0.544115  0.122551  0.333333  
7.14755e-13  0.666667  0.333333  2  2  2.2  2  2  2.2  0.0784209  0.588246  0.333333  
0.155646  0.511021  0.333333  2  2  2.2  2  2  2.2  0.418175  0.248491  0.333333  
0.16401  0.663695  0.172295  2  2  2.2  2  2  2.2  0.403289  0.333135  0.263576  
0.542664  0.436035  0.0213013  2  2  2.2  2  2  2.2  0.450213  0.365584  0.184203  
0.187896  0.478771  0.333333  2  2  2.2  2  2  2.2  0.784367  0.102198  0.113435  
0.681075  0.307176  0.0117486  2  2  2.2  2  2  2.2  0.356013  0.310654  0.333333  
0.0822949  0.840341  0.0773638  2  2  2.2  2  2  2.2  0.121332  0.645536  0.233133  
0.725  0.00832976  0.26667  2  2  2.2  2  2  2.2  0.254645  0.412021  0.333333  
0.529645  0.312908  0.157448  2  2  2.2  2  2  2.2  0.701893  0.140825  0.157282  
0.172444  0.807331  0.0202252  2  2  2.2  2  2  2.2  0.0224103  0.787638  0.189952  
0.570586  0.0960811  0.333333  2  2  2.2  2  2  2.2  0.56484  0.101826  0.333333  
0.22033  0.446337  0.333333  2  2  2.2  2  2  2.2  0.896283  3.21877e-10  0.103717  
0.58643  0.0802366  0.333333  2  2  2.2  2  2  2.2  0.62355  0.177395  0.199055  
0.543977  0.21092  0.245103  2  2  2.2  2  2  2.2  0.0660789  0.829912  0.104009  
0.236647  0.43002  0.333333  2  2  2.2  2  2  2.2  0.856811  0.0693596  0.0738292  
0.283399  0.537919  0.178681  2  2  2.2  2  2  2.2  1  1.27369e-10  1.15443e-10  
1  1.58335e-10  1.55729e-10  2  2  2.2  2  2  2.2  0.319985  0.481855  0.19816  
0.349877  0.31679  0.333333  2  2  2.2  2  2  2.2  0.740061  0.06804  0.191899  
0.252935  0.413731  0.333333  2  2  2.2  2  2  2.2  0.502376  0.164291  0.333333  
0.724583  0.206365  0.0690519  2  2  2.2  2  2  2.2  0.484244  0.515756  2.65328e-09  
0.820675  0.167721  0.0116039  2  2  2.2  2  2  2.2  0.523196  0.14347  0.333333  
0.602333  0.0643332  0.333333  2  2  2.2  2  2  2.2  0.246792  0.728196  0.0250121  
0.301556  0.365111  0.333333  2  2  2.2  2  2  2.2  0.659327  0.0984485  0.242224  
0.759334  0.0655242  0.175142  2  2  2.2  2  2  2.2  0.896311  0.103689  2.56254e-10  
0.634622  0.176563  0.188815  2  2  2.2  2  2  2.2  0.156345  0.510322  0.333333  
0.449426  0.468497  0.0820769  2  2  2.2  2  2  2.2  0.234829  0.431838  0.333333  
0.703169  0.149821  0.14701  2  2  2.2  2  2  2.2  0.826394  0.0145481  0.159058  
2.8165e-11  0.887351  0.112649  2  2  2.2  2  2  2.2  0.00679658  0.919672  0.0735313  
0.333753  0.332913  0.333333  2  2  2.2  2  2  2.2  0.781274  0.218726  2.56254e-10  
0.413763  0.252903  0.333333  2  2  2.2  2  2  2.2  0.0196564  0.64701  0.333333  
0.360223  0.371598  0.268179  2  2  2.2  2  2  2.2  0.606048  0.0606184  0.333333  
0.320547  0.451639  0.227814  2  2  2.2  2  2  2.2  0.185086  0.744079  0.0708353  
0.238687  0.492972  0.268341  2  2  2.2  2  2  2.2  0.238383  0.654623  0.106994  
0.442049  0.338698  0.219253  2  2  2.2  2  2  2.2  0.464159  0.256707  0.279134  
0.894037  0.105963  2.56254e-10  2  2  2.2  2  2  2.2  0.189965  0.810035  2.56254e-10  
0.198642  0.574055  0.227303  2  2  2.2  2  2  2.2  0.361828  0.518397  0.119775  
0.634391  0.0322757  0.333333  2  2  2.2  2  2  2.2  0.671469  0.328531  2.56254e-10  
3.14836e-10  0.76595  0.23405  2  2  2.2  2  2  2.2  0.585232  0.138468  0.2763  
0.494447  0.389221  0.116332  2  2  2.2  2  2  2.2  0.495638  0.398666  0.105695  
0.204624  0.712229  0.0831467  2  2  2.2  2  2  2.2  0.772186  6.33894e-11  0.227814  
0.617379  0.382621  2.56254e-10  2  2  2.2  2  2  2.2  0.397256  0.26941  0.333333  
0.36594  0.300727  0.333333  2  2  2.2  2  2  2.2  0.330587  0.638449  0.0309639  
0.849532  0.0742475  0.0762203  2  2  2.2  2  2  2.2  0.0588276  0.607839  0.333333  
0.285373  0.381294  0.333333  2  2  2.2  2  2  2.2  0.580149  0.419851  2.56254e-10  
0.381894  0.284772  0.333333  2  2  2.2  2  2  2.2  0.275301  0.561508  0.163191  
0.507978  0.158688  0.333333  2  2  2.2  2  2  2.2  0.404243  0.439051  0.156706  
0.471208  0.264438  0.264354  2  2  2.2  2  2  2.2  0.460311  0.206355  0.333333  
0.677021  0.0877891  0.23519  2  2  2.2  2  2  2.2  0.195435  0.471232  0.333333  
0.523537  0.14313  0.333333  2  2  2.2  2  2  2.2  0.594785  0.36105  0.0441647  
0.0852981  0.715572  0.19913  2  2  2.2  2  2  2.2  0  5.16514e-17  1.2  
0.0305757  0.636091  0.333333  2  2  2.2  2  2  2.2  0.157729  0.568884  0.273387  
0.39781  0.268856  0.333333  2  2  2.2  2  2  2.2  0.175879  0.490788  0.333333  
0.293149  0.676968  0.0298832  2  2  2.2  2  2  2.2  0.0393318  0.627335  0.333333  
0.0612743  0.605392  0.333333  2  2  2.2  2  2  2.2  0.299487  0.700513  2.56254e-10  
0.0152703  0.651396  0.333333  2  2  2.2  2  2  2.2  2.7257e-11  0.858746  0.141254  
0.204113  0.462554  0.333333  2  2  2.2  2  2  2.2  0.444876  0.474543  0.0805807  
0.0768177  0.589849  0.333333  2  2  2.2  2  2  2.2  0.540663  0.212735  0.246602  
0.476759  0.189907  0.333333  2  2  2.2  2  2  2.2  0.94024  0.029691  0.0300691  
0.429656  0.237011  0.333333  2  2  2.2  2  2  2.2  0.117375  0.549292  0.333333  
0.0286126  0.809028  0.162359  2  2  2.2  2  2  2.2  0.391639  0.608361  5.76524e-11  
0.781458  0.117298  0.101244  2  2  2.2  2  2  2.2  0.542517  0.327864  0.129619  
0.582131  0.244632  0.173237  2  2  2.2  2  2  2.2  0.161628  0.691729  0.146644  
0.46109  0.205577  0.333333  2  2  2.2  2  2  2.2  0.522945  0.443247  0.033808  
0.115717  0.884283  2.56254e-10  2  2  2.2  2  2  2.2  0.359367  0.401749  0.238884  
0.41291  0.556846  0.0302439  2  2  2.2  2  2  2.2  0.112784  0.866753  0.0204631  
0.123902  0.542765  0.333333  2  2  2.2  2  2  2.2  0.481493  0.185173  0.333333  
0.171792  0.494875  0.333333  2  2  2.2  2  2  2.2  0.0934902  0.734176  0.172334  
0.325667  0.586324  0.0880099  2  2  2.2  2  2  2.2  0.376486  0.290181  0.333333  
0.596978  0.131041  0.271981  2  2  2.2  2  2  2.2  0.498074  0.29327  0.208656  
0.803789  6.59837e-11  0.196211  2  2  2.2  2  2  2.2  0.626521  0.0401459  0.333333  
0.247022  0.752978  3.03632e-10  2  2  2.2  2  2  2.2  0.2815  0.44317  0.27533  
0.0417326  0.68341  0.274857  2  2  2.2  2  2  2.2  0.295012  0.371655  0.333333  
0.406754  0.418871  0.174375  2  2  2.2  2  2  2.2  0.335426  0.331241  0.333333  
0.554793  0.111874  0.333333  2  2  2.2  2  2  2.2  3.08421e-10  0.750342  0.249658  
0.123935  0.616359  0.259706  2  2  2.2  2  2  2.2  0.31185  0.595564  0.0925865  
0.108216  0.558451  0.333333  2  2  2.2  2  2  2.2  0.23448  0.520813  0.244707  
0.640011  0.25912  0.100869  2  2  2.2  2  2  2.2  0.0979148  0.568752  0.333333  
0.139758  0.526909  0.333333  2  2  2.2  2  2  2.2  0.582312  0.252583  0.165104  
0.367849  0.502855  0.129297  2  2  2.2  2  2  2.2  0.0672171  0.932783  3.34402e-10  
0.583181  0.342616  0.0742034  2  2  2.2  2  2  2.2  0.43914  0.227527  0.333333  
0.539144  0.127523  0.333333  2  2  2.2  2  2  2.2  0.215065  0.451602  0.333333  
0.269178  0.397489  0.333333  2  2  2.2  2  2  2.2  0.699646  0.0257841  0.27457  
0.445428  0.221239  0.333333  2  2  2.2  2  2  2.2  0.41024  0.549539  0.0402211  
1.95548e-13  1  1.6848e-11  2  2  2.2  2  2  2.2  0.128348  0.788664  0.0829873  
0.0353833  0.933387  0.0312298  2  2  2.2  2  2  2.2  0.744441  0.178728  0.076831  
0.124051  0.759067  0.116882  2  2  2.2  2  2  2.2  0.666165  0.217327  0.116507  
0.368093  0.631907  2.56254e-10  2  2  2.2  2  2  2.2  0.0509658  0.679877  0.269157  
0  5.16514e-17  1.2  2  2  2.2  2  2  2.2  0.315119  0.351548  0.333333  
0.492405  0.174262  0.333333  2  2  2.2  2  2  2.2  0.199897  0.607777  0.192326  
0.245116  0.625265  0.129619  2  2  2.2  2  2  2.2  0.646615  0.0200514  0.333333  
0.650517  0.0161492  0.333333  2  2  2.2  2  2  2.2  0.827232  0.150499  0.0222693  
0.317685  0.348982  0.333333  2  2  2.2  2  2  2.2  7.14755e-13  0.666667  0.333333  
0.936645  0.0263861  0.0369686  2  2  2.2  2  2  2.2  0.666667  1.38983e-10  0.333333  
0.882703  4.61131e-11  0.117297  2  2  2.2  2  2  2.2  0.711765  0.260603  0.0276326  
0.488988  0.511012  1.48164e-09  2  2  2.2  2  2  2.2  0.136912  0.529755  0.333333  
0.666667  1.38983e-10  0.333333  2  2  2.2  2  2  2.2  0.585223  0.0814435  0.333333  
0.046132  0.620535  0.333333  2  2  2.2  2  2  2.2  0.627442  0.290075  0.0824834  
0.618416  0.0482508  0.333333  2  2  2.2  2  2  2.2  4.1104e-10  1  5.76524e-11  
0.756468  0.243532  5.76524e-11  2  2  2.2  2  2  2.2  0.275148  0.391519  0.333333  
0.0926148  0.574052  0.333333  2  2  2.2  2  2  2.2  0.543883  0.122784  0.333333  
7.14755e-13  0.666667  0.333333  2  2  2.2  2  2  2.2  0.0784209  0.588246  0.333333  
0.155826  0.510841  0.333333  2  2  2.2  2  2  2.2  0.418202  0.248465  0.333333  
0.16401  0.663695  0.172295  2  2  2.2  2  2  2.2  0.402783  0.333412  0.263805  
0.542664  0.436035  0.0213013  2  2  2.2  2  2  2.2  0.449832  0.365768  0.1844  
0.18802  0.478647  0.333333  2  2  2.2  2  2  2.2  0.784487  0.102214  0.1133  
0.681075  0.307176  0.0117486  2  2  2.2  2  2  2.2  0.356386  0.310281  0.333333  
0.0822949  0.840341  0.0773638  2  2  2.2  2  2  2.2  0.121041  0.645827  0.233133  
0.725  0.00832976  0.26667  2  2  2.2  2  2  2.2  0.254986  0.41168  0.333333  
0.529645  0.312908  0.157448  2  2  2.2  2  2  2.2  0.701644  0.141074  0.157282  
0.172444  0.807331  0.0202252  2  2  2.2  2  2  2.2  0.0221229  0.788186  0.189691  
0.570612  0.0960542  0.333333  2  2  2.2  2  2  2.2  0.564636  0.102031  0.333333  
0.220375  0.446291  0.333333  2  2  2.2  2  2  2.2  0.896283  3.21877e-10  0.103717  
0.586482  0.0801846  0.333333  2  2  2.2  2  2  2.2  0.623344  0.177754  0.198903  
0.543977  0.21092  0.245103  2  2  2.2  2  2  2.2  0.0662152  0.830123  0.103662  
0.236647  0.43002  0.333333  2  2  2.2  2  2  2.2  0.85687  0.0696272  0.0735025  
0.283399  0.537919  0.178681  2  2  2.2  2  2  2.2  1  1.27369e-10  1.15443e-10  
1  1.58335e-10  1.55729e-10  2  2  2.2  2  2  2.2  0.319574  0.482146  0.19828  
0.349798  0.316868  0.333333  2  2  2.2  2  2  2.2  0.74013  0.0683088  0.191561  
0.252898  0.413769  0.333333  2  2  2.2  2  2  2.2  0.502232  0.164434  0.333333  
0.724583  0.206365  0.0690519  2  2  2.2  2  2  2.2  0.483298  0.516702  2.65328e-09  
0.820675  0.167721  0.0116039  2  2  2.2  2  2  2.2  0.523089  0.143578  0.333333  
0.602421  0.0642459  0.333333  2  2  2.2  2  2  2.2  0.246375  0.728263  0.0253617  
0.301524  0.365142  0.333333  2  2  2.2  2  2  2.2  0.659327  0.0984485  0.242224  
0.759334  0.0655242  0.175142  2  2  2.2  2  2  2.2  0.896807  0.103193  2.56254e-10  
0.634622  0.176563  0.188815  2  2  2.2  2  2  2.2  0.156425  0.510241  0.333333  
0.449426  0.468497  0.0820769  2  2  2.2  2  2  2.2  0.234891  0.431776  0.333333  
0.703169  0.149821  0.14701  2  2  2.2  2  2  2.2  0.826726  0.014554  0.15872  
2.8165e-11  0.887351  0.112649  2  2  2.2  2  2  2.2  0.00682347  0.919724  0.0734521  
0.333765  0.332901  0.333333  2  2  2.2  2  2  2.2  0.78111  0.21889  2.56254e-10  
0.413753  0.252914  0.333333  2  2  2.2  2  2  2.2  0.0196564  0.64701  0.333333  
0.360608  0.371148  0.268244  2  2  2.2  2  2  2.2  0.605637  0.0610296  0.333333  
0.319661  0.452525  0.227814  2  2  2.2  2  2  2.2  0.184935  0.744229  0.0708353  
0.238687  0.492972  0.268341  2  2  2.2  2  2  2.2  0.238087  0.654723  0.10719  
0.442049  0.338698  0.219253  2  2  2.2  2  2  2.2  0.464159  0.256707  0.279134  
0.894037  0.105963  2.56254e-10  2  2  2.2  2  2  2.2  0.189683  0.810317  2.56254e-10  
0.198642  0.574055  0.227303  2  2  2.2  2  2  2.2  0.361336  0.518502  0.120162  
0.634391  0.0322757  0.333333  2  2  2.2  2  2  2.2  0.67077  0.32923  2.56254e-10  
3.14745e-10  0.765729  0.234271  2  2  2.2  2  2  2.2  0.585183  0.138517  0.2763  
0.494447  0.389221  0.116332  2  2  2.2  2  2  2.2  0.494612  0.399693  0.105695  
0.204624  0.712229  0.0831467  2  2  2.2  2  2  2.2  0.772423  6.34088e-11  0.227577  
0.617593  0.382407  2.65328e-09  2  2  2.2  2  2  2.2  0.397544  0.269123  0.333333  
0.365844  0.300823  0.333333  2  2  2.2  2  2  2.2  0.329644  0.639392  0.0309639  
0.849532  0.0742475  0.0762203  2  2  2.2  2  2  2.2  0.0589026  0.607764  0.333333  
0.285373  0.381294  0.333333  2  2  2.2  2  2  2.2  0.579806  0.420194  2.56254e-10  
0.381828  0.284839  0.333333  2  2  2.2  2  2  2.2  0.274946  0.561863  0.163191  
0.50794  0.158726  0.333333  2  2  2.2  2  2  2.2  0.40371  0.439407  0.156883  
0.471208  0.264438  0.264354  2  2  2.2  2  2  2.2  0.46022  0.206447  0.333333  
0.677021  0.0877891  0.23519  2  2  2.2  2  2  2.2  0.19548  0.471187  0.333333  
0.523537  0.14313  0.333333  2  2  2.2  2  2  2.2  0.594381  0.361637  0.0439817  
0.0852981  0.715572  0.19913  2  2  2.2  2  2  2.2  0  5.16514e-17  1.2  
0.0308087  0.635858  0.333333  2  2  2.2  2  2  2.2  0.157474  0.568962  0.273564  
0.39781  0.268856  0.333333  2  2  2.2  2  2  2.2  0.175928  0.490739  0.333333  
0.293149  0.676968  0.0298832  2  2  2.2  2  2  2.2  0.0392951  0.627372  0.333333  
0.061625  0.605042  0.333333  2  2  2.2  2  2  2.2  0.298846  0.701154  2.56254e-10  
0.0154234  0.651243  0.333333  2  2  2.2  2  2  2.2  2.72681e-11  0.859095  0.140905  
0.204202  0.462465  0.333333  2  2  2.2  2  2  2.2  0.444216  0.475203  0.0805807  
0.0770582  0.589608  0.333333  2  2  2.2  2  2  2.2  0.540663  0.212735  0.246602  
0.476759  0.189907  0.333333  2  2  2.2  2  2  2.2  0.94024  0.029691  0.0300691  
0.429558  0.237109  0.333333  2  2  2.2  2  2  2.2  0.117411  0.549255  0.333333  
0.0278291  0.809771  0.1624  2  2  2.2  2  2  2.2  0.390845  0.609155  5.0732e-11  
0.781458  0.117298  0.101244  2  2  2.2  2  2  2.2  0.542195  0.328475  0.12933  
0.582131  0.244632  0.173237  2  2  2.2  2  2  2.2  0.161395  0.691863  0.146742  
0.46109  0.205577  0.333333  2  2  2.2  2  2  2.2  0.522292  0.444218  0.0334901  
0.115717  0.884283  2.56254e-10  2  2  2.2  2  2  2.2  0.359066  0.40205  0.238884  
0.414771  0.556868  0.0283613  2  2  2.2  2  2  2.2  0.112784  0.866753  0.0204631  
0.124037  0.54263  0.333333  2  2  2.2  2  2  2.2  0.481269  0.185398  0.333333  
0.171895  0.494771  0.333333  2  2  2.2  2  2  2.2  0.0930849  0.734524  0.172391  
0.325667  0.586324  0.0880099  2  2  2.2  2  2  2.2  0.377013  0.289654  0.333333  
0.596978  0.131041  0.271981  2  2  2.2  2  2  2.2  0.49785  0.293549  0.208601  
0.803789  6.59837e-11  0.196211  2  2  2.2  2  2  2.2  0.626161  0.0405061  0.333333  
0.247022  0.752978  3.03632e-10  2  2  2.2  2  2  2.2  0.28132  0.44335  0.27533  
0.0417326  0.68341  0.274857  2  2  2.2  2  2  2.2  0.295276  0.37139  0.333333  
0.406754  0.418871  0.174375  2  2  2.2  2  2  2.2  0.336012  0.330654  0.333333  
0.554854  0.111813  0.333333  2  2  2.2  2  2  2.2  3.08452e-10  0.750419  0.249581  
0.123935  0.616359  0.259706  2  2  2.2  2  2  2.2  0.31185  0.595564  0.0925865  
0.108307  0.558359  0.333333  2  2  2.2  2  2  2.2  0.234113  0.52118  0.244707  
0.640011  0.25912  0.100869  2  2  2.2  2  2  2.2  0.0979148  0.568752  0.333333  
0.139878  0.526789  0.333333  2  2  2.2  2  2  2.2  0.582047  0.253111  0.164842  
0.367849  0.502855  0.129297  2  2  2.2  2  2  2.2  0.0670533  0.932947  3.34402e-10  
0.583181  0.342616  0.0742034  2  2  2.2  2  2  2.2  0.439185  0.227482  0.333333  
0.539167  0.1275  0.333333  2  2  2.2  2  2  2.2  0.215156  0.451511  0.333333  
0.269166  0.3975  0.333333  2  2  2.2  2  2  2.2  0.699651  0.0259308  0.274418  
0.445364  0.221303  0.333333  2  2  2.2  2  2  2.2  0.409716  0.550082  0.0402017  
1.95548e-13  1  1.6848e-11  2  2  2.2  2  2  2.2  0.128296  0.788344  0.0833602  
0.0353833  0.933387  0.0312298  2  2  2.2  2  2  2.2  0.744292  0.179131  0.0765769  
0.124051  0.759067  0.116882  2  2  2.2  2  2  2.2  0.665926  0.217642  0.116432  
0.368093  0.631907  2.56254e-10  2  2  2.2  2  2  2.2  0.0507037  0.679936  0.26936  
0  5.16514e-17  1.2  2  2  2.2  2  2  2.2  0.31567  0.350997  0.333333  
0.492377  0.174289  0.333333  2  2  2.2  2  2  2.2  0.199855  0.607819  0.192326  
0.245116  0.625265  0.129619  2  2  2.2  2  2  2.2  0.646449  0.0202179  0.333333  
0.650557  0.0161094  0.333333  2  2  2.2  2  2  2.2  0.827133  0.150598  0.0222693  
0.31761  0.349057  0.333333  2  2  2.2  2  2  2.2  7.14755e-13  0.666667  0.333333  
0.936645  0.0263861  0.0369686  2  2  2.2  2  2  2.2  0.666667  1.38983e-10  0.333333  
0.882703  4.61131e-11  0.117297  2  2  2.2  2  2  2.2  0.711347  0.261419  0.0272339  
0.489756  0.510244  5.76524e-11  2  2  2.2  2  2  2.2  0.136912  0.529755  0.333333  
0.666667  1.38983e-10  0.333333  2  2  2.2  2  2  2.2  0.585013  0.0816537  0.333333  
0.0462024  0.620464  0.333333  2  2  2.2  2  2  2.2  0.626847  0.290312  0.0828407  
0.618423  0.0482433  0.333333  2  2  2.2  2  2  2.2  4.1104e-10  1  5.76524e-11  
0.756468  0.243532  5.76524e-11  2  2  2.2  2  2  2.2  0.275689  0.390977  0.333333  
0.0927966  0.57387  0.333333  2  2  2.2  2  2  2.2  0.543883  0.122784  0.333333  
7.14755e-13  0.666667  0.333333  2  2  2.2  2  2  2.2  0.0783492  0.588317  0.333333  
0.155921  0.510746  0.333333  2  2  2.2  2  2  2.2  0.418649  0.248017  0.333333  
0.164958  0.666084  0.168958  2  2  2.2  2  2  2.2  0.402807  0.333432  0.26376  
0.542664  0.436035  0.0213013  2  2  2.2  2  2  2.2  0.44951  0.36609  0.1844  
0.18802  0.478647  0.333333  2  2  2.2  2  2  2.2  0.783996  0.102705  0.1133  
0.681075  0.307176  0.0117486  2  2  2.2  2  2  2.2  0.356772  0.309894  0.333333  
0.0822949  0.840341  0.0773638  2  2  2.2  2  2  2.2  0.120243  0.646193  0.233564  
0.725  0.00832976  0.26667  2  2  2.2  2  2  2.2  0.255568  0.411098  0.333333  
0.528349  0.312931  0.15872  2  2  2.2  2  2  2.2  0.701582  0.141136  0.157282  
0.172628  0.806892  0.0204799  2  2  2.2  2  2  2.2  0.022058  0.788289  0.189653  
0.570785  0.0958812  0.333333  2  2  2.2  2  2  2.2  0.564464  0.102203  0.333333  
0.220455  0.446212  0.333333  2  2  2.2  2  2  2.2  0.896038  3.21789e-10  0.103962  
0.586601  0.0800656  0.333333  2  2  2.2  2  2  2.2  0.623344  0.177754  0.198903  
0.543977  0.21092  0.245103  2  2  2.2  2  2  2.2  0.0659952  0.830398  0.103606  
0.236647  0.43002  0.333333  2  2  2.2  2  2  2.2  0.856525  0.0698855  0.07359  
0.283399  0.537919  0.178681  2  2  2.2  2  2  2.2  1  1.27369e-10  1.15443e-10  
1  1.58335e-10  1.55729e-10  2  2  2.2  2  2  2.2  0.319047  0.482673  0.19828  
0.349784  0.316883  0.333333  2  2  2.2  2  2  2.2  0.739945  0.0685714  0.191483  
0.252903  0.413764  0.333333  2  2  2.2  2  2  2.2  0.50217  0.164497  0.333333  
0.724583  0.206365  0.0690519  2  2  2.2  2  2  2.2  0.482762  0.517238  2.65328e-09  
0.820675  0.167721  0.0116039  2  2  2.2  2  2  2.2  0.523021  0.143646  0.333333  
0.602478  0.0641884  0.333333  2  2  2.2  2  2  2.2  0.245573  0.728708  0.025719  
0.301524  0.365142  0.333333  2  2  2.2  2  2  2.2  0.659327  0.0984485  0.242224  
0.759334  0.0655242  0.175142  2  2  2.2  2  2  2.2  0.896807  0.103193  2.56254e-10  
0.634622  0.176563  0.188815  2  2  2.2  2  2  2.2  0.156425  0.510241  0.333333  
0.449426  0.468497  0.0820769  2  2  2.2  2  2  2.2  0.235442  0.431225  0.333333  
0.703169  0.149821  0.14701  2  2  2.2  2  2  2.2  0.82638  0.0149003  0.15872  
3.64865e-10  0.887664  0.112336  2  2  2.2  2  2  2.2  0.00695546  0.919851  0.0731937  
0.333655  0.333012  0.333333  2  2  2.2  2  2  2.2  0.78111  0.21889  2.56254e-10  
0.41369  0.252977  0.333333  2  2  2.2  2  2  2.2  0.0196167  0.64705  0.333333  
0.360498  0.371461  0.268041  2  2  2.2  2  2  2.2  0.60549  0.0611766  0.333333  
0.319661  0.452525  0.227814  2  2  2.2  2  2  2.2  0.184404  0.744608  0.0709878  
0.238687  0.492972  0.268341  2  2  2.2  2  2  2.2  0.237558  0.655252  0.10719  
0.441215  0.338862  0.219924  2  2  2.2  2  2  2.2  0.464112  0.256754  0.279134  
0.894037  0.105963  2.56254e-10  2  2  2.2  2  2  2.2  0.189237  0.810763  2.56254e-10  
0.198642  0.574055  0.227303  2  2  2.2  2  2  2.2  0.360567  0.519271  0.120162  
0.634503  0.0321636  0.333333  2  2  2.2  2  2  2.2  0.670557  0.329443  2.56254e-10  
3.14745e-10  0.765729  0.234271  2  2  2.2  2  2  2.2  0.585139  0.138709  0.276152  
0.494447  0.389221  0.116332  2  2  2.2  2  2  2.2  0.494417  0.399795  0.105788  
0.204624  0.712229  0.0831467  2  2  2.2  2  2  2.2  0.772448  6.34108e-11  0.227552  
0.617593  0.382407  2.65328e-09  2  2  2.2  2  2  2.2  0.398003  0.268664  0.333333  
0.365809  0.300857  0.333333  2  2  2.2  2  2  2.2  0.32891  0.640209  0.0308809  
0.849532  0.0742475  0.0762203  2  2  2.2  2  2  2.2  0.0588264  0.60784  0.333333  
0.285353  0.381313  0.333333  2  2  2.2  2  2  2.2  0.578898  0.421102  1.17075e-10  
0.381809  0.284858  0.333333  2  2  2.2  2  2  2.2  0.274442  0.562215  0.163343  
0.50794  0.158726  0.333333  2  2  2.2  2  2  2.2  0.403453  0.439664  0.156883  
0.470718  0.265116  0.264166  2  2  2.2  2  2  2.2  0.46022  0.206447  0.333333  
0.677021  0.0877891  0.23519  2  2  2.2  2  2  2.2  0.19579  0.470877  0.333333  
0.523537  0.14313  0.333333  2  2  2.2  2  2  2.2  0.593698  0.362124  0.0441782  
0.0852981  0.715572  0.19913  2  2  2.2  2  2  2.2  0  5.16514e-17  1.2  
0.030788  0.635879  0.333333  2  2  2.2  2  2  2.2  0.157335  0.569101  0.273564  
0.397771  0.268896  0.333333  2  2  2.2  2  2  2.2  0.176008  0.490659  0.333333  
0.293149  0.676968  0.0298832  2  2  2.2  2  2  2.2  0.0392187  0.627448  0.333333  
0.0616776  0.604989  0.333333  2  2  2.2  2  2  2.2  0.297948  0.702052  2.56254e-10  
0.0154234  0.651243  0.333333  2  2  2.2  2  2  2.2  2.72747e-11  0.859301  0.140699  
0.204202  0.462465  0.333333  2  2  2.2  2  2  2.2  0.443491  0.475678  0.0808312  
0.077229  0.589438  0.333333  2  2  2.2  2  2  2.2  0.540501  0.212897  0.246602  
0.476686  0.18998  0.333333  2  2  2.2  2  2  2.2  0.94001  0.0296837  0.0303065  
0.429527  0.23714  0.333333  2  2  2.2  2  2  2.2  0.117411  0.549255  0.333333  
0.0278291  0.809771  0.1624  2  2  2.2  2  2  2.2  0.390329  0.609671  9.87442e-11  
0.781458  0.117298  0.101244  2  2  2.2  2  2  2.2  0.54156  0.328988  0.129453  
0.580968  0.245105  0.173927  2  2  2.2  2  2  2.2  0.161016  0.692058  0.146926  
0.461046  0.205621  0.333333  2  2  2.2  2  2  2.2  0.521176  0.445061  0.0337631  
0.1159  0.8841  2.65328e-09  2  2  2.2  2  2  2.2  0.358868  0.402248  0.238884  
0.414719  0.556799  0.0284822  2  2  2.2  2  2  2.2  0.112698  0.866822  0.0204799  
0.124176  0.542491  0.333333  2  2  2.2  2  2  2.2  0.481249  0.185417  0.333333  
0.17198  0.494687  0.333333  2  2  2.2  2  2  2.2  0.0929001  0.734709  0.172391  
0.326823  0.586256  0.0869213  2  2  2.2  2  2  2.2  0.377273  0.289393  0.333333  
0.596978  0.131041  0.271981  2  2  2.2  2  2  2.2  0.49753  0.293868  0.208601  
0.803789  6.59837e-11  0.196211  2  2  2.2  2  2  2.2  0.625945  0.0407212  0.333333  
0.247022  0.752978  3.03632e-10  2  2  2.2  2  2  2.2  0.28132  0.44335  0.27533  
0.0417326  0.68341  0.274857  2  2  2.2  2  2  2.2  0.295744  0.370923  0.333333  
0.406754  0.418871  0.174375  2  2  2.2  2  2  2.2  0.336309  0.330358  0.333333  
0.555059  0.111607  0.333333  2  2  2.2  2  2  2.2  3.08452e-10  0.750419  0.249581  
0.124935  0.615979  0.259086  2  2  2.2  2  2  2.2  0.310895  0.596452  0.0926525  
0.108447  0.55822  0.333333  2  2  2.2  2  2  2.2  0.234029  0.521264  0.244707  
0.640011  0.25912  0.100869  2  2  2.2  2  2  2.2  0.0979148  0.568752  0.333333  
0.140001  0.526665  0.333333  2  2  2.2  2  2  2.2  0.5819  0.253259  0.164842  
0.367849  0.502855  0.129297  2  2  2.2  2  2  2.2  0.0670533  0.932947  3.34402e-10  
0.583181  0.342616  0.0742034  2  2  2.2  2  2  2.2  0.43945  0.227217  0.333333  
0.539269  0.127397  0.333333  2  2  2.2  2  2  2.2  0.215588  0.451079  0.333333  
0.269126  0.397541  0.333333  2  2  2.2  2  2  2.2  0.700013  0.0258182  0.274169  
0.445285  0.221382  0.333333  2  2  2.2  2  2  2.2  0.409213  0.550586  0.0402017  
1.95548e-13  1  1.6848e-11  2  2  2.2  2  2  2.2  0.128085  0.788555  0.0833602  
0.0353833  0.933387  0.0312298  2  2  2.2  2  2  2.2  0.744233  0.179313  0.0764544  
0.123542  0.759131  0.117326  2  2  2.2  2  2  2.2  0.665878  0.217886  0.116236  
0.368093  0.631907  2.56254e-10  2  2  2.2  2  2  2.2  0.0501409  0.680586  0.269273  
0  5.16514e-17  1.2  2  2  2.2  2  2  2.2  0.316012  0.350654  0.333333  
0.492338  0.174329  0.333333  2  2  2.2  2  2  2.2  0.199101  0.608522  0.192377  
0.245116  0.625265  0.129619  2  2  2.2  2  2  2.2  0.64632  0.0203467  0.333333  
0.650557  0.0161094  0.333333  2  2  2.2  2  2  2.2  0.826933  0.150956  0.0221113  
0.31761  0.349057  0.333333  2  2  2.2  2  2  2.2  7.14755e-13  0.666667  0.333333  
0.936541  0.0260601  0.0373991  2  2  2.2  2  2  2.2  0.666667  1.38983e-10  0.333333  
0.882629  3.16974e-10  0.117371  2  2  2.2  2  2  2.2  0.710839  0.261927  0.0272339  
0.489628  0.510372  2.65328e-09  2  2  2.2  2  2  2.2  0.137016  0.52965  0.333333  
0.666667  1.38983e-10  0.333333  2  2  2.2  2  2  2.2  0.584824  0.0818425  0.333333  
0.0462657  0.620401  0.333333  2  2  2.2  2  2  2.2  0.626757  0.290481  0.0827622  
0.618543  0.0481236  0.333333  2  2  2.2  2  2  2.2  4.1104e-10  1  5.76524e-11  
0.756468  0.243532  5.76524e-11  2  2  2.2  2  2  2.2  0.275804  0.390863  0.333333  
0.0928532  0.573813  0.333333  2  2  2.2  2  2  2.2  0.543589  0.123078  0.333333  
7.14755e-13  0.666667  0.333333  2  2  2.2  2  2  2.2  0.0783492  0.588317  0.333333  
0.156062  0.510605  0.333333  2  2  2.2  2  2  2.2  0.418904  0.247762  0.333333  
0.164428  0.663948  0.171624  2  2  2.2  2  2  2.2  0.402807  0.333432  0.26376  
0.542664  0.436035  0.0213013  2  2  2.2  2  2  2.2  0.449175  0.366425  0.1844  
0.188115  0.478552  0.333333  2  2  2.2  2  2  2.2  0.784055  0.102993  0.112952  
0.681075  0.307176  0.0117486  2  2  2.2  2  2  2.2  0.357056  0.309611  0.333333  
0.0822949  0.840341  0.0773638  2  2  2.2  2  2  2.2  0.120243  0.646193  0.233564  
0.725  0.00832976  0.26667  2  2  2.2  2  2  2.2  0.255741  0.410925  0.333333  
0.528349  0.312931  0.15872  2  2  2.2  2  2  2.2  0.701419  0.141386  0.157196  
0.172628  0.806892  0.0204799  2  2  2.2  2  2  2.2  0.02179  0.788657  0.189553  
0.570785  0.0958812  0.333333  2  2  2.2  2  2  2.2  0.564236  0.102431  0.333333  
0.220432  0.446235  0.333333  2  2  2.2  2  2  2.2  0.896038  3.21789e-10  0.103962  
0.586672  0.079995  0.333333  2  2  2.2  2  2  2.2  0.62309  0.178041  0.198869  
0.543977  0.21092  0.245103  2  2  2.2  2  2  2.2  0.0659952  0.830398  0.103606  
0.236659  0.430008  0.333333  2  2  2.2  2  2  2.2  0.856525  0.0698855  0.07359  
0.283399  0.537919  0.178681  2  2  2.2  2  2  2.2  1  1.27369e-10  1.15443e-10  
1  1.58335e-10  1.55729e-10  2  2  2.2  2  2  2.2  0.318714  0.482913  0.198374  
0.349784  0.316883  0.333333  2  2  2.2  2  2  2.2  0.740028  0.068688  0.191284  
0.252903  0.413764  0.333333  2  2  2.2  2  2  2.2  0.502121  0.164546  0.333333  
0.724583  0.206365  0.0690519  2  2  2.2  2  2  2.2  0.482327  0.517673  2.65328e-09  
0.820675  0.167721  0.0116039  2  2  2.2  2  2  2.2  0.522967  0.1437  0.333333  
0.602569  0.0640975  0.333333  2  2  2.2  2  2  2.2  0.245478  0.728803  0.025719  
0.301486  0.36518  0.333333  2  2  2.2  2  2  2.2  0.659278  0.0984974  0.242224  
0.759334  0.0655242  0.175142  2  2  2.2  2  2  2.2  0.89658  0.10342  3.14104e-12  
0.633912  0.176773  0.189315  2  2  2.2  2  2  2.2  0.15661  0.510057  0.333333  
0.449426  0.468497  0.0820769  2  2  2.2  2  2  2.2  0.235737  0.43093  0.333333  
0.703169  0.149821  0.14701  2  2  2.2  2  2  2.2  0.826256  0.0152921  0.158452  
3.64865e-10  0.887664  0.112336  2  2  2.2  2  2  2.2  0.00695673  0.920018  0.073025  
0.333724  0.332942  0.333333  2  2  2.2  2  2  2.2  0.780654  0.219346  8.88895e-11  
0.413549  0.253117  0.333333  2  2  2.2  2  2  2.2  0.0196167  0.64705  0.333333  
0.360498  0.371461  0.268041  2  2  2.2  2  2  2.2  0.605384  0.0612825  0.333333  
0.319661  0.452525  0.227814  2  2  2.2  2  2  2.2  0.184404  0.744608  0.0709878  
0.238687  0.492972  0.268341  2  2  2.2  2  2  2.2  0.237052  0.655349  0.107599  
0.441215  0.338862  0.219924  2  2  2.2  2  2  2.2  0.463973  0.256893  0.279134  
0.894206  0.105794  3.14104e-12  2  2  2.2  2  2  2.2  0.189266  0.810734  2.56254e-10  
0.198642  0.574055  0.227303  2  2  2.2  2  2  2.2  0.360248  0.51959  0.120162  
0.634541  0.0321255  0.333333  2  2  2.2  2  2  2.2  0.669994  0.330006  2.65328e-09  
3.14745e-10  0.765729  0.234271  2  2  2.2  2  2  2.2  0.585139  0.138709  0.276152  
0.492496  0.389997  0.117507  2  2  2.2  2  2  2.2  0.494084  0.400128  0.105788  
0.204624  0.712229  0.0831467  2  2  2.2  2  2  2.2  0.772577  2.52486e-11  0.227423  
0.617593  0.382407  2.65328e-09  2  2  2.2  2  2  2.2  0.398236  0.268431  0.333333  
0.365809  0.300857  0.333333  2  2  2.2  2  2  2.2  0.328358  0.64056  0.0310823  
0.849532  0.0742475  0.0762203  2  2  2.2  2  2  2.2  0.058798  0.607869  0.333333  
0.285353  0.381313  0.333333  2  2  2.2  2  2  2.2  0.57836  0.42164  1.17075e-10  
0.381792  0.284875  0.333333  2  2  2.2  2  2  2.2  0.273996  0.56266  0.163343  
0.50794  0.158726  0.333333  2  2  2.2  2  2  2.2  0.402738  0.440307  0.156955  
0.470718  0.265116  0.264166  2  2  2.2  2  2  2.2  0.460455  0.206211  0.333333  
0.677021  0.0877891  0.23519  2  2  2.2  2  2  2.2  0.196005  0.470662  0.333333  
0.52358  0.143087  0.333333  2  2  2.2  2  2  2.2  0.593561  0.362408  0.0440312  
0.0852981  0.715572  0.19913  2  2  2.2  2  2  2.2  0  5.16514e-17  1.2  
0.0308228  0.635844  0.333333  2  2  2.2  2  2  2.2  0.157017  0.569419  0.273564  
0.397671  0.268996  0.333333  2  2  2.2  2  2  2.2  0.176311  0.490355  0.333333  
0.293149  0.676968  0.0298832  2  2  2.2  2  2  2.2  0.0392187  0.627448  0.333333  
0.0617429  0.604924  0.333333  2  2  2.2  2  2  2.2  0.297781  0.702219  2.56254e-10  
0.0154234  0.651243  0.333333  2  2  2.2  2  2  2.2  2.72813e-11  0.859511  0.140489  
0.204202  0.462465  0.333333  2  2  2.2  2  2  2.2  0.443334  0.475835  0.0808312  
0.0772457  0.589421  0.333333  2  2  2.2  2  2  2.2  0.540349  0.213049  0.246602  
0.476659  0.190007  0.333333  2  2  2.2  2  2  2.2  0.940184  0.0295095  0.0303065  
0.429453  0.237214  0.333333  2  2  2.2  2  2  2.2  0.117436  0.549231  0.333333  
0.0278291  0.809771  0.1624  2  2  2.2  2  2  2.2  0.389809  0.610191  9.87442e-11  
0.781458  0.117298  0.101244  2  2  2.2  2  2  2.2  0.541471  0.329077  0.129453  
0.580968  0.245105  0.173927  2  2  2.2  2  2  2.2  0.160719  0.692271  0.14701  
0.460994  0.205673  0.333333  2  2  2.2  2  2  2.2  0.520983  0.445445  0.0335721  
0.1159  0.8841  2.65328e-09  2  2  2.2  2  2  2.2  0.358684  0.402432  0.238884  
0.414719  0.556799  0.0284822  2  2  2.2  2  2  2.2  0.11243  0.866954  0.0206159  
0.12424  0.542427  0.333333  2  2  2.2  2  2  2.2  0.481252  0.185414  0.333333  
0.172092  0.494575  0.333333  2  2  2.2  2  2  2.2  0.0925512  0.734711  0.172738  
0.326823  0.586256  0.0869213  2  2  2.2  2  2  2.2  0.37763  0.289036  0.333333  
0.596978  0.131041  0.271981  2  2  2.2  2  2  2.2  0.49753  0.293868  0.208601  
0.803789  6.59837e-11  0.196211  2  2  2.2  2  2  2.2  0.625877  0.0407898  0.333333  
0.247022  0.752978  3.03632e-10  2  2  2.2  2  2  2.2  0.281194  0.443477  0.27533  
0.0426644  0.682576  0.27476  2  2  2.2  2  2  2.2  0.295932  0.370735  0.333333  
0.406754  0.418871  0.174375  2  2  2.2  2  2  2.2  0.336537  0.33013  0.333333  
0.555005  0.111662  0.333333  2  2  2.2  2  2  2.2  3.08559e-10  0.75068  0.24932  
0.124915  0.616177  0.258907  2  2  2.2  2  2  2.2  0.310458  0.596889  0.0926525  
0.108496  0.558171  0.333333  2  2  2.2  2  2  2.2  0.233572  0.521534  0.244894  
0.640011  0.25912  0.100869  2  2  2.2  2  2  2.2  0.0979011  0.568766  0.333333  
0.140072  0.526595  0.333333  2  2  2.2  2  2  2.2  0.581527  0.253632  0.164842  
0.367629  0.502919  0.129453  2  2  2.2  2  2  2.2  0.0670533  0.932947  3.34402e-10  
0.583181  0.342616  0.0742034  2  2  2.2  2  2  2.2  0.439692  0.226975  0.333333  
0.539269  0.127397  0.333333  2  2  2.2  2  2  2.2  0.215784  0.450882  0.333333  
0.269126  0.397541  0.333333  2  2  2.2  2  2  2.2  0.700013  0.0258182  0.274169  
0.445285  0.221382  0.333333  2  2  2.2  2  2  2.2  0.408877  0.550921  0.0402017  
1.95548e-13  1  1.6848e-11  2  2  2.2  2  2  2.2  0.127885  0.788586  0.083529  
0.0353833  0.933387  0.0312298  2  2  2.2  2  2  2.2  0.743991  0.179861  0.0761479  
0.123542  0.759131  0.117326  2  2  2.2  2  2  2.2  0.665681  0.218082  0.116236  
0.368093  0.631907  2.56254e-10  2  2  2.2  2  2  2.2  0.0502097  0.680517  0.269273  
0  5.16514e-17  1.2  2  2  2.2  2  2  2.2  0.31608  0.350586  0.333333  
0.492338  0.174329  0.333333  2  2  2.2  2  2  2.2  0.198935  0.608455  0.19261  
0.245116  0.625265  0.129619  2  2  2.2  2  2  2.2  0.646269  0.0203978  0.333333  
0.650595  0.0160712  0.333333  2  2  2.2  2  2  2.2  0.826841  0.151153  0.0220061  
0.31761  0.349057  0.333333  2  2  2.2  2  2  2.2  7.14755e-13  0.666667  0.333333  
0.936541  0.0260601  0.0373991  2  2  2.2  2  2  2.2  0.666667  1.38983e-10  0.333333  
0.882629  3.16974e-10  0.117371  2  2  2.2  2  2  2.2  0.710736  0.262031  0.0272339  
0.489628  0.510372  2.65328e-09  2  2  2.2  2  2  2.2  0.137069  0.529598  0.333333  
0.666667  1.38983e-10  0.333333  2  2  2.2  2  2  2.2  0.58475  0.081917  0.333333  
0.0462928  0.620374  0.333333  2  2  2.2  2  2  2.2  0.626561  0.290677  0.0827622  
0.618543  0.0481236  0.333333  2  2  2.2  2  2  2.2  4.1104e-10  1  5.76524e-11  
0.756468  0.243532  5.76524e-11  2  2  2.2  2  2  2.2  0.276  0.390667  0.333333  
0.0930138  0.573653  0.333333  2  2  2.2  2  2  2.2  0.543582  0.123084  0.333333  
7.14755e-13  0.666667  0.333333  2  2  2.2  2  2  2.2  0.0783492  0.588317  0.333333  
0.156231  0.510436  0.333333  2  2  2.2  2  2  2.2  0.418936  0.24773  0.333333  
0.164428  0.663948  0.171624  2  2  2.2  2  2  2.2  0.402553  0.333687  0.26376  
0.542664  0.436035  0.0213013  2  2  2.2  2  2  2.2  0.449022  0.366578  0.1844  
0.188151  0.478515  0.333333  2  2  2.2  2  2  2.2  0.783976  0.103386  0.112638  
0.681075  0.307176  0.0117486  2  2  2.2  2  2  2.2  0.357271  0.309396  0.333333  
0.0822949  0.840341  0.0773638  2  2  2.2  2  2  2.2  0.119987  0.646449  0.233564  
0.725  0.00832976  0.26667  2  2  2.2  2  2  2.2  0.255857  0.41081  0.333333  
0.528349  0.312931  0.15872  2  2  2.2  2  2  2.2  0.701359  0.141685  0.156956  
0.172628  0.806892  0.0204799  2  2  2.2  2  2  2.2  0.02179  0.788657  0.189553  
0.570847  0.0958198  0.333333  2  2  2.2  2  2  2.2  0.564236  0.102431  0.333333  
0.220432  0.446235  0.333333  2  2  2.2  2  2  2.2  0.896038  3.21789e-10  0.103962  
0.586672  0.079995  0.333333  2  2  2.2  2  2  2.2  0.622869  0.178435  0.198696  
0.543977  0.21092  0.245103  2  2  2.2  2  2  2.2  0.0658006  0.830593  0.103606  
0.236659  0.430008  0.333333  2  2  2.2  2  2  2.2  0.856512  0.0699272  0.0735606  
0.283399  0.537919  0.178681  2  2  2.2  2  2  2.2  1  1.27369e-10  1.15443e-10  
1  1.58335e-10  1.55729e-10  2  2  2.2  2  2  2.2  0.318402  0.483224  0.198374  
0.349661  0.317005  0.333333  2  2  2.2  2  2  2.2  0.739988  0.0687282  0.191284  
0.252903  0.413764  0.333333  2  2  2.2  2  2  2.2  0.502074  0.164593  0.333333  
0.724583  0.206365  0.0690519  2  2  2.2  2  2  2.2  0.482092  0.517908  4.18935e-10  
0.820675  0.167721  0.0116039  2  2  2.2  2  2  2.2  0.522852  0.143815  0.333333  
0.602602  0.064065  0.333333  2  2  2.2  2  2  2.2  0.245478  0.728803  0.025719  
0.301476  0.36519  0.333333  2  2  2.2  2  2  2.2  0.659259  0.0987648  0.241977  
0.759334  0.0655242  0.175142  2  2  2.2  2  2  2.2  0.89658  0.10342  3.14104e-12  
0.633912  0.176773  0.189315  2  2  2.2  2  2  2.2  0.156676  0.509991  0.333333  
0.449426  0.468497  0.0820769  2  2  2.2  2  2  2.2  0.2359  0.430767  0.333333  
0.703169  0.149821  0.14701  2  2  2.2  2  2  2.2  0.826256  0.0152921  0.158452  
3.64865e-10  0.887664  0.112336  2  2  2.2  2  2  2.2  0.00695673  0.920018  0.073025  
0.333709  0.332958  0.333333  2  2  2.2  2  2  2.2  0.780482  0.219518  3.22593e-10  
0.413523  0.253144  0.333333  2  2  2.2  2  2  2.2  0.0196167  0.64705  0.333333  
0.361285  0.372089  0.266627  2  2  2.2  2  2  2.2  0.605308  0.0613582  0.333333  
0.319661  0.452525  0.227814  2  2  2.2  2  2  2.2  0.184212  0.7448  0.0709878  
0.238687  0.492972  0.268341  2  2  2.2  2  2  2.2  0.236898  0.655503  0.107599  
0.441215  0.338862  0.219924  2  2  2.2  2  2  2.2  0.463893  0.257076  0.279031  
0.894206  0.105794  3.14104e-12  2  2  2.2  2  2  2.2  0.189266  0.810734  2.56254e-10  
0.198642  0.574055  0.227303  2  2  2.2  2  2  2.2  0.359967  0.519871  0.120162  
0.634541  0.0321255  0.333333  2  2  2.2  2  2  2.2  0.669786  0.330214  2.65328e-09  
2.42996e-11  0.765569  0.234431  2  2  2.2  2  2  2.2  0.585139  0.138709  0.276152  
0.492496  0.389997  0.117507  2  2  2.2  2  2  2.2  0.49358  0.400633  0.105788  
0.204624  0.712229  0.0831467  2  2  2.2  2  2  2.2  0.772643  2.52507e-11  0.227357  
0.617741  0.382259  1.17075e-10  2  2  2.2  2  2  2.2  0.398236  0.268431  0.333333  
0.36572  0.300946  0.333333  2  2  2.2  2  2  2.2  0.32801  0.640807  0.0311831  
0.849532  0.0742475  0.0762203  2  2  2.2  2  2  2.2  0.058798  0.607869  0.333333  
0.285299  0.381368  0.333333  2  2  2.2  2  2  2.2  0.578163  0.421837  1.17075e-10  
0.381702  0.284965  0.333333  2  2  2.2  2  2  2.2  0.273895  0.562665  0.163441  
0.50794  0.158726  0.333333  2  2  2.2  2  2  2.2  0.402738  0.440307  0.156955  
0.470718  0.265116  0.264166  2  2  2.2  2  2  2.2  0.460455  0.206211  0.333333  
0.677021  0.0877891  0.23519  2  2  2.2  2  2  2.2  0.196142  0.470525  0.333333  
0.52358  0.143087  0.333333  2  2  2.2  2  2  2.2  0.593037  0.362894  0.0440684  
0.0852981  0.715572  0.19913  2  2  2.2  2  2  2.2  0  5.16514e-17  1.2  
0.0308505  0.635816  0.333333  2  2  2.2  2  2  2.2  0.15671  0.569725  0.273564  
0.397623  0.269044  0.333333  2  2  2.2  2  2  2.2  0.176328  0.490339  0.333333  
0.293149  0.676968  0.0298832  2  2  2.2  2  2  2.2  0.0392187  0.627448  0.333333  
0.0617429  0.604924  0.333333  2  2  2.2  2  2  2.2  0.297781  0.702219  2.56254e-10  
0.0154234  0.651243  0.333333  2  2  2.2  2  2  2.2  2.72813e-11  0.859511  0.140489  
0.204256  0.462411  0.333333  2  2  2.2  2  2  2.2  0.442775  0.476394  0.0808312  
0.0772457  0.589421  0.333333  2  2  2.2  2  2  2.2  0.540349  0.213049  0.246602  
0.476659  0.190007  0.333333  2  2  2.2  2  2  2.2  0.940041  0.0296525  0.0303065  
0.429435  0.237231  0.333333  2  2  2.2  2  2  2.2  0.117436  0.549231  0.333333  
0.0278291  0.809771  0.1624  2  2  2.2  2  2  2.2  0.389409  0.610591  1.83799e-10  
0.781458  0.117298  0.101244  2  2  2.2  2  2  2.2  0.541142  0.329605  0.129254  
0.581919  0.2447  0.17338  2  2  2.2  2  2  2.2  0.160464  0.692473  0.147063  
0.460884  0.205783  0.333333  2  2  2.2  2  2  2.2  0.520411  0.445892  0.0336974  
0.1159  0.8841  2.65328e-09  2  2  2.2  2  2  2.2  0.35861  0.402507  0.238884  
0.414719  0.556799  0.0284822  2  2  2.2  2  2  2.2  0.11243  0.866954  0.0206159  
0.124423  0.542244  0.333333  2  2  2.2  2  2  2.2  0.481292  0.185375  0.333333  
0.172138  0.494529  0.333333  2  2  2.2  2  2  2.2  0.0922863  0.734976  0.172738  
0.326823  0.586256  0.0869213  2  2  2.2  2  2  2.2  0.377674  0.288992  0.333333  
0.596978  0.131041  0.271981  2  2  2.2  2  2  2.2  0.497515  0.293976  0.20851  
0.803789  6.59837e-11  0.196211  2  2  2.2  2  2  2.2  0.625791  0.0408754  0.333333  
0.247022  0.752978  3.03632e-10  2  2  2.2  2  2  2.2  0.280764  0.443906  0.27533  
0.0426795  0.682817  0.274504  2  2  2.2  2  2  2.2  0.29609  0.370577  0.333333  
0.406754  0.418871  0.174375  2  2  2.2  2  2  2.2  0.336751  0.329916  0.333333  
0.55504  0.111627  0.333333  2  2  2.2  2  2  2.2  3.08559e-10  0.75068  0.24932  
0.124915  0.616177  0.258907  2  2  2.2  2  2  2.2  0.310479  0.596777  0.0927437  
0.108731  0.557936  0.333333  2  2  2.2  2  2  2.2  0.23324  0.521865  0.244894  
0.640011  0.25912  0.100869  2  2  2.2  2  2  2.2  0.0979011  0.568766  0.333333  
0.140226  0.526441  0.333333  2  2  2.2  2  2  2.2  0.581452  0.253865  0.164683  
0.367629  0.502919  0.129453  2  2  2.2  2  2  2.2  0.0670533  0.932947  3.34402e-10  
0.581721  0.343473  0.0748065  2  2  2.2  2  2  2.2  0.439692  0.226975  0.333333  
0.539286  0.12738  0.333333  2  2  2.2  2  2  2.2  0.216006  0.450661  0.333333  
0.269126  0.397541  0.333333  2  2  2.2  2  2  2.2  0.69998  0.0258509  0.274169  
0.445197  0.221469  0.333333  2  2  2.2  2  2  2.2  0.408361  0.551437  0.0402017  
1.95548e-13  1  1.6848e-11  2  2  2.2  2  2  2.2  0.127485  0.788873  0.0836423  
0.0353833  0.933387  0.0312298  2  2  2.2  2  2  2.2  0.743755  0.180097  0.0761479  
0.123542  0.759131  0.117326  2  2  2.2  2  2  2.2  0.665268  0.218495  0.116236  
0.368093  0.631907  2.56254e-10  2  2  2.2  2  2  2.2  0.0499005  0.680686  0.269413  
0  5.16514e-17  1.2  2  2  2.2  2  2  2.2  0.3163  0.350366  0.333333  
0.492338  0.174329  0.333333  2  2  2.2  2  2  2.2  0.19862  0.60877  0.19261  
0.245116  0.625265  0.129619  2  2  2.2  2  2  2.2  0.646269  0.0203978  0.333333  
