0.309924  1.49372  0.57636  3.11356  3.28912  3.17275  1.79769e+308  1.79769e+308  1.79769e+308  0.309924  1.49372  0.57636  
0.00871615  0.00893919  1.8252  3.11356  3.28912  3.17275  1.79769e+308  1.79769e+308  1.79769e+308  0.00871615  0.00893919  1.8252  
1.38843  0.679955  0.796915  3.11356  3.28912  3.17275  1.79769e+308  1.79769e+308  1.79769e+308  1.38843  0.679955  0.796915  
1.7253  0.80183  0.0291592  3.11356  3.28912  3.17275  1.79769e+308  1.79769e+308  1.79769e+308  1.7253  0.80183  0.0291592  
1.88643  0.778082  0.0770189  3.11356  3.28912  3.17275  1.79769e+308  1.79769e+308  1.79769e+308  1.88643  0.778082  0.0770189  
1.15888  0.43977  0.339164  3.11356  3.28912  3.17275  1.79769e+308  1.79769e+308  1.79769e+308  1.15888  0.43977  0.339164  
0.804495  1.94136  0.712382  3.11356  3.28912  3.17275  1.79769e+308  1.79769e+308  1.79769e+308  0.804495  1.94136  0.712382  
0.207065  0.0784675  1.87015  3.11356  3.28912  3.17275  1.79769e+308  1.79769e+308  1.79769e+308  0.207065  0.0784675  1.87015  
1.86274  0.327219  0.274845  3.11356  3.28912  3.17275  1.79769e+308  1.79769e+308  1.79769e+308  1.86274  0.327219  0.274845  
1.61738  0.874779  0.512074  3.11356  3.28912  3.17275  1.79769e+308  1.79769e+308  1.79769e+308  1.61738  0.874779  0.512074  
0.894583  0.685603  1.66813  3.11356  3.28912  3.17275  1.79769e+308  1.79769e+308  1.79769e+308  0.894583  0.685603  1.66813  
0.12574  1.11053  1.94295  3.11356  3.28912  3.17275  1.79769e+308  1.79769e+308  1.79769e+308  0.12574  1.11053  1.94295  
0.581176  0.419682  1.2824  3.11356  3.28912  3.17275  1.79769e+308  1.79769e+308  1.79769e+308  0.581176  0.419682  1.2824  
0.799223  0.83468  1.11891  3.11356  3.28912  3.17275  1.79769e+308  1.79769e+308  1.79769e+308  0.799223  0.83468  1.11891  
0.407312  0.192598  1.79638  3.11356  3.28912  3.17275  1.79769e+308  1.79769e+308  1.79769e+308  0.407312  0.192598  1.79638  
0.0202814  1.6449  0.422192  3.11356  3.28912  3.17275  1.79769e+308  1.79769e+308  1.79769e+308  0.0202814  1.6449  0.422192  
0.897857  0.960186  1.02986  3.11356  3.28912  3.17275  1.79769e+308  1.79769e+308  1.79769e+308  0.897857  0.960186  1.02986  
1.46128  0.714423  0.514064  3.11356  3.28912  3.17275  1.79769e+308  1.79769e+308  1.79769e+308  1.46128  0.714423  0.514064  
1.11505  0.0671883  1.37824  3.11356  3.28912  3.17275  1.79769e+308  1.79769e+308  1.79769e+308  1.11505  0.0671883  1.37824  
0.0139872  0.000928371  1.90668  3.11356  3.28912  3.17275  1.79769e+308  1.79769e+308  1.79769e+308  0.0139872  0.000928371  1.90668  
0.819165  0.757355  0.954584  3.11356  3.28912  3.17275  1.79769e+308  1.79769e+308  1.79769e+308  0.819165  0.757355  0.954584  
0.439319  0.610029  1.68718  3.11356  3.28912  3.17275  1.79769e+308  1.79769e+308  1.79769e+308  0.439319  0.610029  1.68718  
0.493627  0.0975689  1.62744  3.11356  3.28912  3.17275  1.79769e+308  1.79769e+308  1.79769e+308  0.493627  0.0975689  1.62744  
0.207353  0.10408  2.04762  3.11356  3.28912  3.17275  1.79769e+308  1.79769e+308  1.79769e+308  0.207353  0.10408  2.04762  
1.13429  0.118473  1.28663  3.11356  3.28912  3.17275  1.79769e+308  1.79769e+308  1.79769e+308  1.13429  0.118473  1.28663  
0.035106  0.363719  1.37691  3.11356  3.28912  3.17275  1.79769e+308  1.79769e+308  1.79769e+308  0.035106  0.363719  1.37691  
0.885874  0.67877  1.45106  3.11356  3.28912  3.17275  1.79769e+308  1.79769e+308  1.79769e+308  0.885874  0.67877  1.45106  
1.4057  1.45156  0.412703  3.11356  3.28912  3.17275  1.79769e+308  1.79769e+308  1.79769e+308  1.4057  1.45156  0.412703  
0.159096  1.52679  1.31482  3.11356  3.28912  3.17275  1.79769e+308  1.79769e+308  1.79769e+308  0.159096  1.52679  1.31482  
0.1375  0.482452  1.76126  3.11356  3.28912  3.17275  1.79769e+308  1.79769e+308  1.79769e+308  0.1375  0.482452  1.76126  
0.248511  1.25793  0.677828  3.11356  3.28912  3.17275  1.79769e+308  1.79769e+308  1.79769e+308  0.248511  1.25793  0.677828  
0.632988  1.42619  0.0253769  3.11356  3.28912  3.17275  1.79769e+308  1.79769e+308  1.79769e+308  0.632988  1.42619  0.0253769  
0.537417  0.145905  1.75826  3.11356  3.28912  3.17275  1.79769e+308  1.79769e+308  1.79769e+308  0.537417  0.145905  1.75826  
0.0439395  0.139265  1.80528  3.11356  3.28912  3.17275  1.79769e+308  1.79769e+308  1.79769e+308  0.0439395  0.139265  1.80528  
1.17515  1.14986  0.951547  3.11356  3.28912  3.17275  1.79769e+308  1.79769e+308  1.79769e+308  1.17515  1.14986  0.951547  
2.11356  0.0463549  0.128854  3.11356  3.28912  3.17275  1.79769e+308  1.79769e+308  1.79769e+308  2.11356  0.0463549  0.128854  
1.02634  1.22232  0.773535  3.11356  3.28912  3.17275  1.79769e+308  1.79769e+308  1.79769e+308  1.02634  1.22232  0.773535  
0.016263  0.0134442  1.66515  3.11356  3.28912  3.17275  1.79769e+308  1.79769e+308  1.79769e+308  0.016263  0.0134442  1.66515  
0.497941  0.88308  1.47634  3.11356  3.28912  3.17275  1.79769e+308  1.79769e+308  1.79769e+308  0.497941  0.88308  1.47634  
1.51388  0.886519  0.511832  3.11356  3.28912  3.17275  1.79769e+308  1.79769e+308  1.79769e+308  1.51388  0.886519  0.511832  
1.1738  0.815909  0.909634  3.11356  3.28912  3.17275  1.79769e+308  1.79769e+308  1.79769e+308  1.1738  0.815909  0.909634  
0.429747  0.248166  1.48271  3.11356  3.28912  3.17275  1.79769e+308  1.79769e+308  1.79769e+308  0.429747  0.248166  1.48271  
0.411879  0.690035  1.61347  3.11356  3.28912  3.17275  1.79769e+308  1.79769e+308  1.79769e+308  0.411879  0.690035  1.61347  
0.882062  0.246439  1.73918  3.11356  3.28912  3.17275  1.79769e+308  1.79769e+308  1.79769e+308  0.882062  0.246439  1.73918  
0.0985413  0.158739  1.68505  3.11356  3.28912  3.17275  1.79769e+308  1.79769e+308  1.79769e+308  0.0985413  0.158739  1.68505  
0.861302  1.47527  0.13558  3.11356  3.28912  3.17275  1.79769e+308  1.79769e+308  1.79769e+308  0.861302  1.47527  0.13558  
0.535301  1.54055  0.729354  3.11356  3.28912  3.17275  1.79769e+308  1.79769e+308  1.79769e+308  0.535301  1.54055  0.729354  
1.39262  0.15931  0.0281973  3.11356  3.28912  3.17275  1.79769e+308  1.79769e+308  1.79769e+308  1.39262  0.15931  0.0281973  
0.166653  1.67744  0.0668396  3.11356  3.28912  3.17275  1.79769e+308  1.79769e+308  1.79769e+308  0.166653  1.67744  0.0668396  
0.162318  1.57872  0.389986  3.11356  3.28912  3.17275  1.79769e+308  1.79769e+308  1.79769e+308  0.162318  1.57872  0.389986  
0.988124  0.412634  0.880882  3.11356  3.28912  3.17275  1.79769e+308  1.79769e+308  1.79769e+308  0.988124  0.412634  0.880882  
0.309569  2.28912  0.141153  3.11356  3.28912  3.17275  1.79769e+308  1.79769e+308  1.79769e+308  0.309569  2.28912  0.141153  
1.41994  1.01467  0.800996  3.11356  3.28912  3.17275  1.79769e+308  1.79769e+308  1.79769e+308  1.41994  1.01467  0.800996  
0.190546  1.72154  0.587219  3.11356  3.28912  3.17275  1.79769e+308  1.79769e+308  1.79769e+308  0.190546  1.72154  0.587219  
0.270373  0.433994  1.60248  3.11356  3.28912  3.17275  1.79769e+308  1.79769e+308  1.79769e+308  0.270373  0.433994  1.60248  
0.606344  1.60807  0.342522  3.11356  3.28912  3.17275  1.79769e+308  1.79769e+308  1.79769e+308  0.606344  1.60807  0.342522  
1.34683  0.470652  1.32671  3.11356  3.28912  3.17275  1.79769e+308  1.79769e+308  1.79769e+308  1.34683  0.470652  1.32671  
0.597822  0.454526  1.32335  3.11356  3.28912  3.17275  1.79769e+308  1.79769e+308  1.79769e+308  0.597822  0.454526  1.32335  
0.462576  1.22082  1.2558  3.11356  3.28912  3.17275  1.79769e+308  1.79769e+308  1.79769e+308  0.462576  1.22082  1.2558  
0.507737  1.66885  0.386454  3.11356  3.28912  3.17275  1.79769e+308  1.79769e+308  1.79769e+308  0.507737  1.66885  0.386454  
0.134195  0.684515  1.76246  3.11356  3.28912  3.17275  1.79769e+308  1.79769e+308  1.79769e+308  0.134195  0.684515  1.76246  
0.850426  0.510429  0.977833  3.11356  3.28912  3.17275  1.79769e+308  1.79769e+308  1.79769e+308  0.850426  0.510429  0.977833  
0.030087  0.536854  1.83439  3.11356  3.28912  3.17275  1.79769e+308  1.79769e+308  1.79769e+308  0.030087  0.536854  1.83439  
0.592637  1.38064  1.00632  3.11356  3.28912  3.17275  1.79769e+308  1.79769e+308  1.79769e+308  0.592637  1.38064  1.00632  
0.360489  0.345279  1.7858  3.11356  3.28912  3.17275  1.79769e+308  1.79769e+308  1.79769e+308  0.360489  0.345279  1.7858  
0.0991766  0.824187  1.51169  3.11356  3.28912  3.17275  1.79769e+308  1.79769e+308  1.79769e+308  0.0991766  0.824187  1.51169  
0.520209  1.04167  1.40154  3.11356  3.28912  3.17275  1.79769e+308  1.79769e+308  1.79769e+308  0.520209  1.04167  1.40154  
0.597422  0.577268  1.89214  3.11356  3.28912  3.17275  1.79769e+308  1.79769e+308  1.79769e+308  0.597422  0.577268  1.89214  
0.49191  0.509554  1.2597  3.11356  3.28912  3.17275  1.79769e+308  1.79769e+308  1.79769e+308  0.49191  0.509554  1.2597  
1.0336  0.0588045  1.31234  3.11356  3.28912  3.17275  1.79769e+308  1.79769e+308  1.79769e+308  1.0336  0.0588045  1.31234  
1.30491  0.849199  1.47583  3.11356  3.28912  3.17275  1.79769e+308  1.79769e+308  1.79769e+308  1.30491  0.849199  1.47583  
0.652789  0.669208  1.52998  3.11356  3.28912  3.17275  1.79769e+308  1.79769e+308  1.79769e+308  0.652789  0.669208  1.52998  
0.931581  0.064627  1.49094  3.11356  3.28912  3.17275  1.79769e+308  1.79769e+308  1.79769e+308  0.931581  0.064627  1.49094  
0.289904  0.449519  2.05918  3.11356  3.28912  3.17275  1.79769e+308  1.79769e+308  1.79769e+308  0.289904  0.449519  2.05918  
0.435572  0.620119  1.76637  3.11356  3.28912  3.17275  1.79769e+308  1.79769e+308  1.79769e+308  0.435572  0.620119  1.76637  
0.117575  1.25504  1.62321  3.11356  3.28912  3.17275  1.79769e+308  1.79769e+308  1.79769e+308  0.117575  1.25504  1.62321  
0.450045  2.1737  0.749562  3.11356  3.28912  3.17275  1.79769e+308  1.79769e+308  1.79769e+308  0.450045  2.1737  0.749562  
0.272163  0.721128  1.11156  3.11356  3.28912  3.17275  1.79769e+308  1.79769e+308  1.79769e+308  0.272163  0.721128  1.11156  
0.503546  0.735523  0.967043  3.11356  3.28912  3.17275  1.79769e+308  1.79769e+308  1.79769e+308  0.503546  0.735523  0.967043  
0.430654  1.57746  1.1931  3.11356  3.28912  3.17275  1.79769e+308  1.79769e+308  1.79769e+308  0.430654  1.57746  1.1931  
0.806548  0.665502  1.75297  3.11356  3.28912  3.17275  1.79769e+308  1.79769e+308  1.79769e+308  0.806548  0.665502  1.75297  
1.23278  0.699951  1.56553  3.11356  3.28912  3.17275  1.79769e+308  1.79769e+308  1.79769e+308  1.23278  0.699951  1.56553  
0.307036  1.5381  0.115608  3.11356  3.28912  3.17275  1.79769e+308  1.79769e+308  1.79769e+308  0.307036  1.5381  0.115608  
1.38278  0.985497  0.582893  3.11356  3.28912  3.17275  1.79769e+308  1.79769e+308  1.79769e+308  1.38278  0.985497  0.582893  
0.07125  0.890615  2.17275  3.11356  3.28912  3.17275  1.79769e+308  1.79769e+308  1.79769e+308  0.07125  0.890615  2.17275  
0.259394  0.137284  1.73499  3.11356  3.28912  3.17275  1.79769e+308  1.79769e+308  1.79769e+308  0.259394  0.137284  1.73499  
1.20059  0.32671  1.75237  3.11356  3.28912  3.17275  1.79769e+308  1.79769e+308  1.79769e+308  1.20059  0.32671  1.75237  
0.647156  0.433135  1.97154  3.11356  3.28912  3.17275  1.79769e+308  1.79769e+308  1.79769e+308  0.647156  0.433135  1.97154  
1.00891  1.43609  0.509003  3.11356  3.28912  3.17275  1.79769e+308  1.79769e+308  1.79769e+308  1.00891  1.43609  0.509003  
0.255107  1.44752  0.862757  3.11356  3.28912  3.17275  1.79769e+308  1.79769e+308  1.79769e+308  0.255107  1.44752  0.862757  
1.41227  0.968552  0.227721  3.11356  3.28912  3.17275  1.79769e+308  1.79769e+308  1.79769e+308  1.41227  0.968552  0.227721  
1.22193  0.870193  0.209134  3.11356  3.28912  3.17275  1.79769e+308  1.79769e+308  1.79769e+308  1.22193  0.870193  0.209134  
0.986386  1.68951  0.345159  3.11356  3.28912  3.17275  1.79769e+308  1.79769e+308  1.79769e+308  0.986386  1.68951  0.345159  
0.742339  0.334021  1.83592  3.11356  3.28912  3.17275  1.79769e+308  1.79769e+308  1.79769e+308  0.742339  0.334021  1.83592  
1.73538  0.593013  1.08976  3.11356  3.28912  3.17275  1.79769e+308  1.79769e+308  1.79769e+308  1.73538  0.593013  1.08976  
0.694614  1.19173  0.732882  3.11356  3.28912  3.17275  1.79769e+308  1.79769e+308  1.79769e+308  0.694614  1.19173  0.732882  
0.446064  0.539837  1.2162  3.11356  3.28912  3.17275  1.79769e+308  1.79769e+308  1.79769e+308  0.446064  0.539837  1.2162  
1.24211  0.823471  0.104409  3.11356  3.28912  3.17275  1.79769e+308  1.79769e+308  1.79769e+308  1.24211  0.823471  0.104409  
0.262142  0.23738  1.84401  3.11356  3.28912  3.17275  1.79769e+308  1.79769e+308  1.79769e+308  0.262142  0.23738  1.84401  
1.10685  0.351105  1.4957  3.11356  3.28912  3.17275  1.79769e+308  1.79769e+308  1.79769e+308  1.10685  0.351105  1.4957  
0.942527  0.334224  4.51715e-17  3.04284  2.71352  3.18428  2.08201  2  2  2.02281  0.281766  0.018573  
0.900884  0.316085  0.308891  3.04284  2.71352  3.18428  2.08201  2  2  0.547527  0.427289  1.25518  
0.405374  0.842733  0.354231  3.04284  2.71352  3.18428  2.08201  2  2  1.06307  0.977916  0.0454921  
0.709974  0.435549  0.562755  3.04284  2.71352  3.18428  2.08201  2  2  0.00126545  0.856126  1.38383  
0.849367  0.372657  0.456845  3.04284  2.71352  3.18428  2.08201  2  2  6.67899e-07  1.68283e-07  1.51845  
0.92446  0.375535  0.0662145  3.04284  2.71352  3.18428  2.08201  2  2  0.684949  0.657271  1.16539  
0.27129  2.36556e-17  0.962754  3.04284  2.71352  3.18428  2.08201  2  2  0.153423  0.0513663  1.99268  
0.225363  0.926379  0.313374  3.04284  2.71352  3.18428  2.08201  2  2  0.328219  0.0653529  1.75289  
0.123528  0.375291  0.91864  3.04284  2.71352  3.18428  2.08201  2  2  0.0398346  0.00663742  1.49796  
0.961397  0.276053  0.0138894  3.04284  2.71352  3.18428  2.08201  2  2  0.00163503  0.020901  2.18428  
0.654905  0.756341  5.15796e-15  3.04284  2.71352  3.18428  2.08201  2  2  0.686936  0.688261  1.16897  
0.869935  0.272464  0.413776  3.04284  2.71352  3.18428  2.08201  2  2  0.00749195  0.207532  1.49584  
0.984524  0.176342  4.90476e-17  3.04284  2.71352  3.18428  2.08201  2  2  0.332769  0.0662588  1.77718  
0.972045  8.47591e-17  0.238808  3.04284  2.71352  3.18428  2.08201  2  2  2.1103e-07  2.26132e-06  1.30134  
0.0495237  0.805173  0.604235  3.04284  2.71352  3.18428  2.08201  2  2  2.41998e-10  5.95568e-10  1.70761  
0.766987  0.455306  0.539789  3.04284  2.71352  3.18428  2.08201  2  2  1.31834  0.722985  0.596518  
0.777981  0.56933  0.387018  3.04284  2.71352  3.18428  2.08201  2  2  1.27992  0.76915  0.0478475  
9.85635e-08  0.342534  0.94517  3.04284  2.71352  3.18428  2.08201  2  2  8.99381e-06  4.42973e-06  1.63735  
5.08651e-17  0.83069  0.559489  3.04284  2.71352  3.18428  2.08201  2  2  0.308095  0.845968  1.17783  
0.59806  0.646192  0.475264  3.04284  2.71352  3.18428  2.08201  2  2  4.32767e-08  0.000107584  1.69355  
0.889625  0.47043  4.55038e-17  3.04284  2.71352  3.18428  2.08201  2  2  0.281448  1.38586  0.37293  
0.321998  0.658968  0.682709  3.04284  2.71352  3.18428  2.08201  2  2  0.298647  1.25193  0.968435  
0.871206  0.502192  4.52002e-17  3.04284  2.71352  3.18428  2.08201  2  2  1.45128  0.160899  1.31223  
0.302537  0.619141  0.736321  3.04284  2.71352  3.18428  2.08201  2  2  0.0130368  0.0139239  1.78269  
0.393492  0.0205014  0.919126  3.04284  2.71352  3.18428  2.08201  2  2  0.000288932  0.217465  1.81957  
1.4494e-06  0.98184  0.194182  3.04284  2.71352  3.18428  2.08201  2  2  0.154747  0.223712  1.50721  
0.377487  0.878511  0.302499  3.04284  2.71352  3.18428  2.08201  2  2  1.54738  0.655758  0.000548981  
0.703907  0.713471  4.50508e-17  3.04284  2.71352  3.18428  2.08201  2  2  0.714305  1.08397  0.502307  
0.73679  0.676989  4.52433e-17  3.04284  2.71352  3.18428  2.08201  2  2  2.04284  0.271806  0.159944  
0.364237  0.711061  0.62676  3.04284  2.71352  3.18428  2.08201  2  2  5.26538e-17  3.12569e-17  1  
0.61809  0.548789  0.602334  3.04284  2.71352  3.18428  2.08201  2  2  6.12323e-17  1  4.52168e-17  
2.65795e-13  0.443629  0.900494  3.04284  2.71352  3.18428  2.08201  2  2  0.000378688  0.00484085  2.09928  
0.808254  0.59005  0.00617149  3.04284  2.71352  3.18428  2.08201  2  2  2.70833e-09  7.19959e-06  1.68821  
0.820923  0.47925  0.355224  3.04284  2.71352  3.18428  2.08201  2  2  1.15264  0.480277  1.25831  
0.452087  0.0130194  0.895231  3.04284  2.71352  3.18428  2.08201  2  2  0.07183  1.45688  0.714621  
0.734714  0.177938  0.659976  3.04284  2.71352  3.18428  2.08201  2  2  0.00133816  1.68323  0.396257  
0.712709  6.21459e-17  0.705546  3.04284  2.71352  3.18428  2.08201  2  2  0.000137986  1.46648e-05  1.60603  
0.517356  0.612121  0.671757  3.04284  2.71352  3.18428  2.08201  2  2  1.19303  0.0605587  1.13641  
0.185958  0.829133  0.530433  3.04284  2.71352  3.18428  2.08201  2  2  0.00887131  1.23602  1.24916  
0.56055  0.643915  0.539608  3.04284  2.71352  3.18428  2.08201  2  2  0.179509  1.37417  0.341088  
0.424219  0.251829  0.871492  3.04284  2.71352  3.18428  2.08201  2  2  1.61865  0.589003  0.0295812  
0.5709  0.507473  0.663617  3.04284  2.71352  3.18428  2.08201  2  2  0.346399  1.71352  0.219917  
0.84191  0.539627  6.88094e-14  3.04284  2.71352  3.18428  2.08201  2  2  0.118206  0.00486708  1.4371  
5.61679e-17  0.917291  0.399756  3.04284  2.71352  3.18428  2.08201  2  2  0.00773249  1.07735  1.0888  
0.485056  0.181895  0.856593  3.04284  2.71352  3.18428  2.08201  2  2  8.84575e-17  1.44462  6.53212e-17  
9.14313e-18  0.149319  0.988803  3.04284  2.71352  3.18428  2.08201  2  2  0.799635  1.28417  0.46979  
0.0853976  0.595242  0.804503  3.04284  2.71352  3.18428  2.08201  2  2  0.0697502  0.12493  1.48307  
5.33756e-17  0.87169  0.497559  3.04284  2.71352  3.18428  2.08201  2  2  1.19019e-07  5.77955e-06  1.35552  
0.777865  0.632225  2.65616e-11  3.04284  2.71352  3.18428  2.08201  2  2  1.36192  0.0279437  0.359231  
0.812707  0.00645151  0.583069  3.04284  2.71352  3.18428  2.08201  2  2  0.100518  0.067709  1.86407  
0.379101  0.443592  0.81229  3.04284  2.71352  3.18428  2.08201  2  2  0.00507593  0.0126944  1.73204  
0.95395  8.31813e-17  0.326039  3.04284  2.71352  3.18428  2.08201  2  2  1.56363  0.586921  0.00322918  
5.43193e-17  0.887102  0.466625  3.04284  2.71352  3.18428  2.08201  2  2  1.78904  0.851557  0.0152267  
0.000640794  0.962003  0.274563  3.04284  2.71352  3.18428  2.08201  2  2  8.18999e-09  1.1254e-05  1.83799  
0.604206  0.432828  0.680551  3.04284  2.71352  3.18428  2.08201  2  2  4.53717e-05  0.0104824  1.45068  
0.386809  0.494309  0.779041  3.04284  2.71352  3.18428  2.08201  2  2  0.0630605  0.593687  1.53799  
0.608899  0.140038  0.790349  3.04284  2.71352  3.18428  2.08201  2  2  0.0164701  0.585373  0.882948  
0.619026  0.78816  0.0270926  3.04284  2.71352  3.18428  2.08201  2  2  0.667739  0.669028  1.16041  
0.908721  0.427862  3.35981e-09  3.04284  2.71352  3.18428  2.08201  2  2  0.000163161  0.3252  1.54148  
0.321281  2.80147e-17  0.947244  3.04284  2.71352  3.18428  2.08201  2  2  1.72002  0.030921  0.0038819  
0.424795  0.761138  0.504798  3.04284  2.71352  3.18428  2.08201  2  2  0.00345356  0.874328  1.16429  
0.507248  0.31507  0.805625  3.04284  2.71352  3.18428  2.08201  2  2  0.00735495  0.00502758  1.74985  
0.784285  6.8387e-17  0.641827  3.04284  2.71352  3.18428  2.08201  2  2  1.48079  0.805274  0.0222857  
0.222834  0.974998  0.00508933  3.04284  2.71352  3.18428  2.08201  2  2  1.08201  0.567208  0.462209  
0.391  0.817847  0.422207  3.04284  2.71352  3.18428  2.08201  2  2  1.31108  0.681788  0.114121  
0.929989  8.1092e-17  0.36768  3.04284  2.71352  3.18428  2.08201  2  2  1.7652  0.580187  0.216047  
0.543881  0.721714  0.430435  3.04284  2.71352  3.18428  2.08201  2  2  1.40101  0.616986  0.103476  
0.290434  0.760924  0.586907  3.04284  2.71352  3.18428  2.08201  2  2  1.87093  0.396115  0.00718022  
0.39319  0.919461  0  3.04284  2.71352  3.18428  2.08201  2  2  0.749595  0.0134756  1.14854  
0.0687791  0.934663  0.348821  3.04284  2.71352  3.18428  2.08201  2  2  0.0176301  0.00283443  1.43094  
0.572864  4.99518e-17  0.820624  3.04284  2.71352  3.18428  2.08201  2  2  0.782865  0.516456  1.45351  
3.32013e-17  0.542218  0.840263  3.04284  2.71352  3.18428  2.08201  2  2  0.150853  0.0549063  1.91569  
0.685693  0.641479  0.400733  3.04284  2.71352  3.18428  2.08201  2  2  1.86647  0.49619  0.224557  
0.249937  0.524516  0.828907  3.04284  2.71352  3.18428  2.08201  2  2  0.00801081  0.969594  1.10714  
0.545341  0.838401  4.4948e-17  3.04284  2.71352  3.18428  2.08201  2  2  1.86002  0.233299  0.14549  
0.00379884  0.229664  0.974844  3.04284  2.71352  3.18428  2.08201  2  2  1.18087  1.08629  0.662253  
0.213599  1.86252e-17  0.977071  3.04284  2.71352  3.18428  2.08201  2  2  1.06771  0.710348  0.934549  
0.413092  0.516523  0.750571  3.04284  2.71352  3.18428  2.08201  2  2  0.902722  0.935952  0.0236927  
4.73363e-17  0.77306  0.649838  3.04284  2.71352  3.18428  2.08201  2  2  0.000286824  0.199543  1.66961  
0.568699  0.801098  0.193099  3.04284  2.71352  3.18428  2.08201  2  2  1.52726  0.254722  0.078802  
0.75592  0.621212  0.290204  3.04284  2.71352  3.18428  2.08201  2  2  1.38519  0.00231153  5.91347e-05  
0.533772  1.3963e-16  0.848023  3.04284  2.71352  3.18428  2.08201  2  2  0.20379  0.122464  1.4366  
0.355111  0.935853  4.49925e-17  3.04284  2.71352  3.18428  2.08201  2  2  0.719956  0.0255676  1.09655  
0.62405  0.349439  0.703271  3.04284  2.71352  3.18428  2.08201  2  2  1.36966  0.270251  0.980682  
0.449871  0.893074  0.00614153  3.04284  2.71352  3.18428  2.08201  2  2  0.60718  0.473842  1.39193  
0.667979  0.00321282  0.744218  3.04284  2.71352  3.18428  2.08201  2  2  0.887567  0.982991  0.444811  
6.12323e-17  1  4.52168e-17  3.04284  2.71352  3.18428  2.08201  2  2  1.74899  0.0645617  0.879332  
0.87554  7.63442e-17  0.487267  3.04284  2.71352  3.18428  2.08201  2  2  0.00280818  0.0131501  1.81859  
3.88157e-17  0.633908  0.781296  3.04284  2.71352  3.18428  2.08201  2  2  0.00876918  0.0295915  1.6146  
0.826564  0.490673  0.275742  3.04284  2.71352  3.18428  2.08201  2  2  0.554468  0.574879  1.55224  
0.132098  0.268062  0.954315  3.04284  2.71352  3.18428  2.08201  2  2  0.751848  0.0231643  0.858884  
0.000184934  0.492307  0.874002  3.04284  2.71352  3.18428  2.08201  2  2  1  8.71967e-17  4.49492e-17  
0.359467  1.4125e-05  0.933956  3.04284  2.71352  3.18428  2.08201  2  2  1.30748  0.71703  0.557556  
0.661131  0.73835  0.158916  3.04284  2.71352  3.18428  2.08201  2  2  1.86136e-05  1.5093  4.44562e-05  
0.10774  0.679357  0.73196  3.04284  2.71352  3.18428  2.08201  2  2  0.0098548  0.573993  1.55118  
0.656905  0.485827  0.588057  3.04284  2.71352  3.18428  2.08201  2  2  0.732048  1.11689  0.0429442  
0.298571  0.959349  4.91385e-17  3.04284  2.71352  3.18428  2.08201  2  2  0.507671  1.21295  0.402856  
7.3591e-14  0.745988  0.668183  3.04284  2.71352  3.18428  2.08201  2  2  1.47853  0.538014  0.0234832  
1  8.71967e-17  4.49492e-17  3.04284  2.71352  3.18428  2.08201  2  2  1.16129  0.128749  1.05003  
3.75911e-18  6.11169e-17  1  3.04284  2.71352  3.18428  2.08201  2  2  0.916701  1.36802  0.0532656  
0.942527  0.334224  4.51715e-17  2.6574  2.57009  2.53918  2  2.23883  2  0.000152766  0.00209336  1.22426  
0.900884  0.316085  0.308891  2.6574  2.57009  2.53918  2  2.23883  2  2.53796e-13  1.94429e-06  1.43253  
0.405374  0.842733  0.354231  2.6574  2.57009  2.53918  2  2.23883  2  0.356998  1.28077  0.0740814  
0.709974  0.435549  0.562755  2.6574  2.57009  2.53918  2  2.23883  2  0.00759104  0.00964694  1.17114  
0.485696  0.672473  0.560995  2.6574  2.57009  2.53918  2  2.23883  2  0.699962  0.729207  0.0427794  
0.693702  0.680149  0.237261  2.6574  2.57009  2.53918  2  2.23883  2  1.03321e-10  1.34409  0.0421061  
0.667683  0.540219  0.523323  2.6574  2.57009  2.53918  2  2.23883  2  0.637904  0.000204311  0.771843  
0.839277  7.31822e-17  0.54547  2.6574  2.57009  2.53918  2  2.23883  2  8.48818e-05  0.735816  0.679999  
0.65101  0.608584  0.454688  2.6574  2.57009  2.53918  2  2.23883  2  1.32683  0.0942527  0.00244885  
0.961397  0.276053  0.0138894  2.6574  2.57009  2.53918  2  2.23883  2  7.80559e-07  2.75833e-06  1.53918  
0.654905  0.756341  5.15796e-15  2.6574  2.57009  2.53918  2  2.23883  2  0.0424688  0.921253  0.833571  
0.869935  0.272464  0.413776  2.6574  2.57009  2.53918  2  2.23883  2  2.42507e-07  2.40523e-06  1.39494  
0.980445  0.196795  4.52627e-17  2.6574  2.57009  2.53918  2  2.23883  2  0.935243  1.11498  0.0810845  
0.972045  8.47591e-17  0.238808  2.6574  2.57009  2.53918  2  2.23883  2  0.112198  1.12266  0.717613  
0.000424666  0.786259  0.625695  2.6574  2.57009  2.53918  2  2.23883  2  0.135415  1.45408  1.85649e-05  
0.303615  0.890673  0.354912  2.6574  2.57009  2.53918  2  2.23883  2  0.854383  6.92279e-05  0.995218  
0.534822  0.528961  0.666363  2.6574  2.57009  2.53918  2  2.23883  2  0.0217134  1.00953  0.716876  
2.22511e-17  0.363388  0.931808  2.6574  2.57009  2.53918  2  2.23883  2  0.981615  0.927339  0.148182  
5.08651e-17  0.83069  0.559489  2.6574  2.57009  2.53918  2  2.23883  2  0.514215  0.765971  0.888254  
0.589762  0.645114  0.494166  2.6574  2.57009  2.53918  2  2.23883  2  0.962759  3.67619e-06  0.930654  
0.889111  0.464345  0.00577872  2.6574  2.57009  2.53918  2  2.23883  2  1.3658  1.19093e-16  0.279532  
0.321998  0.658968  0.682709  2.6574  2.57009  2.53918  2  2.23883  2  1.19865  0.253772  0.379964  
0.630335  0.68767  0.360261  2.6574  2.57009  2.53918  2  2.23883  2  0.288924  0.615135  0.876489  
0.452471  0.542627  0.712892  2.6574  2.57009  2.53918  2  2.23883  2  1.12474e-09  4.18256e-10  1.00099  
0.39966  3.4849e-17  0.919448  2.6574  2.57009  2.53918  2  2.23883  2  1.3163  0.0787737  1.67632e-05  
1.4494e-06  0.98184  0.194182  2.6574  2.57009  2.53918  2  2.23883  2  0.293855  0.578651  1.04861  
0.377487  0.878511  0.302499  2.6574  2.57009  2.53918  2  2.23883  2  6.99913e-14  2.39879e-07  1.39965  
0.703907  0.713471  4.50508e-17  2.6574  2.57009  2.53918  2  2.23883  2  0.309514  1.20061  0.0148804  
0.73679  0.676989  4.52433e-17  2.6574  2.57009  2.53918  2  2.23883  2  0.573035  1.25494  0.058457  
0.307814  0.722241  0.626574  2.6574  2.57009  2.53918  2  2.23883  2  1.35335  0.301854  2.34589e-09  
0.711715  0.36943  0.598236  2.6574  2.57009  2.53918  2  2.23883  2  6.12323e-17  1  4.52168e-17  
2.70425e-17  0.441638  0.897475  2.6574  2.57009  2.53918  2  2.23883  2  1.6574  0.0659238  0.0774767  
0.808326  0.589034  4.52248e-17  2.6574  2.57009  2.53918  2  2.23883  2  6.05952e-14  2.26724e-07  1.3229  
4.28239e-17  0.699367  0.715178  2.6574  2.57009  2.53918  2  2.23883  2  1.34567  0.325655  3.16891e-08  
0.464946  0.00210126  0.885337  2.6574  2.57009  2.53918  2  2.23883  2  1.52312  0.0105328  0.00328496  
0.732746  6.3893e-17  0.681508  2.6574  2.57009  2.53918  2  2.23883  2  1.317  0.76005  0.000144527  
0.712709  6.21459e-17  0.705546  2.6574  2.57009  2.53918  2  2.23883  2  0.494297  1.05642  0.449461  
0.534512  0.779598  0.342461  2.6574  2.57009  2.53918  2  2.23883  2  0.0612075  1.22183  0.0838275  
0.185958  0.829133  0.530433  2.6574  2.57009  2.53918  2  2.23883  2  1.13424  0.416434  0.619121  
0.539394  0.611126  0.584454  2.6574  2.57009  2.53918  2  2.23883  2  0.153695  1.0556  0.945758  
0.424219  0.251829  0.871492  2.6574  2.57009  2.53918  2  2.23883  2  0.133329  1.17105  0.723345  
0.338476  0.19945  0.921101  2.6574  2.57009  2.53918  2  2.23883  2  0.780457  0.000249968  0.944327  
0.84191  0.539627  6.88094e-14  2.6574  2.57009  2.53918  2  2.23883  2  3.29835e-10  1.57009  3.67129e-08  
5.61679e-17  0.917291  0.399756  2.6574  2.57009  2.53918  2  2.23883  2  0.0298677  2.60436e-18  1.35533  
0.798961  0.408193  0.462084  2.6574  2.57009  2.53918  2  2.23883  2  0.817794  0.834119  0.640873  
9.7716e-18  0.159582  0.987185  2.6574  2.57009  2.53918  2  2.23883  2  8.95425e-08  1.45801  0.000926892  
0.0019948  0.594872  0.804665  2.6574  2.57009  2.53918  2  2.23883  2  0.21928  1.15724  0.207662  
5.33756e-17  0.87169  0.497559  2.6574  2.57009  2.53918  2  2.23883  2  1.28138  0.6562  0.00268535  
0.777369  0.630447  4.49889e-17  2.6574  2.57009  2.53918  2  2.23883  2  0.27893  2.43218e-17  1.16531  
0.812707  0.00645151  0.583069  2.6574  2.57009  2.53918  2  2.23883  2  0.84467  6.84409e-05  0.926519  
0.374055  0.432621  0.820321  2.6574  2.57009  2.53918  2  2.23883  2  9.62504e-05  1.27767  0.000511809  
0.956538  0.110837  0.279822  2.6574  2.57009  2.53918  2  2.23883  2  0.00911788  1.52888  0.00285187  
5.46939e-17  0.893219  0.45072  2.6574  2.57009  2.53918  2  2.23883  2  0.884469  1.0486  0.0476851  
0.000640794  0.962003  0.274563  2.6574  2.57009  2.53918  2  2.23883  2  1.34718  0.0956976  0.0130581  
0.675205  0.315126  0.667599  2.6574  2.57009  2.53918  2  2.23883  2  1.25052  0.292023  0.00289324  
0.506565  0.473552  0.732003  2.6574  2.57009  2.53918  2  2.23883  2  1.53434  0.0107993  0.00327715  
0.600308  5.23449e-17  0.802496  2.6574  2.57009  2.53918  2  2.23883  2  0.877571  0.0646701  1.12711  
0.606068  0.795872  4.49656e-17  2.6574  2.57009  2.53918  2  2.23883  2  1.22138  0.460146  0.25539  
0.908721  0.427862  3.35981e-09  2.6574  2.57009  2.53918  2  2.23883  2  0.0306183  2.66981e-18  1.38939  
0.321281  2.80147e-17  0.947244  2.6574  2.57009  2.53918  2  2.23883  2  0.00720206  1.13834  0.614423  
0.369839  0.768926  0.52509  2.6574  2.57009  2.53918  2  2.23883  2  7.65195e-08  1.24596  0.00948475  
0.507248  0.31507  0.805625  2.6574  2.57009  2.53918  2  2.23883  2  1.18501  0.386676  0.563236  
0.775455  6.76171e-17  0.638291  2.6574  2.57009  2.53918  2  2.23883  2  2.11116e-13  1.61733e-06  1.04135  
0.200765  0.97964  4.52168e-17  2.6574  2.57009  2.53918  2  2.23883  2  0.973295  0.927227  0.0718086  
0.391  0.817847  0.422207  2.6574  2.57009  2.53918  2  2.23883  2  1.23202  1.12262  0.00311164  
0.929989  8.1092e-17  0.36768  2.6574  2.57009  2.53918  2  2.23883  2  0.616238  0.0104299  1.13153  
0.543881  0.721714  0.430435  2.6574  2.57009  2.53918  2  2.23883  2  0.203889  1.40034  0.000431469  
0.290434  0.760924  0.586907  2.6574  2.57009  2.53918  2  2.23883  2  0.257385  0.545235  0.984271  
0.410296  0.912399  4.49675e-17  2.6574  2.57009  2.53918  2  2.23883  2  0.986394  0.396895  0.60889  
5.77236e-17  0.942698  0.333646  2.6574  2.57009  2.53918  2  2.23883  2  1.10947  0.732057  0.626067  
0.572864  4.99518e-17  0.820624  2.6574  2.57009  2.53918  2  2.23883  2  1.05493  0.494251  5.26762e-17  
0.00612388  0.559313  0.828953  2.6574  2.57009  2.53918  2  2.23883  2  0.665326  0.557057  0.585074  
0.861077  0.508549  4.50247e-17  2.6574  2.57009  2.53918  2  2.23883  2  1.02242  0.0153274  0.828099  
0.502627  0.864516  4.52173e-17  2.6574  2.57009  2.53918  2  2.23883  2  0.0523585  1.10013  0.603433  
0.545341  0.838401  4.4948e-17  2.6574  2.57009  2.53918  2  2.23883  2  0.396354  0.092557  1.11071  
0.864332  0.000603754  0.506817  2.6574  2.57009  2.53918  2  2.23883  2  2.09068e-10  0.99521  1.18901  
0.213599  1.86252e-17  0.977071  2.6574  2.57009  2.53918  2  2.23883  2  8.02084e-11  0.867396  1.10313  
0.413092  0.516523  0.750571  2.6574  2.57009  2.53918  2  2.23883  2  0.774175  0.731481  0.56326  
0.637904  0.000204311  0.771843  2.6574  2.57009  2.53918  2  2.23883  2  0.232971  1.23883  0.0163372  
0.29875  0.384623  0.876577  2.6574  2.57009  2.53918  2  2.23883  2  1.09144  0.791575  0.0743242  
0.746629  0.548722  0.376097  2.6574  2.57009  2.53918  2  2.23883  2  5.69324e-10  0.214676  1.16752  
0.533772  1.3963e-16  0.848023  2.6574  2.57009  2.53918  2  2.23883  2  1.98396e-10  1.36984  3.20304e-08  
0.355111  0.935853  4.49925e-17  2.6574  2.57009  2.53918  2  2.23883  2  1.72637e-06  1.46883e-06  1.21704  
0.62405  0.349439  0.703271  2.6574  2.57009  2.53918  2  2.23883  2  0.0332295  1.39654  0.00133977  
0.449871  0.893074  0.00614153  2.6574  2.57009  2.53918  2  2.23883  2  0.0312579  0.221707  1.33829  
0.667979  0.00321282  0.744218  2.6574  2.57009  2.53918  2  2.23883  2  0.254707  0.954697  0.865815  
6.12323e-17  1  4.52168e-17  2.6574  2.57009  2.53918  2  2.23883  2  0.942405  0.667922  0.55974  
0.884573  7.71319e-17  0.469189  2.6574  2.57009  2.53918  2  2.23883  2  1.15697  0.839102  0.0787868  
0.235409  0.59571  0.76801  2.6574  2.57009  2.53918  2  2.23883  2  8.07416e-10  0.304454  1.40934  
0.820885  0.483713  0.317263  2.6574  2.57009  2.53918  2  2.23883  2  3.74828e-09  0.028715  1.36945  
1.75879e-17  0.287232  0.957861  2.6574  2.57009  2.53918  2  2.23883  2  0.00592793  0.862187  0.992906  
3.0924e-17  0.505027  0.863397  2.6574  2.57009  2.53918  2  2.23883  2  1  8.71967e-17  4.49492e-17  
0.581489  0.372177  0.73359  2.6574  2.57009  2.53918  2  2.23883  2  0.912666  0.608329  0.504051  
0.638029  0.730889  0.24233  2.6574  2.57009  2.53918  2  2.23883  2  1.49116  0.0903124  1.8991e-05  
4.02133e-17  0.656732  0.754293  2.6574  2.57009  2.53918  2  2.23883  2  0.80386  0.538112  0.800712  
0.639345  0.503753  0.600212  2.6574  2.57009  2.53918  2  2.23883  2  1.21865  0.0223452  0.0584595  
0.280941  0.959725  4.51191e-17  2.6574  2.57009  2.53918  2  2.23883  2  0.00200645  0.000146721  1.26283  
7.3591e-14  0.745988  0.668183  2.6574  2.57009  2.53918  2  2.23883  2  1.28163  0.000195829  0.167372  
1  8.71967e-17  4.49492e-17  2.6574  2.57009  2.53918  2  2.23883  2  0.225183  0.117108  1.17369  
6.10425e-17  4.81812e-18  1  2.6574  2.57009  2.53918  2  2.23883  2  1.11727  0.364571  0.6022  
0.953036  0.302858  4.53367e-17  2  2  2  2  2  2  0.625962  0.546203  0.556639  
0.899771  0.325079  0.291413  2  2  2  2  2  2  1.85209e-07  0.750139  0.661295  
0.445266  0.84697  0.291592  2  2  2  2  2  2  0.522299  0.590699  0.615056  
0.752193  0.439337  0.491171  2  2  2  2  2  2  0.306739  0.507779  0.805046  
0.480742  0.700717  0.5274  2  2  2  2  2  2  0.458317  0.888799  4.52015e-17  
0.424573  0.362462  0.829718  2  2  2  2  2  2  5.14449e-17  3.32088e-17  1  
0.720222  0.563085  0.405803  2  2  2  2  2  2  0.787714  0.55288  0.271729  
0.841631  5.57944e-06  0.540201  2  2  2  2  2  2  1.95432e-07  0.971779  0.235901  
0.630589  0.594505  0.499247  2  2  2  2  2  2  0.713962  0.622385  0.320822  
0.674099  0.491187  0.552363  2  2  2  2  2  2  0.3878  0.921749  1.99458e-06  
0.654341  0.756208  5.90519e-09  2  2  2  2  2  2  0.457896  0.777485  0.431116  
0.862703  0.299724  0.407471  2  2  2  2  2  2  0.3397  0.300726  0.891183  
0.979345  0.202196  4.53367e-17  2  2  2  2  2  2  0.638667  1.31257e-08  0.76949  
0.974328  8.49582e-17  0.225199  2  2  2  2  2  2  7.07342e-07  0.911101  0.412242  
7.14604e-05  0.777691  0.628685  2  2  2  2  2  2  0.62645  0.669608  0.399004  
0.304686  0.832044  0.463751  2  2  2  2  2  2  0.933474  4.59801e-05  0.35871  
0.631779  0.423886  0.649032  2  2  2  2  2  2  0.870679  0.000124048  0.49186  
2.25278e-17  0.367906  0.92988  2  2  2  2  2  2  0.407329  0.73971  0.535659  
4.96801e-17  0.811337  0.584654  2  2  2  2  2  2  0.750935  0.359032  0.554461  
0.583285  0.685605  0.435712  2  2  2  2  2  2  0.812841  0.290169  0.505107  
0.897265  0.44152  4.53372e-17  2  2  2  2  2  2  8.18759e-09  0.706599  0.70762  
0.331742  0.640973  0.692182  2  2  2  2  2  2  0.790407  0.421346  0.444667  
0.679065  0.649984  0.341807  2  2  2  2  2  2  0.261228  0.885277  0.3848  
0.406981  0.671221  0.61957  2  2  2  2  2  2  0.668145  0.434317  0.604138  
0.388166  3.38468e-17  0.921594  2  2  2  2  2  2  0.727394  6.9182e-10  0.686226  
3.37332e-06  0.983143  0.182874  2  2  2  2  2  2  0.319776  0.701499  0.636913  
0.321072  0.889442  0.325528  2  2  2  2  2  2  0.833214  0.455333  0.313801  
0.700319  0.71385  0.000654136  2  2  2  2  2  2  2.9854e-17  0.487553  0.873136  
0.738539  0.674211  4.52168e-17  2  2  2  2  2  2  1.61537e-09  0.943509  0.331397  
0.301235  0.732879  0.610282  2  2  2  2  2  2  0.753787  0.522103  0.399209  
0.722207  0.345297  0.599749  2  2  2  2  2  2  6.12323e-17  1  4.52168e-17  
2.73507e-05  0.439766  0.898123  2  2  2  2  2  2  0.301956  0.953336  1.34831e-08  
0.804255  0.594343  4.49508e-17  2  2  2  2  2  2  2.2743e-17  0.371422  0.928479  
7.11966e-13  0.701579  0.712607  2  2  2  2  2  2  0.268746  0.43814  0.857836  
0.453644  3.95563e-17  0.891187  2  2  2  2  2  2  0.716928  0.477768  0.507704  
0.743644  1.09474e-12  0.668733  2  2  2  2  2  2  0.688865  2.19389e-10  0.724909  
0.704757  6.14525e-17  0.709465  2  2  2  2  2  2  0.368902  0.552549  0.747754  
0.533183  0.780226  0.327708  2  2  2  2  2  2  0.882937  0.469503  4.52171e-17  
5.15234e-17  0.841442  0.540404  2  2  2  2  2  2  0.39784  0.390258  0.830321  
0.530013  0.624724  0.573516  2  2  2  2  2  2  0.710733  0.304334  0.634332  
0.403048  0.281217  0.870954  2  2  2  2  2  2  0.227262  1.98165e-17  0.973841  
0.29595  0.275829  0.914525  2  2  2  2  2  2  0.468059  0.670689  0.575422  
0.835731  0.549223  3.81648e-05  2  2  2  2  2  2  3.34029e-17  0.54551  0.838115  
7.80632e-08  0.918775  0.394833  2  2  2  2  2  2  0.983223  8.57338e-17  0.182474  
0.790849  0.315503  0.524599  2  2  2  2  2  2  0.920582  0.280128  0.272168  
1.05064e-05  0.188403  0.982093  2  2  2  2  2  2  0.521483  0.853273  4.52015e-17  
3.74782e-17  0.612066  0.790812  2  2  2  2  2  2  0.263784  0.768685  0.58272  
5.32834e-17  0.870185  0.492741  2  2  2  2  2  2  0.814521  0.58014  4.53368e-17  
0.771929  0.635709  4.52168e-17  2  2  2  2  2  2  0.772075  0.635536  4.5217e-17  
0.810757  4.96023e-07  0.585394  2  2  2  2  2  2  0.658691  0.702617  0.269281  
0.322621  0.478921  0.816538  2  2  2  2  2  2  0.289471  0.621381  0.728194  
0.952372  8.30437e-17  0.305008  2  2  2  2  2  2  0.760797  1.93961e-07  0.649025  
5.49261e-17  0.897012  0.44204  2  2  2  2  2  2  0.544604  0.418163  0.727019  
5.89657e-17  0.962983  0.269563  2  2  2  2  2  2  0.637266  0.350217  0.686563  
0.67362  0.297266  0.676735  2  2  2  2  2  2  0.581226  0.631705  0.512963  
0.532913  0.471772  0.702455  2  2  2  2  2  2  0.321302  5.21208e-06  0.946992  
0.618079  4.64568e-06  0.786164  2  2  2  2  2  2  0.912234  0.409944  1.38115e-09  
0.603272  0.797657  4.52212e-17  2  2  2  2  2  2  0.385529  0.635842  0.66867  
0.925797  0.378179  4.53394e-17  2  2  2  2  2  2  0.579153  0.743883  0.333513  
0.317483  6.32376e-07  0.948266  2  2  2  2  2  2  0.526091  0.710465  0.467436  
0.36018  0.761563  0.538969  2  2  2  2  2  2  0.879395  0.353001  0.319534  
0.474757  0.428632  0.768713  2  2  2  2  2  2  5.15234e-17  0.841442  0.540404  
0.776431  3.1855e-10  0.630226  2  2  2  2  2  2  0.574912  0.818227  4.52016e-17  
0.21111  0.977466  4.53368e-17  2  2  2  2  2  2  0.731875  0.681442  2.25993e-08  
0.408987  0.81482  0.411165  2  2  2  2  2  2  0.836326  2.19278e-06  0.548306  
0.928611  4.57405e-05  0.371135  2  2  2  2  2  2  5.4807e-06  0.289786  0.957095  
0.476058  0.753039  0.454728  2  2  2  2  2  2  0.403775  3.52078e-17  0.914863  
0.464401  0.581243  0.668245  2  2  2  2  2  2  0.199185  0.979965  4.53368e-17  
0.400881  0.916139  5.14232e-05  2  2  2  2  2  2  0.62734  0.77875  4.60128e-09  
1.61168e-09  0.941353  0.337471  2  2  2  2  2  2  0.512486  0.804245  0.301093  
0.569257  8.37646e-10  0.822227  2  2  2  2  2  2  0.262987  0.245107  0.933158  
3.43633e-17  0.561195  0.827729  2  2  2  2  2  2  0.902349  2.6065e-08  0.431028  
0.868106  0.496409  4.52018e-17  2  2  2  2  2  2  0.579202  0.489689  0.65175  
0.50341  0.864059  4.52015e-17  2  2  2  2  2  2  0.853062  0.521875  4.52183e-17  
0.556425  0.831083  4.52081e-17  2  2  2  2  2  2  0.673454  0.584019  0.453193  
0.902349  2.6065e-08  0.431028  2  2  2  2  2  2  0.959682  5.38423e-08  0.28114  
0.227262  1.98165e-17  0.973841  2  2  2  2  2  2  3.66672e-17  0.598821  0.800888  
0.412808  0.535791  0.736689  2  2  2  2  2  2  0.304907  0.811306  0.498835  
0.809086  0.393222  0.436869  2  2  2  2  2  2  0.283115  0.918718  0.275391  
0.265092  0.397421  0.878564  2  2  2  2  2  2  0.854727  0.310898  0.415695  
0.78423  0.524215  0.332101  2  2  2  2  2  2  1.05064e-05  0.188403  0.982093  
0.516135  7.59478e-10  0.856532  2  2  2  2  2  2  0.476483  0.539223  0.694423  
0.348058  0.937503  1.80385e-06  2  2  2  2  2  2  0.470415  4.10186e-17  0.88245  
0.600271  0.32926  0.728898  2  2  2  2  2  2  0.534946  1.7037e-10  0.844903  
0.451296  0.892384  7.21506e-05  2  2  2  2  2  2  0.970815  0.239837  2.04923e-10  
0.662002  2.86366e-07  0.749543  2  2  2  2  2  2  2.61533e-17  0.427115  0.904199  
6.12323e-17  1  4.52168e-17  2  2  2  2  2  2  0.370039  0.836362  0.404494  
0.871551  0.000205391  0.490375  2  2  2  2  2  2  0.590591  6.55539e-09  0.807026  
0.281141  0.574555  0.768745  2  2  2  2  2  2  0.596416  0.280781  0.752021  
0.841773  0.442466  0.309335  2  2  2  2  2  2  0.450371  0.454549  0.7685  
5.4807e-06  0.289786  0.957095  2  2  2  2  2  2  0.680255  0.732998  4.52176e-17  
3.10472e-17  0.507039  0.861974  2  2  2  2  2  2  1  8.71967e-17  4.53367e-17  
0.533622  0.307124  0.788149  2  2  2  2  2  2  0.797691  1.58887e-06  0.603069  
0.61846  0.725575  0.302033  2  2  2  2  2  2  0.409747  0.864511  0.291226  
1.32639e-07  0.659544  0.751747  2  2  2  2  2  2  0.510261  0.313995  0.800659  
0.580608  0.529709  0.618551  2  2  2  2  2  2  5.35916e-17  0.875218  0.483745  
0.286706  0.95802  4.49493e-17  2  2  2  2  2  2  4.87297e-17  0.795817  0.605545  
4.10858e-05  0.741517  0.670964  2  2  2  2  2  2  0.943244  0.332103  4.53367e-17  
1  8.71967e-17  4.53367e-17  2  2  2  2  2  2  7.06201e-07  0.651202  0.758907  
6.10425e-17  4.81812e-18  1  2  2  2  2  2  2  0.443678  0.261076  0.857328  
0.956191  0.292743  1.37294e-17  2  2  2  2  2  2  0.62963  0.537315  0.561123  
0.904207  0.315308  0.288084  2  2  2  2  2  2  4.59208e-17  0.749943  0.661502  
0.449692  0.845355  0.288365  2  2  2  2  2  2  0.525602  0.586742  0.616017  
0.746753  0.444802  0.494487  2  2  2  2  2  2  0.300246  0.515957  0.802272  
0.481955  0.699063  0.528233  2  2  2  2  2  2  0.456482  0.889732  1.9973e-17  
0.418683  0.367803  0.830317  2  2  2  2  2  2  6.11973e-17  2.07092e-18  1  
0.720142  0.563489  0.404816  2  2  2  2  2  2  0.786001  0.555954  0.270403  
0.84237  6.159e-08  0.5389  2  2  2  2  2  2  5.94841e-17  0.971449  0.23725  
0.639244  0.595447  0.486657  2  2  2  2  2  2  0.713825  0.621946  0.321927  
0.675693  0.485714  0.554547  2  2  2  2  2  2  0.385086  0.922881  2.76421e-18  
0.654886  0.755728  8.98466e-18  2  2  2  2  2  2  0.453278  0.779883  0.43165  
0.862555  0.303517  0.404816  2  2  2  2  2  2  0.314784  0.328578  0.890476  
0.980371  0.197165  3.60396e-11  2  2  2  2  2  2  0.633615  4.56024e-17  0.773648  
0.974593  0  0.223983  2  2  2  2  2  2  5.5821e-17  0.911626  0.41102  
4.73585e-17  0.773424  0.633889  2  2  2  2  2  2  0.62301  0.668396  0.406331  
0.302248  0.846809  0.437686  2  2  2  2  2  2  0.931795  5.10552e-10  0.362984  
0.631779  0.423886  0.649032  2  2  2  2  2  2  0.873597  1.58325e-17  0.486651  
2.26647e-17  0.370142  0.928975  2  2  2  2  2  2  0.400577  0.743739  0.535154  
4.94349e-17  0.807333  0.590096  2  2  2  2  2  2  0.757364  0.339341  0.557895  
0.583285  0.685605  0.435712  2  2  2  2  2  2  0.818702  0.274595  0.504306  
0.90008  0.435724  9.42059e-18  2  2  2  2  2  2  4.31732e-17  0.705072  0.709136  
0.331057  0.636174  0.69691  2  2  2  2  2  2  0.792066  0.412046  0.450389  
0.684311  0.65028  0.330122  2  2  2  2  2  2  0.260727  0.888965  0.376513  
0.403946  0.665753  0.627376  2  2  2  2  2  2  0.674377  0.425951  0.603143  
0.387542  1.83298e-17  0.921852  2  2  2  2  2  2  0.72425  3.13742e-18  0.689537  
6.02389e-17  0.983776  0.179402  2  2  2  2  2  2  0.30845  0.711521  0.631345  
0.319518  0.894836  0.311732  2  2  2  2  2  2  0.825901  0.462827  0.321993  
0.698312  0.715794  4.18471e-17  2  2  2  2  2  2  4.92409e-13  0.496301  0.86815  
0.73594  0.677047  2.26324e-11  2  2  2  2  2  2  5.78097e-17  0.944104  0.329647  
0.316889  0.730396  0.605065  2  2  2  2  2  2  0.752894  0.523024  0.399495  
0.723431  0.339873  0.600944  2  2  2  2  2  2  6.12323e-17  1  4.51805e-17  
2.69562e-17  0.440228  0.897886  2  2  2  2  2  2  0.30459  0.952484  9.14304e-18  
0.805513  0.592578  4.52168e-17  2  2  2  2  2  2  8.35095e-14  0.373748  0.92753  
4.28513e-17  0.699815  0.714324  2  2  2  2  2  2  0.262962  0.44744  0.85478  
0.452693  2.14112e-17  0.891666  2  2  2  2  2  2  0.717828  0.474258  0.509709  
0.742005  3.21433e-18  0.670394  2  2  2  2  2  2  0.681914  4.90786e-17  0.731433  
0.701465  5.04857e-17  0.712704  2  2  2  2  2  2  0.360878  0.564947  0.742025  
0.529557  0.779962  0.333511  2  2  2  2  2  2  0.884326  0.466869  3.3275e-17  
2.9366e-08  0.837057  0.547115  2  2  2  2  2  2  0.390867  0.397237  0.830317  
0.543134  0.623602  0.562264  2  2  2  2  2  2  0.712719  0.297129  0.635411  
0.390494  0.298856  0.870747  2  2  2  2  2  2  0.227299  0  0.973825  
0.286525  0.275688  0.917551  2  2  2  2  2  2  0.4641  0.673164  0.575726  
0.837336  0.546689  4.52168e-17  2  2  2  2  2  2  3.39915e-17  0.555123  0.831768  
5.6284e-17  0.919187  0.393822  2  2  2  2  2  2  0.981156  0  0.193219  
0.788106  0.315032  0.528814  2  2  2  2  2  2  0.920793  0.280898  0.270622  
5.2051e-08  0.197241  0.980355  2  2  2  2  2  2  0.520784  0.853688  6.19381e-18  
3.72954e-17  0.60908  0.793109  2  2  2  2  2  2  0.258853  0.77339  0.578673  
5.30736e-17  0.866758  0.498729  2  2  2  2  2  2  0.812259  0.583296  2.68594e-18  
0.771732  0.635948  4.52168e-17  2  2  2  2  2  2  0.770553  0.637376  3.7452e-17  
0.810348  0  0.585949  2  2  2  2  2  2  0.656983  0.702619  0.273311  
0.329274  0.482092  0.811891  2  2  2  2  2  2  0.286129  0.628632  0.723155  
0.952001  4.52096e-17  0.306095  2  2  2  2  2  2  0.763661  3.45439e-17  0.645617  
1.06212e-08  0.894062  0.447944  2  2  2  2  2  2  0.544788  0.416723  0.7277  
5.89949e-17  0.96346  0.267853  2  2  2  2  2  2  0.640642  0.341417  0.687759  
0.671482  0.296444  0.679141  2  2  2  2  2  2  0.577591  0.630068  0.519041  
0.537181  0.477262  0.695455  2  2  2  2  2  2  0.321496  5.4806e-17  0.946911  
0.616733  0  0.787172  2  2  2  2  2  2  0.91483  0.403839  4.92674e-18  
0.609021  0.793154  0  2  2  2  2  2  2  0.39076  0.640469  0.66114  
0.929484  0.368863  8.98466e-18  2  2  2  2  2  2  0.573471  0.749691  0.330293  
0.313967  5.04433e-08  0.949434  2  2  2  2  2  2  0.524106  0.711202  0.468513  
0.336253  0.779903  0.527906  2  2  2  2  2  2  0.878194  0.37731  0.293962  
0.476551  0.425532  0.7693  2  2  2  2  2  2  1.97811e-08  0.837971  0.545714  
0.776488  2.87329e-17  0.630132  2  2  2  2  2  2  0.576987  0.816753  1.07139e-17  
0.210187  0.977661  6.03021e-18  2  2  2  2  2  2  0.729813  0.683647  3.44505e-17  
0.409779  0.819093  0.40148  2  2  2  2  2  2  0.838393  3.15249e-16  0.545066  
0.928189  1.75193e-08  0.372109  2  2  2  2  2  2  3.5066e-09  0.295176  0.955443  
0.458371  0.755243  0.468513  2  2  2  2  2  2  0.400802  1.89569e-17  0.916165  
0.475129  0.57985  0.661836  2  2  2  2  2  2  0.20395  0.978981  4.0079e-18  
0.407561  0.913178  3.18296e-18  2  2  2  2  2  2  0.629346  0.777125  0  
5.76834e-17  0.942042  0.335496  2  2  2  2  2  2  0.50043  0.80988  0.306047  
0.566132  0  0.824315  2  2  2  2  2  2  0.26327  0.247649  0.932394  
3.16102e-08  0.555888  0.831257  2  2  2  2  2  2  0.903296  1.04212e-14  0.429017  
0.869637  0.493692  6.19719e-18  2  2  2  2  2  2  0.586723  0.479658  0.652445  
0.514313  0.857603  6.19381e-18  2  2  2  2  2  2  0.851382  0.524546  4.13568e-17  
0.564424  0.825485  1.07139e-17  2  2  2  2  2  2  0.673828  0.581041  0.456452  
0.901606  7.86171e-17  0.432558  2  2  2  2  2  2  0.957399  7.3116e-18  0.28877  
0.227862  5.23935e-12  0.973693  2  2  2  2  2  2  3.72296e-17  0.608006  0.793933  
0.412808  0.535791  0.736689  2  2  2  2  2  2  0.299219  0.814015  0.497842  
0.81079  0.389877  0.436609  2  2  2  2  2  2  0.283728  0.919313  0.272693  
0.265092  0.397421  0.878564  2  2  2  2  2  2  0.858908  0.31369  0.404816  
0.784505  0.518216  0.340607  2  2  2  2  2  2  1.20678e-17  0.197083  0.980387  
0.511309  7.99342e-11  0.859397  2  2  2  2  2  2  0.478648  0.535946  0.695455  
0.350606  0.936523  8.63759e-18  2  2  2  2  2  2  0.469019  2.21834e-17  0.883188  
0.586437  0.337714  0.736234  2  2  2  2  2  2  0.53088  0  0.847447  
0.462433  0.886654  1.9973e-17  2  2  2  2  2  2  0.972189  0.234199  8.98466e-18  
0.658149  4.73682e-17  0.752888  2  2  2  2  2  2  7.96355e-16  0.43337  0.901216  
6.12323e-17  1  4.52168e-17  2  2  2  2  2  2  0.361756  0.840899  0.402519  
0.872984  7.61214e-17  0.487748  2  2  2  2  2  2  0.58211  0  0.81311  
0.276767  0.577341  0.768168  2  2  2  2  2  2  0.595641  0.281079  0.752467  
0.844734  0.440105  0.304518  2  2  2  2  2  2  0.442265  0.461647  0.76895  
2.62357e-07  0.294809  0.955556  2  2  2  2  2  2  0.681095  0.732195  4.45163e-19  
1.28597e-08  0.503994  0.863707  2  2  2  2  2  2  1  8.71967e-17  4.51886e-17  
0.527244  0.286604  0.79992  2  2  2  2  2  2  0.800678  0  0.599095  
0.615456  0.726326  0.306047  2  2  2  2  2  2  0.40957  0.868612  0.278865  
4.03012e-17  0.658168  0.752876  2  2  2  2  2  2  0.506252  0.322237  0.79992  
0.584649  0.534917  0.609959  2  2  2  2  2  2  1.05287e-08  0.875299  0.483583  
0.289502  0.957177  1.04011e-17  2  2  2  2  2  2  4.8699e-17  0.795314  0.606197  
4.52555e-17  0.739079  0.673619  2  2  2  2  2  2  0.9454  0.325911  8.93959e-18  
1  8.71967e-17  4.53367e-17  2  2  2  2  2  2  4.03012e-17  0.658168  0.752876  
6.11973e-17  2.07092e-18  1  2  2  2  2  2  2  0.432922  0.267241  0.860907  
0.956732  0.290971  4.0079e-18  2  2  2  2  2  2  0.628868  0.536512  0.562743  
0.904207  0.315308  0.288084  2  2  2  2  2  2  4.59208e-17  0.749943  0.661502  
0.449692  0.845355  0.288365  2  2  2  2  2  2  0.525602  0.586742  0.616017  
0.746008  0.448411  0.492527  2  2  2  2  2  2  0.297747  0.517403  0.802272  
0.482853  0.700364  0.525684  2  2  2  2  2  2  0.456482  0.889732  1.29448e-18  
0.421372  0.364719  0.830317  2  2  2  2  2  2  6.11973e-17  2.07092e-18  1  
0.721184  0.56582  0.399676  2  2  2  2  2  2  0.784955  0.557866  0.269503  
0.842398  3.17004e-17  0.538856  2  2  2  2  2  2  5.94841e-17  0.971449  0.23725  
0.638623  0.595947  0.486834  2  2  2  2  2  2  0.713019  0.622553  0.322538  
0.675869  0.485637  0.554398  2  2  2  2  2  2  0.385568  0.92268  1.69406e-19  
0.656045  0.754722  1.63685e-19  2  2  2  2  2  2  0.453482  0.780233  0.430803  
0.863856  0.299795  0.404816  2  2  2  2  2  2  0.314454  0.33017  0.890004  
0.980762  0.195206  2.53469e-20  2  2  2  2  2  2  0.632461  5.88149e-18  0.774593  
0.974707  8.47031e-17  0.223487  2  2  2  2  2  2  5.5813e-17  0.911495  0.411311  
4.73283e-17  0.772929  0.634492  2  2  2  2  2  2  0.62269  0.66834  0.406914  
0.302248  0.846809  0.437686  2  2  2  2  2  2  0.931741  1.25437e-18  0.363124  
0.633321  0.422626  0.6483  2  2  2  2  2  2  0.873597  1.72799e-18  0.486651  
2.26652e-17  0.370151  0.928972  2  2  2  2  2  2  0.401325  0.744841  0.533057  
4.93445e-17  0.805856  0.592111  2  2  2  2  2  2  0.75818  0.335739  0.558966  
0.585112  0.681805  0.439075  2  2  2  2  2  2  0.818502  0.275192  0.504306  
0.900441  0.434978  2.64085e-17  2  2  2  2  2  2  4.32465e-17  0.706268  0.707944  
0.331057  0.636174  0.69691  2  2  2  2  2  2  0.791629  0.411819  0.451362  
0.683597  0.651174  0.329647  2  2  2  2  2  2  0.260727  0.888965  0.376513  
0.405743  0.665774  0.626193  2  2  2  2  2  2  0.675287  0.425276  0.602601  
0.38747  1.54322e-18  0.921882  2  2  2  2  2  2  0.723729  0  0.690085  
6.02424e-17  0.983834  0.179084  2  2  2  2  2  2  0.311136  0.712196  0.629262  
0.319518  0.894836  0.311732  2  2  2  2  2  2  0.825056  0.46373  0.322857  
0.698312  0.715794  4.18471e-17  2  2  2  2  2  2  3.05575e-17  0.499042  0.866578  
0.73615  0.676819  4.51886e-17  2  2  2  2  2  2  5.78097e-17  0.944104  0.329647  
0.317985  0.730184  0.604745  2  2  2  2  2  2  0.752802  0.523018  0.399676  
0.723431  0.339873  0.600944  2  2  2  2  2  2  6.12323e-17  1  1.33384e-18  
5.15918e-16  0.440408  0.897798  2  2  2  2  2  2  0.305298  0.952257  3.99113e-19  
0.805513  0.592578  4.52168e-17  2  2  2  2  2  2  2.294e-17  0.374639  0.927171  
4.27685e-17  0.698462  0.715647  2  2  2  2  2  2  0.262423  0.450207  0.853492  
0.45247  3.60867e-20  0.891779  2  2  2  2  2  2  0.717214  0.473345  0.511418  
0.742005  3.21433e-18  0.670394  2  2  2  2  2  2  0.6809  0  0.732376  
0.700663  5.0428e-17  0.713493  2  2  2  2  2  2  0.361558  0.564512  0.742025  
0.534387  0.777763  0.33093  2  2  2  2  2  2  0.884326  0.466869  4.0633e-18  
5.11565e-17  0.835449  0.549569  2  2  2  2  2  2  0.391216  0.399639  0.828999  
0.543134  0.623602  0.562264  2  2  2  2  2  2  0.711939  0.296138  0.636746  
0.390494  0.298856  0.870747  2  2  2  2  2  2  0.227299  0  0.973825  
0.289793  0.27311  0.917296  2  2  2  2  2  2  0.464308  0.673465  0.575207  
0.837335  0.546689  1.58209e-18  2  2  2  2  2  2  3.41568e-17  0.557822  0.829961  
5.62715e-17  0.918983  0.394298  2  2  2  2  2  2  0.981156  0  0.193219  
0.788106  0.315032  0.528814  2  2  2  2  2  2  0.92011  0.281198  0.272627  
1.20678e-17  0.197083  0.980387  2  2  2  2  2  2  0.520784  0.853688  2.46298e-18  
3.72296e-17  0.608006  0.793933  2  2  2  2  2  2  0.259042  0.773955  0.577833  
5.29725e-17  0.865107  0.501587  2  2  2  2  2  2  0.811365  0.584539  2.0173e-17  
0.771959  0.635673  1.58209e-18  2  2  2  2  2  2  0.768882  0.63939  1.58209e-18  
0.8104  0  0.585878  2  2  2  2  2  2  0.65573  0.70356  0.2739  
0.329274  0.482092  0.811891  2  2  2  2  2  2  0.2861  0.630984  0.721114  
0.952017  7.2705e-18  0.306046  2  2  2  2  2  2  0.763325  0  0.646015  
5.47021e-17  0.893352  0.449357  2  2  2  2  2  2  0.545096  0.41632  0.7277  
5.89855e-17  0.963306  0.268407  2  2  2  2  2  2  0.640911  0.338829  0.688787  
0.668241  0.294985  0.682963  2  2  2  2  2  2  0.577346  0.629801  0.519637  
0.537181  0.477262  0.695455  2  2  2  2  2  2  0.321025  0  0.947071  
0.61507  0  0.788473  2  2  2  2  2  2  0.915785  0.401668  2.83802e-19  
0.610739  0.791832  2.38138e-17  2  2  2  2  2  2  0.390181  0.640822  0.66114  
0.929901  0.367811  2.27931e-17  2  2  2  2  2  2  0.573143  0.749515  0.331261  
0.314222  5.35659e-17  0.94935  2  2  2  2  2  2  0.524106  0.711202  0.468513  
0.335985  0.782394  0.524378  2  2  2  2  2  2  0.877206  0.382435  0.290263  
0.476551  0.425532  0.7693  2  2  2  2  2  2  5.13371e-17  0.838399  0.545057  
0.776488  2.87329e-17  0.630132  2  2  2  2  2  2  0.576737  0.81693  1.69406e-19  
0.212298  0.977205  1.5975e-18  2  2  2  2  2  2  0.728022  0.685554  3.92405e-19  
0.414362  0.816217  0.402609  2  2  2  2  2  2  0.838443  0  0.544989  
0.928221  6.68058e-17  0.372029  2  2  2  2  2  2  1.81179e-17  0.295887  0.955223  
0.458371  0.755243  0.468513  2  2  2  2  2  2  0.400296  2.32977e-21  0.916386  
0.473305  0.582131  0.66114  2  2  2  2  2  2  0.20395  0.978981  6.7695e-19  
0.411344  0.91148  2.0173e-17  2  2  2  2  2  2  0.628467  0.777836  2.38138e-17  
5.76753e-17  0.941909  0.335868  2  2  2  2  2  2  0.500512  0.810013  0.30556  
0.565572  6.31134e-19  0.824699  2  2  2  2  2  2  0.263657  0.248478  0.932064  
3.39702e-17  0.554775  0.832  2  2  2  2  2  2  0.903284  2.21494e-17  0.429044  
0.869637  0.493692  6.19719e-18  2  2  2  2  2  2  0.587381  0.478613  0.65262  
0.51737  0.855762  6.19381e-18  2  2  2  2  2  2  0.850343  0.526229  2.96148e-20  
0.566075  0.824353  9.28789e-18  2  2  2  2  2  2  0.673335  0.580616  0.457717  
0.90175  2.21118e-17  0.432258  2  2  2  2  2  2  0.957222  2.3472e-17  0.289353  
0.227862  5.23935e-12  0.973693  2  2  2  2  2  2  3.73759e-17  0.610395  0.792097  
0.415793  0.532785  0.737059  2  2  2  2  2  2  0.300802  0.814282  0.496451  
0.813588  0.382081  0.438279  2  2  2  2  2  2  0.28432  0.91924  0.272323  
0.271474  0.393766  0.878209  2  2  2  2  2  2  0.858134  0.315801  0.404816  
0.784984  0.520708  0.335655  2  2  2  2  2  2  1.2145e-17  0.198343  0.980133  
0.510429  3.64661e-17  0.85992  2  2  2  2  2  2  0.479958  0.535591  0.694826  
0.35406  0.935223  2.11169e-19  2  2  2  2  2  2  0.468654  0  0.883382  
0.586437  0.337714  0.736234  2  2  2  2  2  2  0.530185  0  0.847882  
0.465608  0.884991  9.00046e-18  2  2  2  2  2  2  0.972426  0.233212  2.53469e-20  
0.657245  0  0.753677  2  2  2  2  2  2  2.66384e-17  0.435039  0.900412  
6.12323e-17  1  4.52168e-17  2  2  2  2  2  2  0.360838  0.84125  0.402609  
0.87302  1.72685e-18  0.487684  2  2  2  2  2  2  0.580651  0  0.814153  
0.276767  0.577341  0.768168  2  2  2  2  2  2  0.594911  0.279385  0.753675  
0.845339  0.439759  0.303338  2  2  2  2  2  2  0.442015  0.463236  0.768137  
5.71708e-13  0.29455  0.955636  2  2  2  2  2  2  0.680265  0.732966  1.27207e-19  
3.08095e-17  0.503157  0.864195  2  2  2  2  2  2  1  0  1.61459e-18  
0.527244  0.286604  0.79992  2  2  2  2  2  2  0.800678  0  0.599095  
0.620574  0.722164  0.30556  2  2  2  2  2  2  0.410181  0.868152  0.279398  
4.0229e-17  0.656989  0.7539  2  2  2  2  2  2  0.505368  0.323623  0.79992  
0.584649  0.534917  0.609959  2  2  2  2  2  2  5.36055e-17  0.875444  0.48332  
0.29211  0.956385  5.54755e-19  2  2  2  2  2  2  4.87105e-17  0.795502  0.60595  
4.51049e-17  0.736619  0.676307  2  2  2  2  2  2  0.945864  0.324563  3.90767e-19  
1  8.71967e-17  4.53367e-17  2  2  2  2  2  2  4.03887e-17  0.659597  0.75162  
6.11973e-17  2.07092e-18  1  2  2  2  2  2  2  0.43267  0.267695  0.860893  
0.956741  0.290941  1.03161e-18  2  2  2  2  2  2  0.629069  0.535849  0.56315  
0.904234  0.314725  0.288632  2  2  2  2  2  2  4.6054e-17  0.752119  0.659028  
0.446181  0.846566  0.290263  2  2  2  2  2  2  0.525602  0.586742  0.616017  
0.751011  0.450325  0.482897  2  2  2  2  2  2  0.298402  0.518775  0.801142  
0.484422  0.702641  0.521182  2  2  2  2  2  2  0.456482  0.889732  9.82538e-20  
0.421372  0.364719  0.830317  2  2  2  2  2  2  6.11973e-17  2.07092e-18  1  
0.721184  0.56582  0.399676  2  2  2  2  2  2  0.784223  0.558723  0.269857  
0.842471  0  0.538741  2  2  2  2  2  2  5.94841e-17  0.971449  0.23725  
0.638623  0.595947  0.486834  2  2  2  2  2  2  0.711594  0.623643  0.32358  
0.676596  0.491216  0.548565  2  2  2  2  2  2  0.385568  0.92268  1.37333e-19  
0.656045  0.754722  1.63685e-19  2  2  2  2  2  2  0.453834  0.780328  0.43026  
0.864214  0.298762  0.404816  2  2  2  2  2  2  0.314457  0.331262  0.889597  
0.980876  0.194634  8.91982e-20  2  2  2  2  2  2  0.63179  3.82993e-21  0.775139  
0.974886  0  0.222703  2  2  2  2  2  2  5.58281e-17  0.911741  0.410765  
4.72049e-17  0.770914  0.636939  2  2  2  2  2  2  0.622177  0.668518  0.407406  
0.302248  0.846809  0.437686  2  2  2  2  2  2  0.931623  2.8631e-20  0.363425  
0.633321  0.422626  0.6483  2  2  2  2  2  2  0.873597  1.03323e-19  0.486651  
2.26652e-17  0.370151  0.928972  2  2  2  2  2  2  0.401475  0.745119  0.532556  
4.92491e-17  0.804299  0.594225  2  2  2  2  2  2  0.757969  0.335646  0.559308  
0.585112  0.681805  0.439075  2  2  2  2  2  2  0.818033  0.274734  0.505315  
0.900828  0.434176  7.40884e-20  2  2  2  2  2  2  4.33472e-17  0.707914  0.706299  
0.327307  0.637956  0.697053  2  2  2  2  2  2  0.791151  0.412174  0.451877  
0.686326  0.646814  0.332549  2  2  2  2  2  2  0.259835  0.88939  0.376126  
0.406361  0.667407  0.624051  2  2  2  2  2  2  0.675134  0.424885  0.603048  
0.38747  1.54322e-18  0.921882  2  2  2  2  2  2  0.72308  0  0.690764  
6.02384e-17  0.983767  0.179449  2  2  2  2  2  2  0.310255  0.713162  0.628604  
0.319518  0.894836  0.311732  2  2  2  2  2  2  0.824385  0.464485  0.323486  
0.698448  0.715661  2.38138e-17  2  2  2  2  2  2  3.06014e-17  0.499758  0.866165  
0.736091  0.676883  3.92405e-19  2  2  2  2  2  2  5.78067e-17  0.944055  0.329788  
0.317809  0.730526  0.604425  2  2  2  2  2  2  0.751898  0.524316  0.399676  
0.719238  0.345009  0.603048  2  2  2  2  2  2  6.12323e-17  1  7.75152e-22  
2.69481e-17  0.440096  0.897951  2  2  2  2  2  2  0.305298  0.952257  6.77534e-20  
0.805624  0.592427  2.0173e-17  2  2  2  2  2  2  2.294e-17  0.374639  0.927171  
4.26701e-17  0.696856  0.717211  2  2  2  2  2  2  0.262788  0.451588  0.852649  
0.451875  3.49453e-26  0.892083  2  2  2  2  2  2  0.717403  0.472983  0.511488  
0.741542  0  0.670907  2  2  2  2  2  2  0.680359  0  0.732879  
0.700663  5.0428e-17  0.713493  2  2  2  2  2  2  0.36115  0.565863  0.741195  
0.534171  0.777771  0.331261  2  2  2  2  2  2  0.884326  0.466869  4.80614e-19  
5.11189e-17  0.834835  0.5505  2  2  2  2  2  2  0.391  0.39985  0.828999  
0.539871  0.625956  0.562778  2  2  2  2  2  2  0.711744  0.295723  0.637157  
0.393823  0.290986  0.871914  2  2  2  2  2  2  0.227834  0  0.9737  
0.289563  0.272893  0.917433  2  2  2  2  2  2  0.464079  0.673623  0.575207  
0.837559  0.546346  1.03161e-18  2  2  2  2  2  2  3.42369e-17  0.559131  0.829079  
5.62404e-17  0.918476  0.395476  2  2  2  2  2  2  0.981156  0  0.193219  
0.788106  0.315032  0.528814  2  2  2  2  2  2  0.918904  0.282591  0.275241  
1.20678e-17  0.197083  0.980387  2  2  2  2  2  2  0.520784  0.853688  1.89297e-19  
3.71719e-17  0.607064  0.794653  2  2  2  2  2  2  0.259715  0.774906  0.576254  
5.29725e-17  0.865107  0.501587  2  2  2  2  2  2  0.811004  0.585041  3.96191e-20  
0.772196  0.635385  4.39371e-19  2  2  2  2  2  2  0.76869  0.639622  4.272e-19  
0.8104  0  0.585878  2  2  2  2  2  2  0.655321  0.703815  0.274226  
0.329274  0.482092  0.811891  2  2  2  2  2  2  0.28691  0.631184  0.720617  
0.952249  2.33501e-17  0.305323  2  2  2  2  2  2  0.76298  0  0.646422  
5.46798e-17  0.892988  0.45008  2  2  2  2  2  2  0.545096  0.41632  0.7277  
5.89781e-17  0.963186  0.268836  2  2  2  2  2  2  0.640364  0.338239  0.689586  
0.668051  0.292359  0.684276  2  2  2  2  2  2  0.577393  0.629297  0.520195  
0.537181  0.477262  0.695455  2  2  2  2  2  2  0.321025  0  0.947071  
0.614708  1.79759e-19  0.788755  2  2  2  2  2  2  0.915878  0.401457  1.53142e-20  
0.611063  0.791582  1.07635e-19  2  2  2  2  2  2  0.39057  0.641473  0.660279  
0.930159  0.367157  1.03161e-18  2  2  2  2  2  2  0.572958  0.749657  0.331261  
0.314222  5.35659e-17  0.94935  2  2  2  2  2  2  0.524568  0.711178  0.468033  
0.335985  0.782394  0.524378  2  2  2  2  2  2  0.876264  0.386072  0.288287  
0.476551  0.425532  0.7693  2  2  2  2  2  2  5.1394e-17  0.839328  0.543625  
0.775919  0  0.630833  2  2  2  2  2  2  0.576439  0.81714  8.7459e-20  
0.212298  0.977205  1.5975e-18  2  2  2  2  2  2  0.728022  0.685554  2.3212e-19  
0.412712  0.817057  0.402611  2  2  2  2  2  2  0.838443  0  0.544989  
0.928448  2.66053e-18  0.371463  2  2  2  2  2  2  1.81544e-17  0.296483  0.955038  
0.456376  0.756747  0.468033  2  2  2  2  2  2  0.400165  2.46202e-27  0.916443  
0.473604  0.582273  0.660801  2  2  2  2  2  2  0.204423  0.978883  8.91597e-21  
0.412083  0.911146  1.89297e-19  2  2  2  2  2  2  0.628467  0.777836  1.07635e-19  
5.76753e-17  0.941909  0.335868  2  2  2  2  2  2  0.500529  0.810039  0.305464  
0.564268  0  0.825592  2  2  2  2  2  2  0.263657  0.248478  0.932064  
3.3951e-17  0.554461  0.832209  2  2  2  2  2  2  0.903202  8.89915e-22  0.429216  
0.869993  0.493065  2.96148e-20  2  2  2  2  2  2  0.587381  0.478613  0.65262  
0.51783  0.855484  1.03161e-18  2  2  2  2  2  2  0.850193  0.52647  2.96148e-20  
0.566455  0.824093  8.09828e-20  2  2  2  2  2  2  0.672974  0.580305  0.458642  
0.901702  1.78358e-18  0.432358  2  2  2  2  2  2  0.957328  2.33633e-21  0.289003  
0.227834  0  0.9737  2  2  2  2  2  2  3.74313e-17  0.611299  0.7914  
0.415793  0.532785  0.737059  2  2  2  2  2  2  0.300342  0.814981  0.495581  
0.815937  0.385559  0.430803  2  2  2  2  2  2  0.28436  0.91937  0.27184  
0.271474  0.393766  0.878209  2  2  2  2  2  2  0.857435  0.317694  0.404816  
0.784984  0.520708  0.335655  2  2  2  2  2  2  1.21203e-17  0.19794  0.980214  
0.509808  3.13661e-27  0.860288  2  2  2  2  2  2  0.479958  0.535591  0.694826  
0.355026  0.934856  1.32112e-19  2  2  2  2  2  2  0.467368  0  0.884063  
0.586437  0.337714  0.736234  2  2  2  2  2  2  0.529635  0  0.848225  
0.465679  0.884954  1.32112e-19  2  2  2  2  2  2  0.972399  0.233322  1.37022e-19  
0.657018  0  0.753874  2  2  2  2  2  2  2.66608e-17  0.435403  0.900236  
6.12323e-17  1  4.52168e-17  2  2  2  2  2  2  0.360838  0.84125  0.402609  
0.87302  1.72685e-18  0.487684  2  2  2  2  2  2  0.579634  0  0.814877  
0.278064  0.577338  0.767699  2  2  2  2  2  2  0.594422  0.278262  0.754475  
0.846418  0.440321  0.29949  2  2  2  2  2  2  0.441587  0.4641  0.767862  
5.71708e-13  0.29455  0.955636  2  2  2  2  2  2  0.679987  0.733224  1.72166e-20  
3.08067e-17  0.503112  0.864221  2  2  2  2  2  2  1  0  7.62809e-20  
0.527244  0.286604  0.79992  2  2  2  2  2  2  0.800423  0  0.599435  
0.620574  0.722164  0.30556  2  2  2  2  2  2  0.410181  0.868152  0.279398  
4.01453e-17  0.655622  0.755089  2  2  2  2  2  2  0.504711  0.323969  0.800195  
0.586498  0.537442  0.60595  2  2  2  2  2  2  5.36432e-17  0.876059  0.482204  
0.292567  0.956245  8.91597e-21  2  2  2  2  2  2  4.87921e-17  0.796835  0.604197  
4.50271e-17  0.735349  0.677689  2  2  2  2  2  2  0.945908  0.324435  4.5214e-20  
1  8.71967e-17  4.53367e-17  2  2  2  2  2  2  4.04728e-17  0.660971  0.750411  
6.11973e-17  2.07092e-18  1  2  2  2  2  2  2  0.432402  0.268441  0.860795  
0.956741  0.290941  1.03161e-18  2  2  2  2  2  2  0.629069  0.535849  0.56315  
0.904502  0.314273  0.288287  2  2  2  2  2  2  4.60546e-17  0.752129  0.659016  
0.446181  0.846566  0.290263  2  2  2  2  2  2  0.525602  0.586742  0.616017  
0.751011  0.450325  0.482897  2  2  2  2  2  2  0.299107  0.519005  0.80073  
0.484422  0.702641  0.521182  2  2  2  2  2  2  0.456482  0.889732  5.49274e-22  
0.421372  0.364719  0.830317  2  2  2  2  2  2  6.11973e-17  2.07092e-18  1  
0.721184  0.56582  0.399676  2  2  2  2  2  2  0.78392  0.558897  0.270378  
0.842471  0  0.538741  2  2  2  2  2  2  5.94856e-17  0.971474  0.237147  
0.638623  0.595947  0.486834  2  2  2  2  2  2  0.711473  0.623537  0.324049  
0.678198  0.492481  0.545445  2  2  2  2  2  2  0.385568  0.92268  1.42526e-20  
0.656045  0.754722  1.63685e-19  2  2  2  2  2  2  0.453926  0.780274  0.43026  
0.865743  0.298708  0.401576  2  2  2  2  2  2  0.313751  0.331931  0.889597  
0.980876  0.194634  8.91982e-20  2  2  2  2  2  2  0.631735  0  0.775185  
0.974816  0  0.223009  2  2  2  2  2  2  5.58407e-17  0.911947  0.410307  
4.71505e-17  0.770026  0.638013  2  2  2  2  2  2  0.622177  0.668518  0.407406  
0.294877  0.851499  0.433588  2  2  2  2  2  2  0.931623  3.13461e-29  0.363425  
0.632428  0.426785  0.646444  2  2  2  2  2  2  0.873597  6.26795e-27  0.486651  
2.26652e-17  0.370151  0.928972  2  2  2  2  2  2  0.401475  0.745119  0.532556  
4.9226e-17  0.803922  0.594735  2  2  2  2  2  2  0.757731  0.334615  0.560247  
0.585112  0.681805  0.439075  2  2  2  2  2  2  0.818033  0.274734  0.505315  
0.901155  0.433498  1.00386e-21  2  2  2  2  2  2  4.33587e-17  0.708101  0.706112  
0.327307  0.637956  0.697053  2  2  2  2  2  2  0.790914  0.412123  0.452338  
0.686326  0.646814  0.332549  2  2  2  2  2  2  0.260348  0.889467  0.37559  
0.406361  0.667407  0.624051  2  2  2  2  2  2  0.67502  0.424147  0.603695  
0.387367  1.97087e-27  0.921926  2  2  2  2  2  2  0.722115  2.07817e-33  0.691773  
6.02384e-17  0.983767  0.179449  2  2  2  2  2  2  0.310419  0.71354  0.628093  
0.319518  0.894836  0.311732  2  2  2  2  2  2  0.823911  0.465425  0.323341  
0.698693  0.715422  1.81726e-20  2  2  2  2  2  2  3.06652e-17  0.5008  0.865563  
0.736162  0.676806  2.3212e-19  2  2  2  2  2  2  5.78194e-17  0.944263  0.329193  
0.31866  0.732482  0.601603  2  2  2  2  2  2  0.751026  0.524202  0.401463  
0.719238  0.345009  0.603048  2  2  2  2  2  2  6.12323e-17  1  5.89409e-22  
2.69173e-17  0.439593  0.898197  2  2  2  2  2  2  0.305298  0.952257  9.85983e-24  
0.805624  0.592427  2.0173e-17  2  2  2  2  2  2  2.30136e-17  0.375841  0.926684  
4.26127e-17  0.695918  0.718121  2  2  2  2  2  2  0.262197  0.452323  0.852442  
0.451442  0  0.8923  2  2  2  2  2  2  0.716961  0.472692  0.512375  
0.741096  0  0.671399  2  2  2  2  2  2  0.679852  0  0.733349  
0.699819  0  0.71432  2  2  2  2  2  2  0.361307  0.566461  0.740661  
0.53287  0.778663  0.331261  2  2  2  2  2  2  0.884326  0.466869  3.48383e-19  
5.10968e-17  0.834475  0.551046  2  2  2  2  2  2  0.39058  0.40026  0.828999  
0.537721  0.629427  0.560962  2  2  2  2  2  2  0.711274  0.295528  0.637772  
0.393823  0.290986  0.871914  2  2  2  2  2  2  0.227539  0  0.973769  
0.288655  0.27486  0.917132  2  2  2  2  2  2  0.464079  0.673623  0.575207  
0.837661  0.546191  2.73446e-20  2  2  2  2  2  2  3.42482e-17  0.559316  0.828955  
5.62404e-17  0.918476  0.395476  2  2  2  2  2  2  0.981156  0  0.193219  
0.788106  0.315032  0.528814  2  2  2  2  2  2  0.91888  0.282583  0.27533  
1.20678e-17  0.197083  0.980387  2  2  2  2  2  2  0.520784  0.853688  1.52044e-20  
3.70809e-17  0.605578  0.795786  2  2  2  2  2  2  0.258941  0.775165  0.576254  
5.29455e-17  0.864665  0.502348  2  2  2  2  2  2  0.810878  0.585215  6.80745e-22  
0.772254  0.635313  1.27939e-20  2  2  2  2  2  2  0.76839  0.639982  4.97674e-21  
0.80992  0  0.58654  2  2  2  2  2  2  0.655346  0.70388  0.273998  
0.329274  0.482092  0.811891  2  2  2  2  2  2  0.287249  0.63193  0.719828  
0.952249  2.33501e-17  0.305323  2  2  2  2  2  2  0.762559  6.1151e-29  0.646919  
5.46625e-17  0.892707  0.450637  2  2  2  2  2  2  0.544664  0.416411  0.727972  
5.89781e-17  0.963186  0.268836  2  2  2  2  2  2  0.640364  0.338239  0.689586  
0.668051  0.292359  0.684276  2  2  2  2  2  2  0.577093  0.629572  0.520195  
0.537181  0.477262  0.695455  2  2  2  2  2  2  0.320948  0  0.947097  
0.614291  0  0.78908  2  2  2  2  2  2  0.915963  0.401263  7.41244e-22  
0.611256  0.791433  9.87997e-22  2  2  2  2  2  2  0.391096  0.641885  0.659566  
0.930159  0.367157  1.03161e-18  2  2  2  2  2  2  0.572766  0.749804  0.331261  
0.314222  5.35659e-17  0.94935  2  2  2  2  2  2  0.524404  0.711226  0.468143  
0.329738  0.785868  0.523148  2  2  2  2  2  2  0.875975  0.386727  0.288287  
0.476551  0.425532  0.7693  2  2  2  2  2  2  5.14133e-17  0.839643  0.543138  
0.775641  2.23221e-33  0.631174  2  2  2  2  2  2  0.576564  0.817052  4.50826e-21  
0.212298  0.977205  1.5975e-18  2  2  2  2  2  2  0.727736  0.685857  1.18639e-21  
0.411385  0.817956  0.402133  2  2  2  2  2  2  0.838374  0  0.545095  
0.928448  2.66053e-18  0.371463  2  2  2  2  2  2  1.8184e-17  0.296968  0.954888  
0.45568  0.757098  0.468143  2  2  2  2  2  2  0.399577  2.66199e-28  0.916699  
0.476754  0.581101  0.659566  2  2  2  2  2  2  0.204249  0.978919  2.20432e-23  
0.412822  0.910812  8.25712e-20  2  2  2  2  2  2  0.627885  0.778306  9.87997e-22  
5.76587e-17  0.941638  0.336628  2  2  2  2  2  2  0.500147  0.810275  0.305464  
0.564239  0  0.825612  2  2  2  2  2  2  0.26368  0.249341  0.931827  
3.3918e-17  0.553924  0.832567  2  2  2  2  2  2  0.903053  3.69733e-26  0.429529  
0.870521  0.492131  1.25279e-20  2  2  2  2  2  2  0.587381  0.478613  0.65262  
0.518817  0.854885  3.81981e-20  2  2  2  2  2  2  0.849998  0.526786  1.62971e-21  
0.566764  0.82388  1.72166e-20  2  2  2  2  2  2  0.672555  0.580791  0.458642  
0.901883  3.69253e-26  0.431981  2  2  2  2  2  2  0.957328  1.1265e-24  0.289003  
0.227834  0  0.9737  2  2  2  2  2  2  3.74759e-17  0.612027  0.790837  
0.415793  0.532785  0.737059  2  2  2  2  2  2  0.300361  0.815034  0.495482  
0.817513  0.378171  0.434349  2  2  2  2  2  2  0.28436  0.91937  0.27184  
0.27191  0.40057  0.874991  2  2  2  2  2  2  0.857269  0.318433  0.404586  
0.784984  0.520708  0.335655  2  2  2  2  2  2  1.21597e-17  0.198582  0.980084  
0.509584  0  0.860421  2  2  2  2  2  2  0.479972  0.535607  0.694803  
0.355788  0.934567  1.07988e-19  2  2  2  2  2  2  0.467368  0  0.884063  
0.586437  0.337714  0.736234  2  2  2  2  2  2  0.528793  0  0.848751  
0.467126  0.884191  9.82538e-20  2  2  2  2  2  2  0.972399  0.233322  6.48832e-21  
0.656295  3.97848e-21  0.754504  2  2  2  2  2  2  2.67136e-17  0.436267  0.899817  
6.12323e-17  1  4.52168e-17  2  2  2  2  2  2  0.36092  0.841443  0.402133  
0.873104  9.55863e-20  0.487535  2  2  2  2  2  2  0.579101  0  0.815256  
0.283722  0.573886  0.768217  2  2  2  2  2  2  0.593849  0.277994  0.755025  
0.846418  0.440321  0.29949  2  2  2  2  2  2  0.441582  0.464221  0.767792  
5.71708e-13  0.29455  0.955636  2  2  2  2  2  2  0.67962  0.733564  9.17961e-22  
3.07797e-17  0.50267  0.864478  2  2  2  2  2  2  1  0  8.45701e-22  
0.526835  0.286589  0.800195  2  2  2  2  2  2  0.800293  8.35238e-28  0.599609  
0.620574  0.722164  0.30556  2  2  2  2  2  2  0.410222  0.86824  0.279064  
4.00847e-17  0.654633  0.755947  2  2  2  2  2  2  0.504545  0.324014  0.800281  
0.586498  0.537442  0.60595  2  2  2  2  2  2  5.3649e-17  0.876155  0.482029  
0.293453  0.955974  1.8686e-22  2  2  2  2  2  2  4.88282e-17  0.797425  0.603419  
4.49361e-17  0.733862  0.679298  2  2  2  2  2  2  0.945908  0.324435  6.93027e-22  
1  8.71967e-17  4.53367e-17  2  2  2  2  2  2  4.05011e-17  0.661433  0.750004  
6.11973e-17  2.07092e-18  1  2  2  2  2  2  2  0.431716  0.269196  0.860904  
0.957095  0.289774  3.14929e-23  2  2  2  2  2  2  0.629069  0.535849  0.56315  
0.904502  0.314273  0.288287  2  2  2  2  2  2  4.60677e-17  0.752342  0.658773  
0.446181  0.846566  0.290263  2  2  2  2  2  2  0.525602  0.586742  0.616017  
0.751011  0.450325  0.482897  2  2  2  2  2  2  0.29888  0.519502  0.800493  
0.48379  0.702234  0.522317  2  2  2  2  2  2  0.456482  0.889732  1.30411e-23  
0.421372  0.364719  0.830317  2  2  2  2  2  2  6.11973e-17  2.07092e-18  1  
0.721184  0.56582  0.399676  2  2  2  2  2  2  0.783724  0.5591  0.270525  
0.842314  9.95993e-29  0.538987  2  2  2  2  2  2  5.94856e-17  0.971474  0.237147  
0.638623  0.595947  0.486834  2  2  2  2  2  2  0.71126  0.623779  0.324049  
0.678198  0.492481  0.545445  2  2  2  2  2  2  0.385568  0.92268  8.64538e-24  
0.656045  0.754722  1.63685e-19  2  2  2  2  2  2  0.453767  0.780366  0.43026  
0.865743  0.298708  0.401576  2  2  2  2  2  2  0.313452  0.332293  0.889567  
0.980876  0.194634  8.91982e-20  2  2  2  2  2  2  0.630741  0  0.775993  
0.974816  0  0.223009  2  2  2  2  2  2  5.58418e-17  0.911966  0.410265  
4.70334e-17  0.768114  0.640313  2  2  2  2  2  2  0.622103  0.668587  0.407406  
0.294877  0.851499  0.433588  2  2  2  2  2  2  0.931623  1.36506e-32  0.363425  
0.632428  0.426785  0.646444  2  2  2  2  2  2  0.873484  2.93048e-27  0.486854  
2.2681e-17  0.370409  0.928869  2  2  2  2  2  2  0.401642  0.74543  0.531994  
4.90871e-17  0.801654  0.597789  2  2  2  2  2  2  0.757571  0.334544  0.560505  
0.585112  0.681805  0.439075  2  2  2  2  2  2  0.818033  0.274734  0.505315  
0.901155  0.433498  1.00386e-21  2  2  2  2  2  2  4.33867e-17  0.708558  0.705653  
0.323151  0.638489  0.698502  2  2  2  2  2  2  0.790914  0.412123  0.452338  
0.686326  0.646814  0.332549  2  2  2  2  2  2  0.260348  0.889467  0.37559  
0.387471  0.674807  0.628093  2  2  2  2  2  2  0.674853  0.424042  0.603955  
0.387076  3.21851e-33  0.922048  2  2  2  2  2  2  0.722141  1.59178e-35  0.691746  
6.02384e-17  0.983767  0.179449  2  2  2  2  2  2  0.310734  0.713402  0.628093  
0.319518  0.894836  0.311732  2  2  2  2  2  2  0.823911  0.465425  0.323341  
0.698913  0.715206  7.97069e-24  2  2  2  2  2  2  3.06834e-17  0.501099  0.86539  
0.736511  0.676426  1.22465e-22  2  2  2  2  2  2  5.78194e-17  0.944263  0.329193  
0.313491  0.742959  0.591385  2  2  2  2  2  2  0.75107  0.523965  0.40169  
0.721277  0.34958  0.597964  2  2  2  2  2  2  6.12323e-17  1  2.70807e-23  
2.69229e-17  0.439685  0.898152  2  2  2  2  2  2  0.305298  0.952257  4.60711e-24  
0.805905  0.592048  2.62957e-23  2  2  2  2  2  2  2.30136e-17  0.375841  0.926684  
4.25013e-17  0.6941  0.719879  2  2  2  2  2  2  0.262297  0.452553  0.852289  
0.450954  1.43436e-31  0.892547  2  2  2  2  2  2  0.716838  0.472611  0.512623  
0.741096  0  0.671399  2  2  2  2  2  2  0.679234  0  0.733921  
0.699819  0  0.71432  2  2  2  2  2  2  0.362178  0.566781  0.739991  
0.53287  0.778663  0.331261  2  2  2  2  2  2  0.884326  0.466869  4.12488e-24  
5.10305e-17  0.833392  0.552683  2  2  2  2  2  2  0.390322  0.400912  0.828806  
0.537721  0.629427  0.560962  2  2  2  2  2  2  0.711153  0.295477  0.63793  
0.393823  0.290986  0.871914  2  2  2  2  2  2  0.227539  0  0.973769  
0.288655  0.27486  0.917132  2  2  2  2  2  2  0.464213  0.673817  0.574871  
0.837661  0.546191  2.73446e-20  2  2  2  2  2  2  3.42738e-17  0.559733  0.828673  
5.62359e-17  0.918401  0.39565  2  2  2  2  2  2  0.981156  0  0.193219  
0.788106  0.315032  0.528814  2  2  2  2  2  2  0.918634  0.28271  0.27602  
1.20678e-17  0.197083  0.980387  2  2  2  2  2  2  0.520448  0.853893  3.46493e-22  
3.70958e-17  0.605821  0.795601  2  2  2  2  2  2  0.259327  0.775036  0.576254  
5.28784e-17  0.863569  0.50423  2  2  2  2  2  2  0.810641  0.585544  1.31881e-23  
0.772351  0.635196  1.18831e-23  2  2  2  2  2  2  0.768296  0.640095  1.18831e-23  
0.809748  2.15761e-31  0.586778  2  2  2  2  2  2  0.655208  0.704009  0.273998  
0.329274  0.482092  0.811891  2  2  2  2  2  2  0.287339  0.631889  0.719828  
0.952249  2.33501e-17  0.305323  2  2  2  2  2  2  0.762144  3.30056e-38  0.647408  
5.46466e-17  0.892446  0.451154  2  2  2  2  2  2  0.544664  0.416411  0.727972  
5.89781e-17  0.963186  0.268836  2  2  2  2  2  2  0.640364  0.338239  0.689586  
0.668051  0.292359  0.684276  2  2  2  2  2  2  0.576993  0.629463  0.520438  
0.537181  0.477262  0.695455  2  2  2  2  2  2  0.320948  0  0.947097  
0.613962  0  0.789336  2  2  2  2  2  2  0.915963  0.401263  1.27092e-23  
0.611256  0.791433  9.87997e-22  2  2  2  2  2  2  0.391227  0.641988  0.659389  
0.930425  0.366481  3.82471e-22  2  2  2  2  2  2  0.572766  0.749804  0.331261  
0.313483  0  0.949594  2  2  2  2  2  2  0.524404  0.711226  0.468143  
0.332897  0.789217  0.516058  2  2  2  2  2  2  0.87615  0.386805  0.287652  
0.476551  0.425532  0.7693  2  2  2  2  2  2  5.14103e-17  0.839593  0.543216  
0.775113  0  0.631823  2  2  2  2  2  2  0.575989  0.817458  1.86336e-23  
0.213307  0.976985  1.90713e-24  2  2  2  2  2  2  0.727736  0.685857  7.97069e-24  
0.409571  0.818866  0.402133  2  2  2  2  2  2  0.838069  0  0.545564  
0.928549  1.09263e-24  0.371209  2  2  2  2  2  2  1.81888e-17  0.297046  0.954863  
0.46166  0.757441  0.461685  2  2  2  2  2  2  0.399577  3.04675e-33  0.916699  
0.471761  0.586055  0.658773  2  2  2  2  2  2  0.204249  0.978919  1.90713e-24  
0.414447  0.910073  7.86168e-24  2  2  2  2  2  2  0.627485  0.778629  8.56455e-23  
5.76583e-17  0.941631  0.336646  2  2  2  2  2  2  0.500205  0.810369  0.305119  
0.563304  0  0.82625  2  2  2  2  2  2  0.263619  0.249295  0.931857  
3.3918e-17  0.553924  0.832567  2  2  2  2  2  2  0.903053  8.24474e-27  0.429529  
0.870556  0.49207  4.83598e-21  2  2  2  2  2  2  0.587546  0.478207  0.65277  
0.519463  0.854493  3.0552e-23  2  2  2  2  2  2  0.849765  0.527161  8.99767e-25  
0.567463  0.823399  1.30411e-23  2  2  2  2  2  2  0.672555  0.580791  0.458642  
0.901883  3.69253e-26  0.431981  2  2  2  2  2  2  0.957328  1.44067e-28  0.289003  
0.227539  0  0.973769  2  2  2  2  2  2  3.74759e-17  0.612027  0.790837  
0.415006  0.535159  0.735782  2  2  2  2  2  2  0.300361  0.815034  0.495482  
0.817513  0.378171  0.434349  2  2  2  2  2  2  0.28436  0.91937  0.27184  
0.27191  0.40057  0.874991  2  2  2  2  2  2  0.857344  0.318461  0.404405  
0.784984  0.520708  0.335655  2  2  2  2  2  2  1.21597e-17  0.198582  0.980084  
0.508848  0  0.860856  2  2  2  2  2  2  0.480253  0.535921  0.694368  
0.357212  0.934023  9.82917e-23  2  2  2  2  2  2  0.467368  0  0.884063  
0.587542  0.337984  0.735229  2  2  2  2  2  2  0.528793  0  0.848751  
0.468308  0.883565  2.69565e-22  2  2  2  2  2  2  0.972399  0.233322  3.55402e-23  
0.656209  0  0.754579  2  2  2  2  2  2  2.67668e-17  0.437135  0.899396  
6.12323e-17  1  4.52168e-17  2  2  2  2  2  2  0.3604  0.841665  0.402133  
0.873104  9.55863e-20  0.487535  2  2  2  2  2  2  0.579101  0  0.815256  
0.283722  0.573886  0.768217  2  2  2  2  2  2  0.593446  0.278294  0.755231  
0.846418  0.440321  0.29949  2  2  2  2  2  2  0.441499  0.464486  0.767679  
5.71708e-13  0.29455  0.955636  2  2  2  2  2  2  0.679554  0.733626  1.1975e-22  
3.07797e-17  0.50267  0.864478  2  2  2  2  2  2  1  0  1.85353e-23  
0.526835  0.286589  0.800195  2  2  2  2  2  2  0.800054  1.1127e-32  0.599927  
0.620574  0.722164  0.30556  2  2  2  2  2  2  0.410088  0.868304  0.279064  
4.00256e-17  0.653668  0.756782  2  2  2  2  2  2  0.504127  0.32393  0.800578  
0.586498  0.537442  0.60595  2  2  2  2  2  2  5.36595e-17  0.876326  0.481719  
0.294381  0.955688  7.86168e-24  2  2  2  2  2  2  4.88307e-17  0.797466  0.603364  
4.48112e-17  0.731823  0.681495  2  2  2  2  2  2  0.945908  0.324435  1.5508e-23  
1  8.71967e-17  4.53367e-17  2  2  2  2  2  2  4.05197e-17  0.661737  0.749736  
6.11973e-17  2.07092e-18  1  2  2  2  2  2  2  0.431612  0.269131  0.860976  
0.957035  0.289971  5.03426e-24  2  2  2  2  2  2  0.628941  0.53574  0.563397  
0.904458  0.314978  0.287652  2  2  2  2  2  2  4.60883e-17  0.75268  0.658387  
0.446181  0.846566  0.290263  2  2  2  2  2  2  0.525602  0.586742  0.616017  
0.750618  0.452238  0.481719  2  2  2  2  2  2  0.298687  0.519893  0.800311  
0.484658  0.703494  0.519811  2  2  2  2  2  2  0.456261  0.889846  2.39681e-25  
0.421372  0.364719  0.830317  2  2  2  2  2  2  6.11973e-17  2.07092e-18  1  
0.721184  0.56582  0.399676  2  2  2  2  2  2  0.783566  0.559322  0.270525  
0.842314  9.95993e-29  0.538987  2  2  2  2  2  2  5.94856e-17  0.971474  0.237147  
0.638623  0.595947  0.486834  2  2  2  2  2  2  0.71126  0.623779  0.324049  
0.678198  0.492481  0.545445  2  2  2  2  2  2  0.385645  0.922647  3.79658e-25  
0.657246  0.753676  2.11967e-24  2  2  2  2  2  2  0.45308  0.780765  0.43026  
0.865743  0.298708  0.401576  2  2  2  2  2  2  0.313463  0.332283  0.889567  
0.980876  0.194634  8.91982e-20  2  2  2  2  2  2  0.630277  0  0.77637  
0.974816  0  0.223009  2  2  2  2  2  2  5.58483e-17  0.912072  0.41003  
4.69707e-17  0.767089  0.64154  2  2  2  2  2  2  0.621877  0.668797  0.407406  
0.294225  0.851158  0.434697  2  2  2  2  2  2  0.931473  0  0.363811  
0.632428  0.426785  0.646444  2  2  2  2  2  2  0.873484  3.24159e-31  0.486854  
2.2681e-17  0.370409  0.928869  2  2  2  2  2  2  0.401642  0.74543  0.531994  
4.90438e-17  0.800946  0.598744  2  2  2  2  2  2  0.757571  0.334544  0.560505  
0.58795  0.681774  0.435314  2  2  2  2  2  2  0.817904  0.275118  0.505315  
0.901393  0.433002  1.92107e-24  2  2  2  2  2  2  4.33955e-17  0.708703  0.705507  
0.323151  0.638489  0.698502  2  2  2  2  2  2  0.79084  0.412084  0.452504  
0.686326  0.646814  0.332549  2  2  2  2  2  2  0.260405  0.88966  0.375092  
0.395846  0.675409  0.622197  2  2  2  2  2  2  0.674601  0.423884  0.604348  
0.385922  1.24975e-34  0.922531  2  2  2  2  2  2  0.721965  8.04092e-42  0.691929  
6.02384e-17  0.983767  0.179449  2  2  2  2  2  2  0.310639  0.713851  0.62763  
0.319518  0.894836  0.311732  2  2  2  2  2  2  0.823731  0.465323  0.323946  
0.699447  0.714685  5.70232e-25  2  2  2  2  2  2  3.06846e-17  0.501118  0.865379  
0.736578  0.676352  1.1975e-22  2  2  2  2  2  2  5.78194e-17  0.944263  0.329193  
0.313491  0.742959  0.591385  2  2  2  2  2  2  0.750956  0.523886  0.402006  
0.721277  0.34958  0.597964  2  2  2  2  2  2  6.12323e-17  1  5.95e-26  
2.69229e-17  0.439685  0.898152  2  2  2  2  2  2  0.305298  0.952257  1.61333e-25  
0.806323  0.591476  2.11967e-24  2  2  2  2  2  2  2.30557e-17  0.376528  0.926405  
4.24278e-17  0.692898  0.721036  2  2  2  2  2  2  0.262297  0.452553  0.852289  
0.450333  0  0.892861  2  2  2  2  2  2  0.716675  0.472503  0.512949  
0.740946  0  0.671565  2  2  2  2  2  2  0.679234  0  0.733921  
0.699819  0  0.71432  2  2  2  2  2  2  0.362178  0.566781  0.739991  
0.53287  0.778663  0.331261  2  2  2  2  2  2  0.884288  0.466943  1.15703e-25  
5.09647e-17  0.832317  0.554301  2  2  2  2  2  2  0.390198  0.401032  0.828806  
0.537721  0.629427  0.560962  2  2  2  2  2  2  0.710823  0.294844  0.63859  
0.393823  0.290986  0.871914  2  2  2  2  2  2  0.227539  0  0.973769  
0.28925  0.274729  0.916983  2  2  2  2  2  2  0.4639  0.674032  0.574871  
0.837986  0.545692  4.94259e-25  2  2  2  2  2  2  3.42893e-17  0.559987  0.828501  
5.6209e-17  0.917963  0.396667  2  2  2  2  2  2  0.981156  0  0.193219  
0.788106  0.315032  0.528814  2  2  2  2  2  2  0.918575  0.282692  0.276233  
1.20609e-17  0.19697  0.98041  2  2  2  2  2  2  0.520221  0.854032  1.94989e-25  
3.69873e-17  0.604049  0.796947  2  2  2  2  2  2  0.259347  0.775094  0.576167  
5.28519e-17  0.863138  0.504969  2  2  2  2  2  2  0.810395  0.585884  8.11645e-25  
0.772429  0.635101  2.11967e-24  2  2  2  2  2  2  0.768101  0.640329  2.11967e-24  
0.809748  2.15761e-31  0.586778  2  2  2  2  2  2  0.654861  0.704271  0.274153  
0.329274  0.482092  0.811891  2  2  2  2  2  2  0.287028  0.632276  0.719613  
0.952249  2.33501e-17  0.305323  2  2  2  2  2  2  0.762172  0  0.647375  
5.46105e-17  0.891857  0.452317  2  2  2  2  2  2  0.544197  0.416386  0.728335  
5.89693e-17  0.963042  0.269353  2  2  2  2  2  2  0.640045  0.337094  0.690442  
0.668051  0.292359  0.684276  2  2  2  2  2  2  0.576993  0.629463  0.520438  
0.536033  0.480127  0.694368  2  2  2  2  2  2  0.320948  0  0.947097  
0.613962  0  0.789336  2  2  2  2  2  2  0.915963  0.401263  2.86938e-26  
0.612617  0.79038  7.44159e-25  2  2  2  2  2  2  0.391227  0.641988  0.659389  
0.930756  0.365642  2.86938e-26  2  2  2  2  2  2  0.572143  0.750279  0.331261  
0.313483  0  0.949594  2  2  2  2  2  2  0.52438  0.711244  0.468143  
0.337331  0.78779  0.515358  2  2  2  2  2  2  0.875914  0.387796  0.287037  
0.476339  0.428684  0.767679  2  2  2  2  2  2  5.14232e-17  0.839805  0.542888  
0.775113  0  0.631823  2  2  2  2  2  2  0.575832  0.817568  1.64122e-25  
0.213307  0.976985  1.90713e-24  2  2  2  2  2  2  0.727427  0.686185  5.94696e-26  
0.409571  0.818866  0.402133  2  2  2  2  2  2  0.838069  0  0.545564  
0.928549  1.09263e-24  0.371209  2  2  2  2  2  2  1.82354e-17  0.297806  0.954626  
0.46152  0.757337  0.461996  2  2  2  2  2  2  0.399577  4.57272e-43  0.916699  
0.471761  0.586055  0.658773  2  2  2  2  2  2  0.204249  0.978919  1.7709e-25  
0.415067  0.909791  3.79658e-25  2  2  2  2  2  2  0.627551  0.778575  1.19304e-25  
5.76411e-17  0.941351  0.337428  2  2  2  2  2  2  0.500205  0.810369  0.305119  
0.563301  0  0.826251  2  2  2  2  2  2  0.263349  0.24958  0.931857  
3.38388e-17  0.552629  0.833427  2  2  2  2  2  2  0.902986  1.98838e-30  0.42967  
0.870688  0.491837  5.97559e-26  2  2  2  2  2  2  0.587487  0.477912  0.653039  
0.520793  0.853683  4.43917e-25  2  2  2  2  2  2  0.849765  0.527161  2.80001e-26  
0.56854  0.822656  7.44159e-25  2  2  2  2  2  2  0.672332  0.580836  0.45891  
0.901883  3.69253e-26  0.431981  2  2  2  2  2  2  0.957205  0  0.289412  
0.227539  0  0.973769  2  2  2  2  2  2  3.75197e-17  0.612743  0.790282  
0.415006  0.535159  0.735782  2  2  2  2  2  2  0.299856  0.81522  0.495482  
0.817513  0.378171  0.434349  2  2  2  2  2  2  0.28436  0.91937  0.27184  
0.273393  0.396571  0.876349  2  2  2  2  2  2  0.857344  0.318461  0.404405  
0.786867  0.518781  0.334226  2  2  2  2  2  2  1.22112e-17  0.199423  0.979913  
0.508599  0  0.861004  2  2  2  2  2  2  0.480459  0.535735  0.694368  
0.357504  0.933911  3.98424e-25  2  2  2  2  2  2  0.466643  0  0.884446  
0.587542  0.337984  0.735229  2  2  2  2  2  2  0.528147  0  0.849153  
0.469166  0.88311  1.30411e-23  2  2  2  2  2  2  0.972399  0.233322  1.13875e-25  
0.655956  0  0.754799  2  2  2  2  2  2  2.67668e-17  0.437135  0.899396  
6.12323e-17  1  4.52168e-17  2  2  2  2  2  2  0.36035  0.841687  0.402133  
0.873104  9.55863e-20  0.487535  2  2  2  2  2  2  0.578311  0  0.815817  
0.283722  0.573886  0.768217  2  2  2  2  2  2  0.593197  0.278215  0.755456  
0.846418  0.440321  0.29949  2  2  2  2  2  2  0.441067  0.464897  0.767679  
5.71708e-13  0.29455  0.955636  2  2  2  2  2  2  0.679263  0.733895  3.98694e-25  
3.07061e-17  0.501468  0.865176  2  2  2  2  2  2  1  0  1.50733e-26  
0.52544  0.288076  0.800578  2  2  2  2  2  2  0.799841  1.50502e-39  0.600211  
0.620574  0.722164  0.30556  2  2  2  2  2  2  0.410088  0.868304  0.279064  
3.99344e-17  0.652178  0.758066  2  2  2  2  2  2  0.50358  0.324651  0.80063  
0.586498  0.537442  0.60595  2  2  2  2  2  2  5.36595e-17  0.876326  0.481719  
0.294381  0.955688  7.86168e-24  2  2  2  2  2  2  4.88416e-17  0.797643  0.603129  
4.47269e-17  0.730445  0.682971  2  2  2  2  2  2  0.945961  0.324279  1.98181e-25  
1  8.71967e-17  4.53367e-17  2  2  2  2  2  2  4.05507e-17  0.662243  0.749289  
6.11973e-17  2.07092e-18  1  2  2  2  2  2  2  0.431242  0.269011  0.861199  
0.957035  0.289971  5.03426e-24  2  2  2  2  2  2  0.628941  0.53574  0.563397  
0.905931  0.311669  0.28662  2  2  2  2  2  2  4.61624e-17  0.753889  0.657002  
0.446181  0.846566  0.290263  2  2  2  2  2  2  0.525602  0.586742  0.616017  
0.750618  0.452238  0.481719  2  2  2  2  2  2  0.298817  0.521667  0.799107  
0.484658  0.703494  0.519811  2  2  2  2  2  2  0.45899  0.888441  1.23114e-26  
0.421372  0.364719  0.830317  2  2  2  2  2  2  6.11973e-17  2.07092e-18  1  
0.721184  0.56582  0.399676  2  2  2  2  2  2  0.783411  0.559453  0.270702  
0.842191  2.08592e-33  0.539179  2  2  2  2  2  2  5.95488e-17  0.972506  0.232876  
0.638623  0.595947  0.486834  2  2  2  2  2  2  0.711017  0.623777  0.324588  
0.678198  0.492481  0.545445  2  2  2  2  2  2  0.390683  0.920525  9.58097e-27  
0.657246  0.753676  2.11967e-24  2  2  2  2  2  2  0.454025  0.781077  0.428696  
0.865743  0.298708  0.401576  2  2  2  2  2  2  0.312482  0.333206  0.889567  
0.980876  0.194634  8.91982e-20  2  2  2  2  2  2  0.630133  0  0.776487  
0.974816  0  0.223009  2  2  2  2  2  2  5.58315e-17  0.911797  0.410641  
4.69275e-17  0.766385  0.642382  2  2  2  2  2  2  0.622027  0.668427  0.407784  
0.294225  0.851158  0.434697  2  2  2  2  2  2  0.931473  0  0.363811  
0.632428  0.426785  0.646444  2  2  2  2  2  2  0.873484  2.94861e-38  0.486854  
2.2656e-17  0.37  0.929032  2  2  2  2  2  2  0.401555  0.745517  0.531938  
4.90045e-17  0.800305  0.599593  2  2  2  2  2  2  0.757349  0.334446  0.560865  
0.58795  0.681774  0.435314  2  2  2  2  2  2  0.817744  0.275064  0.505603  
0.901447  0.43289  3.97816e-28  2  2  2  2  2  2  4.34665e-17  0.709862  0.704341  
0.323151  0.638489  0.698502  2  2  2  2  2  2  0.790572  0.411944  0.453099  
0.686326  0.646814  0.332549  2  2  2  2  2  2  0.293188  0.891305  0.345856  
0.392844  0.675824  0.623647  2  2  2  2  2  2  0.674584  0.423806  0.604421  
0.385922  1.24975e-34  0.922531  2  2  2  2  2  2  0.721782  0  0.69212  
6.02306e-17  0.98364  0.180146  2  2  2  2  2  2  0.310845  0.714324  0.62699  
0.319518  0.894836  0.311732  2  2  2  2  2  2  0.823758  0.465468  0.32367  
0.699447  0.714685  5.70232e-25  2  2  2  2  2  2  3.07584e-17  0.502323  0.86468  
0.736931  0.675968  1.30235e-26  2  2  2  2  2  2  5.78153e-17  0.944195  0.329387  
0.313491  0.742959  0.591385  2  2  2  2  2  2  0.750956  0.523886  0.402006  
0.721277  0.34958  0.597964  2  2  2  2  2  2  6.12323e-17  1  2.26328e-28  
2.68815e-17  0.439009  0.898483  2  2  2  2  2  2  0.308519  0.951218  9.70318e-27  
0.806742  0.590904  9.94736e-27  2  2  2  2  2  2  2.30557e-17  0.376528  0.926405  
4.23549e-17  0.691708  0.722177  2  2  2  2  2  2  0.262771  0.453848  0.851454  
0.450333  0  0.892861  2  2  2  2  2  2  0.716776  0.47235  0.512949  
0.740946  0  0.671565  2  2  2  2  2  2  0.678871  0  0.734258  
0.699768  0  0.71437  2  2  2  2  2  2  0.362418  0.567723  0.739151  
0.53287  0.778663  0.331261  2  2  2  2  2  2  0.88425  0.467014  2.14127e-27  
5.09402e-17  0.831916  0.554901  2  2  2  2  2  2  0.38982  0.401916  0.828555  
0.537577  0.629956  0.560505  2  2  2  2  2  2  0.710704  0.295131  0.63859  
0.393823  0.290986  0.871914  2  2  2  2  2  2  0.227539  0  0.973769  
0.28925  0.274729  0.916983  2  2  2  2  2  2  0.464026  0.674215  0.574555  
0.838488  0.54492  3.49625e-26  2  2  2  2  2  2  3.43507e-17  0.56099  0.827823  
5.61935e-17  0.91771  0.397251  2  2  2  2  2  2  0.981072  0  0.193644  
0.788106  0.315032  0.528814  2  2  2  2  2  2  0.918356  0.282774  0.276879  
1.20609e-17  0.19697  0.98041  2  2  2  2  2  2  0.521845  0.85304  6.05508e-28  
3.69768e-17  0.603877  0.797077  2  2  2  2  2  2  0.259417  0.775762  0.575235  
5.28291e-17  0.862764  0.505607  2  2  2  2  2  2  0.810186  0.586173  9.43186e-27  
0.772704  0.634766  7.68063e-27  2  2  2  2  2  2  0.767746  0.640755  1.97625e-27  
0.809748  2.15761e-31  0.586778  2  2  2  2  2  2  0.654875  0.704287  0.274077  
0.328759  0.481108  0.812682  2  2  2  2  2  2  0.287783  0.633132  0.718558  
0.952249  2.33501e-17  0.305323  2  2  2  2  2  2  0.76213  0  0.647424  
5.458e-17  0.89136  0.453297  2  2  2  2  2  2  0.544197  0.416386  0.728335  
5.89617e-17  0.962918  0.269793  2  2  2  2  2  2  0.639666  0.337173  0.690754  
0.669834  0.29001  0.683534  2  2  2  2  2  2  0.576864  0.629582  0.520438  
0.537718  0.478239  0.694368  2  2  2  2  2  2  0.320922  0  0.947106  
0.613503  0  0.789692  2  2  2  2  2  2  0.916094  0.400965  1.22072e-26  
0.612617  0.79038  7.44159e-25  2  2  2  2  2  2  0.39147  0.64273  0.658521  
0.930591  0.36606  4.58813e-26  2  2  2  2  2  2  0.573016  0.749405  0.331731  
0.313256  0  0.949669  2  2  2  2  2  2  0.524032  0.7115  0.468143  
0.337331  0.78779  0.515358  2  2  2  2  2  2  0.875685  0.388329  0.287014  
0.476339  0.428684  0.767679  2  2  2  2  2  2  5.14749e-17  0.840649  0.54158  
0.775113  0  0.631823  2  2  2  2  2  2  0.576027  0.817431  9.5729e-27  
0.21417  0.976796  4.4443e-26  2  2  2  2  2  2  0.727237  0.686387  1.23213e-26  
0.409571  0.818866  0.402133  2  2  2  2  2  2  0.837994  0  0.545679  
0.928549  1.09263e-24  0.371209  2  2  2  2  2  2  1.82403e-17  0.297886  0.954601  
0.46152  0.757337  0.461996  2  2  2  2  2  2  0.399181  0  0.916872  
0.472204  0.586617  0.657954  2  2  2  2  2  2  0.206909  0.97836  1.02877e-27  
0.415791  0.90946  2.39681e-25  2  2  2  2  2  2  0.627564  0.778565  4.21186e-28  
5.7626e-17  0.941105  0.338116  2  2  2  2  2  2  0.50301  0.809446  0.302948  
0.562981  0  0.82647  2  2  2  2  2  2  0.26302  0.249788  0.931894  
3.38161e-17  0.552259  0.833672  2  2  2  2  2  2  0.902886  3.78938e-39  0.42988  
0.87104  0.491212  9.10944e-26  2  2  2  2  2  2  0.587487  0.477912  0.653039  
0.521244  0.853408  1.94989e-25  2  2  2  2  2  2  0.849765  0.527161  1.27001e-26  
0.56906  0.822296  1.18191e-26  2  2  2  2  2  2  0.672332  0.580836  0.45891  
0.901883  3.69253e-26  0.431981  2  2  2  2  2  2  0.957205  0  0.289412  
0.227539  0  0.973769  2  2  2  2  2  2  3.7572e-17  0.613597  0.789619  
0.416299  0.534617  0.735445  2  2  2  2  2  2  0.300074  0.815813  0.494378  
0.817513  0.378171  0.434349  2  2  2  2  2  2  0.252874  0.931184  0.262587  
0.273393  0.396571  0.876349  2  2  2  2  2  2  0.857344  0.318461  0.404405  
0.786867  0.518781  0.334226  2  2  2  2  2  2  1.22112e-17  0.199423  0.979913  
0.508599  0  0.861004  2  2  2  2  2  2  0.480459  0.535735  0.694368  
0.358227  0.933635  1.61333e-25  2  2  2  2  2  2  0.466643  0  0.884446  
0.587542  0.337984  0.735229  2  2  2  2  2  2  0.527914  0  0.849298  
0.470393  0.882457  2.39681e-25  2  2  2  2  2  2  0.972368  0.233455  3.97816e-28  
0.65561  0  0.7551  2  2  2  2  2  2  2.68137e-17  0.437901  0.899023  
6.12323e-17  1  4.52168e-17  2  2  2  2  2  2  0.359785  0.842547  0.400835  
0.873104  9.55863e-20  0.487535  2  2  2  2  2  2  0.578112  0  0.815958  
0.283722  0.573886  0.768217  2  2  2  2  2  2  0.593197  0.278215  0.755456  
0.846418  0.440321  0.29949  2  2  2  2  2  2  0.440833  0.465119  0.767679  
5.71708e-13  0.29455  0.955636  2  2  2  2  2  2  0.679192  0.73396  4.21186e-28  
3.07051e-17  0.501453  0.865185  2  2  2  2  2  2  1  0  1.20576e-26  
0.525683  0.288998  0.800086  2  2  2  2  2  2  0.799841  6.03118e-49  0.600211  
0.620574  0.722164  0.30556  2  2  2  2  2  2  0.42055  0.865749  0.271324  
3.98799e-17  0.651288  0.758831  2  2  2  2  2  2  0.50358  0.324651  0.80063  
0.587092  0.538597  0.604348  2  2  2  2  2  2  5.3753e-17  0.877853  0.47893  
0.295119  0.95546  1.74185e-26  2  2  2  2  2  2  4.89007e-17  0.798609  0.60185  
4.46943e-17  0.729914  0.683539  2  2  2  2  2  2  0.945961  0.324279  5.23802e-28  
1  8.71967e-17  4.53367e-17  2  2  2  2  2  2  4.05949e-17  0.662965  0.74865  
6.11973e-17  2.07092e-18  1  2  2  2  2  2  2  0.431037  0.26934  0.861199  
