0.917571  0.603325  2.14317  2.20233  1.79769e+308  1.79769e+308  0.917571  0.603325  
0.754872  0.841732  2.14317  2.20233  1.79769e+308  1.79769e+308  0.754872  0.841732  
0.724704  0.877442  2.14317  2.20233  1.79769e+308  1.79769e+308  0.724704  0.877442  
1.14317  0.231316  2.14317  2.20233  1.79769e+308  1.79769e+308  1.14317  0.231316  
0.755416  0.846838  2.14317  2.20233  1.79769e+308  1.79769e+308  0.755416  0.846838  
0.428516  1.06865  2.14317  2.20233  1.79769e+308  1.79769e+308  0.428516  1.06865  
1.01051  0.385015  2.14317  2.20233  1.79769e+308  1.79769e+308  1.01051  0.385015  
0.684667  0.888454  2.14317  2.20233  1.79769e+308  1.79769e+308  0.684667  0.888454  
1.00521  0.506709  2.14317  2.20233  1.79769e+308  1.79769e+308  1.00521  0.506709  
1.12505  0.318265  2.14317  2.20233  1.79769e+308  1.79769e+308  1.12505  0.318265  
0.536504  0.977582  2.14317  2.20233  1.79769e+308  1.79769e+308  0.536504  0.977582  
0.669531  0.926462  2.14317  2.20233  1.79769e+308  1.79769e+308  0.669531  0.926462  
0.69481  0.909459  2.14317  2.20233  1.79769e+308  1.79769e+308  0.69481  0.909459  
0.250811  1.19699  2.14317  2.20233  1.79769e+308  1.79769e+308  0.250811  1.19699  
0.649334  0.962928  2.14317  2.20233  1.79769e+308  1.79769e+308  0.649334  0.962928  
1.11099  0.257294  2.14317  2.20233  1.79769e+308  1.79769e+308  1.11099  0.257294  
0.941105  0.516652  2.14317  2.20233  1.79769e+308  1.79769e+308  0.941105  0.516652  
0.6431  0.910764  2.14317  2.20233  1.79769e+308  1.79769e+308  0.6431  0.910764  
0.18022  1.20233  2.14317  2.20233  1.79769e+308  1.79769e+308  0.18022  1.20233  
1.00737  0.443839  2.14317  2.20233  1.79769e+308  1.79769e+308  1.00737  0.443839  
0.712218  0.909461  2.14317  2.20233  1.79769e+308  1.79769e+308  0.712218  0.909461  
0.388542  1.09993  2.14317  2.20233  1.79769e+308  1.79769e+308  0.388542  1.09993  
0.177159  1.1809  2.14317  2.20233  1.79769e+308  1.79769e+308  0.177159  1.1809  
0.445746  1.1312  2.14317  2.20233  1.79769e+308  1.79769e+308  0.445746  1.1312  
1.076  0.322264  2.14317  2.20233  1.79769e+308  1.79769e+308  1.076  0.322264  
0.440538  1.08817  2.14317  2.20233  1.79769e+308  1.79769e+308  0.440538  1.08817  
0.409404  1.12103  2.14317  2.20233  1.79769e+308  1.79769e+308  0.409404  1.12103  
1.01237  0.444196  2.14317  2.20233  1.79769e+308  1.79769e+308  1.01237  0.444196  
0.167761  1.15179  2.14317  2.20233  1.79769e+308  1.79769e+308  0.167761  1.15179  
0.187678  1.18275  2.14317  2.20233  1.79769e+308  1.79769e+308  0.187678  1.18275  
0.174376  1.18221  2.14317  2.20233  1.79769e+308  1.79769e+308  0.174376  1.18221  
0.347519  1.10826  2.14317  2.20233  1.79769e+308  1.79769e+308  0.347519  1.10826  
0.865684  0.648045  2.14317  2.20233  1.79769e+308  1.79769e+308  0.865684  0.648045  
0.560743  1.0358  2.14317  2.20233  1.79769e+308  1.79769e+308  0.560743  1.0358  
0.963296  0.535979  2.14317  2.20233  1.79769e+308  1.79769e+308  0.963296  0.535979  
0.992172  0.503855  2.14317  2.20233  1.79769e+308  1.79769e+308  0.992172  0.503855  
0.468887  1.089  2.14317  2.20233  1.79769e+308  1.79769e+308  0.468887  1.089  
0.864558  0.706334  2.14317  2.20233  1.79769e+308  1.79769e+308  0.864558  0.706334  
0.608997  0.949602  2.14317  2.20233  1.79769e+308  1.79769e+308  0.608997  0.949602  
0.949061  0.558353  2.14317  2.20233  1.79769e+308  1.79769e+308  0.949061  0.558353  
0.431781  1.08054  2.14317  2.20233  1.79769e+308  1.79769e+308  0.431781  1.08054  
1.10571  0.175588  2.14317  2.20233  1.79769e+308  1.79769e+308  1.10571  0.175588  
0.195371  1.19368  2.14317  2.20233  1.79769e+308  1.79769e+308  0.195371  1.19368  
0.784558  0.79251  2.14317  2.20233  1.79769e+308  1.79769e+308  0.784558  0.79251  
1.0831  0.264175  2.14317  2.20233  1.79769e+308  1.79769e+308  1.0831  0.264175  
1.08867  0.296147  2.14317  2.20233  1.79769e+308  1.79769e+308  1.08867  0.296147  
1.06447  0.299493  2.14317  2.20233  1.79769e+308  1.79769e+308  1.06447  0.299493  
0.786817  0.865583  2.14317  2.20233  1.79769e+308  1.79769e+308  0.786817  0.865583  
0.718394  0.87306  2.14317  2.20233  1.79769e+308  1.79769e+308  0.718394  0.87306  
1.07314  0.321842  2.14317  2.20233  1.79769e+308  1.79769e+308  1.07314  0.321842  
0.278445  1.1557  2.14317  2.20233  1.79769e+308  1.79769e+308  0.278445  1.1557  
0.297704  1.15414  2.14317  2.20233  1.79769e+308  1.79769e+308  0.297704  1.15414  
0.21076  1.15885  2.14317  2.20233  1.79769e+308  1.79769e+308  0.21076  1.15885  
0.861528  0.658592  2.14317  2.20233  1.79769e+308  1.79769e+308  0.861528  0.658592  
0.898226  0.570751  2.14317  2.20233  1.79769e+308  1.79769e+308  0.898226  0.570751  
0.592816  0.939778  2.14317  2.20233  1.79769e+308  1.79769e+308  0.592816  0.939778  
0.64226  0.985648  2.14317  2.20233  1.79769e+308  1.79769e+308  0.64226  0.985648  
1.10221  0.331355  2.14317  2.20233  1.79769e+308  1.79769e+308  1.10221  0.331355  
0.171481  1.19158  2.14317  2.20233  1.79769e+308  1.79769e+308  0.171481  1.19158  
1.05567  0.39474  2.14317  2.20233  1.79769e+308  1.79769e+308  1.05567  0.39474  
0.780848  0.872265  2.14317  2.20233  1.79769e+308  1.79769e+308  0.780848  0.872265  
1.1255  0.24266  2.14317  2.20233  1.79769e+308  1.79769e+308  1.1255  0.24266  
0.617866  0.995876  2.14317  2.20233  1.79769e+308  1.79769e+308  0.617866  0.995876  
0.522896  1.0529  2.14317  2.20233  1.79769e+308  1.79769e+308  0.522896  1.0529  
0.920691  0.628199  2.14317  2.20233  1.79769e+308  1.79769e+308  0.920691  0.628199  
0.438866  1.1283  2.14317  2.20233  1.79769e+308  1.79769e+308  0.438866  1.1283  
0.393325  1.11525  2.14317  2.20233  1.79769e+308  1.79769e+308  0.393325  1.11525  
0.383444  1.17887  2.14317  2.20233  1.79769e+308  1.79769e+308  0.383444  1.17887  
1.03885  0.444707  2.14317  2.20233  1.79769e+308  1.79769e+308  1.03885  0.444707  
1.09279  0.34877  2.14317  2.20233  1.79769e+308  1.79769e+308  1.09279  0.34877  
0.683877  0.930044  2.14317  2.20233  1.79769e+308  1.79769e+308  0.683877  0.930044  
0.767583  0.85903  2.14317  2.20233  1.79769e+308  1.79769e+308  0.767583  0.85903  
0.436641  1.04862  2.14317  2.20233  1.79769e+308  1.79769e+308  0.436641  1.04862  
0.59345  0.998289  2.14317  2.20233  1.79769e+308  1.79769e+308  0.59345  0.998289  
0.313218  1.16355  2.14317  2.20233  1.79769e+308  1.79769e+308  0.313218  1.16355  
0.490964  1.09589  2.14317  2.20233  1.79769e+308  1.79769e+308  0.490964  1.09589  
0.180271  1.1787  2.14317  2.20233  1.79769e+308  1.79769e+308  0.180271  1.1787  
0.622991  0.974064  2.14317  2.20233  1.79769e+308  1.79769e+308  0.622991  0.974064  
1.06386  0.387364  2.14317  2.20233  1.79769e+308  1.79769e+308  1.06386  0.387364  
0.743771  0.88698  2.14317  2.20233  1.79769e+308  1.79769e+308  0.743771  0.88698  
0.94829  0.550013  2.14317  2.20233  1.79769e+308  1.79769e+308  0.94829  0.550013  
1.11189  0.245353  2.14317  2.20233  1.79769e+308  1.79769e+308  1.11189  0.245353  
0.527264  1.05525  2.14317  2.20233  1.79769e+308  1.79769e+308  0.527264  1.05525  
0.812227  0.718844  2.14317  2.20233  1.79769e+308  1.79769e+308  0.812227  0.718844  
0.337633  1.13974  2.14317  2.20233  1.79769e+308  1.79769e+308  0.337633  1.13974  
0.849215  0.778101  2.14317  2.20233  1.79769e+308  1.79769e+308  0.849215  0.778101  
0.907606  0.61219  2.14317  2.20233  1.79769e+308  1.79769e+308  0.907606  0.61219  
0.811241  0.68158  2.14317  2.20233  1.79769e+308  1.79769e+308  0.811241  0.68158  
0.182058  1.19695  2.14317  2.20233  1.79769e+308  1.79769e+308  0.182058  1.19695  
0.819997  0.75925  2.14317  2.20233  1.79769e+308  1.79769e+308  0.819997  0.75925  
0.567596  0.999512  2.14317  2.20233  1.79769e+308  1.79769e+308  0.567596  0.999512  
0.288345  1.12798  2.14317  2.20233  1.79769e+308  1.79769e+308  0.288345  1.12798  
0.42379  1.1207  2.14317  2.20233  1.79769e+308  1.79769e+308  0.42379  1.1207  
0.226683  1.18895  2.14317  2.20233  1.79769e+308  1.79769e+308  0.226683  1.18895  
0.694789  0.93388  2.14317  2.20233  1.79769e+308  1.79769e+308  0.694789  0.93388  
0.45871  1.0984  2.14317  2.20233  1.79769e+308  1.79769e+308  0.45871  1.0984  
0.247311  1.17941  2.14317  2.20233  1.79769e+308  1.79769e+308  0.247311  1.17941  
0.788677  0.794712  2.14317  2.20233  1.79769e+308  1.79769e+308  0.788677  0.794712  
0.532676  1.05017  2.14317  2.20233  1.79769e+308  1.79769e+308  0.532676  1.05017  
0.501795  1.03321  2.14317  2.20233  1.79769e+308  1.79769e+308  0.501795  1.03321  
0.695595  0.591367  2.02771  2.03348  2.02771  2.01971  0.666508  0.609955  
0.218668  0.980323  2.02771  2.03348  2.02771  2.01971  0.409375  0.883162  
0.743119  0.513547  2.02771  2.03348  2.02771  2.01971  0.565506  0.729189  
0.796921  0.445709  2.02771  2.03348  2.02771  2.01971  0.806267  0.417924  
1.00073  0.0973326  2.02771  2.03348  2.02771  2.01971  0.40229  0.883175  
0.473762  0.82631  2.02771  2.03348  2.02771  2.01971  1.01503  0.0516516  
0.98272  0.115894  2.02771  2.03348  2.02771  2.01971  0.743119  0.523976  
0.66641  0.616563  2.02771  2.03348  2.02771  2.01971  1.01808  0.0475593  
1.00692  0.0639931  2.02771  2.03348  2.02771  2.01971  0.990803  0.10052  
0.794228  0.451364  2.02771  2.03348  2.02771  2.01971  0.862415  0.322086  
0.0483231  1.01344  2.02771  2.03348  2.02771  2.01971  0.749446  0.508885  
0.343738  0.922538  2.02771  2.03348  2.02771  2.01971  0.984662  0.108375  
0.513025  0.782074  2.02771  2.03348  2.02771  2.01971  0.571078  0.72856  
0.0385413  1.01424  2.02771  2.03348  2.02771  2.01971  0.482446  0.819574  
0.698737  0.574315  2.02771  2.03348  2.02771  2.01971  0.613366  0.682235  
0.55825  0.729189  2.02771  2.03348  2.02771  2.01971  0.343797  0.922509  
0.981174  0.116693  2.02771  2.03348  2.02771  2.01971  0.816747  0.39445  
0.853288  0.334538  2.02771  2.03348  2.02771  2.01971  0.900959  0.265882  
0.476823  0.822539  2.02771  2.03348  2.02771  2.01971  0.280056  0.972952  
0.961931  0.150453  2.02771  2.03348  2.02771  2.01971  0.961931  0.150453  
0.953892  0.155988  2.02771  2.03348  2.02771  2.01971  0.182401  0.996713  
0.394524  0.889097  2.02771  2.03348  2.02771  2.01971  0.558233  0.744377  
0.317803  0.965694  2.02771  2.03348  2.02771  2.01971  0.743119  0.513547  
1.02771  0.021966  2.02771  2.03348  2.02771  2.01971  0.513025  0.782074  
0.798075  0.4388  2.02771  2.03348  2.02771  2.01971  0.188988  0.995324  
0.318221  0.950842  2.02771  2.03348  2.02771  2.01971  0.850037  0.334622  
1.01439  0.054342  2.02771  2.03348  2.02771  2.01971  0.849782  0.340279  
0.914322  0.255946  2.02771  2.03348  2.02771  2.01971  0.336389  0.925098  
0.695724  0.582589  2.02771  2.03348  2.02771  2.01971  0.611798  0.687339  
0.914501  0.246738  2.02771  2.03348  2.02771  2.01971  1.00696  0.0639307  
0.348027  0.922484  2.02771  2.03348  2.02771  2.01971  1.02227  0.0258804  
0.666508  0.609955  2.02771  2.03348  2.02771  2.01971  0.473762  0.82631  
0.949279  0.169061  2.02771  2.03348  2.02771  2.01971  0.982441  0.116099  
0.821539  0.364227  2.02771  2.03348  2.02771  2.01971  0.862415  0.321843  
0.40229  0.883175  2.02771  2.03348  2.02771  2.01971  0.895918  0.266576  
1.01504  0.0506617  2.02771  2.03348  2.02771  2.01971  1.00691  0.0707627  
0.52144  0.776693  2.02771  2.03348  2.02771  2.01971  0.463232  0.841771  
0.894319  0.280359  2.02771  2.03348  2.02771  2.01971  0.280056  0.97314  
0.218359  0.991764  2.02771  2.03348  2.02771  2.01971  0.55825  0.729189  
0.319848  0.939133  2.02771  2.03348  2.02771  2.01971  0.0277079  1.01971  
0.611526  0.691871  2.02771  2.03348  2.02771  2.01971  0.361306  0.904323  
0.394148  0.889292  2.02771  2.03348  2.02771  2.01971  1.02771  0.021966  
1.00508  0.081475  2.02771  2.03348  2.02771  2.01971  0.319848  0.939747  
0.514182  0.780934  2.02771  2.03348  2.02771  2.01971  0.914322  0.255946  
0.409377  0.883162  2.02771  2.03348  2.02771  2.01971  0.565531  0.72856  
1.0139  0.0582218  2.02771  2.03348  2.02771  2.01971  0.914501  0.246738  
0.895918  0.266576  2.02771  2.03348  2.02771  2.01971  0.953892  0.155988  
0.0331121  1.01945  2.02771  2.03348  2.02771  2.01971  0.794228  0.451364  
0.0277079  1.01971  2.02771  2.03348  2.02771  2.01971  0.404106  0.883174  
0.990803  0.10052  2.02771  2.03348  2.02771  2.01971  0.712146  0.543086  
0.699073  0.571367  2.02771  2.03348  2.02771  2.01971  0.919429  0.232026  
0.900959  0.265882  2.02771  2.03348  2.02771  2.01971  0.0385008  1.01511  
0.613366  0.682235  2.02771  2.03348  2.02771  2.01971  0.0331121  1.01945  
0.800158  0.437233  2.02771  2.03348  2.02771  2.01971  0.611526  0.691871  
0.799551  0.43805  2.02771  2.03348  2.02771  2.01971  0.907219  0.263634  
0.667876  0.606983  2.02771  2.03348  2.02771  2.01971  0.361303  0.915783  
0.665416  0.619242  2.02771  2.03348  2.02771  2.01971  0.481765  0.821961  
0.361255  0.917372  2.02771  2.03348  2.02771  2.01971  0.620624  0.673143  
1.02227  0.0258804  2.02771  2.03348  2.02771  2.01971  0.476823  0.822539  
0.919429  0.232026  2.02771  2.03348  2.02771  2.01971  0.695811  0.576093  
0.981476  0.116342  2.02771  2.03348  2.02771  2.01971  0.669206  0.603823  
0.182401  0.996713  2.02771  2.03348  2.02771  2.01971  0.463232  0.833636  
0.803243  0.432138  2.02771  2.03348  2.02771  2.01971  0.182455  0.9955  
1.00429  0.0842528  2.02771  2.03348  2.02771  2.01971  0.482422  0.819731  
0.712129  0.543779  2.02771  2.03348  2.02771  2.01971  1.01454  0.0596208  
1.00315  0.0878316  2.02771  2.03348  2.02771  2.01971  0.402287  0.885633  
0.984662  0.108375  2.02771  2.03348  2.02771  2.01971  0.52144  0.776693  
0.336389  0.925098  2.02771  2.03348  2.02771  2.01971  1.01504  0.0506617  
0.907219  0.263634  2.02771  2.03348  2.02771  2.01971  0.319848  0.939133  
0.481765  0.821961  2.02771  2.03348  2.02771  2.01971  0.66641  0.616563  
1.01951  0.0465801  2.02771  2.03348  2.02771  2.01971  0.894319  0.280359  
0.862415  0.321843  2.02771  2.03348  2.02771  2.01971  0.219763  0.978978  
0.695811  0.576093  2.02771  2.03348  2.02771  2.01971  0.394148  0.889292  
0.61166  0.688632  2.02771  2.03348  2.02771  2.01971  0.0277079  1.03348  
0.463232  0.833636  2.02771  2.03348  2.02771  2.01971  0.318221  0.950842  
0.749446  0.508885  2.02771  2.03348  2.02771  2.01971  0.317803  0.965694  
0.280056  0.972952  2.02771  2.03348  2.02771  2.01971  0.0483231  1.01344  
0.219763  0.978978  2.02771  2.03348  2.02771  2.01971  0.0385413  1.01424  
0.611798  0.687339  2.02771  2.03348  2.02771  2.01971  0.798075  0.4388  
0.806267  0.417924  2.02771  2.03348  2.02771  2.01971  1.00315  0.0878315  
0.8022  0.433757  2.02771  2.03348  2.02771  2.01971  1.00564  0.0877607  
0.482445  0.819574  2.02771  2.03348  2.02771  2.01971  0.98272  0.115894  
0.816747  0.39445  2.02771  2.03348  2.02771  2.01971  0.361255  0.917372  
0.807154  0.417842  2.02771  2.03348  2.02771  2.01971  0.667876  0.606983  
1.00308  0.0884026  2.02771  2.03348  2.02771  2.01971  0.361305  0.91534  
0.850037  0.334622  2.02771  2.03348  2.02771  2.01971  0.665416  0.619242  
0.849782  0.340279  2.02771  2.03348  2.02771  2.01971  0.821539  0.364227  
0.712146  0.543086  2.02771  2.03348  2.02771  2.01971  0.803243  0.432138  
0.361306  0.904323  2.02771  2.03348  2.02771  2.01971  0.699073  0.571367  
0.620624  0.673143  2.02771  2.03348  2.02771  2.01971  0.514182  0.780934  
0.565531  0.72856  2.02771  2.03348  2.02771  2.01971  0.894344  0.271952  
0.182455  0.9955  2.02771  2.03348  2.02771  2.01971  0.0297113  1.01964  
0.188988  0.995324  2.02771  2.03348  2.02771  2.01971  0.545952  0.758713  
0.821479  0.366277  2.02771  2.03348  2.02771  2.01971  0.849781  0.351913  
0.894344  0.271952  2.02771  2.03348  2.02771  2.01971  0.218359  0.991764  
0.953769  0.157017  2.02771  2.03348  2.02771  2.01971  0.981476  0.116342  
0.669206  0.603823  2.02771  2.03348  2.02771  2.01971  0.949279  0.169061  
1.00696  0.0639307  2.02771  2.03348  2.02771  2.01971  0.981174  0.116693  
1.01808  0.0475593  2.02771  2.03348  2.02771  2.01971  0.95388  0.157421  
0.545952  0.758713  2.02771  2.03348  2.02771  2.01971  0.218668  0.980323  
1.00331  0.0793471  2.02808  2.01715  2.02808  2.01715  0.798017  0.438182  
0.569305  0.72657  2.02808  2.01715  2.02808  2.01715  0.250629  0.971076  
0.743089  0.513095  2.02808  2.01715  2.02808  2.01715  1.01286  0.0568534  
0.566343  0.726612  2.02808  2.01715  2.02808  2.01715  0.401681  0.883356  
0.661018  0.634873  2.02808  2.01715  2.02808  2.01715  1.00556  0.0576504  
1.00357  0.0763978  2.02808  2.01715  2.02808  2.01715  0.463136  0.833512  
0.8497  0.334455  2.02808  2.01715  2.02808  2.01715  1.02198  0.0257224  
0.661722  0.634212  2.02808  2.01715  2.02808  2.01715  0.82169  0.363944  
0.82169  0.363944  2.02808  2.01715  2.02808  2.01715  0.990796  0.0997998  
0.794149  0.451421  2.02808  2.01715  2.02808  2.01715  0.683912  0.596159  
0.68599  0.592623  2.02808  2.01715  2.02808  2.01715  1.02322  0.0228028  
0.18187  0.995323  2.02808  2.01715  2.02808  2.01715  0.711782  0.543087  
0.33334  0.925378  2.02808  2.01715  2.02808  2.01715  0.79517  0.441604  
0.997551  0.0923654  2.02808  2.01715  2.02808  2.01715  0.949172  0.168787  
0.913619  0.246605  2.02808  2.01715  2.02808  2.01715  0.995937  0.096809  
0.694986  0.573884  2.02808  2.01715  2.02808  2.01715  0.662931  0.63076  
0.611208  0.677631  2.02808  2.01715  2.02808  2.01715  0.99679  0.0940919  
1.01503  0.0504754  2.02808  2.01715  2.02808  2.01715  0.694986  0.573884  
0.662931  0.63076  2.02808  2.01715  2.02808  2.01715  0.21865  0.978718  
0.961686  0.150276  2.02808  2.01715  2.02808  2.01715  1.02808  0.0218661  
0.953301  0.155917  2.02808  2.01715  2.02808  2.01715  0.665292  0.618654  
0.394124  0.888931  2.02808  2.01715  2.02808  2.01715  0.557516  0.72858  
1.02142  0.0417643  2.02808  2.01715  2.02808  2.01715  0.743089  0.513095  
1.02808  0.0218661  2.02808  2.01715  2.02808  2.01715  0.310793  0.942237  
0.798017  0.438182  2.02808  2.01715  2.02808  2.01715  0.181987  0.995191  
0.361253  0.902945  2.02808  2.01715  2.02808  2.01715  0.334714  0.922222  
1.01425  0.0521257  2.02808  2.01715  2.02808  2.01715  0.482413  0.819574  
0.977757  0.104442  2.02808  2.01715  2.02808  2.01715  0.794149  0.451421  
0.79517  0.441604  2.02808  2.01715  2.02808  2.01715  0.749402  0.508885  
0.657145  0.635552  2.02808  2.01715  2.02808  2.01715  0.66636  0.607525  
0.8952  0.256711  2.02808  2.01715  2.02808  2.01715  1.00357  0.0763978  
1.0023  0.0819645  2.02808  2.01715  2.02808  2.01715  0.611208  0.677631  
0.990796  0.0997998  2.02808  2.01715  2.02808  2.01715  0.654924  0.636697  
0.0336533  1.01444  2.02808  2.01715  2.02808  2.01715  0.661722  0.634212  
0.402036  0.883011  2.02808  2.01715  2.02808  2.01715  0.689626  0.583386  
0.689626  0.583386  2.02808  2.01715  2.02808  2.01715  1.00507  0.0719443  
1.01612  0.0486821  2.02808  2.01715  2.02808  2.01715  0.8497  0.334455  
0.698842  0.571095  2.02808  2.01715  2.02808  2.01715  0.661018  0.634873  
0.217362  0.978777  2.02808  2.01715  2.02808  2.01715  0.913619  0.246605  
0.319723  0.938817  2.02808  2.01715  2.02808  2.01715  0.361253  0.902945  
0.981834  0.100549  2.02808  2.01715  2.02808  2.01715  0.8952  0.256711  
0.242199  0.974378  2.02808  2.01715  2.02808  2.01715  0.68599  0.592623  
1.00556  0.0576504  2.02808  2.01715  2.02808  2.01715  0.0278279  1.01702  
0.66636  0.607525  2.02808  2.01715  2.02808  2.01715  0.669135  0.598856  
1.01286  0.0568534  2.02808  2.01715  2.02808  2.01715  0.242199  0.974378  
0.0274924  1.01715  2.02808  2.01715  2.02808  2.01715  0.961686  0.150276  
0.998859  0.0888982  2.02808  2.01715  2.02808  2.01715  0.799734  0.415947  
0.0341523  1.01321  2.02808  2.01715  2.02808  2.01715  0.0341523  1.01321  
0.654924  0.636697  2.02808  2.01715  2.02808  2.01715  0.983054  0.100505  
0.983054  0.100505  2.02808  2.01715  2.02808  2.01715  0.816665  0.394381  
1.01366  0.0561651  2.02808  2.01715  2.02808  2.01715  1.0023  0.0819642  
0.557516  0.72858  2.02808  2.01715  2.02808  2.01715  1.01612  0.0486821  
0.65433  0.638138  2.02808  2.01715  2.02808  2.01715  0.997551  0.0923653  
0.693742  0.576528  2.02808  2.01715  2.02808  2.01715  1.01503  0.0504754  
0.250629  0.971076  2.02808  2.01715  2.02808  2.01715  0.613428  0.673084  
0.816665  0.394381  2.02808  2.01715  2.02808  2.01715  1.01912  0.0454755  
0.689521  0.587836  2.02808  2.01715  2.02808  2.01715  1.01366  0.0561651  
0.401681  0.883356  2.02808  2.01715  2.02808  2.01715  0.512075  0.773914  
1.02198  0.0257224  2.02808  2.01715  2.02808  2.01715  1.02024  0.0436618  
0.250719  0.971019  2.02808  2.01715  2.02808  2.01715  0.998859  0.0888982  
0.995937  0.096809  2.02808  2.01715  2.02808  2.01715  0.698842  0.571095  
1.02322  0.0228029  2.02808  2.01715  2.02808  2.01715  0.711998  0.543052  
0.669135  0.598856  2.02808  2.01715  2.02808  2.01715  0.229262  0.977834  
1.00385  0.0748716  2.02808  2.01715  2.02808  2.01715  0.0336532  1.01444  
1.00058  0.0871523  2.02808  2.01715  2.02808  2.01715  0.647028  0.643169  
0.613428  0.673084  2.02808  2.01715  2.02808  2.01715  0.684713  0.594277  
0.473179  0.821445  2.02808  2.01715  2.02808  2.01715  1.01425  0.0521257  
0.711782  0.543087  2.02808  2.01715  2.02808  2.01715  0.310857  0.941192  
0.0278283  1.01702  2.02808  2.01715  2.02808  2.01715  0.319723  0.938817  
0.684713  0.594277  2.02808  2.01715  2.02808  2.01715  0.394124  0.888931  
1.01912  0.0454755  2.02808  2.01715  2.02808  2.01715  1.00385  0.0748716  
0.862273  0.321723  2.02808  2.01715  2.02808  2.01715  0.569305  0.72657  
0.642026  0.664716  2.02808  2.01715  2.02808  2.01715  0.657145  0.635552  
0.668681  0.599583  2.02808  2.01715  2.02808  2.01715  1.00331  0.0793469  
0.463136  0.833512  2.02808  2.01715  2.02808  2.01715  0.402036  0.883011  
0.749402  0.508885  2.02808  2.01715  2.02808  2.01715  0.691725  0.579549  
0.512075  0.773914  2.02808  2.01715  2.02808  2.01715  0.217362  0.978777  
0.21865  0.978718  2.02808  2.01715  2.02808  2.01715  1.00135  0.0838531  
1.00507  0.0719444  2.02808  2.01715  2.02808  2.01715  0.693742  0.576528  
1.02024  0.0436622  2.02808  2.01715  2.02808  2.01715  1.02142  0.0417641  
0.334714  0.922222  2.02808  2.01715  2.02808  2.01715  0.18187  0.995323  
0.482413  0.819574  2.02808  2.01715  2.02808  2.01715  0.0274924  1.01715  
0.647028  0.643169  2.02808  2.01715  2.02808  2.01715  0.473179  0.821445  
0.683912  0.596159  2.02808  2.01715  2.02808  2.01715  0.977757  0.104442  
0.799734  0.415947  2.02808  2.01715  2.02808  2.01715  0.33334  0.925378  
1.00135  0.0838532  2.02808  2.01715  2.02808  2.01715  0.642026  0.664716  
0.310793  0.942237  2.02808  2.01715  2.02808  2.01715  0.821016  0.364115  
0.711998  0.543052  2.02808  2.01715  2.02808  2.01715  0.689521  0.587836  
0.310857  0.941192  2.02808  2.01715  2.02808  2.01715  0.893537  0.257057  
0.691725  0.579549  2.02808  2.01715  2.02808  2.01715  0.250719  0.971019  
0.229262  0.977834  2.02808  2.01715  2.02808  2.01715  0.862273  0.321723  
0.18199  0.995191  2.02808  2.01715  2.02808  2.01715  1.01808  0.0472007  
0.919429  0.231966  2.02808  2.01715  2.02808  2.01715  0.545937  0.758708  
0.821016  0.364115  2.02808  2.01715  2.02808  2.01715  0.668681  0.599583  
0.665292  0.618654  2.02808  2.01715  2.02808  2.01715  0.981834  0.100549  
0.949172  0.168787  2.02808  2.01715  2.02808  2.01715  0.566343  0.726612  
0.99679  0.0940924  2.02808  2.01715  2.02808  2.01715  0.65433  0.638138  
0.893537  0.257057  2.02808  2.01715  2.02808  2.01715  0.953301  0.155917  
1.01808  0.0472007  2.02808  2.01715  2.02808  2.01715  1.00058  0.0871522  
0.545937  0.758708  2.02808  2.01715  2.02808  2.01715  0.919429  0.231966  
0.665032  0.603334  2.02747  2.04889  2.02747  2.04889  0.796481  0.437901  
0.794118  0.45138  2.02747  2.04889  2.02747  2.04889  0.6857  0.579554  
0.0336532  1.01347  2.02747  2.04889  2.02747  2.04889  0.393889  0.888906  
0.893743  0.256584  2.02747  2.04889  2.02747  2.04889  0.401575  0.883304  
0.401575  0.883304  2.02747  2.04889  2.02747  2.04889  0.463017  0.833311  
0.795691  0.439248  2.02747  2.04889  2.02747  2.04889  0.658529  0.620389  
0.8497  0.334405  2.02747  2.04889  2.02747  2.04889  0.656137  0.623762  
0.393889  0.888906  2.02747  2.04889  2.02747  2.04889  0.821314  0.363858  
1.0003  0.0721631  2.02747  2.04889  2.02747  2.04889  0.512019  0.77393  
1.01151  0.0537295  2.02747  2.04889  2.02747  2.04889  0.919397  0.23196  
0.512805  0.773869  2.02747  2.04889  2.02747  2.04889  1.0231  0.0228028  
0.18187  0.995143  2.02747  2.04889  2.02747  2.04889  0.545928  0.75867  
0.649962  0.632419  2.02747  2.04889  2.02747  2.04889  0.81662  0.39438  
0.217162  0.978641  2.02747  2.04889  2.02747  2.04889  0.655185  0.624739  
0.913528  0.246466  2.02747  2.04889  2.02747  2.04889  0.033169  1.01411  
0.694986  0.573548  2.02747  2.04889  2.02747  2.04889  1.00536  0.05765  
0.611178  0.677602  2.02747  2.04889  2.02747  2.04889  0.0336532  1.01347  
1.01503  0.0490495  2.02747  2.04889  2.02747  2.04889  0.694986  0.573548  
1.00536  0.05765  2.02747  2.04889  2.02747  2.04889  0.961648  0.150118  
0.557439  0.728518  2.02747  2.04889  2.02747  2.04889  1.02747  0.0218051  
0.953232  0.155917  2.02747  2.04889  2.02747  2.04889  0.402297  0.882918  
0.0268665  1.02312  2.02747  2.04889  2.02747  2.04889  0.6448  0.634988  
0.647253  0.634385  2.02747  2.04889  2.02747  2.04889  0.993437  0.0838342  
0.983032  0.100222  2.02747  2.04889  2.02747  2.04889  0.310612  0.941128  
0.796481  0.437901  2.02747  2.04889  2.02747  2.04889  0.685803  0.579346  
0.361162  0.902945  2.02747  2.04889  2.02747  2.04889  0.334547  0.922115  
1.01423  0.0501118  2.02747  2.04889  2.02747  2.04889  0.482413  0.819574  
0.949137  0.168743  2.02747  2.04889  2.02747  2.04889  0.462974  0.833555  
0.218243  0.974223  2.02747  2.04889  2.02747  2.04889  0.749373  0.508859  
0.658136  0.620712  2.02747  2.04889  2.02747  2.04889  0.665032  0.603334  
0.996588  0.077506  2.02747  2.04889  2.02747  2.04889  0.893743  0.256584  
0.997328  0.0730191  2.02747  2.04889  2.02747  2.04889  0.949137  0.168743  
0.794924  0.440132  2.02747  2.04889  2.02747  2.04889  0.66013  0.618563  
0.181989  0.992147  2.02747  2.04889  2.02747  2.04889  0.650114  0.630555  
0.977697  0.101636  2.02747  2.04889  2.02747  2.04889  0.217162  0.978641  
0.668733  0.598538  2.02747  2.04889  2.02747  2.04889  0.8497  0.334405  
0.6448  0.634988  2.02747  2.04889  2.02747  2.04889  1.0003  0.0721631  
0.698842  0.570984  2.02747  2.04889  2.02747  2.04889  0.181989  0.992147  
0.693381  0.576654  2.02747  2.04889  2.02747  2.04889  0.913528  0.246466  
0.319723  0.938786  2.02747  2.04889  2.02747  2.04889  0.361162  0.902945  
0.0274684  1.01695  2.02747  2.04889  2.02747  2.04889  0.996588  0.077506  
0.658529  0.620389  2.02747  2.04889  2.02747  2.04889  0.645848  0.634581  
0.463017  0.833311  2.02747  2.04889  2.02747  2.04889  1.01768  0.0370505  
0.740391  0.512958  2.02747  2.04889  2.02747  2.04889  1.00929  0.0566717  
1.00929  0.0566717  2.02747  2.04889  2.02747  2.04889  0.794924  0.440132  
0.711751  0.542753  2.02747  2.04889  2.02747  2.04889  0.557439  0.728518  
0.919397  0.23196  2.02747  2.04889  2.02747  2.04889  0.979264  0.100281  
0.0341523  1.0132  2.02747  2.04889  2.02747  2.04889  0.0341523  1.0132  
0.821314  0.363858  2.02747  2.04889  2.02747  2.04889  0.333264  0.924814  
1.02747  0.0218051  2.02747  2.04889  2.02747  2.04889  0.794118  0.45138  
0.645848  0.634581  2.02747  2.04889  2.02747  2.04889  0.983032  0.100222  
0.033169  1.01411  2.02747  2.04889  2.02747  2.04889  0.0274684  1.01695  
0.462974  0.833555  2.02747  2.04889  2.02747  2.04889  0.799708  0.415853  
0.711724  0.543895  2.02747  2.04889  2.02747  2.04889  1.01503  0.0490495  
0.310679  0.939608  2.02747  2.04889  2.02747  2.04889  0.613366  0.673075  
0.81662  0.39438  2.02747  2.04889  2.02747  2.04889  0.611178  0.677602  
0.333264  0.924814  2.02747  2.04889  2.02747  2.04889  0.319723  0.938786  
0.949149  0.168706  2.02747  2.04889  2.02747  2.04889  0.711724  0.543895  
1.02191  0.0257135  2.02747  2.04889  2.02747  2.04889  0.995917  0.0805395  
0.250505  0.970942  2.02747  2.04889  2.02747  2.04889  0.218243  0.974223  
0.656137  0.623762  2.02747  2.04889  2.02747  2.04889  0.698842  0.570984  
1.0231  0.0228028  2.02747  2.04889  2.02747  2.04889  0.0268665  1.02312  
0.655185  0.624739  2.02747  2.04889  2.02747  2.04889  1.01151  0.0537295  
0.740409  0.512937  2.02747  2.04889  2.02747  2.04889  1.01686  0.0397767  
0.683097  0.592021  2.02747  2.04889  2.02747  2.04889  0.893506  0.25674  
0.613366  0.673075  2.02747  2.04889  2.02747  2.04889  0.683097  0.592021  
0.473167  0.821416  2.02747  2.04889  2.02747  2.04889  1.01423  0.0501118  
0.512019  0.77393  2.02747  2.04889  2.02747  2.04889  0.997328  0.0730191  
0.66013  0.618563  2.02747  2.04889  2.02747  2.04889  0.310561  0.949831  
0.364839  0.900455  2.02747  2.04889  2.02747  2.04889  0.647253  0.634385  
0.680282  0.596635  2.02747  2.04889  2.02747  2.04889  0.658136  0.620712  
0.862239  0.321654  2.02747  2.04889  2.02747  2.04889  0.565868  0.726386  
0.698371  0.571725  2.02747  2.04889  2.02747  2.04889  0.310592  0.947183  
0.995917  0.0805395  2.02747  2.04889  2.02747  2.04889  0.364839  0.900455  
0.991084  0.0939529  2.02747  2.04889  2.02747  2.04889  0.740409  0.512937  
0.749373  0.508859  2.02747  2.04889  2.02747  2.04889  0.862507  0.321523  
0.95426  0.150877  2.02747  2.04889  2.02747  2.04889  0.949149  0.168706  
0.310592  0.947183  2.02747  2.04889  2.02747  2.04889  0.668733  0.598538  
0.565868  0.726386  2.02747  2.04889  2.02747  2.04889  0.250505  0.970942  
0.979264  0.100281  2.02747  2.04889  2.02747  2.04889  0.512805  0.773869  
0.641063  0.641624  2.02747  2.04889  2.02747  2.04889  0.18187  0.995143  
0.482413  0.819574  2.02747  2.04889  2.02747  2.04889  0.310679  0.939608  
0.961648  0.150118  2.02747  2.04889  2.02747  2.04889  0.473167  0.821416  
0.650114  0.630555  2.02747  2.04889  2.02747  2.04889  0.977697  0.101636  
0.799708  0.415853  2.02747  2.04889  2.02747  2.04889  0.795691  0.439248  
1.01768  0.0370505  2.02747  2.04889  2.02747  2.04889  0.698371  0.571725  
0.310612  0.941128  2.02747  2.04889  2.02747  2.04889  0.82091  0.363978  
0.993437  0.0838342  2.02747  2.04889  2.02747  2.04889  0.95426  0.150877  
0.6857  0.579554  2.02747  2.04889  2.02747  2.04889  0.992031  0.0893656  
0.310561  0.949831  2.02747  2.04889  2.02747  2.04889  0.991084  0.0939529  
0.334547  0.922115  2.02747  2.04889  2.02747  2.04889  0.862239  0.321654  
0.685803  0.579346  2.02747  2.04889  2.02747  2.04889  0.740391  0.512958  
0.681015  0.595861  2.02747  2.04889  2.02747  2.04889  0.649962  0.632419  
0.82091  0.363978  2.02747  2.04889  2.02747  2.04889  0.711751  0.542753  
0.402298  0.882918  2.02747  2.04889  2.02747  2.04889  0.641063  0.641624  
1.01686  0.0397767  2.02747  2.04889  2.02747  2.04889  0.693381  0.576654  
0.992031  0.0893656  2.02747  2.04889  2.02747  2.04889  0.680282  0.596635  
0.893506  0.25674  2.02747  2.04889  2.02747  2.04889  0.953232  0.155917  
0.86251  0.321523  2.02747  2.04889  2.02747  2.04889  1.02191  0.0257135  
0.545928  0.75867  2.02747  2.04889  2.02747  2.04889  0.681015  0.595861  
0.847685  0.332003  2.02639  2.04037  2.02639  2.04037  0.796076  0.438007  
0.333244  0.924787  2.02639  2.04037  2.02639  2.04037  1.00001  0.0569194  
0.250569  0.970814  2.02639  2.04037  2.02639  2.04037  0.393889  0.888906  
0.893726  0.256535  2.02639  2.04037  2.02639  2.04037  0.401575  0.883166  
0.401575  0.883166  2.02639  2.04037  2.02639  2.04037  0.462977  0.833265  
0.322962  0.93456  2.02639  2.04037  2.02639  2.04037  0.319654  0.938773  
1.01242  0.0507696  2.02639  2.04037  2.02639  2.04037  0.848044  0.331532  
0.393889  0.888906  2.02639  2.04037  2.02639  2.04037  0.821359  0.363856  
0.74037  0.508831  2.02639  2.04037  2.02639  2.04037  1.01679  0.0373219  
0.996952  0.0715045  2.02639  2.04037  2.02639  2.04037  0.919397  0.23196  
0.949072  0.168649  2.02639  2.04037  2.02639  2.04037  1.02187  0.0227286  
0.644024  0.634572  2.02639  2.04037  2.02639  2.04037  0.54591  0.758663  
0.0274555  1.01689  2.02639  2.04037  2.02639  2.04037  0.81662  0.394351  
0.217149  0.978641  2.02639  2.04037  2.02639  2.04037  0.511974  0.773799  
0.360991  0.902939  2.02639  2.04037  2.02639  2.04037  0.0331534  1.01343  
0.694986  0.573353  2.02639  2.04037  2.02639  2.04037  0.364197  0.900429  
0.61115  0.677602  2.02639  2.04037  2.02639  2.04037  0.250569  0.970814  
1.00001  0.0569194  2.02639  2.04037  2.02639  2.04037  0.694986  0.573353  
1.01599  0.0388228  2.02639  2.04037  2.02639  2.04037  1.01345  0.0495616  
1.01091  0.0519219  2.02639  2.04037  2.02639  2.04037  1.02639  0.0217969  
0.95316  0.155871  2.02639  2.04037  2.02639  2.04037  0.402149  0.882915  
0.647364  0.633624  2.02639  2.04037  2.02639  2.04037  0.181842  0.992331  
0.848044  0.331532  2.02639  2.04037  2.02639  2.04037  0.668719  0.598538  
1.00303  0.0553278  2.02639  2.04037  2.02639  2.04037  0.310527  0.939126  
0.796076  0.438007  2.02639  2.04037  2.02639  2.04037  0.321881  0.934821  
0.740294  0.512925  2.02639  2.04037  2.02639  2.04037  0.334462  0.922114  
0.321881  0.934821  2.02639  2.04037  2.02639  2.04037  0.482413  0.819574  
0.655268  0.620736  2.02639  2.04037  2.02639  2.04037  0.663308  0.611244  
0.218147  0.974129  2.02639  2.04037  2.02639  2.04037  0.862876  0.319583  
0.0268548  1.0231  2.02639  2.04037  2.02639  2.04037  0.847685  0.332002  
0.646081  0.633896  2.02639  2.04037  2.02639  2.04037  0.893726  0.256535  
0.660791  0.616949  2.02639  2.04037  2.02639  2.04037  0.0274555  1.01689  
0.794921  0.440132  2.02639  2.04037  2.02639  2.04037  0.65982  0.61815  
0.181941  0.992139  2.02639  2.04037  2.02639  2.04037  0.64975  0.630187  
0.977626  0.101262  2.02639  2.04037  2.02639  2.04037  0.217149  0.978641  
0.668719  0.598538  2.02639  2.04037  2.02639  2.04037  0.0268548  1.0231  
0.0341366  1.01307  2.02639  2.04037  2.02639  2.04037  1.01599  0.0388227  
0.698836  0.57092  2.02639  2.04037  2.02639  2.04037  0.181941  0.992139  
0.181842  0.992331  2.02639  2.04037  2.02639  2.04037  0.905632  0.246412  
0.319654  0.938773  2.02639  2.04037  2.02639  2.04037  0.360991  0.902939  
0.557366  0.728518  2.02639  2.04037  2.02639  2.04037  0.197711  0.992113  
0.693349  0.576164  2.02639  2.04037  2.02639  2.04037  0.82091  0.363922  
0.462977  0.833265  2.02639  2.04037  2.02639  2.04037  0.995442  0.0739237  
0.991065  0.0812355  2.02639  2.04037  2.02639  2.04037  1.00303  0.0553278  
0.797194  0.436879  2.02639  2.04037  2.02639  2.04037  0.794921  0.440132  
0.711689  0.542753  2.02639  2.04037  2.02639  2.04037  0.557366  0.728518  
0.919397  0.23196  2.02639  2.04037  2.02639  2.04037  0.979236  0.100238  
0.611172  0.674258  2.02639  2.04037  2.02639  2.04037  0.611172  0.674258  
0.821359  0.363856  2.02639  2.04037  2.02639  2.04037  0.322439  0.934561  
0.95395  0.150054  2.02639  2.04037  2.02639  2.04037  0.333244  0.924787  
0.997361  0.0711123  2.02639  2.04037  2.02639  2.04037  0.655268  0.620736  
0.0331534  1.01343  2.02639  2.04037  2.02639  2.04037  0.310561  0.939093  
0.663308  0.611244  2.02639  2.04037  2.02639  2.04037  0.799644  0.415853  
0.0268538  1.04037  2.02639  2.04037  2.02639  2.04037  0.655185  0.624736  
1.02639  0.0217969  2.02639  2.04037  2.02639  2.04037  0.740294  0.512925  
0.81662  0.394351  2.02639  2.04037  2.02639  2.04037  0.61115  0.677593  
0.322439  0.934561  2.02639  2.04037  2.02639  2.04037  1.01242  0.0507696  
0.661793  0.616307  2.02639  2.04037  2.02639  2.04037  0.218147  0.974129  
1.02187  0.0227286  2.02639  2.04037  2.02639  2.04037  0.74037  0.508831  
0.995442  0.0739237  2.02639  2.04037  2.02639  2.04037  0.797796  0.436381  
0.655385  0.620695  2.02639  2.04037  2.02639  2.04037  0.698836  0.57092  
0.197711  0.992113  2.02639  2.04037  2.02639  2.04037  0.647364  0.633624  
0.655185  0.624736  2.02639  2.04037  2.02639  2.04037  1.01091  0.0519219  
0.789136  0.442437  2.02639  2.04037  2.02639  2.04037  0.797194  0.436879  
0.68288  0.591957  2.02639  2.04037  2.02639  2.04037  0.893493  0.25674  
0.613366  0.673051  2.02639  2.04037  2.02639  2.04037  0.68288  0.591957  
0.473126  0.821404  2.02639  2.04037  2.02639  2.04037  0.655385  0.620695  
0.511974  0.773799  2.02639  2.04037  2.02639  2.04037  0.613366  0.673051  
0.65982  0.61815  2.02639  2.04037  2.02639  2.04037  0.664763  0.603147  
0.364197  0.900429  2.02639  2.04037  2.02639  2.04037  0.646081  0.633896  
0.680282  0.596562  2.02639  2.04037  2.02639  2.04037  0.991065  0.0812355  
0.862239  0.321555  2.02639  2.04037  2.02639  2.04037  0.685203  0.579256  
0.698329  0.571631  2.02639  2.04037  2.02639  2.04037  1.01772  0.0355943  
0.862876  0.319583  2.02639  2.04037  2.02639  2.04037  0.997361  0.0711123  
0.664763  0.603147  2.02639  2.04037  2.02639  2.04037  1.0156  0.0396501  
1.0156  0.0396501  2.02639  2.04037  2.02639  2.04037  0.996952  0.0715045  
0.905632  0.246412  2.02639  2.04037  2.02639  2.04037  0.661793  0.616306  
1.01772  0.0355943  2.02639  2.04037  2.02639  2.04037  0.562298  0.726244  
0.953775  0.150096  2.02639  2.04037  2.02639  2.04037  0.949072  0.168649  
0.979236  0.100238  2.02639  2.04037  2.02639  2.04037  0.660791  0.616949  
0.641001  0.641366  2.02639  2.04037  2.02639  2.04037  0.644024  0.634572  
0.482413  0.819574  2.02639  2.04037  2.02639  2.04037  0.641001  0.641366  
0.790092  0.441302  2.02639  2.04037  2.02639  2.04037  0.473126  0.821404  
0.64975  0.630187  2.02639  2.04037  2.02639  2.04037  0.977626  0.101262  
0.799644  0.415853  2.02639  2.04037  2.02639  2.04037  0.862239  0.321555  
1.01345  0.0495616  2.02639  2.04037  2.02639  2.04037  0.698329  0.571631  
0.310527  0.939126  2.02639  2.04037  2.02639  2.04037  0.0268538  1.04037  
0.797796  0.436381  2.02639  2.04037  2.02639  2.04037  0.693349  0.576164  
0.989155  0.0837188  2.02639  2.04037  2.02639  2.04037  1.00992  0.0534839  
0.310561  0.939093  2.02639  2.04037  2.02639  2.04037  0.789136  0.442437  
0.334462  0.922114  2.02639  2.04037  2.02639  2.04037  0.953939  0.150054  
0.685203  0.579256  2.02639  2.04037  2.02639  2.04037  0.95316  0.155871  
0.681015  0.595767  2.02639  2.04037  2.02639  2.04037  0.989155  0.0837188  
0.82091  0.363922  2.02639  2.04037  2.02639  2.04037  0.711689  0.542753  
0.402149  0.882915  2.02639  2.04037  2.02639  2.04037  0.322962  0.93456  
1.01679  0.0373219  2.02639  2.04037  2.02639  2.04037  0.953775  0.150096  
1.00992  0.0534839  2.02639  2.04037  2.02639  2.04037  0.680282  0.596562  
0.893493  0.25674  2.02639  2.04037  2.02639  2.04037  0.790092  0.441302  
0.562298  0.726244  2.02639  2.04037  2.02639  2.04037  0.0341365  1.01307  
0.54591  0.758663  2.02639  2.04037  2.02639  2.04037  0.681015  0.595767  
0.740274  0.512927  2.02637  2.0219  2.02637  2.0219  0.979341  0.0991502  
0.407555  0.881595  2.02637  2.0219  2.02637  2.0219  0.36378  0.899506  
0.250569  0.970801  2.02637  2.0219  2.02637  2.0219  0.393877  0.888898  
0.994923  0.0738136  2.02637  2.0219  2.02637  2.0219  0.401568  0.883166  
0.687958  0.57606  2.02637  2.0219  2.02637  2.0219  0.462972  0.833265  
0.919521  0.231858  2.02637  2.0219  2.02637  2.0219  0.562059  0.726244  
0.997243  0.0710443  2.02637  2.0219  2.02637  2.0219  0.847626  0.331214  
0.393877  0.888898  2.02637  2.0219  2.02637  2.0219  0.820921  0.363832  
0.74037  0.508827  2.02637  2.0219  2.02637  2.0219  0.987196  0.0844209  
0.996924  0.0715126  2.02637  2.0219  2.02637  2.0219  0.360984  0.902915  
0.682436  0.592547  2.02637  2.0219  2.02637  2.0219  1.02187  0.0227285  
0.643996  0.634572  2.02637  2.0219  2.02637  2.0219  0.545909  0.758663  
0.457952  0.844351  2.02637  2.0219  2.02637  2.0219  0.81662  0.394349  
0.646202  0.629856  2.02637  2.0219  2.02637  2.0219  0.511974  0.773776  
0.360984  0.902915  2.02637  2.0219  2.02637  2.0219  0.0331334  1.01331  
0.69496  0.573348  2.02637  2.0219  2.02637  2.0219  0.362405  0.900429  
0.790393  0.43901  2.02637  2.0219  2.02637  2.0219  0.250569  0.970801  
0.953119  0.156423  2.02637  2.0219  2.02637  2.0219  0.69496  0.573348  
0.0227109  1.01618  2.02637  2.0219  2.02637  2.0219  1.01385  0.0362911  
1.00307  0.0550074  2.02637  2.0219  2.02637  2.0219  1.02637  0.02178  
0.820921  0.363832  2.02637  2.0219  2.02637  2.0219  0.402109  0.882915  
0.457889  0.854655  2.02637  2.0219  2.02637  2.0219  0.181824  0.992157  
1.01346  0.0371957  2.02637  2.0219  2.02637  2.0219  0.66869  0.598531  
0.32253  0.934538  2.02637  2.0219  2.02637  2.0219  0.310527  0.938943  
0.793877  0.434108  2.02637  2.0219  2.02637  2.0219  0.321677  0.934545  
0.862976  0.319558  2.02637  2.0219  2.02637  2.0219  0.613356  0.673051  
0.321678  0.934545  2.02637  2.0219  2.02637  2.0219  0.482413  0.81956  
0.655199  0.620669  2.02637  2.0219  2.02637  2.0219  0.663263  0.611153  
0.218123  0.974107  2.02637  2.0219  2.02637  2.0219  0.862268  0.319583  
0.78986  0.440379  2.02637  2.0219  2.02637  2.0219  0.685184  0.57917  
0.847626  0.331214  2.02637  2.0219  2.02637  2.0219  0.893714  0.256525  
0.660791  0.616949  2.02637  2.0219  2.02637  2.0219  0.793877  0.434108  
0.990479  0.0812355  2.02637  2.0219  2.02637  2.0219  0.657231  0.61815  
0.687788  0.57606  2.02637  2.0219  2.02637  2.0219  0.646202  0.629856  
0.977626  0.101262  2.02637  2.0219  2.02637  2.0219  0.217069  0.978611  
0.66869  0.598531  2.02637  2.0219  2.02637  2.0219  0.032939  1.01395  
0.0341204  1.01306  2.02637  2.0219  2.02637  2.0219  0.557316  0.728515  
0.698836  0.57092  2.02637  2.0219  2.02637  2.0219  0.997243  0.0710443  
0.181824  0.992165  2.02637  2.0219  2.02637  2.0219  0.90555  0.24641  
0.217069  0.978611  2.02637  2.0219  2.02637  2.0219  0.687788  0.57606  
0.557316  0.728515  2.02637  2.0219  2.02637  2.0219  0.181862  0.99209  
0.893714  0.256525  2.02637  2.0219  2.02637  2.0219  0.820879  0.363895  
0.462972  0.833265  2.02637  2.0219  2.02637  2.0219  1.00307  0.0550074  
0.948999  0.168644  2.02637  2.0219  2.02637  2.0219  0.473126  0.821404  
0.987196  0.0844209  2.02637  2.0219  2.02637  2.0219  0.990479  0.0812355  
0.331643  0.922072  2.02637  2.0219  2.02637  2.0219  0.994923  0.0738135  
0.919397  0.231871  2.02637  2.0219  2.02637  2.0219  0.0225572  1.01618  
0.611154  0.67425  2.02637  2.0219  2.02637  2.0219  0.611154  0.67425  
0.401568  0.883166  2.02637  2.0219  2.02637  2.0219  0.999821  0.0562925  
0.562059  0.726244  2.02637  2.0219  2.02637  2.0219  0.331643  0.922072  
0.999821  0.0562925  2.02637  2.0219  2.02637  2.0219  0.655199  0.620669  
0.0331334  1.01331  2.02637  2.0219  2.02637  2.0219  0.218123  0.974107  
0.663263  0.611153  2.02637  2.0219  2.02637  2.0219  0.799644  0.415853  
0.217069  0.978611  2.02637  2.0219  2.02637  2.0219  0.78986  0.440379  
1.02637  0.02178  2.02637  2.0219  2.02637  2.0219  0.793253  0.435414  
0.81662  0.394349  2.02637  2.0219  2.02637  2.0219  0.64096  0.641401  
0.64096  0.641401  2.02637  2.0219  2.02637  2.0219  0.740274  0.512922  
0.66152  0.616046  2.02637  2.0219  2.02637  2.0219  0.98734  0.083501  
1.02187  0.0227286  2.02637  2.0219  2.02637  2.0219  0.74037  0.508827  
0.98734  0.083501  2.02637  2.0219  2.02637  2.0219  0.0341204  1.01306  
0.791338  0.437527  2.02637  2.0219  2.02637  2.0219  0.698836  0.57092  
0.181863  0.99209  2.02637  2.0219  2.02637  2.0219  0.457889  0.854651  
0.032939  1.01395  2.02637  2.0219  2.02637  2.0219  1.01346  0.0371956  
0.788793  0.441972  2.02637  2.0219  2.02637  2.0219  0.0199891  1.0219  
0.682862  0.591957  2.02637  2.0219  2.02637  2.0219  0.893493  0.25674  
0.613356  0.673051  2.02637  2.0219  2.02637  2.0219  0.682862  0.591957  
0.473126  0.821404  2.02637  2.0219  2.02637  2.0219  0.407555  0.881595  
0.511974  0.773776  2.02637  2.0219  2.02637  2.0219  0.953119  0.156423  
0.657231  0.61815  2.02637  2.0219  2.02637  2.0219  0.664755  0.603147  
0.711672  0.542709  2.02637  2.0219  2.02637  2.0219  0.791338  0.437527  
0.680282  0.596556  2.02637  2.0219  2.02637  2.0219  0.948999  0.168644  
0.329495  0.927447  2.02637  2.0219  2.02637  2.0219  0.991772  0.0792098  
0.698319  0.571603  2.02637  2.0219  2.02637  2.0219  1.0175  0.0353889  
0.862268  0.319583  2.02637  2.0219  2.02637  2.0219  0.457952  0.844351  
0.664755  0.603147  2.02637  2.0219  2.02637  2.0219  0.862976  0.319558  
0.793253  0.435414  2.02637  2.0219  2.02637  2.0219  0.996924  0.0715113  
0.90555  0.24641  2.02637  2.0219  2.02637  2.0219  0.66152  0.616046  
1.0175  0.0353889  2.02637  2.0219  2.02637  2.0219  0.329495  0.927447  
0.953775  0.150005  2.02637  2.0219  2.02637  2.0219  0.682436  0.592547  
0.350176  0.919412  2.02637  2.0219  2.02637  2.0219  0.660791  0.616949  
0.0225572  1.01618  2.02637  2.0219  2.02637  2.0219  0.643996  0.634572  
0.482413  0.81956  2.02637  2.0219  2.02637  2.0219  0.217069  0.978611  
0.350104  0.919696  2.02637  2.0219  2.02637  2.0219  0.919485  0.231858  
0.685184  0.57917  2.02637  2.0219  2.02637  2.0219  0.977626  0.101262  
0.799644  0.415853  2.02637  2.0219  2.02637  2.0219  0.0226885  1.01618  
0.36378  0.899506  2.02637  2.0219  2.02637  2.0219  0.698319  0.571603  
0.310527  0.938943  2.02637  2.0219  2.02637  2.0219  0.893493  0.25674  
1.01067  0.0485661  2.02637  2.0219  2.02637  2.0219  0.350176  0.919412  
0.0199891  1.0219  2.02637  2.0219  2.02637  2.0219  1.0097  0.049828  
0.362405  0.900429  2.02637  2.0219  2.02637  2.0219  0.32253  0.934538  
1.01385  0.0362912  2.02637  2.0219  2.02637  2.0219  0.953775  0.150005  
0.991772  0.0792098  2.02637  2.0219  2.02637  2.0219  0.790393  0.43901  
0.681015  0.595767  2.02637  2.0219  2.02637  2.0219  1.01067  0.0485661  
0.820879  0.363895  2.02637  2.0219  2.02637  2.0219  0.711672  0.542709  
0.402109  0.882915  2.02637  2.0219  2.02637  2.0219  0.788793  0.441972  
0.979341  0.0991502  2.02637  2.0219  2.02637  2.0219  0.919397  0.231871  
1.0097  0.049828  2.02637  2.0219  2.02637  2.0219  0.680282  0.596556  
0.893493  0.25674  2.02637  2.0219  2.02637  2.0219  0.350104  0.919696  
0.689161  0.574782  2.02637  2.0219  2.02637  2.0219  0.689161  0.574782  
0.545909  0.758663  2.02637  2.0219  2.02637  2.0219  0.681015  0.595767  
0.740232  0.50882  2.02637  2.02092  2.02637  2.02092  0.711622  0.542678  
0.79115  0.437527  2.02637  2.02092  2.02637  2.02092  0.363585  0.899397  
0.250508  0.970801  2.02637  2.02092  2.02637  2.02092  0.392168  0.886826  
0.994923  0.0737786  2.02637  2.02092  2.02637  2.02092  0.511964  0.77386  
0.392254  0.886206  2.02637  2.02092  2.02637  2.02092  0.462972  0.833264  
0.511964  0.77386  2.02637  2.02092  2.02637  2.02092  0.562059  0.726229  
0.99709  0.0710176  2.02637  2.02092  2.02637  2.02092  0.847612  0.331158  
0.34682  0.919241  2.02637  2.02092  2.02637  2.02092  0.820911  0.363822  
1.01183  0.0479527  2.02637  2.02092  2.02637  2.02092  0.987149  0.0835163  
0.406811  0.881595  2.02637  2.02092  2.02637  2.02092  0.360984  0.902907  
0.682405  0.592521  2.02637  2.02092  2.02637  2.02092  1.02187  0.022723  
0.643982  0.634572  2.02637  2.02092  2.02637  2.02092  0.545903  0.758654  
0.473058  0.82139  2.02637  2.02092  2.02637  2.02092  0.81662  0.394349  
0.646022  0.629856  2.02637  2.02092  2.02637  2.02092  0.511974  0.773772  
0.360984  0.902907  2.02637  2.02092  2.02637  2.02092  0.0331334  1.01311  
1.00004  0.0548031  2.02637  2.02092  2.02637  2.02092  0.680282  0.596556  
0.790293  0.439002  2.02637  2.02092  2.02637  2.02092  0.250508  0.970801  
0.953081  0.155785  2.02637  2.02092  2.02637  2.02092  1.00004  0.0548031  
0.711622  0.542678  2.02637  2.02092  2.02637  2.02092  0.64096  0.641231  
0.392168  0.88683  2.02637  2.02092  2.02637  2.02092  1.02637  0.0217663  
0.820911  0.363822  2.02637  2.02092  2.02637  2.02092  0.402109  0.882908  
0.866168  0.314987  2.02637  2.02092  2.02637  2.02092  1.01449  0.03569  
0.797209  0.431737  2.02637  2.02092  2.02637  2.02092  0.66869  0.598527  
1.01297  0.037437  2.02637  2.02092  2.02637  2.02092  0.799568  0.415845  
0.655099  0.620693  2.02637  2.02092  2.02637  2.02092  0.321677  0.934545  
0.793616  0.434108  2.02637  2.02092  2.02637  2.02092  0.613333  0.673039  
0.321678  0.934545  2.02637  2.02092  2.02637  2.02092  0.482413  0.81956  
0.557306  0.728511  2.02637  2.02092  2.02637  2.02092  0.663263  0.611137  
0.218123  0.974106  2.02637  2.02092  2.02637  2.02092  0.862215  0.318942  
0.33138  0.922022  2.02637  2.02092  2.02637  2.02092  0.685184  0.579157  
0.847612  0.331158  2.02637  2.02092  2.02637  2.02092  0.893714  0.256525  
0.660786  0.616828  2.02637  2.02092  2.02637  2.02092  0.793616  0.434108  
0.990369  0.0811974  2.02637  2.02092  2.02637  2.02092  0.657169  0.618149  
0.0186675  1.02092  2.02637  2.02092  2.02637  2.02092  0.646022  0.629856  
0.977626  0.101262  2.02637  2.02092  2.02637  2.02092  0.217059  0.978611  
0.66869  0.598527  2.02637  2.02092  2.02637  2.02092  0.979336  0.0990691  
0.03402  1.01304  2.02637  2.02092  2.02637  2.02092  1.01399  0.0360974  
0.698836  0.57092  2.02637  2.02092  2.02637  2.02092  0.99709  0.0710176  
0.217059  0.978611  2.02637  2.02092  2.02637  2.02092  0.904442  0.242738  
0.397357  0.885899  2.02637  2.02092  2.02637  2.02092  0.03402  1.01304  
0.399002  0.883153  2.02637  2.02092  2.02637  2.02092  0.181848  0.992068  
0.893714  0.256525  2.02637  2.02092  2.02637  2.02092  0.820879  0.363863  
0.462972  0.833264  2.02637  2.02092  2.02637  2.02092  0.866081  0.31681  
0.948999  0.168644  2.02637  2.02092  2.02637  2.02092  0.473058  0.82139  
0.987149  0.0835163  2.02637  2.02092  2.02637  2.02092  0.990369  0.0811974  
0.789618  0.440379  2.02637  2.02092  2.02637  2.02092  0.994923  0.0737786  
0.328157  0.924762  2.02637  2.02092  2.02637  2.02092  0.397357  0.885899  
0.611145  0.67425  2.02637  2.02092  2.02637  2.02092  0.611145  0.67425  
0.79481  0.432854  2.02637  2.02092  2.02637  2.02092  0.999821  0.0562925  
0.562059  0.726229  2.02637  2.02092  2.02637  2.02092  0.328421  0.922368  
0.999821  0.0562925  2.02637  2.02092  2.02637  2.02092  0.0186675  1.02092  
0.0331336  1.01311  2.02637  2.02092  2.02637  2.02092  0.218123  0.974106  
0.663263  0.611137  2.02637  2.02092  2.02637  2.02092  0.687772  0.575526  
0.788708  0.441937  2.02637  2.02092  2.02637  2.02092  0.789618  0.440379  
1.02637  0.0217663  2.02637  2.02092  2.02637  2.02092  0.79266  0.435412  
0.81662  0.394349  2.02637  2.02092  2.02637  2.02092  0.34682  0.919241  
0.64096  0.641231  2.02637  2.02092  2.02637  2.02092  0.740232  0.50882  
0.661515  0.615989  2.02637  2.02092  2.02637  2.02092  0.638599  0.648525  
1.02187  0.022723  2.02637  2.02092  2.02637  2.02092  1.01183  0.0479527  
0.638599  0.648525  2.02637  2.02092  2.02637  2.02092  0.33138  0.922022  
0.995046  0.0715547  2.02637  2.02092  2.02637  2.02092  0.698836  0.57092  
0.181848  0.992068  2.02637  2.02092  2.02637  2.02092  0.45757  0.84017  
0.45757  0.840171  2.02637  2.02092  2.02637  2.02092  0.797209  0.431737  
0.866081  0.316812  2.02637  2.02092  2.02637  2.02092  0.953774  0.149985  
0.682824  0.59196  2.02637  2.02092  2.02637  2.02092  0.893491  0.25674  
0.613333  0.673039  2.02637  2.02092  2.02637  2.02092  0.682824  0.59196  
0.310515  0.93891  2.02637  2.02092  2.02637  2.02092  0.406811  0.881595  
0.511974  0.773772  2.02637  2.02092  2.02637  2.02092  0.953081  0.155785  
0.657169  0.618149  2.02637  2.02092  2.02637  2.02092  0.664696  0.603147  
0.457589  0.840054  2.02637  2.02092  2.02637  2.02092  0.79115  0.437527  
0.680282  0.596556  2.02637  2.02092  2.02637  2.02092  0.948999  0.168644  
0.562232  0.726226  2.02637  2.02092  2.02637  2.02092  0.991772  0.0791217  
0.687772  0.575526  2.02637  2.02092  2.02637  2.02092  1.0175  0.0353889  
0.862215  0.318942  2.02637  2.02092  2.02637  2.02092  0.557306  0.72851  
0.664696  0.603147  2.02637  2.02092  2.02637  2.02092  0.655099  0.620693  
0.79266  0.435412  2.02637  2.02092  2.02637  2.02092  0.660786  0.616828  
0.904442  0.242738  2.02637  2.02092  2.02637  2.02092  0.661515  0.615989  
1.0175  0.0353889  2.02637  2.02092  2.02637  2.02092  0.562232  0.726226  
0.953774  0.149985  2.02637  2.02092  2.02637  2.02092  0.682405  0.592521  
1.01449  0.03569  2.02637  2.02092  2.02637  2.02092  0.788708  0.441937  
0.0220755  1.01487  2.02637  2.02092  2.02637  2.02092  0.643982  0.634572  
0.482413  0.81956  2.02637  2.02092  2.02637  2.02092  0.790293  0.439002  
0.919379  0.23184  2.02637  2.02092  2.02637  2.02092  0.995046  0.0715547  
0.685184  0.579157  2.02637  2.02092  2.02637  2.02092  0.977626  0.101262  
0.799568  0.415845  2.02637  2.02092  2.02637  2.02092  0.399002  0.883153  
0.363585  0.899397  2.02637  2.02092  2.02637  2.02092  0.694267  0.571603  
0.979336  0.0990691  2.02637  2.02092  2.02637  2.02092  0.310515  0.93891  
1.01062  0.0485018  2.02637  2.02092  2.02637  2.02092  0.3624  0.900387  
0.328421  0.922368  2.02637  2.02092  2.02637  2.02092  1.0097  0.0495624  
0.3624  0.900387  2.02637  2.02092  2.02637  2.02092  0.0220755  1.01487  
1.01399  0.0360974  2.02637  2.02092  2.02637  2.02092  0.866168  0.314987  
0.991772  0.0791217  2.02637  2.02092  2.02637  2.02092  0.392254  0.886206  
0.681015  0.595767  2.02637  2.02092  2.02637  2.02092  1.01062  0.0485018  
0.820879  0.363872  2.02637  2.02092  2.02637  2.02092  0.79481  0.432854  
0.402109  0.882908  2.02637  2.02092  2.02637  2.02092  0.328157  0.924762  
0.694267  0.571603  2.02637  2.02092  2.02637  2.02092  1.01297  0.037437  
1.0097  0.0495624  2.02637  2.02092  2.02637  2.02092  0.457589  0.840054  
0.893491  0.25674  2.02637  2.02092  2.02637  2.02092  0.919379  0.23184  
0.688411  0.574325  2.02637  2.02092  2.02637  2.02092  0.688411  0.574325  
0.545903  0.758654  2.02637  2.02092  2.02637  2.02092  0.681015  0.595767  
0.740232  0.508793  2.02637  2.02092  2.02637  2.02092  0.711622  0.542678  
0.791149  0.437527  2.02637  2.02092  2.02637  2.02092  0.363515  0.899368  
0.250445  0.970801  2.02637  2.02092  2.02637  2.02092  0.392057  0.885953  
0.979675  0.0990124  2.02637  2.02092  2.02637  2.02092  0.511964  0.773772  
0.217068  0.974126  2.02637  2.02092  2.02637  2.02092  1.00001  0.0548031  
0.79726  0.430054  2.02637  2.02092  2.02637  2.02092  0.562022  0.726229  
0.99709  0.0710176  2.02637  2.02092  2.02637  2.02092  0.847565  0.331158  
0.346798  0.919203  2.02637  2.02092  2.02637  2.02092  0.406805  0.881595  
1.01093  0.0477769  2.02637  2.02092  2.02637  2.02092  0.987149  0.0835039  
0.406805  0.881595  2.02637  2.02092  2.02637  2.02092  0.36097  0.902906  
0.181833  0.988445  2.02637  2.02092  2.02637  2.02092  1.02187  0.022723  
0.643981  0.634546  2.02637  2.02092  2.02637  2.02092  0.5459  0.758654  
0.473058  0.82139  2.02637  2.02092  2.02637  2.02092  0.81662  0.394349  
0.646008  0.629856  2.02637  2.02092  2.02637  2.02092  0.866136  0.314723  
0.36097  0.902906  2.02637  2.02092  2.02637  2.02092  0.0331334  1.01311  
1.00001  0.0548031  2.02637  2.02092  2.02637  2.02092  1.01289  0.0373987  
0.790274  0.438987  2.02637  2.02092  2.02637  2.02092  0.250445  0.970801  
0.953081  0.155785  2.02637  2.02092  2.02637  2.02092  0.979675  0.0990124  
0.711622  0.542678  2.02637  2.02092  2.02637  2.02092  0.640959  0.641231  
1.0085  0.0495624  2.02637  2.02092  2.02637  2.02092  1.02637  0.0217537  
0.903279  0.242667  2.02637  2.02092  2.02637  2.02092  0.402109  0.882908  
1.018  0.0228021  2.02637  2.02092  2.02637  2.02092  1.01435  0.0354627  
0.795218  0.431582  2.02637  2.02092  2.02637  2.02092  0.668695  0.598509  
0.683868  0.585976  2.02637  2.02092  2.02637  2.02092  0.799568  0.415845  
0.655099  0.620663  2.02637  2.02092  2.02637  2.02092  0.321677  0.934523  
0.793549  0.434108  2.02637  2.02092  2.02637  2.02092  0.613333  0.672988  
0.321677  0.934523  2.02637  2.02092  2.02637  2.02092  0.482413  0.81956  
0.557272  0.7285  2.02637  2.02092  2.02637  2.02092  1.01781  0.0233157  
0.218199  0.97409  2.02637  2.02092  2.02637  2.02092  0.862214  0.318919  
0.392057  0.885953  2.02637  2.02092  2.02637  2.02092  0.685184  0.579157  
0.847565  0.331158  2.02637  2.02092  2.02637  2.02092  0.893714  0.256514  
0.658956  0.615989  2.02637  2.02092  2.02637  2.02092  0.793549  0.434108  
0.988792  0.0811974  2.02637  2.02092  2.02637  2.02092  0.657029  0.618149  
0.0186276  1.02092  2.02637  2.02092  2.02637  2.02092  0.646008  0.629856  
0.977619  0.101262  2.02637  2.02092  2.02637  2.02092  0.683963  0.585683  
0.668695  0.598509  2.02637  2.02092  2.02637  2.02092  0.979242  0.0990883  
0.03402  1.01303  2.02637  2.02092  2.02637  2.02092  1.01395  0.0358145  
0.698836  0.570894  2.02637  2.02092  2.02637  2.02092  0.99709  0.0710176  
0.683963  0.585683  2.02637  2.02092  2.02637  2.02092  0.903279  0.242667  
0.18195  0.988015  2.02637  2.02092  2.02637  2.02092  0.03402  1.01303  
0.398983  0.883139  2.02637  2.02092  2.02637  2.02092  0.796408  0.430761  
0.893714  0.256514  2.02637  2.02092  2.02637  2.02092  0.820879  0.363862  
0.89346  0.256845  2.02637  2.02092  2.02637  2.02092  0.18195  0.988015  
0.948999  0.168644  2.02637  2.02092  2.02637  2.02092  0.473058  0.82139  
0.987149  0.0835039  2.02637  2.02092  2.02637  2.02092  0.988792  0.0811974  
0.789606  0.440379  2.02637  2.02092  2.02637  2.02092  0.992619  0.0736642  
0.328132  0.923068  2.02637  2.02092  2.02637  2.02092  0.688382  0.574325  
1.01781  0.0233157  2.02637  2.02092  2.02637  2.02092  0.79726  0.430054  
0.794461  0.432509  2.02637  2.02092  2.02637  2.02092  0.999798  0.0562925  
0.562022  0.726229  2.02637  2.02092  2.02637  2.02092  0.89346  0.256845  
0.999798  0.0562925  2.02637  2.02092  2.02637  2.02092  0.0186276  1.02092  
0.0331336  1.01311  2.02637  2.02092  2.02637  2.02092  0.218199  0.97409  
0.680447  0.593386  2.02637  2.02092  2.02637  2.02092  0.687664  0.575382  
0.788676  0.441937  2.02637  2.02092  2.02637  2.02092  0.789606  0.440379  
1.02637  0.0217537  2.02637  2.02092  2.02637  2.02092  0.792548  0.435412  
0.81662  0.394349  2.02637  2.02092  2.02637  2.02092  0.346798  0.919203  
0.640959  0.641231  2.02637  2.02092  2.02637  2.02092  0.740232  0.508793  
0.677646  0.596654  2.02637  2.02092  2.02637  2.02092  0.638598  0.648483  
1.02187  0.022723  2.02637  2.02092  2.02637  2.02092  1.01093  0.0477769  
0.638598  0.648483  2.02637  2.02092  2.02637  2.02092  0.328157  0.922014  
0.994614  0.0715233  2.02637  2.02092  2.02637  2.02092  0.698836  0.570894  
0.796408  0.430761  2.02637  2.02092  2.02637  2.02092  0.457554  0.832499  
0.457554  0.832499  2.02637  2.02092  2.02637  2.02092  0.795218  0.431582  
0.866136  0.314723  2.02637  2.02092  2.02637  2.02092  0.953773  0.149977  
0.682824  0.59193  2.02637  2.02092  2.02637  2.02092  0.680447  0.593386  
0.613333  0.672988  2.02637  2.02092  2.02637  2.02092  0.682824  0.59193  
0.310515  0.93891  2.02637  2.02092  2.02637  2.02092  0.39211  0.885636  
0.511964  0.773772  2.02637  2.02092  2.02637  2.02092  0.953081  0.155785  
0.657029  0.618149  2.02637  2.02092  2.02637  2.02092  0.664674  0.603082  
0.39211  0.885636  2.02637  2.02092  2.02637  2.02092  0.791149  0.437527  
1.01289  0.0373987  2.02637  2.02092  2.02637  2.02092  0.948999  0.168644  
0.82098  0.363813  2.02637  2.02092  2.02637  2.02092  0.991574  0.0763319  
0.687664  0.575383  2.02637  2.02092  2.02637  2.02092  0.661679  0.611112  
0.862214  0.318919  2.02637  2.02092  2.02637  2.02092  0.557272  0.7285  
0.664674  0.603082  2.02637  2.02092  2.02637  2.02092  0.655099  0.620663  
0.792548  0.435412  2.02637  2.02092  2.02637  2.02092  0.658956  0.615989  
0.0223151  1.01451  2.02637  2.02092  2.02637  2.02092  1.0085  0.0495624  
0.661679  0.611112  2.02637  2.02092  2.02637  2.02092  0.82098  0.363813  
0.953773  0.149977  2.02637  2.02092  2.02637  2.02092  0.181833  0.988445  
1.01435  0.0354627  2.02637  2.02092  2.02637  2.02092  0.788676  0.441937  
0.021988  1.01456  2.02637  2.02092  2.02637  2.02092  0.643981  0.634546  
0.482413  0.81956  2.02637  2.02092  2.02637  2.02092  0.790274  0.438987  
0.919379  0.23183  2.02637  2.02092  2.02637  2.02092  0.994614  0.0715233  
0.685184  0.579157  2.02637  2.02092  2.02637  2.02092  0.977619  0.101262  
0.799568  0.415845  2.02637  2.02092  2.02637  2.02092  0.398983  0.883139  
0.363515  0.899368  2.02637  2.02092  2.02637  2.02092  0.694223  0.571595  
0.979242  0.0990883  2.02637  2.02092  2.02637  2.02092  0.310515  0.93891  
1.01052  0.0484665  2.02637  2.02092  2.02637  2.02092  0.362372  0.900387  
0.328157  0.922014  2.02637  2.02092  2.02637  2.02092  0.611138  0.674278  
0.362372  0.900387  2.02637  2.02092  2.02637  2.02092  0.021988  1.01456  
1.01395  0.0358145  2.02637  2.02092  2.02637  2.02092  0.0223119  1.01451  
0.991574  0.0763319  2.02637  2.02092  2.02637  2.02092  0.217068  0.974126  
0.680831  0.59239  2.02637  2.02092  2.02637  2.02092  1.01052  0.0484665  
0.820879  0.363862  2.02637  2.02092  2.02637  2.02092  0.794461  0.432509  
0.402109  0.882908  2.02637  2.02092  2.02637  2.02092  0.328132  0.923051  
0.694223  0.571595  2.02637  2.02092  2.02637  2.02092  0.683868  0.585976  
0.611138  0.674278  2.02637  2.02092  2.02637  2.02092  0.677646  0.596654  
0.992619  0.0736642  2.02637  2.02092  2.02637  2.02092  0.919379  0.23183  
0.688382  0.574325  2.02637  2.02092  2.02637  2.02092  1.018  0.0228021  
0.5459  0.758654  2.02637  2.02092  2.02637  2.02092  0.680831  0.59239  
0.740224  0.508785  2.02634  2.0232  2.02634  2.0232  0.711614  0.542675  
0.791136  0.437527  2.02634  2.0232  2.02634  2.0232  0.363422  0.899343  
0.250445  0.970801  2.02634  2.0232  2.02634  2.0232  0.321677  0.934522  
0.979288  0.0990116  2.02634  2.0232  2.02634  2.0232  0.511959  0.773766  
0.217047  0.974107  2.02634  2.0232  2.02634  2.0232  0.999986  0.0547795  
0.688382  0.574278  2.02634  2.0232  2.02634  2.0232  0.562022  0.726229  
0.178716  0.992881  2.02634  2.0232  2.02634  2.0232  0.846155  0.331517  
0.346798  0.919203  2.02634  2.0232  2.02634  2.0232  0.406785  0.881595  
1.01093  0.0477623  2.02634  2.0232  2.02634  2.0232  0.987149  0.0834689  
0.406785  0.881595  2.02634  2.0232  2.02634  2.0232  0.360957  0.902906  
0.181833  0.98802  2.02634  2.0232  2.02634  2.0232  0.847582  0.327097  
0.643981  0.634546  2.02634  2.0232  2.02634  2.0232  0.5459  0.758638  
0.473058  0.821384  2.02634  2.0232  2.02634  2.0232  0.81662  0.394284  
0.646008  0.629828  2.02634  2.0232  2.02634  2.0232  0.0155277  1.02012  
0.360957  0.902906  2.02634  2.0232  2.02634  2.0232  0.0331334  1.01306  
0.999986  0.0547795  2.02634  2.0232  2.02634  2.0232  1.01285  0.0373987  
0.848293  0.326998  2.02634  2.0232  2.02634  2.0232  0.250445  0.970801  
0.953025  0.155785  2.02634  2.0232  2.02634  2.0232  0.979288  0.0990116  
0.711614  0.542675  2.02634  2.0232  2.02634  2.0232  0.640959  0.641231  
1.0085  0.0495624  2.02634  2.0232  2.02634  2.0232  1.02634  0.0217537  
0.903276  0.242664  2.02634  2.0232  2.02634  2.0232  0.402109  0.882908  
0.975531  0.102657  2.02634  2.0232  2.02634  2.0232  1.0141  0.0353735  
0.794967  0.431582  2.02634  2.0232  2.02634  2.0232  0.668687  0.598488  
1.02228  0.0218069  2.02634  2.0232  2.02634  2.0232  0.799568  0.415845  
1.01285  0.0373987  2.02634  2.0232  2.02634  2.0232  0.975531  0.102657  
0.793281  0.434108  2.02634  2.0232  2.02634  2.0232  0.613329  0.67298  
0.321677  0.934522  2.02634  2.0232  2.02634  2.0232  0.482413  0.81956  
0.557265  0.7285  2.02634  2.0232  2.02634  2.0232  1.01753  0.0227584  
0.217907  0.97402  2.02634  2.0232  2.02634  2.0232  0.862214  0.318919  
0.177859  0.993764  2.02634  2.0232  2.02634  2.0232  0.685157  0.579155  
0.846155  0.331517  2.02634  2.0232  2.02634  2.0232  0.89386  0.252589  
0.658899  0.615989  2.02634  2.0232  2.02634  2.0232  0.793281  0.434108  
0.890822  0.267893  2.02634  2.0232  2.02634  2.0232  0.655832  0.618173  
0.361139  0.899478  2.02634  2.0232  2.02634  2.0232  0.646008  0.629828  
0.977593  0.101262  2.02634  2.0232  2.02634  2.0232  0.683873  0.585683  
0.668687  0.598488  2.02634  2.0232  2.02634  2.0232  0.0186736  1.01986  
0.03402  1.01303  2.02634  2.0232  2.02634  2.0232  0.177859  0.993764  
0.698812  0.570894  2.02634  2.0232  2.02634  2.0232  0.994735  0.0710064  
0.683873  0.585683  2.02634  2.0232  2.02634  2.0232  0.903276  0.242664  
0.796664  0.429712  2.02634  2.0232  2.02634  2.0232  0.03402  1.01303  
0.398885  0.883139  2.02634  2.0232  2.02634  2.0232  0.892135  0.266907  
0.89386  0.252589  2.02634  2.0232  2.02634  2.0232  0.457549  0.832483  
0.89346  0.25674  2.02634  2.0232  2.02634  2.0232  0.688382  0.574278  
0.948999  0.168644  2.02634  2.0232  2.02634  2.0232  0.473058  0.821384  
0.987149  0.0834689  2.02634  2.0232  2.02634  2.0232  0.890822  0.267893  
0.788651  0.438287  2.02634  2.0232  2.02634  2.0232  0.992521  0.0736142  
0.328112  0.922019  2.02634  2.0232  2.02634  2.0232  0.796664  0.429712  
1.01753  0.0227584  2.02634  2.0232  2.02634  2.0232  0.391945  0.885714  
0.79442  0.432509  2.02634  2.0232  2.02634  2.0232  0.999798  0.0562925  
0.562022  0.726229  2.02634  2.0232  2.02634  2.0232  0.89346  0.25674  
0.999798  0.0562925  2.02634  2.0232  2.02634  2.0232  0.361139  0.899478  
0.0331334  1.01306  2.02634  2.0232  2.02634  2.0232  0.217907  0.97402  
0.680313  0.593064  2.02634  2.0232  2.02634  2.0232  0.687664  0.575349  
0.788575  0.441937  2.02634  2.0232  2.02634  2.0232  0.788651  0.438287  
1.02634  0.0217537  2.02634  2.0232  2.02634  2.0232  0.792532  0.435412  
0.81662  0.394284  2.02634  2.0232  2.02634  2.0232  0.346798  0.919203  
0.640959  0.641231  2.02634  2.0232  2.02634  2.0232  0.740224  0.508785  
0.677523  0.595893  2.02634  2.0232  2.02634  2.0232  0.638596  0.642725  
0.65414  0.620591  2.02634  2.0232  2.02634  2.0232  1.01093  0.0477623  
0.638596  0.642725  2.02634  2.0232  2.02634  2.0232  0.217047  0.974107  
0.892391  0.25992  2.02634  2.0232  2.02634  2.0232  0.698812  0.570894  
0.892135  0.266907  2.02634  2.0232  2.02634  2.0232  0.991498  0.0762619  
0.457549  0.832483  2.02634  2.0232  2.02634  2.0232  0.794967  0.431582  
0.0155277  1.02012  2.02634  2.0232  2.02634  2.0232  0.953732  0.149968  
0.681367  0.591947  2.02634  2.0232  2.02634  2.0232  0.680313  0.593064  
0.613329  0.67298  2.02634  2.0232  2.02634  2.0232  0.681367  0.591947  
0.310515  0.93891  2.02634  2.0232  2.02634  2.0232  0.392042  0.885619  
0.511959  0.773766  2.02634  2.0232  2.02634  2.0232  0.953025  0.155785  
0.655832  0.618173  2.02634  2.0232  2.02634  2.0232  0.664673  0.603082  
0.392042  0.885619  2.02634  2.0232  2.02634  2.0232  0.791136  0.437527  
0.014376  1.0232  2.02634  2.0232  2.02634  2.0232  0.948999  0.168644  
0.820863  0.363786  2.02634  2.0232  2.02634  2.0232  0.658899  0.615989  
0.687664  0.575349  2.02634  2.0232  2.02634  2.0232  0.660979  0.611077  
0.862214  0.318919  2.02634  2.0232  2.02634  2.0232  0.557265  0.7285  
0.664673  0.603082  2.02634  2.0232  2.02634  2.0232  0.65414  0.620591  
0.792532  0.435412  2.02634  2.0232  2.02634  2.0232  0.014376  1.0232  
0.866136  0.314707  2.02634  2.0232  2.02634  2.0232  1.0085  0.0495624  
0.660979  0.611077  2.02634  2.0232  2.02634  2.0232  0.820863  0.363786  
0.953732  0.149968  2.02634  2.0232  2.02634  2.0232  0.181833  0.98802  
1.0141  0.0353735  2.02634  2.0232  2.02634  2.0232  0.788575  0.441937  
0.021988  1.01454  2.02634  2.0232  2.02634  2.0232  0.643981  0.634546  
0.482413  0.81956  2.02634  2.0232  2.02634  2.0232  0.848293  0.326998  
0.919379  0.231812  2.02634  2.0232  2.02634  2.0232  0.892391  0.25992  
0.685157  0.579155  2.02634  2.0232  2.02634  2.0232  0.977593  0.101262  
0.799568  0.415845  2.02634  2.0232  2.02634  2.0232  0.398885  0.883139  
0.363422  0.899343  2.02634  2.0232  2.02634  2.0232  0.694223  0.571591  
0.0186736  1.01986  2.02634  2.0232  2.02634  2.0232  0.310515  0.93891  
0.988775  0.0798003  2.02634  2.0232  2.02634  2.0232  0.892313  0.263083  
0.0144424  1.02033  2.02634  2.0232  2.02634  2.0232  0.611138  0.674257  
0.892313  0.263083  2.02634  2.0232  2.02634  2.0232  0.021988  1.01454  
0.994735  0.0710064  2.02634  2.0232  2.02634  2.0232  0.866136  0.314707  
0.991498  0.0762619  2.02634  2.0232  2.02634  2.0232  0.0144424  1.02033  
0.368638  0.899156  2.02634  2.0232  2.02634  2.0232  0.988775  0.0798003  
0.847582  0.327097  2.02634  2.0232  2.02634  2.0232  0.79442  0.432509  
0.402109  0.882908  2.02634  2.0232  2.02634  2.0232  0.328112  0.922019  
0.694223  0.571591  2.02634  2.0232  2.02634  2.0232  1.02228  0.0218069  
0.611138  0.674257  2.02634  2.0232  2.02634  2.0232  0.677523  0.595893  
0.992521  0.0736142  2.02634  2.0232  2.02634  2.0232  0.919379  0.231812  
0.391945  0.885714  2.02634  2.0232  2.02634  2.0232  0.178716  0.992881  
0.5459  0.758638  2.02634  2.0232  2.02634  2.0232  0.368638  0.899156  
0.740224  0.508785  2.0265  2.02008  2.0265  2.02008  0.711614  0.542675  
1.0265  0.0217218  2.0265  2.02008  2.0265  2.02008  0.688364  0.574273  
0.250445  0.97077  2.0265  2.02008  2.0265  2.02008  0.321677  0.934507  
0.683705  0.586292  2.0265  2.02008  2.0265  2.02008  0.511959  0.773766  
0.39192  0.885748  2.0265  2.02008  2.0265  2.02008  0.999925  0.0547408  
0.688364  0.574273  2.0265  2.02008  2.0265  2.02008  0.346877  0.915845  
0.65569  0.6162  2.0265  2.02008  2.0265  2.02008  0.346797  0.919203  
0.346797  0.919203  2.0265  2.02008  2.0265  2.02008  0.406785  0.881595  
1.0109  0.0477475  2.0265  2.02008  2.0265  2.02008  0.511946  0.775274  
0.406785  0.881595  2.0265  2.02008  2.0265  2.02008  0.360957  0.902903  
0.181833  0.988008  2.0265  2.02008  2.0265  2.02008  0.847582  0.327097  
0.643981  0.634519  2.0265  2.02008  2.0265  2.02008  0.545873  0.758638  
0.473058  0.821384  2.0265  2.02008  2.0265  2.02008  0.81662  0.394284  
0.645991  0.629799  2.0265  2.02008  2.0265  2.02008  0.0143142  1.01995  
0.360957  0.902906  2.0265  2.02008  2.0265  2.02008  0.0331334  1.01306  
0.361139  0.899327  2.0265  2.02008  2.0265  2.02008  1.01284  0.0373294  
0.847792  0.32697  2.0265  2.02008  2.0265  2.02008  0.250445  0.97077  
0.953025  0.155785  2.0265  2.02008  2.0265  2.02008  0.979288  0.0989998  
0.711614  0.542675  2.0265  2.02008  2.0265  2.02008  0.640959  0.641231  
1.00849  0.0495649  2.0265  2.02008  2.0265  2.02008  1.02228  0.0217864  
0.903261  0.242664  2.0265  2.02008  2.0265  2.02008  0.402109  0.882908  
0.975531  0.102604  2.0265  2.02008  2.0265  2.02008  1.0141  0.0353735  
1.0141  0.0353735  2.0265  2.02008  2.0265  2.02008  0.66869  0.598481  
1.02228  0.0217864  2.0265  2.02008  2.0265  2.02008  0.799568  0.415839  
1.01284  0.0373294  2.0265  2.02008  2.0265  2.02008  0.975531  0.102604  
0.562073  0.726216  2.0265  2.02008  2.0265  2.02008  0.613316  0.672967  
0.321677  0.934507  2.0265  2.02008  2.0265  2.02008  0.328112  0.922013  
0.557265  0.7285  2.0265  2.02008  2.0265  2.02008  1.01753  0.022728  
0.21703  0.974006  2.0265  2.02008  2.0265  2.02008  0.862214  0.318917  
0.985986  0.0834714  2.0265  2.02008  2.0265  2.02008  0.685156  0.579155  
0.845081  0.330134  2.0265  2.02008  2.0265  2.02008  0.994666  0.0710064  
0.658899  0.615989  2.0265  2.02008  2.0265  2.02008  0.793294  0.428253  
0.994666  0.0710064  2.0265  2.02008  2.0265  2.02008  0.683705  0.586292  
0.361106  0.899422  2.0265  2.02008  2.0265  2.02008  0.645991  0.629799  
0.979288  0.0989998  2.0265  2.02008  2.0265  2.02008  0.683865  0.585593  
0.66869  0.598481  2.0265  2.02008  2.0265  2.02008  0.0186557  1.0197  
0.03402  1.01303  2.0265  2.02008  2.0265  2.02008  1.0109  0.0477475  
0.328112  0.922013  2.0265  2.02008  2.0265  2.02008  0.557265  0.7285  
0.683865  0.585593  2.0265  2.02008  2.0265  2.02008  0.903261  0.242664  
0.791557  0.434394  2.0265  2.02008  2.0265  2.02008  0.03402  1.01303  
0.398837  0.883139  2.0265  2.02008  2.0265  2.02008  0.919379  0.231812  
0.511959  0.773766  2.0265  2.02008  2.0265  2.02008  0.457549  0.832271  
0.788575  0.436727  2.0265  2.02008  2.0265  2.02008  0.795693  0.425955  
0.948999  0.168644  2.0265  2.02008  2.0265  2.02008  0.473058  0.821384  
0.511946  0.775274  2.0265  2.02008  2.0265  2.02008  0.179944  0.988051  
0.177721  0.992834  2.0265  2.02008  2.0265  2.02008  0.985986  0.0834714  
0.866054  0.316658  2.0265  2.02008  2.0265  2.02008  0.660778  0.611057  
1.01753  0.022728  2.0265  2.02008  2.0265  2.02008  0.391935  0.885642  
0.793294  0.428253  2.0265  2.02008  2.0265  2.02008  0.999798  0.0562925  
0.346877  0.915845  2.0265  2.02008  2.0265  2.02008  0.844925  0.330837  
0.999798  0.0562925  2.0265  2.02008  2.0265  2.02008  0.361106  0.899422  
0.0331334  1.01306  2.0265  2.02008  2.0265  2.02008  0.21703  0.974006  
0.977587  0.101262  2.0265  2.02008  2.0265  2.02008  0.687638  0.575346  
0.794445  0.426428  2.0265  2.02008  2.0265  2.02008  0.677383  0.595789  
0.844925  0.330837  2.0265  2.02008  2.0265  2.02008  0.820858  0.363786  
0.81662  0.394284  2.0265  2.02008  2.0265  2.02008  0.791557  0.434394  
0.640959  0.641231  2.0265  2.02008  2.0265  2.02008  0.740224  0.508785  
0.677383  0.595789  2.0265  2.02008  2.0265  2.02008  0.638596  0.642717  
0.69473  0.561138  2.0265  2.02008  2.0265  2.02008  0.845081  0.330134  
0.638596  0.642717  2.0265  2.02008  2.0265  2.02008  0.992448  0.0717654  
0.862214  0.318917  2.0265  2.02008  2.0265  2.02008  0.953025  0.155785  
0.350098  0.914641  2.0265  2.02008  2.0265  2.02008  0.361139  0.899327  
0.457549  0.832271  2.0265  2.02008  2.0265  2.02008  0.789577  0.43525  
0.179944  0.988051  2.0265  2.02008  2.0265  2.02008  0.953732  0.149953  
0.681288  0.591947  2.0265  2.02008  2.0265  2.02008  0.677994  0.592334  
0.613316  0.672967  2.0265  2.02008  2.0265  2.02008  1.0265  0.0217218  
0.310513  0.938908  2.0265  2.02008  2.0265  2.02008  0.890246  0.252402  
0.795693  0.425955  2.0265  2.02008  2.0265  2.02008  0.562073  0.726216  
0.999925  0.0547408  2.0265  2.02008  2.0265  2.02008  0.664674  0.600374  
0.789577  0.43525  2.0265  2.02008  2.0265  2.02008  0.788575  0.436727  
0.0142696  1.02008  2.0265  2.02008  2.0265  2.02008  0.948999  0.168644  
0.820858  0.363786  2.0265  2.02008  2.0265  2.02008  0.658899  0.615989  
0.687638  0.575346  2.0265  2.02008  2.0265  2.02008  0.653172  0.61768  
0.890246  0.252402  2.0265  2.02008  2.0265  2.02008  0.181833  0.988008  
0.664674  0.600374  2.0265  2.02008  2.0265  2.02008  0.350098  0.914641  
0.677994  0.592334  2.0265  2.02008  2.0265  2.02008  0.0142696  1.02008  
0.866136  0.314707  2.0265  2.02008  2.0265  2.02008  1.00849  0.0495649  
0.660778  0.611057  2.0265  2.02008  2.0265  2.02008  0.021988  1.01451  
0.953732  0.149953  2.0265  2.02008  2.0265  2.02008  0.65569  0.6162  
0.953688  0.149965  2.0265  2.02008  2.0265  2.02008  0.953688  0.149965  
0.021988  1.01451  2.0265  2.02008  2.0265  2.02008  0.643981  0.634519  
0.482414  0.819554  2.0265  2.02008  2.0265  2.02008  0.847792  0.32697  
0.919379  0.231812  2.0265  2.02008  2.0265  2.02008  0.39192  0.885735  
0.685156  0.579155  2.0265  2.02008  2.0265  2.02008  0.977587  0.101262  
0.799568  0.415839  2.0265  2.02008  2.0265  2.02008  0.398837  0.883139  
0.653172  0.61768  2.0265  2.02008  2.0265  2.02008  0.694212  0.571591  
0.0186557  1.0197  2.0265  2.02008  2.0265  2.02008  0.310513  0.938908  
0.98876  0.0782321  2.0265  2.02008  2.0265  2.02008  0.794445  0.426428  
0.0143142  1.01995  2.0265  2.02008  2.0265  2.02008  0.611138  0.674257  
0.694364  0.56182  2.0265  2.02008  2.0265  2.02008  0.866054  0.316658  
0.694488  0.561158  2.0265  2.02008  2.0265  2.02008  0.866136  0.314707  
0.990424  0.0762062  2.0265  2.02008  2.0265  2.02008  0.681288  0.591947  
0.363578  0.898066  2.0265  2.02008  2.0265  2.02008  0.98876  0.078232  
0.847582  0.327097  2.0265  2.02008  2.0265  2.02008  0.482414  0.819554  
0.402109  0.882908  2.0265  2.02008  2.0265  2.02008  0.69473  0.561138  
0.694212  0.571591  2.0265  2.02008  2.0265  2.02008  0.694488  0.561158  
0.611138  0.674257  2.0265  2.02008  2.0265  2.02008  0.177721  0.992834  
0.992448  0.0717654  2.0265  2.02008  2.0265  2.02008  0.694364  0.56182  
0.391935  0.885642  2.0265  2.02008  2.0265  2.02008  0.990424  0.0762062  
0.545873  0.758638  2.0265  2.02008  2.0265  2.02008  0.363578  0.898066  
0.740224  0.508785  2.0264  2.02346  2.0264  2.02346  0.711614  0.542661  
1.0264  0.0217218  2.0264  2.02346  2.0264  2.02346  0.688364  0.574273  
0.250445  0.97077  2.0264  2.02346  2.0264  2.02346  0.341012  0.913516  
0.683711  0.585851  2.0264  2.02346  2.0264  2.02346  0.511949  0.773766  
0.39192  0.885642  2.0264  2.02346  2.0264  2.02346  0.999872  0.0547183  
0.688364  0.574273  2.0264  2.02346  2.0264  2.02346  1.0264  0.0217218  
0.664668  0.599921  2.0264  2.02346  2.0264  2.02346  0.555814  0.726745  
0.975523  0.10173  2.0264  2.02346  2.0264  2.02346  0.40677  0.881595  
0.664638  0.600212  2.0264  2.02346  2.0264  2.02346  0.81662  0.394284  
0.555587  0.727787  2.0264  2.02346  2.0264  2.02346  0.653172  0.617504  
0.179833  0.987998  2.0264  2.02346  2.0264  2.02346  0.644022  0.633033  
0.643981  0.634519  2.0264  2.02346  2.0264  2.02346  0.545873  0.758638  
0.473058  0.821384  2.0264  2.02346  2.0264  2.02346  0.660743  0.611057  
0.645991  0.629796  2.0264  2.02346  2.0264  2.02346  0.0141496  1.02346  
0.511979  0.769763  2.0264  2.02346  2.0264  2.02346  0.0331334  1.01306  
0.84758  0.326956  2.0264  2.02346  2.0264  2.02346  1.01284  0.0371934  
0.890234  0.252334  2.0264  2.02346  2.0264  2.02346  0.250445  0.97077  
0.95302  0.155785  2.0264  2.02346  2.0264  2.02346  0.979254  0.098977  
0.711614  0.542661  2.0264  2.02346  2.0264  2.02346  0.611261  0.67426  
1.00849  0.0495649  2.0264  2.02346  2.0264  2.02346  1.02226  0.0217502  
0.903241  0.242629  2.0264  2.02346  2.0264  2.02346  0.402015  0.882908  
0.457524  0.832271  2.0264  2.02346  2.0264  2.02346  1.0141  0.03535  
1.0141  0.03535  2.0264  2.02346  2.0264  2.02346  0.668664  0.598481  
1.02226  0.0217502  2.0264  2.02346  2.0264  2.02346  0.799552  0.415839  
1.01284  0.0371934  2.0264  2.02346  2.0264  2.02346  0.457524  0.832271  
0.611261  0.67426  2.0264  2.02346  2.0264  2.02346  0.613316  0.672964  
0.677409  0.590378  2.0264  2.02346  2.0264  2.02346  0.328112  0.921985  
0.78943  0.43524  2.0264  2.02346  2.0264  2.02346  1.01752  0.022728  
0.865643  0.315916  2.0264  2.02346  2.0264  2.02346  0.862214  0.318917  
0.98556  0.0834619  2.0264  2.02346  2.0264  2.02346  0.685156  0.579146  
0.845047  0.330123  2.0264  2.02346  2.0264  2.02346  0.994666  0.0710064  
0.988728  0.078232  2.0264  2.02346  2.0264  2.02346  0.793294  0.428143  
0.994666  0.0710064  2.0264  2.02346  2.0264  2.02346  0.683711  0.585851  
0.360955  0.899327  2.0264  2.02346  2.0264  2.02346  0.645991  0.629796  
0.979254  0.098977  2.0264  2.02346  2.0264  2.02346  0.788575  0.436727  
0.668664  0.598481  2.0264  2.02346  2.0264  2.02346  0.360955  0.899327  
0.03402  1.01303  2.0264  2.02346  2.0264  2.02346  1.01068  0.0374807  
0.328112  0.921985  2.0264  2.02346  2.0264  2.02346  0.844864  0.330276  
0.683866  0.585592  2.0264  2.02346  2.0264  2.02346  0.903241  0.242629  
0.790485  0.434343  2.0264  2.02346  2.0264  2.02346  0.03402  1.01303  
0.398837  0.883139  2.0264  2.02346  2.0264  2.02346  0.919371  0.23178  
0.511949  0.773766  2.0264  2.02346  2.0264  2.02346  0.556451  0.726583  
0.788575  0.436727  2.0264  2.02346  2.0264  2.02346  0.975523  0.10173  
0.217007  0.974006  2.0264  2.02346  2.0264  2.02346  0.473058  0.821384  
0.571315  0.724963  2.0264  2.02346  2.0264  2.02346  0.310513  0.938908  
0.796104  0.425622  2.0264  2.02346  2.0264  2.02346  0.98556  0.0834619  
0.555814  0.726745  2.0264  2.02346  2.0264  2.02346  0.678789  0.59029  
1.01752  0.022728  2.0264  2.02346  2.0264  2.02346  0.948968  0.168654  
0.793294  0.428143  2.0264  2.02346  2.0264  2.02346  0.999798  0.0562925  
0.799552  0.415839  2.0264  2.02346  2.0264  2.02346  0.177082  0.98808  
0.999798  0.0562925  2.0264  2.02346  2.0264  2.02346  0.0146383  1.01536  
0.0331334  1.01306  2.0264  2.02346  2.0264  2.02346  0.946341  0.183234  
0.977587  0.101259  2.0264  2.02346  2.0264  2.02346  0.687638  0.57533  
0.79436  0.426386  2.0264  2.02346  2.0264  2.02346  0.347163  0.913006  
0.844864  0.330276  2.0264  2.02346  2.0264  2.02346  0.820855  0.363783  
0.81662  0.394284  2.0264  2.02346  2.0264  2.02346  0.790485  0.434343  
0.640959  0.64123  2.0264  2.02346  2.0264  2.02346  0.740224  0.508785  
0.654843  0.615945  2.0264  2.02346  2.0264  2.02346  0.638596  0.642717  
0.989939  0.0762062  2.0264  2.02346  2.0264  2.02346  0.845047  0.330123  
0.638596  0.642717  2.0264  2.02346  2.0264  2.02346  0.39192  0.885642  
0.862214  0.318917  2.0264  2.02346  2.0264  2.02346  0.95302  0.155785  
0.99242  0.0717293  2.0264  2.02346  2.0264  2.02346  0.865643  0.315916  
0.644022  0.633033  2.0264  2.02346  2.0264  2.02346  0.78943  0.43524  
0.40677  0.881595  2.0264  2.02346  2.0264  2.02346  0.314894  0.934507  
0.79485  0.425776  2.0264  2.02346  2.0264  2.02346  0.99242  0.0717293  
0.613316  0.672964  2.0264  2.02346  2.0264  2.02346  0.217007  0.974006  
0.310513  0.938908  2.0264  2.02346  2.0264  2.02346  0.683866  0.585592  
0.678789  0.59029  2.0264  2.02346  2.0264  2.02346  0.562016  0.726216  
0.999872  0.0547183  2.0264  2.02346  2.0264  2.02346  0.398837  0.883139  
0.482413  0.819554  2.0264  2.02346  2.0264  2.02346  0.79485  0.425776  
0.014262  1.02008  2.0264  2.02346  2.0264  2.02346  0.021988  1.01451  
0.820855  0.363783  2.0264  2.02346  2.0264  2.02346  0.654843  0.615945  
0.687638  0.57533  2.0264  2.02346  2.0264  2.02346  0.694131  0.561234  
0.948968  0.168654  2.0264  2.02346  2.0264  2.02346  0.179833  0.987998  
0.694101  0.56594  2.0264  2.02346  2.0264  2.02346  0.84758  0.326956  
0.341012  0.913516  2.0264  2.02346  2.0264  2.02346  0.014262  1.02008  
0.866129  0.314707  2.0264  2.02346  2.0264  2.02346  1.00849  0.0495649  
0.660743  0.611057  2.0264  2.02346  2.0264  2.02346  0.555587  0.727786  
0.946341  0.183234  2.0264  2.02346  2.0264  2.02346  0.646041  0.627729  
0.953688  0.149953  2.0264  2.02346  2.0264  2.02346  0.953688  0.149953  
0.021988  1.01451  2.0264  2.02346  2.0264  2.02346  0.643981  0.634519  
0.562017  0.726216  2.0264  2.02346  2.0264  2.02346  0.890234  0.252334  
0.556451  0.726583  2.0264  2.02346  2.0264  2.02346  0.61113  0.674261  
0.685156  0.579146  2.0264  2.02346  2.0264  2.02346  0.977587  0.101259  
0.61113  0.674261  2.0264  2.02346  2.0264  2.02346  0.664638  0.600212  
0.653172  0.617504  2.0264  2.02346  2.0264  2.02346  0.512414  0.769718  
0.646041  0.627729  2.0264  2.02346  2.0264  2.02346  0.511979  0.769762  
0.919371  0.23178  2.0264  2.02346  2.0264  2.02346  0.79436  0.426386  
0.0141496  1.02346  2.0264  2.02346  2.0264  2.02346  0.664668  0.599921  
0.69419  0.561138  2.0264  2.02346  2.0264  2.02346  0.482413  0.819554  
0.177082  0.98808  2.0264  2.02346  2.0264  2.02346  0.866129  0.314707  
0.694131  0.561235  2.0264  2.02346  2.0264  2.02346  0.677409  0.590378  
0.363569  0.897891  2.0264  2.02346  2.0264  2.02346  0.988728  0.078232  
0.347163  0.913006  2.0264  2.02346  2.0264  2.02346  0.796103  0.425622  
0.402015  0.882908  2.0264  2.02346  2.0264  2.02346  0.69419  0.561138  
0.0146383  1.01536  2.0264  2.02346  2.0264  2.02346  0.640959  0.64123  
1.01068  0.0374807  2.0264  2.02346  2.0264  2.02346  0.571315  0.724963  
0.512414  0.769718  2.0264  2.02346  2.0264  2.02346  0.694101  0.565937  
0.314894  0.934508  2.0264  2.02346  2.0264  2.02346  0.989939  0.0762062  
0.545873  0.758638  2.0264  2.02346  2.0264  2.02346  0.363569  0.897891  
