0.0780948  0.427805  0.4941  3.1402  2.81519  1.99629  1.79769e+308  1.79769e+308  1.79769e+308  0.0780948  0.427805  0.4941  
0.0596451  0.104572  0.835783  3.1402  2.81519  1.99629  1.79769e+308  1.79769e+308  1.79769e+308  0.0596451  0.104572  0.835783  
1.06301  0.229739  0.0563811  3.1402  2.81519  1.99629  1.79769e+308  1.79769e+308  1.79769e+308  1.06301  0.229739  0.0563811  
0.772613  1.4382  0.46874  3.1402  2.81519  1.99629  1.79769e+308  1.79769e+308  1.79769e+308  0.772613  1.4382  0.46874  
0.0214608  0.323105  0.655434  3.1402  2.81519  1.99629  1.79769e+308  1.79769e+308  1.79769e+308  0.0214608  0.323105  0.655434  
0.181055  0.531758  0.287186  3.1402  2.81519  1.99629  1.79769e+308  1.79769e+308  1.79769e+308  0.181055  0.531758  0.287186  
0.206246  0.0729188  0.720835  3.1402  2.81519  1.99629  1.79769e+308  1.79769e+308  1.79769e+308  0.206246  0.0729188  0.720835  
0.0226034  0.29918  0.678217  3.1402  2.81519  1.99629  1.79769e+308  1.79769e+308  1.79769e+308  0.0226034  0.29918  0.678217  
0.382002  0.0920194  0.525978  3.1402  2.81519  1.99629  1.79769e+308  1.79769e+308  1.79769e+308  0.382002  0.0920194  0.525978  
0.234707  0.0854957  0.679798  3.1402  2.81519  1.99629  1.79769e+308  1.79769e+308  1.79769e+308  0.234707  0.0854957  0.679798  
0.0262627  0.328534  0.645203  3.1402  2.81519  1.99629  1.79769e+308  1.79769e+308  1.79769e+308  0.0262627  0.328534  0.645203  
0.261083  0.865945  0.0190183  3.1402  2.81519  1.99629  1.79769e+308  1.79769e+308  1.79769e+308  0.261083  0.865945  0.0190183  
0.245871  0.102055  0.652074  3.1402  2.81519  1.99629  1.79769e+308  1.79769e+308  1.79769e+308  0.245871  0.102055  0.652074  
0.312029  0.0632076  0.624764  3.1402  2.81519  1.99629  1.79769e+308  1.79769e+308  1.79769e+308  0.312029  0.0632076  0.624764  
0.237603  0.0283141  0.734083  3.1402  2.81519  1.99629  1.79769e+308  1.79769e+308  1.79769e+308  0.237603  0.0283141  0.734083  
0.0752324  0.105854  0.818913  3.1402  2.81519  1.99629  1.79769e+308  1.79769e+308  1.79769e+308  0.0752324  0.105854  0.818913  
0.49376  0.934445  0.0864344  3.1402  2.81519  1.99629  1.79769e+308  1.79769e+308  1.79769e+308  0.49376  0.934445  0.0864344  
0.0977285  0.327722  0.57455  3.1402  2.81519  1.99629  1.79769e+308  1.79769e+308  1.79769e+308  0.0977285  0.327722  0.57455  
1.44  0.638015  0.653831  3.1402  2.81519  1.99629  1.79769e+308  1.79769e+308  1.79769e+308  1.44  0.638015  0.653831  
0.210704  0.40141  0.387886  3.1402  2.81519  1.99629  1.79769e+308  1.79769e+308  1.79769e+308  0.210704  0.40141  0.387886  
0.0675789  0.0736538  0.858767  3.1402  2.81519  1.99629  1.79769e+308  1.79769e+308  1.79769e+308  0.0675789  0.0736538  0.858767  
0.0192558  0.549578  0.431167  3.1402  2.81519  1.99629  1.79769e+308  1.79769e+308  1.79769e+308  0.0192558  0.549578  0.431167  
0.196114  0.495477  0.30841  3.1402  2.81519  1.99629  1.79769e+308  1.79769e+308  1.79769e+308  0.196114  0.495477  0.30841  
0.0697214  0.00934236  0.920936  3.1402  2.81519  1.99629  1.79769e+308  1.79769e+308  1.79769e+308  0.0697214  0.00934236  0.920936  
0.199816  0.00770877  0.792476  3.1402  2.81519  1.99629  1.79769e+308  1.79769e+308  1.79769e+308  0.199816  0.00770877  0.792476  
0.37084  0.000850132  0.62831  3.1402  2.81519  1.99629  1.79769e+308  1.79769e+308  1.79769e+308  0.37084  0.000850132  0.62831  
0.00217108  0.00154209  0.996287  3.1402  2.81519  1.99629  1.79769e+308  1.79769e+308  1.79769e+308  0.00217108  0.00154209  0.996287  
0.0338201  0.0420038  0.924176  3.1402  2.81519  1.99629  1.79769e+308  1.79769e+308  1.79769e+308  0.0338201  0.0420038  0.924176  
0.0704938  0.029227  0.900279  3.1402  2.81519  1.99629  1.79769e+308  1.79769e+308  1.79769e+308  0.0704938  0.029227  0.900279  
0.147135  0.00680763  0.846058  3.1402  2.81519  1.99629  1.79769e+308  1.79769e+308  1.79769e+308  0.147135  0.00680763  0.846058  
0.242754  0.444474  0.312772  3.1402  2.81519  1.99629  1.79769e+308  1.79769e+308  1.79769e+308  0.242754  0.444474  0.312772  
0.811127  0.704148  0.116936  3.1402  2.81519  1.99629  1.79769e+308  1.79769e+308  1.79769e+308  0.811127  0.704148  0.116936  
0.0506936  0.364803  0.584504  3.1402  2.81519  1.99629  1.79769e+308  1.79769e+308  1.79769e+308  0.0506936  0.364803  0.584504  
1.48541  0.527486  0.326986  3.1402  2.81519  1.99629  1.79769e+308  1.79769e+308  1.79769e+308  1.48541  0.527486  0.326986  
0.00231368  0.118685  0.879002  3.1402  2.81519  1.99629  1.79769e+308  1.79769e+308  1.79769e+308  0.00231368  0.118685  0.879002  
0.299437  0.170293  0.53027  3.1402  2.81519  1.99629  1.79769e+308  1.79769e+308  1.79769e+308  0.299437  0.170293  0.53027  
0.0256317  0.0665826  0.907786  3.1402  2.81519  1.99629  1.79769e+308  1.79769e+308  1.79769e+308  0.0256317  0.0665826  0.907786  
1.14392  0.0191454  0.0297912  3.1402  2.81519  1.99629  1.79769e+308  1.79769e+308  1.79769e+308  1.14392  0.0191454  0.0297912  
0.0376205  0.514711  0.447669  3.1402  2.81519  1.99629  1.79769e+308  1.79769e+308  1.79769e+308  0.0376205  0.514711  0.447669  
0.0625536  0.00613874  0.931308  3.1402  2.81519  1.99629  1.79769e+308  1.79769e+308  1.79769e+308  0.0625536  0.00613874  0.931308  
0.329254  0.316038  0.354708  3.1402  2.81519  1.99629  1.79769e+308  1.79769e+308  1.79769e+308  0.329254  0.316038  0.354708  
2.1402  0.114869  0.625845  3.1402  2.81519  1.99629  1.79769e+308  1.79769e+308  1.79769e+308  2.1402  0.114869  0.625845  
0.486599  1.81519  0.708274  3.1402  2.81519  1.99629  1.79769e+308  1.79769e+308  1.79769e+308  0.486599  1.81519  0.708274  
0.0510992  0.459545  0.489356  3.1402  2.81519  1.99629  1.79769e+308  1.79769e+308  1.79769e+308  0.0510992  0.459545  0.489356  
0.415412  0.0887797  0.495808  3.1402  2.81519  1.99629  1.79769e+308  1.79769e+308  1.79769e+308  0.415412  0.0887797  0.495808  
0.076198  0.534141  0.389661  3.1402  2.81519  1.99629  1.79769e+308  1.79769e+308  1.79769e+308  0.076198  0.534141  0.389661  
0.841646  0.569082  0.084872  3.1402  2.81519  1.99629  1.79769e+308  1.79769e+308  1.79769e+308  0.841646  0.569082  0.084872  
0.430025  0.209472  0.360504  3.1402  2.81519  1.99629  1.79769e+308  1.79769e+308  1.79769e+308  0.430025  0.209472  0.360504  
0.0281407  0.00728487  0.964574  3.1402  2.81519  1.99629  1.79769e+308  1.79769e+308  1.79769e+308  0.0281407  0.00728487  0.964574  
1.24195  0.0579675  0.0535126  3.1402  2.81519  1.99629  1.79769e+308  1.79769e+308  1.79769e+308  1.24195  0.0579675  0.0535126  
0.290188  0.0168313  0.692981  3.1402  2.81519  1.99629  1.79769e+308  1.79769e+308  1.79769e+308  0.290188  0.0168313  0.692981  
0.398862  0.102793  0.498345  3.1402  2.81519  1.99629  1.79769e+308  1.79769e+308  1.79769e+308  0.398862  0.102793  0.498345  
0.267397  1.54832  0.321123  3.1402  2.81519  1.99629  1.79769e+308  1.79769e+308  1.79769e+308  0.267397  1.54832  0.321123  
0.0278637  0.0205895  0.951547  3.1402  2.81519  1.99629  1.79769e+308  1.79769e+308  1.79769e+308  0.0278637  0.0205895  0.951547  
0.0164489  0.159741  0.82381  3.1402  2.81519  1.99629  1.79769e+308  1.79769e+308  1.79769e+308  0.0164489  0.159741  0.82381  
0.237189  0.0688194  0.693991  3.1402  2.81519  1.99629  1.79769e+308  1.79769e+308  1.79769e+308  0.237189  0.0688194  0.693991  
0.321751  0.177686  0.500563  3.1402  2.81519  1.99629  1.79769e+308  1.79769e+308  1.79769e+308  0.321751  0.177686  0.500563  
0.149813  1.50245  0.291129  3.1402  2.81519  1.99629  1.79769e+308  1.79769e+308  1.79769e+308  0.149813  1.50245  0.291129  
0.220804  0.0637765  0.71542  3.1402  2.81519  1.99629  1.79769e+308  1.79769e+308  1.79769e+308  0.220804  0.0637765  0.71542  
0.363151  0.677066  0.00483515  3.1402  2.81519  1.99629  1.79769e+308  1.79769e+308  1.79769e+308  0.363151  0.677066  0.00483515  
2.02101  0.0581534  0.570444  3.1402  2.81519  1.99629  1.79769e+308  1.79769e+308  1.79769e+308  2.02101  0.0581534  0.570444  
0.00756833  0.320344  0.672087  3.1402  2.81519  1.99629  1.79769e+308  1.79769e+308  1.79769e+308  0.00756833  0.320344  0.672087  
0.932579  1.00941  0.450164  3.1402  2.81519  1.99629  1.79769e+308  1.79769e+308  1.79769e+308  0.932579  1.00941  0.450164  
0.371964  0.996378  0.0668749  3.1402  2.81519  1.99629  1.79769e+308  1.79769e+308  1.79769e+308  0.371964  0.996378  0.0668749  
0.00169833  0.00932268  0.988979  3.1402  2.81519  1.99629  1.79769e+308  1.79769e+308  1.79769e+308  0.00169833  0.00932268  0.988979  
1.05136  0.588372  0.225061  3.1402  2.81519  1.99629  1.79769e+308  1.79769e+308  1.79769e+308  1.05136  0.588372  0.225061  
0.267921  0.178848  0.553231  3.1402  2.81519  1.99629  1.79769e+308  1.79769e+308  1.79769e+308  0.267921  0.178848  0.553231  
0.787811  1.25031  0.420832  3.1402  2.81519  1.99629  1.79769e+308  1.79769e+308  1.79769e+308  0.787811  1.25031  0.420832  
0.145359  0.134645  0.719996  3.1402  2.81519  1.99629  1.79769e+308  1.79769e+308  1.79769e+308  0.145359  0.134645  0.719996  
0.389416  0.0644316  0.546152  3.1402  2.81519  1.99629  1.79769e+308  1.79769e+308  1.79769e+308  0.389416  0.0644316  0.546152  
0.711102  0.864626  0.186747  3.1402  2.81519  1.99629  1.79769e+308  1.79769e+308  1.79769e+308  0.711102  0.864626  0.186747  
1.03863  0.0485769  0.0173376  3.1402  2.81519  1.99629  1.79769e+308  1.79769e+308  1.79769e+308  1.03863  0.0485769  0.0173376  
0.182458  0.255419  0.562123  3.1402  2.81519  1.99629  1.79769e+308  1.79769e+308  1.79769e+308  0.182458  0.255419  0.562123  
0.106008  0.534642  0.35935  3.1402  2.81519  1.99629  1.79769e+308  1.79769e+308  1.79769e+308  0.106008  0.534642  0.35935  
0.103922  0.0253366  0.870741  3.1402  2.81519  1.99629  1.79769e+308  1.79769e+308  1.79769e+308  0.103922  0.0253366  0.870741  
0.212934  0.488419  0.298647  3.1402  2.81519  1.99629  1.79769e+308  1.79769e+308  1.79769e+308  0.212934  0.488419  0.298647  
0.00170902  0.0157431  0.982548  3.1402  2.81519  1.99629  1.79769e+308  1.79769e+308  1.79769e+308  0.00170902  0.0157431  0.982548  
0.422091  0.154227  0.423682  3.1402  2.81519  1.99629  1.79769e+308  1.79769e+308  1.79769e+308  0.422091  0.154227  0.423682  
1.39982  0.431148  0.308629  3.1402  2.81519  1.99629  1.79769e+308  1.79769e+308  1.79769e+308  1.39982  0.431148  0.308629  
0.273166  0.323497  0.403337  3.1402  2.81519  1.99629  1.79769e+308  1.79769e+308  1.79769e+308  0.273166  0.323497  0.403337  
0.236255  0.380935  0.382811  3.1402  2.81519  1.99629  1.79769e+308  1.79769e+308  1.79769e+308  0.236255  0.380935  0.382811  
0.0961463  0.195937  0.707917  3.1402  2.81519  1.99629  1.79769e+308  1.79769e+308  1.79769e+308  0.0961463  0.195937  0.707917  
0.195212  0.473649  0.33114  3.1402  2.81519  1.99629  1.79769e+308  1.79769e+308  1.79769e+308  0.195212  0.473649  0.33114  
0.116463  0.320516  0.563021  3.1402  2.81519  1.99629  1.79769e+308  1.79769e+308  1.79769e+308  0.116463  0.320516  0.563021  
0.457514  0.176597  0.365889  3.1402  2.81519  1.99629  1.79769e+308  1.79769e+308  1.79769e+308  0.457514  0.176597  0.365889  
0.140188  0.0218965  0.837916  3.1402  2.81519  1.99629  1.79769e+308  1.79769e+308  1.79769e+308  0.140188  0.0218965  0.837916  
0.557749  0.071685  0.370566  3.1402  2.81519  1.99629  1.79769e+308  1.79769e+308  1.79769e+308  0.557749  0.071685  0.370566  
0.211421  0.154631  0.633948  3.1402  2.81519  1.99629  1.79769e+308  1.79769e+308  1.79769e+308  0.211421  0.154631  0.633948  
0.0608334  0.00483616  0.93433  3.1402  2.81519  1.99629  1.79769e+308  1.79769e+308  1.79769e+308  0.0608334  0.00483616  0.93433  
1.21883  1.12343  0.763202  3.1402  2.81519  1.99629  1.79769e+308  1.79769e+308  1.79769e+308  1.21883  1.12343  0.763202  
0.02714  0.0850106  0.887849  3.1402  2.81519  1.99629  1.79769e+308  1.79769e+308  1.79769e+308  0.02714  0.0850106  0.887849  
0.143784  0.00327711  0.852938  3.1402  2.81519  1.99629  1.79769e+308  1.79769e+308  1.79769e+308  0.143784  0.00327711  0.852938  
0.267813  0.219066  0.51312  3.1402  2.81519  1.99629  1.79769e+308  1.79769e+308  1.79769e+308  0.267813  0.219066  0.51312  
0.0929237  0.249838  0.657238  3.1402  2.81519  1.99629  1.79769e+308  1.79769e+308  1.79769e+308  0.0929237  0.249838  0.657238  
0.146648  0.467298  0.386054  3.1402  2.81519  1.99629  1.79769e+308  1.79769e+308  1.79769e+308  0.146648  0.467298  0.386054  
0.0945184  0.222733  0.682749  3.1402  2.81519  1.99629  1.79769e+308  1.79769e+308  1.79769e+308  0.0945184  0.222733  0.682749  
0.0702135  0.445993  0.483794  3.1402  2.81519  1.99629  1.79769e+308  1.79769e+308  1.79769e+308  0.0702135  0.445993  0.483794  
0.160672  0.114767  0.724561  3.1402  2.81519  1.99629  1.79769e+308  1.79769e+308  1.79769e+308  0.160672  0.114767  0.724561  
0.291284  0.12282  0.585896  3.1402  2.81519  1.99629  1.79769e+308  1.79769e+308  1.79769e+308  0.291284  0.12282  0.585896  
0.0174658  0.582085  0.400449  3.1402  2.81519  1.99629  1.79769e+308  1.79769e+308  1.79769e+308  0.0174658  0.582085  0.400449  
0.123724  0.359757  0.516519  2  2  2  2  2  2  1.72922e-09  0.749876  0.250124  
3.01539e-08  0.501198  0.498802  2  2  2  2  2  2  0.491426  0.172992  0.335582  
0.0697225  0.528756  0.401522  2  2  2  2  2  2  0.749922  4.76164e-10  0.250078  
0.24204  0.091769  0.666191  2  2  2  2  2  2  0.198821  0.367719  0.433461  
3.85385e-12  0.329657  0.670343  2  2  2  2  2  2  1.83139e-10  4.13917e-15  1  
0.194834  0.540684  0.264481  2  2  2  2  2  2  0.0402879  0.959712  0  
0.562939  0.186975  0.250086  2  2  2  2  2  2  0.542956  0.206432  0.250612  
0.41563  0.334363  0.250007  2  2  2  2  2  2  0.011036  0.0688392  0.920125  
0.376212  0.137854  0.485934  2  2  2  2  2  2  0.688537  0.00482402  0.306639  
0.391672  0.0444979  0.56383  2  2  2  2  2  2  0.0793322  0.223876  0.696792  
0.2835  3.61619e-10  0.7165  2  2  2  2  2  2  0.0590051  0.00551144  0.935483  
0.196171  0.423848  0.379981  2  2  2  2  2  2  0.367202  0.382777  0.25002  
0.162676  0.143652  0.693672  2  2  2  2  2  2  0.254257  0.225753  0.51999  
0.314543  0.0409483  0.644509  2  2  2  2  2  2  0.657386  0.0926068  0.250007  
2.45362e-05  0.0620677  0.937908  2  2  2  2  2  2  1.16905e-11  1  0  
0.664434  0.335566  0  2  2  2  2  2  2  0.41247  0.21348  0.37405  
0.309953  0.690047  0  2  2  2  2  2  2  0.808229  0.191771  0  
0.0675961  0.350642  0.581761  2  2  2  2  2  2  7.9137e-09  0.282156  0.717844  
0.964189  0.0358105  0  2  2  2  2  2  2  0.455378  0.544622  0  
0.670417  0.00387514  0.325708  2  2  2  2  2  2  0.148113  0.172036  0.679852  
0.749922  1.05562e-08  0.250078  2  2  2  2  2  2  0.328308  0.671692  0  
1.72929e-09  0.749903  0.250097  2  2  2  2  2  2  0.11597  0.63402  0.250009  
0.22998  0.77002  0  2  2  2  2  2  2  0.165751  0.560936  0.273313  
0.11513  0.109844  0.775027  2  2  2  2  2  2  0.00494108  0.371926  0.623133  
0.212851  3.82499e-08  0.787149  2  2  2  2  2  2  0.0427092  0.68898  0.26831  
0.375633  5.488e-09  0.624367  2  2  2  2  2  2  0.431329  0.318593  0.250078  
1.62827e-10  5.58773e-11  1  2  2  2  2  2  2  0.729319  0.270681  0  
0.0906126  0.0703783  0.839009  2  2  2  2  2  2  0.124452  0.875548  0  
0.103805  0.57684  0.319355  2  2  2  2  2  2  0.106955  0.418544  0.474501  
0.548022  0.451978  0  2  2  2  2  2  2  0.122694  2.20483e-08  0.877306  
0.2091  0.304894  0.486006  2  2  2  2  2  2  0.538432  0.461568  0  
0.703245  0.296755  0  2  2  2  2  2  2  0.0373601  0.458505  0.504135  
7.44296e-09  0.398232  0.601768  2  2  2  2  2  2  0.0814824  0.918518  0  
0.0415711  0.265656  0.692773  2  2  2  2  2  2  0.401711  0.0137415  0.584547  
0.151345  0.848655  0  2  2  2  2  2  2  0.376189  0.283213  0.340599  
0.189997  0.0637576  0.746246  2  2  2  2  2  2  0.368407  0.0867086  0.544884  
0.267443  0.482462  0.250095  2  2  2  2  2  2  0.350887  0.1821  0.467013  
0.0980134  0.290275  0.611711  2  2  2  2  2  2  0.165899  0.834101  0  
2.36356e-09  0.572267  0.427733  2  2  2  2  2  2  0.0458612  0.30891  0.645228  
0.375755  0.315551  0.308694  2  2  2  2  2  2  0.232478  2.96538e-10  0.767522  
0.337776  0.285086  0.377138  2  2  2  2  2  2  7.98351e-09  0.427154  0.572846  
0.0757911  0.185994  0.738215  2  2  2  2  2  2  0.342359  5.00187e-09  0.657641  
0.0264536  0.617383  0.356163  2  2  2  2  2  2  0.1606  0.0271264  0.812273  
0.19033  0.80967  0  2  2  2  2  2  2  8.54736e-09  0.53261  0.46739  
0.537834  0.144137  0.318029  2  2  2  2  2  2  0.368779  0.631221  0  
0.430452  0.569548  0  2  2  2  2  2  2  0.157154  0.438618  0.404227  
0.6258  0.3742  0  2  2  2  2  2  2  0.611618  0.0581849  0.330197  
0.350309  0.649691  0  2  2  2  2  2  2  0.121051  0.119386  0.759563  
4.52306e-09  0.683593  0.316407  2  2  2  2  2  2  0.328242  0.353433  0.318325  
0.469939  0.530061  0  2  2  2  2  2  2  2.79006e-06  0.207123  0.792874  
0.779588  0.220412  0  2  2  2  2  2  2  4.50398e-09  0.129614  0.870386  
0.165292  0.392731  0.441977  2  2  2  2  2  2  0.202443  0.478946  0.31861  
0.508957  0.491043  0  2  2  2  2  2  2  0.280801  0.32222  0.396979  
0.0752489  0.000276599  0.924475  2  2  2  2  2  2  0.913476  0.0865236  0  
1.25949e-11  1  2.55351e-15  2  2  2  2  2  2  0.194037  0.213428  0.592535  
0.618636  0.11037  0.270994  2  2  2  2  2  2  0.204875  0.795125  0  
0.320921  0.176597  0.502482  2  2  2  2  2  2  0.465847  4.03453e-12  0.534153  
0.0750866  0.924913  0  2  2  2  2  2  2  0.294441  0.152806  0.552753  
0.113292  0.886708  0  2  2  2  2  2  2  0.407157  0.108024  0.484819  
0.817247  0.182753  0  2  2  2  2  2  2  0.0874111  0.359342  0.553247  
0.0721179  0.670249  0.257633  2  2  2  2  2  2  0.315875  0.0721116  0.612013  
0.389975  0.610025  0  2  2  2  2  2  2  0.247833  0.752167  0  
0.510572  0.083905  0.405523  2  2  2  2  2  2  0.0561517  0.173883  0.769966  
0.0217685  0.108053  0.870179  2  2  2  2  2  2  4.33271e-09  0.654824  0.345176  
0.293523  0.254469  0.452007  2  2  2  2  2  2  0.881347  0.118653  0  
0.0375453  0.962455  0  2  2  2  2  2  2  0.57865  0.134292  0.287058  
8.85994e-10  0.235377  0.764623  2  2  2  2  2  2  0.120973  0.263966  0.615062  
0.488105  0.261886  0.250009  2  2  2  2  2  2  0.317303  0.251659  0.431038  
1  3.38644e-10  0  2  2  2  2  2  2  0.971979  0.0280206  0  
0.533559  0.00715178  0.459289  2  2  2  2  2  2  0.5787  0.4213  0  
0.130555  0.217848  0.651598  2  2  2  2  2  2  0.549955  1.18819e-08  0.450045  
0.442846  0.124738  0.432416  2  2  2  2  2  2  0.444227  0.143883  0.41189  
0.17044  0.261449  0.568111  2  2  2  2  2  2  1  3.38644e-10  0  
0.269794  0.730206  0  2  2  2  2  2  2  0.0751963  0.606233  0.318571  
0.682602  0.0673907  0.250007  2  2  2  2  2  2  0.769177  0.230823  0  
0.430402  0.24202  0.327578  2  2  2  2  2  2  0.566175  0.0375431  0.396282  
0.0350673  0.429753  0.53518  2  2  2  2  2  2  0.486099  0.0543068  0.459594  
0.384799  0.205342  0.409859  2  2  2  2  2  2  0.297366  0.440117  0.262517  
0.581322  0.0639761  0.354702  2  2  2  2  2  2  0.846525  0.153475  0  
0.928515  0.0714851  0  2  2  2  2  2  2  0.691105  0.308895  0  
0.433772  0.0697395  0.496489  2  2  2  2  2  2  0.188094  0.0785019  0.733404  
0.891692  0.108308  0  2  2  2  2  2  2  0.222526  0.105944  0.67153  
0.140156  0.609834  0.250009  2  2  2  2  2  2  0.160159  0.312593  0.527247  
0.742228  0.257772  0  2  2  2  2  2  2  0.0211128  0.582606  0.396282  
0.289782  0.375267  0.334951  2  2  2  2  2  2  0.288441  0.711559  0  
4.80101e-09  0.171176  0.828824  2  2  2  2  2  2  0.468081  0.252318  0.279601  
0.472045  0.174575  0.35338  2  2  2  2  2  2  0.0771878  0.0838031  0.839009  
0.217242  0.172264  0.610494  2  2  2  2  2  2  0.238472  0.51112  0.250408  
0.235444  0.452765  0.311791  2  2  2  2  2  2  0.628085  3.26237e-08  0.371915  
0.33649  0.413432  0.250078  2  2  2  2  2  2  0.27398  0.0251617  0.700858  
0.468697  2.51795e-11  0.531303  2  2  2  2  2  2  0.499982  0.500018  0  
0.142496  2.56068e-08  0.857504  2  2  2  2  2  2  0.408931  0.591069  0  
0.252  0.214931  0.533069  2  2  2  2  2  2  0.244215  0.138761  0.617024  
0.586981  0.413019  0  2  2  2  2  2  2  0.507449  0.106346  0.386205  
0.14954  0.497207  0.353253  2  2  2  2  2  2  0.228468  0.290399  0.481133  
0.854783  0.145217  0  2  2  2  2  2  2  0.115124  0.508683  0.376193  
0.090944  0.452554  0.456502  2  2  2  2  2  2  0.24754  0.404701  0.347759  
0.603283  3.83055e-10  0.396717  2  2  2  2  2  2  0.942303  0.0576971  0  
0.299215  0.11948  0.581304  2  2  2  2  2  2  0.653626  0.346374  0  
0.250614  0.339116  0.41027  2  2  2  2  2  2  0.614367  0.385633  0  
0.12592  0.360416  0.513664  2  2  2  2  2  2  1.53197e-09  0.749999  0.250001  
2.58047e-12  0.500205  0.499795  2  2  2  2  2  2  0.487279  0.182962  0.32976  
0.0697225  0.528756  0.401522  2  2  2  2  2  2  0.749999  4.76213e-10  0.250001  
0.24204  0.091769  0.666191  2  2  2  2  2  2  0.191162  0.371873  0.436965  
9.2307e-09  0.329112  0.670888  2  2  2  2  2  2  1.83139e-10  4.13917e-15  1  
0.194834  0.540684  0.264481  2  2  2  2  2  2  0.0409461  0.959054  0  
0.565863  0.184135  0.250001  2  2  2  2  2  2  0.526365  0.223634  0.250001  
0.414988  0.335011  0.250001  2  2  2  2  2  2  0.00899557  0.0717223  0.919282  
0.376212  0.137854  0.485934  2  2  2  2  2  2  0.688927  0.0309956  0.280077  
0.391672  0.0444979  0.56383  2  2  2  2  2  2  0.0835276  0.223773  0.6927  
0.284918  4.16266e-09  0.715082  2  2  2  2  2  2  0.0584773  0.00647465  0.935048  
0.196171  0.423848  0.379981  2  2  2  2  2  2  0.346682  0.403317  0.250001  
0.162362  0.141211  0.696427  2  2  2  2  2  2  0.266816  0.232057  0.501127  
0.31587  0.0444623  0.639667  2  2  2  2  2  2  0.644044  0.105956  0.25  
1.20886e-08  0.0626897  0.93731  2  2  2  2  2  2  1.16905e-11  1  0  
0.663662  0.336338  0  2  2  2  2  2  2  0.407583  0.219829  0.372588  
0.310235  0.689765  0  2  2  2  2  2  2  0.796046  0.203954  0  
0.0675961  0.350642  0.581761  2  2  2  2  2  2  7.75877e-09  0.276632  0.723368  
0.963352  0.0366482  0  2  2  2  2  2  2  0.451004  0.548996  0  
0.670417  0.00387514  0.325708  2  2  2  2  2  2  0.161977  0.186493  0.65153  
0.749999  4.76213e-10  0.250001  2  2  2  2  2  2  0.327872  0.672128  0  
1.53197e-09  0.749999  0.250001  2  2  2  2  2  2  0.107764  0.642235  0.25  
0.230993  0.769007  0  2  2  2  2  2  2  0.15683  0.569944  0.273226  
0.115538  0.109123  0.775339  2  2  2  2  2  2  1.05329e-08  0.375541  0.624459  
0.213953  2.72908e-10  0.786047  2  2  2  2  2  2  0.0316137  0.6878  0.280586  
0.376262  5.49719e-09  0.623738  2  2  2  2  2  2  0.419088  0.330911  0.25  
1.62827e-10  5.58773e-11  1  2  2  2  2  2  2  0.722988  0.277012  0  
0.0912485  0.0697424  0.839009  2  2  2  2  2  2  0.123033  0.876967  0  
0.103805  0.57684  0.319355  2  2  2  2  2  2  0.111715  0.411205  0.477081  
0.547817  0.452183  0  2  2  2  2  2  2  0.12374  2.22365e-08  0.87626  
0.2091  0.304894  0.486006  2  2  2  2  2  2  0.531327  0.468673  0  
0.702197  0.297803  0  2  2  2  2  2  2  0.0420196  0.464698  0.493283  
7.44296e-09  0.398232  0.601768  2  2  2  2  2  2  0.0821821  0.917818  0  
0.04374  0.260618  0.695642  2  2  2  2  2  2  0.398198  0.0163461  0.585456  
0.152739  0.847261  0  2  2  2  2  2  2  0.366312  0.296361  0.337327  
0.189997  0.0637576  0.746246  2  2  2  2  2  2  0.353541  0.0864593  0.56  
0.265629  0.484371  0.250001  2  2  2  2  2  2  0.361015  0.183711  0.455275  
0.0980134  0.290275  0.611711  2  2  2  2  2  2  0.164075  0.835925  0  
2.94754e-12  0.571361  0.428639  2  2  2  2  2  2  0.0393097  0.309904  0.650786  
0.375755  0.315551  0.308694  2  2  2  2  2  2  0.226794  1.96418e-12  0.773206  
0.337776  0.285086  0.377138  2  2  2  2  2  2  2.25917e-12  0.437924  0.562076  
0.0757911  0.185994  0.738215  2  2  2  2  2  2  0.343457  5.01791e-09  0.656543  
0.0259616  0.617502  0.356536  2  2  2  2  2  2  0.157849  0.034069  0.808082  
0.191699  0.808301  0  2  2  2  2  2  2  2.74875e-12  0.532826  0.467174  
0.538958  0.143775  0.317268  2  2  2  2  2  2  0.368955  0.631045  0  
0.429674  0.570326  0  2  2  2  2  2  2  0.139272  0.453424  0.407304  
0.625292  0.374708  0  2  2  2  2  2  2  0.603192  0.0751163  0.321691  
0.349992  0.650008  0  2  2  2  2  2  2  0.124846  0.130981  0.744173  
4.52421e-09  0.683766  0.316234  2  2  2  2  2  2  0.315997  0.369074  0.314929  
0.469327  0.530673  0  2  2  2  2  2  2  3.95674e-08  0.205191  0.794808  
0.778141  0.221859  0  2  2  2  2  2  2  4.65074e-09  0.133838  0.866162  
0.165292  0.392731  0.441977  2  2  2  2  2  2  0.18678  0.487928  0.325292  
0.508582  0.491418  0  2  2  2  2  2  2  0.275529  0.333166  0.391304  
0.0748197  0.00194662  0.923234  2  2  2  2  2  2  0.899862  0.100138  0  
1.25949e-11  1  2.55351e-15  2  2  2  2  2  2  0.204005  0.223577  0.572418  
0.62185  0.109031  0.269119  2  2  2  2  2  2  0.204919  0.795081  0  
0.320921  0.176597  0.502482  2  2  2  2  2  2  0.461604  3.99778e-12  0.538396  
0.0762113  0.923789  0  2  2  2  2  2  2  0.308254  0.161444  0.530302  
0.114218  0.885782  0  2  2  2  2  2  2  0.404487  0.101726  0.493787  
0.815561  0.184439  0  2  2  2  2  2  2  0.0800486  0.361468  0.558484  
0.0721179  0.670249  0.257633  2  2  2  2  2  2  0.301602  0.0690813  0.629316  
0.389877  0.610123  0  2  2  2  2  2  2  0.245858  0.754142  0  
0.510028  0.0864761  0.403496  2  2  2  2  2  2  0.0575244  0.170984  0.771492  
0.0234421  0.106054  0.870504  2  2  2  2  2  2  5.84738e-09  0.64256  0.35744  
0.292518  0.254411  0.453071  2  2  2  2  2  2  0.865956  0.134044  0  
0.038019  0.961981  0  2  2  2  2  2  2  0.57258  0.154069  0.273351  
1.21437e-12  0.235397  0.764603  2  2  2  2  2  2  0.120303  0.2724  0.607297  
0.490793  0.259206  0.250002  2  2  2  2  2  2  0.320243  0.25935  0.420407  
1  3.38644e-10  0  2  2  2  2  2  2  0.96719  0.0328101  0  
0.533559  0.00715178  0.459289  2  2  2  2  2  2  0.570579  0.429421  0  
0.129918  0.217319  0.652763  2  2  2  2  2  2  0.546213  6.722e-10  0.453787  
0.442846  0.124738  0.432416  2  2  2  2  2  2  0.446112  0.139014  0.414874  
0.17044  0.261449  0.568111  2  2  2  2  2  2  1  3.38644e-10  0  
0.270633  0.729367  0  2  2  2  2  2  2  0.0746958  0.600989  0.324315  
0.686293  0.0637064  0.250001  2  2  2  2  2  2  0.7594  0.2406  0  
0.431994  0.241335  0.326671  2  2  2  2  2  2  0.571466  0.0315906  0.396943  
0.0350673  0.429753  0.53518  2  2  2  2  2  2  0.483002  0.0537488  0.46325  
0.385834  0.204817  0.40935  2  2  2  2  2  2  0.276282  0.454696  0.269022  
0.582182  0.0655373  0.352281  2  2  2  2  2  2  0.831803  0.168197  0  
0.926743  0.0732574  0  2  2  2  2  2  2  0.685023  0.314977  0  
0.433772  0.0697395  0.496489  2  2  2  2  2  2  0.189767  0.0783118  0.731921  
0.890038  0.109962  0  2  2  2  2  2  2  0.215598  0.112268  0.672134  
0.140398  0.609601  0.250001  2  2  2  2  2  2  0.157277  0.319067  0.523656  
0.740456  0.259544  0  2  2  2  2  2  2  0.0282981  0.565272  0.40643  
0.290193  0.374092  0.335715  2  2  2  2  2  2  0.286792  0.713208  0  
5.9166e-09  0.170266  0.829734  2  2  2  2  2  2  0.453983  0.263581  0.282435  
0.472045  0.174575  0.35338  2  2  2  2  2  2  0.07957  0.0868295  0.8336  
0.21497  0.169617  0.615413  2  2  2  2  2  2  0.226367  0.523633  0.25  
0.235444  0.452765  0.311791  2  2  2  2  2  2  0.646841  5.60205e-12  0.353159  
0.338235  0.41176  0.250006  2  2  2  2  2  2  0.272762  0.0203366  0.706902  
0.469579  5.98973e-10  0.530421  2  2  2  2  2  2  0.490976  0.509024  0  
0.143456  2.57794e-08  0.856544  2  2  2  2  2  2  0.40992  0.59008  0  
0.24873  0.216328  0.534942  2  2  2  2  2  2  0.254881  0.145146  0.599973  
0.586728  0.413272  0  2  2  2  2  2  2  0.524792  0.106514  0.368695  
0.14954  0.497207  0.353253  2  2  2  2  2  2  0.231827  0.295533  0.47264  
0.852593  0.147407  0  2  2  2  2  2  2  0.104559  0.523665  0.371776  
0.0912975  0.452199  0.456503  2  2  2  2  2  2  0.231402  0.412806  0.355792  
0.603602  3.1352e-08  0.396398  2  2  2  2  2  2  0.933609  0.0663915  0  
0.299215  0.11948  0.581304  2  2  2  2  2  2  0.647348  0.352652  0  
0.250614  0.339116  0.41027  2  2  2  2  2  2  0.609759  0.390241  0  
0.12592  0.360416  0.513664  2  2  2  2  2  2  1.53197e-09  0.75  0.25  
1.73546e-08  0.499426  0.500574  2  2  2  2  2  2  0.485905  0.184346  0.329749  
0.0679668  0.52878  0.403253  2  2  2  2  2  2  0.75  4.76213e-10  0.25  
0.24204  0.091769  0.666191  2  2  2  2  2  2  0.190278  0.372983  0.436739  
9.21124e-09  0.328418  0.671582  2  2  2  2  2  2  1.83139e-10  4.13917e-15  1  
0.194834  0.540684  0.264481  2  2  2  2  2  2  0.0410584  0.958942  0  
0.565554  0.184446  0.25  2  2  2  2  2  2  0.52459  0.225409  0.25  
0.414497  0.335502  0.25  2  2  2  2  2  2  0.00972978  0.0714747  0.918796  
0.376212  0.137854  0.485934  2  2  2  2  2  2  0.688746  0.0330185  0.278235  
0.390456  0.0474683  0.562076  2  2  2  2  2  2  0.083742  0.224438  0.69182  
0.286072  7.36794e-06  0.713921  2  2  2  2  2  2  0.0589159  0.00629019  0.934794  
0.196171  0.423848  0.379981  2  2  2  2  2  2  0.344781  0.405218  0.25  
0.161551  0.141169  0.69728  2  2  2  2  2  2  0.265909  0.233372  0.50072  
0.317893  0.0464158  0.635691  2  2  2  2  2  2  0.642104  0.107896  0.25  
1.20886e-08  0.0626897  0.93731  2  2  2  2  2  2  1.16905e-11  1  0  
0.663158  0.336842  0  2  2  2  2  2  2  0.405988  0.221673  0.372339  
0.310264  0.689736  0  2  2  2  2  2  2  0.79152  0.20848  0  
0.0689042  0.351297  0.579798  2  2  2  2  2  2  7.76206e-09  0.276749  0.723251  
0.963152  0.0368483  0  2  2  2  2  2  2  0.448084  0.551916  0  
0.670417  0.00387514  0.325708  2  2  2  2  2  2  0.162273  0.187197  0.65053  
0.75  4.76213e-10  0.25  2  2  2  2  2  2  0.327482  0.672518  0  
1.53197e-09  0.75  0.25  2  2  2  2  2  2  0.105806  0.644194  0.25  
0.23147  0.76853  0  2  2  2  2  2  2  0.153889  0.572027  0.274084  
0.115538  0.109123  0.775339  2  2  2  2  2  2  1.05438e-08  0.375931  0.624069  
0.214583  1.85842e-12  0.785417  2  2  2  2  2  2  0.0301043  0.688343  0.281553  
0.377729  5.51861e-09  0.622271  2  2  2  2  2  2  0.416115  0.333885  0.25  
1.62827e-10  5.58773e-11  1  2  2  2  2  2  2  0.718733  0.281267  0  
0.0912485  0.0697424  0.839009  2  2  2  2  2  2  0.123033  0.876967  0  
0.101795  0.576327  0.321879  2  2  2  2  2  2  0.111242  0.411677  0.477081  
0.547382  0.452618  0  2  2  2  2  2  2  0.124148  2.23098e-08  0.875852  
0.2091  0.304894  0.486006  2  2  2  2  2  2  0.527241  0.472759  0  
0.701433  0.298567  0  2  2  2  2  2  2  0.0419689  0.464669  0.493362  
1.1131e-08  0.396867  0.603133  2  2  2  2  2  2  0.0820084  0.917992  0  
0.04374  0.260618  0.695642  2  2  2  2  2  2  0.39765  0.0162773  0.586073  
0.153792  0.846208  0  2  2  2  2  2  2  0.365022  0.297951  0.337027  
0.189997  0.0637576  0.746246  2  2  2  2  2  2  0.353488  0.0865122  0.56  
0.2656  0.484399  0.25  2  2  2  2  2  2  0.360039  0.185254  0.454707  
0.0980134  0.290275  0.611711  2  2  2  2  2  2  0.163979  0.836021  0  
1.6016e-08  0.571035  0.428965  2  2  2  2  2  2  0.0389286  0.310285  0.650786  
0.375557  0.317521  0.306922  2  2  2  2  2  2  0.226666  1.96307e-12  0.773334  
0.337776  0.285086  0.377138  2  2  2  2  2  2  2.25917e-12  0.437924  0.562076  
0.0757911  0.185994  0.738215  2  2  2  2  2  2  0.342992  5.01111e-09  0.657008  
0.0245543  0.617838  0.357608  2  2  2  2  2  2  0.157622  0.0347277  0.80765  
0.192564  0.807436  0  2  2  2  2  2  2  1.49336e-08  0.532443  0.467557  
0.538467  0.146291  0.315242  2  2  2  2  2  2  0.367629  0.632371  0  
0.429238  0.570762  0  2  2  2  2  2  2  0.137727  0.454969  0.407304  
0.624617  0.375383  0  2  2  2  2  2  2  0.602356  0.0758712  0.321773  
0.349992  0.650008  0  2  2  2  2  2  2  0.124949  0.131702  0.743349  
4.52421e-09  0.683766  0.316234  2  2  2  2  2  2  0.314081  0.371635  0.314284  
0.468776  0.531224  0  2  2  2  2  2  2  5.75354e-09  0.205137  0.794863  
0.776929  0.223071  0  2  2  2  2  2  2  4.63992e-09  0.133526  0.866474  
0.165292  0.392731  0.441977  2  2  2  2  2  2  0.184784  0.489823  0.325393  
0.508372  0.491628  0  2  2  2  2  2  2  0.274619  0.334869  0.390512  
0.0748197  0.00194662  0.923234  2  2  2  2  2  2  0.897133  0.102867  0  
1.25949e-11  1  2.55351e-15  2  2  2  2  2  2  0.2043  0.223901  0.5718  
0.62185  0.109031  0.269119  2  2  2  2  2  2  0.204919  0.795081  0  
0.320921  0.176597  0.502482  2  2  2  2  2  2  0.461397  3.99599e-12  0.538603  
0.07667  0.92333  0  2  2  2  2  2  2  0.308131  0.162091  0.529778  
0.115247  0.884753  0  2  2  2  2  2  2  0.403912  0.102831  0.493257  
0.814662  0.185338  0  2  2  2  2  2  2  0.0800626  0.361531  0.558406  
0.0721179  0.670249  0.257633  2  2  2  2  2  2  0.301145  0.0692964  0.629559  
0.389673  0.610327  0  2  2  2  2  2  2  0.245858  0.754142  0  
0.510028  0.0864761  0.403496  2  2  2  2  2  2  0.0576425  0.171483  0.770875  
0.0234421  0.106054  0.870504  2  2  2  2  2  2  5.84585e-09  0.642392  0.357608  
0.292518  0.254411  0.453071  2  2  2  2  2  2  0.862297  0.137703  0  
0.038469  0.961531  0  2  2  2  2  2  2  0.570086  0.155811  0.274103  
6.58932e-09  0.234936  0.765064  2  2  2  2  2  2  0.120034  0.273306  0.60666  
0.490793  0.259206  0.250002  2  2  2  2  2  2  0.319502  0.26075  0.419748  
1  3.38644e-10  0  2  2  2  2  2  2  0.966035  0.033965  0  
0.533559  0.00715178  0.459289  2  2  2  2  2  2  0.56643  0.43357  0  
0.129918  0.217319  0.652763  2  2  2  2  2  2  0.546213  6.722e-10  0.453787  
0.439351  0.125834  0.434816  2  2  2  2  2  2  0.444771  0.140486  0.414743  
0.171435  0.260396  0.56817  2  2  2  2  2  2  1  3.38644e-10  0  
0.270633  0.729367  0  2  2  2  2  2  2  0.0740086  0.601425  0.324567  
0.685943  0.0640564  0.250001  2  2  2  2  2  2  0.754948  0.245052  0  
0.431994  0.241335  0.326671  2  2  2  2  2  2  0.571601  0.0314557  0.396943  
0.0350673  0.429753  0.53518  2  2  2  2  2  2  0.482417  0.0537704  0.463813  
0.385046  0.206144  0.40881  2  2  2  2  2  2  0.273891  0.457687  0.268422  
0.58197  0.0659955  0.352034  2  2  2  2  2  2  0.827018  0.172982  0  
0.926061  0.0739392  0  2  2  2  2  2  2  0.681245  0.318755  0  
0.435699  0.0705141  0.493787  2  2  2  2  2  2  0.189986  0.0784884  0.731526  
0.889132  0.110868  0  2  2  2  2  2  2  0.215286  0.113191  0.671523  
0.140502  0.609498  0.25  2  2  2  2  2  2  0.156846  0.319498  0.523656  
0.739528  0.260472  0  2  2  2  2  2  2  0.0269611  0.566107  0.406932  
0.292101  0.373451  0.334448  2  2  2  2  2  2  0.286792  0.713208  0  
5.9166e-09  0.170266  0.829734  2  2  2  2  2  2  0.45259  0.265682  0.281728  
0.472045  0.174575  0.35338  2  2  2  2  2  2  0.0797709  0.0873099  0.832919  
0.214316  0.169889  0.615794  2  2  2  2  2  2  0.22315  0.52685  0.25  
0.235444  0.452765  0.311791  2  2  2  2  2  2  0.647323  5.60623e-12  0.352677  
0.338085  0.411914  0.25  2  2  2  2  2  2  0.272388  0.0207099  0.706902  
0.46911  3.02746e-12  0.53089  2  2  2  2  2  2  0.487597  0.512403  0  
0.143456  2.57794e-08  0.856544  2  2  2  2  2  2  0.408041  0.591959  0  
0.24914  0.215075  0.535785  2  2  2  2  2  2  0.255228  0.145343  0.599428  
0.586391  0.413609  0  2  2  2  2  2  2  0.523703  0.107036  0.369261  
0.14954  0.497207  0.353253  2  2  2  2  2  2  0.231086  0.296748  0.472166  
0.852041  0.147959  0  2  2  2  2  2  2  0.103161  0.52427  0.37257  
0.0912975  0.452199  0.456503  2  2  2  2  2  2  0.229627  0.414775  0.355598  
0.603851  7.43133e-10  0.396149  2  2  2  2  2  2  0.931743  0.068257  0  
0.295828  0.12208  0.582092  2  2  2  2  2  2  0.643556  0.356444  0  
0.250614  0.339116  0.41027  2  2  2  2  2  2  0.605054  0.394946  0  
0.12592  0.360416  0.513664  2  2  2  2  2  2  1.0448e-09  0.75  0.25  
2.57532e-12  0.499207  0.500793  2  2  2  2  2  2  0.48546  0.184683  0.329858  
0.0679668  0.52878  0.403253  2  2  2  2  2  2  0.75  4.76213e-10  0.25  
0.24204  0.091769  0.666191  2  2  2  2  2  2  0.189553  0.373826  0.436621  
9.21124e-09  0.328418  0.671582  2  2  2  2  2  2  1.83139e-10  4.13917e-15  1  
0.192459  0.540838  0.266702  2  2  2  2  2  2  0.0409724  0.959028  0  
0.565554  0.184446  0.25  2  2  2  2  2  2  0.524166  0.225834  0.25  
0.413714  0.336286  0.25  2  2  2  2  2  2  0.00982088  0.0713836  0.918796  
0.375013  0.144525  0.480462  2  2  2  2  2  2  0.688662  0.0334511  0.277887  
0.386322  0.0650932  0.548585  2  2  2  2  2  2  0.0836346  0.224546  0.69182  
0.288141  4.20974e-09  0.711859  2  2  2  2  2  2  0.0590575  0.00614861  0.934794  
0.196171  0.423848  0.379981  2  2  2  2  2  2  0.343315  0.406685  0.25  
0.161551  0.141169  0.69728  2  2  2  2  2  2  0.26583  0.234159  0.500011  
0.317893  0.0464158  0.635691  2  2  2  2  2  2  0.641702  0.108298  0.25  
1.20886e-08  0.0626897  0.93731  2  2  2  2  2  2  1.16905e-11  1  0  
0.662499  0.337501  0  2  2  2  2  2  2  0.405809  0.222707  0.371485  
0.310754  0.689246  0  2  2  2  2  2  2  0.788263  0.211737  0  
0.0689042  0.351297  0.579798  2  2  2  2  2  2  7.76206e-09  0.276749  0.723251  
0.962911  0.0370889  0  2  2  2  2  2  2  0.446118  0.553882  0  
0.670417  0.00387514  0.325708  2  2  2  2  2  2  0.162146  0.187401  0.650453  
0.75  4.76213e-10  0.25  2  2  2  2  2  2  0.326634  0.673366  0  
1.0448e-09  0.75  0.25  2  2  2  2  2  2  0.105728  0.644271  0.25  
0.232234  0.767766  0  2  2  2  2  2  2  0.15296  0.572562  0.274478  
0.115655  0.104358  0.779987  2  2  2  2  2  2  1.05438e-08  0.375931  0.624069  
0.215496  1.86633e-12  0.784504  2  2  2  2  2  2  0.0300288  0.688189  0.281782  
0.378262  4.6551e-10  0.621738  2  2  2  2  2  2  0.415368  0.334632  0.25  
1.62827e-10  5.58773e-11  1  2  2  2  2  2  2  0.714678  0.285322  0  
0.0912485  0.0697424  0.839009  2  2  2  2  2  2  0.123033  0.876967  0  
0.101795  0.576327  0.321879  2  2  2  2  2  2  0.110559  0.41236  0.477081  
0.546747  0.453253  0  2  2  2  2  2  2  0.12441  2.23568e-08  0.87559  
0.208365  0.304588  0.487046  2  2  2  2  2  2  0.525116  0.474884  0  
0.700733  0.299267  0  2  2  2  2  2  2  0.0413904  0.465001  0.493608  
2.04657e-12  0.396713  0.603287  2  2  2  2  2  2  0.0820084  0.917992  0  
0.04374  0.260618  0.695642  2  2  2  2  2  2  0.397472  0.0163393  0.586188  
0.154389  0.845611  0  2  2  2  2  2  2  0.364588  0.299101  0.336311  
0.191326  0.0621035  0.74657  2  2  2  2  2  2  0.353041  0.0869593  0.56  
0.263581  0.486419  0.25  2  2  2  2  2  2  0.360241  0.185754  0.454005  
0.0980134  0.290275  0.611711  2  2  2  2  2  2  0.163979  0.836021  0  
1.98269e-08  0.570573  0.429426  2  2  2  2  2  2  0.0388803  0.310435  0.650685  
0.375557  0.317521  0.306922  2  2  2  2  2  2  0.226666  1.96307e-12  0.773334  
0.337776  0.285086  0.377138  2  2  2  2  2  2  2.25917e-12  0.437924  0.562076  
0.0762789  0.180816  0.742905  2  2  2  2  2  2  0.342992  5.01111e-09  0.657008  
0.0240629  0.618078  0.35786  2  2  2  2  2  2  0.157733  0.0349841  0.807283  
0.193103  0.806897  0  2  2  2  2  2  2  1.49336e-08  0.532443  0.467557  
0.537618  0.14718  0.315201  2  2  2  2  2  2  0.366442  0.633558  0  
0.429088  0.570912  0  2  2  2  2  2  2  0.137149  0.455547  0.407304  
0.624053  0.375947  0  2  2  2  2  2  2  0.602292  0.0760955  0.321613  
0.350133  0.649867  0  2  2  2  2  2  2  0.124798  0.131853  0.743349  
4.52421e-09  0.683766  0.316234  2  2  2  2  2  2  0.313027  0.372547  0.314426  
0.468316  0.531684  0  2  2  2  2  2  2  5.75354e-09  0.205137  0.794863  
0.776003  0.223997  0  2  2  2  2  2  2  4.63992e-09  0.133526  0.866474  
0.165292  0.392731  0.441977  2  2  2  2  2  2  0.18332  0.491287  0.325393  
0.507414  0.492586  0  2  2  2  2  2  2  0.273647  0.336043  0.39031  
0.0748197  0.00194662  0.923234  2  2  2  2  2  2  0.895529  0.104471  0  
1.25949e-11  1  2.55351e-15  2  2  2  2  2  2  0.204141  0.224551  0.571308  
0.62185  0.109031  0.269119  2  2  2  2  2  2  0.20487  0.79513  0  
0.320921  0.176597  0.502482  2  2  2  2  2  2  0.461133  3.9937e-12  0.538867  
0.0768831  0.923117  0  2  2  2  2  2  2  0.307935  0.162934  0.529131  
0.115488  0.884512  0  2  2  2  2  2  2  0.403479  0.103153  0.493368  
0.813737  0.186263  0  2  2  2  2  2  2  0.0800032  0.361839  0.558158  
0.0721179  0.670249  0.257633  2  2  2  2  2  2  0.301023  0.0694181  0.629559  
0.389548  0.610452  0  2  2  2  2  2  2  0.245684  0.754316  0  
0.513094  0.0866109  0.400295  2  2  2  2  2  2  0.0574861  0.171639  0.770875  
0.0234421  0.106054  0.870504  2  2  2  2  2  2  5.84356e-09  0.64214  0.35786  
0.292518  0.254411  0.453071  2  2  2  2  2  2  0.860335  0.139665  0  
0.038352  0.961648  0  2  2  2  2  2  2  0.569547  0.156595  0.273858  
6.57572e-09  0.234451  0.765549  2  2  2  2  2  2  0.120081  0.273413  0.606506  
0.490271  0.259729  0.25  2  2  2  2  2  2  0.31898  0.261731  0.41929  
1  3.38644e-10  0  2  2  2  2  2  2  0.965228  0.0347724  0  
0.539234  6.6361e-10  0.460766  2  2  2  2  2  2  0.563547  0.436453  0  
0.129918  0.217319  0.652763  2  2  2  2  2  2  0.546287  6.72291e-10  0.453713  
0.438067  0.127562  0.434371  2  2  2  2  2  2  0.444803  0.140496  0.414701  
0.171435  0.260396  0.56817  2  2  2  2  2  2  1  3.38644e-10  0  
0.271405  0.728595  0  2  2  2  2  2  2  0.0733143  0.601663  0.325023  
0.685986  0.0640139  0.25  2  2  2  2  2  2  0.751856  0.248144  0  
0.430994  0.244239  0.324767  2  2  2  2  2  2  0.57172  0.0315857  0.396694  
0.0350673  0.429753  0.53518  2  2  2  2  2  2  0.482194  0.0539021  0.463904  
0.385046  0.206144  0.40881  2  2  2  2  2  2  0.2725  0.458472  0.269028  
0.58197  0.0659955  0.352034  2  2  2  2  2  2  0.824417  0.175583  0  
0.925792  0.0742079  0  2  2  2  2  2  2  0.677667  0.322333  0  
0.466056  0.054363  0.479581  2  2  2  2  2  2  0.189991  0.078571  0.731438  
0.888636  0.111364  0  2  2  2  2  2  2  0.215286  0.113191  0.671523  
0.140621  0.609379  0.25  2  2  2  2  2  2  0.15655  0.320169  0.523281  
0.73834  0.26166  0  2  2  2  2  2  2  0.0266535  0.566199  0.407147  
0.292101  0.373451  0.334448  2  2  2  2  2  2  0.285917  0.714083  0  
5.90916e-09  0.170052  0.829948  2  2  2  2  2  2  0.452262  0.266589  0.281149  
0.47095  0.175132  0.353918  2  2  2  2  2  2  0.0798351  0.0873801  0.832785  
0.212321  0.174215  0.613464  2  2  2  2  2  2  0.222521  0.527479  0.25  
0.235444  0.452765  0.311791  2  2  2  2  2  2  0.647648  5.60903e-12  0.352352  
0.336824  0.413176  0.25  2  2  2  2  2  2  0.272388  0.0207099  0.706902  
0.454994  3.94053e-12  0.545006  2  2  2  2  2  2  0.485778  0.514222  0  
0.143456  2.57794e-08  0.856544  2  2  2  2  2  2  0.406239  0.593761  0  
0.248142  0.218578  0.533281  2  2  2  2  2  2  0.255057  0.145751  0.599192  
0.585413  0.414587  0  2  2  2  2  2  2  0.52355  0.107278  0.369172  
0.14954  0.497207  0.353253  2  2  2  2  2  2  0.230753  0.297564  0.471683  
0.851281  0.148719  0  2  2  2  2  2  2  0.102721  0.524634  0.372645  
0.0912975  0.452199  0.456503  2  2  2  2  2  2  0.228046  0.416153  0.355801  
0.606789  7.46748e-10  0.393211  2  2  2  2  2  2  0.930478  0.0695218  0  
0.294982  0.122275  0.582743  2  2  2  2  2  2  0.640154  0.359846  0  
0.250614  0.339116  0.41027  2  2  2  2  2  2  0.602386  0.397614  0  
0.12592  0.360416  0.513664  2  2  2  2  2  2  1.0448e-09  0.75  0.25  
2.57532e-12  0.499207  0.500793  2  2  2  2  2  2  0.48519  0.184995  0.329815  
0.0679668  0.52878  0.403253  2  2  2  2  2  2  0.75  4.76213e-10  0.25  
0.24204  0.091769  0.666191  2  2  2  2  2  2  0.189134  0.374245  0.436621  
9.20871e-09  0.328328  0.671672  2  2  2  2  2  2  1.83139e-10  4.13917e-15  1  
0.192216  0.53757  0.270215  2  2  2  2  2  2  0.0409724  0.959028  0  
0.565193  0.184807  0.25  2  2  2  2  2  2  0.523812  0.226188  0.25  
0.413714  0.336286  0.25  2  2  2  2  2  2  0.00982746  0.0714314  0.918741  
0.373834  0.143928  0.482238  2  2  2  2  2  2  0.688597  0.0340024  0.277401  
0.389586  0.0720164  0.538398  2  2  2  2  2  2  0.0836346  0.224546  0.69182  
0.288141  4.20974e-09  0.711859  2  2  2  2  2  2  0.0590888  0.00611727  0.934794  
0.196171  0.423848  0.379981  2  2  2  2  2  2  0.34309  0.40691  0.25  
0.161551  0.141169  0.69728  2  2  2  2  2  2  0.26544  0.234363  0.500197  
0.317893  0.0464158  0.635691  2  2  2  2  2  2  0.641253  0.108747  0.25  
2.20024e-09  0.0633179  0.936682  2  2  2  2  2  2  1.16905e-11  1  0  
0.662328  0.337672  0  2  2  2  2  2  2  0.405322  0.223319  0.371359  
0.310754  0.689246  0  2  2  2  2  2  2  0.786307  0.213693  0  
0.0689042  0.351297  0.579798  2  2  2  2  2  2  7.76206e-09  0.276749  0.723251  
0.962858  0.0371415  0  2  2  2  2  2  2  0.445081  0.554919  0  
0.670417  0.00387514  0.325708  2  2  2  2  2  2  0.162294  0.187573  0.650132  
0.75  4.76213e-10  0.25  2  2  2  2  2  2  0.325455  0.674545  0  
1.0448e-09  0.75  0.25  2  2  2  2  2  2  0.105389  0.644611  0.25  
0.232244  0.767756  0  2  2  2  2  2  2  0.152525  0.572971  0.274503  
0.115655  0.104358  0.779987  2  2  2  2  2  2  1.05438e-08  0.375931  0.624069  
0.216051  1.87113e-12  0.783949  2  2  2  2  2  2  0.0297952  0.688196  0.282009  
0.379055  5.538e-09  0.620945  2  2  2  2  2  2  0.415032  0.334968  0.25  
1.62827e-10  5.58773e-11  1  2  2  2  2  2  2  0.712647  0.287353  0  
0.0912485  0.0697424  0.839009  2  2  2  2  2  2  0.122994  0.877006  0  
0.102441  0.577315  0.320244  2  2  2  2  2  2  0.110361  0.412375  0.477264  
0.546504  0.453496  0  2  2  2  2  2  2  0.12441  2.23568e-08  0.87559  
0.208365  0.304588  0.487046  2  2  2  2  2  2  0.52347  0.47653  0  
0.700264  0.299736  0  2  2  2  2  2  2  0.041151  0.465146  0.493703  
2.04657e-12  0.396713  0.603287  2  2  2  2  2  2  0.0820084  0.917992  0  
0.0427603  0.260566  0.696674  2  2  2  2  2  2  0.397317  0.01639  0.586293  
0.154305  0.845695  0  2  2  2  2  2  2  0.364321  0.299368  0.336311  
0.191326  0.0621035  0.74657  2  2  2  2  2  2  0.353154  0.0870185  0.559827  
0.263488  0.486511  0.25  2  2  2  2  2  2  0.359948  0.186127  0.453926  
0.0980134  0.290275  0.611711  2  2  2  2  2  2  0.163761  0.836239  0  
4.435e-09  0.570398  0.429602  2  2  2  2  2  2  0.0388803  0.310435  0.650685  
0.375557  0.317521  0.306922  2  2  2  2  2  2  0.226666  1.96307e-12  0.773334  
0.337776  0.285086  0.377138  2  2  2  2  2  2  2.25917e-12  0.437924  0.562076  
0.0768761  0.182837  0.740287  2  2  2  2  2  2  0.342931  5.01022e-09  0.657069  
0.0238943  0.618246  0.35786  2  2  2  2  2  2  0.157682  0.0350351  0.807283  
0.193384  0.806616  0  2  2  2  2  2  2  1.49322e-08  0.532393  0.467607  
0.537618  0.14718  0.315201  2  2  2  2  2  2  0.365729  0.634271  0  
0.428968  0.571032  0  2  2  2  2  2  2  0.136581  0.455908  0.407512  
0.623938  0.376062  0  2  2  2  2  2  2  0.602207  0.07618  0.321613  
0.350133  0.649867  0  2  2  2  2  2  2  0.124798  0.131853  0.743349  
1.91975e-08  0.684468  0.315532  2  2  2  2  2  2  0.312714  0.372983  0.314303  
0.468316  0.531684  0  2  2  2  2  2  2  5.75354e-09  0.205137  0.794863  
0.776003  0.223997  0  2  2  2  2  2  2  4.63992e-09  0.133526  0.866474  
0.165292  0.392731  0.441977  2  2  2  2  2  2  0.183199  0.491333  0.325468  
0.507577  0.492423  0  2  2  2  2  2  2  0.273438  0.336384  0.390177  
0.0750644  0.00163318  0.923302  2  2  2  2  2  2  0.894362  0.105638  0  
1.25949e-11  1  2.55351e-15  2  2  2  2  2  2  0.20397  0.224722  0.571308  
0.62185  0.109031  0.269119  2  2  2  2  2  2  0.204386  0.795614  0  
0.320221  0.176184  0.503595  2  2  2  2  2  2  0.461133  3.9937e-12  0.538867  
0.0769337  0.923066  0  2  2  2  2  2  2  0.30779  0.163079  0.529131  
0.115521  0.884479  0  2  2  2  2  2  2  0.403622  0.103189  0.493189  
0.813698  0.186302  0  2  2  2  2  2  2  0.0798797  0.361963  0.558158  
0.0745118  0.669647  0.255842  2  2  2  2  2  2  0.300892  0.0695493  0.629559  
0.389548  0.610452  0  2  2  2  2  2  2  0.244865  0.755135  0  
0.512598  0.0869286  0.400474  2  2  2  2  2  2  0.0574861  0.171639  0.770875  
0.0234421  0.106054  0.870504  2  2  2  2  2  2  5.84356e-09  0.64214  0.35786  
0.292518  0.254411  0.453071  2  2  2  2  2  2  0.858527  0.141473  0  
0.0384339  0.961566  0  2  2  2  2  2  2  0.569397  0.156745  0.273858  
6.56087e-09  0.233922  0.766078  2  2  2  2  2  2  0.120139  0.273544  0.606317  
0.489657  0.260343  0.25  2  2  2  2  2  2  0.318874  0.261976  0.41915  
1  3.38644e-10  0  2  2  2  2  2  2  0.964928  0.0350715  0  
0.540835  6.65582e-10  0.459165  2  2  2  2  2  2  0.562149  0.437851  0  
0.129918  0.217319  0.652763  2  2  2  2  2  2  0.546287  6.72291e-10  0.453713  
0.442077  0.116537  0.441386  2  2  2  2  2  2  0.444433  0.141025  0.414542  
0.171435  0.260396  0.56817  2  2  2  2  2  2  1  3.38644e-10  0  
0.271456  0.728544  0  2  2  2  2  2  2  0.0729687  0.602008  0.325023  
0.685986  0.0640139  0.25  2  2  2  2  2  2  0.749734  0.250266  0  
0.431337  0.244084  0.324578  2  2  2  2  2  2  0.5719  0.03153  0.39657  
0.0350673  0.429753  0.53518  2  2  2  2  2  2  0.482194  0.0539021  0.463904  
0.386381  0.206108  0.407512  2  2  2  2  2  2  0.272282  0.45869  0.269028  
0.582332  0.0653152  0.352352  2  2  2  2  2  2  0.822585  0.177415  0  
0.92563  0.0743704  0  2  2  2  2  2  2  0.675494  0.324506  0  
0.473698  0.0358224  0.490479  2  2  2  2  2  2  0.190119  0.0786832  0.731198  
0.888428  0.111572  0  2  2  2  2  2  2  0.215254  0.113436  0.67131  
0.142832  0.607168  0.25  2  2  2  2  2  2  0.15655  0.320169  0.523281  
0.738286  0.261714  0  2  2  2  2  2  2  0.0265691  0.566284  0.407147  
0.292101  0.373451  0.334448  2  2  2  2  2  2  0.285195  0.714805  0  
4.76471e-09  0.169881  0.830119  2  2  2  2  2  2  0.451967  0.266953  0.281081  
0.47095  0.175132  0.353918  2  2  2  2  2  2  0.0798351  0.0873801  0.832785  
0.212321  0.174215  0.613464  2  2  2  2  2  2  0.222197  0.527803  0.25  
0.235444  0.452765  0.311791  2  2  2  2  2  2  0.647926  5.61144e-12  0.352074  
0.336893  0.413107  0.25  2  2  2  2  2  2  0.272388  0.0207099  0.706902  
0.443511  4.68268e-14  0.556489  2  2  2  2  2  2  0.484411  0.515589  0  
0.143963  2.58706e-08  0.856037  2  2  2  2  2  2  0.405478  0.594522  0  
0.24756  0.218065  0.534374  2  2  2  2  2  2  0.255151  0.145945  0.598904  
0.585306  0.414694  0  2  2  2  2  2  2  0.523322  0.107506  0.369172  
0.146624  0.497321  0.356055  2  2  2  2  2  2  0.230413  0.297904  0.471683  
0.851095  0.148905  0  2  2  2  2  2  2  0.102355  0.524934  0.372712  
0.0912975  0.452199  0.456503  2  2  2  2  2  2  0.227894  0.416305  0.355801  
0.606149  5.24963e-12  0.393851  2  2  2  2  2  2  0.929694  0.0703061  0  
0.294982  0.122275  0.582743  2  2  2  2  2  2  0.637989  0.362011  0  
0.250614  0.339116  0.41027  2  2  2  2  2  2  0.60043  0.39957  0  
0.12592  0.360416  0.513664  2  2  2  2  2  2  1.0448e-09  0.75  0.25  
2.57532e-12  0.499207  0.500793  2  2  2  2  2  2  0.485068  0.185043  0.329889  
0.0679668  0.52878  0.403253  2  2  2  2  2  2  0.75  4.76213e-10  0.25  
0.24204  0.091769  0.666191  2  2  2  2  2  2  0.189134  0.374245  0.436621  
9.20007e-09  0.32802  0.67198  2  2  2  2  2  2  1.83139e-10  4.13917e-15  1  
0.192216  0.53757  0.270215  2  2  2  2  2  2  0.0409724  0.959028  0  
0.565043  0.184957  0.25  2  2  2  2  2  2  0.523415  0.226585  0.25  
0.41319  0.33681  0.25  2  2  2  2  2  2  0.00986896  0.0713899  0.918741  
0.370672  0.149594  0.479734  2  2  2  2  2  2  0.688537  0.0340624  0.277401  
0.387938  0.0738918  0.538171  2  2  2  2  2  2  0.0836506  0.224588  0.691761  
0.28847  7.21914e-09  0.71153  2  2  2  2  2  2  0.0590888  0.00611727  0.934794  
0.196171  0.423848  0.379981  2  2  2  2  2  2  0.342574  0.407426  0.25  
0.161551  0.141169  0.69728  2  2  2  2  2  2  0.265477  0.234396  0.500128  
0.320711  0.044195  0.635094  2  2  2  2  2  2  0.641055  0.108945  0.25  
1.76657e-09  0.0629855  0.937015  2  2  2  2  2  2  1.16905e-11  1  0  
0.662013  0.337987  0  2  2  2  2  2  2  0.405222  0.223539  0.371239  
0.310867  0.689133  0  2  2  2  2  2  2  0.785291  0.214709  0  
0.0689042  0.351297  0.579798  2  2  2  2  2  2  7.76206e-09  0.276749  0.723251  
0.962858  0.0371415  0  2  2  2  2  2  2  0.444443  0.555557  0  
0.671831  0.00655598  0.321613  2  2  2  2  2  2  0.162294  0.187573  0.650132  
0.75  4.76213e-10  0.25  2  2  2  2  2  2  0.325211  0.674789  0  
1.0448e-09  0.75  0.25  2  2  2  2  2  2  0.105201  0.644799  0.25  
0.232525  0.767475  0  2  2  2  2  2  2  0.152019  0.573035  0.274946  
0.115655  0.104358  0.779987  2  2  2  2  2  2  1.05438e-08  0.375931  0.624069  
0.216051  1.87113e-12  0.783949  2  2  2  2  2  2  0.0296114  0.688379  0.282009  
0.379055  5.538e-09  0.620945  2  2  2  2  2  2  0.41444  0.33556  0.25  
1.62827e-10  5.58773e-11  1  2  2  2  2  2  2  0.711361  0.288639  0  
0.0912485  0.0697424  0.839009  2  2  2  2  2  2  0.12295  0.87705  0  
0.102441  0.577315  0.320244  2  2  2  2  2  2  0.110227  0.41251  0.477264  
0.546401  0.453599  0  2  2  2  2  2  2  0.12441  2.23568e-08  0.87559  
0.208365  0.304588  0.487046  2  2  2  2  2  2  0.522174  0.477826  0  
0.699989  0.300011  0  2  2  2  2  2  2  0.0411447  0.465075  0.493781  
2.04657e-12  0.396713  0.603287  2  2  2  2  2  2  0.0820084  0.917992  0  
0.0427603  0.260566  0.696674  2  2  2  2  2  2  0.397317  0.01639  0.586293  
0.154496  0.845504  0  2  2  2  2  2  2  0.364235  0.299627  0.336138  
0.191326  0.0621035  0.74657  2  2  2  2  2  2  0.353154  0.0870185  0.559827  
0.263488  0.486511  0.25  2  2  2  2  2  2  0.359752  0.186323  0.453926  
0.0973881  0.290777  0.611835  2  2  2  2  2  2  0.163696  0.836304  0  
4.435e-09  0.570398  0.429602  2  2  2  2  2  2  0.0388803  0.310435  0.650685  
0.375557  0.317521  0.306922  2  2  2  2  2  2  0.226666  1.96307e-12  0.773334  
0.337776  0.285086  0.377138  2  2  2  2  2  2  2.25917e-12  0.437924  0.562076  
0.0768761  0.182837  0.740287  2  2  2  2  2  2  0.342862  5.00921e-09  0.657138  
0.0237995  0.618341  0.35786  2  2  2  2  2  2  0.15783  0.0350681  0.807102  
0.193465  0.806535  0  2  2  2  2  2  2  1.49322e-08  0.532393  0.467607  
0.537618  0.14718  0.315201  2  2  2  2  2  2  0.365407  0.634593  0  
0.428954  0.571046  0  2  2  2  2  2  2  0.13632  0.456169  0.407512  
0.623598  0.376402  0  2  2  2  2  2  2  0.602137  0.0762505  0.321613  
0.350133  0.649867  0  2  2  2  2  2  2  0.124853  0.131911  0.743236  
6.2306e-09  0.684672  0.315328  2  2  2  2  2  2  0.312293  0.373403  0.314303  
0.468158  0.531842  0  2  2  2  2  2  2  5.75354e-09  0.205137  0.794863  
0.775603  0.224397  0  2  2  2  2  2  2  4.63992e-09  0.133526  0.866474  
0.165292  0.392731  0.441977  2  2  2  2  2  2  0.18299  0.491541  0.325468  
0.50728  0.49272  0  2  2  2  2  2  2  0.273294  0.336529  0.390177  
0.0750644  0.00163318  0.923302  2  2  2  2  2  2  0.89327  0.10673  0  
1.25949e-11  1  2.55351e-15  2  2  2  2  2  2  0.20397  0.224722  0.571308  
0.62185  0.109031  0.269119  2  2  2  2  2  2  0.204119  0.795881  0  
0.320221  0.176184  0.503595  2  2  2  2  2  2  0.461133  3.9937e-12  0.538867  
0.0769337  0.923066  0  2  2  2  2  2  2  0.307848  0.163111  0.529041  
0.115621  0.884379  0  2  2  2  2  2  2  0.403489  0.103322  0.493189  
0.813398  0.186602  0  2  2  2  2  2  2  0.0798797  0.361963  0.558158  
0.0745118  0.669647  0.255842  2  2  2  2  2  2  0.300958  0.0695647  0.629477  
0.389548  0.610452  0  2  2  2  2  2  2  0.244668  0.755332  0  
0.512598  0.0869286  0.400474  2  2  2  2  2  2  0.0574861  0.171639  0.770875  
0.0234421  0.106054  0.870504  2  2  2  2  2  2  5.84356e-09  0.64214  0.35786  
0.292518  0.254411  0.453071  2  2  2  2  2  2  0.857431  0.142569  0  
0.0384339  0.961566  0  2  2  2  2  2  2  0.569198  0.156944  0.273858  
6.56087e-09  0.233922  0.766078  2  2  2  2  2  2  0.120139  0.273544  0.606317  
0.489657  0.260343  0.25  2  2  2  2  2  2  0.318682  0.262168  0.41915  
1  3.38644e-10  0  2  2  2  2  2  2  0.964928  0.0350715  0  
0.543722  4.50836e-10  0.456278  2  2  2  2  2  2  0.560682  0.439318  0  
0.129918  0.217319  0.652763  2  2  2  2  2  2  0.546287  6.72291e-10  0.453713  
0.441189  0.115954  0.442857  2  2  2  2  2  2  0.444264  0.141195  0.414542  
0.169078  0.263082  0.56784  2  2  2  2  2  2  1  3.38644e-10  0  
0.271654  0.728346  0  2  2  2  2  2  2  0.0727152  0.602262  0.325023  
0.68513  0.0648702  0.25  2  2  2  2  2  2  0.748293  0.251707  0  
0.43283  0.242022  0.325148  2  2  2  2  2  2  0.5719  0.03153  0.39657  
0.0350673  0.429753  0.53518  2  2  2  2  2  2  0.482146  0.05395  0.463904  
0.386381  0.206108  0.407512  2  2  2  2  2  2  0.271814  0.459159  0.269028  
0.584098  0.0662821  0.34962  2  2  2  2  2  2  0.82162  0.17838  0  
0.92563  0.0743704  0  2  2  2  2  2  2  0.674065  0.325935  0  
0.474375  0.03661  0.489015  2  2  2  2  2  2  0.190119  0.0786832  0.731198  
0.888244  0.111756  0  2  2  2  2  2  2  0.215254  0.113436  0.67131  
0.142832  0.607168  0.25  2  2  2  2  2  2  0.156566  0.320404  0.52303  
0.737927  0.262073  0  2  2  2  2  2  2  0.0265691  0.566284  0.407147  
0.292101  0.373451  0.334448  2  2  2  2  2  2  0.285058  0.714942  0  
4.76056e-09  0.169733  0.830267  2  2  2  2  2  2  0.451605  0.267387  0.281008  
0.470838  0.171303  0.35786  2  2  2  2  2  2  0.079905  0.0873102  0.832785  
0.212321  0.174215  0.613464  2  2  2  2  2  2  0.221685  0.528315  0.25  
0.235444  0.452765  0.311791  2  2  2  2  2  2  0.647926  5.61144e-12  0.352074  
0.336735  0.413265  0.25  2  2  2  2  2  2  0.272294  0.020804  0.706902  
0.44437  3.40505e-12  0.55563  2  2  2  2  2  2  0.48327  0.51673  0  
0.143963  2.58706e-08  0.856037  2  2  2  2  2  2  0.405339  0.594661  0  
0.24756  0.218065  0.534374  2  2  2  2  2  2  0.255209  0.145979  0.598812  
0.584794  0.415206  0  2  2  2  2  2  2  0.523376  0.107517  0.369106  
0.146624  0.497321  0.356055  2  2  2  2  2  2  0.230413  0.297904  0.471683  
0.850827  0.149173  0  2  2  2  2  2  2  0.10217  0.525118  0.372712  
0.0912975  0.452199  0.456503  2  2  2  2  2  2  0.227736  0.416561  0.355703  
0.611222  7.52203e-10  0.388778  2  2  2  2  2  2  0.929323  0.0706771  0  
0.294982  0.122275  0.582743  2  2  2  2  2  2  0.636695  0.363305  0  
0.250614  0.339116  0.41027  2  2  2  2  2  2  0.599156  0.400844  0  
0.12592  0.360416  0.513664  2  2  2  2  2  2  1.0448e-09  0.75  0.25  
2.57532e-12  0.499207  0.500793  2  2  2  2  2  2  0.484851  0.18526  0.329889  
0.0679668  0.52878  0.403253  2  2  2  2  2  2  0.75  4.76213e-10  0.25  
0.24204  0.091769  0.666191  2  2  2  2  2  2  0.189169  0.374313  0.436518  
9.20453e-09  0.328179  0.671821  2  2  2  2  2  2  1.83139e-10  4.13917e-15  1  
0.192216  0.53757  0.270215  2  2  2  2  2  2  0.0407944  0.959206  0  
0.565043  0.184957  0.25  2  2  2  2  2  2  0.523415  0.226585  0.25  
0.41319  0.33681  0.25  2  2  2  2  2  2  0.00986896  0.0713899  0.918741  
0.370672  0.149594  0.479734  2  2  2  2  2  2  0.688537  0.0340624  0.277401  
0.388634  0.0753036  0.536062  2  2  2  2  2  2  0.0836788  0.224664  0.691657  
0.288542  2.49895e-12  0.711458  2  2  2  2  2  2  0.0591839  0.0061271  0.934689  
0.196171  0.423848  0.379981  2  2  2  2  2  2  0.342268  0.407732  0.25  
0.161551  0.141169  0.69728  2  2  2  2  2  2  0.265561  0.23447  0.499969  
0.320711  0.044195  0.635094  2  2  2  2  2  2  0.641055  0.108945  0.25  
1.76657e-09  0.0629855  0.937015  2  2  2  2  2  2  1.16905e-11  1  0  
0.66136  0.33864  0  2  2  2  2  2  2  0.405165  0.223596  0.371239  
0.310867  0.689133  0  2  2  2  2  2  2  0.783952  0.216048  0  
0.0689042  0.351297  0.579798  2  2  2  2  2  2  7.76206e-09  0.276749  0.723251  
0.962858  0.0371415  0  2  2  2  2  2  2  0.442714  0.557286  0  
0.671831  0.00655598  0.321613  2  2  2  2  2  2  0.162264  0.187795  0.64994  
0.75  4.76213e-10  0.25  2  2  2  2  2  2  0.324125  0.675875  0  
1.0448e-09  0.75  0.25  2  2  2  2  2  2  0.105201  0.644799  0.25  
0.232525  0.767475  0  2  2  2  2  2  2  0.152038  0.573109  0.274853  
0.115655  0.104358  0.779987  2  2  2  2  2  2  1.05438e-08  0.375931  0.624069  
0.216278  1.54702e-12  0.783722  2  2  2  2  2  2  0.0296066  0.688267  0.282127  
0.379994  5.55171e-09  0.620006  2  2  2  2  2  2  0.41421  0.33579  0.25  
1.62827e-10  5.58773e-11  1  2  2  2  2  2  2  0.710441  0.289559  0  
0.0912485  0.0697424  0.839009  2  2  2  2  2  2  0.122316  0.877684  0  
0.102441  0.577315  0.320244  2  2  2  2  2  2  0.110227  0.41251  0.477264  
0.545962  0.454038  0  2  2  2  2  2  2  0.124531  2.42183e-08  0.875469  
0.206393  0.305027  0.48858  2  2  2  2  2  2  0.520745  0.479255  0  
0.699507  0.300493  0  2  2  2  2  2  2  0.0411447  0.465075  0.493781  
2.04657e-12  0.396713  0.603287  2  2  2  2  2  2  0.0815652  0.918435  0  
0.0427603  0.260566  0.696674  2  2  2  2  2  2  0.397317  0.01639  0.586293  
0.154532  0.845468  0  2  2  2  2  2  2  0.363953  0.299908  0.336138  
0.191326  0.0621035  0.74657  2  2  2  2  2  2  0.353154  0.0870185  0.559827  
0.263236  0.486764  0.25  2  2  2  2  2  2  0.359681  0.186422  0.453897  
0.0973881  0.290777  0.611835  2  2  2  2  2  2  0.163033  0.836967  0  
4.435e-09  0.570398  0.429602  2  2  2  2  2  2  0.0388803  0.310435  0.650685  
0.375557  0.317521  0.306922  2  2  2  2  2  2  0.226666  1.96307e-12  0.773334  
0.337776  0.285086  0.377138  2  2  2  2  2  2  2.25917e-12  0.437924  0.562076  
0.0768761  0.182837  0.740287  2  2  2  2  2  2  0.342862  5.00921e-09  0.657138  
0.0235094  0.618631  0.35786  2  2  2  2  2  2  0.157783  0.035179  0.807038  
0.193482  0.806518  0  2  2  2  2  2  2  1.49322e-08  0.532393  0.467607  
0.537618  0.14718  0.315201  2  2  2  2  2  2  0.363874  0.636126  0  
0.428682  0.571318  0  2  2  2  2  2  2  0.13632  0.456169  0.407512  
0.622845  0.377155  0  2  2  2  2  2  2  0.602002  0.0763849  0.321613  
0.350133  0.649867  0  2  2  2  2  2  2  0.12483  0.131933  0.743236  
6.2306e-09  0.684672  0.315328  2  2  2  2  2  2  0.312064  0.373757  0.314179  
0.467873  0.532127  0  2  2  2  2  2  2  5.75354e-09  0.205137  0.794863  
0.775603  0.224397  0  2  2  2  2  2  2  4.63992e-09  0.133526  0.866474  
0.165292  0.392731  0.441977  2  2  2  2  2  2  0.182803  0.491728  0.325468  
0.506856  0.493144  0  2  2  2  2  2  2  0.273113  0.336919  0.389967  
0.0750644  0.00163318  0.923302  2  2  2  2  2  2  0.892834  0.107166  0  
1.25949e-11  1  2.55351e-15  2  2  2  2  2  2  0.204042  0.224802  0.571157  
0.62185  0.109031  0.269119  2  2  2  2  2  2  0.203596  0.796404  0  
0.316251  0.17452  0.509229  2  2  2  2  2  2  0.461133  3.9937e-12  0.538867  
0.0770545  0.922946  0  2  2  2  2  2  2  0.307848  0.163111  0.529041  
0.115755  0.884245  0  2  2  2  2  2  2  0.403346  0.103465  0.493189  
0.813261  0.186739  0  2  2  2  2  2  2  0.0798797  0.361963  0.558158  
0.0745118  0.669647  0.255842  2  2  2  2  2  2  0.300967  0.0695978  0.629435  
0.38945  0.61055  0  2  2  2  2  2  2  0.244015  0.755985  0  
0.512598  0.0869286  0.400474  2  2  2  2  2  2  0.0575061  0.171699  0.770795  
0.0234421  0.106054  0.870504  2  2  2  2  2  2  5.84356e-09  0.64214  0.35786  
0.292518  0.254411  0.453071  2  2  2  2  2  2  0.856765  0.143235  0  
0.0384339  0.961566  0  2  2  2  2  2  2  0.569019  0.157124  0.273858  
6.56087e-09  0.233922  0.766078  2  2  2  2  2  2  0.120075  0.273608  0.606317  
0.489657  0.260343  0.25  2  2  2  2  2  2  0.318528  0.26252  0.418952  
1  3.38644e-10  0  2  2  2  2  2  2  0.964406  0.035594  0  
0.544141  6.6965e-10  0.455859  2  2  2  2  2  2  0.559412  0.440588  0  
0.129918  0.217319  0.652763  2  2  2  2  2  2  0.546287  6.72291e-10  0.453713  
0.441189  0.115954  0.442857  2  2  2  2  2  2  0.444278  0.14127  0.414452  
0.169078  0.263082  0.56784  2  2  2  2  2  2  1  3.38644e-10  0  
0.271654  0.728346  0  2  2  2  2  2  2  0.0727113  0.602229  0.32506  
0.68513  0.0648702  0.25  2  2  2  2  2  2  0.747515  0.252485  0  
0.43363  0.24131  0.32506  2  2  2  2  2  2  0.5719  0.03153  0.39657  
0.0350673  0.429753  0.53518  2  2  2  2  2  2  0.482146  0.05395  0.463904  
0.386742  0.206527  0.406732  2  2  2  2  2  2  0.27173  0.459543  0.268727  
0.584098  0.0662821  0.34962  2  2  2  2  2  2  0.820283  0.179717  0  
0.925586  0.0744141  0  2  2  2  2  2  2  0.673154  0.326846  0  
0.474794  0.0364137  0.488792  2  2  2  2  2  2  0.190154  0.0788817  0.730964  
0.888244  0.111756  0  2  2  2  2  2  2  0.21533  0.11354  0.671131  
0.142947  0.607053  0.25  2  2  2  2  2  2  0.156566  0.320404  0.52303  
0.737733  0.262267  0  2  2  2  2  2  2  0.0264461  0.566407  0.407147  
0.292101  0.373451  0.334448  2  2  2  2  2  2  0.284326  0.715674  0  
4.76056e-09  0.169733  0.830267  2  2  2  2  2  2  0.451587  0.267405  0.281008  
0.470186  0.171954  0.35786  2  2  2  2  2  2  0.079905  0.0873102  0.832785  
0.212321  0.174215  0.613464  2  2  2  2  2  2  0.221322  0.528678  0.25  
0.235444  0.452765  0.311791  2  2  2  2  2  2  0.647926  5.61144e-12  0.352074  
0.336667  0.413333  0.25  2  2  2  2  2  2  0.272401  0.0208591  0.70674  
0.443816  3.84373e-12  0.556184  2  2  2  2  2  2  0.48179  0.51821  0  
0.14428  1.24956e-12  0.85572  2  2  2  2  2  2  0.40369  0.59631  0  
0.246974  0.218059  0.534967  2  2  2  2  2  2  0.255209  0.145979  0.598812  
0.584517  0.415483  0  2  2  2  2  2  2  0.523337  0.107631  0.369032  
0.146624  0.497321  0.356055  2  2  2  2  2  2  0.230501  0.298018  0.471481  
0.850791  0.149209  0  2  2  2  2  2  2  0.102024  0.525264  0.372712  
0.0912975  0.452199  0.456503  2  2  2  2  2  2  0.227676  0.416854  0.355469  
0.611644  7.52723e-10  0.388356  2  2  2  2  2  2  0.928769  0.0712307  0  
0.293522  0.122047  0.584432  2  2  2  2  2  2  0.635315  0.364685  0  
0.250614  0.339116  0.41027  2  2  2  2  2  2  0.597651  0.402349  0  
0.12592  0.360416  0.513664  2  3.08708  2  2  3.08708  2  1.0448e-09  0.75  0.25  
2.57532e-12  0.499207  0.500793  2  3.08708  2  2  3.08708  2  0.484732  0.185379  0.329889  
0.0679668  0.52878  0.403253  2  3.08708  2  2  3.08708  2  0.75  4.76213e-10  0.25  
0.24204  0.091769  0.666191  2  3.08708  2  2  3.08708  2  0.189114  0.374369  0.436518  
9.20453e-09  0.328179  0.671821  2  3.08708  2  2  3.08708  2  1.83139e-10  4.13917e-15  1  
0.192216  0.53757  0.270215  2  3.08708  2  2  3.08708  2  0.0407944  0.959206  0  
0.565043  0.184957  0.25  2  3.08708  2  2  3.08708  2  0.523314  0.226686  0.25  
0.41319  0.33681  0.25  2  3.08708  2  2  3.08708  2  0.00986896  0.0713899  0.918741  
0.369692  0.149861  0.480447  2  3.08708  2  2  3.08708  2  0.688443  0.0341563  0.277401  
0.388634  0.0753036  0.536062  2  3.08708  2  2  3.08708  2  0.0836788  0.224664  0.691657  
0.288942  5.61925e-08  0.711058  2  3.08708  2  2  3.08708  2  0.0591839  0.0061271  0.934689  
0.196171  0.423848  0.379981  2  3.08708  2  2  3.08708  2  0.342268  0.407732  0.25  
0.159734  0.141061  0.699205  2  3.08708  2  2  3.08708  2  0.265536  0.234495  0.499969  
0.320711  0.044195  0.635094  2  3.08708  2  2  3.08708  2  0.641004  0.108996  0.25  
1.76657e-09  0.0629855  0.937015  2  3.08708  2  2  3.08708  2  1.16905e-11  1  0  
0.661099  0.338901  0  2  3.08708  2  2  3.08708  2  0.405051  0.223783  0.371166  
0.310867  0.689133  0  2  3.08708  2  2  3.08708  2  0.782873  0.217127  0  
0.0682589  0.351419  0.580322  2  3.08708  2  2  3.08708  2  7.76206e-09  0.276749  0.723251  
0.962858  0.0371415  0  2  3.08708  2  2  3.08708  2  0.440948  0.559052  0  
0.671868  0.00651909  0.321613  2  3.08708  2  2  3.08708  2  0.162264  0.187795  0.64994  
0.75  4.76213e-10  0.25  2  3.08708  2  2  3.08708  2  0.323327  0.676673  0  
1.0448e-09  0.75  0.25  2  3.08708  2  2  3.08708  2  0.105201  0.644799  0.25  
0.232612  0.767388  0  2  3.08708  2  2  3.08708  2  0.151965  0.573182  0.274853  
0.115655  0.104358  0.779987  2  3.08708  2  2  3.08708  2  1.05438e-08  0.375931  0.624069  
0.216546  1.87543e-12  0.783454  2  3.08708  2  2  3.08708  2  0.029504  0.688369  0.282127  
0.379994  5.55171e-09  0.620006  2  3.08708  2  2  3.08708  2  0.414159  0.335841  0.25  
1.62827e-10  5.58773e-11  1  2  3.08708  2  2  3.08708  2  0.708625  0.291375  0  
0.0912485  0.0697424  0.839009  2  3.08708  2  2  3.08708  2  0.121991  0.878009  0  
0.102441  0.577315  0.320244  2  3.08708  2  2  3.08708  2  0.110227  0.41251  0.477264  
0.545567  0.454433  0  2  3.08708  2  2  3.08708  2  0.124531  2.42183e-08  0.875469  
0.206393  0.305027  0.48858  2  3.08708  2  2  3.08708  2  0.519037  0.480963  0  
0.69938  0.30062  0  2  3.08708  2  2  3.08708  2  0.0411318  0.464929  0.493939  
2.04657e-12  0.396713  0.603287  2  3.08708  2  2  3.08708  2  0.0813761  0.918624  0  
0.0427603  0.260566  0.696674  2  3.08708  2  2  3.08708  2  0.397317  0.01639  0.586293  
0.154628  0.845372  0  2  3.08708  2  2  3.08708  2  0.363825  0.300037  0.336138  
0.191326  0.0621035  0.74657  2  3.08708  2  2  3.08708  2  0.353039  0.0871341  0.559827  
0.263236  0.486764  0.25  2  3.08708  2  2  3.08708  2  0.359666  0.186604  0.45373  
0.0973881  0.290777  0.611835  2  3.08708  2  2  3.08708  2  0.162646  0.837354  0  
4.435e-09  0.570398  0.429602  2  3.08708  2  2  3.08708  2  0.0388406  0.310533  0.650627  
0.375557  0.317521  0.306922  2  3.08708  2  2  3.08708  2  0.226761  1.96389e-12  0.773239  
0.337776  0.285086  0.377138  2  3.08708  2  2  3.08708  2  2.25869e-12  0.437831  0.562169  
0.0755406  0.181311  0.743148  2  3.08708  2  2  3.08708  2  0.342862  5.00921e-09  0.657138  
0.0236693  0.618471  0.35786  2  3.08708  2  2  3.08708  2  0.157864  0.0351971  0.806938  
0.193592  0.806408  0  2  3.08708  2  2  3.08708  2  8.13133e-13  0.532252  0.467748  
0.537618  0.14718  0.315201  2  3.08708  2  2  3.08708  2  0.36319  0.63681  0  
0.428682  0.571318  0  2  3.08708  2  2  3.08708  2  0.13632  0.456169  0.407512  
0.622528  0.377472  0  2  3.08708  2  2  3.08708  2  0.602002  0.0763849  0.321613  
0.350133  0.649867  0  2  3.08708  2  2  3.08708  2  0.124873  0.131979  0.743148  
6.2306e-09  0.684672  0.315328  2  3.08708  2  2  3.08708  2  0.312064  0.373757  0.314179  
0.467873  0.532127  0  2  3.08708  2  2  3.08708  2  5.75354e-09  0.205137  0.794863  
0.775094  0.224906  0  2  3.08708  2  2  3.08708  2  4.63992e-09  0.133526  0.866474  
0.165292  0.392731  0.441977  2  3.08708  2  2  3.08708  2  0.182646  0.491885  0.325468  
0.506856  0.493144  0  2  3.08708  2  2  3.08708  2  0.273113  0.336919  0.389967  
0.0750644  0.00163318  0.923302  2  3.08708  2  2  3.08708  2  0.892178  0.107822  0  
1.25949e-11  1  2.55351e-15  2  3.08708  2  2  3.08708  2  0.204075  0.224838  0.571086  
0.62185  0.109031  0.269119  2  3.08708  2  2  3.08708  2  0.202976  0.797024  0  
0.314806  0.176076  0.509119  2  3.08708  2  2  3.08708  2  0.461133  3.9937e-12  0.538867  
0.0771271  0.922873  0  2  3.08708  2  2  3.08708  2  0.307894  0.163191  0.528915  
0.115868  0.884132  0  2  3.08708  2  2  3.08708  2  0.403357  0.103468  0.493175  
0.812881  0.187119  0  2  3.08708  2  2  3.08708  2  0.0798797  0.361963  0.558158  
0.0745118  0.669647  0.255842  2  3.08708  2  2  3.08708  2  0.300967  0.0695978  0.629435  
0.38945  0.61055  0  2  3.08708  2  2  3.08708  2  0.243348  0.756652  0  
0.512598  0.0869286  0.400474  2  3.08708  2  2  3.08708  2  0.0575061  0.171699  0.770795  
0.0234421  0.106054  0.870504  2  3.08708  2  2  3.08708  2  5.84356e-09  0.64214  0.35786  
0.292518  0.254411  0.453071  2  3.08708  2  2  3.08708  2  0.855853  0.144147  0  
0.0385325  0.961467  0  2  3.08708  2  2  3.08708  2  0.569098  0.157146  0.273756  
6.56087e-09  0.233922  0.766078  2  3.08708  2  2  3.08708  2  0.120117  0.273705  0.606178  
0.489657  0.260343  0.25  2  3.08708  2  2  3.08708  2  0.318528  0.26252  0.418952  
1  3.38644e-10  0  2  3.08708  2  2  3.08708  2  0.964222  0.0357775  0  
0.544141  6.6965e-10  0.455859  2  3.08708  2  2  3.08708  2  0.557297  0.442703  0  
0.127454  0.215408  0.657138  2  3.08708  2  2  3.08708  2  0.546354  6.72373e-10  0.453646  
0.438296  0.115978  0.445726  2  3.08708  2  2  3.08708  2  0.444316  0.141378  0.414307  
0.169078  0.263082  0.56784  2  3.08708  2  2  3.08708  2  1  3.38644e-10  0  
0.271788  0.728212  0  2  3.08708  2  2  3.08708  2  0.0727113  0.602229  0.32506  
0.68513  0.0648702  0.25  2  3.08708  2  2  3.08708  2  0.746064  0.253936  0  
0.43363  0.24131  0.32506  2  3.08708  2  2  3.08708  2  0.5719  0.03153  0.39657  
0.0350673  0.429753  0.53518  2  3.08708  2  2  3.08708  2  0.482146  0.05395  0.463904  
0.386742  0.206527  0.406732  2  3.08708  2  2  3.08708  2  0.271655  0.459618  0.268727  
0.584098  0.0662821  0.34962  2  3.08708  2  2  3.08708  2  0.819396  0.180604  0  
0.925586  0.0744141  0  2  3.08708  2  2  3.08708  2  0.670965  0.329035  0  
0.474794  0.0364137  0.488792  2  3.08708  2  2  3.08708  2  0.190154  0.0788817  0.730964  
0.888185  0.111815  0  2  3.08708  2  2  3.08708  2  0.215235  0.113635  0.671131  
0.142994  0.607006  0.25  2  3.08708  2  2  3.08708  2  0.156566  0.320404  0.52303  
0.737313  0.262687  0  2  3.08708  2  2  3.08708  2  0.0263639  0.566489  0.407147  
0.292101  0.373451  0.334448  2  3.08708  2  2  3.08708  2  0.283293  0.716707  0  
4.76056e-09  0.169733  0.830267  2  3.08708  2  2  3.08708  2  0.451409  0.267583  0.281008  
0.470186  0.171954  0.35786  2  3.08708  2  2  3.08708  2  0.079905  0.0873102  0.832785  
0.210361  0.174318  0.615322  2  3.08708  2  2  3.08708  2  0.221322  0.528678  0.25  
0.235444  0.452765  0.311791  2  3.08708  2  2  3.08708  2  0.647926  5.61144e-12  0.352074  
0.336667  0.413333  0.25  2  3.08708  2  2  3.08708  2  0.272316  0.0209439  0.70674  
0.444327  3.84815e-12  0.555673  2  3.08708  2  2  3.08708  2  0.479923  0.520077  0  
0.14428  1.24956e-12  0.85572  2  3.08708  2  2  3.08708  2  0.402044  0.597956  0  
0.246218  0.217435  0.536348  2  3.08708  2  2  3.08708  2  0.255354  0.146062  0.598585  
0.584247  0.415753  0  2  3.08708  2  2  3.08708  2  0.523165  0.107802  0.369032  
0.146624  0.497321  0.356055  2  3.08708  2  2  3.08708  2  0.230501  0.298018  0.471481  
0.850644  0.149356  0  2  3.08708  2  2  3.08708  2  0.101964  0.525128  0.372907  
0.0912975  0.452199  0.456503  2  3.08708  2  2  3.08708  2  0.227492  0.417039  0.355469  
0.611876  7.53009e-10  0.388124  2  3.08708  2  2  3.08708  2  0.928155  0.0718452  0  
0.293522  0.122047  0.584432  2  3.08708  2  2  3.08708  2  0.633295  0.366705  0  
0.250614  0.339116  0.41027  2  3.08708  2  2  3.08708  2  0.59543  0.40457  0  
0.12592  0.360416  0.513664  2  2  2  2  2  2  1.0448e-09  0.75  0.25  
2.57532e-12  0.499207  0.500793  2  2  2  2  2  2  0.484868  0.185431  0.329702  
0.0676252  0.528852  0.403522  2  2  2  2  2  2  0.75  4.76213e-10  0.25  
0.24204  0.091769  0.666191  2  2  2  2  2  2  0.189077  0.374405  0.436518  
9.19949e-09  0.327999  0.672001  2  2  2  2  2  2  1.83139e-10  4.13917e-15  1  
0.192216  0.53757  0.270215  2  2  2  2  2  2  0.0406829  0.959317  0  
0.565043  0.184957  0.25  2  2  2  2  2  2  0.523066  0.226934  0.25  
0.41319  0.33681  0.25  2  2  2  2  2  2  0.00993378  0.0713251  0.918741  
0.369692  0.149861  0.480447  2  2  2  2  2  2  0.688496  0.0341589  0.277345  
0.388634  0.0753036  0.536062  2  2  2  2  2  2  0.0837152  0.224762  0.691523  
0.288942  5.61925e-08  0.711058  2  2  2  2  2  2  0.0593289  0.00598206  0.934689  
0.196171  0.423848  0.379981  2  2  2  2  2  2  0.341968  0.408032  0.25  
0.159734  0.141061  0.699205  2  2  2  2  2  2  0.265508  0.234522  0.499969  
0.320711  0.044195  0.635094  2  2  2  2  2  2  0.640798  0.109202  0.25  
1.76657e-09  0.0629855  0.937015  2  2  2  2  2  2  1.16905e-11  1  0  
0.66089  0.33911  0  2  2  2  2  2  2  0.40504  0.223793  0.371166  
0.310986  0.689014  0  2  2  2  2  2  2  0.782135  0.217865  0  
0.0682589  0.351419  0.580322  2  2  2  2  2  2  2.35573e-09  0.27677  0.72323  
0.962771  0.0372292  0  2  2  2  2  2  2  0.439952  0.560048  0  
0.671868  0.00651909  0.321613  2  2  2  2  2  2  0.162264  0.187795  0.64994  
0.75  4.76213e-10  0.25  2  2  2  2  2  2  0.322082  0.677918  0  
1.0448e-09  0.75  0.25  2  2  2  2  2  2  0.10497  0.64503  0.25  
0.232794  0.767206  0  2  2  2  2  2  2  0.15175  0.573397  0.274853  
0.115655  0.104358  0.779987  2  2  2  2  2  2  1.05438e-08  0.375931  0.624069  
0.216546  1.87543e-12  0.783454  2  2  2  2  2  2  0.029504  0.688369  0.282127  
0.380141  5.55386e-09  0.619859  2  2  2  2  2  2  0.413823  0.336177  0.25  
1.62827e-10  5.58773e-11  1  2  2  2  2  2  2  0.707709  0.292291  0  
0.0912485  0.0697424  0.839009  2  2  2  2  2  2  0.121937  0.878063  0  
0.102441  0.577315  0.320244  2  2  2  2  2  2  0.110227  0.41251  0.477264  
0.545354  0.454646  0  2  2  2  2  2  2  0.124726  2.42562e-08  0.875274  
0.206393  0.305027  0.48858  2  2  2  2  2  2  0.517294  0.482706  0  
0.698979  0.301021  0  2  2  2  2  2  2  0.0411318  0.464929  0.493939  
1.11536e-08  0.397672  0.602328  2  2  2  2  2  2  0.0813761  0.918624  0  
0.0427603  0.260566  0.696674  2  2  2  2  2  2  0.397317  0.01639  0.586293  
0.154951  0.845049  0  2  2  2  2  2  2  0.363615  0.300247  0.336138  
0.191326  0.0621035  0.74657  2  2  2  2  2  2  0.353039  0.0871341  0.559827  
0.263236  0.486764  0.25  2  2  2  2  2  2  0.359666  0.186604  0.45373  
0.0973881  0.290777  0.611835  2  2  2  2  2  2  0.162331  0.837669  0  
4.435e-09  0.570398  0.429602  2  2  2  2  2  2  0.0388406  0.310533  0.650627  
0.375557  0.317521  0.306922  2  2  2  2  2  2  0.226802  1.96425e-12  0.773198  
0.337776  0.285086  0.377138  2  2  2  2  2  2  2.25834e-12  0.437763  0.562237  
0.0747593  0.182092  0.743148  2  2  2  2  2  2  0.342862  5.00921e-09  0.657138  
0.0236693  0.618471  0.35786  2  2  2  2  2  2  0.157864  0.0351971  0.806938  
0.193867  0.806133  0  2  2  2  2  2  2  8.13133e-13  0.532252  0.467748  
0.537618  0.14718  0.315201  2  2  2  2  2  2  0.361539  0.638461  0  
0.428556  0.571444  0  2  2  2  2  2  2  0.136248  0.45624  0.407512  
0.622417  0.377583  0  2  2  2  2  2  2  0.602002  0.0763849  0.321613  
0.350248  0.649752  0  2  2  2  2  2  2  0.124873  0.131979  0.743148  
6.2306e-09  0.684672  0.315328  2  2  2  2  2  2  0.311787  0.374034  0.314179  
0.467551  0.532449  0  2  2  2  2  2  2  5.75354e-09  0.205137  0.794863  
0.774923  0.225077  0  2  2  2  2  2  2  4.63992e-09  0.133526  0.866474  
0.165292  0.392731  0.441977  2  2  2  2  2  2  0.182622  0.491909  0.325468  
0.506642  0.493358  0  2  2  2  2  2  2  0.273007  0.337026  0.389967  
0.0750644  0.00163318  0.923302  2  2  2  2  2  2  0.891748  0.108252  0  
1.25949e-11  1  2.55351e-15  2  2  2  2  2  2  0.204022  0.224891  0.571086  
0.62185  0.109031  0.269119  2  2  2  2  2  2  0.202731  0.797269  0  
0.314648  0.178379  0.506973  2  2  2  2  2  2  0.461133  3.9937e-12  0.538867  
0.0771271  0.922873  0  2  2  2  2  2  2  0.307894  0.163191  0.528915  
0.115962  0.884038  0  2  2  2  2  2  2  0.403382  0.103533  0.493086  
0.812762  0.187238  0  2  2  2  2  2  2  0.0798601  0.361982  0.558158  
0.0745118  0.669647  0.255842  2  2  2  2  2  2  0.300967  0.0695978  0.629435  
0.38945  0.61055  0  2  2  2  2  2  2  0.242826  0.757174  0  
0.51096  0.086986  0.402054  2  2  2  2  2  2  0.0575407  0.171664  0.770795  
0.023434  0.10622  0.870346  2  2  2  2  2  2  5.84274e-09  0.642051  0.357949  
0.291931  0.254423  0.453646  2  2  2  2  2  2  0.855389  0.144611  0  
0.0385325  0.961467  0  2  2  2  2  2  2  0.569025  0.157219  0.273756  
6.5698e-09  0.23424  0.76576  2  2  2  2  2  2  0.120117  0.273705  0.606178  
0.489657  0.260343  0.25  2  2  2  2  2  2  0.318528  0.26252  0.418952  
1  3.38644e-10  0  2  2  2  2  2  2  0.963924  0.0360759  0  
0.545214  4.7219e-12  0.454786  2  2  2  2  2  2  0.556074  0.443926  0  
0.127667  0.216002  0.656331  2  2  2  2  2  2  0.546354  6.72373e-10  0.453646  
0.438296  0.115978  0.445726  2  2  2  2  2  2  0.444255  0.141438  0.414307  
0.169078  0.263082  0.56784  2  2  2  2  2  2  1  3.38644e-10  0  
0.271829  0.728171  0  2  2  2  2  2  2  0.0727113  0.602229  0.32506  
0.685388  0.0646124  0.25  2  2  2  2  2  2  0.745021  0.254979  0  
0.4329  0.24204  0.32506  2  2  2  2  2  2  0.5719  0.03153  0.39657  
0.0366272  0.428697  0.534675  2  2  2  2  2  2  0.482113  0.0539835  0.463904  
0.386742  0.206527  0.406732  2  2  2  2  2  2  0.27128  0.459992  0.268727  
0.584098  0.0662821  0.34962  2  2  2  2  2  2  0.818644  0.181356  0  
0.925448  0.0745523  0  2  2  2  2  2  2  0.670375  0.329625  0  
0.476647  0.0346813  0.488671  2  2  2  2  2  2  0.190112  0.0789236  0.730964  
0.887916  0.112084  0  2  2  2  2  2  2  0.215301  0.113653  0.671045  
0.142994  0.607006  0.25  2  2  2  2  2  2  0.156566  0.320404  0.52303  
0.737071  0.262929  0  2  2  2  2  2  2  0.0263564  0.566326  0.407317  
0.292101  0.373451  0.334448  2  2  2  2  2  2  0.282595  0.717405  0  
5.88352e-09  0.169314  0.830686  2  2  2  2  2  2  0.451286  0.267706  0.281008  
0.470186  0.171954  0.35786  2  2  2  2  2  2  0.079905  0.0873102  0.832785  
0.209159  0.174066  0.616776  2  2  2  2  2  2  0.221031  0.528969  0.25  
0.235444  0.452765  0.311791  2  2  2  2  2  2  0.647926  5.61144e-12  0.352074  
0.336667  0.413333  0.25  2  2  2  2  2  2  0.272316  0.0209439  0.70674  
0.444327  3.84815e-12  0.555673  2  2  2  2  2  2  0.478881  0.521119  0  
0.14428  1.24956e-12  0.85572  2  2  2  2  2  2  0.400725  0.599275  0  
0.244516  0.218522  0.536963  2  2  2  2  2  2  0.255308  0.146107  0.598585  
0.58398  0.41602  0  2  2  2  2  2  2  0.523165  0.107802  0.369032  
0.146624  0.497321  0.356055  2  2  2  2  2  2  0.230499  0.29809  0.471411  
0.850319  0.149681  0  2  2  2  2  2  2  0.101975  0.525183  0.372842  
0.0916775  0.452907  0.455415  2  2  2  2  2  2  0.227494  0.417001  0.355505  
0.612825  5.30745e-12  0.387175  2  2  2  2  2  2  0.927876  0.0721242  0  
0.293522  0.122047  0.584432  2  2  2  2  2  2  0.632672  0.367328  0  
0.250925  0.338737  0.410337  2  2  2  2  2  2  0.594597  0.405403  0  
0.12592  0.360416  0.513664  2.81383  2  2  2.81383  2  2  1.0448e-09  0.75  0.25  
2.57532e-12  0.499207  0.500793  2.81383  2  2  2.81383  2  2  0.484655  0.185571  0.329774  
0.0676252  0.528852  0.403522  2.81383  2  2  2.81383  2  2  0.75  4.76213e-10  0.25  
0.24204  0.091769  0.666191  2.81383  2  2  2.81383  2  2  0.188954  0.374528  0.436518  
9.19949e-09  0.327999  0.672001  2.81383  2  2  2.81383  2  2  1.83139e-10  4.13917e-15  1  
0.192216  0.53757  0.270215  2.81383  2  2  2.81383  2  2  0.0406829  0.959317  0  
0.565043  0.184957  0.25  2.81383  2  2  2.81383  2  2  0.522843  0.227157  0.25  
0.413203  0.336797  0.25  2.81383  2  2  2.81383  2  2  0.00993378  0.0713251  0.918741  
0.369692  0.149861  0.480447  2.81383  2  2  2.81383  2  2  0.6884  0.0342791  0.277321  
0.388634  0.0753036  0.536062  2.81383  2  2  2.81383  2  2  0.0837152  0.224762  0.691523  
0.288942  5.61925e-08  0.711058  2.81383  2  2  2.81383  2  2  0.0593515  0.00595945  0.934689  
0.196171  0.423848  0.379981  2.81383  2  2  2.81383  2  2  0.34194  0.40806  0.25  
0.159734  0.141061  0.699205  2.81383  2  2  2.81383  2  2  0.265508  0.234522  0.499969  
0.320711  0.044195  0.635094  2.81383  2  2  2.81383  2  2  0.640614  0.109386  0.25  
1.76657e-09  0.0629855  0.937015  2.81383  2  2  2.81383  2  2  1.16905e-11  1  0  
0.660546  0.339454  0  2.81383  2  2  2.81383  2  2  0.404987  0.223847  0.371166  
0.311104  0.688896  0  2.81383  2  2  2.81383  2  2  0.781082  0.218918  0  
0.0675926  0.351246  0.581162  2.81383  2  2  2.81383  2  2  2.35573e-09  0.27677  0.72323  
0.962639  0.037361  0  2.81383  2  2  2.81383  2  2  0.439344  0.560656  0  
0.671868  0.00651909  0.321613  2.81383  2  2  2.81383  2  2  0.162264  0.187795  0.64994  
0.75  4.76213e-10  0.25  2.81383  2  2  2.81383  2  2  0.321825  0.678175  0  
1.0448e-09  0.75  0.25  2.81383  2  2  2.81383  2  2  0.104945  0.645055  0.25  
0.232934  0.767066  0  2.81383  2  2  2.81383  2  2  0.151729  0.573318  0.274953  
0.116526  0.10469  0.778784  2.81383  2  2  2.81383  2  2  1.05438e-08  0.375931  0.624069  
0.216546  1.87543e-12  0.783454  2.81383  2  2  2.81383  2  2  0.0294006  0.688473  0.282127  
0.380141  5.55386e-09  0.619859  2.81383  2  2  2.81383  2  2  0.413737  0.336263  0.25  
1.62827e-10  5.58773e-11  1  2.81383  2  2  2.81383  2  2  0.706995  0.293005  0  
0.0912485  0.0697424  0.839009  2.81383  2  2  2.81383  2  2  0.121787  0.878213  0  
0.102441  0.577315  0.320244  2.81383  2  2  2.81383  2  2  0.110227  0.41251  0.477264  
0.545185  0.454815  0  2.81383  2  2  2.81383  2  2  0.124726  2.42562e-08  0.875274  
0.206393  0.305027  0.48858  2.81383  2  2  2.81383  2  2  0.51721  0.48279  0  
0.698688  0.301312  0  2.81383  2  2  2.81383  2  2  0.0411318  0.464929  0.493939  
2.04982e-12  0.397343  0.602657  2.81383  2  2  2.81383  2  2  0.0813761  0.918624  0  
0.0427603  0.260566  0.696674  2.81383  2  2  2.81383  2  2  0.397188  0.0163847  0.586427  
0.154951  0.845049  0  2.81383  2  2  2.81383  2  2  0.363615  0.300247  0.336138  
0.191326  0.0621035  0.74657  2.81383  2  2  2.81383  2  2  0.353039  0.0871341  0.559827  
0.263236  0.486764  0.25  2.81383  2  2  2.81383  2  2  0.359666  0.186604  0.45373  
0.0973881  0.290777  0.611835  2.81383  2  2  2.81383  2  2  0.161991  0.838009  0  
4.435e-09  0.570398  0.429602  2.81383  2  2  2.81383  2  2  0.0388406  0.310533  0.650627  
0.375557  0.317521  0.306922  2.81383  2  2  2.81383  2  2  0.226802  1.96425e-12  0.773198  
0.337776  0.285086  0.377138  2.81383  2  2  2.81383  2  2  2.25834e-12  0.437763  0.562237  
0.0747593  0.182092  0.743148  2.81383  2  2  2.81383  2  2  0.3428  5.00831e-09  0.6572  
0.0236693  0.618471  0.35786  2.81383  2  2  2.81383  2  2  0.157839  0.0353173  0.806844  
0.193872  0.806128  0  2.81383  2  2  2.81383  2  2  8.13133e-13  0.532252  0.467748  
0.537618  0.14718  0.315201  2.81383  2  2  2.81383  2  2  0.361396  0.638604  0  
0.42847  0.57153  0  2.81383  2  2  2.81383  2  2  0.136192  0.456297  0.407512  
0.622082  0.377918  0  2.81383  2  2  2.81383  2  2  0.601829  0.0765585  0.321613  
0.350248  0.649752  0  2.81383  2  2  2.81383  2  2  0.124818  0.132034  0.743148  
6.2306e-09  0.684672  0.315328  2.81383  2  2  2.81383  2  2  0.311787  0.374034  0.314179  
0.467551  0.532449  0  2.81383  2  2  2.81383  2  2  5.75354e-09  0.205137  0.794863  
0.774596  0.225404  0  2.81383  2  2  2.81383  2  2  4.63992e-09  0.133526  0.866474  
0.165292  0.392731  0.441977  2.81383  2  2  2.81383  2  2  0.182608  0.491869  0.325523  
0.506203  0.493797  0  2.81383  2  2  2.81383  2  2  0.272946  0.337086  0.389967  
0.0750644  0.00163318  0.923302  2.81383  2  2  2.81383  2  2  0.891408  0.108592  0  
1.25949e-11  1  2.55351e-15  2.81383  2  2  2.81383  2  2  0.204083  0.224958  0.570959  
0.62185  0.109031  0.269119  2.81383  2  2  2.81383  2  2  0.202355  0.797645  0  
0.314648  0.178379  0.506973  2.81383  2  2  2.81383  2  2  0.461133  3.9937e-12  0.538867  
0.0773941  0.922606  0  2.81383  2  2  2.81383  2  2  0.307894  0.163191  0.528915  
0.116121  0.883879  0  2.81383  2  2  2.81383  2  2  0.403382  0.103533  0.493086  
0.812423  0.187577  0  2.81383  2  2  2.81383  2  2  0.0798601  0.361982  0.558158  
0.0745118  0.669647  0.255842  2.81383  2  2  2.81383  2  2  0.300832  0.0697328  0.629435  
0.389433  0.610567  0  2.81383  2  2  2.81383  2  2  0.242498  0.757502  0  
0.51355  0.0859471  0.400503  2.81383  2  2  2.81383  2  2  0.0575407  0.171664  0.770795  
0.023434  0.10622  0.870346  2.81383  2  2  2.81383  2  2  5.84274e-09  0.642051  0.357949  
0.291176  0.255093  0.45373  2.81383  2  2  2.81383  2  2  0.854756  0.145244  0  
0.0387329  0.961267  0  2.81383  2  2  2.81383  2  2  0.568815  0.157429  0.273756  
6.5698e-09  0.23424  0.76576  2.81383  2  2  2.81383  2  2  0.120117  0.273705  0.606178  
0.489634  0.260366  0.25  2.81383  2  2  2.81383  2  2  0.318487  0.262561  0.418952  
1  3.38644e-10  0  2.81383  2  2  2.81383  2  2  0.963924  0.0360759  0  
0.545214  4.7219e-12  0.454786  2.81383  2  2  2.81383  2  2  0.555439  0.444561  0  
0.125472  0.217328  0.6572  2.81383  2  2  2.81383  2  2  0.546354  6.72373e-10  0.453646  
0.439866  0.116243  0.443891  2.81383  2  2  2.81383  2  2  0.444255  0.141438  0.414307  
0.169078  0.263082  0.56784  2.81383  2  2  2.81383  2  2  1  3.38644e-10  0  
0.271941  0.728059  0  2.81383  2  2  2.81383  2  2  0.0725933  0.602347  0.32506  
0.685388  0.0646124  0.25  2.81383  2  2  2.81383  2  2  0.744292  0.255708  0  
0.4329  0.24204  0.32506  2.81383  2  2  2.81383  2  2  0.571849  0.0315813  0.39657  
0.0355502  0.428588  0.535861  2.81383  2  2  2.81383  2  2  0.48218  0.053991  0.463829  
0.386742  0.206527  0.406732  2.81383  2  2  2.81383  2  2  0.271336  0.459937  0.268727  
0.584098  0.0662821  0.34962  2.81383  2  2  2.81383  2  2  0.818001  0.181999  0  
0.925142  0.0748584  0  2.81383  2  2  2.81383  2  2  0.669725  0.330275  0  
0.476647  0.0346813  0.488671  2.81383  2  2  2.81383  2  2  0.190206  0.0789626  0.730831  
0.887621  0.112379  0  2.81383  2  2  2.81383  2  2  0.215301  0.113653  0.671045  
0.143297  0.606703  0.25  2.81383  2  2  2.81383  2  2  0.156475  0.320495  0.52303  
0.736742  0.263258  0  2.81383  2  2  2.81383  2  2  0.0263564  0.566326  0.407317  
0.292101  0.373451  0.334448  2.81383  2  2  2.81383  2  2  0.282238  0.717762  0  
5.88352e-09  0.169314  0.830686  2.81383  2  2  2.81383  2  2  0.451148  0.267929  0.280923  
0.470186  0.171954  0.35786  2.81383  2  2  2.81383  2  2  0.079905  0.0873102  0.832785  
0.209159  0.174066  0.616776  2.81383  2  2  2.81383  2  2  0.220938  0.529062  0.25  
0.235444  0.452765  0.311791  2.81383  2  2  2.81383  2  2  0.647926  5.61144e-12  0.352074  
0.336667  0.413333  0.25  2.81383  2  2  2.81383  2  2  0.272316  0.0209439  0.70674  
0.444327  3.84815e-12  0.555673  2.81383  2  2  2.81383  2  2  0.478296  0.521704  0  
0.14428  1.24956e-12  0.85572  2.81383  2  2  2.81383  2  2  0.400401  0.599599  0  
0.244516  0.218522  0.536963  2.81383  2  2  2.81383  2  2  0.255163  0.146252  0.598585  
0.583713  0.416287  0  2.81383  2  2  2.81383  2  2  0.523165  0.107802  0.369032  
0.146624  0.497321  0.356055  2.81383  2  2  2.81383  2  2  0.230499  0.29809  0.471411  
0.850024  0.149976  0  2.81383  2  2  2.81383  2  2  0.101975  0.525183  0.372842  
0.0916775  0.452907  0.455415  2.81383  2  2  2.81383  2  2  0.22746  0.417035  0.355505  
0.612825  5.30745e-12  0.387175  2.81383  2  2  2.81383  2  2  0.927776  0.0722239  0  
0.293522  0.122047  0.584432  2.81383  2  2  2.81383  2  2  0.631881  0.368119  0  
0.250925  0.338737  0.410337  2.81383  2  2  2.81383  2  2  0.593636  0.406364  0  
