8.784  4.30723  11.4993  11.4589  1.79769e+308  1.79769e+308  8.784  4.30723  
10.4871  0.645845  11.4993  11.4589  1.79769e+308  1.79769e+308  10.4871  0.645845  
3.34023  9.49957  11.4993  11.4589  1.79769e+308  1.79769e+308  3.34023  9.49957  
9.1354  5.12697  11.4993  11.4589  1.79769e+308  1.79769e+308  9.1354  5.12697  
6.18399  7.71905  11.4993  11.4589  1.79769e+308  1.79769e+308  6.18399  7.71905  
9.00854  4.86675  11.4993  11.4589  1.79769e+308  1.79769e+308  9.00854  4.86675  
9.47296  3.17562  11.4993  11.4589  1.79769e+308  1.79769e+308  9.47296  3.17562  
1.84756  10.0378  11.4993  11.4589  1.79769e+308  1.79769e+308  1.84756  10.0378  
9.99945  1.8644  11.4993  11.4589  1.79769e+308  1.79769e+308  9.99945  1.8644  
0.412481  10.2392  11.4993  11.4589  1.79769e+308  1.79769e+308  0.412481  10.2392  
7.65948  6.49446  11.4993  11.4589  1.79769e+308  1.79769e+308  7.65948  6.49446  
3.83949  9.17121  11.4993  11.4589  1.79769e+308  1.79769e+308  3.83949  9.17121  
5.13824  8.8404  11.4993  11.4589  1.79769e+308  1.79769e+308  5.13824  8.8404  
10.1774  0.63763  11.4993  11.4589  1.79769e+308  1.79769e+308  10.1774  0.63763  
5.87275  7.79773  11.4993  11.4589  1.79769e+308  1.79769e+308  5.87275  7.79773  
9.67144  1.82481  11.4993  11.4589  1.79769e+308  1.79769e+308  9.67144  1.82481  
9.99567  1.73655  11.4993  11.4589  1.79769e+308  1.79769e+308  9.99567  1.73655  
10.2824  0.803  11.4993  11.4589  1.79769e+308  1.79769e+308  10.2824  0.803  
8.31521  6.16204  11.4993  11.4589  1.79769e+308  1.79769e+308  8.31521  6.16204  
9.01402  4.35458  11.4993  11.4589  1.79769e+308  1.79769e+308  9.01402  4.35458  
4.70114  9.09808  11.4993  11.4589  1.79769e+308  1.79769e+308  4.70114  9.09808  
8.26212  5.15164  11.4993  11.4589  1.79769e+308  1.79769e+308  8.26212  5.15164  
2.95729  9.76665  11.4993  11.4589  1.79769e+308  1.79769e+308  2.95729  9.76665  
1.41703  10.115  11.4993  11.4589  1.79769e+308  1.79769e+308  1.41703  10.115  
9.52793  2.99772  11.4993  11.4589  1.79769e+308  1.79769e+308  9.52793  2.99772  
2.8607  9.88273  11.4993  11.4589  1.79769e+308  1.79769e+308  2.8607  9.88273  
3.09627  9.32871  11.4993  11.4589  1.79769e+308  1.79769e+308  3.09627  9.32871  
1.86709  10.1441  11.4993  11.4589  1.79769e+308  1.79769e+308  1.86709  10.1441  
3.64607  9.56447  11.4993  11.4589  1.79769e+308  1.79769e+308  3.64607  9.56447  
8.88202  4.75048  11.4993  11.4589  1.79769e+308  1.79769e+308  8.88202  4.75048  
3.77194  9.15144  11.4993  11.4589  1.79769e+308  1.79769e+308  3.77194  9.15144  
1.79653  9.87645  11.4993  11.4589  1.79769e+308  1.79769e+308  1.79653  9.87645  
10.1108  0.664069  11.4993  11.4589  1.79769e+308  1.79769e+308  10.1108  0.664069  
5.21243  8.63624  11.4993  11.4589  1.79769e+308  1.79769e+308  5.21243  8.63624  
9.42631  2.34446  11.4993  11.4589  1.79769e+308  1.79769e+308  9.42631  2.34446  
7.03045  6.90866  11.4993  11.4589  1.79769e+308  1.79769e+308  7.03045  6.90866  
9.63193  3.4116  11.4993  11.4589  1.79769e+308  1.79769e+308  9.63193  3.4116  
1.52551  9.67819  11.4993  11.4589  1.79769e+308  1.79769e+308  1.52551  9.67819  
7.5343  7.08071  11.4993  11.4589  1.79769e+308  1.79769e+308  7.5343  7.08071  
9.64872  2.97741  11.4993  11.4589  1.79769e+308  1.79769e+308  9.64872  2.97741  
10.1119  1.67462  11.4993  11.4589  1.79769e+308  1.79769e+308  10.1119  1.67462  
9.62274  3.64608  11.4993  11.4589  1.79769e+308  1.79769e+308  9.62274  3.64608  
8.5108  5.41589  11.4993  11.4589  1.79769e+308  1.79769e+308  8.5108  5.41589  
5.74955  8.34884  11.4993  11.4589  1.79769e+308  1.79769e+308  5.74955  8.34884  
8.94127  5.258  11.4993  11.4589  1.79769e+308  1.79769e+308  8.94127  5.258  
10.0611  0.260676  11.4993  11.4589  1.79769e+308  1.79769e+308  10.0611  0.260676  
4.914  8.80204  11.4993  11.4589  1.79769e+308  1.79769e+308  4.914  8.80204  
4.3549  9.10509  11.4993  11.4589  1.79769e+308  1.79769e+308  4.3549  9.10509  
2.64256  9.73235  11.4993  11.4589  1.79769e+308  1.79769e+308  2.64256  9.73235  
4.54448  9.21842  11.4993  11.4589  1.79769e+308  1.79769e+308  4.54448  9.21842  
8.17567  5.74144  11.4993  11.4589  1.79769e+308  1.79769e+308  8.17567  5.74144  
5.68227  8.08185  11.4993  11.4589  1.79769e+308  1.79769e+308  5.68227  8.08185  
3.38202  9.83332  11.4993  11.4589  1.79769e+308  1.79769e+308  3.38202  9.83332  
2.36449  10.0322  11.4993  11.4589  1.79769e+308  1.79769e+308  2.36449  10.0322  
5.51616  8.32297  11.4993  11.4589  1.79769e+308  1.79769e+308  5.51616  8.32297  
9.53822  1.55443  11.4993  11.4589  1.79769e+308  1.79769e+308  9.53822  1.55443  
5.7148  8.2005  11.4993  11.4589  1.79769e+308  1.79769e+308  5.7148  8.2005  
10.0842  0.980304  11.4993  11.4589  1.79769e+308  1.79769e+308  10.0842  0.980304  
9.71591  3.33999  11.4993  11.4589  1.79769e+308  1.79769e+308  9.71591  3.33999  
7.45996  6.51839  11.4993  11.4589  1.79769e+308  1.79769e+308  7.45996  6.51839  
9.45509  3.75946  11.4993  11.4589  1.79769e+308  1.79769e+308  9.45509  3.75946  
6.91326  7.44738  11.4993  11.4589  1.79769e+308  1.79769e+308  6.91326  7.44738  
7.78558  6.02547  11.4993  11.4589  1.79769e+308  1.79769e+308  7.78558  6.02547  
9.68362  3.36476  11.4993  11.4589  1.79769e+308  1.79769e+308  9.68362  3.36476  
3.27705  9.75898  11.4993  11.4589  1.79769e+308  1.79769e+308  3.27705  9.75898  
0.589083  9.88018  11.4993  11.4589  1.79769e+308  1.79769e+308  0.589083  9.88018  
9.61223  3.17204  11.4993  11.4589  1.79769e+308  1.79769e+308  9.61223  3.17204  
9.11985  4.53895  11.4993  11.4589  1.79769e+308  1.79769e+308  9.11985  4.53895  
8.03487  5.82568  11.4993  11.4589  1.79769e+308  1.79769e+308  8.03487  5.82568  
5.0391  7.82509  11.4993  11.4589  1.79769e+308  1.79769e+308  5.0391  7.82509  
9.43088  3.41141  11.4993  11.4589  1.79769e+308  1.79769e+308  9.43088  3.41141  
7.00523  6.66623  11.4993  11.4589  1.79769e+308  1.79769e+308  7.00523  6.66623  
9.12212  4.86465  11.4993  11.4589  1.79769e+308  1.79769e+308  9.12212  4.86465  
8.1705  5.58518  11.4993  11.4589  1.79769e+308  1.79769e+308  8.1705  5.58518  
9.92807  1.97493  11.4993  11.4589  1.79769e+308  1.79769e+308  9.92807  1.97493  
9.69835  2.7727  11.4993  11.4589  1.79769e+308  1.79769e+308  9.69835  2.7727  
6.40112  8.58867  11.4993  11.4589  1.79769e+308  1.79769e+308  6.40112  8.58867  
0.650559  10.1547  11.4993  11.4589  1.79769e+308  1.79769e+308  0.650559  10.1547  
4.15823  9.09625  11.4993  11.4589  1.79769e+308  1.79769e+308  4.15823  9.09625  
9.4422  3.41163  11.4993  11.4589  1.79769e+308  1.79769e+308  9.4422  3.41163  
1.5085  10.0839  11.4993  11.4589  1.79769e+308  1.79769e+308  1.5085  10.0839  
10.4993  0.608999  11.4993  11.4589  1.79769e+308  1.79769e+308  10.4993  0.608999  
7.02955  7.29492  11.4993  11.4589  1.79769e+308  1.79769e+308  7.02955  7.29492  
3.83395  9.07103  11.4993  11.4589  1.79769e+308  1.79769e+308  3.83395  9.07103  
8.27397  5.48642  11.4993  11.4589  1.79769e+308  1.79769e+308  8.27397  5.48642  
7.34234  6.68269  11.4993  11.4589  1.79769e+308  1.79769e+308  7.34234  6.68269  
7.13888  6.7254  11.4993  11.4589  1.79769e+308  1.79769e+308  7.13888  6.7254  
3.98285  8.84193  11.4993  11.4589  1.79769e+308  1.79769e+308  3.98285  8.84193  
3.67064  9.58989  11.4993  11.4589  1.79769e+308  1.79769e+308  3.67064  9.58989  
9.22713  4.14313  11.4993  11.4589  1.79769e+308  1.79769e+308  9.22713  4.14313  
3.71004  9.76661  11.4993  11.4589  1.79769e+308  1.79769e+308  3.71004  9.76661  
0.20596  10.24  11.4993  11.4589  1.79769e+308  1.79769e+308  0.20596  10.24  
3.1417  9.47787  11.4993  11.4589  1.79769e+308  1.79769e+308  3.1417  9.47787  
0.797832  10.4589  11.4993  11.4589  1.79769e+308  1.79769e+308  0.797832  10.4589  
7.87921  7.08321  11.4993  11.4589  1.79769e+308  1.79769e+308  7.87921  7.08321  
8.38452  5.10943  11.4993  11.4589  1.79769e+308  1.79769e+308  8.38452  5.10943  
9.51284  3.57612  11.4993  11.4589  1.79769e+308  1.79769e+308  9.51284  3.57612  
3.02737  9.56908  11.4993  11.4589  1.79769e+308  1.79769e+308  3.02737  9.56908  
5.37967  8.32833  11.4993  11.4589  1.79769e+308  1.79769e+308  5.37967  8.32833  
0.487611  10.1699  11.4993  11.4589  1.79769e+308  1.79769e+308  0.487611  10.1699  
0.273647  1.03988  2.21696  2.28759  2.21696  2.28759  0.242648  1.0484  
1.07109  0.0541406  2.21696  2.28759  2.21696  2.28759  0.80226  0.719415  
0.80226  0.719415  2.21696  2.28759  2.21696  2.28759  0.790988  0.728919  
0.959634  0.488826  2.21696  2.28759  2.21696  2.28759  0.832308  0.68281  
0.242648  1.0484  2.21696  2.28759  2.21696  2.28759  1.02274  0.321896  
1.0633  0.151706  2.21696  2.28759  2.21696  2.28759  0.846934  0.669112  
0.824226  0.696086  2.21696  2.28759  2.21696  2.28759  0.297549  1.0333  
0.503027  0.951923  2.21696  2.28759  2.21696  2.28759  1.05016  0.237292  
0.514183  0.944299  2.21696  2.28759  2.21696  2.28759  0.710454  0.81282  
0.634246  0.869609  2.21696  2.28759  2.21696  2.28759  0.273647  1.03988  
0.534855  0.933051  2.21696  2.28759  2.21696  2.28759  0.592236  0.898562  
0.778114  0.740661  2.21696  2.28759  2.21696  2.28759  0.914567  0.573214  
0.980078  0.434812  2.21696  2.28759  2.21696  2.28759  1.06992  0.0738262  
0.0799534  1.071  2.21696  2.28759  2.21696  2.28759  0.903194  0.585271  
0.925982  0.560642  2.21696  2.28759  2.21696  2.28759  0.361718  1.01231  
0.740993  0.784002  2.21696  2.28759  2.21696  2.28759  0.921735  0.568156  
0.494503  0.953672  2.21696  2.28759  2.21696  2.28759  0.33331  1.02225  
0.771234  0.758173  2.21696  2.28759  2.21696  2.28759  0.692691  0.813933  
0.525457  0.939352  2.21696  2.28759  2.21696  2.28759  0.385654  1.00344  
0.648685  0.857862  2.21696  2.28759  2.21696  2.28759  0.0799534  1.071  
0.588616  0.90348  2.21696  2.28759  2.21696  2.28759  0.283932  1.03674  
0.603874  0.890784  2.21696  2.28759  2.21696  2.28759  1.00026  0.407869  
1.03432  0.287662  2.21696  2.28759  2.21696  2.28759  0.854255  0.659739  
0.485924  0.958072  2.21696  2.28759  2.21696  2.28759  1.03279  0.307146  
0.914567  0.573214  2.21696  2.28759  2.21696  2.28759  0.959634  0.488826  
0.870692  0.630281  2.21696  2.28759  2.21696  2.28759  0.740993  0.784002  
0.903194  0.585271  2.21696  2.28759  2.21696  2.28759  0.884621  0.608336  
0.946839  0.514969  2.21696  2.28759  2.21696  2.28759  1.04831  0.245584  
1.06111  0.182601  2.21696  2.28759  2.21696  2.28759  1.05895  0.193786  
0.812843  0.704463  2.21696  2.28759  2.21696  2.28759  0.403468  0.996353  
0.854255  0.659739  2.21696  2.28759  2.21696  2.28759  0.543999  0.927009  
6.60557e-17  1.07877  2.21696  2.28759  2.21696  2.28759  0.980078  0.434812  
1.00113  0.404325  2.21696  2.28759  2.21696  2.28759  0.503027  0.951923  
0.189116  1.05957  2.21696  2.28759  2.21696  2.28759  1.0633  0.151706  
1.05016  0.237292  2.21696  2.28759  2.21696  2.28759  0.265413  1.0429  
0.62378  0.877146  2.21696  2.28759  2.21696  2.28759  0.93326  0.528252  
1.03626  0.27994  2.21696  2.28759  2.21696  2.28759  0.812843  0.704463  
0.443109  0.977825  2.21696  2.28759  2.21696  2.28759  0.862183  0.649255  
0.323534  1.03029  2.21696  2.28759  2.21696  2.28759  1.05758  0.202067  
0.121679  1.06955  2.21696  2.28759  2.21696  2.28759  0.807524  0.71505  
0.82681  0.689455  2.21696  2.28759  2.21696  2.28759  1.01062  0.374689  
0.658807  0.847398  2.21696  2.28759  2.21696  2.28759  1.04785  0.254156  
0.832308  0.68281  2.21696  2.28759  2.21696  2.28759  0.121679  1.06955  
0.297549  1.0333  2.21696  2.28759  2.21696  2.28759  0.414061  0.9925  
0.209003  1.0548  2.21696  2.28759  2.21696  2.28759  0.636639  0.870446  
0.761054  0.768392  2.21696  2.28759  2.21696  2.28759  0.485924  0.958072  
0.976176  0.459394  2.21696  2.28759  2.21696  2.28759  0.932242  0.548789  
0.435243  0.982943  2.21696  2.28759  2.21696  2.28759  0.454036  0.974861  
0.342637  1.01881  2.21696  2.28759  2.21696  2.28759  0.335239  1.02114  
0.33331  1.02225  2.21696  2.28759  2.21696  2.28759  0.717279  0.798511  
0.563669  0.916932  2.21696  2.28759  2.21696  2.28759  0.443109  0.977825  
0.151122  1.06565  2.21696  2.28759  2.21696  2.28759  0.658807  0.847398  
0.385654  1.00344  2.21696  2.28759  2.21696  2.28759  0.542344  0.92862  
0.580041  0.910441  2.21696  2.28759  2.21696  2.28759  0.73252  0.789168  
1.04831  0.245584  2.21696  2.28759  2.21696  2.28759  0.514183  0.944299  
0.93326  0.528252  2.21696  2.28759  2.21696  2.28759  0.189116  1.05957  
1.00673  0.386507  2.21696  2.28759  2.21696  2.28759  0.463291  0.970322  
1.07246  8.18256e-17  2.21696  2.28759  2.21696  2.28759  0.810491  0.708101  
0.476047  0.966812  2.21696  2.28759  2.21696  2.28759  0.775781  0.75352  
1.05436  0.218248  2.21696  2.28759  2.21696  2.28759  0.761054  0.768392  
0.846934  0.669112  2.21696  2.28759  2.21696  2.28759  0.824226  0.696086  
0.0883311  1.07034  2.21696  2.28759  2.21696  2.28759  0.494503  0.953672  
0.283932  1.03674  2.21696  2.28759  2.21696  2.28759  0.951624  0.504242  
1.06992  0.0738262  2.21696  2.28759  2.21696  2.28759  0.82681  0.689455  
0.361718  1.01231  2.21696  2.28759  2.21696  2.28759  1.07109  0.0541406  
0.884621  0.608336  2.21696  2.28759  2.21696  2.28759  0.839562  0.681066  
1.04397  0.275456  2.21696  2.28759  2.21696  2.28759  1.07246  8.18256e-17  
0.641115  0.867016  2.21696  2.28759  2.21696  2.28759  0.950919  0.507395  
0.679271  0.840864  2.21696  2.28759  2.21696  2.28759  0.88144  0.619728  
1.05758  0.202067  2.21696  2.28759  2.21696  2.28759  1.01663  0.335771  
1.03279  0.307146  2.21696  2.28759  2.21696  2.28759  0.435243  0.982943  
0.921735  0.568156  2.21696  2.28759  2.21696  2.28759  1.03626  0.27994  
0.414061  0.9925  2.21696  2.28759  2.21696  2.28759  0.427344  0.986627  
1.01663  0.335771  2.21696  2.28759  2.21696  2.28759  0.648685  0.857862  
0.73252  0.789168  2.21696  2.28759  2.21696  2.28759  0.209003  1.0548  
1.02274  0.321896  2.21696  2.28759  2.21696  2.28759  0.534855  0.933051  
0.592236  0.898562  2.21696  2.28759  2.21696  2.28759  0.0883311  1.07034  
0.228799  1.05042  2.21696  2.28759  2.21696  2.28759  0.968226  0.469574  
0.88144  0.619728  2.21696  2.28759  2.21696  2.28759  0.563669  0.916932  
0.265413  1.0429  2.21696  2.28759  2.21696  2.28759  0.771234  0.758173  
0.988123  0.416206  2.21696  2.28759  2.21696  2.28759  0.228799  1.05042  
0.951624  0.504242  2.21696  2.28759  2.21696  2.28759  0.62378  0.877146  
0.427344  0.986627  2.21696  2.28759  2.21696  2.28759  0.778114  0.740661  
0.897416  0.604017  2.21696  2.28759  2.21696  2.28759  6.60557e-17  1.07877  
0.717279  0.798511  2.21696  2.28759  2.21696  2.28759  0.0100608  1.0764  
0.810491  0.708101  2.21696  2.28759  2.21696  2.28759  0.927751  0.55771  
0.0100608  1.0764  2.21696  2.28759  2.21696  2.28759  1.00673  0.386507  
0.746614  0.771714  2.21696  2.28759  2.21696  2.28759  0.525457  0.939352  
0.454036  0.974861  2.21696  2.28759  2.21696  2.28759  0.870692  0.630281  
0.692691  0.813933  2.21696  2.28759  2.21696  2.28759  0.976176  0.459394  
0.864004  0.643814  2.21696  2.28759  2.21696  2.28759  0.988123  0.416206  
0.554512  0.921746  2.21696  2.28759  2.21696  2.28759  0.151122  1.06565  
0.968226  0.469574  2.21696  2.28759  2.21696  2.28759  1.03432  0.287662  
0.543999  0.927009  2.21696  2.28759  2.21696  2.28759  0.869032  0.636031  
0.619778  0.882394  2.21696  2.28759  2.21696  2.28759  0.580041  0.910441  
1.01062  0.374689  2.21696  2.28759  2.21696  2.28759  1.00482  0.394858  
0.930818  0.551627  2.21696  2.28759  2.21696  2.28759  0.897416  0.604017  
0.790988  0.728919  2.21696  2.28759  2.21696  2.28759  1.05436  0.218248  
0.403468  0.996353  2.21696  2.28759  2.21696  2.28759  0.554512  0.921746  
0.463291  0.970322  2.21696  2.28759  2.21696  2.28759  0.746614  0.771714  
0.98998  0.143149  3.13802  2.1273  3.13802  2.1273  0.0922746  0.995955  
0.88479  0.466515  3.13802  2.1273  3.13802  2.1273  0.73326  0.680285  
0.764634  0.64483  3.13802  2.1273  3.13802  2.1273  0.0628342  0.998263  
0.659146  0.752365  3.13802  2.1273  3.13802  2.1273  0.921393  0.389219  
0.424859  0.905519  3.13802  2.1273  3.13802  2.1273  0.8367  0.548083  
0.938636  0.345592  3.13802  2.1273  3.13802  2.1273  0.915494  0.402944  
0.864547  0.502991  3.13802  2.1273  3.13802  2.1273  0.978185  0.209044  
0.485333  0.874612  3.13802  2.1273  3.13802  2.1273  0.950097  0.312673  
0.802572  0.596983  3.13802  2.1273  3.13802  2.1273  0.631856  0.775397  
0.0628342  0.998263  3.13802  2.1273  3.13802  2.1273  0.98998  0.143149  
0.830052  0.558079  3.13802  2.1273  3.13802  2.1273  0.277896  0.960869  
0.897078  0.44246  3.13802  2.1273  3.13802  2.1273  0.560085  0.828719  
0.915494  0.402944  3.13802  2.1273  3.13802  2.1273  0.816436  0.577869  
0.693157  0.721158  3.13802  2.1273  3.13802  2.1273  0.601837  0.798933  
0.909636  0.415958  3.13802  2.1273  3.13802  2.1273  0.15784  0.987712  
0.741282  0.671599  3.13802  2.1273  3.13802  2.1273  0.24603  0.969533  
0.641101  0.767765  3.13802  2.1273  3.13802  2.1273  0.386484  0.922557  
0.412606  0.911177  3.13802  2.1273  3.13802  2.1273  0.449924  0.893318  
0.978185  0.209044  3.13802  2.1273  3.13802  2.1273  0.960446  0.279278  
0.667782  0.74471  3.13802  2.1273  3.13802  2.1273  0.693157  0.721158  
0.73326  0.680285  3.13802  2.1273  3.13802  2.1273  0.360555  0.932993  
0.676676  0.73664  3.13802  2.1273  3.13802  2.1273  0.518087  0.855588  
0.550657  0.835014  3.13802  2.1273  3.13802  2.1273  0.462854  0.886689  
0.969565  0.245775  3.13802  2.1273  3.13802  2.1273  0.550657  0.835014  
0.399557  0.916988  3.13802  2.1273  3.13802  2.1273  0.659146  0.752365  
0.528747  0.849092  3.13802  2.1273  3.13802  2.1273  0.741282  0.671599  
0.601837  0.798933  3.13802  2.1273  3.13802  2.1273  0.676676  0.73664  
0.348081  0.937737  3.13802  2.1273  3.13802  2.1273  0.780333  0.62574  
0.932765  0.361144  3.13802  2.1273  3.13802  2.1273  0.772587  0.635281  
0.495922  0.868655  3.13802  2.1273  3.13802  2.1273  0.998281  0.0627534  
0.462854  0.886689  3.13802  2.1273  3.13802  2.1273  0.878255  0.478691  
0.229005  0.973672  3.13802  2.1273  3.13802  2.1273  0.399557  0.916988  
0.650626  0.759754  3.13802  2.1273  3.13802  2.1273  0.995984  0.0921388  
0.631856  0.775397  3.13802  2.1273  3.13802  2.1273  0.850792  0.525906  
0.950097  0.312673  3.13802  2.1273  3.13802  2.1273  0.969565  0.245775  
0.944212  0.330147  3.13802  2.1273  3.13802  2.1273  0.757014  0.653761  
0.8367  0.548083  3.13802  2.1273  3.13802  2.1273  0.412606  0.911177  
0.955261  0.296606  3.13802  2.1273  3.13802  2.1273  0.320898  0.94736  
0.386484  0.922557  3.13802  2.1273  3.13802  2.1273  0.718126  0.696265  
0.748919  0.663025  3.13802  2.1273  3.13802  2.1273  0.495922  0.868655  
0.795728  0.60607  3.13802  2.1273  3.13802  2.1273  0.528747  0.849092  
0.850792  0.525906  3.13802  2.1273  3.13802  2.1273  0.748919  0.663025  
0.718126  0.696265  3.13802  2.1273  3.13802  2.1273  0.507069  0.862194  
0.507069  0.862194  3.13802  2.1273  3.13802  2.1273  0.903598  0.428952  
0.965246  0.262347  3.13802  2.1273  3.13802  2.1273  0.938636  0.345592  
0.277896  0.960869  3.13802  2.1273  3.13802  2.1273  0.571051  0.821229  
0.903598  0.428952  3.13802  2.1273  3.13802  2.1273  0.927145  0.375337  
0.0922746  0.995955  3.13802  2.1273  3.13802  2.1273  0.335044  0.942449  
0.306338  0.952167  3.13802  2.1273  3.13802  2.1273  0.17635  0.984569  
0.17635  0.984569  3.13802  2.1273  3.13802  2.1273  0.843446  0.537642  
0.780333  0.62574  3.13802  2.1273  3.13802  2.1273  0.993038  0.119872  
0.823611  0.567561  3.13802  2.1273  3.13802  2.1273  0.788254  0.615765  
0.960446  0.279278  3.13802  2.1273  3.13802  2.1273  0.591503  0.806594  
0.262242  0.965294  3.13802  2.1273  3.13802  2.1273  0.195876  0.980878  
0.591503  0.806594  3.13802  2.1273  3.13802  2.1273  0.944212  0.330147  
0.757014  0.653761  3.13802  2.1273  3.13802  2.1273  0.955261  0.296606  
0.986059  0.167908  3.13802  2.1273  3.13802  2.1273  0.982095  0.189693  
0.85776  0.514528  3.13802  2.1273  3.13802  2.1273  0.701642  0.712899  
1.00025  8.72181e-17  3.13802  2.1273  3.13802  2.1273  6.12481e-17  1.00026  
0.973993  0.227627  3.13802  2.1273  3.13802  2.1273  0.262242  0.965294  
0.335044  0.942449  3.13802  2.1273  3.13802  2.1273  0.864547  0.502991  
0.135791  0.990978  3.13802  2.1273  3.13802  2.1273  0.641101  0.767765  
0.772587  0.635281  3.13802  2.1273  3.13802  2.1273  0.348081  0.937737  
0.816436  0.577869  3.13802  2.1273  3.13802  2.1273  0.795728  0.60607  
0.15784  0.987712  3.13802  2.1273  3.13802  2.1273  0.88479  0.466515  
0.360555  0.932993  3.13802  2.1273  3.13802  2.1273  0.424859  0.905519  
0.518087  0.855588  3.13802  2.1273  3.13802  2.1273  0.85776  0.514528  
0.788254  0.615765  3.13802  2.1273  3.13802  2.1273  0.809163  0.588001  
0.622057  0.783302  3.13802  2.1273  3.13802  2.1273  0.373367  0.927941  
0.47388  0.880835  3.13802  2.1273  3.13802  2.1273  0.539524  0.842282  
0.993038  0.119872  3.13802  2.1273  3.13802  2.1273  0.306338  0.952167  
0.24603  0.969533  3.13802  2.1273  3.13802  2.1273  0.611332  0.791688  
0.701642  0.712899  3.13802  2.1273  3.13802  2.1273  1.00025  8.72181e-17  
6.12481e-17  1.00026  3.13802  2.1273  3.13802  2.1273  0.667782  0.74471  
0.195876  0.980878  3.13802  2.1273  3.13802  2.1273  0.965246  0.262347  
0.611332  0.791688  3.13802  2.1273  3.13802  2.1273  0.830052  0.558079  
0.809163  0.588001  3.13802  2.1273  3.13802  2.1273  0.726144  0.687925  
0.581014  0.814182  3.13802  2.1273  3.13802  2.1273  0.709758  0.704797  
0.927145  0.375337  3.13802  2.1273  3.13802  2.1273  0.890651  0.455199  
0.921393  0.389219  3.13802  2.1273  3.13802  2.1273  0.292135  0.956624  
0.890651  0.455199  3.13802  2.1273  3.13802  2.1273  0.581014  0.814182  
0.43722  0.899629  3.13802  2.1273  3.13802  2.1273  0.802572  0.596983  
0.292135  0.956624  3.13802  2.1273  3.13802  2.1273  0.897078  0.44246  
0.212765  0.977333  3.13802  2.1273  3.13802  2.1273  0.117922  0.993275  
0.843447  0.537642  3.13802  2.1273  3.13802  2.1273  0.229005  0.973672  
0.571051  0.821229  3.13802  2.1273  3.13802  2.1273  0.909636  0.415958  
0.117922  0.993275  3.13802  2.1273  3.13802  2.1273  0.986059  0.167908  
0.995984  0.0921388  3.13802  2.1273  3.13802  2.1273  0.622057  0.783302  
0.560085  0.828719  3.13802  2.1273  3.13802  2.1273  0.685659  0.728273  
0.449924  0.893318  3.13802  2.1273  3.13802  2.1273  0.932765  0.361144  
0.320898  0.94736  3.13802  2.1273  3.13802  2.1273  0.135791  0.990978  
0.685659  0.728273  3.13802  2.1273  3.13802  2.1273  0.823611  0.567561  
0.709758  0.704797  3.13802  2.1273  3.13802  2.1273  0.47388  0.880835  
0.878255  0.478691  3.13802  2.1273  3.13802  2.1273  0.485333  0.874612  
0.373367  0.927941  3.13802  2.1273  3.13802  2.1273  0.764634  0.64483  
0.539524  0.842282  3.13802  2.1273  3.13802  2.1273  0.650626  0.759754  
0.726144  0.687925  3.13802  2.1273  3.13802  2.1273  0.212765  0.977333  
0.871527  0.490867  3.13802  2.1273  3.13802  2.1273  0.973993  0.227627  
0.998281  0.0627534  3.13802  2.1273  3.13802  2.1273  0.871527  0.490867  
0.982095  0.189693  3.13802  2.1273  3.13802  2.1273  0.43722  0.899629  
0.989102  0.147314  2.00001  2.00001  2.00001  2.00001  0.0903756  0.99592  
0.884406  0.466744  2.00001  2.00001  2.00001  2.00001  0.733272  0.679952  
0.764908  0.644158  2.00001  2.00001  2.00001  2.00001  0.0606949  0.998167  
0.65847  0.752621  2.00001  2.00001  2.00001  2.00001  0.92138  0.38869  
0.425069  0.905175  2.00001  2.00001  2.00001  2.00001  0.837613  0.546283  
0.938691  0.34479  2.00001  2.00001  2.00001  2.00001  0.915402  0.402568  
0.864746  0.502234  2.00001  2.00001  2.00001  2.00001  0.97787  0.209263  
0.484155  0.874995  2.00001  2.00001  2.00001  2.00001  0.949538  0.313691  
0.802449  0.596743  2.00001  2.00001  2.00001  2.00001  0.630807  0.775956  
0.0606949  0.998167  2.00001  2.00001  2.00001  2.00001  0.989102  0.147314  
0.830705  0.556734  2.00001  2.00001  2.00001  2.00001  0.277676  0.960685  
0.897089  0.441879  2.00001  2.00001  2.00001  2.00001  0.560923  0.827881  
0.915402  0.402568  2.00001  2.00001  2.00001  2.00001  0.816576  0.577258  
0.69302  0.720934  2.00001  2.00001  2.00001  2.00001  0.602052  0.798473  
0.909289  0.416191  2.00001  2.00001  2.00001  2.00001  0.157841  0.987476  
0.741129  0.671379  2.00001  2.00001  2.00001  2.00001  0.24671  0.969102  
0.640033  0.768362  2.00001  2.00001  2.00001  2.00001  0.387948  0.921694  
0.412751  0.910856  2.00001  2.00001  2.00001  2.00001  0.449145  0.893472  
0.97787  0.209263  2.00001  2.00001  2.00001  2.00001  0.959774  0.280816  
0.667205  0.74489  2.00001  2.00001  2.00001  2.00001  0.69302  0.720934  
0.733272  0.679952  2.00001  2.00001  2.00001  2.00001  0.361535  0.93237  
0.67598  0.736936  2.00001  2.00001  2.00001  2.00001  0.517937  0.855433  
0.550347  0.83495  2.00001  2.00001  2.00001  2.00001  0.461081  0.887372  
0.969181  0.246399  2.00001  2.00001  2.00001  2.00001  0.550347  0.83495  
0.400504  0.916307  2.00001  2.00001  2.00001  2.00001  0.65847  0.752621  
0.52892  0.848685  2.00001  2.00001  2.00001  2.00001  0.741129  0.671379  
0.602052  0.798473  2.00001  2.00001  2.00001  2.00001  0.67598  0.736936  
0.34816  0.937447  2.00001  2.00001  2.00001  2.00001  0.780294  0.625431  
0.933078  0.359706  2.00001  2.00001  2.00001  2.00001  0.772551  0.634971  
0.495426  0.868665  2.00001  2.00001  2.00001  2.00001  0.997943  0.0643053  
0.461081  0.887372  2.00001  2.00001  2.00001  2.00001  0.877914  0.47884  
0.230511  0.973081  2.00001  2.00001  2.00001  2.00001  0.400504  0.916307  
0.649409  0.760454  2.00001  2.00001  2.00001  2.00001  0.995336  0.0965916  
0.630807  0.775956  2.00001  2.00001  2.00001  2.00001  0.851421  0.524504  
0.949538  0.313691  2.00001  2.00001  2.00001  2.00001  0.969181  0.246399  
0.944139  0.329586  2.00001  2.00001  2.00001  2.00001  0.757059  0.653363  
0.837613  0.546283  2.00001  2.00001  2.00001  2.00001  0.412751  0.910856  
0.954723  0.297537  2.00001  2.00001  2.00001  2.00001  0.32103  0.947081  
0.387948  0.921694  2.00001  2.00001  2.00001  2.00001  0.71735  0.696731  
0.749085  0.662491  2.00001  2.00001  2.00001  2.00001  0.495426  0.868665  
0.795153  0.606428  2.00001  2.00001  2.00001  2.00001  0.52892  0.848685  
0.851421  0.524504  2.00001  2.00001  2.00001  2.00001  0.749085  0.662491  
0.71735  0.696731  2.00001  2.00001  2.00001  2.00001  0.506863  0.862041  
0.506863  0.862041  2.00001  2.00001  2.00001  2.00001  0.903203  0.429239  
0.964567  0.263882  2.00001  2.00001  2.00001  2.00001  0.938691  0.34479  
0.277676  0.960685  2.00001  2.00001  2.00001  2.00001  0.571426  0.820668  
0.903203  0.429239  2.00001  2.00001  2.00001  2.00001  0.927227  0.374531  
0.0903756  0.99592  2.00001  2.00001  2.00001  2.00001  0.334697  0.942339  
0.30712  0.951684  2.00001  2.00001  2.00001  2.00001  0.177506  0.984132  
0.177506  0.984132  2.00001  2.00001  2.00001  2.00001  0.844628  0.535377  
0.780294  0.625431  2.00001  2.00001  2.00001  2.00001  0.992424  0.122944  
0.823577  0.567225  2.00001  2.00001  2.00001  2.00001  0.787758  0.616004  
0.959774  0.280816  2.00001  2.00001  2.00001  2.00001  0.591733  0.80615  
0.262584  0.964922  2.00001  2.00001  2.00001  2.00001  0.195575  0.980699  
0.591733  0.80615  2.00001  2.00001  2.00001  2.00001  0.944139  0.329586  
0.757059  0.653363  2.00001  2.00001  2.00001  2.00001  0.954723  0.297537  
0.985575  0.169303  2.00001  2.00001  2.00001  2.00001  0.9818  0.189981  
0.858146  0.513428  2.00001  2.00001  2.00001  2.00001  0.701236  0.712945  
1.00001  8.71978e-17  2.00001  2.00001  2.00001  2.00001  6.1233e-17  1.00001  
0.973554  0.228501  2.00001  2.00001  2.00001  2.00001  0.262584  0.964922  
0.334697  0.942339  2.00001  2.00001  2.00001  2.00001  0.864746  0.502234  
0.137144  0.990563  2.00001  2.00001  2.00001  2.00001  0.640033  0.768362  
0.772551  0.634971  2.00001  2.00001  2.00001  2.00001  0.34816  0.937447  
0.816576  0.577258  2.00001  2.00001  2.00001  2.00001  0.795153  0.606428  
0.157841  0.987476  2.00001  2.00001  2.00001  2.00001  0.884406  0.466744  
0.361535  0.93237  2.00001  2.00001  2.00001  2.00001  0.425069  0.905175  
0.517937  0.855433  2.00001  2.00001  2.00001  2.00001  0.858146  0.513428  
0.787758  0.616004  2.00001  2.00001  2.00001  2.00001  0.809628  0.586963  
0.621412  0.783497  2.00001  2.00001  2.00001  2.00001  0.374976  0.927046  
0.472643  0.881268  2.00001  2.00001  2.00001  2.00001  0.539834  0.841785  
0.992424  0.122944  2.00001  2.00001  2.00001  2.00001  0.30712  0.951684  
0.24671  0.969102  2.00001  2.00001  2.00001  2.00001  0.611741  0.791073  
0.701236  0.712945  2.00001  2.00001  2.00001  2.00001  1.00001  8.71978e-17  
6.1233e-17  1.00001  2.00001  2.00001  2.00001  2.00001  0.667205  0.74489  
0.195575  0.980699  2.00001  2.00001  2.00001  2.00001  0.964567  0.263882  
0.611741  0.791073  2.00001  2.00001  2.00001  2.00001  0.830705  0.556734  
0.809628  0.586963  2.00001  2.00001  2.00001  2.00001  0.725326  0.688424  
0.581568  0.813512  2.00001  2.00001  2.00001  2.00001  0.709393  0.704828  
0.927227  0.374531  2.00001  2.00001  2.00001  2.00001  0.890823  0.454377  
0.92138  0.38869  2.00001  2.00001  2.00001  2.00001  0.292613  0.956242  
0.890823  0.454377  2.00001  2.00001  2.00001  2.00001  0.581568  0.813512  
0.437289  0.899333  2.00001  2.00001  2.00001  2.00001  0.802449  0.596743  
0.292613  0.956242  2.00001  2.00001  2.00001  2.00001  0.897089  0.441879  
0.213243  0.977011  2.00001  2.00001  2.00001  2.00001  0.114943  0.993384  
0.844628  0.535377  2.00001  2.00001  2.00001  2.00001  0.230511  0.973081  
0.571426  0.820668  2.00001  2.00001  2.00001  2.00001  0.909289  0.416191  
0.114943  0.993384  2.00001  2.00001  2.00001  2.00001  0.985575  0.169303  
0.995336  0.0965916  2.00001  2.00001  2.00001  2.00001  0.621412  0.783497  
0.560923  0.827881  2.00001  2.00001  2.00001  2.00001  0.684547  0.728985  
0.449145  0.893472  2.00001  2.00001  2.00001  2.00001  0.933078  0.359706  
0.32103  0.947081  2.00001  2.00001  2.00001  2.00001  0.137144  0.990563  
0.684547  0.728985  2.00001  2.00001  2.00001  2.00001  0.823577  0.567225  
0.709393  0.704828  2.00001  2.00001  2.00001  2.00001  0.472643  0.881268  
0.877914  0.47884  2.00001  2.00001  2.00001  2.00001  0.484155  0.874995  
0.374976  0.927046  2.00001  2.00001  2.00001  2.00001  0.764908  0.644158  
0.539834  0.841785  2.00001  2.00001  2.00001  2.00001  0.649409  0.760454  
0.725326  0.688424  2.00001  2.00001  2.00001  2.00001  0.213243  0.977011  
0.871405  0.490588  2.00001  2.00001  2.00001  2.00001  0.973554  0.228501  
0.997943  0.0643053  2.00001  2.00001  2.00001  2.00001  0.871405  0.490588  
0.9818  0.189981  2.00001  2.00001  2.00001  2.00001  0.437289  0.899333  
0.989103  0.147231  2.56759  2  2.56759  2  0.0898432  0.995957  
0.88442  0.466693  2.56759  2  2.56759  2  0.733549  0.679638  
0.764926  0.64412  2.56759  2  2.56759  2  0.0598244  0.99821  
0.658177  0.752865  2.56759  2  2.56759  2  0.921386  0.388652  
0.425195  0.905103  2.56759  2  2.56759  2  0.837797  0.545984  
0.938716  0.344695  2.56759  2  2.56759  2  0.915423  0.402495  
0.864887  0.501969  2.56759  2  2.56759  2  0.977722  0.209911  
0.484201  0.874958  2.56759  2  2.56759  2  0.949584  0.313516  
0.802439  0.596736  2.56759  2  2.56759  2  0.630704  0.776025  
0.0598244  0.99821  2.56759  2  2.56759  2  0.989103  0.147231  
0.830803  0.556568  2.56759  2  2.56759  2  0.27781  0.960637  
0.897079  0.441873  2.56759  2  2.56759  2  0.560917  0.827873  
0.915423  0.402495  2.56759  2  2.56759  2  0.81674  0.577007  
0.692874  0.72106  2.56759  2  2.56759  2  0.601689  0.798732  
0.909423  0.415876  2.56759  2  2.56759  2  0.157867  0.987461  
0.74145  0.671009  2.56759  2  2.56759  2  0.246949  0.96903  
0.639983  0.76839  2.56759  2  2.56759  2  0.387934  0.921688  
0.412949  0.910755  2.56759  2  2.56759  2  0.449161  0.893452  
0.977722  0.209911  2.56759  2  2.56759  2  0.959642  0.281229  
0.66704  0.745023  2.56759  2  2.56759  2  0.692874  0.72106  
0.733549  0.679638  2.56759  2  2.56759  2  0.361948  0.932199  
0.675827  0.737061  2.56759  2  2.56759  2  0.518  0.855382  
0.550433  0.834881  2.56759  2  2.56759  2  0.460994  0.887404  
0.969  0.247064  2.56759  2  2.56759  2  0.550433  0.834881  
0.400568  0.916268  2.56759  2  2.56759  2  0.658177  0.752865  
0.528981  0.848635  2.56759  2  2.56759  2  0.74145  0.671009  
0.601689  0.798732  2.56759  2  2.56759  2  0.675827  0.737061  
0.348587  0.937277  2.56759  2  2.56759  2  0.78021  0.625519  
0.933011  0.359851  2.56759  2  2.56759  2  0.772604  0.634889  
0.495616  0.868543  2.56759  2  2.56759  2  0.997917  0.0645209  
0.460994  0.887404  2.56759  2  2.56759  2  0.87793  0.47879  
0.230596  0.973051  2.56759  2  2.56759  2  0.400568  0.916268  
0.649171  0.760644  2.56759  2  2.56759  2  0.995326  0.0965863  
0.630704  0.776025  2.56759  2  2.56759  2  0.85145  0.524437  
0.949584  0.313516  2.56759  2  2.56759  2  0.969  0.247064  
0.94424  0.32926  2.56759  2  2.56759  2  0.757135  0.65326  
0.837797  0.545984  2.56759  2  2.56759  2  0.412949  0.910755  
0.954688  0.297611  2.56759  2  2.56759  2  0.321068  0.947057  
0.387934  0.921688  2.56759  2  2.56759  2  0.717522  0.696538  
0.749267  0.66227  2.56759  2  2.56759  2  0.495616  0.868543  
0.795135  0.606435  2.56759  2  2.56759  2  0.528981  0.848635  
0.85145  0.524437  2.56759  2  2.56759  2  0.749266  0.66227  
0.717532  0.696527  2.56759  2  2.56759  2  0.506829  0.862048  
0.506829  0.862048  2.56759  2  2.56759  2  0.90326  0.429095  
0.964408  0.264423  2.56759  2  2.56759  2  0.938716  0.344695  
0.27781  0.960637  2.56759  2  2.56759  2  0.571335  0.820718  
0.90326  0.429095  2.56759  2  2.56759  2  0.927266  0.374405  
0.0898432  0.995957  2.56759  2  2.56759  2  0.335  0.942219  
0.306929  0.951734  2.56759  2  2.56759  2  0.177399  0.98414  
0.177399  0.98414  2.56759  2  2.56759  2  0.844627  0.535356  
0.78021  0.625519  2.56759  2  2.56759  2  0.992356  0.123418  
0.82384  0.566824  2.56759  2  2.56759  2  0.787763  0.615979  
0.959642  0.281229  2.56759  2  2.56759  2  0.591681  0.806173  
0.262611  0.964903  2.56759  2  2.56759  2  0.196034  0.980598  
0.591681  0.806173  2.56759  2  2.56759  2  0.94424  0.32926  
0.757135  0.65326  2.56759  2  2.56759  2  0.954688  0.297611  
0.985537  0.169467  2.56759  2  2.56759  2  0.981739  0.190238  
0.858178  0.513354  2.56759  2  2.56759  2  0.701215  0.712951  
1  8.71968e-17  2.56759  2  2.56759  2  6.12324e-17  1  
0.973473  0.228807  2.56759  2  2.56759  2  0.262611  0.964903  
0.335  0.942219  2.56759  2  2.56759  2  0.864886  0.501969  
0.137103  0.990558  2.56759  2  2.56759  2  0.639983  0.76839  
0.772605  0.634889  2.56759  2  2.56759  2  0.348587  0.937277  
0.81674  0.577007  2.56759  2  2.56759  2  0.795135  0.606435  
0.157867  0.987461  2.56759  2  2.56759  2  0.88442  0.466693  
0.361948  0.932199  2.56759  2  2.56759  2  0.425195  0.905103  
0.518  0.855382  2.56759  2  2.56759  2  0.858178  0.513354  
0.787763  0.615979  2.56759  2  2.56759  2  0.80962  0.586957  
0.621201  0.783653  2.56759  2  2.56759  2  0.375004  0.927024  
0.472681  0.881235  2.56759  2  2.56759  2  0.539764  0.841817  
0.992356  0.123418  2.56759  2  2.56759  2  0.306929  0.951734  
0.246949  0.96903  2.56759  2  2.56759  2  0.611497  0.791248  
0.701215  0.712951  2.56759  2  2.56759  2  1  8.71968e-17  
6.12324e-17  1  2.56759  2  2.56759  2  0.66704  0.745023  
0.196034  0.980598  2.56759  2  2.56759  2  0.964408  0.264423  
0.611497  0.791248  2.56759  2  2.56759  2  0.830803  0.556568  
0.80962  0.586957  2.56759  2  2.56759  2  0.725587  0.688132  
0.58155  0.813512  2.56759  2  2.56759  2  0.709408  0.7048  
0.927266  0.374405  2.56759  2  2.56759  2  0.890792  0.454414  
0.921386  0.388652  2.56759  2  2.56759  2  0.292495  0.956268  
0.890792  0.454414  2.56759  2  2.56759  2  0.58155  0.813512  
0.437229  0.899351  2.56759  2  2.56759  2  0.802439  0.596736  
0.292495  0.956268  2.56759  2  2.56759  2  0.897079  0.441873  
0.213568  0.976929  2.56759  2  2.56759  2  0.114767  0.993393  
0.844627  0.535356  2.56759  2  2.56759  2  0.230596  0.973051  
0.571335  0.820718  2.56759  2  2.56759  2  0.909423  0.415876  
0.114767  0.993393  2.56759  2  2.56759  2  0.985537  0.169467  
0.995326  0.0965863  2.56759  2  2.56759  2  0.621201  0.783653  
0.560928  0.827866  2.56759  2  2.56759  2  0.684455  0.729056  
0.449161  0.893452  2.56759  2  2.56759  2  0.933011  0.359851  
0.321068  0.947057  2.56759  2  2.56759  2  0.137103  0.990558  
0.684455  0.729056  2.56759  2  2.56759  2  0.82384  0.566824  
0.709408  0.7048  2.56759  2  2.56759  2  0.472681  0.881235  
0.87793  0.47879  2.56759  2  2.56759  2  0.484201  0.874958  
0.375004  0.927024  2.56759  2  2.56759  2  0.764926  0.64412  
0.539764  0.841817  2.56759  2  2.56759  2  0.649171  0.760644  
0.725587  0.688132  2.56759  2  2.56759  2  0.213568  0.976929  
0.871419  0.490542  2.56759  2  2.56759  2  0.973473  0.228807  
0.997917  0.0645209  2.56759  2  2.56759  2  0.871419  0.490542  
0.981739  0.190238  2.56759  2  2.56759  2  0.437229  0.899351  
0.989043  0.147628  3.04205  2.14897  3.04205  2.14897  0.090099  0.995933  
0.884491  0.466558  3.04205  2.14897  3.04205  2.14897  0.733593  0.679589  
0.764925  0.64412  3.04205  2.14897  3.04205  2.14897  0.059974  0.9982  
0.658124  0.752909  3.04205  2.14897  3.04205  2.14897  0.921419  0.38857  
0.425195  0.905102  3.04205  2.14897  3.04205  2.14897  0.837774  0.546017  
0.938632  0.344922  3.04205  2.14897  3.04205  2.14897  0.915477  0.402372  
0.864886  0.501969  3.04205  2.14897  3.04205  2.14897  0.977671  0.210144  
0.484308  0.874898  3.04205  2.14897  3.04205  2.14897  0.949466  0.313869  
0.802438  0.596735  3.04205  2.14897  3.04205  2.14897  0.630607  0.776103  
0.059974  0.9982  3.04205  2.14897  3.04205  2.14897  0.989043  0.147628  
0.830818  0.556544  3.04205  2.14897  3.04205  2.14897  0.277766  0.960649  
0.897165  0.441696  3.04205  2.14897  3.04205  2.14897  0.560939  0.827857  
0.915485  0.402353  3.04205  2.14897  3.04205  2.14897  0.816742  0.577003  
0.692838  0.721093  3.04205  2.14897  3.04205  2.14897  0.601637  0.79877  
0.909441  0.415834  3.04205  2.14897  3.04205  2.14897  0.158206  0.987406  
0.741511  0.670941  3.04205  2.14897  3.04205  2.14897  0.246863  0.96905  
0.63992  0.768441  3.04205  2.14897  3.04205  2.14897  0.387934  0.921687  
0.41298  0.91074  3.04205  2.14897  3.04205  2.14897  0.449236  0.893413  
0.977671  0.210144  3.04205  2.14897  3.04205  2.14897  0.959599  0.281371  
0.667039  0.745023  3.04205  2.14897  3.04205  2.14897  0.692838  0.721093  
0.733593  0.679589  3.04205  2.14897  3.04205  2.14897  0.361947  0.932199  
0.675787  0.737097  3.04205  2.14897  3.04205  2.14897  0.518  0.855381  
0.550432  0.83488  3.04205  2.14897  3.04205  2.14897  0.461028  0.887386  
0.968999  0.247063  3.04205  2.14897  3.04205  2.14897  0.550432  0.83488  
0.400567  0.916267  3.04205  2.14897  3.04205  2.14897  0.658124  0.752909  
0.528971  0.84864  3.04205  2.14897  3.04205  2.14897  0.741511  0.67094  
0.601637  0.79877  3.04205  2.14897  3.04205  2.14897  0.675787  0.737097  
0.34865  0.937253  3.04205  2.14897  3.04205  2.14897  0.780181  0.625554  
0.93301  0.35985  3.04205  2.14897  3.04205  2.14897  0.772609  0.634882  
0.495689  0.8685  3.04205  2.14897  3.04205  2.14897  0.997916  0.0645209  
0.461028  0.887386  3.04205  2.14897  3.04205  2.14897  0.878017  0.478629  
0.230596  0.97305  3.04205  2.14897  3.04205  2.14897  0.400567  0.916267  
0.649117  0.760689  3.04205  2.14897  3.04205  2.14897  0.995318  0.0966545  
0.630607  0.776103  3.04205  2.14897  3.04205  2.14897  0.851459  0.524421  
0.949466  0.313869  3.04205  2.14897  3.04205  2.14897  0.968999  0.247063  
0.944115  0.329618  3.04205  2.14897  3.04205  2.14897  0.757212  0.653169  
0.837774  0.546017  3.04205  2.14897  3.04205  2.14897  0.413005  0.910729  
0.954627  0.297803  3.04205  2.14897  3.04205  2.14897  0.321166  0.947023  
0.387934  0.921687  3.04205  2.14897  3.04205  2.14897  0.717521  0.696537  
0.74942  0.662095  3.04205  2.14897  3.04205  2.14897  0.495615  0.868542  
0.795107  0.606469  3.04205  2.14897  3.04205  2.14897  0.528971  0.84864  
0.851459  0.524421  3.04205  2.14897  3.04205  2.14897  0.74942  0.662095  
0.717521  0.696537  3.04205  2.14897  3.04205  2.14897  0.506889  0.862012  
0.506889  0.862012  3.04205  2.14897  3.04205  2.14897  0.903298  0.429014  
0.964385  0.264502  3.04205  2.14897  3.04205  2.14897  0.938632  0.344922  
0.277766  0.960649  3.04205  2.14897  3.04205  2.14897  0.571311  0.820734  
0.903331  0.428943  3.04205  2.14897  3.04205  2.14897  0.927266  0.374404  
0.090099  0.995933  3.04205  2.14897  3.04205  2.14897  0.335048  0.942201  
0.307092  0.95168  3.04205  2.14897  3.04205  2.14897  0.17766  0.984092  
0.17766  0.984092  3.04205  2.14897  3.04205  2.14897  0.844636  0.535341  
0.780181  0.625554  3.04205  2.14897  3.04205  2.14897  0.992338  0.123551  
0.823839  0.566824  3.04205  2.14897  3.04205  2.14897  0.787683  0.616081  
0.959599  0.281371  3.04205  2.14897  3.04205  2.14897  0.591668  0.806182  
0.262539  0.964922  3.04205  2.14897  3.04205  2.14897  0.196156  0.980573  
0.591668  0.806182  3.04205  2.14897  3.04205  2.14897  0.944115  0.329618  
0.757212  0.653169  3.04205  2.14897  3.04205  2.14897  0.954627  0.297803  
0.985489  0.169737  3.04205  2.14897  3.04205  2.14897  0.981715  0.190359  
0.858204  0.513309  3.04205  2.14897  3.04205  2.14897  0.701214  0.712951  
1  8.71967e-17  3.04205  2.14897  3.04205  2.14897  6.12323e-17  1  
0.973439  0.228949  3.04205  2.14897  3.04205  2.14897  0.262611  0.964902  
0.335048  0.942201  3.04205  2.14897  3.04205  2.14897  0.864886  0.501969  
0.137523  0.990499  3.04205  2.14897  3.04205  2.14897  0.63992  0.768441  
0.772585  0.634911  3.04205  2.14897  3.04205  2.14897  0.34865  0.937253  
0.816742  0.577003  3.04205  2.14897  3.04205  2.14897  0.795107  0.606469  
0.158206  0.987406  3.04205  2.14897  3.04205  2.14897  0.884441  0.466652  
0.361947  0.932199  3.04205  2.14897  3.04205  2.14897  0.425195  0.905102  
0.518  0.855381  3.04205  2.14897  3.04205  2.14897  0.858204  0.513309  
0.787683  0.616081  3.04205  2.14897  3.04205  2.14897  0.809619  0.586956  
0.621123  0.783713  3.04205  2.14897  3.04205  2.14897  0.375029  0.927013  
0.472721  0.881212  3.04205  2.14897  3.04205  2.14897  0.539764  0.841817  
0.992338  0.123551  3.04205  2.14897  3.04205  2.14897  0.307092  0.95168  
0.246863  0.969051  3.04205  2.14897  3.04205  2.14897  0.611478  0.791261  
0.701214  0.712951  3.04205  2.14897  3.04205  2.14897  1  8.71967e-17  
6.12323e-17  1  3.04205  2.14897  3.04205  2.14897  0.667039  0.745023  
0.196156  0.980573  3.04205  2.14897  3.04205  2.14897  0.964385  0.264502  
0.611478  0.791261  3.04205  2.14897  3.04205  2.14897  0.830818  0.556544  
0.809643  0.586923  3.04205  2.14897  3.04205  2.14897  0.725566  0.688153  
0.581549  0.813511  3.04205  2.14897  3.04205  2.14897  0.709407  0.704799  
0.927266  0.374404  3.04205  2.14897  3.04205  2.14897  0.890791  0.454413  
0.921419  0.38857  3.04205  2.14897  3.04205  2.14897  0.292668  0.956214  
0.890884  0.454231  3.04205  2.14897  3.04205  2.14897  0.581549  0.813511  
0.43732  0.899306  3.04205  2.14897  3.04205  2.14897  0.802438  0.596735  
0.292668  0.956214  3.04205  2.14897  3.04205  2.14897  0.897078  0.441872  
0.213807  0.976876  3.04205  2.14897  3.04205  2.14897  0.115169  0.993346  
0.844636  0.535341  3.04205  2.14897  3.04205  2.14897  0.230596  0.97305  
0.571311  0.820734  3.04205  2.14897  3.04205  2.14897  0.909441  0.415834  
0.115169  0.993346  3.04205  2.14897  3.04205  2.14897  0.985489  0.169737  
0.995318  0.0966545  3.04205  2.14897  3.04205  2.14897  0.62113  0.783707  
0.560939  0.827857  3.04205  2.14897  3.04205  2.14897  0.684364  0.729141  
0.449236  0.893413  3.04205  2.14897  3.04205  2.14897  0.93301  0.35985  
0.321166  0.947023  3.04205  2.14897  3.04205  2.14897  0.137523  0.990499  
0.684364  0.729141  3.04205  2.14897  3.04205  2.14897  0.823839  0.566824  
0.709407  0.704799  3.04205  2.14897  3.04205  2.14897  0.472681  0.881234  
0.878017  0.478629  3.04205  2.14897  3.04205  2.14897  0.484251  0.874929  
0.37503  0.927013  3.04205  2.14897  3.04205  2.14897  0.764925  0.64412  
0.539764  0.841817  3.04205  2.14897  3.04205  2.14897  0.649117  0.760689  
0.725566  0.688153  3.04205  2.14897  3.04205  2.14897  0.213807  0.976876  
0.871519  0.490362  3.04205  2.14897  3.04205  2.14897  0.973439  0.228949  
0.997916  0.0645209  3.04205  2.14897  3.04205  2.14897  0.871519  0.490362  
0.981715  0.190359  3.04205  2.14897  3.04205  2.14897  0.43732  0.899306  
0.989026  0.147739  2  2  2  2  0.0902234  0.995922  
0.884537  0.466471  2  2  2  2  0.733677  0.679499  
0.764964  0.644073  2  2  2  2  0.059974  0.9982  
0.657988  0.753028  2  2  2  2  0.921429  0.388546  
0.425294  0.905055  2  2  2  2  0.837835  0.545923  
0.938631  0.344922  2  2  2  2  0.915476  0.402372  
0.864974  0.501816  2  2  2  2  0.977631  0.210327  
0.484323  0.874889  2  2  2  2  0.949423  0.313999  
0.802438  0.596735  2  2  2  2  0.630565  0.776137  
0.0600007  0.998198  2  2  2  2  0.989043  0.147628  
0.830914  0.556401  2  2  2  2  0.277887  0.960614  
0.89722  0.441584  2  2  2  2  0.560939  0.827857  
0.915505  0.402307  2  2  2  2  0.816804  0.576915  
0.692838  0.721093  2  2  2  2  0.601637  0.798769  
0.909479  0.415751  2  2  2  2  0.15855  0.987351  
0.741571  0.670874  2  2  2  2  0.246863  0.96905  
0.639792  0.768548  2  2  2  2  0.387909  0.921698  
0.413005  0.910729  2  2  2  2  0.449236  0.893413  
0.977631  0.210327  2  2  2  2  0.95952  0.28164  
0.666909  0.745139  2  2  2  2  0.692838  0.721093  
0.733677  0.679499  2  2  2  2  0.361957  0.932195  
0.675745  0.737135  2  2  2  2  0.518  0.855381  
0.550432  0.83488  2  2  2  2  0.461069  0.887364  
0.96896  0.247218  2  2  2  2  0.550432  0.83488  
0.40058  0.916262  2  2  2  2  0.658124  0.752909  
0.528971  0.84864  2  2  2  2  0.741571  0.670874  
0.601637  0.79877  2  2  2  2  0.675745  0.737135  
0.34869  0.937238  2  2  2  2  0.780181  0.625554  
0.933013  0.359843  2  2  2  2  0.772609  0.634882  
0.495702  0.868493  2  2  2  2  0.997916  0.0645209  
0.461107  0.887345  2  2  2  2  0.878072  0.478529  
0.230663  0.973034  2  2  2  2  0.400567  0.916267  
0.648945  0.760835  2  2  2  2  0.995318  0.0966545  
0.630505  0.776185  2  2  2  2  0.851468  0.524407  
0.949423  0.313999  2  2  2  2  0.96896  0.247218  
0.944114  0.329618  2  2  2  2  0.757212  0.653169  
0.837835  0.545923  2  2  2  2  0.413005  0.910729  
0.954561  0.298015  2  2  2  2  0.321312  0.946973  
0.387932  0.921688  2  2  2  2  0.717521  0.696537  
0.749439  0.662073  2  2  2  2  0.495656  0.868519  
0.795107  0.606469  2  2  2  2  0.528971  0.84864  
0.851539  0.524292  2  2  2  2  0.749439  0.662073  
0.717532  0.696526  2  2  2  2  0.506889  0.862012  
0.506913  0.861997  2  2  2  2  0.903348  0.428909  
0.964343  0.264655  2  2  2  2  0.938631  0.344922  
0.277887  0.960614  2  2  2  2  0.571311  0.820734  
0.903399  0.428801  2  2  2  2  0.927275  0.374382  
0.0902234  0.995922  2  2  2  2  0.335102  0.942182  
0.307113  0.951673  2  2  2  2  0.177878  0.984052  
0.177878  0.984052  2  2  2  2  0.84467  0.535287  
0.780195  0.625536  2  2  2  2  0.992338  0.123551  
0.823917  0.566711  2  2  2  2  0.787683  0.616081  
0.95952  0.28164  2  2  2  2  0.591667  0.806182  
0.26263  0.964897  2  2  2  2  0.196276  0.980549  
0.591645  0.806199  2  2  2  2  0.944114  0.329618  
0.757212  0.653169  2  2  2  2  0.954561  0.298015  
0.985457  0.169924  2  2  2  2  0.981669  0.190593  
0.858283  0.513176  2  2  2  2  0.701184  0.71298  
1  8.71967e-17  2  2  2  2  6.12323e-17  1  
0.973391  0.229149  2  2  2  2  0.26263  0.964897  
0.335102  0.942182  2  2  2  2  0.864909  0.501929  
0.137745  0.990468  2  2  2  2  0.639909  0.76845  
0.772618  0.634871  2  2  2  2  0.34865  0.937253  
0.816851  0.576848  2  2  2  2  0.795107  0.606469  
0.15855  0.987351  2  2  2  2  0.884513  0.466517  
0.361957  0.932195  2  2  2  2  0.425251  0.905075  
0.518014  0.855372  2  2  2  2  0.858215  0.513291  
0.787683  0.616081  2  2  2  2  0.809645  0.58692  
0.621065  0.783759  2  2  2  2  0.375029  0.927013  
0.472829  0.881154  2  2  2  2  0.539777  0.841808  
0.992324  0.123666  2  2  2  2  0.307113  0.951673  
0.246889  0.969044  2  2  2  2  0.611439  0.791292  
0.701184  0.71298  2  2  2  2  1  8.71967e-17  
6.12323e-17  1  2  2  2  2  0.666995  0.745062  
0.196276  0.980549  2  2  2  2  0.964343  0.264655  
0.611439  0.791292  2  2  2  2  0.830914  0.556401  
0.809656  0.586904  2  2  2  2  0.725627  0.688088  
0.581549  0.813511  2  2  2  2  0.709407  0.704799  
0.927295  0.374331  2  2  2  2  0.890842  0.454314  
0.921455  0.388485  2  2  2  2  0.292668  0.956214  
0.890877  0.454244  2  2  2  2  0.581549  0.813511  
0.43735  0.899291  2  2  2  2  0.802438  0.596735  
0.292668  0.956214  2  2  2  2  0.897124  0.44178  
0.213893  0.976857  2  2  2  2  0.115397  0.993319  
0.84477  0.53513  2  2  2  2  0.230663  0.973034  
0.571311  0.820734  2  2  2  2  0.909465  0.41578  
0.115397  0.993319  2  2  2  2  0.985489  0.169737  
0.995318  0.096658  2  2  2  2  0.62109  0.783739  
0.560939  0.827857  2  2  2  2  0.684364  0.729141  
0.449312  0.893375  2  2  2  2  0.93301  0.35985  
0.321312  0.946973  2  2  2  2  0.137745  0.990468  
0.684364  0.729141  2  2  2  2  0.823917  0.566711  
0.709407  0.704799  2  2  2  2  0.472727  0.881209  
0.878072  0.478529  2  2  2  2  0.48425  0.874929  
0.375029  0.927013  2  2  2  2  0.764964  0.644073  
0.539777  0.841808  2  2  2  2  0.649091  0.760711  
0.725627  0.688088  2  2  2  2  0.213864  0.976863  
0.87154  0.490324  2  2  2  2  0.973391  0.229149  
0.997921  0.064454  2  2  2  2  0.871519  0.490362  
0.981667  0.190603  2  2  2  2  0.43732  0.899306  
0.989021  0.147775  2  2  2  2  0.0902234  0.995922  
0.884597  0.466356  2  2  2  2  0.733677  0.679499  
0.76499  0.644042  2  2  2  2  0.0601723  0.998188  
0.657982  0.753034  2  2  2  2  0.921465  0.388461  
0.425317  0.905044  2  2  2  2  0.837835  0.545923  
0.938611  0.344977  2  2  2  2  0.915549  0.402205  
0.865017  0.501742  2  2  2  2  0.977623  0.210366  
0.484323  0.874889  2  2  2  2  0.949409  0.314042  
0.802438  0.596735  2  2  2  2  0.630511  0.77618  
0.0601723  0.998188  2  2  2  2  0.989029  0.147722  
0.830923  0.556388  2  2  2  2  0.277887  0.960614  
0.897239  0.441546  2  2  2  2  0.560939  0.827857  
0.915587  0.402119  2  2  2  2  0.81684  0.576864  
0.692747  0.721181  2  2  2  2  0.601637  0.798769  
0.909564  0.415564  2  2  2  2  0.158655  0.987334  
0.741594  0.670849  2  2  2  2  0.246919  0.969036  
0.639792  0.768548  2  2  2  2  0.38794  0.921685  
0.413041  0.910713  2  2  2  2  0.4493  0.893381  
0.977611  0.210421  2  2  2  2  0.95951  0.281674  
0.666858  0.745185  2  2  2  2  0.69281  0.72112  
0.733664  0.679512  2  2  2  2  0.361957  0.932195  
0.67562  0.73725  2  2  2  2  0.518  0.855381  
0.550432  0.83488  2  2  2  2  0.461069  0.887364  
0.968925  0.247354  2  2  2  2  0.550432  0.83488  
0.400607  0.91625  2  2  2  2  0.658124  0.752909  
0.528971  0.84864  2  2  2  2  0.741594  0.670849  
0.60161  0.79879  2  2  2  2  0.675745  0.737135  
0.348741  0.937219  2  2  2  2  0.780181  0.625554  
0.933013  0.359843  2  2  2  2  0.77262  0.634868  
0.495719  0.868483  2  2  2  2  0.997916  0.0645209  
0.46128  0.887255  2  2  2  2  0.878072  0.478529  
0.230795  0.973002  2  2  2  2  0.400567  0.916267  
0.648945  0.760835  2  2  2  2  0.995318  0.0966577  
0.63045  0.77623  2  2  2  2  0.85148  0.524387  
0.94936  0.314189  2  2  2  2  0.968925  0.247354  
0.944059  0.329777  2  2  2  2  0.757258  0.653115  
0.83788  0.545854  2  2  2  2  0.413005  0.910729  
0.954513  0.29817  2  2  2  2  0.321312  0.946973  
0.38794  0.921685  2  2  2  2  0.7176  0.696456  
0.749467  0.662042  2  2  2  2  0.495656  0.868519  
0.795107  0.606469  2  2  2  2  0.528971  0.84864  
0.85157  0.524241  2  2  2  2  0.749439  0.662073  
0.717563  0.696494  2  2  2  2  0.506889  0.862011  
0.506935  0.861984  2  2  2  2  0.903384  0.428832  
0.96431  0.264776  2  2  2  2  0.938627  0.344934  
0.277901  0.96061  2  2  2  2  0.571311  0.820734  
0.903457  0.428678  2  2  2  2  0.927298  0.374324  
0.0904452  0.995901  2  2  2  2  0.33513  0.942172  
0.307196  0.951646  2  2  2  2  0.178032  0.984025  
0.178032  0.984025  2  2  2  2  0.844702  0.535236  
0.780195  0.625536  2  2  2  2  0.992338  0.123551  
0.823917  0.566711  2  2  2  2  0.787686  0.616076  
0.95951  0.281674  2  2  2  2  0.591667  0.806182  
0.26263  0.964896  2  2  2  2  0.196425  0.980519  
0.591667  0.806182  2  2  2  2  0.9441  0.32966  
0.757258  0.653115  2  2  2  2  0.954538  0.298091  
0.985432  0.17007  2  2  2  2  0.981649  0.190697  
0.858308  0.513135  2  2  2  2  0.701184  0.71298  
1  8.71967e-17  2  2  2  2  6.12323e-17  1  
0.973351  0.229321  2  2  2  2  0.26263  0.964896  
0.33513  0.942172  2  2  2  2  0.864937  0.501881  
0.137921  0.990443  2  2  2  2  0.639885  0.768471  
0.772618  0.634871  2  2  2  2  0.34865  0.937253  
0.816851  0.576848  2  2  2  2  0.795107  0.606469  
0.158655  0.987334  2  2  2  2  0.884533  0.466478  
0.362017  0.932171  2  2  2  2  0.425251  0.905075  
0.518016  0.855371  2  2  2  2  0.858241  0.513246  
0.787702  0.616056  2  2  2  2  0.809697  0.586848  
0.621022  0.783793  2  2  2  2  0.375099  0.926985  
0.472909  0.881111  2  2  2  2  0.539777  0.841808  
0.992305  0.123821  2  2  2  2  0.307196  0.951646  
0.246919  0.969036  2  2  2  2  0.611439  0.791292  
0.70117  0.712994  2  2  2  2  1  8.71967e-17  
6.12323e-17  1  2  2  2  2  0.666995  0.745062  
0.196425  0.980519  2  2  2  2  0.96431  0.264776  
0.611377  0.791339  2  2  2  2  0.830914  0.556401  
0.809697  0.586848  2  2  2  2  0.72568  0.688032  
0.581567  0.813499  2  2  2  2  0.709447  0.704759  
0.927314  0.374284  2  2  2  2  0.890915  0.45417  
0.9215  0.388379  2  2  2  2  0.292709  0.956201  
0.891009  0.453985  2  2  2  2  0.581549  0.813511  
0.437452  0.899242  2  2  2  2  0.802438  0.596735  
0.29278  0.95618  2  2  2  2  0.897202  0.44162  
0.213958  0.976843  2  2  2  2  0.115431  0.993316  
0.844766  0.535136  2  2  2  2  0.230663  0.973034  
0.571304  0.820739  2  2  2  2  0.90949  0.415726  
0.115538  0.993303  2  2  2  2  0.985471  0.169843  
0.995294  0.0969027  2  2  2  2  0.621025  0.783791  
0.560939  0.827857  2  2  2  2  0.684344  0.729159  
0.449464  0.893298  2  2  2  2  0.933013  0.359842  
0.321312  0.946973  2  2  2  2  0.137921  0.990443  
0.684235  0.729261  2  2  2  2  0.823917  0.566711  
0.709432  0.704774  2  2  2  2  0.472727  0.881209  
0.878131  0.478421  2  2  2  2  0.484271  0.874918  
0.375099  0.926985  2  2  2  2  0.76499  0.644042  
0.539769  0.841813  2  2  2  2  0.649091  0.760711  
0.725634  0.688081  2  2  2  2  0.213902  0.976855  
0.871604  0.49021  2  2  2  2  0.973372  0.229231  
0.997916  0.0645209  2  2  2  2  0.871546  0.490313  
0.981634  0.190776  2  2  2  2  0.437354  0.899289  
0.989003  0.147897  2.64463  2  2.64463  2  0.0903266  0.995912  
0.884632  0.46629  2.64463  2  2.64463  2  0.733677  0.679499  
0.76499  0.644042  2.64463  2  2.64463  2  0.0601723  0.998188  
0.657982  0.753034  2.64463  2  2.64463  2  0.921485  0.388415  
0.425317  0.905044  2.64463  2  2.64463  2  0.837907  0.545812  
0.938611  0.344977  2.64463  2  2.64463  2  0.915567  0.402166  
0.865017  0.501742  2.64463  2  2.64463  2  0.977615  0.210402  
0.484422  0.874835  2.64463  2  2.64463  2  0.949409  0.314042  
0.802449  0.59672  2.64463  2  2.64463  2  0.630405  0.776267  
0.0603298  0.998179  2.64463  2  2.64463  2  0.989003  0.147897  
0.830923  0.556388  2.64463  2  2.64463  2  0.277887  0.960614  
0.897316  0.441388  2.64463  2  2.64463  2  0.560939  0.827857  
0.915611  0.402065  2.64463  2  2.64463  2  0.816857  0.57684  
0.692747  0.721181  2.64463  2  2.64463  2  0.601575  0.798816  
0.909601  0.415482  2.64463  2  2.64463  2  0.158655  0.987334  
0.741632  0.670807  2.64463  2  2.64463  2  0.246919  0.969036  
0.639739  0.768592  2.64463  2  2.64463  2  0.387948  0.921681  
0.413041  0.910713  2.64463  2  2.64463  2  0.4493  0.893381  
0.977585  0.210543  2.64463  2  2.64463  2  0.959503  0.281698  
0.666858  0.745185  2.64463  2  2.64463  2  0.69281  0.72112  
0.733677  0.679499  2.64463  2  2.64463  2  0.362064  0.932153  
0.67559  0.737277  2.64463  2  2.64463  2  0.518  0.855381  
0.550432  0.83488  2.64463  2  2.64463  2  0.461134  0.887331  
0.968915  0.247393  2.64463  2  2.64463  2  0.550432  0.83488  
0.400607  0.91625  2.64463  2  2.64463  2  0.658101  0.752929  
0.52897  0.848641  2.64463  2  2.64463  2  0.741655  0.670781  
0.601575  0.798816  2.64463  2  2.64463  2  0.675715  0.737163  
0.348741  0.937219  2.64463  2  2.64463  2  0.780214  0.625513  
0.933038  0.359777  2.64463  2  2.64463  2  0.772647  0.634836  
0.495719  0.868483  2.64463  2  2.64463  2  0.997923  0.0644171  
0.46128  0.887255  2.64463  2  2.64463  2  0.878072  0.478529  
0.230819  0.972997  2.64463  2  2.64463  2  0.400567  0.916267  
0.64892  0.760857  2.64463  2  2.64463  2  0.99531  0.0967357  
0.6304  0.77627  2.64463  2  2.64463  2  0.851576  0.524232  
0.94936  0.314189  2.64463  2  2.64463  2  0.968925  0.247354  
0.944059  0.329777  2.64463  2  2.64463  2  0.757258  0.653115  
0.83788  0.545854  2.64463  2  2.64463  2  0.413005  0.910729  
0.95449  0.298243  2.64463  2  2.64463  2  0.321312  0.946973  
0.387978  0.921669  2.64463  2  2.64463  2  0.7176  0.696456  
0.74948  0.662027  2.64463  2  2.64463  2  0.495656  0.868519  
0.795107  0.606469  2.64463  2  2.64463  2  0.528971  0.84864  
0.851593  0.524203  2.64463  2  2.64463  2  0.74948  0.662027  
0.7176  0.696456  2.64463  2  2.64463  2  0.506889  0.862011  
0.506935  0.861984  2.64463  2  2.64463  2  0.903429  0.428737  
0.964297  0.264823  2.64463  2  2.64463  2  0.938627  0.344934  
0.278013  0.960577  2.64463  2  2.64463  2  0.571311  0.820734  
0.903491  0.428608  2.64463  2  2.64463  2  0.927298  0.374324  
0.0904452  0.995901  2.64463  2  2.64463  2  0.33513  0.942172  
0.307234  0.951634  2.64463  2  2.64463  2  0.178045  0.984022  
0.178045  0.984022  2.64463  2  2.64463  2  0.844773  0.535125  
0.780195  0.625536  2.64463  2  2.64463  2  0.992311  0.123773  
0.823917  0.566711  2.64463  2  2.64463  2  0.787686  0.616076  
0.959483  0.281768  2.64463  2  2.64463  2  0.591667  0.806182  
0.262756  0.964862  2.64463  2  2.64463  2  0.196425  0.980519  
0.591667  0.806182  2.64463  2  2.64463  2  0.9441  0.32966  
0.757277  0.653094  2.64463  2  2.64463  2  0.954537  0.298091  
0.985432  0.17007  2.64463  2  2.64463  2  0.981649  0.190697  
0.858355  0.513056  2.64463  2  2.64463  2  0.701184  0.71298  
1  8.71967e-17  2.64463  2  2.64463  2  6.12323e-17  1  
0.973351  0.229321  2.64463  2  2.64463  2  0.26263  0.964896  
0.33522  0.94214  2.64463  2  2.64463  2  0.864976  0.501813  
0.138075  0.990422  2.64463  2  2.64463  2  0.639754  0.76858  
0.772618  0.634871  2.64463  2  2.64463  2  0.348691  0.937238  
0.816851  0.576848  2.64463  2  2.64463  2  0.795107  0.606469  
0.158655  0.987334  2.64463  2  2.64463  2  0.884545  0.466455  
0.362062  0.932154  2.64463  2  2.64463  2  0.425271  0.905066  
0.518016  0.855371  2.64463  2  2.64463  2  0.858304  0.513141  
0.787702  0.616056  2.64463  2  2.64463  2  0.809697  0.586848  
0.620966  0.783837  2.64463  2  2.64463  2  0.375099  0.926985  
0.47292  0.881106  2.64463  2  2.64463  2  0.539777  0.841808  
0.992305  0.123821  2.64463  2  2.64463  2  0.307196  0.951646  
0.247069  0.968998  2.64463  2  2.64463  2  0.611337  0.79137  
0.701161  0.713003  2.64463  2  2.64463  2  1  8.71967e-17  
6.12323e-17  1  2.64463  2  2.64463  2  0.666941  0.745111  
0.196487  0.980506  2.64463  2  2.64463  2  0.964297  0.264823  
0.611337  0.79137  2.64463  2  2.64463  2  0.830956  0.556338  
0.809697  0.586848  2.64463  2  2.64463  2  0.72568  0.688032  
0.581567  0.813499  2.64463  2  2.64463  2  0.709447  0.704759  
0.927349  0.374196  2.64463  2  2.64463  2  0.890915  0.45417  
0.921542  0.388279  2.64463  2  2.64463  2  0.292709  0.956201  
0.891027  0.45395  2.64463  2  2.64463  2  0.581549  0.813511  
0.437484  0.899226  2.64463  2  2.64463  2  0.802438  0.596735  
0.29278  0.95618  2.64463  2  2.64463  2  0.897202  0.44162  
0.213991  0.976836  2.64463  2  2.64463  2  0.115587  0.993297  
0.844773  0.535125  2.64463  2  2.64463  2  0.230722  0.97302  
0.571304  0.820739  2.64463  2  2.64463  2  0.909554  0.415586  
0.115587  0.993297  2.64463  2  2.64463  2  0.985445  0.169994  
0.995294  0.0969027  2.64463  2  2.64463  2  0.620966  0.783837  
0.560942  0.827855  2.64463  2  2.64463  2  0.684306  0.729195  
0.449464  0.893298  2.64463  2  2.64463  2  0.933013  0.359842  
0.32137  0.946954  2.64463  2  2.64463  2  0.138075  0.990422  
0.684213  0.729282  2.64463  2  2.64463  2  0.823952  0.566659  
0.709432  0.704774  2.64463  2  2.64463  2  0.472727  0.881209  
0.878167  0.478354  2.64463  2  2.64463  2  0.484271  0.874918  
0.375099  0.926985  2.64463  2  2.64463  2  0.76499  0.644042  
0.539769  0.841813  2.64463  2  2.64463  2  0.64903  0.760763  
0.72568  0.688032  2.64463  2  2.64463  2  0.213902  0.976855  
0.871633  0.490159  2.64463  2  2.64463  2  0.973372  0.229231  
0.997916  0.0645209  2.64463  2  2.64463  2  0.871572  0.490267  
0.981619  0.190853  2.64463  2  2.64463  2  0.437354  0.899289  
0.988988  0.147994  2.14649  2.1574  2.14649  2.1574  0.0903961  0.995906  
0.884632  0.46629  2.14649  2.1574  2.14649  2.1574  0.733728  0.679444  
0.765008  0.64402  2.14649  2.1574  2.14649  2.1574  0.0602646  0.998182  
0.657919  0.753089  2.14649  2.1574  2.14649  2.1574  0.921485  0.388415  
0.425344  0.905032  2.14649  2.1574  2.14649  2.1574  0.837907  0.545812  
0.938611  0.344977  2.14649  2.1574  2.14649  2.1574  0.915567  0.402166  
0.865033  0.501715  2.14649  2.1574  2.14649  2.1574  0.977615  0.210402  
0.484422  0.874835  2.14649  2.1574  2.14649  2.1574  0.949368  0.314166  
0.802449  0.59672  2.14649  2.1574  2.14649  2.1574  0.630405  0.776267  
0.0603298  0.998179  2.14649  2.1574  2.14649  2.1574  0.988993  0.147964  
0.830956  0.556338  2.14649  2.1574  2.14649  2.1574  0.277887  0.960614  
0.897316  0.441388  2.14649  2.1574  2.14649  2.1574  0.560939  0.827857  
0.91562  0.402046  2.14649  2.1574  2.14649  2.1574  0.816857  0.57684  
0.692738  0.721189  2.14649  2.1574  2.14649  2.1574  0.601535  0.798847  
0.909603  0.415478  2.14649  2.1574  2.14649  2.1574  0.158721  0.987323  
0.741632  0.670807  2.14649  2.1574  2.14649  2.1574  0.246919  0.969036  
0.6397  0.768625  2.14649  2.1574  2.14649  2.1574  0.387981  0.921667  
0.413054  0.910707  2.14649  2.1574  2.14649  2.1574  0.44938  0.893341  
0.977549  0.21071  2.14649  2.1574  2.14649  2.1574  0.959496  0.281723  
0.666794  0.745242  2.14649  2.1574  2.14649  2.1574  0.692787  0.721142  
0.733677  0.679499  2.14649  2.1574  2.14649  2.1574  0.362064  0.932153  
0.675532  0.737331  2.14649  2.1574  2.14649  2.1574  0.518  0.855381  
0.550432  0.83488  2.14649  2.1574  2.14649  2.1574  0.461196  0.887298  
0.968868  0.247578  2.14649  2.1574  2.14649  2.1574  0.550432  0.83488  
0.400607  0.91625  2.14649  2.1574  2.14649  2.1574  0.657981  0.753035  
0.52897  0.848641  2.14649  2.1574  2.14649  2.1574  0.741655  0.670781  
0.601535  0.798847  2.14649  2.1574  2.14649  2.1574  0.675651  0.737222  
0.348808  0.937194  2.14649  2.1574  2.14649  2.1574  0.780214  0.625513  
0.933038  0.359777  2.14649  2.1574  2.14649  2.1574  0.772647  0.634836  
0.495748  0.868466  2.14649  2.1574  2.14649  2.1574  0.997909  0.0646369  
0.46128  0.887255  2.14649  2.1574  2.14649  2.1574  0.878129  0.478424  
0.230853  0.972989  2.14649  2.1574  2.14649  2.1574  0.400567  0.916267  
0.648874  0.760896  2.14649  2.1574  2.14649  2.1574  0.99528  0.0970433  
0.6304  0.77627  2.14649  2.1574  2.14649  2.1574  0.851587  0.524213  
0.949335  0.314266  2.14649  2.1574  2.14649  2.1574  0.968925  0.247354  
0.944059  0.329777  2.14649  2.1574  2.14649  2.1574  0.757294  0.653074  
0.837907  0.545812  2.14649  2.1574  2.14649  2.1574  0.413043  0.910712  
0.954465  0.298324  2.14649  2.1574  2.14649  2.1574  0.321367  0.946955  
0.387978  0.921669  2.14649  2.1574  2.14649  2.1574  0.7176  0.696456  
0.749499  0.662006  2.14649  2.1574  2.14649  2.1574  0.495656  0.868519  
0.795107  0.606469  2.14649  2.1574  2.14649  2.1574  0.528971  0.84864  
0.85162  0.524159  2.14649  2.1574  2.14649  2.1574  0.749518  0.661984  
0.7176  0.696456  2.14649  2.1574  2.14649  2.1574  0.506911  0.861998  
0.506953  0.861974  2.14649  2.1574  2.14649  2.1574  0.903463  0.428666  
0.964208  0.265147  2.14649  2.1574  2.14649  2.1574  0.938627  0.344934  
0.278013  0.960577  2.14649  2.1574  2.14649  2.1574  0.571311  0.820734  
0.903505  0.428578  2.14649  2.1574  2.14649  2.1574  0.927298  0.374324  
0.090552  0.995892  2.14649  2.1574  2.14649  2.1574  0.335209  0.942144  
0.307302  0.951612  2.14649  2.1574  2.14649  2.1574  0.178082  0.984016  
0.178176  0.983999  2.14649  2.1574  2.14649  2.1574  0.844784  0.535107  
0.780214  0.625513  2.14649  2.1574  2.14649  2.1574  0.992288  0.12395  
0.823952  0.566659  2.14649  2.1574  2.14649  2.1574  0.787686  0.616076  
0.959412  0.28201  2.14649  2.1574  2.14649  2.1574  0.591627  0.806212  
0.262756  0.964862  2.14649  2.1574  2.14649  2.1574  0.196425  0.980519  
0.591627  0.806212  2.14649  2.1574  2.14649  2.1574  0.94407  0.329745  
0.757277  0.653094  2.14649  2.1574  2.14649  2.1574  0.954508  0.298185  
0.985411  0.170194  2.14649  2.1574  2.14649  2.1574  0.981649  0.190697  
0.858355  0.513056  2.14649  2.1574  2.14649  2.1574  0.701169  0.712995  
1  8.71967e-17  2.14649  2.1574  2.14649  2.1574  6.12323e-17  1  
0.973309  0.229499  2.14649  2.1574  2.14649  2.1574  0.26263  0.964896  
0.33522  0.94214  2.14649  2.1574  2.14649  2.1574  0.864976  0.501813  
0.138155  0.990411  2.14649  2.1574  2.14649  2.1574  0.639754  0.76858  
0.772639  0.634845  2.14649  2.1574  2.14649  2.1574  0.348739  0.93722  
0.816851  0.576848  2.14649  2.1574  2.14649  2.1574  0.795107  0.606469  
0.158852  0.987302  2.14649  2.1574  2.14649  2.1574  0.884583  0.466383  
0.362165  0.932114  2.14649  2.1574  2.14649  2.1574  0.425271  0.905066  
0.518016  0.855371  2.14649  2.1574  2.14649  2.1574  0.858322  0.513111  
0.787702  0.616056  2.14649  2.1574  2.14649  2.1574  0.809697  0.586848  
0.620936  0.783862  2.14649  2.1574  2.14649  2.1574  0.37515  0.926964  
0.47292  0.881106  2.14649  2.1574  2.14649  2.1574  0.539777  0.841808  
0.992288  0.12395  2.14649  2.1574  2.14649  2.1574  0.307196  0.951646  
0.247069  0.968998  2.14649  2.1574  2.14649  2.1574  0.611284  0.791411  
0.701132  0.713032  2.14649  2.1574  2.14649  2.1574  1  8.71967e-17  
6.12323e-17  1  2.14649  2.1574  2.14649  2.1574  0.666893  0.745153  
0.196487  0.980506  2.14649  2.1574  2.14649  2.1574  0.964297  0.264823  
0.611284  0.791411  2.14649  2.1574  2.14649  2.1574  0.830956  0.556338  
0.809697  0.586848  2.14649  2.1574  2.14649  2.1574  0.72568  0.688032  
0.581549  0.813511  2.14649  2.1574  2.14649  2.1574  0.709447  0.704759  
0.927349  0.374196  2.14649  2.1574  2.14649  2.1574  0.890961  0.45408  
0.921542  0.388279  2.14649  2.1574  2.14649  2.1574  0.292709  0.956201  
0.891027  0.45395  2.14649  2.1574  2.14649  2.1574  0.581549  0.813511  
0.437484  0.899226  2.14649  2.1574  2.14649  2.1574  0.802438  0.596735  
0.292823  0.956167  2.14649  2.1574  2.14649  2.1574  0.897248  0.441526  
0.213991  0.976836  2.14649  2.1574  2.14649  2.1574  0.115587  0.993297  
0.844784  0.535107  2.14649  2.1574  2.14649  2.1574  0.230722  0.97302  
0.571304  0.820739  2.14649  2.1574  2.14649  2.1574  0.909554  0.415586  
0.115678  0.993287  2.14649  2.1574  2.14649  2.1574  0.985435  0.170054  
0.995294  0.0969027  2.14649  2.1574  2.14649  2.1574  0.620936  0.783862  
0.560942  0.827855  2.14649  2.1574  2.14649  2.1574  0.684291  0.729209  
0.449464  0.893298  2.14649  2.1574  2.14649  2.1574  0.933013  0.359842  
0.321442  0.946929  2.14649  2.1574  2.14649  2.1574  0.138075  0.990422  
0.684213  0.729282  2.14649  2.1574  2.14649  2.1574  0.823952  0.566659  
0.709432  0.704774  2.14649  2.1574  2.14649  2.1574  0.472822  0.881158  
0.878208  0.478279  2.14649  2.1574  2.14649  2.1574  0.484271  0.874918  
0.375234  0.92693  2.14649  2.1574  2.14649  2.1574  0.765008  0.64402  
0.539769  0.841813  2.14649  2.1574  2.14649  2.1574  0.648964  0.760819  
0.72568  0.688032  2.14649  2.1574  2.14649  2.1574  0.213923  0.97685  
0.871652  0.490125  2.14649  2.1574  2.14649  2.1574  0.973372  0.229231  
0.997916  0.0645209  2.14649  2.1574  2.14649  2.1574  0.871584  0.490246  
0.981573  0.191088  2.14649  2.1574  2.14649  2.1574  0.437423  0.899256  
0.988959  0.148192  2  2  2  2  0.0903961  0.995906  
0.884657  0.466241  2  2  2  2  0.733728  0.679444  
0.765008  0.64402  2  2  2  2  0.0602646  0.998182  
0.657885  0.753118  2  2  2  2  0.921515  0.388342  
0.425439  0.904987  2  2  2  2  0.837907  0.545812  
0.938611  0.344977  2  2  2  2  0.915572  0.402153  
0.865092  0.501613  2  2  2  2  0.977588  0.210527  
0.484422  0.874835  2  2  2  2  0.949368  0.314166  
0.802449  0.59672  2  2  2  2  0.630405  0.776267  
0.0603298  0.998179  2  2  2  2  0.988993  0.147964  
0.831005  0.556265  2  2  2  2  0.277887  0.960614  
0.897316  0.441388  2  2  2  2  0.560939  0.827857  
0.91562  0.402046  2  2  2  2  0.816857  0.57684  
0.692715  0.721211  2  2  2  2  0.601493  0.798878  
0.909619  0.415443  2  2  2  2  0.158721  0.987323  
0.741632  0.670807  2  2  2  2  0.247014  0.969012  
0.639664  0.768655  2  2  2  2  0.387981  0.921667  
0.413234  0.910625  2  2  2  2  0.44938  0.893341  
0.977526  0.210814  2  2  2  2  0.959474  0.281796  
0.666751  0.745281  2  2  2  2  0.692787  0.721142  
0.733694  0.67948  2  2  2  2  0.362126  0.932129  
0.675532  0.737331  2  2  2  2  0.518  0.855381  
0.550432  0.83488  2  2  2  2  0.461196  0.887298  
0.968838  0.247696  2  2  2  2  0.550432  0.83488  
0.400746  0.916189  2  2  2  2  0.657981  0.753035  
0.52897  0.848641  2  2  2  2  0.741655  0.670781  
0.601493  0.798878  2  2  2  2  0.675651  0.737222  
0.348857  0.937176  2  2  2  2  0.780214  0.625513  
0.933038  0.359777  2  2  2  2  0.772647  0.634836  
0.495748  0.868466  2  2  2  2  0.997909  0.0646369  
0.46128  0.887255  2  2  2  2  0.878154  0.478378  
0.230853  0.972989  2  2  2  2  0.400659  0.916227  
0.648868  0.760901  2  2  2  2  0.99528  0.0970433  
0.630325  0.776331  2  2  2  2  0.851587  0.524213  
0.949335  0.314266  2  2  2  2  0.968917  0.247385  
0.944059  0.329777  2  2  2  2  0.757294  0.653074  
0.837959  0.545734  2  2  2  2  0.413119  0.910677  
0.954452  0.298364  2  2  2  2  0.321367  0.946955  
0.388086  0.921623  2  2  2  2  0.7176  0.696456  
0.749499  0.662006  2  2  2  2  0.49568  0.868505  
0.795107  0.606469  2  2  2  2  0.528971  0.84864  
0.851675  0.524071  2  2  2  2  0.749518  0.661984  
0.7176  0.696456  2  2  2  2  0.506911  0.861998  
0.50696  0.86197  2  2  2  2  0.903463  0.428666  
0.964208  0.265147  2  2  2  2  0.938619  0.344954  
0.278013  0.960577  2  2  2  2  0.571311  0.820734  
0.903505  0.428578  2  2  2  2  0.927321  0.374267  
0.090552  0.995892  2  2  2  2  0.335209  0.942144  
0.307302  0.951612  2  2  2  2  0.178082  0.984016  
0.178176  0.983999  2  2  2  2  0.844784  0.535107  
0.780214  0.625513  2  2  2  2  0.992288  0.12395  
0.823982  0.566616  2  2  2  2  0.787713  0.616043  
0.959412  0.28201  2  2  2  2  0.591601  0.806231  
0.262756  0.964862  2  2  2  2  0.196425  0.980519  
0.591601  0.806231  2  2  2  2  0.94407  0.329745  
0.757287  0.653082  2  2  2  2  0.954484  0.298261  
0.985398  0.170269  2  2  2  2  0.981635  0.19077  
0.858389  0.512999  2  2  2  2  0.701169  0.712995  
1  8.71967e-17  2  2  2  2  6.12323e-17  1  
0.973309  0.229499  2  2  2  2  0.262667  0.964887  
0.335288  0.942116  2  2  2  2  0.865031  0.501718  
0.138155  0.990411  2  2  2  2  0.639754  0.76858  
0.772646  0.634837  2  2  2  2  0.34879  0.937201  
0.816882  0.576805  2  2  2  2  0.795129  0.606441  
0.158852  0.987302  2  2  2  2  0.88462  0.466313  
0.362165  0.932114  2  2  2  2  0.425393  0.905009  
0.518016  0.855371  2  2  2  2  0.858359  0.51305  
0.787702  0.616056  2  2  2  2  0.809697  0.586848  
0.620883  0.783903  2  2  2  2  0.37515  0.926964  
0.47292  0.881106  2  2  2  2  0.539777  0.841808  
0.992272  0.12408  2  2  2  2  0.307234  0.951634  
0.247069  0.968998  2  2  2  2  0.611235  0.791449  
0.701132  0.713032  2  2  2  2  1  8.71967e-17  
6.12323e-17  1  2  2  2  2  0.666877  0.745168  
0.196487  0.980506  2  2  2  2  0.964287  0.26486  
0.611235  0.791449  2  2  2  2  0.830956  0.556338  
0.809697  0.586848  2  2  2  2  0.725734  0.687975  
0.581541  0.813517  2  2  2  2  0.709447  0.704759  
0.927349  0.374196  2  2  2  2  0.890976  0.45405  
0.921542  0.388279  2  2  2  2  0.29275  0.956189  
0.891027  0.45395  2  2  2  2  0.581541  0.813517  
0.437573  0.899183  2  2  2  2  0.802438  0.596735  
0.292827  0.956165  2  2  2  2  0.897248  0.441526  
0.214055  0.976822  2  2  2  2  0.115587  0.993297  
0.844847  0.535009  2  2  2  2  0.230791  0.973003  
0.571304  0.820739  2  2  2  2  0.909554  0.415586  
0.115678  0.993287  2  2  2  2  0.985435  0.170054  
0.99528  0.0970433  2  2  2  2  0.620883  0.783903  
0.560942  0.827855  2  2  2  2  0.684291  0.729209  
0.449536  0.893262  2  2  2  2  0.933029  0.359802  
0.321442  0.946929  2  2  2  2  0.138075  0.990422  
0.684171  0.729321  2  2  2  2  0.823952  0.566659  
0.709432  0.704774  2  2  2  2  0.472822  0.881158  
0.878208  0.478279  2  2  2  2  0.484317  0.874892  
0.375234  0.92693  2  2  2  2  0.765008  0.64402  
0.539769  0.841813  2  2  2  2  0.648964  0.760819  
0.72568  0.688032  2  2  2  2  0.213923  0.97685  
0.871698  0.490043  2  2  2  2  0.973364  0.229266  
0.997909  0.0646369  2  2  2  2  0.871621  0.490181  
0.981573  0.191088  2  2  2  2  0.437447  0.899244  
